1.92652 1.07429
1.64131 2.2857
0.000400009 4
1.45954 2.73477
1.11758 3.31723
0.84934 3.62139
1.2354 3.14565
1.86352 1.45228
1.27992 3.07364
0.252553 3.96798
0.443071 3.90061
1.30087 3.03825
1.57505 2.46514
0.305949 3.95292
1.96804 0.712198
1.51176 2.61884
1.73867 1.97689
0.938831 3.53191
0.702733 3.74495
1.79997 1.74367
1.43529 2.78564
1.89424 1.28353
1.18944 3.21573
1.34003 2.9694
1.78886 1.78882
1.97861 0.58341
0.647087 3.78485
1.83555 1.58838
1.8133 1.68752
1.47744 2.69605
1.62361 2.33572
0.674815 3.76543
0.73048 3.72365
1.90345 1.22782
1.752 1.92924
1.13382 3.29512
1.88573 1.33269
1.05108 3.40307
1.00857 3.45415
1.21102 3.18335
0.479601 3.88329
1.98934 0.41251
1.68943 2.14088
0.91227 3.55964
1.56036 2.50223
0.609872 3.80949
1.70232 2.09998
0.82221 3.64635
1.60487 2.38695
1.94201 0.956215
0.200213 3.97991
0.894205 3.57793
1.09301 3.34982
0.973956 3.4937
1.32281 3.00012
1.99364 0.318851
1.54445 2.5414
1.97336 0.650666
0.785743 3.67837
1.25791 3.10976
0.554034 3.84346
1.16582 3.25015
1.84449 1.54643
1.06817 3.38173
1.87513 1.39123
1.3774 2.90018
1.6712 2.19735
1.71396 2.06139
1.03415 3.42376
1.39708 2.86228
1.41638 2.82409
1.77715 1.83494
1.96323 0.763531
0.991319 3.47407
0.7581 3.7015
1.49485 2.65739
1.7249 2.02456
1.95642 0.830491
0.525909 3.85923
1.85321 1.50416
1.99733 0.206515
1.14985 3.27283
0.130364 3.99149
0.397161 3.92034
1.94871 0.900105
1.65844 2.23568
1.93456 1.01483
1.59042 2.42534
2 0.000200575
0.956459 3.51294
1.36402 2.92536
1.98498 0.489342
0.351764 3.93765
1.52833 2.58008
1.91093 1.18039
0.876557 3.59537
0.581961 3.82692
1.82591 1.63225
1.91897 1.12706
1.76475 1.88218
