0.107363 0.824503
0.785688 0.113801
0.298977 0.46384
0.407416 0.37769
0.454343 0.334674
0.476528 0.323114
0.638534 0.283367
0.54593 0.272759
0.602876 0.258176
0.151432 0.665012
0.785688 0.113801
0.638534 0.283367
0.298977 0.46384
0.454343 0.334674
0.602876 0.258176
0.407416 0.37769
0.107363 0.824503
0.476528 0.323114
0.151432 0.665012
0.54593 0.272759
0.107363 0.824503
0.476528 0.323114
0.298977 0.46384
0.151432 0.665012
0.638534 0.283367
0.454343 0.334674
0.54593 0.272759
0.407416 0.37769
0.785688 0.113801
0.602876 0.258176
0.454343 0.334674
0.785688 0.113801
0.602876 0.258176
0.107363 0.824503
0.54593 0.272759
0.638534 0.283367
0.407416 0.37769
0.476528 0.323114
0.151432 0.665012
0.298977 0.46384
0.476528 0.323114
0.785688 0.113801
0.151432 0.665012
0.54593 0.272759
0.638534 0.283367
0.602876 0.258176
0.407416 0.37769
0.454343 0.334674
0.298977 0.46384
0.107363 0.824503
0.54593 0.272759
0.602876 0.258176
0.298977 0.46384
0.407416 0.37769
0.454343 0.334674
0.638534 0.283367
0.476528 0.323114
0.151432 0.665012
0.785688 0.113801
0.107363 0.824503
0.407416 0.37769
0.454343 0.334674
0.298977 0.46384
0.54593 0.272759
0.476528 0.323114
0.602876 0.258176
0.151432 0.665012
0.107363 0.824503
0.638534 0.283367
0.785688 0.113801
0.407416 0.37769
0.476528 0.323114
0.54593 0.272759
0.785688 0.113801
0.638534 0.283367
0.602876 0.258176
0.298977 0.46384
0.151432 0.665012
0.107363 0.824503
0.454343 0.334674
0.454343 0.334674
0.151432 0.665012
0.298977 0.46384
0.602876 0.258176
0.407416 0.37769
0.107363 0.824503
0.476528 0.323114
0.638534 0.283367
0.54593 0.272759
0.785688 0.113801
0.785688 0.113801
0.151432 0.665012
0.107363 0.824503
0.454343 0.334674
0.476528 0.323114
0.54593 0.272759
0.602876 0.258176
0.407416 0.37769
0.638534 0.283367
0.298977 0.46384
