0.16128 0.838858
0.724151 0.27586
0.770452 0.22955
0.996014 0.00398817
0.611973 0.38804
0.667232 0.332778
0.536166 0.463837
0.91393 0.0860757
0.35185 0.648164
0.849687 0.150322
0.667232 0.332778
0.16128 0.838858
0.849687 0.150322
0.35185 0.648164
0.996014 0.00398817
0.770452 0.22955
0.724151 0.27586
0.91393 0.0860757
0.536166 0.463837
0.611973 0.38804
0.667232 0.332778
0.770452 0.22955
0.611973 0.38804
0.996014 0.00398817
0.35185 0.648164
0.849687 0.150322
0.16128 0.838858
0.536166 0.463837
0.91393 0.0860757
0.724151 0.27586
0.35185 0.648164
0.724151 0.27586
0.667232 0.332778
0.849687 0.150322
0.770452 0.22955
0.91393 0.0860757
0.996014 0.00398817
0.16128 0.838858
0.536166 0.463837
0.611973 0.38804
0.770452 0.22955
0.667232 0.332778
0.91393 0.0860757
0.16128 0.838858
0.35185 0.648164
0.996014 0.00398817
0.536166 0.463837
0.724151 0.27586
0.849687 0.150322
0.611973 0.38804
0.849687 0.150322
0.770452 0.22955
0.35185 0.648164
0.724151 0.27586
0.996014 0.00398817
0.667232 0.332778
0.611973 0.38804
0.536166 0.463837
0.91393 0.0860757
0.16128 0.838858
0.996014 0.00398817
0.770452 0.22955
0.16128 0.838858
0.35185 0.648164
0.91393 0.0860757
0.667232 0.332778
0.611973 0.38804
0.536166 0.463837
0.724151 0.27586
0.849687 0.150322
0.770452 0.22955
0.35185 0.648164
0.536166 0.463837
0.611973 0.38804
0.91393 0.0860757
0.16128 0.838858
0.724151 0.27586
0.667232 0.332778
0.849687 0.150322
0.996014 0.00398817
0.611973 0.38804
0.667232 0.332778
0.91393 0.0860757
0.849687 0.150322
0.536166 0.463837
0.996014 0.00398817
0.770452 0.22955
0.16128 0.838858
0.35185 0.648164
0.724151 0.27586
0.536166 0.463837
0.667232 0.332778
0.996014 0.00398817
0.35185 0.648164
0.724151 0.27586
0.770452 0.22955
0.16128 0.838858
0.91393 0.0860757
0.849687 0.150322
0.611973 0.38804
