1.357 2.9384
1.53347 2.56784
2 0.00239946
1.81812 1.66664
0.903306 3.56877
1.92388 1.09304
1.687 2.14851
0.600952 3.81516
0.000830457 4
1.14971 3.27302
1.53347 2.56784
0.000830457 4
1.81812 1.66664
0.600952 3.81516
0.903306 3.56877
1.687 2.14851
1.14971 3.27302
2 0.00239946
1.357 2.9384
1.92388 1.09304
0.903306 3.56877
1.14971 3.27302
2 0.00239946
1.687 2.14851
1.53347 2.56784
0.600952 3.81516
1.81812 1.66664
1.357 2.9384
1.92388 1.09304
0.000830457 4
1.687 2.14851
1.92388 1.09304
0.903306 3.56877
1.14971 3.27302
0.000830457 4
0.600952 3.81516
1.53347 2.56784
1.357 2.9384
2 0.00239946
1.81812 1.66664
1.53347 2.56784
1.81812 1.66664
0.903306 3.56877
1.92388 1.09304
0.000830457 4
2 0.00239946
0.600952 3.81516
1.687 2.14851
1.14971 3.27302
1.357 2.9384
1.357 2.9384
1.92388 1.09304
1.53347 2.56784
0.000830457 4
1.687 2.14851
0.600952 3.81516
0.903306 3.56877
1.81812 1.66664
2 0.00239946
1.14971 3.27302
1.14971 3.27302
1.81812 1.66664
1.53347 2.56784
0.903306 3.56877
0.600952 3.81516
0.000830457 4
1.357 2.9384
1.687 2.14851
1.92388 1.09304
2 0.00239946
1.53347 2.56784
1.357 2.9384
0.600952 3.81516
1.81812 1.66664
0.903306 3.56877
0.000830457 4
1.14971 3.27302
1.687 2.14851
1.92388 1.09304
2 0.00239946
2 0.00239946
1.357 2.9384
1.53347 2.56784
1.687 2.14851
1.14971 3.27302
0.600952 3.81516
1.92388 1.09304
0.000830457 4
1.81812 1.66664
0.903306 3.56877
1.357 2.9384
2 0.00239946
0.600952 3.81516
0.903306 3.56877
1.687 2.14851
1.81812 1.66664
1.92388 1.09304
1.53347 2.56784
0.000830457 4
1.14971 3.27302
