0.857925 2.30709
0.709003 3.01554
0.682761 3.21407
0.137568 5.45599
0.670158 3.30779
0.702008 3.06847
0.689106 3.16624
0.639525 3.5258
0.699205 3.08972
0.704637 3.04855
0.695801 3.11553
0.704471 3.04981
0.697663 3.10141
0.708212 3.02152
0.705687 3.0406
0.693146 3.13566
0.706435 3.03494
0.705414 3.04266
0.701119 3.07521
0.702926 3.06151
0.7087 3.01917
0.707097 3.02994
0.708312 3.02076
0.708875 3.01651
0.702419 3.06535
0.706512 3.03436
0.708831 3.01684
0.704132 3.05237
0.706892 3.03149
0.70683 3.03196
0.70615 3.0371
0.703736 3.05537
0.706677 3.03311
0.704898 3.04657
0.708462 3.01963
0.706941 3.03112
0.707218 3.02903
0.70773 3.02515
0.705931 3.03875
0.708412 3.02001
0.707754 3.02497
0.705523 3.04184
0.708074 3.02256
0.703485 3.05727
0.842127 2.31864
0.19823 12.1938
0.52522 11.7056
0.7433 11.5037
0.490804 11.7346
0.493784 12.8293
0.151453 12.9479
0.978223 12.3866
0.864504 10.6292
0.453587 13.0894
0.097826 12.9825
0.143923 10.8541
0.334606 12.0542
0.219176 12.5592
0.559782 12.7735
0.378341 12.9109
0.433103 11.9341
0.0679308 12.8614
0.340569 11.7149
0.110519 11.7892
0.711792 12.091
0.414059 12.7187
0.953805 11.3579
0.626799 14.4528
0.883032 10.4136
0.297632 12.873
0.734868 10.3065
0.148972 13.4408
0.0652333 13.4329
0.7284 11.7692
0.290735 10.8164
0.595743 13.0941
0.43753 11.418
0.0593598 12.2961
0.0935986 13.2957
0.349495 13.0665
0.644075 11.32
0.620328 12.2842
0.916322 11.1103
0.343854 13.9789
0.694745 12.8422
0.737825 11.2711
0.14502 11.902
0.279107 14.1677
0.177986 12.288
0.57547 12.0727
0.446633 13.6934
0.455947 13.3803
0.49878 14.4106
0.073603 13.0614
0.246012 13.5868
0.671008 11.7439
0.408959 11.4137
0.729979 11.1279
0.847053 13.014
0.937104 12.083
