1.84852 1.52735
1.87099 1.41359
1.63187 2.33062
0.514404 4.3895
1.86744 1.43227
1.86778 1.4306
1.85387 1.50119
1.7527 1.93828
1.86072 1.46729
1.85957 1.47269
1.8627 1.45674
1.86394 1.45084
1.85512 1.49495
1.85238 1.50851
1.79562 1.76605
1.85722 1.48463
1.85807 1.48032
1.87068 1.4157
1.8459 1.53991
1.86984 1.41968
1.86765 1.43117
1.81514 1.67988
1.8666 1.43687
1.8427 1.55559
1.86551 1.4423
1.85626 1.4893
1.86448 1.44807
1.83293 1.60158
1.86013 1.46989
1.86118 1.46468
1.8685 1.42674
1.86303 1.45513
1.86635 1.43795
1.86415 1.4494
1.8261 1.63338
1.83853 1.57495
1.85063 1.51714
1.86941 1.42221
1.86642 1.43772
1.8648 1.44613
1.862 1.46033
1.8616 1.46254
1.86919 1.4233
1.87071 1.41531
1.87055 1.41616
1.86964 1.42091
1.87009 1.41837
1.86246 1.45804
1.86566 1.44149
1.86898 1.42422
1.86613 1.43966
2 0.000157049
1.86771 1.43083
1.86523 1.44398
1.86497 1.44533
1.85885 1.47631
1.86542 1.44291
1.86461 1.44708
1.86849 1.42701
1.87023 1.41782
1.86334 1.45357
1.8682 1.42831
2 0.000153909
1.86585 1.44098
1.86687 1.43539
1.86994 1.41921
1.86876 1.42561
1.87032 1.41713
1.86674 1.43602
1.86809 1.42891
1.86815 1.42859
1.8689 1.42498
1.86974 1.42032
1.86594 1.44032
1.86698 1.43472
1.86948 1.42158
1.86923 1.4229
1.87045 1.4165
1.86664 1.43659
1.8671 1.43428
1.86914 1.42358
1.86858 1.4263
1.8693 1.42274
1.86753 1.43195
1.87074 1.41518
1.87087 1.41446
1.86362 1.45206
1.86906 1.424
1.87042 1.4168
1.86619 1.43881
1.87005 1.41878
1.86894 1.42454
1.8673 1.433
1.87029 1.41743
1.87057 1.41584
1.8709 1.41425
1.86718 1.4337
1.86967 1.42059
1.86997 1.41903
1.86989 1.41943
