0.26989  1.15718  0.442467  1.11331  
0.221279  1.13381  0.374299  1.17909  
0.418017  1.10524  0.1995  1.14257  
0.66795  0.895495  0.802469  0.782369  
0.784932  0.706398  0.430201  1.07881  
0.459469  1.06936  0.97754  0.57451  
0.353899  1.10258  0.474877  1.04786  
0.668587  0.921756  0.702736  0.863985  
1.0703  0.372779  1.11111  0.341464  
1.07682  0.385819  1.18528  0.181101  
0.539969  1.05204  0.481056  1.08773  
0.806061  0.840979  0.732673  0.830598  
0.901278  0.622587  0.783291  0.815495  
0.942288  0.588873  0.627558  0.952578  
1.08816  0.30867  0.207251  1.18107  
0.937179  0.586684  0.994943  0.482812  
0.747351  0.781816  0.500646  1.032  
0.296193  1.21077  0.154388  1.19434  
0.964567  0.551317  0.346587  1.12959  
1.12984  0.268084  0.210945  1.12939  
0.526315  1.0764  0.461445  1.03463  
0.424503  1.13569  0.304617  1.14401  
0.400302  1.08084  0.538788  1.01773  
1.08674  0.326015  1.00946  0.390821  
0.601605  0.964279  1.09533  0.300042  
0.679001  0.9026  0.913909  0.637589  
1.09958  0.314611  0.964499  0.539087  
1.04094  0.350096  0.589568  1.03495  
0.369595  1.13338  0.984682  0.522546  
0.979364  0.455398  0.625334  0.974044  
0.788922  0.760155  0.929202  0.556789  
0.327538  1.1437  0.907808  0.630619  
0.293601  1.15843  0.418408  1.13835  
0.242884  1.0927  0.209172  1.16426  
1.16547  0.268636  1.10485  0.296994  
0.416781  1.12284  0.57332  1.03359  
0.491021  1.09558  0.816423  0.809263  
0.916687  0.614373  0.66753  0.977962  
1.18004  0.181008  1.13594  0.188218  
0.200178  1.14407  0.39975  1.08525  
0.222142  1.19916  0.787156  0.793423  
0.952258  0.573292  0.372196  1.15746  
0.434814  1.07738  0.327206  1.14091  
0.99286  0.46859  0.496219  1.1096  
0.625182  0.984514  0.769711  0.823702  
1.01106  0.444591  1.15789  0.189765  
0.69017  0.871299  0.95636  0.581786  
0.910837  0.668833  0.572219  0.987414  
0.65022  0.959003  0.351981  1.13966  
0.726014  0.833149  0.328696  1.13971  
0.973759  0.528483  0.728527  0.794682  
0.273051  1.11309  0.454973  1.11844  
1.03823  0.358607  0.943167  0.596639  
1.12184  0.228265  0.529026  1.0452  
0.567263  1.03934  0.457991  1.12478  
0.623017  0.968338  0.719782  0.907703  
1.07347  0.305172  0.92491  0.561066  
0.828149  0.779808  0.336799  1.15191  
0.655  0.943433  0.535734  1.01551  
1.0153  0.413348  0.442824  1.12898  
0.623871  0.95521  1.13377  0.288823  
0.780242  0.717236  0.742094  0.84859  
1.12768  0.27962  0.560581  1.05019  
0.17961  1.19234  0.225554  1.16502  
0.441611  1.09524  0.344666  1.16497  
0.774229  0.771511  0.758762  0.83922  
0.454433  1.09853  0.964322  0.590582  
0.722066  0.860118  0.832438  0.750156  
0.559896  1.0471  0.973837  0.585095  
0.157444  1.18112  0.774046  0.758493  
0.344129  1.12641  0.317451  1.15679  
0.825171  0.749737  0.616639  0.96305  
0.664578  0.951917  0.989037  0.481748  
0.460159  1.05996  0.860704  0.72363  
0.826617  0.707746  0.969475  0.483348  
1.15431  0.181713  0.605209  0.962837  
0.508028  1.02713  0.691386  0.944742  
0.631822  0.973604  0.449662  1.10531  
1.10638  0.312967  0.358978  1.13275  
0.662949  0.951209  0.239816  1.16181  
0.360038  1.14521  0.644006  0.905328  
0.521387  1.00108  0.841117  0.691938  
0.201774  1.15108  0.619063  0.960945  
0.793056  0.773514  1.19152  0.244325  
0.817886  0.730393  0.256691  1.14451  
0.938437  0.560539  0.214242  1.15969  
0.32783  1.13011  0.96729  0.543363  
0.307534  1.14077  0.743025  0.800794  
0.757798  0.853152  1.18333  0.238824  
0.641263  0.950755  0.426384  1.114  
0.571849  1.01291  0.67482  0.921481  
0.813739  0.770949  0.764323  0.723048  
0.779565  0.802912  0.820701  0.754985  
1.04695  0.392158  0.863928  0.722732  
0.677381  0.871318  1.02202  0.3657  
0.569963  1.00338  0.954628  0.579791  
0.257003  1.15059  0.510211  1.07877  
1.00748  0.519584  1.12746  0.334885  
0.505283  1.031  0.859716  0.633913  
0.579573  0.966634  1.01255  0.489189  
0.441933  1.06866  0.497925  0.980771  
1.07056  0.430022  0.969909  0.591602  
0.619342  0.927718  0.80113  0.75374  
0.393282  1.12004  0.626971  0.964129  
0.124784  1.1484  0.736112  0.891349  
0.982739  0.509418  0.997931  0.47148  
0.499919  0.956754  0.141924  1.10484  
0.513929  0.944353  0.840927  0.726016  
0.613835  0.944457  0.162713  1.13402  
0.330845  1.1659  0.252729  1.14654  
0.441933  1.06866  0.441933  1.06866  
0.499919  0.956754  0.393282  1.12004  
0.170362  1.09726  0.330845  1.1659  
0.124784  1.1484  0.613835  0.944457  
0.982739  0.509418  0.170362  1.09726  
0.330845  1.1659  0.124784  1.1484  
0.513929  0.944353  0.513929  0.944353  
0.613835  0.944457  1.07056  0.421208  
1.07056  0.421208  0.982739  0.509418  
0.393282  1.12004  0.499919  0.956754  
0.740853  0.550231  0.513929  0.944353  
0.46359  0.828312  0.499919  0.956754  
0.575306  0.711849  0.124784  1.1484  
0.0233421  1.03008  0.613835  0.944457  
0.354047  0.926537  0.330845  1.1659  
0.379742  0.902404  0.619342  0.927718  
1.02507  0.0213309  0.441933  1.06866  
0.182241  0.993385  1.07056  0.421208  
0.0818829  1.01347  0.982739  0.509418  
0.095476  1.02398  0.393282  1.12004  
0.666539  0.558649  0.354047  0.926537  
0.9563  0.0891076  0.182241  0.993385  
0.401969  0.842486  0.379742  0.902404  
0.0964837  0.991971  1.02507  0.0213309  
0.729703  0.473422  0.575306  0.711849  
0.454427  0.796493  0.095476  1.02398  
0.865964  0.251939  0.0818829  1.01347  
1.00261  0.000843148  0.0233421  1.03008  
0.0058225  1.00308  0.474205  1.12585  
0.782242  0.38965  0.740853  0.550231  
0.60372  0.921197  0.0964837  0.991971  
0.774991  0.767014  0.959011  0.0891076  
0.414447  1.04198  0.782242  0.38965  
0.374255  1.13333  0.454427  0.796493  
0.999915  0.48164  1.00261  0.000843148  
0.740042  0.79065  0.666539  0.558649  
0.756574  0.830286  0.729703  0.473422  
0.87887  0.670491  0.0058225  1.00308  
0.796889  0.775898  0.865964  0.251939  
0.863159  0.649404  0.401969  0.842486  
0.52851  0.976361  0.999915  0.48164  
0.514991  0.947851  0.374255  1.13333  
0.6019  0.975905  0.774991  0.767014  
0.749613  0.72637  0.740042  0.79065  
0.467016  0.967219  0.863159  0.649404  
0.212963  1.17909  0.756574  0.830286  
0.528628  1.044  0.782077  0.775898  
0.211426  1.11862  0.87887  0.670491  
0.428928  1.06087  0.60372  0.921197  
0.799507  0.662744  0.414447  1.04198  
1.04677  0.0601999  0.428928  1.06087  
0.433748  1.10406  0.211426  1.11862  
0.759175  0.580165  0.514991  0.947851  
1.06608  0.437082  0.467016  0.967219  
1.02316  0.467466  0.528628  1.044  
0.0464204  1.05081  0.212963  1.17909  
0.232422  1.07724  0.52851  0.974851  
0.521903  0.873593  0.749613  0.72637  
0.656885  0.799493  0.799507  0.662744  
0.6978  0.959756  0.6019  0.975905  
0.463665  0.834845  0.772954  0.677136  
0.182632  1.00248  0.72881  0.796351  
0.106872  1.02398  0.641955  0.879546  
0.397516  0.911885  0.399092  1.15047  
0.44425  1.01741  0.693485  0.923966  
0.435148  0.988291  0.75141  0.866433  
1.02488  0.0213309  0.370415  1.11038  
0.0818829  1.02287  1.06634  0.32984  
0.740853  0.550358  0.386009  1.14462  
0.58789  0.990676  0.784682  0.816621  
0.252729  1.14654  0.433748  1.10406  
0.969909  0.591602  0.759175  0.580165  
0.141924  1.10484  0.232422  1.07724  
0.997931  0.47148  1.04677  0.0601999  
0.736112  0.891349  0.6978  0.959756  
0.626971  0.964129  0.0464204  1.05081  
0.162713  1.13402  1.02316  0.467466  
0.840927  0.726016  0.656885  0.799493  
0.789088  0.753461  1.06608  0.437082  
0.497925  0.980771  0.527539  0.875742  
0.75141  0.866433  0.106872  1.02398  
0.72881  0.796351  1.02488  0.0213309  
0.370415  1.11038  0.58789  0.990676  
0.693485  0.923966  0.435154  0.991633  
0.399092  1.15047  0.182632  1.00248  
0.386009  1.14462  0.44425  1.01741  
1.06634  0.32984  0.463665  0.834845  
0.754862  0.676646  0.0818829  1.02287  
0.641955  0.879546  0.397516  0.911885  
0.784682  0.816621  0.740853  0.550358  
0.524114  0.846087  0.340092  0.97326  
0.785612  0.490423  0.0387867  1.02899  
1.01737  0.0173091  1.01737  0.0173091  
0.841503  0.374598  0.587283  0.699735  
0.340092  0.97326  0.130665  1.10771  
0.0387867  1.02899  0.785612  0.490423  
0.587283  0.699735  1.03274  0.419647  
0.451367  0.843607  0.841503  0.374598  
0.847383  0.422762  0.524114  0.846087  
0.130665  1.10771  0.847383  0.422762  
1.03168  0.0714813  0.49866  0.795202  
1.06391  0.10746  1.06391  0.10746  
0.00401693  1.00896  0.792269  0.40381  
0.825806  0.351636  0.582264  0.683731  
1.11796  0.0746353  1.11796  0.0746353  
1.00375  0.000276056  0.825806  0.351636  
0.49866  0.795202  1.03168  0.0714813  
0.792269  0.40381  0.936745  0.213558  
0.582264  0.683731  0.00401693  1.00896  
0.936745  0.213558  1.03005  0.0089936  
0.332667  0.958364  0.796927  0.411332  
0.842018  0.393093  0.927097  0.230175  
0.742102  0.487579  0.58905  0.70072  
1.01741  0.345957  1.01811  0.345957  
0.796927  0.411332  0.842018  0.393093  
1.03125  0.00323697  1.03125  0.00323697  
0.951854  0.577427  0.742102  0.487579  
0.58905  0.70072  0.951854  0.577427  
0.927097  0.230175  0.332667  0.958364  
0.518641  0.798976  0.518641  0.798976  
1.01806  0.000276056  0.497565  0.815565  
0.428779  0.864735  1.03028  0.0848003  
1.03028  0.0848003  1.01806  0.000276056  
0.543847  1.00925  0.993409  0.248905  
0.0140173  1.0315  0.917751  0.221495  
0.825752  0.351815  0.358191  1.1233  
0.358191  1.1233  0.428779  0.864735  
0.497565  0.815565  0.543847  1.00925  
0.917751  0.221495  0.825752  0.351815  
0.993409  0.248905  0.0385329  1.0315  
0.41409  0.842927  0.826929  0.353746  
0.795254  0.403273  0.795254  0.403273  
0.329582  0.923427  0.581189  0.68247  
0.000262302  1.00255  1.0032  0.000209033  
0.826929  0.353746  0.000262302  1.00255  
0.911229  0.2022  0.911229  0.2022  
0.499137  0.790018  0.423859  0.842927  
1.0032  0.000209033  0.737513  0.487579  
0.737513  0.487579  0.329582  0.923427  
0.581189  0.68247  0.499137  0.790018  
0.969599  0.0829676  0.810005  0.353372  
0.524455  0.73291  0.000279883  1.00029  
0.417868  0.834072  0.417868  0.834072  
0.000279883  1.00029  1.01133  0.00411011  
0.644966  0.586887  0.524455  0.73291  
1.00186  0.00026681  0.302211  0.921313  
0.810005  0.353372  0.943804  0.120131  
0.606926  0.647594  0.969599  0.0829676  
0.943804  0.120131  0.606926  0.647594  
0.302211  0.921313  0.644966  0.586887  
1.03168  0.0714813  1.06391  0.10746  
0.582264  0.683731  1.03168  0.0714813  
0.792269  0.40381  1.01353  0.000276056  
0.825806  0.351636  0.00401693  1.00896  
1.11848  0.0744912  0.792269  0.40381  
1.00375  0.000276056  0.582264  0.683731  
1.06391  0.10746  0.936745  0.213558  
0.49866  0.795202  1.11848  0.0744912  
0.936745  0.213558  0.825806  0.351636  
0.00401693  1.00896  0.49866  0.795202  
0.531784  1.00925  0.917751  0.221495  
0.917751  0.221495  0.825752  0.351815  
1.03028  0.0777639  0.993409  0.248905  
0.825752  0.351815  0.497565  0.815565  
1.01806  0.000276056  0.531784  1.00925  
0.428779  0.864735  0.0140173  1.03023  
0.798444  0.411345  0.798444  0.411345  
0.0140173  1.03023  0.428779  0.864735  
0.497565  0.815565  1.03028  0.0777639  
0.993409  0.248905  1.02585  0.0124487  
0.825806  0.351636  0.00401693  1.00896  
0.00401693  1.00896  0.795907  0.40381  
0.49866  0.795202  0.191654  1.15928  
0.386994  1.09565  0.936745  0.211246  
0.795907  0.40381  1.00375  0.000276056  
0.936745  0.211246  0.386994  1.09565  
1.00375  0.000276056  0.582264  0.683731  
0.582264  0.683731  0.825806  0.351636  
1.11848  0.0836128  0.49866  0.795202  
0.191654  1.15928  1.11848  0.0836128  
0.531784  1.00925  0.798444  0.411345  
0.917751  0.221495  0.0140173  1.03023  
1.03028  0.0777639  0.917751  0.221495  
0.798444  0.411345  0.538744  1.00412  
1.01806  0.000276056  1.03028  0.0777639  
0.428779  0.864735  1.01806  0.000276056  
0.497565  0.815565  0.497565  0.815565  
0.0140173  1.03023  0.993409  0.248905  
0.831238  0.351483  0.831238  0.351483  
0.993409  0.248905  0.428779  0.864735  
0.689527  0.531939  0.579606  0.670765  
0.488822  0.772744  1.00001  0.000102606  
0.334242  0.891407  0.689527  0.531939  
0.579344  0.670765  7.63823e-05  1.00001  
0.895776  0.209208  0.786858  0.390759  
0.719938  0.547957  0.908906  0.209348  
7.63823e-05  1.00001  1.08776  0.346115  
0.136372  1.14434  1.16275  0.165896  
0.218646  0.961345  0.334242  0.891407  
1.00001  0.000102606  0.218579  0.980747  
0.218579  0.980747  0.786858  0.390445  
0.579606  0.670765  0.218646  0.960997  
0.895776  0.209348  0.717582  0.551309  
0.334242  0.891407  0.689527  0.531939  
1.08776  0.346115  0.895776  0.21985  
1.16275  0.165896  0.334242  0.891407  
7.63823e-05  1.00001  0.488822  0.772744  
1.00001  0.000102606  0.579344  0.670765  
0.689527  0.531939  7.63823e-05  1.00001  
0.786858  0.390759  1.00001  0.000102606  
0.689527  0.531939  7.63823e-05  1.00001  
0.895776  0.209124  1.019  0.000102606  
0.579344  0.670765  0.136372  1.14434  
7.63823e-05  1.00001  0.334242  0.891407  
0.334242  0.891407  0.719938  0.547957  
0.717582  0.551309  0.218646  0.961345  
0.488822  0.772744  0.689527  0.531939  
0.786858  0.390445  0.579344  0.670765  
0.218646  0.960997  0.488822  0.772744  
1.00001  0.000102606  0.895776  0.209208  
0.579344  0.670765  0.488822  0.772744  
0.334242  0.891407  0.689527  0.531939  
0.488822  0.772744  7.63823e-05  1.00001  
7.63823e-05  1.00001  0.218646  0.960997  
0.895776  0.209124  1.00001  0.000102606  
0.702478  0.551309  0.895776  0.209124  
1.00001  0.000102606  0.702478  0.551309  
0.786858  0.390445  0.334242  0.891407  
0.218646  0.960997  0.786858  0.390445  
0.689527  0.531939  0.598392  0.705938  
0.941625  0.116163  0.941625  0.116163  
1.00001  8.89838e-05  0.602059  0.639713  
0.521484  0.730766  1.01544  0.00417801  
0.963549  0.0760081  0.963549  0.0760081  
0.296924  0.91318  0.806222  0.351475  
0.413139  0.831119  0.296924  0.91318  
7.98749e-05  1.00001  7.98749e-05  1.00001  
0.806222  0.351475  0.521484  0.730766  
0.644262  0.586282  0.644262  0.586282  
0.602059  0.639713  0.413139  0.831119  
0.579344  0.670765  0.895776  0.209124  
0.786858  0.390445  0.579344  0.670765  
0.334242  0.891407  0.786858  0.390445  
0.693377  0.547515  1.00001  0.000102606  
0.895776  0.209124  0.237683  0.960997  
0.702478  0.551309  0.693377  0.547515  
0.488822  0.772744  7.63823e-05  1.00001  
7.63823e-05  1.00001  0.702478  0.551309  
0.218646  0.960997  0.334242  0.891407  
1.00001  0.000102606  0.488822  0.772744  
1.16426  0.265839  0.786858  0.390445  
0.786858  0.390445  0.341623  0.913572  
0.579344  0.670765  0.488822  0.772744  
0.671077  0.921922  0.579344  0.670765  
0.488822  0.772744  0.671077  0.921922  
0.895776  0.209124  1.00001  0.000102606  
0.341623  0.913572  7.63823e-05  1.00001  
7.63823e-05  1.00001  0.689527  0.531939  
0.689527  0.531939  0.900824  0.209124  
1.00001  0.000102606  1.16426  0.265839  
0.218579  0.980747  0.218579  0.980747  
7.63823e-05  1.00001  0.334242  0.891407  
1.16275  0.165896  1.08776  0.336909  
0.689527  0.531939  0.579606  0.670765  
1.08776  0.336909  7.63823e-05  1.00001  
0.579606  0.670765  0.786858  0.390759  
0.334242  0.891407  1.00001  0.000102606  
0.786858  0.390759  1.16275  0.165896  
1.00001  0.000102606  0.895776  0.226285  
0.895776  0.209348  0.689527  0.531939  
0.895776  0.209208  0.218646  0.961345  
0.334242  0.891407  0.579344  0.670765  
0.488822  0.772744  1.00001  0.000102606  
0.689527  0.531939  7.63823e-05  1.00001  
1.00001  0.000102606  0.136372  1.14434  
0.719938  0.547957  0.719938  0.547957  
7.63823e-05  1.00001  0.907438  0.209208  
0.218646  0.961345  0.334242  0.891407  
0.579344  0.670765  0.488822  0.772744  
0.136372  1.14434  0.689527  0.531939  
0.417869  0.832921  0.96807  0.0934343  
0.297807  0.918248  0.297807  0.918248  
0.648933  0.590316  0.0209035  1.06187  
1.00001  0.000101896  1.00001  0.000101896  
0.602059  0.639608  0.602059  0.639608  
0.807289  0.351475  8.23128e-05  1.00001  
8.23128e-05  1.00001  0.807289  0.351475  
0.766303  0.533603  0.417869  0.832921  
0.96807  0.0934343  0.78255  0.533603  
0.0209035  1.06187  0.648933  0.590316  
0.893736  0.202637  0.893736  0.202637  
6.46352e-05  1.00001  0.485045  0.766228  
1.00001  7.6679e-05  0.2142  0.954831  
0.485045  0.766228  0.577851  0.667045  
0.577851  0.667045  0.332552  0.890133  
0.996499  0.0510255  0.782819  0.388758  
0.782819  0.388758  0.687567  0.52832  
0.2142  0.954831  1.0105  0.00105043  
0.687567  0.52832  6.46352e-05  1.00001  
0.332552  0.890133  0.996499  0.0510255  
0.2142  0.954831  0.976879  0.0510255  
0.485045  0.766228  6.46352e-05  1.00001  
0.577851  0.667045  0.577851  0.667045  
0.782819  0.388758  0.80268  0.396767  
6.46352e-05  1.00001  0.485045  0.766228  
1.00001  7.6679e-05  0.2142  0.954831  
0.332552  0.890133  1.00001  7.6679e-05  
0.976879  0.0510255  0.687567  0.546478  
0.687567  0.546478  0.332552  0.890133  
0.893736  0.202637  0.893736  0.202637  
0.332552  0.890133  1.00001  7.6679e-05  
6.46352e-05  1.00001  0.485045  0.783033  
0.893736  0.202637  6.46352e-05  1.00001  
0.782819  0.388758  0.782819  0.388758  
0.976879  0.0510255  0.577851  0.667045  
0.2142  0.954831  0.687567  0.541747  
0.687567  0.52832  0.2142  0.954831  
0.577851  0.667045  0.893736  0.202637  
1.00001  7.6679e-05  0.976879  0.0510255  
0.485045  0.783033  0.332552  0.890133  
0.332552  0.891512  1.00001  7.6679e-05  
6.46352e-05  1.00001  0.577851  0.673717  
0.485045  0.766228  0.2142  0.954831  
0.2142  0.954831  0.976879  0.0510255  
0.782819  0.388758  0.503731  0.766228  
0.976879  0.0510255  0.782819  0.388758  
1.00001  7.6679e-05  0.332552  0.891512  
0.893736  0.202637  6.46352e-05  1.00001  
0.687567  0.52832  0.893736  0.202637  
0.577851  0.673717  0.687567  0.52832  
0.782819  0.388758  0.976879  0.0510255  
6.46352e-05  1.00001  0.332552  0.890133  
0.577851  0.667045  0.782819  0.388758  
1.00001  7.6679e-05  6.46352e-05  1.00001  
0.976879  0.0510255  0.485045  0.766228  
0.2142  0.954831  1.01971  7.6679e-05  
0.332552  0.890133  0.577851  0.667045  
0.485045  0.766228  0.2142  0.954831  
0.893736  0.202637  0.687567  0.52832  
0.687567  0.52832  0.893736  0.202637  
0.782819  0.388758  1.00001  7.6679e-05  
0.332552  0.890133  0.577851  0.667045  
6.46352e-05  1.00001  0.485045  0.766228  
0.485045  0.766228  0.976879  0.0510255  
0.2142  0.954831  6.46352e-05  1.00001  
0.893736  0.202637  0.913575  0.211458  
0.976879  0.0510255  0.687567  0.52832  
0.577851  0.667045  0.2142  0.954831  
0.687567  0.52832  0.332552  0.890133  
1.00001  7.6679e-05  0.782819  0.388758  
0.782819  0.388758  0.893736  0.202637  
6.46352e-05  1.00001  0.782819  0.388758  
1.00001  7.6679e-05  0.2142  0.954831  
0.687567  0.52832  0.976879  0.0510255  
0.485045  0.766228  0.577851  0.667045  
0.976879  0.0510255  0.485045  0.766228  
0.332552  0.890133  1.00001  7.6679e-05  
0.893736  0.202637  0.332552  0.890133  
0.2142  0.954831  0.687567  0.52832  
0.577851  0.667045  6.46352e-05  1.00001  
0.577851  0.667045  0.687567  0.52832  
6.46352e-05  1.00001  0.332552  0.890133  
0.332552  0.890133  0.577851  0.667045  
0.485045  0.766228  1.00001  7.6679e-05  
0.976879  0.0510255  0.782819  0.388758  
0.2142  0.954831  0.485045  0.766228  
0.782819  0.388758  0.2142  0.954831  
0.893736  0.202637  0.985007  0.0510255  
0.687567  0.52832  0.893736  0.202637  
1.00001  7.6679e-05  6.46352e-05  1.00001  
0.893736  0.202637  0.577851  0.667045  
6.46352e-05  1.00001  0.782819  0.388758  
0.577851  0.667045  0.976879  0.0661149  
0.782819  0.388758  0.687567  0.52832  
0.976879  0.0510255  0.345348  0.890133  
0.2142  0.954831  0.485045  0.766228  
0.345348  0.890133  0.893736  0.202637  
0.485045  0.766228  1.00001  7.6679e-05  
0.687567  0.52832  6.46352e-05  1.00001  
1.00001  7.6679e-05  0.2142  0.954831  
0.2142  0.954831  0.996575  0.0611682  
0.485045  0.766228  0.893736  0.202637  
0.976879  0.0510255  0.687567  0.52832  
1.00001  7.6679e-05  1.00001  7.6679e-05  
0.893736  0.202637  6.46352e-05  1.00001  
0.782819  0.388758  0.2142  0.954831  
0.332552  0.890133  0.332552  0.890133  
0.577851  0.667045  0.577851  0.667045  
0.687567  0.52832  0.485045  0.766228  
6.46352e-05  1.00001  0.782819  0.388758  
0.687318  0.527978  0.213772  0.954548  
0.893413  0.202295  0.687318  0.527978  
9.71381e-05  1.00001  0.332145  0.889896  
0.213772  0.954548  0.577543  0.666782  
0.782284  0.388373  0.501023  0.765847  
1.00001  8.11801e-05  1.00001  8.11801e-05  
0.484473  0.765847  0.893413  0.202295  
0.577543  0.666782  0.782284  0.388373  
0.332145  0.889896  0.975862  0.0491596  
0.975862  0.0491596  9.71381e-05  1.00001  
1.00001  8.11801e-05  0.975862  0.0491596  
0.687318  0.527978  0.213772  0.954548  
9.71381e-05  1.00001  0.577543  0.666782  
0.484473  0.765847  0.893413  0.202295  
0.975862  0.0491596  0.782284  0.388373  
0.332145  0.889896  1.00001  8.11801e-05  
0.213772  0.954548  0.332145  0.889896  
0.782284  0.388373  0.687318  0.527978  
0.893413  0.202295  9.71381e-05  1.00001  
0.577543  0.666782  0.501835  0.766972  
0.332145  0.889896  0.893413  0.202295  
0.213772  0.954548  0.975862  0.0491596  
0.577543  0.666782  0.687318  0.527978  
9.71381e-05  1.00001  1.00001  8.11801e-05  
0.484473  0.765847  0.332145  0.889896  
1.00001  8.11801e-05  0.782284  0.388373  
0.893413  0.202295  0.577543  0.666782  
0.687318  0.527978  0.0175856  1.00001  
0.975862  0.0491596  0.484473  0.765847  
0.782284  0.388373  0.213772  0.954548  
1.00001  8.11801e-05  0.577543  0.666782  
0.577543  0.666782  0.484473  0.765847  
0.213772  0.954548  0.213772  0.954548  
0.484473  0.765847  1.00001  8.11801e-05  
0.332145  0.889896  0.332145  0.889896  
0.893413  0.202295  0.782284  0.388373  
9.71381e-05  1.00001  0.00409772  1.00001  
0.975862  0.0491596  0.687318  0.527978  
0.687318  0.527978  0.893413  0.202295  
0.782284  0.388373  0.975862  0.0491596  
9.71381e-05  1.00001  0.687318  0.527978  
0.213772  0.954548  0.893413  0.202295  
0.332145  0.889896  0.975862  0.0491596  
0.484473  0.765847  1.00001  8.11801e-05  
0.975862  0.0491596  0.782284  0.388373  
1.00001  8.11801e-05  0.592577  0.683128  
0.893413  0.202295  0.213772  0.954548  
0.782284  0.388373  0.332145  0.889896  
0.687318  0.527978  0.484473  0.765847  
0.577543  0.666782  9.71381e-05  1.00001  
9.71381e-05  1.00001  0.213772  0.954548  
1.00001  8.11801e-05  0.782284  0.388373  
0.213772  0.954548  1.00001  8.11801e-05  
0.687318  0.527978  0.893413  0.202295  
0.975862  0.0491596  0.712731  0.539045  
0.484473  0.765847  0.332145  0.889896  
0.782284  0.388373  0.975862  0.0491596  
0.577543  0.666782  0.577543  0.666782  
0.332145  0.889896  9.71381e-05  1.00001  
0.893413  0.202295  0.484473  0.765847  
0.782284  0.388373  0.213772  0.954548  
1.00001  8.11801e-05  9.71381e-05  1.00001  
0.484473  0.765847  0.484473  0.765847  
0.577543  0.666782  0.577543  0.666782  
0.213772  0.954548  0.975862  0.0501997  
0.893413  0.202295  0.893413  0.202295  
0.332145  0.889896  0.687318  0.527978  
9.71381e-05  1.00001  0.332145  0.889896  
0.687318  0.527978  0.782284  0.388373  
0.975862  0.0491596  1.00001  8.11801e-05  
0.332145  0.889896  0.782284  0.388373  
0.577543  0.666782  1.00001  8.11801e-05  
9.71381e-05  1.00001  0.577543  0.666782  
0.687318  0.527978  0.332145  0.889896  
0.975862  0.0491596  9.71381e-05  1.00725  
0.484473  0.765847  0.213772  0.954548  
0.782284  0.388373  0.484473  0.765847  
0.213772  0.954548  0.687318  0.527978  
0.893413  0.202295  0.975862  0.0491596  
1.00001  8.11801e-05  0.893413  0.202295  
0.213772  0.954548  0.332145  0.889896  
0.332145  0.889896  0.213772  0.954548  
0.687318  0.527978  0.484473  0.765847  
1.00001  8.11801e-05  0.577543  0.666782  
0.893413  0.202295  0.975862  0.0491596  
0.782284  0.388373  9.71381e-05  1.00001  
0.484473  0.765847  0.893413  0.202295  
0.975862  0.0491596  0.687318  0.527978  
9.71381e-05  1.00001  1.00001  0.00961611  
0.577543  0.666782  0.782284  0.388373  
0.687318  0.527978  0.975862  0.0491596  
9.71381e-05  1.00001  9.71381e-05  1.00001  
0.577543  0.666782  0.893413  0.202295  
1.00001  8.11801e-05  0.484473  0.765847  
0.782284  0.388373  0.687318  0.527978  
0.332145  0.889896  0.332145  0.889896  
0.484473  0.765847  0.782284  0.388373  
0.893413  0.202295  0.577543  0.666782  
0.213772  0.954548  0.213772  0.954548  
0.975862  0.0491596  1.00817  8.11801e-05  
0.782242  0.388267  9.44771e-05  1  
0.687225  0.527907  1.00001  9.24658e-05  
0.332032  0.889861  0.893342  0.202241  
0.484367  0.765661  0.568856  0.848155  
0.577428  0.66674  0.332032  0.889861  
0.21369  0.954452  0.687225  0.527907  
0.893342  0.202241  0.975728  0.0491967  
0.975728  0.0491967  0.21369  0.954452  
9.44771e-05  1  0.782242  0.388267  
1.00001  9.24658e-05  0.577428  0.66674  
0.687225  0.527907  0.35076  0.889861  
0.332032  0.889861  0.687225  0.527907  
9.44771e-05  1  0.577428  0.66674  
0.893342  0.202241  0.975728  0.0491967  
0.577428  0.66674  0.782242  0.388267  
0.975728  0.0491967  1.00001  9.24658e-05  
1.00001  9.24658e-05  0.21369  0.954452  
0.21369  0.954452  9.44771e-05  1  
0.782242  0.388267  0.893342  0.202241  
0.484367  0.765661  0.484367  0.765661  
0.332032  0.889861  1.00001  9.24658e-05  
0.577428  0.66674  0.577428  0.66674  
9.44771e-05  1  0.975728  0.0491967  
0.21369  0.954452  0.782242  0.388267  
0.484367  0.765661  0.687225  0.527907  
0.975728  0.0491967  0.893342  0.202241  
0.687225  0.527907  0.484367  0.765661  
1.00001  9.24658e-05  0.21369  0.954452  
0.893342  0.202241  0.332032  0.899256  
0.782242  0.388267  9.44771e-05  1  
0.893342  0.202241  0.687225  0.527907  
9.44771e-05  1  0.577428  0.66674  
0.687225  0.527907  0.484367  0.765661  
0.21369  0.954452  0.21369  0.954452  
1.00001  9.24658e-05  0.975728  0.0491967  
0.782242  0.388267  0.332032  0.889861  
0.332032  0.889861  0.813105  0.388267  
0.484367  0.765661  0.893342  0.202241  
0.975728  0.0491967  1.00001  9.24658e-05  
0.577428  0.66674  9.44771e-05  1  
0.687225  0.527907  0.687225  0.527907  
0.21369  0.954452  0.587171  0.66674  
9.44771e-05  1  9.44771e-05  1  
1.00001  9.24658e-05  0.975728  0.0491967  
0.577428  0.66674  1.00001  9.24658e-05  
0.975728  0.0491967  0.332032  0.889861  
0.484367  0.765661  0.782242  0.388267  
0.893342  0.202241  0.893342  0.202241  
0.332032  0.889861  0.21369  0.954452  
0.782242  0.388267  0.484367  0.765661  
0.484367  0.765661  1.00001  9.24658e-05  
0.893342  0.202241  0.687225  0.527907  
0.782242  0.388267  0.21369  0.954452  
0.975728  0.0491967  0.484367  0.765661  
0.687225  0.527907  0.975728  0.0571607  
0.332032  0.889861  0.577428  0.66674  
0.21369  0.954452  0.893342  0.202241  
1.00001  9.24658e-05  0.332032  0.889861  
0.577428  0.66674  0.782242  0.388267  
9.44771e-05  1  9.44771e-05  1  
9.44771e-05  1  9.44771e-05  1  
0.21369  0.954452  0.484367  0.765661  
0.484367  0.765661  0.893342  0.202241  
0.975728  0.0491967  0.687225  0.527907  
0.577428  0.66674  0.975728  0.0491967  
0.687225  0.527907  0.595647  0.670386  
0.332032  0.889861  1.00001  9.24658e-05  
0.893342  0.202241  0.21369  0.954452  
0.782242  0.388267  0.332032  0.889861  
1.00001  9.24658e-05  0.782242  0.388267  
0.484367  0.765661  0.782242  0.388267  
0.975728  0.0491967  1.00001  9.24658e-05  
9.44771e-05  1  0.893342  0.202241  
0.893342  0.202241  0.332032  0.889861  
0.687225  0.527907  0.21369  0.954452  
0.21369  0.954452  0.000467841  1.01399  
0.577428  0.66674  0.975728  0.0491967  
1.00001  9.24658e-05  0.577428  0.66674  
0.332032  0.889861  0.687225  0.527907  
0.782242  0.388267  0.484367  0.765661  
0.332032  0.889861  0.975728  0.0491967  
9.44771e-05  1  0.687225  0.527907  
0.21369  0.954452  0.798348  0.388267  
0.577428  0.66674  9.44771e-05  1  
0.484367  0.765661  0.484367  0.765661  
0.782242  0.388267  0.332032  0.889861  
0.893342  0.202241  1.00001  9.24658e-05  
1.00001  9.24658e-05  0.577428  0.66674  
0.687225  0.527907  0.893342  0.202241  
0.975728  0.0491967  0.21369  0.954452  
0.782242  0.388267  9.44771e-05  1  
0.975728  0.0491967  0.687225  0.527907  
0.21369  0.954452  1.00001  9.24658e-05  
0.484367  0.765661  0.893342  0.202241  
1.00001  9.24658e-05  0.21369  0.954452  
9.44771e-05  1  0.484367  0.765661  
0.687225  0.527907  0.975728  0.0491967  
0.577428  0.66674  0.332032  0.889861  
0.893342  0.202241  0.577428  0.66674  
0.332032  0.889861  0.799401  0.388267  
0.687185  0.527888  0.213635  0.954421  
0.213635  0.954421  0.993374  0.0491522  
0.57741  0.666715  0.57741  0.666715  
0.332006  0.889853  0.484325  0.765558  
0.975679  0.0491522  0.687185  0.527888  
4.42126e-05  1  4.42126e-05  1  
0.484325  0.765558  0.332006  0.889853  
0.893301  0.20213  0.782232  0.388243  
0.782232  0.388243  1.00001  8.59299e-05  
1.00001  8.59299e-05  0.893301  0.20213  
0.332006  0.889853  4.42126e-05  1  
0.57741  0.666715  0.993039  0.0491522  
0.484325  0.765558  1.00001  8.59299e-05  
4.42126e-05  1  0.57741  0.666715  
1.00001  8.59299e-05  0.332006  0.889853  
0.975679  0.0491522  0.893301  0.20213  
0.687185  0.527888  0.687185  0.527888  
0.893301  0.20213  0.782232  0.388243  
0.782232  0.388243  0.484325  0.765558  
0.213635  0.954421  0.213635  0.954421  
0.893301  0.20213  4.42126e-05  1  
1.00001  8.59299e-05  0.213635  0.963866  
0.332006  0.889853  0.484325  0.765558  
4.42126e-05  1  1.00001  8.59299e-05  
0.213635  0.954421  0.782232  0.388243  
0.57741  0.666715  0.893301  0.20213  
0.484325  0.765558  0.687185  0.527888  
0.975679  0.0491522  0.975679  0.0491522  
0.687185  0.527888  0.57741  0.666715  
0.782232  0.388243  0.332006  0.889853  
0.57741  0.666715  1.00963  8.59299e-05  
0.893301  0.20213  0.57741  0.666715  
4.42126e-05  1  4.42126e-05  1  
0.332006  0.889853  0.782232  0.388243  
0.213635  0.954421  0.213635  0.954421  
0.687185  0.527888  0.893301  0.20213  
0.782232  0.388243  0.484325  0.765558  
0.975679  0.0491522  0.687185  0.527888  
0.484325  0.765558  0.332006  0.889853  
1.00001  8.59299e-05  0.975679  0.0491522  
0.975679  0.0491522  0.332006  0.889853  
0.332006  0.889853  4.42126e-05  1  
0.484325  0.765558  1.00001  8.59299e-05  
4.42126e-05  1  0.893301  0.20213  
0.893301  0.20213  0.975679  0.0491522  
1.00001  8.59299e-05  0.687185  0.527888  
0.687185  0.527888  0.213635  0.954421  
0.782232  0.388243  0.484325  0.765558  
0.57741  0.666715  0.57741  0.666715  
0.213635  0.954421  0.786359  0.391202  
0.893301  0.20213  0.975679  0.0491522  
1.00001  8.59299e-05  0.57741  0.666715  
0.332006  0.889853  0.494464  0.765558  
0.782232  0.388243  0.332006  0.889853  
0.213635  0.954421  0.782232  0.388243  
0.687185  0.527888  1.00001  8.59299e-05  
0.975679  0.0491522  4.42126e-05  1  
0.484325  0.765558  0.213635  0.954421  
4.42126e-05  1  0.893301  0.20213  
0.57741  0.666715  0.687185  0.527888  
0.782232  0.388243  0.975679  0.0491522  
1.00001  8.59299e-05  4.42126e-05  1  
0.484325  0.765558  0.332006  0.889853  
0.332006  0.889853  1.00001  8.59299e-05  
0.57741  0.666715  0.213635  0.954421  
0.975679  0.0491522  0.57741  0.666715  
0.893301  0.20213  0.484325  0.765558  
4.42126e-05  1  0.782232  0.406551  
0.687185  0.527888  0.893301  0.20213  
0.213635  0.954421  0.687185  0.527888  
0.782232  0.388243  0.782232  0.388243  
0.57741  0.666715  0.915518  0.20213  
0.687185  0.527888  0.213635  0.954421  
0.975679  0.0491522  4.42126e-05  1  
0.484325  0.765558  0.975679  0.0491522  
0.893301  0.20213  0.484325  0.765558  
1.00001  8.59299e-05  0.332006  0.889853  
0.213635  0.954421  0.57741  0.666715  
4.42126e-05  1  0.687185  0.527888  
0.332006  0.889853  1.00001  8.59299e-05  
0.213635  0.954421  1.00545  8.59299e-05  
1.00001  8.59299e-05  0.975679  0.0491522  
0.484325  0.765558  0.484325  0.765558  
0.332006  0.889853  4.42126e-05  1  
0.975679  0.0491522  0.687185  0.527888  
4.42126e-05  1  0.332006  0.889853  
0.893301  0.20213  0.893301  0.20213  
0.57741  0.666715  0.57741  0.666715  
0.687185  0.527888  0.213635  0.954421  
0.782232  0.388243  0.782232  0.388243  
0.332006  0.889853  0.687185  0.527888  
0.57741  0.666715  1.00001  8.59299e-05  
0.782232  0.388243  0.484325  0.765558  
4.42126e-05  1  0.782232  0.388243  
0.687185  0.527888  0.57741  0.666715  
1.00001  8.59299e-05  4.42126e-05  1  
0.975679  0.0491522  0.213635  0.954421  
0.484325  0.765558  0.350438  0.889853  
0.213635  0.954421  0.893301  0.20213  
0.893301  0.20213  0.975679  0.0491522  
