3.08341  2.21974  2.88011  1.71901  
2.39306  2.21591  2.56358  2.65201  
2.94523  1.97956  2.12599  0.984441  
1.88012  2.14334  2.07396  1.00533  
2.05899  2.11493  2.23034  2.27108  
2.96064  2.40754  1.9731  2.43771  
2.65212  2.07982  2.45245  1.85159  
2.52892  2.011  2.28005  1.69334  
3.30005  2.55969  2.53459  1.80897  
2.29054  2.03095  2.09198  2.17624  
3.34096  1.43703  3.52425  2.14177  
2.6714  1.67536  1.89721  2.32554  
3.12076  1.14587  2.76813  1.37782  
2.92636  1.72877  2.24832  1.53794  
2.58581  0.67659  2.36855  1.87339  
2.29765  1.67996  2.60845  1.33379  
2.32968  1.52373  2.45474  1.89323  
2.2884  1.9232  3.20944  2.62992  
2.92362  1.38181  3.14355  1.56578  
2.9908  0.844776  1.82567  1.86133  
1.84655  1.43458  1.96406  2.3161  
3.11855  1.34138  2.24851  1.81717  
2.54179  1.55126  2.21318  1.89664  
2.21595  2.20658  2.29835  2.25248  
2.97153  1.63295  2.08956  2.09118  
1.70444  2.35864  2.29955  1.7386  
2.73898  2.16682  3.15684  2.33361  
2.86006  1.83071  2.55723  1.53377  
2.94626  1.91638  2.45312  1.70298  
2.56105  1.02384  3.13103  1.68539  
1.21283  1.53026  2.10223  1.71625  
2.89252  1.75989  3.34302  2.06787  
3.11599  1.1468  2.41431  2.10617  
2.75725  2.44364  1.76906  1.67631  
3.31652  1.3532  2.09154  2.21827  
1.53852  0.887157  2.27635  1.17457  
1.13418  1.83374  2.3848  2.76528  
2.1669  2.77569  3.03818  1.36957  
2.47374  1.39851  2.3655  2.10753  
2.4726  1.57516  2.92472  1.79364  
2.26563  2.49326  2.17484  1.71981  
2.37129  2.20621  2.5937  1.84735  
2.86214  1.79976  2.73265  2.06921  
1.99429  1.25877  1.81513  2.87458  
2.55885  2.11516  2.57974  1.66799  
2.83824  2.4227  2.41579  2.05112  
2.15967  2.2805  2.94458  1.55678  
2.00021  2.08079  3.35584  1.42385  
1.97648  1.74344  2.58749  2.57815  
2.20632  0.985491  2.48833  1.52268  
2.15441  1.48511  2.70614  2.28109  
2.17328  2.24014  2.29989  1.4742  
2.32546  1.88929  2.57511  2.21117  
2.79151  2.78089  1.87311  1.42237  
3.02766  1.46039  2.86746  1.75618  
2.26705  2.24695  2.24403  1.66466  
2.77313  2.29543  2.36326  1.50795  
2.94683  1.92774  1.94707  1.99262  
2.90409  1.53225  2.37541  1.46136  
1.80474  1.49579  1.65249  1.07908  
2.04282  1.25101  2.25936  1.68934  
3.28334  1.42875  2.35185  1.73234  
2.86148  1.05297  2.78817  1.75892  
2.29712  1.48219  3.65029  1.54611  
2.45762  1.66388  2.66603  2.2727  
2.86112  1.44857  3.45276  2.22321  
2.43535  1.72208  1.15503  2.89283  
2.97967  1.84448  3.32632  2.42409  
2.56436  2.05881  2.27539  2.35454  
1.93634  2.02839  2.83619  2.06001  
2.38614  1.28848  2.25331  1.8667  
2.84391  1.24517  3.18385  2.09801  
2.13443  2.20473  2.76202  2.19669  
2.42405  2.09966  2.53773  2.27926  
1.9204  1.485  1.73206  2.38596  
2.33207  2.03947  2.95744  1.63916  
3.08063  2.20345  3.25003  1.49945  
2.2724  2.15732  2.49299  1.64019  
1.82299  1.99615  3.08953  1.64091  
1.9742  1.72996  1.77502  1.85525  
3.25757  2.18202  2.53811  1.3865  
2.27659  1.88141  2.41176  1.69564  
3.03977  1.51661  1.9948  2.37335  
1.71174  2.47238  3.16555  2.16398  
2.77732  1.79762  3.13091  1.84257  
2.44567  1.32627  1.98609  1.87473  
2.15521  1.71781  2.41501  2.7367  
4.03408  1.3952  1.97139  1.61814  
3.00978  2.50997  1.88618  2.84256  
1.75334  1.34246  3.49103  1.613  
2.34343  2.07813  2.59544  1.74448  
2.49247  1.44304  2.75822  2.2236  
3.34429  2.21309  2.77362  2.62899  
2.04884  2.28092  3.19912  2.20966  
3.56179  1.83311  2.95043  2.28917  
2.66759  2.13229  3.15174  1.74693  
2.84691  2.30388  1.68575  2.87461  
1.91987  2.26144  2.43579  2.32068  
1.91825  2.09638  1.87835  1.62237  
2.41659  1.47827  2.54425  1.37689  
1.79932  0.222577  1.1516  0.131182  
1.1516  0.131182  2.59847  2.61139  
2.59847  2.61139  0.795289  0.708324  
2.12625  1.66985  1.10502  0.791469  
3.22319  2.59202  2.08778  1.68537  
0.795289  0.708324  1.79932  0.222577  
1.10502  0.791469  3.22319  2.59202  
1.76911  0.476919  1.64851  0.554698  
1.67652  1.26279  2.12625  1.66985  
1.1461  1.09273  1.1461  1.09273  
2.86926  1.94137  2.91568  1.6802  
1.24047  0.447731  1.48036  0.256568  
1.06641  0.0912771  2.13398  0.395246  
1.72692  1.91884  1.46503  1.46256  
2.15717  1.45981  1.83937  1.5595  
0.638969  1.41711  0.001553  1.00988  
1.37142  0.776806  1.71854  1.11926  
2.13038  1.77849  4.01804  1.77049  
2.53937  2.10346  2.06474  1.62609  
0.595742  0.51534  1.34811  0.376093  
1.71854  1.11926  1.62552  0.314711  
1.46503  1.46256  2.44714  2.33676  
2.13398  0.395246  1.86009  1.77636  
2.91568  1.6802  2.35349  1.81274  
1.87852  1.46159  2.36578  0.708953  
1.48036  0.256568  2.79318  3.07483  
0.001553  1.00988  1.02165  1.72527  
4.01804  1.77049  0.00265853  1.01758  
1.83937  1.5595  0.595742  0.527304  
1.34811  0.376093  1.50037  1.85109  
1.86009  1.77636  0.000123266  1  
2.79318  3.07483  0.936919  0.0640232  
0.595742  0.527304  0.931762  0.295839  
1.50037  1.85109  0.158563  0.841488  
2.44714  2.33676  0.998242  0.00191231  
2.36578  0.708953  0.689555  0.525916  
2.35349  1.81274  0.779029  0.221156  
1.5593  0.160899  0.86524  0.21239  
1.02165  1.72527  0.341307  0.658929  
0.00265853  1.01758  0.923097  0.0784884  
0.86524  0.21239  0.86524  0.21239  
0.341307  0.658929  0.158563  0.841488  
0.998242  0.00191231  0.779029  0.221156  
0.158563  0.841488  0.341307  0.658929  
0.000123266  1  0.936919  0.0640232  
0.931762  0.295839  0.000123266  1  
0.532931  0.467124  0.923097  0.0784884  
0.936919  0.0640232  0.998242  0.00191231  
0.779029  0.221156  1.56628  0.590445  
0.923097  0.0784884  5.07737  3.5181  
0.532931  0.467124  1.07264  1.01346  
0.341307  0.658929  0.341307  0.658929  
0.998242  0.00191231  0.826127  0.173923  
0.923097  0.0784884  1.28187  0.241216  
0.000123266  1  0.923097  0.0784884  
0.936919  0.0640232  0.532931  0.467124  
0.158563  0.841488  2.13788  1.89153  
0.86524  0.21239  0.86524  0.21239  
0.779029  0.221156  0.000123266  1  
0.826127  0.173923  0.998242  0.00191187  
0.532931  0.467124  2.09222  0.710855  
0.923097  0.0784884  1.52562  0.0974746  
0.826127  0.173923  2.13038  1.78154  
2.13788  1.89153  2.58509  2.14657  
0.998242  0.00191187  0.638969  1.41711  
0.000123266  1  0.592372  0.515013  
0.86524  0.21239  0.998242  0.00191231  
0.341307  0.658929  1.24171  0.721798  
0.779029  0.221156  3.42118  1.8369  
1.28187  0.241216  0.00265853  1.01758  
2.09222  0.710855  1.1516  0.131166  
2.57778  2.14657  2.04764  0.934792  
3.42118  1.8369  2.12625  1.66985  
2.13038  1.78154  0.0112276  1.09866  
0.592372  0.515013  1.10502  0.791469  
0.998242  0.00191231  1.76911  0.476919  
0.00265853  1.01758  0.795289  0.708324  
1.52562  0.0974746  1.79932  0.222577  
1.24171  0.721798  1.19492  1.18349  
0.638969  1.41711  3.63373  1.33147  
0.0112276  1.09866  1.06641  0.0912771  
2.04764  0.934792  0.778327  1.29129  
0.795289  0.708324  2.13038  1.77849  
1.10502  0.791469  1.72692  1.91884  
1.79932  0.222577  2.15717  1.45981  
1.76911  0.476919  0.595742  0.51534  
1.1461  1.09273  2.53937  2.10346  
1.28725  1.65975  1.24047  0.447731  
2.12625  1.66985  1.37142  0.774475  
1.1516  0.131166  2.86926  1.94137  
1.05871  0.456124  0.600565  0.700267  
2.09098  1.29985  0.937614  0.0639637  
1.10433  1.73092  0.983721  2.22625  
1.20006  0.0913922  1.20006  0.0913922  
2.36024  1.03427  1.10433  1.73092  
0.000326946  1.00169  1.05871  0.456124  
0.986502  1.31189  2.36024  1.03427  
0.584675  0.694762  0.000326946  1.00169  
0.983721  2.22625  0.986502  1.31189  
0.937614  0.0639637  2.09098  1.29985  
0.608194  0.494733  0.316327  0.742808  
1.00004  7.82605e-05  0.826269  0.173804  
0.201744  0.798337  0.43066  0.569438  
0.968082  0.154976  0.00111652  1.00078  
7.07343e-05  1.00049  1.00004  7.82605e-05  
0.43066  0.569438  0.608194  0.494733  
0.100178  0.903244  0.722779  0.983277  
0.316327  0.742808  0.100178  0.903244  
0.722779  0.983277  0.968082  0.154976  
0.826269  0.173804  0.201744  0.798337  
0.201745  0.798334  2.86005  2.32969  
0.546569  0.453807  0.201745  0.798334  
0.0998635  0.900238  7.07343e-05  1.0001  
2.86239  2.35598  0.865559  1.01313  
0.316327  0.684346  0.316327  0.684346  
0.826269  0.173804  0.0998635  0.900238  
1.51354  0.923041  0.826269  0.173804  
3.75659  2.85566  0.546569  0.453807  
2.523  2.13799  3.75659  2.85566  
7.07343e-05  1.0001  0.778949  0.221116  
0.546569  0.453807  0.887664  1.00995  
0.316327  0.684346  7.07343e-05  1.0001  
0.100015  0.900822  0.201745  0.798334  
0.939301  0.0864477  0.546569  0.453807  
0.826269  0.173804  3.75659  2.85566  
0.201744  0.798337  2.86239  2.35598  
0.491175  0.552182  0.826269  0.173804  
1.00004  7.82605e-05  0.316327  0.684346  
1.4954  0.908982  0.0998635  0.900238  
7.07343e-05  1.0001  0.808943  0.250416  
0.546569  0.453807  0.0998635  0.900238  
1.00004  7.82605e-05  7.07343e-05  1.0001  
0.924614  0.0757523  0.826269  0.173804  
0.100015  0.900822  0.546569  0.453807  
7.07343e-05  1.0001  0.865559  1.01313  
0.826269  0.173804  2.86239  2.35598  
0.491175  0.552182  3.75659  2.85566  
0.201744  0.798337  0.201745  0.798334  
0.778949  0.221116  0.778949  0.221116  
0.316327  0.684346  0.316327  0.684346  
0.201744  0.798337  7.07343e-05  1.0001  
1.00004  7.82605e-05  1.0018  0.00119517  
0.826269  0.173804  0.939301  0.0864477  
0.968082  0.154976  0.201744  0.798337  
0.43066  0.569438  0.491175  0.552182  
0.100178  0.903244  1.4954  0.908982  
7.07343e-05  1.00049  0.316327  0.684346  
0.316327  0.684346  0.826269  0.173804  
0.778949  0.221116  0.546569  0.453807  
0.608194  0.494733  0.100015  0.900822  
0.924614  0.0757523  0.100015  0.900822  
1.00004  7.82605e-05  0.414837  0.794679  
0.0998635  0.900238  0.546569  0.453807  
0.316327  0.684346  0.491175  0.552182  
0.201745  0.798334  0.924614  0.0757523  
7.07343e-05  1.0001  0.201744  0.798337  
0.826269  0.173804  1.00004  7.82605e-05  
0.546569  0.453807  0.826269  0.173804  
0.778949  0.221116  7.07343e-05  1.0001  
0.43066  0.569438  0.778949  0.221116  
0.491175  0.552182  0.43066  0.569438  
0.100015  0.900822  0.108521  0.908045  
0.924614  0.0757523  0.968082  0.154976  
1.00004  7.82605e-05  0.778949  0.221116  
0.546569  0.453807  0.316327  0.684346  
0.201744  0.798337  0.608194  0.494733  
7.07343e-05  1.0001  0.826269  0.173804  
0.316327  0.684346  1.00004  7.82605e-05  
0.779909  0.222423  0.201744  0.798337  
0.826269  0.173804  7.07343e-05  1.00049  
0.778949  0.221116  0.0998635  0.900238  
1.26037  0.586904  0.778949  0.221116  
0.316327  0.684346  7.07343e-05  1.0001  
7.07343e-05  1.0001  0.924614  0.0757523  
5.21389  4.31239  0.316327  0.684346  
1.00004  7.82605e-05  0.672419  0.66264  
0.491175  0.552182  0.826269  0.173804  
0.336558  1.15053  1.00004  7.82605e-05  
0.201744  0.798337  0.201745  0.798334  
0.939301  0.0864477  0.43066  0.569438  
7.07343e-05  1.0001  0.201744  0.798337  
0.201744  0.798337  0.491175  0.552182  
0.316327  0.684346  0.924614  0.0757523  
0.939301  0.0864477  0.332424  0.701324  
1.00004  7.82605e-05  0.100015  0.900822  
0.826269  0.173804  0.592195  1.02063  
0.100015  0.900822  0.546569  0.453807  
0.546569  0.453807  0.826269  0.173804  
0.778949  0.221116  7.07343e-05  1.0001  
0.491175  0.552182  1.00004  7.82605e-05  
0.939301  0.0864477  0.939301  0.0864477  
7.07343e-05  1.0001  0.201744  0.798337  
0.778949  0.221116  1.00004  7.82605e-05  
0.944739  0.262004  0.546569  0.453807  
1.00004  7.82605e-05  0.778949  0.221116  
0.201744  0.798337  0.944739  0.262004  
0.491175  0.552182  7.07343e-05  1.0001  
0.316327  0.684346  0.491175  0.552182  
1.36664  0.699527  0.31853  0.685262  
0.546569  0.453807  1.36664  0.699527  
0.2119  0.788498  0.321955  0.678059  
0.778253  0.221778  0.565773  0.434572  
1  7.69543e-05  0.778253  0.568914  
0.104434  0.895574  0.826242  0.173768  
0.565773  0.434572  0.928126  0.0756773  
0.826242  0.173768  0.2119  0.788498  
0.434878  0.56517  0.104434  0.895574  
0.321955  0.678059  0.434878  0.56517  
0.928126  0.0756773  7.5708e-06  1  
7.5708e-06  1  3.48875  2.6658  
0.104434  0.895574  0.104434  0.895574  
0.778253  0.221778  1  7.69543e-05  
0.434878  0.56517  0.434898  0.565225  
0.321955  0.678059  0.2119  0.788498  
0.928126  0.0755202  0.778253  0.221778  
0.826242  0.173768  0.826242  0.173768  
7.5708e-06  1  0.928126  0.0755202  
0.565773  0.434572  0.565773  0.434572  
1  7.69543e-05  7.5708e-06  1  
0.2119  0.788498  0.321955  0.678059  
0.321955  0.678059  7.5708e-06  1  
0.778253  0.221778  0.565773  0.434572  
0.434878  0.56517  0.826242  0.173768  
0.104434  0.895574  0.434878  0.56517  
0.826242  0.173768  1  7.69543e-05  
0.565773  0.434572  0.211902  0.788138  
7.5708e-06  1  0.778253  0.221778  
1  7.69543e-05  0.104434  0.895574  
0.211902  0.788138  0.935197  0.0848698  
0.928126  0.0755202  0.321955  0.678059  
0.321955  0.678059  1  7.69543e-05  
0.778253  0.221778  0.104434  0.895574  
0.104434  0.895574  7.5708e-06  1  
0.565773  0.434572  0.778253  0.221778  
1  7.69543e-05  0.826242  0.173768  
0.92452  0.0755202  0.565773  0.434572  
0.211898  0.788116  0.211898  0.788116  
0.434878  0.56517  0.321955  0.678059  
7.5708e-06  1  0.434878  0.56517  
0.826242  0.173768  0.926678  0.0755202  
1  7.69543e-05  0.321954  0.678057  
0.778253  0.221778  0.778253  0.221778  
0.92452  0.0755202  0.565773  0.434572  
0.565773  0.434572  7.5708e-06  1  
0.826242  0.173768  0.434878  0.56517  
0.211898  0.788116  0.92452  0.0755202  
7.5708e-06  1  0.826242  0.173768  
0.321954  0.678057  0.272177  1.05272  
0.104434  0.895574  0.211898  0.788116  
0.434878  0.56517  1  7.69543e-05  
0.434878  0.56517  0.104435  0.895593  
0.778253  0.221778  0.565773  0.434572  
0.104435  0.895593  0.2119  0.788498  
0.565773  0.434572  0.826242  0.173768  
0.928126  0.0756773  0.928126  0.0756773  
7.5708e-06  1  0.434878  0.565573  
1  7.69543e-05  7.5708e-06  1  
0.2119  0.788498  1  7.69543e-05  
0.321955  0.678059  0.321955  0.678059  
0.826242  0.173768  0.778253  0.221778  
0.826242  0.173768  0.826242  0.173768  
0.778253  0.221778  0.778253  0.221778  
0.212645  0.789062  0.104434  0.895574  
7.5708e-06  1  0.212645  0.789062  
0.92452  0.0755202  0.434878  0.56517  
1  7.69543e-05  7.5708e-06  1  
0.321954  0.678057  1.0001  0.000505053  
0.434878  0.56517  0.321954  0.678057  
0.104434  0.895574  0.565773  0.434572  
0.565773  0.434572  1.22359  0.343731  
0.565773  0.434572  0.434878  0.56517  
0.778253  0.221778  0.211898  0.788116  
7.5708e-06  1  0.778253  0.221778  
0.104434  0.895574  0.565773  0.434572  
0.211898  0.788116  7.5708e-06  1  
0.321955  0.678059  0.104434  0.895574  
1  7.69543e-05  1  7.69543e-05  
0.434878  0.56517  0.928126  0.0755202  
0.928126  0.0755202  0.321955  0.678059  
0.826242  0.173768  1.00726  0.419564  
0.826242  0.173768  3.22763  2.26606  
0.778253  0.221778  0.211911  0.788116  
0.434878  0.56517  7.5708e-06  1  
0.321954  0.678057  0.826242  0.173768  
1  7.69543e-05  0.328242  0.684992  
7.5708e-06  1  0.104434  0.895574  
0.104434  0.895574  0.92452  0.0755202  
0.211911  0.788116  0.434878  0.56517  
0.565773  0.434572  0.565773  0.434572  
0.92452  0.0755202  0.778253  0.221778  
1  7.69543e-05  0.434878  0.56517  
0.778253  0.221778  0.92452  0.0755202  
0.92452  0.0755202  0.104434  0.895574  
0.434878  0.56517  0.321954  0.678057  
0.565773  0.434572  0.565773  0.434572  
7.5708e-06  1  0.246875  0.817433  
0.104434  0.895574  0.826242  0.173768  
0.321954  0.678057  7.5708e-06  1  
0.826242  0.173768  1  7.69543e-05  
0.211899  0.788684  0.778253  0.221778  
0.10443  0.895573  0.930357  0.0801327  
7.93386e-05  1  0.77799  0.222014  
0.444081  0.55696  0.32787  0.67214  
0.930357  0.0801327  0.572809  0.427289  
1  0.000103034  0.826303  0.173704  
0.826303  0.173704  1.49637  0.415452  
0.32787  0.67214  7.93386e-05  1  
0.212055  0.788355  0.444081  0.55696  
0.572809  0.427289  0.212055  0.788355  
0.77799  0.222014  0.10443  0.895573  
0.572809  0.427289  0.444081  0.55696  
1  0.000103034  0.572809  0.427289  
0.930357  0.0801327  0.10443  0.895573  
0.32787  0.67214  7.93386e-05  1  
0.77799  0.222014  0.327927  0.683647  
0.826303  0.173704  0.826303  0.173704  
0.444081  0.55696  1  0.000103034  
0.211893  0.788114  0.211893  0.788114  
0.10443  0.895573  3.94979  3.79291  
7.93386e-05  1  0.930357  0.0801327  
0.213552  0.788755  0.32787  0.67214  
0.104438  0.895763  0.572809  0.427289  
0.77799  0.222014  1.00066  0.00401115  
0.32787  0.67214  0.104438  0.895763  
0.999988  9.701e-05  0.77799  0.222014  
0.826303  0.173704  0.444081  0.55696  
0.572809  0.427289  0.924518  0.0754879  
7.93386e-05  1  0.826303  0.173704  
0.444081  0.55696  7.93386e-05  1  
0.924518  0.0754879  0.213552  0.788755  
0.211893  0.788114  3.60668  2.86484  
0.924518  0.0754879  0.826303  0.173704  
0.10443  0.895573  0.211893  0.788114  
0.77799  0.222014  0.444081  0.55696  
1  0.000103034  7.93386e-05  1  
0.826303  0.173704  0.924518  0.0754879  
0.444081  0.55696  0.438139  0.762309  
7.93386e-05  1  1  0.000103034  
0.32787  0.67214  0.10443  0.895573  
0.572809  0.427289  0.77799  0.222014  
0.443336  0.556736  0.443336  0.556736  
0.32787  0.67214  0.77799  0.222014  
0.924518  0.0754879  0.572809  0.427289  
0.572809  0.427289  0.924518  0.0754879  
0.211893  0.788114  0.137452  0.943074  
0.826303  0.173704  0.211893  0.788114  
0.10443  0.895573  0.999988  9.701e-05  
7.93386e-05  1  0.826303  0.173704  
0.77799  0.222014  7.93386e-05  1  
0.999988  9.701e-05  0.32787  0.67214  
0.999988  9.701e-05  0.32787  0.67214  
0.77799  0.222014  1.00011  0.137177  
0.211893  0.788114  3.83008  2.9362  
0.444081  0.55696  0.77799  0.222014  
0.924518  0.0754879  0.211893  0.788114  
0.826303  0.173704  0.572809  0.427289  
0.32787  0.67214  0.999988  9.701e-05  
7.93386e-05  1  0.104438  0.895763  
0.104438  0.895763  0.444081  0.55696  
0.572809  0.427289  7.93386e-05  1  
0.999988  9.701e-05  1.17927  0.289818  
0.572809  0.427289  7.93386e-05  1  
7.93386e-05  1  0.999988  9.701e-05  
0.924518  0.0754879  0.32787  0.67214  
0.443336  0.556736  0.211893  0.788114  
0.826303  0.173704  0.77799  0.222014  
0.77799  0.222014  0.572809  0.427289  
0.211893  0.788114  0.10443  0.895573  
0.32787  0.67214  0.443336  0.556736  
0.10443  0.895573  0.826303  0.173704  
0.999988  9.701e-05  0.77799  0.222014  
0.211893  0.788114  0.924518  0.0754879  
7.93386e-05  1  0.211893  0.788114  
0.10443  0.895573  0.826303  0.173704  
0.44338  0.556758  0.44338  0.556758  
0.826303  0.173704  0.364827  0.701543  
0.924518  0.0754879  0.999988  9.701e-05  
0.77799  0.222014  0.10443  0.895573  
0.32787  0.67214  0.736555  0.696092  
0.572809  0.427289  7.93386e-05  1  
0.924518  0.0754879  4.49362  3.609  
0.32787  0.67214  0.826303  0.173704  
0.999988  9.701e-05  0.444081  0.55696  
0.444081  0.55696  0.999988  9.701e-05  
0.10443  0.895573  0.10443  0.895573  
0.826303  0.173704  0.924518  0.0754879  
0.572809  0.427289  0.572809  0.427289  
0.211893  0.788114  0.0742539  1.13841  
7.93386e-05  1  0.32787  0.67214  
0.77799  0.222014  0.211893  0.788114  
0.44338  0.556758  0.44338  0.556758  
0.32813  0.672283  0.572809  0.427289  
0.211893  0.788114  0.32813  0.672283  
0.924518  0.0754879  0.10443  0.895573  
0.77799  0.222014  0.212293  0.788146  
0.826303  0.173704  0.924518  0.0754879  
7.93386e-05  1  0.827293  0.173707  
0.572809  0.427289  0.77799  0.222014  
0.999988  9.701e-05  0.211893  0.788114  
0.10443  0.895573  0.999988  9.701e-05  
