2.54986  2.31983  2.55547  1.6515  
2.34167  2.56648  2.15546  2.89922  
2.08458  3.69987  1.95598  3.85534  
2.25231  3.02628  2.14949  3.34857  
2.02278  3.59954  2.4701  2.30416  
2.57283  1.77784  2.37677  3.09988  
2.49341  2.35994  2.48073  2.7017  
2.28506  2.80128  2.62119  1.92141  
1.9282  3.63588  1.47397  4.10486  
2.40066  2.40689  2.45131  2.6187  
2.32349  3.04201  1.96793  3.57303  
2.19361  3.29765  2.60386  2.12886  
1.97833  3.96276  2.25888  3.19698  
2.07501  3.3386  2.4179  2.00197  
1.85245  4.27447  2.34895  3.01225  
1.89156  3.90712  2.42861  2.50476  
2.33383  2.72874  2.67571  2.08524  
2.09131  3.54876  1.44466  3.97685  
2.45885  2.43164  2.38283  2.73075  
2.4904  1.55416  2.5452  2.31675  
2.0118  3.44294  1.87508  3.59391  
2.09256  3.40988  1.9628  3.69375  
2.60183  2.02995  2.36906  2.84139  
2.39923  2.43572  2.43117  2.53758  
2.5171  2.30084  2.31361  2.65462  
2.60345  1.70448  2.13545  2.85848  
2.39255  2.94447  2.57798  2.07641  
2.12074  3.65945  2.59398  1.1749  
2.42265  2.74457  2.33169  2.57119  
2.35783  2.8391  2.2882  2.78681  
2.54647  2.20518  2.37285  2.54119  
2.02213  3.76364  1.87332  3.79758  
2.40385  3.07409  2.41349  2.71919  
2.10304  3.50788  2.30275  3.35489  
1.91884  3.34445  1.85904  3.85622  
2.11825  3.19629  2.28675  2.66321  
2.39532  2.52259  1.97298  3.711  
1.83992  3.86949  2.64427  2.44881  
2.47895  1.7982  2.21778  3.22239  
2.139  3.46879  2.69407  1.7462  
2.0212  3.84283  2.09393  3.55892  
1.81833  3.89069  1.86237  3.58775  
2.36974  2.86098  1.82089  4.01427  
1.82941  3.81092  1.67388  4.14986  
2.30464  2.76221  2.27057  3.08089  
2.15492  2.91736  1.96582  3.72382  
2.28317  2.87101  2.49018  2.34517  
1.56749  4.00238  2.1962  3.50413  
1.99256  3.80295  2.5765  1.6252  
2.02833  3.82194  2.34378  2.87344  
1.96143  3.7229  2.2924  2.66002  
2.29556  3.13944  2.68277  1.60645  
2.56196  1.94413  2.38549  2.42658  
2.2732  3.17315  2.3294  2.74989  
2.59747  1.8101  2.50045  1.96747  
2.55775  2.22982  1.79192  3.91731  
2.31665  3.06879  2.36965  2.69822  
2.13485  3.52154  2.14706  3.14574  
1.84946  4.07058  2.19792  3.52584  
2.47723  1.93476  2.34464  2.85838  
1.97861  3.78502  2.60858  1.16788  
2.15047  3.31678  2.28913  2.76455  
2.24597  3.23353  2.19158  3.17491  
2.29047  2.78561  2.30416  2.79091  
2.47177  2.47361  2.21837  2.83457  
2.34833  2.38248  2.2122  3.41305  
2.21402  3.10544  2.43779  2.19059  
2.21621  3.04428  2.22995  2.97057  
2.05862  3.08932  2.48514  2.19166  
2.51147  2.17269  2.07496  3.7304  
2.52703  2.01853  2.35236  2.56672  
2.3365  2.4622  2.59305  2.18685  
2.19641  2.86791  2.5021  2.29452  
2.29171  2.99855  1.67198  4.00342  
1.99671  3.71088  2.19694  2.94  
2.27249  3.45467  1.88727  3.76404  
2.67293  1.83201  2.00832  3.58621  
2.15572  3.29462  2.56045  1.0424  
2.40212  2.69164  2.20511  3.13608  
2.29937  3.43548  2.53321  2.07515  
2.53685  1.81692  2.40492  2.69864  
2.14302  3.60243  1.21469  4.32898  
2.51359  2.23699  2.34429  2.70532  
1.86446  3.84201  2.08392  3.48863  
2.21462  2.67244  2.25324  3.12188  
1.90641  3.79507  2.47033  2.36069  
2.50361  2.47399  2.39721  2.23697  
1.66295  4.10867  2.27543  2.60938  
1.89338  3.86311  1.66272  4.26196  
2.28963  3.19206  2.43838  2.17779  
1.62596  3.76199  2.51579  1.41066  
2.71014  1.63206  2.22103  3.41592  
2.08468  3.61233  1.6789  4.23637  
2.4829  2.40666  2.61846  1.40388  
2.45552  2.23694  1.97457  3.60257  
1.90829  3.79664  2.1441  3.5664  
2.35339  2.84204  2.18159  2.91563  
2.2139  2.8297  2.38317  2.50973  
2.23822  3.06952  2.48875  1.79269  
2.52569  2.32175  2.51801  2.3634  
2.09273  2.60471  1.85416  2.98692  
2.31282  1.06167  2.31282  1.06167  
1.50156  3.67862  2.11828  2.17174  
1.63387  3.19372  1.94081  2.65157  
2.08452  2.24653  2.0015  3.07071  
1.94081  2.65157  2.08452  2.24653  
2.11828  2.17174  2.10294  2.21886  
2.10294  2.21886  2.09273  2.60471  
1.85416  2.98692  1.50156  3.67862  
2.0015  3.07071  1.63387  3.19372  
2.163  1.63172  2.30419  1.5135  
1.43373  3.40562  2.08097  2.53454  
2.27192  0.278395  0.934031  4.18562  
1.96011  2.53397  2.23999  2.00157  
2.05113  1.15172  2.0913  2.27397  
1.73914  2.67863  2.44199  1.59651  
0.598273  4.25834  1.84691  3.06045  
1.91792  2.17421  1.63031  3.27159  
0.981897  3.83972  2.00183  2.77801  
2.16462  0.934062  1.60766  3.78634  
2.11828  2.17174  1.55843  3.67575  
1.63387  3.19372  2.17912  1.81378  
1.83493  2.96769  1.9083  3.12546  
1.92665  2.65685  1.31899  3.89939  
2.09273  2.60471  2.05836  2.57444  
2.31282  1.06167  1.63112  3.49434  
2.10294  2.21886  2.42387  0.781719  
2.10722  2.26923  1.71927  3.59825  
1.28943  3.92274  2.02684  2.30513  
2.28322  2.20172  2.38993  1.72608  
2.0913  2.27397  2.09273  2.60471  
2.08097  2.53454  2.31282  1.06167  
2.30419  1.5135  1.28943  3.92274  
2.23999  2.00157  2.10294  2.21886  
1.63031  3.27159  1.83493  2.96769  
1.60766  3.78634  1.94081  2.65157  
0.934031  4.18562  2.10722  2.26923  
2.00183  2.77801  2.28322  2.20172  
2.40395  1.55847  2.11828  2.17174  
1.84691  3.06045  1.63387  3.19372  
1.04238  3.51522  1.45132  2.88294  
1.98756  1.08154  1.04238  3.51522  
0.703755  3.78915  1.8487  1.84352  
1.61739  2.4436  1.77757  2.08244  
1.45132  2.88294  1.27747  3.24578  
0.174674  4.02663  1.88472  1.55901  
2.04685  0.0469214  0.174674  4.02663  
1.77757  2.08244  0.703755  3.78915  
1.88472  1.55901  1.61739  2.4436  
1.27747  3.24578  2.04685  0.0469214  
1.28203  3.21102  1.99004  1.00631  
2.05765  0.0576496  0.708184  3.83006  
1.99004  1.00631  1.28203  3.21102  
1.78254  2.04283  1.90433  1.59228  
1.48179  2.8588  1.63852  2.48198  
0.708184  3.83006  2.05765  0.0576496  
1.02904  3.5361  0.144872  4.05479  
0.144872  4.05479  1.48179  2.8588  
1.90433  1.59228  1.02904  3.5361  
1.64221  2.47231  1.78254  2.04283  
1.65709  3.26558  1.73914  2.67863  
2.19442  0.848251  2.27192  0.278395  
2.16477  2.44135  0.981897  3.83972  
2.08516  2.48421  2.163  1.63172  
2.37755  1.83601  2.16462  0.934062  
1.85572  3.49552  1.43373  3.40562  
1.45563  3.60772  1.96011  2.53397  
1.16801  3.9209  2.05113  1.15172  
1.84104  3.01647  1.91792  2.17421  
2.0731  2.9877  0.551803  4.21187  
1.97868  2.1302  2.22138  1.82929  
2.3642  0.54222  1.78072  3.22371  
1.85954  2.56883  1.85954  2.56883  
1.68198  3.30734  2.06142  2.60903  
1.38934  3.54039  2.24246  0.358832  
2.22138  1.82929  1.97868  2.1302  
2.24246  0.358832  1.71172  3.33708  
1.83924  2.75335  1.83924  2.75335  
2.06142  2.60903  1.38934  3.54039  
1.78072  3.22371  2.3642  0.54222  
2.44088  1.79034  1.71862  3.48902  
2.06062  2.12392  2.47041  0.854437  
1.64163  3.74036  2.43597  1.81314  
2.25309  1.28303  2.19148  1.73639  
1.05743  3.98653  1.84136  2.86452  
1.71862  3.48902  1.64163  3.74036  
2.47041  0.854437  2.06062  2.12392  
1.28252  3.74302  1.28252  3.74302  
1.84136  2.86452  1.05743  3.98653  
2.19148  1.73639  2.25309  1.28303  
2.05836  2.57444  1.84104  3.01647  
1.9083  3.12546  2.37755  1.83601  
1.71927  3.59825  2.19442  0.848251  
1.63112  3.49434  1.16801  3.9209  
2.38993  1.72608  1.85572  3.49552  
1.32397  3.90437  2.0731  2.9877  
2.42387  0.781719  1.47644  3.62853  
2.02684  2.30513  2.08516  2.48421  
1.55843  3.67575  1.65709  3.26558  
2.17912  1.81378  2.16477  2.44135  
1.92954  1.65196  1.70129  2.56604  
1.64792  2.87748  2.05942  0.0594212  
1.5803  2.70832  2.15995  0.786832  
1.70129  2.56604  1.32163  3.27334  
0.694798  3.8787  0.944027  3.67857  
0.944027  3.67857  1.64792  2.87748  
2.15995  0.786832  0.694798  3.8787  
1.32163  3.27334  1.78339  2.16519  
1.78339  2.16519  1.92954  1.65196  
2.04988  0.0498797  1.5803  2.70832  
1.81358  2.17456  1.65432  2.43349  
1.86392  1.93709  2.0433  0.0598555  
1.54806  2.82123  1.30524  3.4827  
2.0433  0.0598555  1.81554  2.21478  
1.93567  1.4206  1.86392  1.93709  
1.65432  2.43349  0.582596  3.92067  
0.947865  3.64061  0.947865  3.64061  
1.40105  3.105  1.54806  2.82123  
1.30524  3.4827  1.40105  3.105  
0.582596  3.92067  1.93567  1.4206  
2.03665  0.545265  1.69051  2.62188  
0.669965  3.87079  1.28657  3.24998  
0.217501  4.10926  1.02545  3.61809  
1.63996  2.50955  2.03665  0.545265  
1.69051  2.62188  1.79074  2.0008  
1.28657  3.24998  0.669965  3.87079  
1.02545  3.61809  0.217501  4.10926  
1.79074  2.0008  1.64214  2.51172  
1.0761  3.53721  1.0761  3.53721  
2.05032  0.0503241  2.05032  0.0503241  
0.660264  3.86109  2.0374  0.0373997  
1.96551  1.16651  1.60216  2.60108  
1.4231  2.95222  1.79256  2.23435  
1.79256  2.23435  1.96551  1.16651  
1.21735  3.28148  1.4231  2.95222  
1.60216  2.60108  0.0520881  4.05179  
0.96427  3.5945  1.86264  1.69342  
1.86264  1.69342  0.69052  3.89134  
0.0520881  4.05179  1.21735  3.28148  
2.0374  0.0373997  0.96427  3.5945  
1.4231  2.95222  1.96551  1.16651  
1.86264  1.69342  1.4231  2.95222  
1.96551  1.16651  0.0520881  4.05179  
1.73311  2.1749  1.21735  3.28148  
1.58844  2.58737  2.0374  0.0373997  
1.21735  3.28148  1.58844  2.58737  
0.96427  3.5945  1.70184  2.30295  
0.652837  3.85366  0.652837  3.85366  
0.0520881  4.05179  1.86264  1.69342  
2.0374  0.0373997  0.96427  3.5945  
1.92954  1.65196  1.32163  3.27334  
1.64792  2.87748  1.78339  2.16519  
0.694798  3.8787  0.694798  3.8787  
1.78339  2.16519  0.967844  3.70238  
2.15995  0.786832  1.92954  1.65196  
1.70129  2.56604  1.64792  2.87748  
1.32163  3.27334  2.04988  0.0498797  
0.944027  3.67857  1.60699  2.73502  
1.60699  2.73502  2.15995  0.786832  
2.04988  0.0498797  1.70129  2.56604  
1.0761  3.53721  1.98031  1.12428  
1.02545  3.61809  1.98733  1.58581  
0.217501  4.10926  1.28657  3.24998  
1.98733  1.58581  2.05032  0.0503241  
0.669965  3.87079  0.669965  3.87079  
1.28657  3.24998  1.63996  2.50955  
1.63996  2.50955  1.0761  3.53721  
1.79074  2.0008  1.02545  3.61809  
1.98031  1.12428  0.217501  4.10926  
2.05032  0.0503241  1.90201  2.11207  
1.51277  2.7969  0.666516  3.85455  
0.0916892  4.04661  0.0916892  4.04661  
1.94801  1.37024  1.51277  2.7969  
1.11444  3.43645  0.943197  3.69474  
1.67455  2.37648  1.32904  3.13026  
1.82849  1.91465  1.82849  1.91465  
1.32904  3.13026  1.94801  1.37024  
0.917105  3.66865  2.03726  0.037264  
0.666516  3.85455  1.67455  2.37648  
2.03726  0.037264  1.11444  3.43645  
1.96733  1.1135  1.86461  1.67548  
0.961299  3.58455  1.42029  2.94976  
2.04092  0.0409216  1.58611  2.58346  
0.66167  3.84253  1.2152  3.29071  
1.86461  1.67548  1.72072  2.26227  
0.104517  4.03388  2.04092  0.0409216  
1.58611  2.58346  1.96733  1.1135  
1.42029  2.94976  0.104517  4.03388  
1.73163  2.17115  0.66167  3.84253  
1.2152  3.29071  0.961299  3.58455  
1.63996  2.50955  1.0761  3.53721  
0.669965  3.87079  1.28657  3.24998  
0.217501  4.10926  0.295923  4.18768  
1.02545  3.61809  1.79074  2.0008  
1.28657  3.24998  1.02545  3.61809  
2.03665  0.545265  0.669965  3.87079  
1.0761  3.53721  2.03665  0.545265  
1.79074  2.0008  1.63996  2.50955  
1.98733  1.58581  1.98733  1.58581  
2.05032  0.0503241  2.05032  0.0503241  
1.72935  2.18756  1.19955  3.31033  
1.95584  1.24156  2.0371  0.0371024  
2.0371  0.0371024  0.970862  3.58351  
0.649556  3.85712  1.95584  1.24156  
1.40513  2.96819  1.58427  2.60399  
1.19955  3.31033  1.72935  2.18756  
1.58427  2.60399  0.649556  3.85712  
0.961974  3.59956  1.40513  2.96819  
0.0416616  4.04166  0.0416616  4.04166  
1.86049  1.70463  0.961974  3.59956  
1.95584  1.24156  2.05554  0.0555408  
0.0416616  4.04166  0.0416616  4.04166  
2.0371  0.0371024  0.649556  3.85712  
1.58427  2.60399  1.40513  2.96819  
1.72935  2.18756  0.961974  3.59956  
1.40513  2.96819  1.72935  2.18756  
1.86049  1.70463  1.19955  3.31033  
0.961974  3.59956  1.86049  1.70463  
0.649556  3.85712  1.95584  1.24156  
1.19955  3.31033  1.58427  2.60399  
0.0416616  4.04166  1.86049  1.70463  
0.649556  3.85712  0.649556  3.85712  
2.0371  0.0371024  1.19955  3.31033  
1.58427  2.60399  1.95584  1.24156  
1.19955  3.31033  1.58427  2.60399  
0.961974  3.59956  2.0371  0.0371024  
1.40513  2.96819  0.961974  3.59956  
1.86049  1.70463  1.41772  2.98077  
1.95584  1.24156  1.72935  2.18756  
1.72935  2.18756  0.0416616  4.04166  
0.649556  3.85712  0.961974  3.59956  
0.0416616  4.04166  1.19955  3.31033  
2.0371  0.0371024  1.95584  1.24156  
1.40513  2.96819  1.40513  2.96819  
1.19955  3.31033  1.86049  1.70463  
0.961974  3.59956  1.58427  2.60399  
1.72935  2.18756  2.05056  0.0505572  
1.86049  1.70463  0.649556  3.85712  
1.58427  2.60399  1.72935  2.18756  
1.95584  1.24156  0.0416616  4.04166  
1.86049  1.70463  1.86049  1.70463  
0.649556  3.85712  1.43209  3.03603  
2.0371  0.0371024  0.649556  3.85712  
1.96315  1.1469  1.72935  2.18756  
1.58427  2.60399  0.961974  3.59956  
1.72935  2.18756  1.58427  2.60399  
1.19955  3.31033  2.0371  0.0371024  
0.961974  3.59956  1.96315  1.1469  
0.0416616  4.04166  0.0416616  4.04166  
1.40513  2.96819  1.19955  3.31033  
1.86049  1.70463  1.40513  2.96819  
0.649556  3.85712  0.961974  3.59956  
2.0371  0.0371024  1.96315  1.1469  
1.58427  2.60399  1.73154  2.18065  
0.0416616  4.04166  0.649556  3.85712  
1.96315  1.1469  1.58427  2.60399  
0.961974  3.59956  2.0371  0.0371024  
1.72935  2.18756  1.19955  3.31033  
1.19955  3.31033  0.0416616  4.04166  
1.40513  2.96819  1.86049  1.70463  
0.649556  3.85712  1.96315  1.1469  
1.86049  1.70463  0.0436603  4.04366  
2.0371  0.0371024  1.86049  1.70463  
1.58427  2.60399  2.0371  0.0371024  
1.40513  2.96819  0.961974  3.59956  
0.961974  3.59956  1.40513  2.96819  
1.19955  3.31033  0.649556  3.85712  
0.0416616  4.04166  1.72935  2.18756  
1.72935  2.18756  1.58427  2.60399  
1.96315  1.1469  1.19955  3.31033  
1.40513  2.96819  1.72935  2.18756  
1.86049  1.70463  1.40513  2.96819  
2.0371  0.0371024  1.99038  1.22755  
1.72935  2.18756  0.0416616  4.04166  
0.0416616  4.04166  2.0371  0.0371024  
1.96315  1.1469  1.19955  3.31033  
0.649556  3.85712  0.962119  3.59941  
0.962119  3.59941  1.58427  2.60399  
1.58427  2.60399  1.86049  1.70463  
1.19955  3.31033  0.649556  3.85712  
1.96315  1.1469  0.649556  3.85712  
0.649556  3.85712  1.96315  1.1469  
2.0371  0.0371024  1.7032  2.28065  
1.19972  3.31051  2.0371  0.0371024  
1.86049  1.70463  1.58427  2.60399  
0.961974  3.59956  0.0416616  4.04166  
1.40513  2.96819  1.72935  2.18756  
1.72935  2.18756  1.40513  2.96819  
1.58427  2.60399  0.961974  3.59956  
0.0416616  4.04166  1.86049  1.70463  
1.58427  2.60399  1.40513  2.96819  
0.652364  3.85993  1.19955  3.31033  
2.0371  0.0371024  2.01633  0.666428  
1.19955  3.31033  0.961974  3.59956  
1.86049  1.70463  0.652364  3.85993  
0.0416616  4.04166  0.0416616  4.04166  
1.96315  1.1469  1.72935  2.18756  
0.961974  3.59956  1.86049  1.70463  
1.72935  2.18756  1.96315  1.1469  
1.40513  2.96819  1.58427  2.60399  
0.65823  3.84977  1.31767  3.12657  
1.20657  3.29965  1.23484  3.32792  
1.86017  1.70566  1.86017  1.70566  
1.58451  2.60282  1.44639  2.88878  
0.041608  4.04161  1.72903  2.18826  
1.40496  2.96822  1.58694  2.60526  
1.00703  3.64527  2.03676  0.0367636  
1.72903  2.18826  1.96283  1.15675  
1.96162  1.15554  0.041608  4.04161  
1.81878  1.85273  1.00041  3.60636  
1.31767  3.12657  1.58694  2.60526  
1.44639  2.88878  1.31767  3.12657  
1.58694  2.60526  1.20657  3.29965  
0.041608  4.04161  1.44639  2.88878  
1.00041  3.60636  2.03676  0.0367636  
1.72903  2.18826  1.85578  1.73927  
1.20657  3.29965  1.72903  2.18826  
1.96283  1.15675  0.961388  3.59962  
1.86017  1.70566  0.041608  4.04161  
2.03676  0.0367636  1.96283  1.15675  
0.041608  4.04161  1.20657  3.29965  
1.44639  2.88878  1.72903  2.18826  
1.58694  2.60526  1.86017  1.70566  
1.72903  2.18826  1.44639  2.88878  
1.86017  1.70566  2.03676  0.0367636  
1.31767  3.12657  0.041608  4.04161  
1.96283  1.15675  1.59024  2.59726  
0.961388  3.59962  1.9711  1.16502  
1.20657  3.29965  1.31767  3.12657  
2.03676  0.0367636  0.961388  3.59962  
1.31767  3.12657  0.961204  3.59944  
1.72903  2.18826  2.04244  0.042439  
1.20657  3.29965  0.65823  3.84977  
0.041608  4.04161  1.40496  2.96822  
1.86017  1.70566  1.20657  3.29965  
1.44639  2.88878  1.58451  2.60282  
1.96283  1.15675  1.72903  2.18826  
1.59024  2.59726  1.96162  1.15554  
0.961388  3.59962  0.041608  4.04161  
2.03676  0.0367636  1.86017  1.70566  
1.86017  1.70566  1.96162  1.15554  
1.58451  2.60282  1.86017  1.70566  
2.03676  0.0367636  1.20657  3.29965  
1.20657  3.29965  0.041608  4.04161  
0.961204  3.59944  0.65823  3.84977  
0.041608  4.04161  2.03676  0.0367636  
1.72903  2.18826  1.72903  2.18826  
0.65823  3.84977  1.00703  3.64527  
1.96162  1.15554  1.58451  2.60282  
1.40496  2.96822  1.40496  2.96822  
1.40496  2.96822  0.65823  3.84977  
1.20657  3.29965  2.06441  1.25414  
0.041608  4.04161  1.86017  1.70566  
0.65823  3.84977  0.041608  4.04161  
1.86017  1.70566  2.03676  0.0367636  
0.961204  3.59944  1.40496  2.96822  
1.72903  2.18826  1.58451  2.60282  
2.03676  0.0367636  0.961204  3.59944  
1.58451  2.60282  1.72903  2.18826  
1.96162  1.15554  1.20657  3.29965  
1.72903  2.18826  1.44639  2.88878  
1.20657  3.29965  1.24921  3.3423  
2.03676  0.0367636  1.59024  2.59726  
0.041608  4.04161  2.03676  0.0367636  
1.59024  2.59726  1.96283  1.15675  
1.31767  3.12657  0.041608  4.04161  
1.44639  2.88878  1.72903  2.18826  
1.96283  1.15675  1.31767  3.12657  
0.961388  3.59962  1.86017  1.70566  
1.86017  1.70566  0.961388  3.59962  
1.86017  1.70566  0.65823  3.84977  
1.20657  3.29965  1.20657  3.29965  
1.72903  2.18826  1.40496  2.96822  
2.03676  0.0367636  0.961204  3.59944  
0.961204  3.59944  1.72903  2.18826  
1.96162  1.15554  1.96162  1.15554  
1.40496  2.96822  2.03676  0.0367636  
1.58451  2.60282  1.86135  1.70684  
0.041608  4.04161  1.58451  2.60282  
0.65823  3.84977  0.041608  4.04161  
2.03676  0.0367636  1.96434  1.15826  
0.961204  3.59944  1.58451  2.60282  
0.041608  4.04161  0.041608  4.04161  
1.96434  1.15826  1.20657  3.29965  
1.86017  1.70566  1.41068  2.97394  
1.20657  3.29965  1.72903  2.18826  
1.40496  2.96822  2.03676  0.0367636  
0.65823  3.84977  0.961204  3.59944  
1.72903  2.18826  0.65823  3.84977  
1.58451  2.60282  1.86017  1.70566  
2.03676  0.0367636  1.20657  3.29965  
1.40496  2.96822  1.73806  2.19729  
0.041608  4.04161  2.03676  0.0367636  
1.73806  2.19729  0.041608  4.04161  
1.20657  3.29965  0.961204  3.59944  
1.96162  1.15554  1.58451  2.60282  
1.58451  2.60282  1.86017  1.70566  
0.65823  3.84977  0.65823  3.84977  
1.86017  1.70566  1.98925  1.18317  
0.961204  3.59944  1.40496  2.96822  
0.648591  3.85578  1.7289  2.18862  
2.03672  0.0367154  1.96138  1.15578  
1.19945  3.30966  2.03672  0.0367154  
1.86032  1.7049  0.648591  3.85578  
1.40469  2.96863  0.0415721  4.04157  
0.952394  3.60839  1.26142  3.37163  
1.7289  2.18862  1.86032  1.7049  
1.96138  1.15578  0.952394  3.60839  
1.58427  2.60315  1.58427  2.60315  
0.0415721  4.04157  1.40469  2.96863  
1.86032  1.7049  0.952394  3.60839  
1.96138  1.15578  1.40469  2.96863  
0.648591  3.85578  1.7289  2.18862  
1.7289  2.18862  2.03672  0.0367154  
1.40469  2.96863  1.86032  1.7049  
1.58427  2.60315  1.19945  3.30966  
2.03672  0.0367154  0.0539606  4.05396  
0.0415721  4.04157  0.648591  3.85578  
1.19945  3.30966  1.58427  2.60315  
0.952394  3.60839  1.96138  1.15578  
0.648591  3.85578  1.7289  2.18862  
1.86032  1.7049  1.58427  2.60315  
2.03672  0.0367154  1.86032  1.7049  
0.952394  3.60839  2.03672  0.0367154  
1.7289  2.18862  1.96138  1.15578  
1.96138  1.15578  0.952394  3.60839  
1.19945  3.30966  1.40469  2.96863  
0.0415721  4.04157  0.649874  3.85706  
1.58427  2.60315  1.19945  3.30966  
1.40469  2.96863  0.0415721  4.04157  
2.03672  0.0367154  0.0415721  4.04157  
1.86032  1.7049  1.7289  2.18862  
1.7289  2.18862  1.96138  1.15578  
1.40469  2.96863  1.40469  2.96863  
0.648591  3.85578  0.952394  3.60839  
0.0415721  4.04157  1.19945  3.30966  
1.58427  2.60315  1.86032  1.7049  
0.952394  3.60839  2.05273  0.0527325  
1.19945  3.30966  1.58427  2.60315  
1.96138  1.15578  0.648591  3.85578  
0.648591  3.85578  2.03672  0.0367154  
1.7289  2.18862  0.648591  3.85578  
0.952394  3.60839  1.40469  2.96863  
0.0415721  4.04157  1.19945  3.30966  
1.86032  1.7049  1.86032  1.7049  
1.19945  3.30966  0.952394  3.60839  
2.03672  0.0367154  1.7289  2.18862  
1.40469  2.96863  1.59261  2.61149  
1.58427  2.60315  1.96138  1.15578  
1.96138  1.15578  0.0415721  4.04157  
1.58427  2.60315  1.86032  1.7049  
1.19945  3.30966  1.7289  2.18862  
1.7289  2.18862  1.58427  2.60315  
0.0415721  4.04157  1.40469  2.96863  
2.03672  0.0367154  1.19945  3.30966  
1.96138  1.15578  2.03672  0.0367154  
1.40469  2.96863  0.0415721  4.04157  
0.952394  3.60839  1.96911  1.1635  
0.648591  3.85578  0.648591  3.85578  
1.86032  1.7049  0.952394  3.60839  
1.86032  1.7049  1.58427  2.60315  
1.58427  2.60315  1.86032  1.7049  
1.7289  2.18862  1.96138  1.15578  
0.648591  3.85578  0.648591  3.85578  
2.03672  0.0367154  1.73774  2.19746  
1.19945  3.30966  1.40469  2.96863  
0.952394  3.60839  1.19945  3.30966  
0.0415721  4.04157  0.952394  3.60839  
1.40469  2.96863  0.0415721  4.04157  
1.96138  1.15578  2.03672  0.0367154  
1.58427  2.60315  1.40469  2.96863  
1.7289  2.18862  0.648591  3.85578  
2.03672  0.0367154  0.041732  4.04173  
0.648591  3.85578  1.58427  2.60315  
0.0415721  4.04157  0.952394  3.60839  
1.40469  2.96863  1.7289  2.18862  
1.96138  1.15578  1.86032  1.7049  
0.952394  3.60839  1.96138  1.15578  
1.86032  1.7049  1.19945  3.30966  
1.19945  3.30966  2.03672  0.0367154  
1.40469  2.96863  1.40469  2.96863  
2.03672  0.0367154  1.86032  1.7049  
1.7289  2.18862  2.03672  0.0367154  
1.19945  3.30966  1.7289  2.18862  
1.58427  2.60315  1.96138  1.15578  
0.0415721  4.04157  1.19945  3.30966  
1.96138  1.15578  1.58427  2.60315  
0.952394  3.60839  0.0415721  4.04157  
1.86032  1.7049  0.961248  3.61724  
0.648591  3.85578  0.648591  3.85578  
1.19945  3.30966  1.84071  2.30043  
1.40469  2.96863  1.19945  3.30966  
1.58427  2.60315  2.03672  0.0367154  
2.03672  0.0367154  1.58427  2.60315  
0.952394  3.60839  0.952394  3.60839  
0.0415721  4.04157  0.648591  3.85578  
1.86032  1.7049  1.40469  2.96863  
0.648591  3.85578  1.96138  1.15578  
1.96138  1.15578  0.0415721  4.04157  
1.7289  2.18862  1.86032  1.7049  
1.58415  2.60331  1.72883  2.1888  
1.19926  3.30991  0.134287  4.13429  
1.40458  2.96883  1.86028  1.70505  
0.648348  3.8558  1.96131  1.15581  
0.952426  3.60833  2.03669  0.0366942  
1.86028  1.70505  0.952426  3.60833  
0.0415691  4.04157  1.19926  3.30991  
2.03669  0.0366942  0.648348  3.8558  
1.72883  2.1888  1.58415  2.60331  
1.96131  1.15581  1.40458  2.96883  
2.03669  0.0366942  0.0415691  4.04157  
1.58415  2.60331  1.40458  2.96883  
0.952426  3.60833  0.952426  3.60833  
0.648348  3.8558  2.03669  0.0366942  
0.0415691  4.04157  0.648348  3.8558  
1.40458  2.96883  1.72883  2.1888  
1.96131  1.15581  1.96408  1.15858  
1.86028  1.70505  1.58415  2.60331  
1.72883  2.1888  1.19926  3.30991  
1.19926  3.30991  1.86028  1.70505  
1.72883  2.1888  0.655819  3.86327  
1.96131  1.15581  0.0415691  4.04157  
1.19926  3.30991  1.96131  1.15581  
2.03669  0.0366942  1.58415  2.60331  
0.0415691  4.04157  1.19926  3.30991  
0.952426  3.60833  1.40458  2.96883  
1.86028  1.70505  1.86028  1.70505  
1.58415  2.60331  0.952426  3.60833  
1.40458  2.96883  2.03669  0.0366942  
0.648348  3.8558  1.72883  2.1888  
0.0415691  4.04157  0.0415691  4.04157  
0.648348  3.8558  1.96131  1.15581  
1.96131  1.15581  1.58415  2.60331  
1.86028  1.70505  1.19926  3.30991  
2.03669  0.0366942  1.72883  2.1888  
1.19926  3.30991  1.86028  1.70505  
1.58415  2.60331  1.40458  2.96883  
0.952426  3.60833  2.03669  0.0366942  
1.40458  2.96883  0.648348  3.8558  
1.72883  2.1888  1.34522  3.09616  
1.86028  1.70505  1.40458  2.96883  
1.72883  2.1888  0.0415691  4.04157  
0.648348  3.8558  1.72883  2.1888  
1.19926  3.30991  1.19926  3.30991  
1.40458  2.96883  1.86028  1.70505  
1.96131  1.15581  1.58415  2.60331  
0.0415691  4.04157  1.97028  1.16478  
1.58415  2.60331  2.03669  0.0366942  
0.952426  3.60833  0.648348  3.8558  
2.03669  0.0366942  0.952426  3.60833  
1.40458  2.96883  1.72883  2.1888  
2.03669  0.0366942  2.03669  0.0366942  
1.86028  1.70505  1.19926  3.30991  
1.19926  3.30991  0.648348  3.8558  
0.952426  3.60833  1.86028  1.70505  
1.96131  1.15581  0.952426  3.60833  
0.648348  3.8558  1.58415  2.60331  
0.0415691  4.04157  1.40458  2.96883  
1.72883  2.1888  1.96131  1.15581  
1.58415  2.60331  0.0415691  4.04157  
0.648348  3.8558  0.0415691  4.04157  
0.0415691  4.04157  1.58415  2.60331  
1.96131  1.15581  0.952426  3.60833  
1.86028  1.70505  2.03669  0.0366942  
0.952426  3.60833  1.40458  2.96883  
1.40458  2.96883  1.72883  2.1888  
1.58415  2.60331  0.648348  3.8558  
2.03669  0.0366942  1.86028  1.70505  
1.19926  3.30991  1.19926  3.30991  
1.72883  2.1888  2.05869  1.25319  
1.58415  2.60331  1.72883  2.1888  
0.648348  3.8558  1.58415  2.60331  
1.86028  1.70505  0.648348  3.8558  
0.952426  3.60833  0.952426  3.60833  
1.19926  3.30991  1.96131  1.15581  
1.96131  1.15581  1.41541  2.97967  
2.03669  0.0366942  0.0415691  4.04157  
0.0415691  4.04157  1.19926  3.30991  
1.40458  2.96883  1.86028  1.70505  
1.72883  2.1888  2.03669  0.0366942  
2.03669  0.0366942  1.40458  2.96883  
1.72883  2.1888  0.952426  3.60833  
1.58415  2.60331  1.58415  2.60331  
0.952426  3.60833  1.99846  0.954595  
0.0415691  4.04157  1.19926  3.30991  
1.96131  1.15581  0.0415691  4.04157  
1.19926  3.30991  2.03669  0.0366942  
1.40458  2.96883  1.86028  1.70505  
0.648348  3.8558  1.72883  2.1888  
1.86028  1.70505  0.648348  3.8558  
1.19926  3.30991  1.40458  2.96883  
1.58415  2.60331  1.19926  3.30991  
0.648348  3.8558  0.648348  3.8558  
0.0415691  4.04157  1.86028  1.70505  
1.72883  2.1888  1.58415  2.60331  
1.86028  1.70505  0.0415691  4.04157  
0.952426  3.60833  1.72883  2.1888  
2.03669  0.0366942  2.03669  0.0366942  
1.96131  1.15581  1.96131  1.15581  
1.40458  2.96883  0.952426  3.60833  
0.629284  3.86498  1.9569  1.19221  
1.84456  1.77211  2.03669  0.0366926  
0.916092  3.64246  0.916092  3.64246  
0.0405977  4.0406  0.629284  3.86498  
1.9569  1.19221  1.71291  2.25705  
1.15881  3.36583  1.15881  3.36583  
1.36515  3.04784  1.84456  1.77211  
1.71291  2.25705  0.0405977  4.0406  
2.03669  0.0366926  1.36515  3.04784  
1.55285  2.66155  1.77068  2.05176  
1.36515  3.04784  1.36515  3.04784  
0.916092  3.64246  1.55285  2.66155  
1.15881  3.36583  0.919581  3.64595  
1.9569  1.19221  1.9569  1.19221  
1.84456  1.77211  1.84456  1.77211  
1.71291  2.25705  0.0405977  4.0406  
0.629284  3.86498  0.629284  3.86498  
2.03669  0.0366926  1.15881  3.36583  
0.0405977  4.0406  1.71291  2.25705  
1.55285  2.66155  2.03669  0.0366926  
1.71291  2.25705  2.03669  0.0366926  
0.629284  3.86498  1.36515  3.04784  
0.916092  3.64246  0.916092  3.64246  
1.36515  3.04784  0.0405977  4.0406  
1.84456  1.77211  1.15881  3.36583  
2.03669  0.0366926  1.84456  1.77211  
1.55285  2.66155  1.9569  1.19221  
0.0405977  4.0406  1.71291  2.25705  
1.15881  3.36583  0.629284  3.86498  
1.9569  1.19221  1.55285  2.66155  
0.629284  3.86498  1.15881  3.36583  
1.71291  2.25705  1.84456  1.77211  
1.55285  2.66155  0.629284  3.86498  
1.84456  1.77211  0.916092  3.64246  
1.9569  1.19221  1.55285  2.66155  
1.15881  3.36583  1.71291  2.25705  
0.916092  3.64246  2.03669  0.0366926  
2.03669  0.0366926  1.9569  1.19221  
1.36515  3.04784  1.37013  3.05282  
0.0405977  4.0406  0.0405977  4.0406  
0.629284  3.86498  2.03669  0.0366926  
1.15881  3.36583  0.0405977  4.0406  
0.916092  3.64246  1.36515  3.04784  
2.03669  0.0366926  1.86328  1.79291  
1.36515  3.04784  1.9569  1.19221  
1.55285  2.66155  0.916092  3.64246  
0.0405977  4.0406  1.71291  2.25705  
1.9569  1.19221  1.55285  2.66155  
1.71291  2.25705  0.629284  3.86498  
1.84456  1.77211  1.15881  3.36583  
1.15881  3.36583  1.84456  1.77211  
1.84456  1.77211  1.15881  3.36583  
0.916092  3.64246  0.629284  3.86498  
1.55285  2.66155  2.03669  0.0366926  
0.629284  3.86498  1.55285  2.66155  
1.9569  1.19221  0.0655225  4.06552  
1.36515  3.04784  1.71291  2.25705  
2.03669  0.0366926  0.916092  3.64246  
1.71291  2.25705  1.9569  1.19221  
0.0405977  4.0406  1.36515  3.04784  
1.55285  2.66155  1.55922  2.66792  
1.15881  3.36583  1.15881  3.36583  
1.9569  1.19221  1.36515  3.04784  
0.0405977  4.0406  1.71291  2.25705  
1.84456  1.77211  1.84456  1.77211  
0.629284  3.86498  0.0405977  4.0406  
1.71291  2.25705  0.916092  3.64246  
2.03669  0.0366926  1.9569  1.19221  
0.916092  3.64246  2.03669  0.0366926  
1.36515  3.04784  0.629284  3.86498  
1.36515  3.04784  1.71291  2.25705  
1.9569  1.19221  1.58705  2.69575  
1.55285  2.66155  0.629284  3.86498  
1.15881  3.36583  1.36515  3.04784  
0.0405977  4.0406  2.03669  0.0366926  
0.916092  3.64246  1.9569  1.19221  
1.71291  2.25705  0.0405977  4.0406  
1.84456  1.77211  1.15881  3.36583  
0.629284  3.86498  1.84456  1.77211  
2.03669  0.0366926  0.916092  3.64246  
0.629284  3.86498  1.16589  3.37291  
2.03669  0.0366926  2.03669  0.0366926  
1.15881  3.36583  0.916092  3.64246  
1.36515  3.04784  0.0405977  4.0406  
0.916092  3.64246  1.71291  2.25705  
1.9569  1.19221  1.36515  3.04784  
1.55285  2.66155  1.9569  1.19221  
1.84456  1.77211  1.55285  2.66155  
0.0405977  4.0406  1.84456  1.77211  
1.71291  2.25705  0.629284  3.86498  
2.03669  0.0366926  1.84456  1.77211  
1.84456  1.77211  1.15881  3.36583  
1.71291  2.25705  0.629284  3.86498  
1.55285  2.66155  1.9569  1.19221  
0.916092  3.64246  2.03669  0.0366926  
1.9569  1.19221  0.0405977  4.0406  
0.629284  3.86498  1.36515  3.04784  
1.15881  3.36583  1.71291  2.25705  
0.0405977  4.0406  1.5618  2.6705  
1.36515  3.04784  0.916092  3.64246  
0.0405866  4.04059  0.916071  3.64227  
1.84456  1.77212  0.62928  3.86497  
1.36509  3.04794  1.84702  1.77458  
0.916071  3.64227  1.36509  3.04794  
1.9569  1.19221  1.1588  3.36584  
1.1588  3.36584  2.03669  0.0366919  
0.62928  3.86497  1.7129  2.25707  
2.03669  0.0366919  1.9569  1.19221  
1.7129  2.25707  1.55285  2.66153  
1.55285  2.66153  0.0405866  4.04059  
2.03669  0.0366919  0.916071  3.64227  
0.916071  3.64227  2.03669  0.0366919  
1.1588  3.36584  1.7129  2.25707  
1.7129  2.25707  0.62928  3.86497  
1.9569  1.19221  1.9569  1.19221  
1.55285  2.66153  0.0405866  4.04059  
1.84456  1.77212  1.55285  2.66153  
1.36509  3.04794  1.91143  1.50048  
0.62928  3.86497  1.36509  3.04794  
0.0405866  4.04059  1.1588  3.36584  
2.03669  0.0366919  0.62928  3.86497  
1.84456  1.77212  1.36509  3.04794  
1.9569  1.19221  1.9569  1.19221  
0.916071  3.64227  1.7129  2.25707  
1.55285  2.66153  1.84456  1.77212  
0.62928  3.86497  0.0405866  4.04059  
0.0405866  4.04059  2.03669  0.0366919  
1.1588  3.36584  1.55285  2.66153  
1.36509  3.04794  1.1588  3.36584  
1.7129  2.25707  0.918347  3.64455  
0.0405866  4.04059  0.62928  3.86497  
1.36509  3.04794  1.56258  2.67126  
1.55285  2.66153  0.916071  3.64227  
1.84456  1.77212  1.36509  3.04794  
0.62928  3.86497  0.0405866  4.04059  
1.7129  2.25707  1.9569  1.19221  
1.9569  1.19221  1.1588  3.36584  
0.916071  3.64227  2.03669  0.0366919  
1.1588  3.36584  1.84456  1.77212  
2.03669  0.0366919  1.7129  2.25707  
0.0405866  4.04059  0.62928  3.86497  
2.03669  0.0366919  0.916071  3.64227  
1.9569  1.19221  1.55285  2.66153  
1.7129  2.25707  1.84456  1.77212  
1.84456  1.77212  1.38507  3.06793  
0.62928  3.86497  1.1588  3.36584  
1.55285  2.66153  2.03669  0.0366919  
1.1588  3.36584  1.9569  1.19221  
0.916071  3.64227  1.7129  2.25707  
1.36509  3.04794  0.0405866  4.04059  
1.36509  3.04794  0.0405866  4.04059  
0.62928  3.86497  1.36509  3.04794  
0.0405866  4.04059  1.55285  2.66153  
1.1588  3.36584  0.920493  3.6467  
1.9569  1.19221  1.9569  1.19221  
1.55285  2.66153  1.1588  3.36584  
1.84456  1.77212  0.62928  3.86497  
0.916071  3.64227  1.84456  1.77212  
1.7129  2.25707  1.7129  2.25707  
2.03669  0.0366919  2.03669  0.0366919  
1.55285  2.66153  1.55285  2.66153  
1.7129  2.25707  1.72655  2.27073  
1.9569  1.19221  1.1588  3.36584  
1.36509  3.04794  1.36509  3.04794  
1.1588  3.36584  1.9569  1.19221  
2.03669  0.0366919  1.84456  1.77212  
0.916071  3.64227  0.0405866  4.04059  
0.0405866  4.04059  2.03669  0.0366919  
1.84456  1.77212  0.916071  3.64227  
0.62928  3.86497  0.62928  3.86497  
0.916071  3.64227  0.0405866  4.04059  
2.03669  0.0366919  1.9569  1.19221  
0.62928  3.86497  1.36509  3.04794  
1.7129  2.25707  1.1588  3.36584  
0.0405866  4.04059  1.7129  2.25707  
1.55285  2.66153  2.03669  0.0366919  
1.84456  1.77212  0.63866  3.87435  
1.1588  3.36584  0.916071  3.64227  
1.9569  1.19221  1.55285  2.66153  
1.36509  3.04794  1.84456  1.77212  
1.9569  1.19221  0.634048  3.86974  
2.03669  0.0366919  1.36509  3.04794  
1.84456  1.77212  2.03669  0.0366919  
1.55285  2.66153  1.9569  1.19221  
1.36509  3.04794  0.916071  3.64227  
1.1588  3.36584  1.55285  2.66153  
0.62928  3.86497  1.7129  2.25707  
0.916071  3.64227  1.84456  1.77212  
1.7129  2.25707  0.0405866  4.04059  
0.0405866  4.04059  1.1588  3.36584  
1.9569  1.19221  1.9569  1.19221  
1.84456  1.77212  1.1588  3.36584  
1.7129  2.25707  0.916071  3.64227  
0.62928  3.86497  0.0405866  4.04059  
0.916071  3.64227  1.36509  3.04794  
0.0405866  4.04059  1.7129  2.25707  
1.55285  2.66153  1.55285  2.66153  
1.1588  3.36584  0.62928  3.86497  
1.36509  3.04794  2.03669  0.0366919  
2.03669  0.0366919  1.85272  1.78028  
0.629276  3.86496  1.71289  2.25708  
1.95689  1.19221  1.95689  1.19221  
1.55285  2.66151  1.15879  3.36583  
0.0405814  4.04058  0.632482  3.86817  
1.71289  2.25708  0.916057  3.64228  
2.03669  0.0366891  1.84455  1.77212  
0.916057  3.64228  2.03669  0.0366891  
1.36509  3.04791  1.36509  3.04791  
1.15879  3.36583  0.0405814  4.04058  
1.84455  1.77212  1.55285  2.66151  
0.0405814  4.04058  1.95689  1.19221  
1.84455  1.77212  1.55285  2.66151  
1.55285  2.66151  1.36509  3.04791  
0.916057  3.64228  0.916057  3.64228  
1.15879  3.36583  0.0441732  4.04417  
0.629276  3.86496  1.71289  2.25708  
1.95689  1.19221  2.03669  0.0366891  
1.36509  3.04791  0.629276  3.86496  
2.03669  0.0366891  1.15879  3.36583  
1.71289  2.25708  1.84455  1.77212  
0.916057  3.64228  1.95689  1.19221  
2.03669  0.0366891  1.84455  1.77212  
1.95689  1.19221  0.629276  3.86496  
0.0405814  4.04058  1.15879  3.36583  
1.84455  1.77212  1.71289  2.25708  
1.71289  2.25708  0.916057  3.64228  
1.55285  2.66151  1.36509  3.04791  
1.36509  3.04791  0.0405814  4.04058  
1.15879  3.36583  2.03669  0.0366891  
0.629276  3.86496  1.56194  2.67061  
2.03669  0.0366891  1.36509  3.04791  
1.95689  1.19221  0.635073  3.87076  
1.15879  3.36583  1.84455  1.77212  
1.84455  1.77212  0.916057  3.64228  
1.55285  2.66151  1.55285  2.66151  
1.36509  3.04791  1.71289  2.25708  
0.629276  3.86496  2.03669  0.0366891  
0.0405814  4.04058  1.15879  3.36583  
0.916057  3.64228  1.95689  1.19221  
1.71289  2.25708  0.0405814  4.04058  
0.0405814  4.04058  1.15879  3.36583  
1.95689  1.19221  1.36509  3.04791  
2.03669  0.0366891  0.0405814  4.04058  
1.36509  3.04791  1.84455  1.77212  
1.55285  2.66151  1.95689  1.19221  
1.84455  1.77212  0.916057  3.64228  
1.71289  2.25708  2.03669  0.0366891  
1.15879  3.36583  1.55285  2.66151  
0.916057  3.64228  1.71932  2.26351  
0.629276  3.86496  0.629276  3.86496  
1.84455  1.77212  1.71289  2.25708  
1.71289  2.25708  0.0405814  4.04058  
2.03669  0.0366891  1.36509  3.04791  
0.916057  3.64228  0.916057  3.64228  
1.55285  2.66151  1.55285  2.66151  
1.36509  3.04791  1.15879  3.36583  
1.95689  1.19221  1.95689  1.19221  
0.629276  3.86496  2.04375  0.0437522  
0.0405814  4.04058  1.84455  1.77212  
1.15879  3.36583  0.629276  3.86496  
0.629276  3.86496  1.84455  1.77212  
1.55285  2.66151  1.71289  2.25708  
2.03669  0.0366891  1.95689  1.19221  
1.36509  3.04791  1.15879  3.36583  
0.0405814  4.04058  0.629276  3.86496  
1.95689  1.19221  1.56136  2.67002  
1.71289  2.25708  0.916057  3.64228  
1.15879  3.36583  2.03669  0.0366891  
0.916057  3.64228  1.36509  3.04791  
1.84455  1.77212  0.0405814  4.04058  
0.0405814  4.04058  1.84455  1.77212  
1.55285  2.66151  1.95689  1.19221  
1.15879  3.36583  1.55285  2.66151  
1.36509  3.04791  0.916057  3.64228  
2.03669  0.0366891  2.03669  0.0366891  
0.916057  3.64228  1.36509  3.04791  
1.71289  2.25708  1.15879  3.36583  
0.629276  3.86496  0.0405814  4.04058  
1.84455  1.77212  0.629276  3.86496  
1.95689  1.19221  1.7162  2.28135  
1.71289  2.25708  1.36509  3.04791  
1.15879  3.36583  0.629276  3.86496  
1.36509  3.04791  0.916057  3.64228  
1.95689  1.19221  1.95689  1.19221  
1.55285  2.66151  1.71289  2.25708  
1.84455  1.77212  1.17894  3.38598  
0.629276  3.86496  1.55285  2.66151  
0.0405814  4.04058  2.03669  0.0366891  
0.916057  3.64228  1.84455  1.77212  
2.03669  0.0366891  0.0405814  4.04058  
1.71289  2.25708  0.916057  3.64228  
2.03669  0.0366891  1.36509  3.04791  
1.55285  2.66151  1.55285  2.66151  
1.95689  1.19221  0.0405814  4.04058  
0.629276  3.86496  2.03669  0.0366891  
1.15879  3.36583  1.73913  2.28333  
1.36509  3.04791  1.84455  1.77212  
1.84455  1.77212  0.629276  3.86496  
0.916057  3.64228  1.15879  3.36583  
0.0405814  4.04058  1.95689  1.19221  
2.03669  0.0366867  0.0405765  4.04058  
1.15878  3.36583  1.53901  2.72402  
1.95689  1.19221  2.03669  0.0366867  
0.629296  3.86495  0.629296  3.86495  
1.71288  2.2571  1.15878  3.36583  
1.55284  2.66151  1.71288  2.2571  
1.36508  3.04791  1.95689  1.19221  
1.84455  1.77213  1.36508  3.04791  
0.916032  3.64228  1.84455  1.77213  
0.0405765  4.04058  0.916032  3.64228  
2.03669  0.0366867  1.71288  2.2571  
0.0405765  4.04058  0.0405765  4.04058  
0.629296  3.86495  0.629296  3.86495  
1.36508  3.04791  1.84455  1.77213  
0.916032  3.64228  1.95689  1.19221  
1.15878  3.36583  0.916032  3.64228  
1.84455  1.77213  1.15878  3.36583  
1.55284  2.66151  2.03669  0.0366867  
1.95689  1.19221  1.55284  2.66151  
1.71288  2.2571  1.36621  3.04903  
2.03669  0.0366867  2.05138  0.0513829  
0.0405765  4.04058  0.0405765  4.04058  
1.36508  3.04791  1.36508  3.04791  
1.55284  2.66151  1.71288  2.2571  
0.916032  3.64228  1.95689  1.19221  
0.629296  3.86495  1.15878  3.36583  
1.84455  1.77213  1.55284  2.66151  
1.95689  1.19221  0.916032  3.64228  
1.15878  3.36583  0.629296  3.86495  
1.71288  2.2571  1.84455  1.77213  
1.55284  2.66151  1.55284  2.66151  
0.916032  3.64228  1.15878  3.36583  
2.03669  0.0366867  0.916032  3.64228  
0.629296  3.86495  1.97133  1.20665  
1.71288  2.2571  1.36508  3.04791  
1.84455  1.77213  1.84455  1.77213  
0.0405765  4.04058  0.0405765  4.04058  
1.36508  3.04791  0.629296  3.86495  
1.15878  3.36583  2.03669  0.0366867  
1.95689  1.19221  1.71288  2.2571  
2.03669  0.0366867  0.0405765  4.04058  
1.55284  2.66151  2.03669  0.0366867  
1.71288  2.2571  1.55284  2.66151  
0.629296  3.86495  1.36508  3.04791  
0.0405765  4.04058  1.71288  2.2571  
0.916032  3.64228  1.95689  1.19221  
1.84455  1.77213  1.15878  3.36583  
1.15878  3.36583  0.629296  3.86495  
1.36508  3.04791  0.916032  3.64228  
1.95689  1.19221  1.85143  1.77902  
1.84455  1.77213  1.71288  2.2571  
1.15878  3.36583  1.55284  2.66151  
0.629296  3.86495  1.15878  3.36583  
1.71288  2.2571  2.03669  0.0366867  
0.916032  3.64228  0.0405765  4.04058  
1.95689  1.19221  0.916032  3.64228  
0.0405765  4.04058  1.95689  1.19221  
1.36508  3.04791  1.36508  3.04791  
1.55284  2.66151  1.84455  1.77213  
2.03669  0.0366867  0.629296  3.86495  
1.55284  2.66151  1.15878  3.36583  
2.03669  0.0366867  0.629296  3.86495  
1.36508  3.04791  1.84455  1.77213  
1.84455  1.77213  2.03669  0.0366867  
1.95689  1.19221  1.55284  2.66151  
0.0405765  4.04058  1.3778  3.03667  
0.916032  3.64228  1.95689  1.19221  
1.15878  3.36583  1.71288  2.2571  
1.71288  2.2571  0.0405765  4.04058  
0.629296  3.86495  0.916032  3.64228  
0.916032  3.64228  1.71288  2.2571  
2.03669  0.0366867  1.95689  1.19221  
1.36508  3.04791  1.84455  1.77213  
0.0405765  4.04058  0.916032  3.64228  
1.55284  2.66151  2.03669  0.0366867  
1.95689  1.19221  1.36508  3.04791  
1.84455  1.77213  1.15878  3.36583  
0.629296  3.86495  0.637923  3.87358  
1.15878  3.36583  0.0405765  4.04058  
1.71288  2.2571  1.55284  2.66151  
1.55284  2.66151  2.03669  0.0366867  
0.0405765  4.04058  1.15878  3.36583  
2.03669  0.0366867  0.916032  3.64228  
0.629296  3.86495  1.84455  1.77213  
1.36508  3.04791  1.36508  3.04791  
1.15878  3.36583  0.629296  3.86495  
1.84455  1.77213  1.55284  2.66151  
0.916032  3.64228  2.00201  1.08729  
1.71288  2.2571  1.71288  2.2571  
1.95689  1.19221  0.0405765  4.04058  
2.03669  0.0366867  1.84455  1.77213  
1.71288  2.2571  1.55284  2.66151  
0.629296  3.86495  0.916032  3.64228  
1.15878  3.36583  1.71288  2.2571  
1.95689  1.19221  1.36508  3.04791  
1.36508  3.04791  0.0405765  4.04058  
1.84455  1.77213  2.03669  0.0366867  
0.916032  3.64228  1.17676  3.34934  
1.55284  2.66151  0.629296  3.86495  
0.0405765  4.04058  1.95689  1.19221  
