6.19974  6.13444  6.1945  6.00134  
6.9411  6.75601  7.45378  6.62739  
6.02876  4.52871  6.00628  9.05372  
5.05757  4.95451  6.86774  5.84582  
5.83839  7.3609  5.62109  5.41884  
6.99651  4.98599  6.67686  7.48666  
4.53288  6.76924  3.99959  6.35915  
5.19114  5.68899  6.91395  5.01797  
6.38931  4.61505  6.60877  5.55715  
6.22614  5.17585  5.50103  5.72771  
5.27168  5.96618  5.2405  7.4864  
6.95387  7.50893  6.60433  5.89882  
7.42131  6.10796  5.46556  6.41386  
7.36665  5.05328  4.87462  5.24308  
6.66695  6.08403  5.19351  5.14868  
6.39065  5.97465  6.08251  6.10383  
6.17876  5.02969  6.72246  5.9797  
3.30077  7.13411  7.68398  4.08695  
5.59543  6.95273  5.70133  6.29478  
4.60416  7.41952  6.66606  7.24868  
6.46433  6.56164  4.41403  6.63561  
6.48062  5.39011  5.18919  4.94842  
6.49164  7.15663  6.38969  7.24939  
6.40152  5.27568  7.45238  6.83064  
5.27493  5.39659  6.29658  4.37409  
6.87541  6.15766  5.20137  4.2561  
5.1471  5.41351  6.47737  7.92285  
7.21236  5.71992  4.78491  6.95666  
5.123  6.15574  6.11902  6.12939  
4.82749  8.16559  5.97483  7.94332  
7.73253  7.85886  6.08574  6.90458  
7.02479  5.93823  5.99316  4.9975  
6.03151  6.67518  5.60339  5.64292  
5.51697  4.96741  6.49123  5.05494  
5.41423  6.51244  6.2551  6.53422  
6.40797  3.54087  5.78302  4.33124  
6.74718  5.6023  4.3798  5.48452  
5.52818  4.39981  5.04645  7.94672  
6.16361  5.57845  7.00457  4.37767  
5.45262  4.64738  9.31766  7.27371  
7.14835  4.56014  7.22551  3.72233  
4.57356  6.59114  6.12991  7.84688  
5.58725  8.02805  3.3387  4.6646  
6.48142  4.32668  7.75606  8.01707  
6.95374  5.59124  4.24023  6.3129  
4.71606  6.60101  5.5124  7.28428  
5.44688  5.54878  6.34801  6.2066  
4.58322  6.40565  5.11293  6.30425  
5.05108  5.77404  4.18153  4.93107  
5.76379  5.55689  6.34655  6.43295  
4.84979  6.61531  6.6576  5.07338  
6.28471  6.7503  6.92261  6.07309  
5.57493  3.89545  6.05959  5.43342  
6.05469  7.00641  5.22333  7.5397  
5.19801  5.55914  4.43055  6.16564  
4.68685  6.45751  6.22615  6.46582  
6.48102  5.68687  6.2257  5.24969  
5.61609  4.79107  7.87136  4.23555  
6.49376  7.7358  4.04725  6.24891  
6.86889  5.25435  6.32995  6.49626  
5.03536  4.24479  4.15163  7.55195  
5.50319  6.48454  3.94057  8.51519  
6.03231  5.16103  4.69132  5.76763  
5.80204  6.82917  6.12144  4.89075  
4.34089  7.79417  6.34942  6.10051  
6.00756  5.65996  5.27255  5.59231  
4.9989  4.97359  5.29112  6.69023  
6.58573  7.16766  5.85181  6.43911  
6.01612  6.02028  5.84148  5.57215  
5.67172  5.11015  6.73717  5.77013  
6.81964  6.64426  6.97097  5.58537  
4.5372  6.489  7.35128  4.3537  
3.97148  5.33663  5.67851  5.11739  
4.44327  6.08312  5.90942  6.14954  
6.62295  5.15462  6.31514  5.11518  
5.01241  5.33275  6.31652  5.773  
4.49578  5.92024  5.31132  6.38102  
7.19294  4.52614  4.97218  6.48069  
5.80194  5.13433  4.84419  3.83463  
4.82677  7.20611  5.54416  8.27839  
7.65736  5.60388  6.19315  5.92404  
8.89613  5.60038  6.00149  7.56004  
5.15868  6.52287  6.36353  6.07929  
6.26139  4.62131  7.24373  7.71355  
6.52624  5.30733  5.98971  5.09324  
7.43467  5.71446  7.39121  5.76306  
7.5398  6.43114  5.92904  6.08021  
6.03248  5.3248  7.98922  5.04781  
5.44777  5.49471  5.20741  4.82437  
4.37706  6.62077  5.38832  6.29544  
5.11393  7.9263  6.98872  6.74858  
5.22074  6.33572  5.4301  6.35119  
5.79468  5.63098  6.94909  5.18134  
4.51813  6.01618  4.28402  6.11778  
3.90861  6.844  6.76255  5.04002  
4.594  5.34942  6.782  4.61286  
6.11527  5.61734  4.93526  5.19387  
6.19472  7.37378  4.61189  7.76906  
7.77164  6.87105  5.71475  6.65551  
6.77403  7.10497  6.02984  7.14171  
0.349611  1.45348  1.65641  1.74378  
1.02202  0.140101  3.92403  3.99157  
0.444736  0.636201  3.35091  2.59181  
2.38373  3.50143  1.90708  2.24545  
0.702771  0.723463  1.86751  2.42225  
0.452962  0.552402  1.519  3.73114  
0.680021  0.387493  1.75429  3.97914  
0.179071  0.885971  7.92103  7.25977  
0.423531  1.244  5.39741  2.9416  
0.766211  0.261939  2.393  2.13641  
0.718191  0.552402  0.717796  0.723463  
1.02202  0.473258  0.423531  1.244  
0.906821  1.54249  1.16271  1.08272  
1.38495  1.0614  1.04378  1.07733  
1.15394  0.261939  1.15394  0.261939  
0.423531  1.244  0.763203  0.861709  
0.763203  0.861709  0.906821  1.54249  
0.717796  0.723463  1.03222  0.473258  
1.04378  1.07733  1.38495  1.0614  
0.349611  2.08732  0.349611  2.08732  
1.48894  2.10595  0.349611  1.54202  
1.33956  2.05565  0.423531  1.244  
8.04167  8.07278  1.04085  0.205008  
2.393  2.13641  0.0765399  1.12943  
3.32474  3.46554  0.680021  0.387493  
1.71139  3.73114  1.62827  0.723599  
5.4776  2.25946  0.179071  0.885971  
3.63621  2.59181  1.11094  0.741667  
8.91337  9.49866  0.452962  0.552402  
2.0801  3.883  0.766211  0.261939  
1.30132  0.1401  1.69986  2.10595  
0.0765399  1.27264  8.91337  9.49866  
3.47618  2.58329  3.32474  3.46554  
0.31985  2.58082  3.63621  2.59181  
1.32461  0.936504  1.33956  2.05565  
0.507648  1.60952  8.04167  8.07278  
0.407458  1.86317  2.0801  3.883  
1.4737  0.50375  2.393  2.13641  
1.49329  0.295681  5.4776  2.25946  
5.94289  5.76278  1.71139  3.73114  
0.349611  1.45348  0.31985  2.58082  
1.02202  0.140101  0.0765399  1.27264  
0.452962  0.552402  0.507648  1.60952  
0.680021  0.387493  1.49329  0.295681  
0.423531  1.244  0.407458  1.86317  
0.0765399  1.0614  5.94289  5.76278  
0.766211  0.261939  1.30132  0.1401  
0.444736  0.636201  3.47618  2.58329  
0.702771  0.723463  1.4737  0.50375  
0.179071  0.885971  1.32461  0.936504  
0.452962  0.552402  1.38495  1.0614  
0.0765399  1.12943  1.02202  0.473258  
0.8519  1.49241  0.763203  0.861709  
1.11094  0.741667  0.717796  0.723463  
1.04085  0.205008  1.15394  0.261939  
0.680021  0.387493  0.718191  0.552402  
0.423531  1.244  0.349611  2.08732  
1.62827  0.723599  0.906821  1.54249  
0.766211  0.261939  1.04378  1.07733  
0.349611  1.54202  0.423531  1.244  
2.83963  2.67664  0.349611  1.54202  
0.579584  2.09198  1.04085  0.205008  
1.02202  0.282932  0.452962  0.552402  
0.622737  1.244  0.0765399  1.12943  
0.832367  1.46133  0.179071  0.885971  
4.40953  4.83519  1.62827  0.723599  
0.444736  0.636201  0.423531  1.244  
6.68146  6.29041  0.766211  0.261939  
3.9009  3.23208  1.11094  0.741667  
1.0532  1.07253  0.680021  0.387493  
0.755318  0.653278  0.349611  1.54202  
1.02202  1.47079  0.68145  0.600224  
2.99037  4.42791  0.179071  0.885971  
4.76586  4.26489  1.62827  0.723599  
1.38495  1.0614  0.452962  0.552402  
1.48879  0.261939  0.0765399  1.12943  
0.452518  1.02027  0.423531  1.244  
0.906268  1.54249  0.766211  0.261939  
6.77968  5.5133  1.11094  0.741667  
1.29111  1.25379  1.04085  0.205008  
0.349611  2.08732  0.444736  0.636201  
1.02202  0.473258  3.9009  3.23208  
1.16271  1.08272  4.40953  4.83519  
1.04378  1.07733  2.83963  2.67664  
0.717796  0.723463  6.68146  6.29041  
0.763203  0.861709  1.0532  1.07253  
0.423531  1.244  0.832367  1.46133  
1.15394  0.261939  0.579584  2.09198  
0.906821  1.54249  1.02202  0.282932  
1.38495  1.0614  0.622737  1.244  
1.75429  3.97914  0.906268  1.54249  
3.32474  3.32299  1.48879  0.262712  
1.519  3.73114  0.452518  1.02027  
7.92103  7.25977  2.99037  4.42791  
1.65641  1.74378  1.02202  1.47079  
5.39741  2.9416  0.755318  0.653278  
3.35091  2.59181  6.77968  5.5133  
1.90708  2.24545  1.38495  1.0614  
2.393  2.13641  4.76586  4.26489  
1.86751  2.42225  1.29111  1.25379  
0.730127  0.476009  0.329077  0.736339  
0.444603  0.635959  1.00005  1.85346  
1.00005  1.85346  0.0726421  1.05827  
5.71462  6.14809  0.444603  0.635959  
0.0726421  1.05827  0.176827  0.883195  
0.792748  1.6277  0.792748  1.6277  
0.329077  0.736339  0.981424  0.0753254  
0.176827  0.883195  1.30946  0.960513  
1.30946  0.960513  0.730127  0.476009  
0.981424  0.0753254  5.71462  6.14809  
0.573288  0.736255  1.32374  0.968044  
0.999735  1.82059  0.981424  0.0753254  
2.3516  1.21025  0.223223  1.58674  
0.847165  0.976856  0.125722  1.05827  
2.51041  1.75367  0.990804  0.381949  
4.72776  4.01402  2.00484  2.35231  
0.444603  0.635959  0.974492  0.636378  
1.31521  1.08691  2.3312  0.870082  
6.76871  7.31225  0.791622  1.66695  
0.0726421  1.05827  1.24913  1.77663  
2.30151  0.870082  2.51041  1.75367  
0.791622  1.66695  0.444603  0.635959  
0.981424  0.0753254  0.847165  0.976856  
1.24913  1.77663  0.573288  0.736255  
0.974492  0.636378  1.31521  0.883195  
1.32374  0.968044  0.0726421  1.05827  
0.223223  1.58674  0.999735  1.82059  
0.125722  1.05827  2.3516  1.21025  
2.00484  2.35231  6.76871  7.31225  
0.990804  0.381949  4.72776  4.01402  
1.31521  0.883195  0.329077  0.736255  
0.444603  0.635959  0.0726421  1.05827  
4.72776  4.01402  2.3516  1.21025  
0.999735  1.82059  1.31521  0.883195  
6.76871  7.31225  0.999735  1.82059  
0.329077  0.736255  6.76871  7.31225  
1.81917  0.805654  1.81917  0.805654  
0.0726421  1.05827  0.444603  0.635959  
0.675716  0.976856  4.72105  3.97698  
2.3516  1.21025  0.675716  0.976856  
0.329077  0.736255  0.176827  0.883195  
0.981424  0.0753254  0.0726421  1.05827  
0.444603  0.635959  5.71462  6.14809  
1.30946  0.960513  1.30946  0.960513  
0.0726421  1.05827  0.982714  0.0753254  
5.71462  6.14809  0.730127  0.476009  
0.792748  1.6277  1.00005  1.85346  
0.176827  0.883195  0.792748  1.6277  
1.00005  1.85346  0.444603  0.635959  
0.730127  0.476009  0.329077  0.736255  
0.0726421  1.05827  0.675716  0.381934  
0.675716  0.381934  0.444603  0.635959  
0.444603  0.635959  0.780756  0.566233  
0.176827  0.883195  0.981424  0.0753254  
0.999735  1.61067  0.0726421  1.05827  
1.30946  0.960513  0.176827  0.883195  
1.87817  0.805278  1.87817  0.805278  
0.780756  0.566233  0.329077  0.736255  
0.981424  0.0753254  1.30946  0.960513  
0.329077  0.736255  0.999735  1.61067  
0.792748  1.6277  5.74851  6.14809  
0.444603  0.635959  0.444603  0.635959  
1.33541  0.954267  0.176827  0.883195  
0.0726421  1.05827  1.39004  0.976942  
0.176827  0.883195  4.49019  3.8885  
0.981424  0.0753254  0.792748  1.6277  
0.463833  0.736255  1.05031  1.85346  
4.49019  3.8885  0.463833  0.736255  
1.05031  1.85346  0.0726421  1.05827  
5.74851  6.14809  0.981424  0.0753254  
1.05938  1.76425  0.981424  0.0753254  
1.30946  0.960513  1.30946  0.960513  
0.981424  0.0753254  5.74851  6.14809  
0.792748  1.6277  0.176827  0.883195  
0.444603  0.635959  0.0726421  1.05827  
5.74851  6.14809  1.05938  1.76425  
0.0726421  1.05827  4.35191  4.29957  
4.49019  4.14278  0.47047  1.4414  
0.176827  0.883195  0.792748  1.6277  
0.47047  1.4414  0.444603  0.635959  
1.33182  1.6298  0.329077  0.736255  
0.444603  0.635959  0.999735  1.82059  
0.329077  0.736255  0.0726421  1.05827  
4.72776  4.01402  1.81917  0.805654  
0.675716  0.976856  0.444603  0.635959  
0.0726421  1.05827  0.981424  0.0753254  
0.999735  1.82059  0.749766  1.17655  
2.3516  1.21025  2.3516  1.21025  
1.81917  0.805654  1.33182  1.6298  
0.981424  0.0753254  4.72776  4.01402  
1.33541  0.954267  5.74851  6.14809  
0.981424  0.0753254  1.33541  0.954267  
5.74851  6.14809  0.444603  0.635959  
0.792748  1.6277  0.792748  1.6277  
1.05031  1.85346  0.195344  1.2794  
0.0726421  1.05827  0.0726421  1.05827  
0.195344  1.2794  0.981424  0.0753254  
4.49019  3.8885  1.05031  1.85346  
0.463833  0.736255  4.2761  3.8885  
0.444603  0.635959  0.463833  0.736255  
0.326819  0.733301  0.444266  0.733301  
0.980501  0.0746074  0.779878  0.69295  
0.671647  0.376833  0.443375  0.635476  
2.57722  2.04494  0.980501  0.0746074  
0.0532309  1.04292  2.57722  2.04494  
1.499  1.61954  1.25427  0.553581  
1.25427  0.553581  0.0532309  1.04292  
0.779878  0.69295  0.671647  0.376833  
0.443375  0.635476  1.31587  0.883185  
1.31587  0.883185  1.499  1.61954  
0.326819  0.733301  0.980501  0.0746074  
1.67313  0.534806  0.0532309  1.04292  
0.443375  0.635476  1.67313  0.534806  
0.176816  1.29388  2.3003  2.24838  
0.779878  1.75509  0.779878  1.75509  
0.671647  0.376833  0.176816  1.29388  
0.0532309  1.04292  1.49885  1.58544  
0.980501  0.0746074  0.671647  0.524316  
1.49885  1.58544  0.326819  0.733301  
2.3003  2.24838  0.443375  0.635476  
0.671647  0.376833  0.0532309  1.04292  
2.3003  2.24838  0.443375  0.635476  
0.443375  0.635476  0.318841  1.44066  
0.779878  0.69295  0.671647  0.376833  
0.326819  0.733301  0.779878  0.69295  
0.0532309  1.04292  0.980501  0.0746074  
1.49885  1.58544  1.67313  0.534806  
1.67313  0.534806  1.49885  1.58544  
0.980501  0.0746074  0.326819  0.733301  
0.176816  1.29388  2.3003  2.24838  
0.671647  0.376833  1.49885  1.58544  
0.0532309  1.04292  0.443375  0.635476  
1.26167  0.541985  0.988868  0.376833  
0.176816  0.883185  1.26167  0.541985  
0.980501  0.0746074  0.327062  1.46214  
1.49885  1.58544  2.3003  2.24838  
0.779878  0.69295  0.980501  0.0746074  
0.327062  1.46214  0.176816  0.883185  
0.443375  0.635476  0.0532309  1.04292  
2.3003  2.24838  0.779878  0.69295  
0.443375  0.635476  1.49885  1.66378  
1.26167  0.541985  1.26167  0.75698  
2.3003  2.24838  0.176816  0.883185  
1.49885  1.66378  0.980501  0.0746074  
0.0532309  1.04292  2.3003  2.24838  
0.326819  0.733301  0.443375  0.635476  
0.779878  0.69295  0.671647  0.376833  
0.980501  0.0746074  0.0532309  1.04292  
0.176816  0.883185  0.326819  0.733301  
0.671647  0.376833  0.779878  0.69295  
0.671647  0.376833  1.26167  0.541985  
1.49885  1.58544  1.521  1.59815  
0.176816  0.883185  2.3003  2.24838  
0.779878  0.69295  0.0532309  1.04292  
0.0532309  1.04292  0.779878  0.69295  
0.326819  0.733301  0.176816  0.883185  
0.980501  0.0746074  0.443375  0.635476  
2.3003  2.24838  0.980501  0.0746074  
0.443375  0.635476  0.671647  0.376833  
1.26167  0.541985  0.326819  0.733301  
0.980501  0.0746074  0.980501  0.0746074  
0.443375  0.635476  0.671647  0.376833  
0.326819  0.733301  1.0631  0.700357  
1.49885  1.58544  0.443375  0.635476  
0.0532309  1.04292  0.176816  0.883185  
0.671647  0.376833  1.26167  0.541985  
2.30005  2.2484  0.0532309  1.04292  
1.26167  0.541985  1.49885  1.58544  
1.0631  0.700357  6.26848  9.05656  
0.176816  0.883185  0.326819  0.733301  
0.980501  0.0746074  0.326819  1.10392  
0.0532309  1.04292  0.0532309  1.04292  
0.671647  0.376833  0.443375  0.635476  
0.176816  0.883185  2.49883  2.04133  
1.46156  1.53596  1.26167  0.541985  
0.443375  0.635476  0.779878  0.953549  
0.779878  0.953549  0.205624  1.17535  
1.26167  0.541985  0.671647  0.376833  
0.326819  1.10392  1.46156  1.53596  
2.49883  2.04133  0.980501  0.0746074  
0.443375  0.635476  0.671647  0.376833  
1.26167  0.541985  0.443375  0.635476  
0.671647  0.376833  0.176816  0.883185  
0.176816  0.883185  0.0532309  1.04292  
0.326819  1.10392  0.779878  0.953549  
0.0532309  1.04292  0.326819  1.10392  
0.779878  0.953549  0.980501  0.0746074  
1.46156  1.53596  1.62992  1.52043  
2.49883  2.04133  2.49883  2.04133  
0.980501  0.0746074  1.26167  0.541985  
1.26167  0.541985  0.779878  0.953549  
0.326819  1.10392  0.671647  0.376833  
0.980501  0.0746074  0.443375  0.635476  
1.46156  1.53596  1.37479  0.541985  
2.49883  2.04133  0.0532309  1.04292  
0.671647  0.376833  0.980501  0.0746074  
0.779878  0.953549  0.326819  1.10392  
0.0532309  1.04292  1.46156  1.53596  
0.176816  0.883185  0.176816  0.883185  
0.443375  0.635476  2.49883  2.04133  
6.85367  6.67476  0.322959  0.731164  
3.12926  2.86788  0.173745  0.879395  
0.173745  0.879395  0.0147702  1.01185  
5.29698  6.59722  0.642448  1.02081  
0.975874  0.0713386  5.35948  6.67048  
7.50552  3.7161  7.60409  3.64592  
0.322959  0.728444  0.665645  0.369411  
0.646456  1.02086  0.975874  0.0713386  
0.0147702  1.01185  6.63579  6.69657  
0.665645  0.369411  7.21333  7.47447  
7.21333  7.47447  0.0147702  1.01185  
0.665645  0.369411  0.322959  0.728444  
0.173745  0.879395  3.12926  2.86788  
0.0147702  1.01185  5.29698  6.59722  
0.975874  0.0713386  0.975874  0.0713386  
0.322959  0.728444  0.646456  1.02086  
6.85367  6.68527  7.50552  3.7161  
5.56859  6.67048  0.665645  0.369411  
0.642448  1.02081  6.85367  6.67476  
7.60409  3.64592  0.481772  1.2608  
0.322959  0.728444  0.173745  0.879395  
0.975874  0.0713386  0.975874  0.0713386  
6.85367  6.68527  5.62345  6.79507  
0.0147702  1.01185  8.47238  7.52114  
0.173745  0.879395  0.641872  1.0206  
7.60409  3.64592  0.322959  0.728444  
7.21333  7.47447  6.3108  6.41078  
0.642448  1.02081  7.46418  4.29961  
5.37675  6.67048  0.0147702  1.01185  
0.665645  0.369411  0.665645  0.369411  
0.642448  1.02081  7.21333  7.47447  
0.975874  0.0713386  0.0147702  1.01185  
5.35948  6.67048  5.35948  6.67048  
0.0147702  1.01185  0.665645  0.369411  
0.173745  0.879395  0.173745  0.879395  
7.60409  3.64592  0.975874  0.0713386  
0.665645  0.369411  0.322959  0.731164  
6.85367  6.68527  7.60409  3.64592  
0.322959  0.728444  6.85367  6.68527  
7.21333  7.47447  0.642448  1.02081  
0.173745  0.879395  0.322959  0.728444  
0.975874  0.0713386  6.85367  6.68527  
0.0147702  1.01185  0.0147702  1.01185  
0.322959  0.728444  7.21333  7.47447  
3.12685  2.17269  5.56859  6.67048  
5.67063  6.71404  0.173745  0.879395  
6.09787  5.75491  0.975874  0.0713386  
0.665645  0.369411  8.12539  4.66949  
0.606604  1.02086  0.665645  0.369411  
7.14838  4.29023  0.642448  1.02081  
3.12685  2.17269  0.322959  0.728444  
0.173745  0.879395  0.642448  1.02081  
0.606604  1.02086  0.0147702  1.01185  
7.14838  4.29023  7.60409  3.64592  
0.322959  0.728444  6.85367  6.68527  
5.67063  6.71404  0.665645  0.369411  
0.975874  0.0713386  0.173745  0.879395  
6.09787  5.75491  7.21333  7.47447  
0.665645  0.369411  5.37675  6.67048  
0.0147702  1.01185  0.975874  0.0901905  
0.173745  0.879395  7.4308  4.42776  
0.641872  1.0206  0.173745  0.879395  
8.47238  7.52114  0.665645  0.369411  
0.0147702  1.01185  0.322959  0.728444  
7.4308  4.42776  0.975874  0.0713386  
0.975874  0.0713386  8.47238  7.52114  
0.322959  0.728444  0.641872  1.0206  
0.665645  0.369411  0.0147702  1.01185  
5.3288  5.43361  6.89716  5.77404  
6.3108  5.77404  5.3288  5.43361  
0.975874  0.0713386  0.173745  0.879395  
0.641872  1.0206  6.85367  6.68527  
0.322959  0.728444  0.975874  0.0713386  
0.173745  0.879395  0.470869  0.731409  
6.3108  6.41078  7.60409  3.64592  
7.40384  4.29961  7.21333  7.47447  
0.0147702  1.01185  0.642448  1.02081  
0.665645  0.369411  0.0147702  1.01185  
5.62345  6.79507  0.665645  0.369411  
8.47238  7.52114  5.35948  6.67048  
0.665645  0.369411  0.641872  1.0206  
0.975874  0.0713386  5.62345  6.79507  
8.47238  7.52114  0.665645  0.369411  
7.4308  4.42776  0.975874  0.0713386  
6.3108  5.77404  0.0147702  1.01185  
0.322959  0.728444  8.47238  7.52114  
0.641872  1.0206  7.4308  4.42776  
0.0147702  1.01185  6.3108  5.77404  
0.173745  0.879395  0.322959  0.728444  
5.62345  6.79507  1.30688  0.888006  
0.665645  0.369411  0.0147702  1.01185  
0.975874  0.0713386  0.322959  0.728444  
0.642448  1.02081  6.85367  6.68527  
0.0147702  1.01185  0.222884  0.939128  
0.173745  0.879395  5.37675  6.67048  
5.37675  6.67048  7.21333  7.47447  
6.85367  6.68527  7.60409  3.43555  
0.322959  0.728444  0.665645  0.369411  
7.60409  3.43555  0.642448  1.02081  
7.21333  7.47447  0.975874  0.0713386  
9.71829e-05  1  3.24525  2.58226  
1  7.28495e-05  9.71829e-05  1  
0.315546  0.712744  0.650072  0.353097  
1.13769  0.158075  0.95022  0.0503536  
0.95022  0.0503536  0.315546  0.712744  
0.650098  0.350132  1.13769  0.321071  
0.359564  1.00871  0.359564  1.00871  
0.650072  0.353097  0.650098  0.350132  
0.657271  1.3142  1  7.28495e-05  
3.23962  2.58226  0.657271  1.3142  
0.359564  1.00871  0.650072  0.353097  
1  7.28495e-05  0.359564  1.00871  
0.650072  0.353094  0.680529  1.48502  
0.95022  0.0503536  0.315546  0.712744  
0.650098  0.350132  0.95022  0.0503536  
0.315546  0.712744  1.13769  0.158075  
1.13769  0.158075  0.650098  0.350132  
3.23962  2.58226  1  7.28495e-05  
0.657271  1.3142  3.23962  2.58226  
9.71829e-05  1  9.71829e-05  1  
3.23962  2.58226  0.657271  1.3142  
0.359564  1.09135  1  7.28495e-05  
0.650072  0.353097  0.359564  1.00871  
1.13769  0.158075  0.315546  0.712744  
0.95022  0.0503536  3.23962  2.58226  
9.71829e-05  1  9.71829e-05  1  
1  7.28495e-05  0.650098  0.350132  
0.315546  0.712744  0.95022  0.0503536  
0.650098  0.350132  1.27995  0.158075  
0.657271  0.921745  0.650072  0.353097  
1  7.28495e-05  1  7.28495e-05  
0.695441  0.936331  1.13769  0.158075  
0.650072  0.353097  0.359564  1.00871  
3.23962  2.58226  3.23962  2.58226  
0.359564  1.00871  0.95022  0.0503536  
9.71829e-05  1  0.657271  1.3142  
0.95022  0.0503536  0.315546  0.712744  
0.650098  0.350132  0.650072  0.353094  
1.13769  0.158075  9.71829e-05  1  
0.315546  0.712744  0.944318  0.366911  
0.650098  0.350132  9.71829e-05  1  
0.359564  1.00871  0.657271  1.3142  
1.13769  0.158075  0.315546  0.712744  
0.650072  0.353097  0.359564  1.00871  
0.95022  0.0503536  3.24525  2.58226  
3.23962  2.58226  0.650072  0.353097  
1  7.28495e-05  1.13769  0.158075  
0.657271  0.921745  0.650098  0.350132  
0.315546  0.712744  0.95022  0.0503536  
9.71829e-05  1  1  7.28495e-05  
0.665613  0.92375  0.650072  0.353097  
0.359564  1.00871  1  7.28495e-05  
0.650072  0.353097  0.665613  0.92375  
1.13769  0.158075  1.13769  0.158075  
0.650098  0.350132  3.23962  2.58226  
0.315546  0.712744  0.650098  0.350132  
1  7.28495e-05  1.3686  0.0783581  
3.23962  2.58226  0.315546  0.712744  
0.95022  0.0503536  0.359564  1.00871  
9.71829e-05  1  9.71829e-05  1  
0.315546  0.712744  0.650072  0.353097  
1.13769  0.158075  0.315546  0.712744  
3.23962  2.58226  9.71829e-05  1  
0.657271  0.921745  0.95022  0.0503536  
1  7.28495e-05  0.657271  1.3142  
9.71829e-05  1  1.13769  0.158075  
0.650072  0.353097  0.359564  1.00871  
0.95022  0.0503536  3.23962  2.58226  
0.359564  1.00871  0.650098  0.350132  
0.650098  0.350132  1  7.28495e-05  
0.359564  1.00871  1  7.28495e-05  
1  7.28495e-05  0.657271  0.921745  
0.657271  0.921745  0.650072  0.353097  
9.71829e-05  1  0.359564  1.00871  
0.650072  0.353097  0.802732  0.350132  
0.650098  0.350132  3.23962  2.58226  
1.13769  0.158075  1.13769  0.158075  
0.95022  0.0503536  9.71829e-05  1  
0.315546  0.712744  0.95022  0.0503536  
3.23962  2.58624  0.315546  0.712744  
0.657271  0.921745  0.650072  0.353097  
3.23962  2.58624  0.315546  0.712744  
1  7.28495e-05  3.23962  2.58226  
1.13769  0.158075  9.71829e-05  1  
0.95022  0.0503536  1.13769  0.158075  
0.650072  0.353097  1  7.28495e-05  
0.359564  1.00871  0.372184  1.05744  
0.315546  0.712744  0.650098  0.350132  
0.650098  0.350132  0.95022  0.0503536  
9.71829e-05  1  0.651058  0.923527  
1.13769  0.158075  0.650098  0.350132  
1  7.28495e-05  0.359564  1.00871  
0.359564  1.00871  0.695441  0.936331  
9.71829e-05  1  0.95022  0.0503536  
0.650098  0.350132  3.23962  2.58226  
0.95022  0.0503536  1.13769  0.158075  
0.651058  0.923527  0.650072  0.353097  
0.315546  0.712744  0.315546  0.712744  
3.23962  2.58226  0.0310599  1.11354  
0.650072  0.353097  1  7.28495e-05  
1  8.73526e-05  1  9.17531e-05  
1  9.17531e-05  7.80835e-05  1  
0.300061  0.700112  0.302101  0.700076  
7.80835e-05  1  1  8.73526e-05  
7.61768e-05  1  0.950024  0.0500197  
0.302101  0.700076  0.65  0.35  
0.65  0.35  0.65  0.35  
0.950024  0.0500197  7.61768e-05  1  
0.65  0.35  0.300061  0.700112  
0.65  0.35  0.65  0.35  
1  8.73526e-05  1  0.280062  
0.302101  0.700076  1  9.17531e-05  
1  9.17531e-05  0.65  0.35  
7.80835e-05  1  0.300061  0.700112  
0.300061  0.700112  0.65  0.35  
0.65  0.35  7.61768e-05  1  
0.950024  0.0500197  7.80835e-05  1  
0.65  0.35  0.302101  0.700076  
7.61768e-05  1  0.65  0.35  
0.65  0.35  0.950024  0.0500197  
1  8.73526e-05  1  9.17531e-05  
0.302101  0.700076  7.80835e-05  1  
7.80835e-05  1  0.65  0.35  
1  9.17531e-05  0.950024  0.0500197  
0.65  0.35  0.65  0.35  
0.65  0.35  0.300061  0.700112  
7.61768e-05  1  0.290643  1  
0.65  0.35  1  8.73526e-05  
0.300061  0.700112  0.302101  0.700076  
0.950024  0.0500197  0.65  0.35  
0.300061  0.700112  0.65  0.35  
0.65  0.35  0.65  0.35  
0.65  0.35  0.65  0.35  
0.950024  0.0500197  1  9.17531e-05  
0.302101  0.700076  7.80835e-05  1  
7.61768e-05  1  1  8.93615e-05  
1  8.73526e-05  0.950024  0.0500197  
0.65  0.35  0.302932  0.700112  
7.80835e-05  1  0.302101  0.700076  
1  9.17531e-05  7.61768e-05  1  
7.61768e-05  1  7.80835e-05  1  
1  8.93615e-05  0.65  0.35  
7.80835e-05  1  7.61768e-05  1  
1  9.17531e-05  0.65  0.35  
0.65  0.35  0.302101  0.700076  
0.65  0.35  1  9.17531e-05  
0.65  0.35  1  0.254512  
0.950024  0.0500197  0.950024  0.0500197  
0.302101  0.700076  0.65  0.35  
0.300061  0.700112  0.300061  0.700112  
1  9.17531e-05  7.80835e-05  1  
1  8.73526e-05  0.65  0.35  
7.80835e-05  1  0.300061  0.700112  
0.302101  0.700076  0.65  0.35  
0.300061  0.700112  0.302101  0.700076  
0.950024  0.0500197  0.65  0.35  
7.61768e-05  1  7.61768e-05  1  
0.65  0.35  1  8.73526e-05  
0.65  0.35  1.25337  0.118326  
0.65  0.35  1  9.17531e-05  
1  8.73526e-05  0.65  0.35  
0.65  0.35  0.65  0.35  
0.65  0.35  7.80835e-05  1  
7.61768e-05  1  1  9.17531e-05  
0.65  0.35  0.300061  0.700112  
7.80835e-05  1  1  8.73526e-05  
1  9.17531e-05  0.950024  0.0500197  
0.302101  0.700076  0.302101  0.700076  
0.300061  0.700112  7.61768e-05  1  
0.950024  0.0500197  0.65  0.35  
1  8.73526e-05  0.65  0.35  
1  9.17531e-05  1  8.73526e-05  
0.302101  0.700076  0.302101  0.700076  
7.61768e-05  1  7.80835e-05  1  
7.80835e-05  1  0.65  0.35  
0.65  0.35  0.916133  0.35  
0.300061  0.700112  7.61768e-05  1  
0.65  0.35  0.300061  0.700112  
0.65  0.35  1  9.17531e-05  
0.950024  0.0500197  0.950024  0.0500197  
7.80835e-05  1  1  9.17531e-05  
0.302101  0.700076  0.950024  0.0500197  
0.950024  0.0500197  0.65  0.35  
0.65  0.35  1  0.00765923  
0.65  0.35  7.80835e-05  1  
1  9.17531e-05  0.302101  0.700076  
7.61768e-05  1  0.65  0.35  
0.65  0.35  7.61768e-05  1  
0.300061  0.700112  0.65  0.35  
1  8.73526e-05  0.300061  0.700112  
0.65  0.35  0.65  0.35  
7.80835e-05  1  1  9.17531e-05  
0.65  0.35  0.0902266  1.02202  
0.300061  0.700112  0.300061  0.700112  
0.302101  0.700076  0.950024  0.0500197  
1  8.73526e-05  0.65  0.35  
0.950024  0.0500197  0.65  0.35  
7.61768e-05  1  7.61768e-05  1  
0.65  0.35  0.302101  0.700076  
1  9.17531e-05  1  8.73526e-05  
1  9.53877e-05  9.33717e-05  1  
0.65  0.35  1  8.31605e-05  
0.304669  0.700006  0.304669  0.700006  
9.80816e-05  1  0.950024  0.0500197  
0.65  0.35  0.65  0.35  
0.300003  0.700249  1  9.53877e-05  
1  8.31605e-05  0.575863  0.700003  
0.300003  0.700003  0.300003  0.700249  
0.950024  0.0500197  9.80816e-05  1  
9.33717e-05  1  0.65  0.35  
1  8.31605e-05  0.650502  0.613341  
0.950024  0.0500197  1  9.53877e-05  
0.304669  0.700006  0.300003  0.700003  
0.65  0.35  0.304669  0.700006  
9.33717e-05  1  0.950024  0.0500197  
1  9.53877e-05  1  8.31605e-05  
9.80816e-05  1  9.33717e-05  1  
0.300003  0.700003  0.300003  0.700249  
0.65  0.35  0.65  0.35  
0.300003  0.700249  9.80816e-05  1  
0.300003  0.700249  0.65  0.35  
0.304669  0.700006  0.300003  0.700249  
0.65  0.35  0.300003  0.700003  
9.80816e-05  1  1  8.31605e-05  
9.33717e-05  1  0.304669  0.700006  
1  8.31605e-05  0.65  0.45493  
0.65  0.35  9.33717e-05  1  
0.300003  0.700003  0.950024  0.0500197  
0.950024  0.0500197  9.80816e-05  1  
1  9.53877e-05  1  9.53877e-05  
0.300003  0.700003  0.304669  0.700006  
0.65  0.35  0.65  0.35  
1  8.31605e-05  0.300003  0.700003  
0.950024  0.0500197  9.33717e-05  1  
0.65  0.35  0.950024  0.0500197  
0.304669  0.700006  0.65  0.35  
9.33717e-05  1  0.300003  0.77357  
9.80816e-05  1  1  9.53877e-05  
1  9.53877e-05  1  8.31605e-05  
0.300003  0.700249  9.80816e-05  1  
0.304669  0.700006  0.300003  0.700003  
1  8.31605e-05  0.65  0.35  
0.300003  0.700249  9.80816e-05  1  
9.80816e-05  1  0.65  0.35  
1  9.53877e-05  0.304669  0.700006  
0.950024  0.0500197  0.950024  0.0500197  
9.33717e-05  1  0.307911  0.70377  
0.65  0.35  9.33717e-05  1  
0.65  0.35  1  9.53877e-05  
0.300003  0.700003  1  8.31605e-05  
0.65  0.35  1  9.53877e-05  
9.80816e-05  1  9.33717e-05  1  
1  9.53877e-05  0.304669  0.700006  
0.300003  0.700003  0.65  0.35  
0.65  0.35  1  8.31057e-05  
9.33717e-05  1  0.300003  0.700003  
1  8.31057e-05  0.961114  0.0500197  
0.950024  0.0500197  0.300003  0.700249  
0.300003  0.700249  9.80816e-05  1  
0.304669  0.700006  0.65  0.35  
0.300003  0.700249  0.300003  0.700003  
0.65  0.35  1  8.31605e-05  
0.304669  0.700006  0.111954  1  
9.80816e-05  1  0.950024  0.0500197  
0.300003  0.700003  0.65  0.35  
9.33717e-05  1  0.65  0.35  
1  9.53877e-05  1  9.53877e-05  
0.65  0.35  0.304669  0.700006  
1  8.31605e-05  0.300003  0.700249  
0.950024  0.0500197  9.80816e-05  1  
1  9.53877e-05  0.300003  0.700249  
0.304669  0.700006  0.65  0.35  
9.33717e-05  1  9.33717e-05  1  
0.65  0.35  0.65  0.35  
0.950024  0.0500197  1.02589  0.0187032  
0.300003  0.700249  0.950024  0.0500197  
1  8.31605e-05  9.80816e-05  1  
9.80816e-05  1  0.300003  0.700003  
0.65  0.35  1  9.53877e-05  
0.300003  0.700003  0.304669  0.700006  
9.33717e-05  1  0.950024  0.0500197  
9.80816e-05  1  9.80816e-05  1  
0.300003  0.700003  0.65  0.35  
0.300003  0.700249  0.300003  0.700003  
0.950024  0.0500197  0.65  0.35  
0.65  0.35  1  8.31605e-05  
0.65  0.35  0.304669  0.700006  
1  8.31605e-05  1.18303  0.21498  
1  9.53877e-05  0.300003  0.700249  
0.304669  0.700006  9.33717e-05  1  
9.33717e-05  1  1  9.53877e-05  
0.300003  0.700249  1  8.31605e-05  
0.65  0.35  0.65  0.35  
1  9.53877e-05  0.340011  0.710765  
0.304669  0.700006  0.65  0.35  
1  8.31605e-05  9.33717e-05  1  
9.80816e-05  1  0.300003  0.700249  
0.65  0.35  9.80816e-05  1  
0.300003  0.700003  0.950024  0.0500197  
0.950024  0.0500197  0.304669  0.700006  
9.74996e-05  1  0.301005  0.700003  
1  6.88997e-05  0.65  0.35  
0.950024  0.0500197  0.950024  0.0500197  
6.54435e-05  1  1  6.88997e-05  
0.301005  0.700003  0.300003  0.700003  
0.65  0.35  1  3.37458e-05  
0.300003  0.700003  0.00543175  1.08725  
0.300003  0.700003  0.65  0.35  
0.65  0.35  0.300003  0.700003  
1  3.37458e-05  6.54435e-05  1  
0.950024  0.0500197  0.65  0.35  
1  6.88997e-05  9.74996e-05  1  
9.74996e-05  1  1  6.88997e-05  
0.65  0.35  1  3.37458e-05  
0.301005  0.700003  0.300003  0.700003  
0.300003  0.700003  0.950024  0.0500197  
1  3.37458e-05  6.54435e-05  1  
6.54435e-05  1  0.300003  0.700003  
0.65  0.35  0.301005  0.700003  
0.300003  0.700003  0.65  0.35  
0.300003  0.700003  0.65  0.404465  
1  3.37458e-05  6.54435e-05  1  
0.950024  0.0500197  0.301005  0.700003  
0.65  0.35  0.300003  0.700003  
1  6.88997e-05  9.74996e-05  1  
6.54435e-05  1  1  6.88997e-05  
9.74996e-05  1  0.65  0.35  
0.300003  0.700003  1  3.37458e-05  
0.65  0.35  0.950024  0.0500197  
0.301005  0.700003  0.300003  0.700003  
1  3.37458e-05  0.65  0.35  
0.65  0.35  0.301005  0.700003  
9.74996e-05  1  1.29731  6.88997e-05  
0.301005  0.700003  0.65  0.35  
0.300003  0.700003  0.300003  0.700003  
0.300003  0.700003  0.300003  0.700003  
1  6.88997e-05  9.74996e-05  1  
6.54435e-05  1  1  3.37458e-05  
0.950024  0.0500197  6.54435e-05  1  
0.65  0.35  0.950024  0.0500197  
1  3.37458e-05  1  6.88997e-05  
0.950024  0.0500197  0.300003  0.700003  
0.300003  0.700003  0.65  0.35  
0.301005  0.700003  0.301005  0.700003  
1  6.88997e-05  3.19459  2.66953  
0.300003  0.700003  0.300003  0.700003  
9.74996e-05  1  6.54435e-05  1  
0.65  0.35  1  3.37458e-05  
6.54435e-05  1  9.74996e-05  1  
0.65  0.35  0.65  0.35  
0.65  0.35  0.65  0.35  
9.74996e-05  1  0.65  0.35  
0.300003  0.700003  1  6.88997e-05  
0.300003  0.700003  1  3.37458e-05  
1  3.37458e-05  6.54435e-05  1  
1  6.88997e-05  0.301005  0.700003  
0.301005  0.700003  0.950024  0.0500197  
0.65  0.35  0.302468  0.930629  
0.950024  0.0500197  0.300003  0.700003  
6.54435e-05  1  9.74996e-05  1  
1  6.88997e-05  1  3.37458e-05  
9.74996e-05  1  1  6.88997e-05  
6.54435e-05  1  0.65  0.35  
1  3.37458e-05  0.65  0.35  
0.65  0.35  0.301005  0.700003  
0.950024  0.0500197  9.74996e-05  1  
0.301005  0.700003  6.54435e-05  1  
0.300003  0.700003  0.950024  0.362088  
0.300003  0.700003  0.300003  0.700003  
0.65  0.35  0.300003  0.700003  
0.65  0.35  1  0.022325  
0.300003  0.700003  0.300003  0.700003  
1  3.37458e-05  0.65  0.35  
0.301005  0.700003  1  3.37458e-05  
0.950024  0.0500197  6.54435e-05  1  
0.300003  0.700003  0.300003  0.700003  
6.54435e-05  1  9.74996e-05  1  
1  6.88997e-05  0.950024  0.0500197  
9.74996e-05  1  0.301005  0.700003  
0.65  0.35  0.65  0.35  
0.300003  0.700003  9.74996e-05  1  
1  3.37458e-05  1  3.37458e-05  
0.950024  0.0500197  0.301005  0.700003  
6.54435e-05  1  1  6.88997e-05  
0.65  0.35  0.950024  0.0500197  
9.74996e-05  1  0.300003  0.700003  
1  6.88997e-05  0.65  0.35  
0.301005  0.700003  0.65  0.35  
0.300003  0.700003  6.54435e-05  1  
0.65  0.35  0.304477  0.700003  
1  6.88997e-05  9.74996e-05  1  
6.54435e-05  1  1  6.88997e-05  
0.300003  0.700003  1  1.66648e-05  
0.950024  0.0500197  0.950024  0.0500197  
0.301005  0.700003  0.65  0.35  
0.300003  0.700003  0.301005  0.700003  
0.65  0.35  0.300003  0.700003  
9.74996e-05  1  6.54435e-05  1.17484  
1  1.66648e-05  0.300003  0.700003  
0.65  0.35  0.65  0.35  
0.950009  0.0500073  1.00049  0.000117597  
6.71528e-05  1  0.65  0.35  
7.39025e-05  1  0.300003  0.700003  
0.300003  0.700003  0.300003  0.700003  
0.65  0.35  7.39025e-05  1  
0.65  0.35  6.71528e-05  1  
0.300003  0.700003  1  8.24104e-05  
1.00005  8.56898e-05  0.950009  0.0500073  
1  8.24104e-05  7.12798e-05  2.21647  
7.12798e-05  2.21647  0.65  0.35  
0.950009  0.0500073  0.300003  0.700003  
7.39025e-05  1  6.71528e-05  1  
0.65  0.35  0.348723  0.977509  
6.71528e-05  1  0.65  0.35  
0.300003  0.700003  0.65  0.35  
7.12798e-05  2.21647  0.950009  0.0500073  
0.65  0.35  1  8.24104e-05  
1  8.24104e-05  1.00005  8.619e-05  
1.00005  8.619e-05  7.12798e-05  2.21647  
0.300003  0.700003  7.39025e-05  1  
7.12798e-05  2.21647  1.00005  8.619e-05  
1.00005  8.619e-05  1  8.24104e-05  
1  8.24104e-05  0.65  0.35  
0.950009  0.0500073  6.71528e-05  1  
7.39025e-05  1  0.65  0.35  
0.65  0.35  7.39025e-05  1  
0.300003  0.700003  7.12798e-05  2.21647  
0.300003  0.700003  0.950009  0.0500073  
6.71528e-05  1  0.300003  0.700003  
0.65  0.35  0.300003  0.700003  
0.65  0.35  0.950009  0.0500073  
1.00005  8.619e-05  1.00005  8.619e-05  
0.65  0.35  0.65  0.35  
7.12798e-05  2.21647  6.71528e-05  1  
1  8.24104e-05  7.39025e-05  1  
0.300003  0.700003  7.12798e-05  2.21647  
7.39025e-05  1  0.65  0.35  
0.950009  0.0500073  0.300003  0.700003  
0.300003  0.700003  0.300003  0.700003  
6.71528e-05  1  1  8.24104e-05  
1  8.24104e-05  6.71528e-05  1  
7.39025e-05  1  0.65  0.35  
0.950009  0.0500073  0.950009  0.0500073  
0.65  0.35  0.300003  0.700003  
0.300003  0.700003  1.00005  8.56898e-05  
6.71528e-05  1  7.12798e-05  2.21647  
0.300003  0.700003  0.65  0.35  
7.12798e-05  1.98855  1  0.0983042  
0.65  0.35  7.39025e-05  1  
1.00005  8.619e-05  0.300003  0.700003  
0.65  0.35  0.65  0.35  
0.65  0.35  0.300003  0.700003  
7.39025e-05  1  6.71528e-05  1  
6.71528e-05  1  1  8.24104e-05  
7.12798e-05  2.21647  0.950009  0.0500073  
0.950009  0.0500073  1.00005  8.56898e-05  
1  8.24104e-05  7.12798e-05  2.21647  
1.00005  8.56898e-05  0.300003  0.700003  
0.300003  0.700003  7.39025e-05  1  
0.300003  0.700003  0.65  0.35  
0.950009  0.0500073  0.950009  0.0500073  
1.00005  8.56898e-05  0.287428  1.95746  
0.300003  0.700003  0.300003  0.700003  
0.65  0.35  6.71528e-05  1  
7.39025e-05  1  0.300003  0.700003  
0.65  0.35  1.00005  8.619e-05  
7.12798e-05  2.21647  0.65  0.35  
0.300003  0.700003  7.39025e-05  1  
6.71528e-05  1  1  8.24104e-05  
1  8.24104e-05  0.65  0.35  
0.300003  0.700003  7.12798e-05  2.21647  
0.300003  0.700003  1.00005  8.79258e-05  
0.65  0.35  6.71528e-05  1  
7.39025e-05  1  0.950009  0.0500073  
0.65  0.35  0.65  0.35  
1.00005  8.56898e-05  0.300003  0.700003  
6.71528e-05  1  0.65  0.35  
0.950009  0.0500073  1  8.24104e-05  
7.12798e-05  2.21647  0.300003  0.700003  
1  8.24104e-05  7.39025e-05  1  
0.300003  0.700003  1  8.24104e-05  
1.00005  8.56898e-05  0.300003  0.700003  
0.950009  0.0500073  0.300003  0.700003  
0.65  0.35  0.65  0.35  
0.300003  0.700003  1.28402  0.52807  
0.65  0.35  0.65  0.35  
7.12798e-05  2.21647  7.12798e-05  2.21647  
6.71528e-05  1  7.39025e-05  1  
1  8.24104e-05  6.71528e-05  1  
7.39025e-05  1  1.00005  8.56898e-05  
0.300003  0.700003  6.71528e-05  1  
1  8.24104e-05  0.950009  0.0500073  
0.65  0.35  1.00005  8.56898e-05  
1.00005  8.56898e-05  1.00012  0.0578975  
0.950009  0.0500073  0.65  0.35  
0.65  0.35  0.65  0.35  
6.71528e-05  1  0.300003  0.700003  
7.39025e-05  1  0.300003  0.700003  
0.300003  0.700003  7.39025e-05  1  
7.12798e-05  2.21647  7.12798e-05  2.21647  
0.65  0.35  1  9.8803e-05  
4.99255e-05  1  4.93816e-05  1.00038  
0.301835  0.7  1  1.54599e-05  
1  1.54599e-05  5.84429e-05  1  
0.3  0.7  0.3  0.7  
6.23859e-05  1  0.950001  0.0500013  
1  9.8803e-05  0.65  0.35  
0.3  0.7  0.65  0.35  
0.65  0.35  0.3  0.7  
0.950001  0.0500013  0.301835  0.7  
0.301835  0.7  1.01043  9.8803e-05  
0.3  0.7  1  1.54599e-05  
0.950001  0.0500013  0.950001  0.0500013  
1  9.8803e-05  0.301835  0.7  
0.65  0.35  0.65  0.35  
1  1.54599e-05  0.3  0.7  
0.65  0.35  4.99255e-05  1  
4.99255e-05  1  5.84429e-05  1  
0.3  0.7  0.65  0.35  
5.84429e-05  1  0.3  0.7  
5.84429e-05  1  0.301835  0.7  
1  1.54599e-05  0.950001  0.0500013  
0.65  0.35  0.65  0.35  
1  9.8803e-05  1  1.54467e-05  
0.301835  0.7  5.84429e-05  1  
0.65  0.35  0.3  0.7  
0.3  0.7  0.65  0.35  
4.99255e-05  1  0.0115926  1  
0.950001  0.0500013  0.3  0.7  
0.3  0.7  1  9.8803e-05  
5.84429e-05  1  0.3  0.7  
0.65  0.35  0.65  0.35  
4.99255e-05  1  0.950001  0.0500013  
1  1.54599e-05  5.84429e-05  1  
0.3  0.7  4.99255e-05  1  
1  9.8803e-05  0.65  0.35  
0.3  0.7  1  9.8803e-05  
0.65  0.35  0.301835  0.732892  
0.950001  0.0500013  1  1.54599e-05  
0.301835  0.7  0.3  0.7  
0.65  0.35  0.65  0.35  
6.23859e-05  1  5.84429e-05  1  
4.99255e-05  1  0.950001  0.0500013  
0.3  0.7  1  1.54599e-05  
1  9.8803e-05  0.3  0.7  
0.301835  0.7  1  9.8803e-05  
0.950001  0.0500013  0.3  1.02927  
1  1.54599e-05  0.65  0.35  
0.65  0.35  0.301835  0.7  
0.3  0.7  4.99255e-05  1  
5.84429e-05  1  0.3  0.7  
4.99255e-05  1  4.99255e-05  1  
1  9.8803e-05  1  1.54599e-05  
0.65  0.35  0.950001  0.0500013  
0.301835  0.7  0.65  0.35  
0.65  0.35  1  9.8803e-05  
0.3  0.7  0.44218  0.7  
0.950001  0.0500013  5.84429e-05  1  
0.3  0.7  0.65  0.35  
1  1.54599e-05  0.301835  0.7  
1  9.8803e-05  0.950001  0.0500013  
5.84429e-05  1  4.99255e-05  1  
0.950001  0.0500013  1  9.8803e-05  
1  1.54599e-05  0.3  0.7  
0.3  0.7  0.65  0.35  
4.99255e-05  1  0.301835  0.7  
0.65  0.35  5.84429e-05  1  
0.301835  0.7  0.3  0.7  
0.3  0.7  0.65  0.35  
0.65  0.35  1  1.54599e-05  
0.65  0.35  1  1.54599e-05  
0.65  0.35  0.950001  0.0500013  
4.99255e-05  1  0.3  0.7  
0.950001  0.0500013  0.3  0.7  
0.301835  0.7  0.65  0.35  
1  1.54467e-05  1  9.8803e-05  
5.84429e-05  1  0.301835  0.7  
0.3  0.7  5.84429e-05  1  
0.3  0.7  4.99255e-05  1.03836  
1  9.8803e-05  0.65  0.35  
1  9.8803e-05  0.3  0.7  
4.99255e-05  1  0.3  0.7  
0.301835  0.7  5.84429e-05  1  
1  1.54599e-05  0.180802  1.33293  
0.950001  0.0500013  0.65  0.35  
0.3  0.7  0.65  0.35  
0.3  0.7  1  9.8803e-05  
0.65  0.35  0.950001  0.0500013  
0.65  0.35  0.301835  0.7  
5.84429e-05  1  1  1.54599e-05  
1  1.54599e-05  5.32689e-05  1  
0.301835  0.7  0.65  0.35  
0.950001  0.0500013  0.301835  0.7  
0.3  0.7  0.65  0.35  
4.99255e-05  1  1  1.54599e-05  
0.3  0.7  1.01679  9.8803e-05  
1  9.8803e-05  0.950001  0.0500013  
5.32689e-05  1  4.99255e-05  1  
0.65  0.35  0.3  0.7  
0.65  0.35  0.3  0.7  
