0.51066  12.9412  0.51872  10.949  
0.301  12.8171  0.239351  12.1834  
0.864974  10.1672  0.644879  10.9182  
0.561097  12.6  0.050793  14.4377  
0.429809  12.1785  0.277212  11.1268  
0.853981  13.067  0.477319  12.2017  
0.540679  11.2785  0.764489  10.2782  
0.152005  13.457  0.108303  11.8259  
0.158479  12.9681  0.236965  10.3163  
0.522038  12.7463  0.288238  11.7521  
0.171035  12.9577  0.264696  13.4158  
0.804735  9.17333  0.219608  13.9826  
0.31084  12.4182  0.998384  13.2099  
0.673259  13.0429  0.0318425  12.0897  
0.0436452  10.6107  0.549693  13.0048  
0.817424  13.2594  0.332927  14.4668  
0.963104  9.09765  0.563047  11.2027  
0.958098  10.5713  0.91504  12.2348  
0.865328  9.9281  0.194858  13.7517  
0.175236  14.9181  0.76324  11.2923  
0.64093  12.358  0.412244  11.94  
0.389564  14.2484  0.52087  11.0209  
0.476993  13.012  0.708044  11.3202  
0.0958926  12.5716  0.203133  13.0892  
0.0282476  14.0474  0.836182  10.4782  
0.587342  12.7716  0.0768486  11.1967  
0.0880222  15.38  0.384117  13.7353  
0.498178  12.7018  0.528966  12.4659  
0.954139  10.5043  0.158044  9.98893  
0.579013  13.1125  0.287448  11.854  
0.38078  14.9925  0.38608  12.4373  
0.229331  12.1448  0.104656  13.6166  
0.4321  14.1754  0.639025  13.3064  
0.040967  14.0313  0.82667  11.109  
0.712759  11.1989  0.294804  11.9772  
0.142321  12.4661  0.857463  10.5773  
0.88354  10.5651  0.248446  11.8471  
0.989159  13.8603  0.935525  12.2601  
0.33217  13.0698  0.207195  11.9466  
0.780755  9.94402  0.374712  10.7441  
0.444394  12.8958  0.451306  14.1776  
0.0399986  14.0421  0.812504  11.1566  
0.723205  11.1723  0.835135  12.0574  
0.246831  12.5559  0.0683065  10.7793  
0.89338  11.781  0.726726  9.87939  
0.385784  11.2697  0.00914306  14.7283  
0.899445  9.23186  0.986563  13.3711  
0.625217  13.5719  0.96667  10.4527  
0.761682  12.912  0.561398  13.2074  
0.997001  12.2831  0.744528  12.5122  
0.72123  11.8122  0.989879  11.1487  
0.357722  11.7613  0.493563  13.5276  
0.659671  12.7493  0.295906  15.474  
0.450374  12.9687  0.746303  11.8855  
0.794636  13.2899  0.164316  11.5963  
0.546716  12.0798  0.416635  12.5577  
0.35854  11.6696  0.132997  15.0325  
0.265769  13.5799  0.459494  14.4152  
0.650994  11.7953  0.951235  12.8083  
0.841837  9.14683  0.847362  9.17812  
0.684885  10.6998  0.106045  12.6226  
0.380424  11.496  0.478293  11.9096  
0.684888  11.4955  0.118019  13.3862  
0.940822  9.63172  0.815619  9.52875  
0.861385  12.6225  0.351222  13.4211  
0.207708  12.1992  0.453429  14.2276  
0.355653  11.452  0.980893  11.9479  
0.457065  12.3117  0.105115  13.2413  
0.491543  14.0007  0.241426  11.9758  
0.508329  11.3272  0.885871  10.5337  
0.450578  11.738  0.167331  12.0486  
0.507016  12.2977  0.155182  10.2185  
0.883014  10.195  0.336469  12.265  
0.221513  13.0675  0.680286  14.524  
0.77619  11.8524  0.507507  14.3104  
0.129055  10.7433  0.43523  13.7355  
0.664485  13.9649  0.987403  11.3654  
0.0114867  14.0558  0.258283  14.895  
0.773876  10.5451  0.0451286  14.0837  
0.350991  13.776  0.417225  13.1691  
0.633398  12.9312  0.10402  12.3853  
0.774628  12.9366  0.7197  12.7223  
0.181526  12.2306  0.715146  12.1842  
0.921523  11.8732  0.070395  14.2181  
0.768393  11.8359  0.0943333  15.0615  
0.455717  13.1452  0.860016  11.7115  
0.600247  13.1695  0.260438  13.1954  
0.875363  11.0477  0.967403  13.265  
0.256026  12.447  0.783352  12.9691  
0.870603  11.0214  0.0929857  12.4253  
0.0787399  11.9595  0.697975  11.9197  
0.208615  13.0432  0.686859  10.8228  
0.254301  14.2441  0.358174  14.207  
0.984436  12.1703  0.730856  14.3776  
0.497033  12.449  0.761668  10.9638  
0.645042  12.9842  0.216792  11.156  
0.9506  10.617  0.254704  12.7462  
0.518118  11.8219  0.783462  11.6253  
0.890261  12.43  0.352161  13.8417  
0.656435  11.8375  0.712367  11.1259  
0.187546  13.6654  0.183468  8.84037  
0.328361  9.68512  0.103614  10.3062  
0.743093  5.37446  0.321149  11.1698  
0.732556  8.53054  0.287985  9.31143  
0.00790123  10.3312  0.374381  11.3279  
0.223829  8.58114  0.0162048  11.9756  
0.941229  9.05328  0.0211896  10.1352  
0.419209  11.7458  0.680435  11.3793  
0.533493  10.1438  0.136914  10.3304  
0.415961  8.14481  0.399776  9.39341  
0.414551  12.2655  0.0540428  9.6568  
0.819207  10.6319  0.855359  7.71502  
0.00932688  9.91774  0.973212  9.3918  
0.345172  10.2264  0.169764  9.71933  
0.871983  5.43715  0.698198  11.4938  
0.115218  9.26013  0.518646  9.96035  
0.27025  10.0544  0.843661  8.0571  
0.664578  11.989  0.194883  11.5113  
0.068467  9.54439  0.460168  10.4978  
0.762031  6.80931  0.812997  7.84431  
0.0211896  10.1352  0.0340682  8.25874  
0.183468  8.84037  0.337838  9.4285  
0.399776  9.39341  0.129937  6.55201  
0.0162048  11.9756  0.0992689  9.04197  
0.321149  11.1698  0.780255  3.46385  
0.103614  9.61144  0.373137  9.00132  
0.374381  11.3279  0.83819  7.22245  
0.287985  9.31143  0.00944882  10.0709  
0.136914  10.3304  0.0418285  10.6006  
0.680435  11.3793  0.317084  10.6284  
0.00164897  12.049  0.221927  10.1601  
0.00693498  8.76971  0.0519902  11.1199  
0.812997  7.84431  0.116889  6.79093  
0.698198  11.4938  0.16057  9.50862  
0.973212  9.3918  0.812109  9.02802  
0.855359  7.71502  0.942762  7.26958  
0.460168  10.4978  0.74609  8.85076  
0.169764  9.71933  0.0336294  9.95581  
0.0540428  9.6568  0.294477  11.7636  
0.843661  8.30131  0.84678  6.46945  
0.83819  6.99395  0.732556  8.53054  
0.373137  9.00132  0.533493  10.1438  
0.0418285  10.6006  0.00790123  10.3312  
0.337838  9.4285  0.415961  8.14481  
0.0992689  9.04197  0.419209  11.7458  
0.0340682  8.25874  0.328361  9.68512  
0.317084  10.6284  0.743093  5.37446  
0.129937  6.55201  0.187546  13.6654  
0.780255  3.46385  0.941229  8.49002  
0.00944882  10.0709  0.223829  8.58114  
0.0519902  11.1199  0.220738  3.5873  
0.221927  10.1601  0.78143  2.54138  
0.16057  9.50862  8.74008e-05  4.01306  
0.563228  9.98774  0.715478  4.94886  
0.74609  8.85076  0.170677  8.01074  
0.116889  6.79093  0.451322  6.69476  
0.0336294  9.95581  0.724964  3.05835  
0.294477  11.7636  0.00539642  8.91239  
0.84678  6.46945  0.0469331  6.2728  
0.942762  7.26958  0.858567  7.48088  
0.724964  3.05835  0.328361  8.08146  
0.451322  6.69476  0.223829  9.16928  
0.78143  2.54138  0.415961  8.15418  
0.170677  8.01074  0.00790123  10.3312  
0.715478  4.94886  0.743093  6.8023  
0.858567  2.30721  0.732556  9.07359  
0.0469331  6.2728  0.187546  11.1955  
0.00539642  8.91239  0.533493  9.90832  
0.220738  3.5873  0.651873  10.6447  
8.74008e-05  4.01306  0.382019  10.2599  
0.651873  10.6447  0.743093  10.1027  
0.187546  11.1955  0.129937  9.81586  
0.223829  8.89241  0.573443  10.0562  
0.743093  5.37446  0.190704  7.69892  
0.00790123  10.3312  0.780732  7.72553  
0.382019  10.2599  0.0709661  8.54472  
0.732556  9.07359  0.346233  8.24557  
0.415961  8.15418  0.707099  7.28684  
0.533493  9.90832  0.851437  10.1065  
0.328361  8.08146  0.48059  10.8198  
0.129937  9.81586  0.819207  10.6319  
0.707099  7.28684  0.871983  5.43715  
0.190704  7.69892  0.00932688  9.91774  
0.780732  7.72553  0.414551  12.2655  
0.48059  10.8198  0.345172  10.2264  
0.851437  10.1065  0.115218  9.26013  
0.573443  10.0562  0.27025  10.0384  
0.743093  9.9894  0.068467  9.54439  
0.0709661  8.54472  0.664578  11.989  
0.346233  8.24557  0.762031  6.80931  
0.372955  10.9018  0.16557  10.2995  
0.0542563  10.7146  0.0570232  11.0741  
0.0725989  7.98781  0.621059  9.21784  
0.575334  11.7532  0.372955  11.4353  
0.621059  9.21784  0.589845  11.4791  
0.16557  10.2995  0.860577  8.06951  
0.763426  5.44068  0.575334  11.7532  
0.159688  12.433  0.159688  12.433  
0.0570232  11.0741  0.763426  5.44068  
0.860577  8.06951  0.0725989  7.98781  
0.135766  7.90245  0.761796  4.38616  
0.858514  4.83228  0.6948  7.38832  
0.884802  5.77716  0.307918  7.43155  
0.6948  7.38832  0.884802  5.82393  
0.761796  4.38616  0.0599217  7.40898  
1.70948e-06  5.30186  0.135766  7.90245  
0.113913  5.68618  0.858514  4.83228  
0.307918  7.43155  0.113913  5.68618  
0.0599217  7.40898  0.858506  2.77652  
0.858506  2.77652  1.70948e-06  5.30186  
0.0582346  11.4024  0.116465  10.3326  
0.000935587  8.13207  0.00118331  7.06231  
0.00118331  7.06231  0.247016  6.37015  
0.247016  6.04789  0.207911  7.60974  
0.207911  7.60974  0.858512  2.40199  
0.324572  7.16534  0.0582346  11.4024  
0.431481  8.48605  0.44025  5.32685  
0.44025  5.32685  0.431481  8.48605  
0.858512  2.40199  0.324572  7.16534  
0.116465  10.3326  0.000935587  8.13207  
0.368543  6.80782  0.298189  9.83511  
0.298189  9.83511  0.97968  6.27236  
0.00525357  7.56293  0.65077  5.12913  
0.858512  2.34402  0.266429  4.971  
0.65077  5.12913  0.00269232  6.33878  
0.266429  4.971  0.780048  6.02407  
0.771796  6.14142  0.771796  6.14142  
0.780048  6.02407  0.368543  6.80782  
0.803106  6.48376  0.00525357  7.56293  
0.00269232  6.33878  0.858512  2.34402  
0.858485  2.30708  0.739502  3.34649  
0.739502  3.34649  0.312665  9.88168  
0.0867991  8.08911  0.0867991  8.08911  
0.104617  3.8656  0.218819  3.59283  
0.0114133  5.10127  0.0114133  5.10127  
0.312665  9.88168  2.01698e-06  4.97873  
2.01698e-06  5.15713  0.882578  6.36966  
0.218819  3.59283  0.00477587  7.53891  
0.882578  6.36966  0.104617  3.8656  
0.00477587  7.53891  0.858485  2.30708  
0.679087  3.24162  0.135766  3.7345  
0.721926  2.9226  0.858512  2.30708  
7.62685e-05  5.34095  0.865242  2.41914  
2.45583e-06  4  0.762518  2.63859  
0.236075  3.57659  0.679087  3.24162  
0.135766  3.7345  0.801888  4.02551  
0.801888  2.43118  2.45583e-06  4  
0.865242  2.41914  7.62685e-05  5.34095  
0.858512  2.30708  0.236075  3.57659  
0.762518  2.63859  0.721926  2.9226  
0.00296401  8.76223  0.125604  6.02692  
2.05519e-07  6.8815  0.258698  7.64481  
0.858512  2.30708  0.174329  4.24052  
0.258698  7.64481  0.601843  6.5505  
0.89777  7.77632  0.928709  4.252  
0.125604  6.02692  0.00296401  8.76223  
0.601843  6.5505  2.05519e-07  6.8815  
0.174329  4.24052  0.241412  6.11883  
0.241412  6.11883  0.873075  2.31442  
0.928709  4.252  0.89777  7.77632  
0.324572  4.86528  0.858512  2.30708  
0.463851  8.44184  0.463851  8.44184  
0.809691  4.4798  0.324572  4.86528  
0.167368  6.95061  0.103294  10.5712  
0.858512  2.30708  0.167368  6.95061  
2.05519e-07  6.2469  0.276277  5.57103  
0.808064  6.25019  0.790232  7.29701  
0.276277  5.57103  0.809691  4.4798  
0.790232  7.29701  0.808064  6.25019  
0.103294  10.3874  2.05519e-07  6.2469  
0.858517  2.57671  0.436063  7.11751  
0.504999  6.91121  0.101842  9.32533  
0.875467  7.38343  0.56681  6.08675  
0.436063  7.11751  0.827888  4.51175  
0.827888  4.51175  0.0511585  7.92378  
0.40675  8.94149  0.40675  8.94149  
0.253777  6.92878  0.875467  7.38343  
0.101842  9.32533  0.858517  2.57671  
0.0511585  7.79986  0.253777  6.92878  
0.730202  4.43263  0.504999  6.91121  
0.207911  7.48525  0.247016  5.78883  
0.116465  11.7551  0.207911  7.48525  
0.00118331  7.06231  0.0582346  11.2923  
0.431481  7.07483  0.44025  5.32685  
0.44025  5.32685  0.858512  2.30708  
0.0582346  11.2923  0.370814  10.3969  
0.353739  10.4525  0.324572  6.80633  
0.324572  6.80633  0.431481  7.07483  
0.247016  5.78883  0.353739  10.4525  
0.858512  2.30708  0.00118331  7.06231  
0.00244552  6.45238  0.22801  6.05352  
0.276281  6.5241  0.100595  8.78722  
0.121404  5.21693  0.160141  6.99276  
0.858511  2.33031  0.569265  8.40432  
0.160141  6.99276  0.858511  2.33031  
0.22801  6.05352  0.0200864  8.05609  
0.119884  7.82441  0.00244552  6.45238  
0.569265  8.40432  0.276281  6.78679  
0.0200864  8.05609  0.119884  7.82441  
0.100595  8.78722  0.416907  6.12937  
0.677087  3.25652  0.707303  3.04137  
0.0953501  3.83004  0.126379  5.5121  
0.24367  3.57406  2.45583e-06  6.06479  
0.692834  5.57555  0.632417  6.04319  
0.81421  2.40134  0.0736877  3.95574  
0.746437  2.74377  0.724562  3.41004  
2.45583e-06  4  0.599875  6.25911  
0.164728  3.67057  0.858069  2.30707  
0.0230031  7.57468  0.240082  4.04411  
0.858069  2.30707  0.795719  2.46542  
0.712947  6.0998  0.240082  4.04411  
0.0254217  4.73739  0.126379  5.63544  
0.0465905  4.0594  2.45583e-06  6.06479  
0.746711  2.75177  0.858069  2.30707  
0.0418523  6.74436  0.707303  3.04137  
0.220177  3.58706  0.632417  6.04319  
0.0749027  5.42833  0.724562  3.41004  
2.45583e-06  6.52912  0.0736877  3.95574  
0.858069  2.30718  0.795719  2.46542  
0.739206  3.21159  0.599875  6.25911  
0.599875  6.25911  0.858069  2.30707  
0.707303  3.02971  0.637785  7.29935  
0.0736877  3.95574  0.220582  4.20103  
0.858069  2.30707  0.215426  3.59328  
0.728108  5.42363  2.45583e-06  4.00113  
2.45583e-06  6.06479  0.764345  5.24739  
0.126379  5.63544  0.69074  4.97443  
0.724562  3.41004  0.774277  5.13227  
0.240082  4.04411  0.592516  5.72075  
0.795719  2.46542  0.505451  6.99886  
0.254458  5.29927  0.798381  2.45648  
0.112705  3.82274  0.112705  3.82274  
0.858069  2.30707  0.505451  7.02384  
0.505451  7.02384  0.0281555  5.08581  
2.45583e-06  4  2.45583e-06  4  
0.994058  5.70485  0.254458  5.29927  
0.0715132  7.57554  0.870492  4.16006  
0.870492  4.16006  0.994058  5.70485  
0.798381  2.45648  0.858069  2.30707  
0.0281555  5.08581  0.0715132  7.57554  
0.746437  2.74377  0.81421  2.38477  
0.81421  2.40134  0.226227  3.59877  
2.45583e-06  4  0.746437  2.74377  
0.802804  4.56844  0.712697  2.98772  
0.677087  3.25652  0.164728  3.67057  
0.0230031  7.57468  0.677087  3.25652  
0.24367  3.57406  0.0953501  3.83004  
0.0953501  3.83004  0.858069  2.31088  
0.164728  3.67057  0.780226  2.53526  
0.858069  2.30707  0.24367  3.57406  
2.45583e-06  4  0.69074  4.63141  
0.505451  5.64738  0.112705  3.79716  
0.774277  4.84096  0.858069  2.30707  
0.858069  2.30707  0.64379  6.35237  
0.746375  2.74881  0.24367  3.57406  
0.798381  2.45047  0.722452  2.9151  
0.0419667  6.08233  0.505451  5.7204  
0.243434  3.58818  0.746437  4.76304  
0.637785  6.63607  2.45583e-06  4.00136  
0.0715132  5.91133  0.798381  2.44719  
0.164728  3.67057  0.746375  3.11132  
0.0953501  3.83004  0.0715132  5.91133  
0.780226  2.53526  0.0602778  5.51951  
0.858069  2.30707  0.774277  4.65595  
2.45583e-06  4  0.243434  3.58818  
0.677087  3.25652  0.505451  5.64778  
0.81421  2.38477  0.798381  2.45047  
0.746437  2.74377  0.637785  6.62044  
0.712697  2.98772  0.858069  2.30707  
0.24367  3.57406  2.45583e-06  4  
0.798381  2.44719  0.858069  2.30707  
0.505451  5.7204  0.632417  6.04319  
0.69074  4.63141  0.795719  2.46542  
0.64379  6.35237  0.599875  6.25911  
0.24367  3.57406  0.724562  3.41004  
2.45583e-06  4.00136  0.126379  5.5121  
0.746437  4.76304  0.707303  3.04137  
0.722452  2.9151  0.0736877  3.95574  
0.112705  3.79433  2.45583e-06  6.06479  
0.858069  2.30707  0.240082  4.04411  
0.746375  2.74881  0.0418523  6.74436  
0.0715132  5.91133  0.858069  2.30718  
0.774277  4.65595  0.220177  3.58706  
0.858069  2.30707  0.0465905  4.0594  
0.243434  3.58818  0.0254217  4.73739  
0.637785  6.62044  0.739206  3.21159  
2.45583e-06  4  2.45583e-06  6.52912  
0.0602778  5.51951  0.0749027  5.42833  
0.798381  2.45047  0.746711  2.74545  
0.505451  5.64738  0.712947  6.0998  
0.592516  5.72075  0.774277  4.84096  
0.220582  4.20103  0.746375  2.74881  
0.858069  2.30707  0.798381  2.45047  
0.774277  5.13227  0.243434  4.38992  
0.215426  3.59328  2.45583e-06  4  
0.505451  6.99886  0.0419667  6.08233  
0.69074  4.97443  0.499391  6.16258  
2.45583e-06  4.00113  0.0715132  5.91133  
0.637785  7.26041  0.858069  2.30707  
0.764345  5.24739  0.505451  5.64738  
0.763872  2.63018  0.763872  2.63018  
0.858069  2.30707  0.80624  2.41366  
4.08088e-06  4  0.24257  3.57433  
0.094036  3.83311  0.725174  4.13263  
0.164852  3.67032  0.164852  3.67032  
0.80624  2.41366  0.679709  3.23695  
0.725174  4.13263  0.094036  3.83311  
0.24257  3.57433  0.858069  2.30707  
0.723271  2.90892  4.08088e-06  4  
0.679709  3.23695  0.723271  2.90892  
0.80624  2.41366  0.24257  3.57433  
0.679709  3.23695  0.723271  2.90892  
0.24257  3.57433  0.164852  3.67032  
0.858069  2.30707  0.858069  2.30707  
0.723271  2.90892  0.725174  4.14975  
0.094036  3.83311  0.80624  2.41366  
0.725174  4.13263  0.763872  2.63018  
0.763872  2.63018  0.679709  3.23695  
0.164852  3.67032  4.08088e-06  4  
4.08088e-06  4  0.094036  3.83311  
0.094036  3.83311  0.094036  3.83311  
0.763872  2.63018  0.723271  2.90892  
0.858069  2.30707  0.858069  2.30707  
0.24257  3.57433  0.164852  3.67032  
0.679709  3.23695  0.679709  3.23695  
0.80624  2.41366  0.725174  4.13263  
0.725174  4.13263  0.24257  3.57433  
0.723271  2.90892  0.763872  2.63018  
4.08088e-06  4  0.80624  2.41366  
0.164852  3.67032  4.08088e-06  4  
0.763872  2.63018  0.80624  2.41366  
0.164852  3.67032  4.08088e-06  4  
0.723271  2.90892  0.763872  2.63018  
0.094036  3.83311  0.24257  3.57433  
0.858069  2.30707  0.207871  3.59974  
0.679709  3.23695  0.723271  2.90892  
0.725174  4.13263  0.858069  2.30707  
0.80624  2.41366  0.094036  3.83311  
0.24257  3.57433  0.679709  3.23695  
4.08088e-06  4  0.725174  4.13263  
0.858069  2.30707  0.094036  3.83311  
0.723271  2.90892  0.725174  4.13263  
0.24257  3.57433  0.80624  2.41366  
0.80624  2.41366  0.763872  2.63018  
0.763872  2.63018  0.24257  3.57433  
0.679709  3.23695  0.858069  2.30707  
0.725174  4.13263  0.164852  3.67032  
4.08088e-06  4  4.08088e-06  4  
0.164852  3.67032  0.723271  2.90892  
0.094036  3.83311  0.679709  3.23695  
0.858069  2.30707  0.814991  2.38216  
0.24257  3.57433  0.094036  3.92705  
4.08088e-06  4  4.08088e-06  4  
0.679709  3.23695  0.712719  3.01988  
0.80624  2.41366  0.164852  3.68963  
0.723271  2.90892  0.746922  2.74047  
0.725174  4.13263  0.780238  2.53519  
0.094036  3.83311  0.24257  3.57433  
0.164852  3.67032  0.858069  2.30707  
0.763872  2.63018  0.675103  3.27128  
0.24257  3.57433  4.08088e-06  4  
0.80624  2.41366  0.24257  3.57905  
0.679709  3.23695  0.679709  3.23695  
0.723271  2.90892  0.763872  2.63018  
0.164852  3.67032  0.858069  2.30707  
4.08088e-06  4  0.164852  3.67032  
0.725174  4.13263  0.723271  2.90892  
0.858069  2.30707  0.094036  3.83311  
0.094036  3.83311  0.80624  2.41366  
0.763872  2.63018  0.725174  4.13263  
0.814991  2.38216  0.725174  4.13263  
0.858069  2.30707  0.679709  3.23695  
0.746922  2.74047  0.723271  2.90892  
0.24257  3.57433  0.763872  2.63018  
0.780238  2.53519  0.24257  3.57433  
4.08088e-06  4  0.80624  2.41366  
0.675103  3.27128  0.858069  2.30707  
0.712719  2.98756  0.094036  3.83311  
0.164852  3.67032  0.628713  3.62102  
0.094036  3.83311  4.08088e-06  4  
0.164852  3.67032  0.858069  2.30707  
0.80624  2.41366  4.08088e-06  4  
0.094036  3.83311  0.763872  2.63018  
0.858069  2.30707  0.679709  3.23695  
0.679709  3.23695  0.24257  3.57433  
0.763872  2.63018  0.723271  2.90892  
0.725174  4.13263  0.80624  2.41366  
0.24257  3.57433  0.164852  3.67032  
0.723271  2.90892  0.094036  3.83311  
4.08088e-06  4  0.725174  4.13263  
0.679709  3.23695  0.094036  3.83311  
0.763872  2.63018  0.24257  3.57433  
0.24257  3.57433  0.679709  3.23695  
0.723271  2.90892  0.80624  2.41366  
0.164852  3.67032  0.725174  4.13263  
4.08088e-06  4  0.763872  2.63018  
0.725174  4.13263  0.723271  2.90892  
0.094036  3.83311  0.858069  2.30707  
0.80624  2.41366  0.164852  3.67032  
0.858069  2.30707  4.08088e-06  4.06289  
0.746804  2.74127  0.675103  3.27128  
0.000166415  3.99983  0.71286  2.9865  
0.24257  3.57433  0.0939766  3.83325  
0.165003  3.67001  0.746804  2.74127  
0.857935  2.30709  0.24257  3.57433  
0.0939766  3.83325  0.000166415  3.99983  
0.780297  2.53488  0.857935  2.30709  
0.815079  2.38188  0.815079  2.38188  
0.675103  3.27128  0.780297  2.53488  
0.71286  2.9865  0.165003  3.67001  
0.746804  2.74127  0.780297  2.55668  
0.165003  3.67001  0.000166415  3.99983  
0.24257  3.57433  0.24257  3.57433  
0.675103  3.27128  0.71286  2.9865  
0.71286  2.9865  0.746804  2.74127  
0.815079  2.38188  0.0939766  3.83325  
0.000166415  3.99983  0.165003  3.67001  
0.780297  2.53488  0.857935  2.30709  
0.857935  2.30709  0.675103  3.27128  
0.0939766  3.83325  0.815079  2.38188  
0.24257  3.57433  0.780297  2.53488  
0.0939766  3.83325  0.71286  2.9865  
0.71286  2.9865  0.857935  2.30709  
0.000166415  3.99983  0.165003  3.67001  
0.780297  2.53488  0.746804  2.74127  
0.746804  2.74127  0.24257  3.57433  
0.857935  2.30709  0.000166415  3.99983  
0.675103  3.27128  0.675103  3.27521  
0.815079  2.38188  0.815079  2.38188  
0.165003  3.67001  0.0939766  3.83325  
0.165003  3.67001  0.780297  2.53488  
0.0939766  3.83325  0.746804  2.74127  
0.000166415  3.99983  0.000166415  3.99983  
0.746804  2.74127  0.165003  3.67001  
0.780297  2.53488  0.675103  3.27128  
0.675103  3.27128  0.71286  2.9865  
0.857935  2.30709  0.24257  3.57433  
0.815079  2.38188  0.857935  2.30709  
0.71286  2.9865  0.0939766  3.83325  
0.24257  3.57433  0.815079  2.38188  
0.746804  2.74127  0.675103  3.27128  
0.24257  3.57433  0.746804  2.74127  
0.165003  3.67001  0.165003  3.67001  
0.71286  2.9865  0.000166415  4.01474  
0.780297  2.53488  0.815079  2.38188  
0.675103  3.27128  0.780297  2.53488  
0.0939766  3.83325  0.71286  2.9865  
0.815079  2.38188  0.857935  2.30709  
0.000166415  3.99983  0.0939766  3.83325  
0.857935  2.30709  0.24257  3.57433  
0.24257  3.57433  0.165003  3.67001  
0.675103  3.27128  0.886252  2.33546  
0.165003  3.67001  0.71286  2.9865  
0.746804  2.74127  0.746804  2.74127  
0.857935  2.30709  0.0939766  3.83325  
0.780297  2.53488  0.000166415  3.99983  
0.000166415  3.99983  0.815079  2.38188  
0.815079  2.38188  0.780297  2.53488  
0.0939766  3.83325  0.24257  3.57433  
0.71286  2.9865  0.675103  3.27128  
0.71286  2.9865  0.24257  3.57433  
0.815079  2.38188  0.165003  3.67001  
0.24257  3.57433  0.000166415  3.99983  
0.0939766  3.83325  0.675103  3.27128  
0.780297  2.53488  0.857935  2.30709  
0.000166415  3.99983  0.815079  2.38188  
0.746804  2.74127  0.0939766  3.83325  
0.675103  3.27128  0.780297  2.53488  
0.857935  2.30709  0.71286  2.9865  
0.165003  3.67001  0.746804  2.74127  
0.71286  2.9865  0.815079  2.38188  
0.24257  3.57433  0.24257  3.57433  
0.746804  2.74127  0.857935  2.30709  
0.815079  2.38188  0.71286  2.9865  
0.857935  2.30709  0.165003  3.67001  
0.780297  2.53488  0.675103  3.27128  
0.000166415  3.99983  0.000166415  3.99983  
0.165003  3.67001  0.780297  2.56325  
0.0939766  3.83325  0.0939766  3.83325  
0.675103  3.27128  0.746804  2.74127  
0.746804  2.74127  0.0939766  3.83325  
0.675103  3.27128  0.675103  3.27128  
0.815079  2.38188  0.24257  3.57433  
0.71286  2.9865  0.165003  3.67001  
0.000166415  3.99983  0.000166415  3.99983  
0.165003  3.67001  0.857935  2.30709  
0.857935  2.30709  0.780297  2.53488  
0.780297  2.53488  0.815079  2.38188  
0.24257  3.57433  0.71286  2.9865  
0.0939766  3.83325  0.746804  2.74127  
0.815079  2.38188  0.746804  2.74127  
0.780297  2.53488  0.780297  2.53488  
0.0939766  3.83325  0.898426  2.36698  
0.857935  2.30709  0.815079  2.40985  
0.165003  3.67001  0.675103  3.27128  
0.675103  3.27128  0.165003  3.67001  
0.24257  3.57433  0.71286  2.9865  
0.71286  2.9865  0.0939766  3.83325  
0.000166415  3.99983  0.000166415  3.99983  
0.746804  2.74127  0.24257  3.57433  
0.778927  2.54232  0.242547  3.57433  
0.0939766  3.83325  0.674291  3.28874  
0.16501  3.67  0.857925  2.30709  
0.857925  2.30709  0.0939766  3.83325  
0.711573  2.99618  0.813427  2.38742  
0.813427  2.38742  0.711573  2.99618  
0.242547  3.57433  0.16501  3.67  
0.674291  3.2773  0.745211  2.75216  
0.745211  2.75216  0.778927  2.54232  
0.000168179  3.99983  0.000168179  3.99983  
0.813427  2.38742  0.857925  2.30709  
0.674291  3.2773  0.000168179  3.99983  
0.711573  2.99618  0.745211  2.75216  
0.0939766  3.83325  0.0939766  3.83325  
0.242547  3.57433  0.16501  3.67  
0.16501  3.67  0.813427  2.38742  
0.000168179  3.99983  0.778927  2.54232  
0.745211  2.75216  0.711573  2.99618  
0.857925  2.30709  0.242547  3.57433  
0.778927  2.54232  0.674291  3.2773  
0.16501  3.67  0.242547  3.57433  
0.711573  2.99618  0.813427  2.38742  
0.0939766  3.83325  0.000156936  3.99984  
0.857925  2.30709  0.711573  2.99618  
0.778927  2.54232  0.16501  3.67  
0.813427  2.38742  0.778927  2.54232  
0.000168179  3.99983  0.745211  2.75216  
0.745211  2.75216  0.674291  3.2773  
0.674291  3.2773  0.857925  2.30709  
0.242547  3.57433  0.0939766  3.83325  
0.745211  2.75216  0.16501  3.67  
0.0939766  3.83325  0.778927  2.54232  
0.711573  2.99618  0.674291  3.2773  
0.813427  2.38742  0.0939766  3.83325  
0.242547  3.57433  0.686344  3.1871  
0.778927  2.54232  0.242547  3.57433  
0.674291  3.2773  0.813427  2.38742  
0.000168179  3.99983  0.745211  2.75216  
0.16501  3.67  0.857925  2.30709  
0.857925  2.30709  0.000168179  3.99983  
0.16501  3.67  0.000168179  3.99983  
0.745211  2.75216  0.242547  3.57433  
0.242547  3.57433  0.711573  2.99618  
0.813427  2.38742  0.857925  2.30709  
0.0939766  3.83325  0.745211  2.75216  
0.711573  2.99618  0.778927  2.54232  
0.674291  3.2773  0.0939766  3.83325  
0.857925  2.30709  0.674291  3.2773  
0.000168179  3.99983  0.16501  3.67  
0.778927  2.54232  0.813427  2.38742  
0.857925  2.30709  0.778927  2.54232  
0.778927  2.54232  0.000168179  3.99983  
0.16501  3.67  0.674291  3.2773  
0.813427  2.38742  0.857925  2.30709  
0.674291  3.2773  0.745211  2.75216  
0.711573  2.99618  0.813427  2.38742  
0.242547  3.57433  0.16501  3.67  
0.0939766  3.83325  0.242547  3.57433  
0.745211  2.75216  0.849298  2.311  
0.000168179  3.99983  0.0939766  3.83325  
0.674291  3.2773  0.745211  2.75216  
0.711573  2.99618  0.0939766  3.83325  
0.813427  2.38742  0.000168179  3.99983  
0.16501  3.67  0.711573  2.99618  
0.000168179  3.99983  0.778927  2.54232  
0.0939766  3.83325  0.792417  2.47447  
0.778927  2.54232  0.242547  3.57433  
0.745211  2.75216  0.16501  3.67  
0.242547  3.57433  0.0765588  3.87287  
0.857925  2.30709  0.674291  3.2773  
0.778927  2.54232  0.711573  2.99618  
0.857925  2.30709  0.778927  2.54232  
0.16501  3.67  0.857925  2.30709  
0.745211  2.75216  0.674291  3.2773  
0.813427  2.38742  0.242547  3.57433  
0.000168179  3.99983  0.16501  3.67  
0.674291  3.2773  0.745211  2.75216  
0.711573  2.99618  0.000168179  3.99983  
0.0939766  3.83325  0.813427  2.38742  
0.242547  3.57433  0.857925  2.30709  
0.745211  2.75216  0.711573  2.99618  
0.000168179  3.99983  0.242547  3.57433  
0.16501  3.67  0.16501  3.67  
0.778927  2.54232  0.745211  2.75216  
0.674291  3.2773  0.000168179  3.99983  
0.242547  3.57433  0.813427  2.38742  
0.857925  2.30709  0.778927  2.54232  
0.711573  2.99618  0.0939766  3.83325  
0.0939766  3.83325  0.674291  3.2773  
0.813427  2.38742  0.857925  2.30709  
0.674291  3.2773  0.674291  3.2773  
0.745211  2.75216  0.857925  2.30709  
0.000168179  3.99983  0.242547  3.57433  
0.711573  2.99618  0.0939766  3.85084  
0.778927  2.54232  0.813427  2.38742  
0.813427  2.38742  0.745211  2.75216  
0.857925  2.30709  0.778927  2.54232  
0.242547  3.57433  0.000168179  3.99983  
0.16501  3.67  0.16501  3.67  
0.0939766  3.83325  0.711573  2.99618  
0.778927  2.54232  0.778927  2.54232  
0.242547  3.57433  0.745205  2.7522  
0.711573  2.99618  0.000168179  3.99983  
0.0939766  3.83325  0.0939766  3.83325  
0.000168179  3.99983  0.857925  2.30709  
0.165022  3.66997  0.711573  2.99618  
0.857925  2.30709  0.165022  3.66997  
0.745205  2.7522  0.242547  3.57433  
0.813419  2.38745  0.674289  3.27731  
0.674289  3.27731  0.813419  2.38745  
0.0939766  3.83325  0.0939766  3.83325  
0.857925  2.30709  0.813419  2.38745  
0.778927  2.54232  0.778927  2.54232  
0.242547  3.57433  0.745205  2.7522  
0.674289  3.27731  0.242547  3.57433  
0.165022  3.66997  0.000168179  3.99983  
0.813419  2.38745  0.165022  3.66997  
0.745205  2.7522  0.674289  3.27731  
0.000168179  3.99983  0.711573  2.99618  
0.711573  2.99618  0.995651  2.96355  
0.000168179  3.99983  0.813419  2.38745  
0.0939766  3.83325  0.000168179  3.99983  
0.242547  3.57433  0.165022  3.66997  
0.778927  2.54232  0.778927  2.54232  
0.813419  2.38745  0.857925  2.30709  
0.165022  3.66997  0.674289  3.27731  
0.745205  2.7522  0.745205  2.7522  
0.857925  2.30709  0.711573  2.99618  
0.674289  3.27731  0.0939766  3.83325  
0.711573  2.99618  0.242547  3.57433  
0.165022  3.66997  0.745205  2.7522  
0.000168179  3.99983  0.242547  3.57433  
0.0939766  3.83325  0.778927  2.54232  
0.674289  3.27731  0.813419  2.38745  
0.745205  2.7522  0.857925  2.30709  
0.813419  2.38745  0.000168179  3.99983  
0.778927  2.54232  0.711573  3.02359  
0.242547  3.57433  0.674289  3.27731  
0.711573  2.99618  0.0939766  3.83325  
0.857925  2.30709  0.165022  3.66997  
0.165022  3.66997  0.813419  2.38745  
0.0939766  3.83325  0.000168179  3.99983  
0.778927  2.54232  0.165022  3.66997  
0.242547  3.57433  0.857925  2.30709  
0.745205  2.7522  0.242547  3.57433  
0.813419  2.38745  0.778927  2.54232  
0.857925  2.30709  0.0939766  3.83325  
0.674289  3.27731  0.711573  2.99618  
0.000168179  3.99983  0.674289  3.27731  
0.711573  2.99618  0.745205  2.7522  
0.857925  2.30709  0.674289  3.27731  
0.778927  2.54232  0.745205  2.7522  
0.745205  2.7522  0.813419  2.38745  
0.674289  3.27731  0.165022  3.66997  
0.165022  3.66997  0.0939766  3.83697  
0.711573  2.99618  0.000168179  3.99983  
0.242547  3.57433  0.778927  2.54232  
0.000168179  3.99983  0.242547  3.57433  
0.0939766  3.83325  0.711573  2.99618  
0.813419  2.38745  0.857925  2.30709  
0.242547  3.57433  0.888691  2.35771  
0.711573  2.99618  0.778927  2.54232  
0.778927  2.54232  0.165022  3.66997  
0.745205  2.7522  0.745205  2.7522  
0.165022  3.66997  0.000168179  3.99983  
0.000168179  3.99983  0.857925  2.30709  
0.857925  2.30709  0.711573  2.99618  
0.813419  2.38745  0.674289  3.27731  
0.0939766  3.83325  0.242547  3.57433  
0.674289  3.27731  0.0939766  3.83325  
0.745205  2.7522  0.745205  2.7522  
0.778927  2.54232  0.165022  3.66997  
0.242547  3.57433  0.813419  2.38745  
0.165022  3.66997  0.778927  2.54232  
0.000168179  3.99983  0.857925  2.30709  
0.857925  2.30709  0.242547  3.57433  
0.813419  2.38745  0.000168179  3.99983  
0.0939766  3.83325  0.674289  3.27731  
0.711573  2.99618  0.711573  2.99618  
0.674289  3.27731  0.0939766  3.83325  
0.000168179  3.99983  0.165022  3.66997  
0.0939766  3.83325  0.0939766  3.83325  
0.813419  2.38745  0.745205  2.7522  
0.242547  3.57433  0.857925  2.30709  
0.711573  2.99618  0.000168179  4.0047  
0.745205  2.7522  0.778927  2.54232  
0.165022  3.66997  0.711573  2.99618  
0.674289  3.27731  0.242547  3.57433  
0.778927  2.54232  0.674289  3.27731  
0.857925  2.30709  0.813419  2.38745  
0.778927  2.54232  0.242547  3.57433  
0.857925  2.30709  0.745205  2.7522  
0.0939766  3.83325  0.0939766  3.83325  
0.242547  3.57433  0.813419  2.38745  
0.165022  3.66997  0.178517  3.64408  
0.000168179  3.99983  0.000168179  4.02517  
0.711573  2.99618  0.711573  2.99618  
0.813419  2.38745  0.778927  2.54232  
0.674289  3.27731  0.674289  3.27731  
0.745205  2.7522  0.857925  2.30709  
0.857925  2.30709  0.745205  2.7522  
0.000168179  3.99983  0.0939764  3.83325  
0.165022  3.66997  0.813419  2.38745  
0.674289  3.27731  0.711573  2.99618  
0.778929  2.54231  0.674289  3.27731  
0.745205  2.7522  0.857925  2.30709  
0.242547  3.57433  0.242547  3.57433  
0.711573  2.99618  0.000168179  3.99983  
0.813419  2.38745  0.165022  3.66997  
0.0939764  3.83325  0.778929  2.54231  
0.0939764  3.83325  0.165022  3.66997  
0.242547  3.57433  0.857925  2.30709  
0.000168179  3.99983  0.778929  2.54231  
0.745205  2.7522  0.0939764  3.83325  
0.711573  2.99618  0.300691  3.60825  
0.778929  2.54231  0.745205  2.7522  
0.813419  2.38745  0.813419  2.38745  
0.857925  2.30709  0.674289  3.27731  
0.674289  3.27731  0.000168179  3.99983  
0.165022  3.66997  0.711573  2.99618  
0.711573  2.99618  0.165022  3.66997  
0.165022  3.66997  0.0939764  3.83325  
0.242547  3.57433  0.804222  2.42164  
0.000168179  3.99983  0.857925  2.30709  
0.813419  2.38745  0.711573  2.99618  
0.857925  2.30709  0.674289  3.27731  
0.745205  2.7522  0.242547  3.57433  
0.674289  3.27731  0.778929  2.54231  
0.778929  2.54231  0.000168179  3.99983  
0.0939764  3.83325  0.813419  2.38745  
0.778929  2.54231  0.813419  2.38745  
0.813419  2.38745  0.857925  2.30709  
0.0939764  3.83325  0.0939764  3.83325  
0.711573  2.99618  0.711573  2.99618  
0.857925  2.30709  0.674289  3.27731  
0.242547  3.57433  0.778929  2.54231  
0.674289  3.27731  0.165022  3.66997  
0.000168179  3.99983  0.1192  3.77333  
0.745205  2.7522  0.000168179  3.99983  
0.165022  3.66997  0.745205  2.7522  
0.745205  2.7522  0.778929  2.54231  
0.242547  3.57433  0.0939764  3.83325  
0.0939764  3.83325  0.813419  2.38745  
0.813419  2.38745  0.165022  3.66997  
0.857925  2.30709  0.711573  2.99618  
0.674289  3.27731  0.674289  3.27731  
0.000168179  3.99983  0.857925  2.30709  
0.165022  3.66997  0.242547  3.57433  
0.711573  2.99618  0.000168179  4.00698  
0.778929  2.54231  0.745205  2.7522  
0.857925  2.30709  0.674289  3.27731  
0.745205  2.7522  0.711573  2.99618  
0.000168179  3.99983  0.778929  2.54231  
0.711573  2.99618  0.242547  3.57433  
0.242547  3.57433  0.745205  2.7522  
0.674289  3.27731  0.165022  3.66997  
0.0939764  3.83325  0.857925  2.30709  
0.813419  2.38745  0.0939764  3.83325  
0.165022  3.66997  0.000168179  3.99983  
0.778929  2.54231  0.813419  2.38745  
0.674289  3.27731  0.0939764  3.83325  
0.813419  2.38745  0.813419  2.39092  
0.0939764  3.83325  0.165022  3.66997  
0.711573  2.99618  0.745205  2.7522  
0.165022  3.66997  0.242547  3.57433  
0.000168179  3.99983  0.000168179  3.99983  
0.745205  2.7522  0.857925  2.30709  
0.857925  2.30709  0.674289  3.27731  
0.778929  2.54231  0.711573  2.99618  
0.242547  3.57433  0.778929  2.54231  
0.242547  3.57433  0.711573  2.99618  
0.711573  2.99618  0.745205  2.7522  
0.778929  2.54231  0.857925  2.30709  
0.857925  2.30709  0.000168179  3.99983  
0.165022  3.66997  0.0861966  3.85123  
0.000168179  3.99983  0.737984  2.80373  
0.745205  2.7522  0.165022  3.66997  
0.0939764  3.83325  0.242547  3.57433  
0.674289  3.27731  0.674289  3.27731  
0.813419  2.38745  0.754172  2.71806  
0.674289  3.27731  0.242547  3.57433  
0.711573  2.99618  0.0939764  3.83325  
0.242547  3.57433  0.674289  3.27731  
0.000168179  3.99983  0.000168179  3.99983  
0.745205  2.7522  0.745205  2.7522  
0.857925  2.30709  0.165022  3.66997  
0.813419  2.38745  0.813419  2.43573  
0.0939764  3.83325  0.711573  2.99618  
0.778929  2.54231  0.857925  2.30709  
0.165022  3.66997  0.778929  2.54231  
0.711573  2.99618  0.000168179  3.99983  
0.778929  2.54231  0.165022  3.66997  
0.857925  2.30709  0.857925  2.30709  
0.745205  2.7522  0.923183  2.46532  
0.242547  3.57433  0.778929  2.54231  
0.674289  3.27731  0.0939764  3.83325  
0.000168179  3.99983  0.242547  3.57433  
0.165022  3.66997  0.674289  3.27731  
0.813419  2.38745  0.711573  2.99618  
0.0939764  3.83325  0.745205  2.7522  
