531.323  904.002  114.079  1159.59  
1388.27  293.582  775.293  983.961  
467.676  430.337  114.495  803.598  
59.6522  1332.8  657.004  58.4731  
256.25  1503.24  444.805  352.665  
931.327  356.699  130.702  1230.99  
942.065  157.061  853.475  1333.72  
852.691  219.481  1454.83  5.11814  
116.384  1183.85  931.568  151.775  
683.655  1104.81  849.015  110.617  
872.921  754.444  426.159  1007.4  
526.884  878.542  745.494  619.333  
1284.77  195.194  887.183  317.778  
662.31  764.211  90.7688  1306.23  
293.562  999.504  2.31316  1438.78  
347.909  827.804  41.3317  731.301  
587.045  737.252  604.162  953.18  
980.905  274.517  641.842  1202.19  
1551.26  568.633  424.989  1024.44  
756.325  575.546  172.342  908.083  
1227.57  188.563  1094.7  559.074  
867.503  521.204  1046.71  233.381  
1289.08  699.233  676.997  914.824  
418.22  1048.3  842.597  955.741  
1164.71  232.799  1006.59  876.952  
555.208  895.234  1087.94  616.657  
923.26  67.309  886.28  786.936  
2.36578  1011.32  854.578  311.946  
335.278  689.761  811.529  491.924  
592.463  931.729  26.2127  986.886  
1426.95  156.481  923.476  938.179  
698.253  526.682  823.449  137.362  
707.497  363.526  1099.59  93.4089  
812.363  543.515  542.575  518.563  
196.944  694.726  1505.53  162.963  
799.643  676.734  551.359  917.72  
673.573  562.756  1120.87  385.379  
641.15  1135.31  842.135  1147.74  
462.32  611.92  447.013  1046.8  
984.177  771.097  1160.15  371.363  
90.4143  1075.98  190.9  974.658  
529.497  109.786  1008.47  847.477  
534.659  1054.85  512.972  1204.65  
912.4  959.353  64.8401  1010.92  
47.2283  945.727  257.833  809.354  
760.176  586.588  57.17  887.222  
1287.5  279.98  134.637  1141.11  
1153.97  342.218  815.847  1321.86  
1079.4  43.8004  931.586  844.273  
887.314  1085.1  1133.56  136.466  
853.236  1268.89  1224.7  317.004  
1199.31  352.796  264.773  657.244  
1098.15  781.858  870.531  691.831  
616.683  835.047  335.61  1021.67  
135.597  861.814  569.394  1504.04  
17.7725  956.237  576.242  704.768  
1193.08  223.857  32.7454  850.165  
433.845  583.283  917.666  209.385  
485.94  773.213  317.32  856.695  
29.1315  549.817  1154.33  219.083  
1184.89  696.54  1090.97  471.598  
620.476  464.826  505.056  112.917  
26.2806  942.179  1118.74  47.5554  
767.502  778.788  190.053  1291.24  
1075.74  584.927  535.52  1404.56  
680.399  707.975  981.925  133.705  
233.65  798.115  530.275  1420.49  
904.553  552.558  1300.5  178.541  
1416.36  2.27118  77.6534  1468.63  
343.479  817.934  585.515  1350.54  
786.289  693.667  1306.21  44.1108  
602.959  257.389  341.358  1089.19  
277.461  1486.52  1153.08  110.755  
806.411  638.78  542.484  716.593  
544.938  1022.27  745.356  267.476  
173.493  1379.61  545.641  314.699  
950.518  993.413  591.633  1094.76  
584.222  183.218  652.667  556.045  
1092.32  325.5  321.032  786.808  
709.848  667.758  143.764  1077.37  
531.048  796.881  650.003  267.509  
646.198  900.278  1071.56  199.459  
456.888  960.257  483.784  563.004  
717.374  1090.78  907.942  705.79  
625.999  893.488  354.344  693.841  
98.9543  735.789  1052.25  117.806  
1043.9  349.044  1158.59  469.996  
598.627  26.4569  528.432  852.098  
602.088  896.288  1531.91  105.31  
1134.98  478.239  834.719  364.749  
379.865  718.942  531.751  1130.21  
688.062  1029.42  956.894  155.583  
1179.33  92.1923  752.696  641.981  
933.828  545.082  996.563  359.981  
1168.76  646.623  1549.25  269.573  
1088.49  426.853  1077.97  231.381  
836.546  10.4349  313.288  1331.79  
16.8758  1036.34  742.571  910.828  
675.199  514.954  824.869  540.667  
389.757  815.176  957.648  178.639  
100.101  1052.95  729.745  330.964  
1101.55  30.3102  722.831  325.122  
13.5094  842.9  5.29799  719.998  
66.1138  1108.76  116.296  992.03  
44.1196  473.758  27.2523  1083.46  
640.58  189.936  24.1209  702.344  
869.357  0.00364204  766.973  882.758  
995.642  8.54683  499.334  977.147  
491.587  976.508  49.9939  536.837  
601.615  113.431  97.0639  818.796  
693.412  798.091  100.101  1052.95  
722.831  325.122  13.3707  834.251  
18.6202  542.177  601.615  113.431  
574.401  1124.05  491.587  976.508  
546.564  523.887  869.357  0.00364204  
97.0639  818.796  1101.55  30.3102  
27.2523  1083.46  995.642  8.54683  
5.29799  719.998  640.58  189.936  
481.4  577.724  66.1138  1108.76  
505.339  189.436  44.1196  473.758  
1337.71  108.776  926.065  429.536  
418.123  0.00175167  0.179375  475.295  
63.2983  690.841  563.325  218.703  
797.799  21.9522  1337.71  108.776  
0.179375  475.295  418.123  0.00175167  
271.622  423.077  334.451  443.651  
926.065  429.536  84.2722  791.48  
563.325  218.703  797.799  21.9522  
84.2722  791.48  63.2983  690.841  
578.949  506.355  578.949  506.355  
765.767  0.00633503  97.0639  818.796  
7.43626  463.977  722.831  325.122  
112.314  148.869  693.412  798.091  
0.000628511  4.48917  40.2355  1171.56  
6.67056  480.552  5.29799  719.998  
30.4583  1252.74  481.4  577.724  
261.452  2.24356  1176.65  342.47  
6.49711  2.72187e-05  505.339  189.436  
245.501  1052.75  546.564  523.887  
317.588  602.48  27.2523  1083.46  
6.49711  2.72187e-05  112.314  148.869  
3.19644  399.953  30.4583  1252.74  
0.000628511  4.48917  6.49711  2.72187e-05  
261.452  2.24356  7.43626  463.977  
0.00745886  48.0715  543.449  1030.95  
109.607  0.00090676  245.501  1052.75  
230.968  308.579  261.452  2.24356  
5.72669  983.313  0.000628511  4.48917  
11.399  318.557  705.283  298.287  
107.443  142.414  6.67056  480.552  
867.062  629.201  0.000628511  4.48917  
0.000628511  4.48917  6.49711  2.72187e-05  
5.4423  934.48  5.72669  983.313  
136.122  821.672  11.399  318.557  
321.266  429.219  109.607  0.00090676  
842.705  119.029  107.443  142.414  
4.42607  553.811  230.968  308.579  
836.813  208.057  119.835  207.369  
418.408  569.385  3.19644  399.953  
188.694  370.991  800.205  6.8667  
729.745  330.964  842.705  119.029  
97.0639  818.796  418.408  569.385  
49.9939  536.837  867.062  629.201  
722.831  325.122  0.000628511  4.48917  
116.296  992.03  4.42607  553.811  
487.522  809.711  6.06411  1041.25  
499.334  977.147  188.694  370.991  
766.973  882.758  601.089  576.513  
28.4014  1129.15  321.266  429.219  
5.29799  719.998  836.813  208.057  
9.91472  618.618  247.822  0.00103821  
60.6835  0.000254224  640.58  189.936  
4.50474  839.078  995.642  8.54683  
640.58  189.936  491.587  976.508  
995.642  8.54683  44.1196  473.758  
44.1196  473.758  9.91472  618.618  
491.587  976.508  68.5478  1149.58  
68.5478  1149.58  4.50474  839.078  
100.101  1052.95  1186.14  32.6379  
1186.14  32.6379  100.101  1052.95  
211.935  992.58  15.0847  1422.42  
34.4195  755.587  211.935  992.58  
401.61  797.229  34.4195  755.587  
663.789  26.8392  2.53928  1000.57  
15.0847  1422.42  1033.24  52.016  
64.4677  0.000270078  401.61  797.229  
947.499  547.051  1342.65  775.194  
9.29613  843.132  663.789  26.8392  
0.0915251  653.722  538.689  774.582  
2.53928  1000.57  64.4677  0.000270078  
900.854  467.558  64.4677  0.000270078  
64.4677  0.000270078  14.3009  892.291  
3.82647  701.164  595.624  948.934  
942.551  394.774  124.603  651.275  
124.603  651.275  413.645  621.756  
14.3009  892.291  684.174  213.473  
684.174  213.473  643.785  17.7144  
73.7551  791.986  900.854  467.558  
643.785  17.7144  73.7551  791.986  
413.645  621.756  4.75159  870.683  
1227.85  9.82173  880.685  14.2335  
0.870909  0.491865  431.736  680.426  
305.929  705.907  282.933  333.462  
16.5551  1563.82  1.00021  4.20079e-05  
911.099  19.5294  9.99379e-05  1.00021  
259.53  1116.02  227.215  729.374  
0.549902  0.835477  724.319  1358.7  
9.99379e-05  1.00021  604.313  824.27  
682.364  41.8113  705.171  543.764  
70.8651  54.8188  1155.75  245.947  
79.347  735.99  0.816695  0.577428  
1092.33  66.1334  0.00636265  567.342  
0.549902  0.835477  911.099  19.5294  
0.0050031  446.114  0.549902  0.835477  
682.364  41.8113  248.8  543.527  
0.0313366  313.626  582.959  1244.46  
979.121  20.9874  9.99379e-05  1.00021  
0.816695  0.577428  5.39739  1085.38  
1031.01  16.663  682.364  41.8113  
1.00021  4.20079e-05  1.00021  4.20079e-05  
682.364  41.8113  569.58  439.208  
5.39739  1085.38  880.685  14.2335  
911.099  19.5294  88.0884  675.543  
9.99379e-05  1.00021  0.591389  0.806643  
1.00021  4.20079e-05  0.192402  0.981527  
0.816695  0.577428  775.988  100.97  
0.00572198  510.215  657.893  677.384  
0.549902  0.835477  9.99379e-05  1.00021  
582.959  1244.46  1.00021  4.20079e-05  
248.8  543.527  0.813742  0.581582  
71.2768  546.616  569.58  439.208  
0.813742  0.581582  99.6343  496.995  
0.192402  0.981527  147.379  151.724  
775.988  100.97  99.4117  762.381  
880.685  14.2335  880.685  14.2335  
657.893  677.384  1.00021  4.20079e-05  
1.00021  4.20079e-05  9.99379e-05  1.00021  
0.591389  0.806643  1115.91  237.469  
9.99379e-05  1.00021  839.554  864.427  
569.58  439.208  0.591389  0.806643  
0.453894  141.615  9.99379e-05  1.00021  
9.99379e-05  1.00021  0.469604  0.883111  
0.961509  0.275526  1.00021  4.20079e-05  
0.680726  0.73282  0.192402  0.981527  
1.00021  4.20079e-05  593.295  39.8344  
0.513181  0.858521  848.102  13.7069  
0.327251  0.945157  0.813742  0.581582  
0.805808  0.592526  465.643  857.307  
0.901092  0.434106  486.7  435.142  
0.734132  0.679311  919.484  54.1916  
0.192402  0.981527  569.58  439.208  
848.102  13.7069  880.685  14.2335  
0.813742  0.581582  99.6343  496.995  
486.7  435.142  1.00021  4.20079e-05  
1.00021  4.20079e-05  88.0884  675.543  
9.99379e-05  1.00021  775.988  100.97  
0.469604  0.883111  657.893  677.384  
375.794  691.883  0.813742  0.581582  
593.295  39.8344  0.591389  0.806643  
919.484  54.1916  9.99379e-05  1.00021  
9.99379e-05  1.00021  1117.49  14.2097  
88.0884  675.543  0.469604  0.883111  
0.591389  0.806643  486.7  435.142  
775.988  100.97  919.484  54.1916  
880.685  14.2335  375.794  691.883  
99.6343  496.995  9.99379e-05  1.00021  
1.00021  4.20079e-05  0.192402  0.981527  
819.906  844.197  0.813742  0.581582  
10.5262  3.79707  1.00021  4.20079e-05  
569.58  439.208  593.295  39.8344  
1.00021  4.20079e-05  1.00021  4.20079e-05  
0.816695  0.577428  911.099  19.5294  
0.549902  0.835477  1227.85  9.82173  
0.0050031  446.114  8.08695  763.903  
248.8  543.527  9.99379e-05  1.00021  
911.099  19.5294  254.102  555.111  
1227.85  9.82173  0.816695  0.577428  
8.08695  763.903  682.364  41.8113  
682.364  41.8113  0.549902  0.835477  
9.99379e-05  1.00021  0.0050031  446.114  
11.5896  1094.77  0.901092  0.434106  
1.00021  4.20079e-05  0.805808  0.592526  
0.0050031  446.114  0.680726  0.73282  
0.816695  0.577428  9.99379e-05  1.00021  
248.8  543.527  0.961509  0.275526  
1227.85  9.82173  0.734132  0.679311  
911.099  19.5294  0.513181  0.858521  
9.99379e-05  1.00021  11.9281  34.4505  
682.364  41.8113  0.453894  141.615  
0.549902  0.835477  1.00021  4.20079e-05  
0.549902  0.835477  848.102  13.7069  
682.364  41.8113  486.7  435.142  
0.816695  0.577428  0.469604  0.883111  
0.0050031  446.114  0.813742  0.581582  
9.99379e-05  1.00021  9.99379e-05  1.00021  
79.347  735.99  437.2  29.3541  
1.00021  4.20079e-05  1.00021  4.20079e-05  
979.121  20.9874  919.484  54.1916  
1031.01  16.663  0.192402  0.981527  
1092.33  66.1334  465.643  857.307  
34.5962  390.734  0.0117637  117.735  
38.9254  72.1898  0.32051  0.947247  
160.058  758.804  1  6.40554e-05  
0.783585  0.621287  118.112  559.946  
1  6.40554e-05  34.5962  390.734  
0.909669  0.41534  0.909669  0.41534  
518.111  0.10695  0.220917  0.975295  
0.32051  0.947247  38.9254  72.1898  
0.0117637  117.735  1.26193  2.18095  
0.220917  0.975295  518.111  0.10695  
846.362  0.265078  168.254  447.063  
0.00656  132.114  135.976  62.0844  
0.643795  0.765201  846.362  0.265078  
0.000171471  1.71613  0.643795  0.765201  
273.242  214.589  0.783585  0.621287  
0.783585  0.621287  0.000171471  1.71613  
186.433  85.1223  0.464664  0.885489  
0.464664  0.885489  273.242  214.589  
168.254  447.063  0.00656  132.114  
1  6.40554e-05  1  6.40554e-05  
0.32051  0.947247  1  6.40554e-05  
0.220917  0.975295  43.3905  490.058  
1  6.40554e-05  0.0117637  117.735  
0.909669  0.41534  9.99174e-05  1  
0.0117637  117.735  0.32051  0.947247  
34.5962  390.734  0.479308  0.877649  
307.651  0.0635061  0.220917  0.975295  
9.99174e-05  1  306.289  0.0632249  
0.479308  0.877649  0.783585  0.621287  
0.783585  0.621287  0.909669  0.41534  
0.622833  0.782357  0.466726  0.884404  
9.99174e-05  1  161.967  481.711  
0.466726  0.884404  0.909669  0.41534  
161.967  481.711  0.622833  0.782357  
0.0117637  117.735  9.99174e-05  1  
0.783585  0.621287  39.641  447.711  
173.15  284.295  6.26474  367.272  
1  6.40554e-05  1  6.40554e-05  
39.641  447.711  275.837  0.115844  
0.909669  0.41534  173.15  284.295  
0.909669  0.41534  46.1644  84.5305  
0.32051  0.947247  0.0117637  117.735  
307.651  0.0635061  34.5962  390.734  
9.99174e-05  1  1  6.40554e-05  
0.479308  0.877649  0.909669  0.41534  
34.5962  390.734  0.622833  0.782357  
1  6.40554e-05  443.491  0.0915465  
0.0117637  117.735  127.977  156.486  
0.783585  0.621287  0.783585  0.621287  
0.622833  0.782357  0.32051  0.947247  
0.663506  0.748174  0.43889  0.898543  
0.561661  0.82737  1.95926  2.20927  
0.43889  0.898543  2.13734  221.478  
0.752205  0.658932  9.99174e-05  1  
0.289592  0.957152  0.752205  0.658932  
9.99174e-05  1  0.958244  0.28596  
0.958244  0.28596  0.561661  0.82737  
0.834235  0.551413  205.834  136.053  
1  6.40554e-05  275.523  254.574  
0.901869  0.432015  0.289592  0.957152  
1  6.40554e-05  0.464664  0.885489  
0.00656  132.114  0.909669  0.41534  
0.783585  0.621287  9.99174e-05  1  
168.254  447.063  168.254  447.063  
0.464664  0.885489  273.242  214.589  
0.909669  0.41534  0.783585  0.621287  
9.99174e-05  1  215.302  0.0674319  
215.302  0.0674319  52.3201  62.1866  
273.242  214.589  40.5793  40.8111  
0.643795  0.765201  0.00656  132.114  
0.643795  0.765201  0.643795  0.765201  
457.849  0.143397  1  6.40554e-05  
0.464664  0.885489  0.909669  0.41534  
168.254  447.063  0.464664  0.885489  
0.00865923  174.391  0.00865923  174.391  
9.99174e-05  1  122.903  492.143  
122.903  492.143  0.783585  0.621287  
0.783585  0.621287  168.254  447.063  
1  6.40554e-05  9.99174e-05  1  
0.909669  0.41534  457.849  0.143397  
0.909669  0.41534  0.783585  0.621287  
0.622833  0.782357  0.909669  0.41534  
39.641  447.711  9.99174e-05  1  
0.783585  0.621287  39.641  447.711  
9.99174e-05  1  161.967  481.711  
1  6.40554e-05  1  6.40554e-05  
283.622  0.0585459  0.0117637  117.735  
0.466726  0.884404  160.823  0.0331974  
161.967  481.711  0.622833  0.782357  
0.0117637  117.735  234.777  444.882  
181.572  540.018  0.466726  0.884404  
0.466726  0.884404  1  6.40554e-05  
9.99174e-05  1  278.654  0.0575204  
278.654  0.0575204  0.909669  0.41534  
243.805  523.879  0.783585  0.621287  
0.909669  0.41534  181.572  540.018  
1  6.40554e-05  243.805  523.879  
0.622833  0.782357  35.6778  402.95  
39.641  447.711  125.671  157.859  
0.783585  0.621287  9.99174e-05  1  
0.500536  0.865717  14.1403  40.2482  
0.00550256  55.0712  1  9.40543e-05  
53.7429  19.5136  0.500536  0.865717  
1  9.40543e-05  0.6396  0.768709  
0.858455  0.512891  0.00509344  50.9766  
0.6396  0.768709  0.55843  0.829553  
5.37422  80.1266  0.858455  0.512891  
0.758708  0.651432  9.99173e-05  1  
9.99173e-05  1  17.1575  61.7577  
0.331466  0.943468  0.758708  0.651432  
0.331466  0.943468  9.99173e-05  1  
206.153  0.089407  0.6396  0.768709  
0.858455  0.512891  0.331466  0.943468  
1  9.40543e-05  1  9.40543e-05  
0.758708  0.651432  25.9961  0.0112743  
0.6396  0.768709  85.8406  244.332  
0.00509344  50.9766  99.709  59.572  
17.1575  61.7577  0.500536  0.865717  
9.99173e-05  1  0.939959  0.341291  
0.500536  0.865717  0.758708  0.651432  
0.758708  0.651432  0.708699  0.705513  
0.331466  0.943468  0.939959  0.341291  
0.6396  0.768709  0.858455  0.512891  
9.99173e-05  1  1  9.40543e-05  
25.9935  0.0178945  112.767  195.039  
0.858455  0.512891  9.99173e-05  1  
112.767  195.039  25.9935  0.0178945  
1  9.40543e-05  0.598467  0.801149  
0.939959  0.341291  25.5592  81.3154  
0.014066  140.776  0.014066  140.776  
1  9.40543e-05  0.500536  0.865717  
0.858455  0.512891  0.858455  0.512891  
0.331466  0.943468  2.44235  0.00105923  
0.6396  0.768709  1  9.40543e-05  
0.939959  0.341291  0.758708  0.651432  
25.9874  0.0112706  0.939959  0.341291  
0.00509344  50.9766  0.331466  0.943468  
9.99173e-05  1  9.99173e-05  1  
0.758708  0.651432  0.6396  0.768709  
0.500536  0.865717  0.00509344  50.9766  
0.958108  0.28641  9.99173e-05  1  
1  9.40543e-05  1  9.40543e-05  
0.901775  0.432207  0.901775  0.432207  
0.753743  0.65717  0.561124  0.827733  
0.561124  0.827733  0.753743  0.65717  
0.663505  0.748173  0.289246  0.957256  
0.43889  0.898542  0.663505  0.748173  
9.99173e-05  1  0.43889  0.898542  
0.832055  0.554694  0.832055  0.554694  
0.289246  0.957256  266.505  159.226  
53.7429  19.5136  25.9961  0.0112743  
0.500536  0.865717  0.758708  0.651432  
1  9.40543e-05  113.849  174.584  
0.331466  0.943468  0.00550256  55.0712  
9.99173e-05  1  43.9179  75.9594  
0.758708  0.651432  0.939959  0.341291  
5.37422  80.1266  9.99173e-05  1  
0.6396  0.768709  1  9.40543e-05  
0.00550256  55.0712  0.6396  0.768709  
0.858455  0.512891  0.858455  0.512891  
0.331466  0.943468  1  9.40543e-05  
9.99173e-05  1  0.393464  0.919341  
0.858455  0.512891  0.331466  0.943468  
0.00550256  55.0712  0.858455  0.512891  
1  9.40543e-05  0.500536  0.865717  
25.9961  0.0112743  25.9935  0.0178945  
0.939959  0.341291  0.6396  0.768709  
0.758708  0.651432  0.014066  140.776  
0.6396  0.768709  0.939959  0.341291  
0.500536  0.865717  9.99173e-05  1  
0.858455  0.512891  0.331466  0.943468  
0.014066  140.776  9.99173e-05  1  
0.758708  0.651432  0.758708  0.651432  
1  9.40543e-05  0.500536  0.865717  
9.99173e-05  1  13.373  13.7609  
25.9935  0.0178945  0.939959  0.341291  
0.939959  0.341291  0.6396  0.768709  
0.6396  0.768709  25.9935  0.0178945  
0.500536  0.865717  0.858455  0.512891  
0.331466  0.943468  0.923863  0.382726  
0.858455  0.512891  25.9961  0.0112743  
0.014066  140.776  0.500536  0.865717  
1  9.40543e-05  0.331466  0.943468  
25.9935  0.0178945  0.939959  0.341291  
0.6396  0.768709  9.99173e-05  1  
0.939959  0.341291  85.8406  244.332  
0.500536  0.865717  0.6396  0.768709  
9.99173e-05  1  88.0517  75.6019  
0.758708  0.651432  1  9.40543e-05  
0.331466  0.943468  99.709  59.572  
0.6396  0.768709  0.6396  0.768709  
1  9.40543e-05  144.871  0.0628294  
0.858455  0.512891  0.331466  0.943468  
0.331466  0.943468  0.500536  0.865717  
9.99173e-05  1  21.6445  77.3398  
0.939959  0.341291  0.939959  0.341291  
21.6445  77.3398  9.99173e-05  1  
0.500536  0.865717  0.858455  0.512891  
0.758708  0.651432  200.909  172.502  
0.00550256  55.0712  1  9.40543e-05  
0.43543  0.900223  0.753485  0.657465  
0.958153  0.286257  21.4904  0.00204619  
0.834182  0.551489  0.901775  0.432206  
0.554697  0.832052  0.554697  0.832052  
1  9.5214e-05  0.588032  0.808838  
0.753485  0.657465  0.660533  0.750797  
0.289246  0.957255  316.238  131.185  
0.660533  0.750797  8.01499  12.0226  
0.901775  0.432206  0.834182  0.551489  
9.99172e-05  1  0.43543  0.900223  
0.660533  0.750797  0.660533  0.750797  
1  9.5214e-05  0.43543  0.900223  
0.753485  0.657465  9.99172e-05  1  
0.958153  0.286257  0.753485  0.657465  
9.99172e-05  1  0.901775  0.432206  
0.289246  0.957255  0.958153  0.286257  
0.554697  0.832052  0.834182  0.551489  
0.901775  0.432206  1  9.5214e-05  
0.834182  0.551489  0.289246  0.957255  
0.43543  0.900223  0.554697  0.832052  
0.660533  0.750797  0.554697  0.832052  
9.99172e-05  1  231.854  0.0220757  
0.289246  0.957255  0.958153  0.286257  
0.958153  0.286257  0.289246  0.957255  
0.834182  0.551489  9.99172e-05  1  
0.753485  0.657465  0.753485  0.657465  
0.43543  0.900223  0.43543  0.900223  
1  9.5214e-05  0.901775  0.432206  
0.554697  0.832052  0.660533  0.750797  
0.901775  0.432206  0.834182  0.551489  
1  9.5214e-05  1  9.5214e-05  
0.289246  0.957255  9.99172e-05  1  
0.660533  0.750797  0.901775  0.432206  
0.901775  0.432206  9.07077  23.8954  
9.99172e-05  1  0.958153  0.286257  
0.958153  0.286257  0.753485  0.657465  
0.43543  0.900223  0.660533  0.750797  
0.554697  0.832052  0.834182  0.551489  
0.753485  0.657465  0.554697  0.832052  
0.834182  0.551489  0.43543  0.900223  
0.958153  0.286257  0.958153  0.286257  
0.834182  0.551489  0.834182  0.551489  
0.289246  0.957255  3.54539  1.92342  
0.901775  0.432206  0.660533  0.750797  
1  9.5214e-05  44.9351  148.712  
0.660533  0.750797  0.43543  0.900223  
0.753485  0.657465  1  9.5214e-05  
9.99172e-05  1  9.99172e-05  1  
0.43543  0.900223  0.753485  0.657465  
0.554697  0.832052  0.901775  0.432206  
0.660533  0.750797  9.99172e-05  1  
0.958153  0.286257  0.43543  0.900223  
0.834182  0.551489  1  9.5214e-05  
0.43543  0.900223  41.543  19.9109  
0.753485  0.657465  0.554697  0.832052  
9.99172e-05  1  0.958153  0.286257  
1  9.5214e-05  0.834182  0.551489  
0.289246  0.957255  0.660533  0.750797  
0.901775  0.432206  0.289246  0.957255  
0.554697  0.832052  0.753485  0.657465  
0.753485  0.657465  0.554697  0.832052  
0.958153  0.286257  0.958153  0.286257  
0.834182  0.551489  0.753485  0.657465  
0.901775  0.432206  0.289246  0.957255  
9.99172e-05  1  1  9.5214e-05  
0.289246  0.957255  9.99172e-05  1  
0.43543  0.900223  0.834182  0.551489  
0.554697  0.832052  5.18296  5.89122  
0.660533  0.750797  0.43543  0.900223  
1  9.5214e-05  0.901775  0.432206  
0.43543  0.900223  0.753485  0.657465  
0.958153  0.286257  0.554697  0.832052  
1  9.5214e-05  1  9.5214e-05  
0.289246  0.957255  0.00492017  49.2425  
9.99172e-05  1  0.901775  0.432206  
0.660533  0.750797  0.289246  0.957255  
0.753485  0.657465  0.834182  0.551489  
0.834182  0.551489  0.958153  0.286257  
0.554697  0.832052  0.660533  0.750797  
0.901775  0.432206  0.43543  0.900223  
1  9.5214e-05  0.43543  0.900223  
0.958153  0.286257  0.753485  0.657465  
0.289246  0.957255  0.289246  0.957255  
9.99172e-05  1  0.834182  0.551489  
0.834182  0.551489  0.958153  0.286257  
0.660533  0.750797  9.99172e-05  1  
0.43543  0.900223  0.660533  0.750797  
0.554697  0.832052  0.554697  0.832052  
0.753485  0.657465  1  9.5214e-05  
0.901775  0.432206  0.901775  0.432206  
0.901775  0.432206  91.1947  132.175  
0.554697  0.832052  0.834182  0.551489  
0.834182  0.551489  0.347097  0.937829  
0.958153  0.286257  0.554697  0.832052  
0.753485  0.657465  0.660533  0.750797  
0.660533  0.750797  0.753485  0.657465  
0.43543  0.900223  0.901775  0.432206  
9.99172e-05  1  176.249  123.706  
1  9.5214e-05  0.43543  0.900223  
0.289246  0.957255  1  9.5214e-05  
0.660497  0.750828  0.289185  0.957273  
0.958153  0.286257  0.834182  0.551489  
9.99172e-05  1  0.901772  0.432211  
0.43543  0.900223  0.21605  0.976382  
0.289185  0.957273  1  9.5214e-05  
0.554697  0.832052  0.660497  0.750828  
1  9.5214e-05  0.958153  0.286257  
0.834182  0.551489  0.43543  0.900223  
0.75345  0.657505  0.554697  0.832052  
0.901772  0.432211  0.75345  0.657505  
0.554697  0.832052  0.525777  0.850623  
0.901772  0.432211  1  9.5214e-05  
1  9.5214e-05  0.958153  0.286257  
0.289185  0.957273  0.43543  0.900223  
0.43543  0.900223  9.99172e-05  1  
0.75345  0.657505  0.289185  0.957273  
0.660497  0.750828  0.660497  0.750828  
0.834182  0.551489  0.901772  0.432211  
0.958153  0.286257  0.834182  0.551489  
9.99172e-05  1  0.75345  0.657505  
0.43543  0.900223  0.43543  0.900223  
0.901772  0.432211  0.660497  0.750828  
0.958153  0.286257  0.289185  0.957273  
0.289185  0.957273  0.554697  0.832052  
0.554697  0.832052  0.901772  0.432211  
0.660497  0.750828  9.99172e-05  1  
1  9.5214e-05  1  9.5214e-05  
9.99172e-05  1  0.75345  0.657505  
0.75345  0.657505  0.958153  0.286257  
0.834182  0.551489  0.834182  0.551489  
0.43543  0.900223  0.554697  0.832052  
0.660497  0.750828  0.958153  0.286257  
0.834182  0.551489  0.289185  0.957273  
0.289185  0.957273  0.591502  0.806303  
0.901772  0.432211  0.901772  0.432211  
1  9.5214e-05  9.99172e-05  1  
0.958153  0.286257  0.834182  0.551489  
0.75345  0.657505  0.75345  0.657505  
0.554697  0.832052  0.43543  0.900223  
9.99172e-05  1  1  9.5214e-05  
0.554697  0.832052  0.958153  0.286257  
1  9.5214e-05  0.834182  0.551489  
0.43543  0.900223  0.901772  0.432211  
0.660497  0.750828  1  9.5214e-05  
0.901772  0.432211  0.660497  0.750828  
0.289185  0.957273  0.43543  0.900223  
0.958153  0.286257  0.554697  0.832052  
9.99172e-05  1  0.75345  0.657505  
0.75345  0.657505  0.289185  0.957273  
0.834182  0.551489  9.99172e-05  1  
0.958153  0.286257  0.289185  0.957273  
0.660497  0.750828  0.75345  0.657505  
1  9.5214e-05  0.834182  0.551489  
0.834182  0.551489  0.43543  0.900223  
0.901772  0.432211  0.901772  0.432211  
0.554697  0.832052  0.554697  0.832052  
0.75345  0.657505  0.660497  0.750828  
0.289185  0.957273  1  9.5214e-05  
0.43543  0.900223  9.99172e-05  1  
9.99172e-05  1  0.958153  0.286257  
1  9.5214e-05  9.99172e-05  1  
0.901772  0.432211  0.660497  0.750828  
0.958153  0.286257  0.958153  0.286257  
0.75345  0.657505  0.75345  0.657505  
9.99172e-05  1  0.289185  0.957273  
0.660497  0.750828  0.554697  0.832052  
0.834182  0.551489  0.43543  0.900223  
0.554697  0.832052  97.8137  46.8812  
0.289185  0.957273  0.834182  0.551489  
0.43543  0.900223  1  9.5214e-05  
1  9.5214e-05  0.660497  0.750828  
0.43543  0.900223  0.75345  0.657505  
0.289185  0.957273  9.99172e-05  1  
0.834182  0.551489  0.554697  0.832052  
0.75345  0.657505  0.901772  0.432211  
0.554697  0.832052  2.92953  4.11587  
0.901772  0.432211  0.958153  0.286257  
0.660497  0.750828  0.289185  0.957273  
0.958153  0.286257  0.43543  0.900223  
9.99172e-05  1  1  9.5214e-05  
0.554697  0.832052  0.958153  0.286257  
0.834182  0.551489  0.901772  0.432211  
0.75345  0.657505  0.547559  0.836767  
0.43543  0.900223  0.375632  0.926769  
9.99172e-05  1  0.660497  0.750828  
0.958153  0.286257  9.99172e-05  1  
0.901772  0.432211  270.866  44.3478  
0.289185  0.957273  0.834182  0.551489  
0.660497  0.750828  1  9.5214e-05  
1  9.5214e-05  0.75345  0.657505  
9.99172e-05  1  0.289185  0.957273  
0.958153  0.286257  9.99172e-05  1  
0.75345  0.657505  1  9.5214e-05  
0.43543  0.900223  0.834182  0.551489  
0.289185  0.957273  0.901772  0.432211  
0.554697  0.832052  0.43543  0.900223  
0.660497  0.750828  136.329  63.3817  
0.901772  0.432211  0.554697  0.832052  
0.834182  0.551489  0.75345  0.657505  
1  9.5214e-05  0.660497  0.750828  
0.554697  0.832052  0.289185  0.957273  
9.99172e-05  1  0.660497  0.750828  
1  9.5214e-05  9.99172e-05  1  
0.75345  0.657505  0.75345  0.657505  
0.43543  0.900223  0.901772  0.432211  
0.901772  0.432211  0.958153  0.286255  
0.289185  0.957273  0.554697  0.832052  
0.834182  0.551489  0.834182  0.551489  
0.958153  0.286255  250.367  0.0238384  
0.660497  0.750828  0.43543  0.900223  
0.834182  0.551489  0.75345  0.657505  
0.901772  0.432211  0.660497  0.750828  
9.99172e-05  1  0.834182  0.551489  
0.43543  0.900223  1  9.5214e-05  
1  9.5214e-05  0.289185  0.957273  
0.75345  0.657505  9.99172e-05  1  
0.554697  0.832052  0.43543  0.900223  
0.958153  0.286255  0.554697  0.832052  
0.289185  0.957273  44.0001  18.2124  
0.660497  0.750828  0.901772  0.432211  
9.99172e-05  1  0.901772  0.432211  
0.660497  0.750828  0.958153  0.286255  
0.289185  0.957273  1  9.5214e-05  
0.834182  0.551489  0.834182  0.551489  
0.958153  0.286255  0.554697  0.832052  
1  9.5214e-05  9.99172e-05  1  
0.554697  0.832052  0.660497  0.750828  
0.75345  0.657505  0.43543  0.900223  
0.901772  0.432211  0.75345  0.657505  
0.43543  0.900223  0.289185  0.957273  
0.834182  0.551489  0.289185  0.957273  
0.75345  0.657505  0.43543  0.900223  
9.99172e-05  1  0.834182  0.551489  
0.958153  0.286255  1  9.5214e-05  
0.43543  0.900223  0.958153  0.286255  
1  9.5214e-05  0.901772  0.432211  
0.660497  0.750828  9.99172e-05  1  
0.901772  0.432211  0.554697  0.832052  
0.554697  0.832052  5.33042  27.057  
0.289185  0.957273  0.660497  0.750828  
9.99172e-05  1  0.834182  0.551489  
0.75345  0.657505  0.958153  0.286255  
0.834182  0.551489  0.00018766  1.87815  
0.289185  0.957273  0.43543  0.900223  
0.958153  0.286255  0.289185  0.957273  
0.554697  0.832052  0.901772  0.432211  
1  9.5214e-05  0.660497  0.750828  
0.660497  0.750828  0.75345  0.657505  
0.43543  0.900223  0.554697  0.832052  
0.901772  0.432211  1  9.5214e-05  
0.834182  0.551489  0.43543  0.900223  
0.958153  0.286255  0.901772  0.432211  
1  9.5214e-05  0.660497  0.750828  
0.75345  0.657505  0.554697  0.832052  
0.554697  0.832052  0.958153  0.286255  
0.901772  0.432211  1  9.5214e-05  
0.43543  0.900223  0.289185  0.957273  
9.99172e-05  1  0.75345  0.657505  
0.660497  0.750828  9.99172e-05  1  
0.289185  0.957273  0.834182  0.551489  
0.554697  0.832052  0.43543  0.900223  
1  9.5214e-05  0.958153  0.286255  
0.75345  0.657505  0.834182  0.551489  
0.43543  0.900223  0.660497  0.750828  
0.834182  0.551489  0.901772  0.432211  
0.289185  0.957273  9.99172e-05  1  
0.660497  0.750828  0.75345  0.657505  
0.958153  0.286255  0.466029  0.923639  
9.99172e-05  1  0.289185  0.957273  
0.901772  0.432211  47.4983  56.9128  
0.958153  0.286255  1.7723  1.54661  
1  9.5214e-05  0.554697  0.832052  
0.289185  0.957273  9.99172e-05  1  
0.834182  0.551489  0.43543  0.900223  
0.554697  0.832052  0.660497  0.750828  
0.901772  0.432211  2.12397  13.9095  
0.43543  0.900223  0.901772  0.432211  
0.75345  0.657505  0.834182  0.551489  
0.660497  0.750828  0.289185  0.957273  
9.99172e-05  1  1  9.5214e-05  
0.289185  0.957273  0.43543  0.900223  
0.834182  0.551489  4.29021  4.87694  
9.99172e-05  1  0.289185  0.957273  
0.958153  0.286255  0.75345  0.657505  
0.75345  0.657505  0.834182  0.551489  
0.43543  0.900223  1  9.5214e-05  
1  9.5214e-05  0.901772  0.432211  
0.554697  0.832052  126.046  327.86  
0.901772  0.432211  133.029  39.7433  
0.660497  0.750828  0.00210282  21.0456  
0.901772  0.432211  1  9.5214e-05  
0.834182  0.551489  0.289185  0.957273  
0.43543  0.900223  0.958153  0.286255  
9.99172e-05  1  0.75345  0.657505  
1  9.5214e-05  0.834182  0.551489  
0.289185  0.957273  0.901772  0.432211  
0.554697  0.832052  0.660497  0.750828  
0.75345  0.657505  0.43543  0.900223  
0.958153  0.286255  0.554697  0.832052  
0.660497  0.750828  9.99172e-05  1  
0.660499  0.750827  0.75345  0.657505  
0.958172  0.286193  0.660499  0.750827  
9.99172e-05  1  0.958172  0.286193  
0.289185  0.957273  0.43543  0.900223  
0.554697  0.832052  72.2743  77.2254  
0.75345  0.657505  0.554697  0.832052  
0.834182  0.551489  0.289185  0.957273  
1  9.5214e-05  212.367  0.0202203  
0.43543  0.900223  9.99172e-05  1  
0.901772  0.432211  0.834182  0.551489  
9.99172e-05  1  1  9.5214e-05  
1  9.5214e-05  9.99172e-05  1  
0.901772  0.432211  66.8202  73.2528  
0.75345  0.657505  0.554697  0.832052  
0.554697  0.832052  0.289185  0.957273  
0.43543  0.900223  0.660499  0.750827  
0.289185  0.957273  0.958172  0.286193  
0.660499  0.750827  0.834182  0.551489  
0.958172  0.286193  0.901772  0.432211  
0.834182  0.551489  0.75345  0.657505  
0.901772  0.432211  9.99172e-05  1  
0.834182  0.551489  0.958172  0.286193  
0.289185  0.957273  0.43543  0.900223  
0.75345  0.657505  0.554697  0.832052  
0.958172  0.286193  0.901772  0.432211  
0.43543  0.900223  0.289185  0.957273  
0.660499  0.750827  0.660499  0.750827  
9.99172e-05  1  0.834182  0.551489  
1  9.5214e-05  41.774  0.00397748  
0.554697  0.832052  0.75345  0.657505  
0.75345  0.657505  0.834182  0.551489  
0.834182  0.551489  1  9.5214e-05  
9.99172e-05  1  0.958172  0.286193  
0.289185  0.957273  9.99172e-05  1  
0.554697  0.832052  0.291198  0.956663  
0.901772  0.432211  0.660499  0.750827  
1  9.5214e-05  0.554697  0.832052  
0.660499  0.750827  0.43543  0.900223  
0.958172  0.286193  64.3754  30.8545  
0.43543  0.900223  0.75345  0.657505  
0.289185  0.957273  2.04138  1.83879  
0.958172  0.286193  0.901772  0.432211  
0.660499  0.750827  0.289185  0.957273  
9.99172e-05  1  24.569  28.1032  
0.554697  0.832052  0.958172  0.286193  
1  9.5214e-05  1  9.5214e-05  
0.43543  0.900223  0.43543  0.900223  
0.75345  0.657505  9.99172e-05  1  
0.834182  0.551489  133.606  116.592  
0.901772  0.432211  0.75345  0.657505  
0.834182  0.551489  0.660499  0.750827  
0.554697  0.832052  0.901772  0.432211  
0.660499  0.750827  249.883  0.0237924  
0.958172  0.286193  86.8943  81.381  
9.99172e-05  1  0.834182  0.551489  
0.901772  0.432211  0.554697  0.832052  
0.75345  0.657505  0.958172  0.286193  
0.289185  0.957273  0.43543  0.900223  
0.43543  0.900223  0.289185  0.957273  
1  9.5214e-05  9.99172e-05  1  
0.75345  0.657505  0.289185  0.957273  
0.660499  0.750827  1  9.5214e-05  
9.99172e-05  1  0.660499  0.750827  
0.958172  0.286193  0.75345  0.657505  
0.834182  0.551489  0.43543  0.900223  
0.43543  0.900223  0.901772  0.432211  
0.289185  0.957273  0.834182  0.551489  
0.901772  0.432211  7.29673  10.9452  
0.554697  0.832052  0.958172  0.286193  
1  9.5214e-05  9.99172e-05  1  
0.834182  0.551489  0.289185  0.957273  
0.43543  0.900223  0.75345  0.657505  
1  9.5214e-05  0.43543  0.900223  
0.75345  0.657505  0.958172  0.286193  
0.660499  0.750827  0.660499  0.750827  
0.901772  0.432211  0.834182  0.551489  
0.289185  0.957273  0.554697  0.832052  
0.554697  0.832052  9.99172e-05  1  
9.99172e-05  1  0.901772  0.432211  
0.958172  0.286193  1  9.5214e-05  
0.660499  0.750827  0.660499  0.750827  
1  9.5214e-05  9.99172e-05  1  
0.554697  0.832052  1.14231  2.36165  
0.75345  0.657505  0.554697  0.832052  
0.901772  0.432211  0.289185  0.957273  
0.43543  0.900223  0.834182  0.551489  
0.958172  0.286193  0.75345  0.657505  
9.99172e-05  1  0.901772  0.432211  
0.289185  0.957273  1  9.5214e-05  
0.834182  0.551489  0.958172  0.286193  
0.554697  0.832052  1  9.5214e-05  
0.901772  0.432211  0.660499  0.750827  
0.834182  0.551489  0.75345  0.657505  
0.660499  0.750827  0.958172  0.286193  
9.99172e-05  1  0.834182  0.551489  
1  9.5214e-05  0.289185  0.957273  
0.43543  0.900223  0.43543  0.900223  
0.958172  0.286193  0.554697  0.832052  
0.75345  0.657505  9.99172e-05  1  
0.289185  0.957273  0.901772  0.432211  
0.75345  0.657505  0.289176  0.957276  
9.99172e-05  1  0.958169  0.286203  
0.901772  0.432211  0.901772  0.432211  
0.43543  0.900223  1.20761  1.20212  
0.834182  0.551489  0.43543  0.900223  
0.958169  0.286203  1  9.5214e-05  
0.289176  0.957276  0.0106597  106.686  
0.660499  0.750827  0.75345  0.657505  
0.554697  0.832052  0.554697  0.832052  
1  9.5214e-05  0.660499  0.750827  
0.901772  0.432211  0.75345  0.657505  
0.289176  0.957276  0.901772  0.432211  
1  9.5214e-05  0.958169  0.286203  
9.99172e-05  1  0.554697  0.832052  
0.834182  0.551489  0.43543  0.900223  
0.958169  0.286203  1  9.5214e-05  
0.75345  0.657505  0.289176  0.957276  
0.554697  0.832052  9.99172e-05  1  
0.43543  0.900223  0.834182  0.551489  
0.660499  0.750827  32.8675  3.26298  
0.289176  0.957276  0.901772  0.432211  
1  9.5214e-05  0.289176  0.957276  
0.43543  0.900223  0.958169  0.286203  
0.901772  0.432211  0.43543  0.900223  
0.660499  0.750827  0.834182  0.551489  
0.834182  0.551489  0.554697  0.832052  
0.75345  0.657505  0.660499  0.750827  
0.958169  0.286203  0.00324251  32.452  
9.99172e-05  1  1  9.5214e-05  
0.554697  0.832052  0.75345  0.657505  
0.554697  0.832052  0.554697  0.832052  
1  9.5214e-05  0.75345  0.657505  
0.75345  0.657505  9.05739  4.34112  
0.901772  0.432211  168.332  50.2804  
0.289176  0.957276  9.99172e-05  1  
0.834182  0.551489  1  9.5214e-05  
0.43543  0.900223  0.43543  0.900223  
0.660499  0.750827  0.901772  0.432211  
9.99172e-05  1  0.289176  0.957276  
0.958169  0.286203  0.834182  0.551489  
0.75345  0.657505  0.660499  0.750827  
9.99172e-05  1  1  9.5214e-05  
0.554697  0.832052  0.43543  0.900223  
0.289176  0.957276  0.75345  0.657505  
0.901772  0.432211  117.501  35.0972  
0.958169  0.286203  0.901772  0.432211  
0.660499  0.750827  0.834182  0.551489  
1  9.5214e-05  0.554697  0.832052  
0.43543  0.900223  0.289176  0.957276  
0.834182  0.551489  9.99172e-05  1  
0.834182  0.551489  1  9.5214e-05  
0.901772  0.432211  0.289176  0.957276  
9.99172e-05  1  0.554697  0.832052  
0.75345  0.657505  11.1073  22.9636  
0.289176  0.957276  0.834182  0.551489  
0.660499  0.750827  0.901772  0.432211  
0.43543  0.900223  9.99172e-05  1  
0.554697  0.832052  0.958169  0.286203  
1  9.5214e-05  53.0063  46.2565  
0.958169  0.286203  0.660499  0.750827  
0.554697  0.832052  9.99172e-05  1  
0.660499  0.750827  0.958169  0.286203  
0.901772  0.432211  0.75345  0.657505  
9.99172e-05  1  1  9.5214e-05  
0.289176  0.957276  0.43543  0.900223  
0.834182  0.551489  0.554697  0.832052  
1  9.5214e-05  0.834182  0.551489  
0.958169  0.286203  0.289176  0.957276  
0.43543  0.900223  0.660499  0.750827  
0.75345  0.657505  0.901772  0.432211  
0.958169  0.286203  51.2648  58.2756  
0.660499  0.750827  0.43543  0.900223  
0.289176  0.957276  0.834182  0.551489  
0.554697  0.832052  0.75345  0.657505  
9.99172e-05  1  1  9.5214e-05  
0.901772  0.432211  0.901772  0.432211  
1  9.5214e-05  0.289176  0.957276  
0.834182  0.551489  0.958169  0.286203  
0.75345  0.657505  0.554697  0.832052  
0.43543  0.900223  9.99172e-05  1  
1  9.5214e-05  1  9.5214e-05  
0.289176  0.957276  0.660499  0.750827  
0.660499  0.750827  0.554697  0.832052  
0.554697  0.832052  0.958169  0.286203  
0.901772  0.432211  0.834182  0.551489  
0.75345  0.657505  0.901772  0.432211  
0.958169  0.286203  0.43543  0.900223  
9.99172e-05  1  0.75345  0.657505  
0.834182  0.551489  9.99172e-05  1  
0.43543  0.900223  21.1966  70.1684  
0.554697  0.832052  0.43543  0.900223  
0.43543  0.900223  9.99172e-05  1  
0.289176  0.957276  0.75345  0.657505  
0.958169  0.286203  0.901772  0.432211  
9.99172e-05  1  0.958169  0.286203  
1  9.5214e-05  0.834182  0.551489  
0.901772  0.432211  0.554697  0.832052  
0.834182  0.551489  2.58018  0.00024567  
0.660499  0.750827  0.660499  0.750827  
0.75345  0.657505  0.289176  0.957276  
0.289176  0.957276  0.554697  0.832052  
0.958167  0.286211  0.43543  0.900223  
0.834182  0.551489  0.75345  0.657505  
9.99172e-05  1  1  9.56363e-05  
0.43543  0.900223  14.4123  9.52819  
0.660499  0.750827  0.834182  0.551489  
1  9.56363e-05  0.289176  0.957276  
0.75345  0.657505  9.81153  2.93077  
0.554697  0.832052  0.901772  0.432211  
0.901772  0.432211  0.660499  0.750827  
0.660499  0.750827  0.75345  0.657505  
0.554697  0.832052  0.289176  0.957276  
1  9.56363e-05  9.99172e-05  1  
0.75345  0.657505  0.43543  0.900223  
0.958167  0.286211  0.660499  0.750827  
9.99172e-05  1  0.901772  0.432211  
0.901772  0.432211  1  9.56363e-05  
0.43543  0.900223  0.958167  0.286211  
0.834182  0.551489  0.276893  0.960901  
0.289176  0.957276  0.834182  0.551489  
0.75345  0.657505  0.75345  0.657505  
0.289176  0.957276  1  9.56363e-05  
0.554697  0.832052  0.554697  0.832052  
0.43543  0.900223  0.289176  0.957276  
0.958167  0.286211  0.660499  0.750827  
9.99172e-05  1  0.901772  0.432211  
0.834182  0.551489  0.834182  0.551489  
0.901772  0.432211  0.43543  0.900223  
1  9.56363e-05  3.9687  2.81826  
0.660499  0.750827  9.99172e-05  1  
0.289176  0.957276  0.554697  0.832052  
0.660499  0.750827  0.660499  0.750827  
9.99172e-05  1  0.993756  0.111575  
0.834182  0.551489  9.99172e-05  1  
0.43543  0.900223  0.289176  0.957276  
0.75345  0.657505  109.596  95.6397  
0.554697  0.832052  1  9.56363e-05  
0.958167  0.286211  0.834182  0.551489  
0.901772  0.432211  0.901772  0.432211  
1  9.56363e-05  0.43543  0.900223  
0.660499  0.750827  9.99172e-05  1  
9.99172e-05  1  1  9.56363e-05  
0.289176  0.957276  0.958167  0.286211  
1  9.56363e-05  0.901772  0.432211  
0.901772  0.432211  0.43543  0.900223  
0.75345  0.657505  0.834182  0.551489  
0.554697  0.832052  0.554697  0.832052  
0.958167  0.286211  0.289176  0.957276  
0.43543  0.900223  0.660499  0.750827  
0.834182  0.551489  0.75345  0.657505  
0.75345  0.657505  0.901772  0.432211  
0.958167  0.286211  0.43543  0.900223  
0.43543  0.900223  9.99172e-05  1  
0.834182  0.551489  53.4941  93.7414  
1  9.56363e-05  0.75345  0.657505  
0.554697  0.832052  0.554697  0.832052  
0.660499  0.750827  0.289176  0.957276  
0.901772  0.432211  0.660499  0.750827  
0.289176  0.957276  21.4659  2.5361  
9.99172e-05  1  1  9.56363e-05  
0.43543  0.900223  65.2777  31.287  
0.660499  0.750827  1  9.56363e-05  
0.958167  0.286211  0.43543  0.900223  
0.75345  0.657505  9.99172e-05  1  
0.901772  0.432211  0.834182  0.551489  
0.834182  0.551489  0.660499  0.750827  
0.289176  0.957276  0.958167  0.286211  
1  9.56363e-05  0.554697  0.832052  
9.99172e-05  1  0.75345  0.657505  
0.554697  0.832052  0.289176  0.957276  
9.99172e-05  1  0.75345  0.657505  
0.75345  0.657505  0.834182  0.551489  
1  9.56363e-05  0.289176  0.957276  
0.554697  0.832052  1  9.56363e-05  
0.834182  0.551489  181.412  86.949  
0.958167  0.286211  0.660499  0.750827  
0.660499  0.750827  0.958167  0.286211  
0.289176  0.957276  0.43543  0.900223  
0.901772  0.432211  9.99172e-05  1  
0.43543  0.900223  0.554697  0.832052  
0.554697  0.832052  0.901772  0.432211  
0.660499  0.750827  0.43543  0.900223  
0.958167  0.286211  0.958167  0.286211  
0.834182  0.551489  0.289176  0.957276  
0.289176  0.957276  1  9.56363e-05  
9.99172e-05  1  73.149  109.724  
0.43543  0.900223  0.660499  0.750827  
0.901772  0.432211  0.75345  0.657505  
0.75345  0.657505  9.99172e-05  1  
1  9.56363e-05  0.834182  0.551489  
0.554697  0.832052  0.554697  0.832052  
9.99172e-05  1  0.75345  0.657505  
0.660499  0.750827  0.946224  0.323512  
0.75345  0.657505  9.99172e-05  1  
0.958167  0.286211  0.834182  0.551489  
0.289176  0.957276  1  9.56363e-05  
1  9.56363e-05  0.289176  0.957276  
0.901772  0.432211  0.43543  0.900223  
0.834182  0.551489  0.660499  0.750827  
0.43543  0.900223  0.958167  0.286211  
