2.29222  2.77322  2.49814  2.61839  
2.30343  2.60303  2.47732  2.8054  
2.44113  2.51604  2.10749  3.0491  
1.80254  3.9874  2.5452  2.12716  
2.01386  3.55638  2.34745  2.82772  
2.45613  2.24185  2.2558  2.77949  
2.42937  2.07891  2.35544  2.45854  
2.50249  1.77262  1.96234  3.7934  
2.26903  3.1753  2.34456  2.99773  
1.77824  4.16239  2.33832  3.03615  
2.09868  3.12431  2.25351  3.05162  
2.10556  3.59772  2.09575  3.23416  
1.71371  4.07344  2.58579  1.85816  
2.45433  2.83512  2.35709  2.4272  
2.47308  2.43621  2.30321  3.2233  
2.44738  2.0045  1.99743  3.50988  
1.71655  4.12046  2.6045  2.08805  
2.31528  2.27592  2.53387  1.82295  
2.58727  1.92668  2.39645  2.81289  
2.30549  2.42224  2.21576  3.46704  
2.17342  3.46752  2.55613  2.09289  
2.37366  2.02468  2.44872  2.7184  
2.43612  2.50665  2.60653  1.83113  
2.26513  3.23502  2.53361  1.90628  
2.27815  2.8851  2.34596  2.60689  
1.85783  3.88832  2.38894  2.67986  
1.8368  3.7718  2.06951  3.71324  
2.27821  2.36418  2.05859  3.5598  
2.33945  3.14608  2.42228  2.49308  
1.65514  4.38248  2.35426  1.90048  
2.36592  2.61305  1.96178  3.39246  
2.24222  2.59086  1.90211  3.63423  
2.45747  2.66063  2.33896  2.81704  
1.76966  4.18297  2.17421  3.14361  
2.51064  2.49574  1.27205  4.33688  
1.62231  4.09531  2.5714  1.62032  
2.00178  3.72873  2.1016  3.65838  
2.49575  2.03667  2.20146  3.10372  
1.58124  4.2926  2.24136  2.90861  
2.34166  2.65384  2.46603  2.34096  
2.12724  3.31798  2.34788  2.4725  
2.3911  2.51371  1.94776  3.65701  
2.22786  2.92062  2.36708  2.49775  
2.46565  2.3404  2.08512  3.27906  
2.6311  2.15182  2.03871  3.69597  
2.64366  1.27851  2.5377  2.79878  
2.22932  3.36691  2.20081  3.29179  
2.25108  3.2285  1.87208  3.52881  
2.4969  2.20249  1.93312  3.79361  
2.02281  3.26813  2.24059  3.50131  
2.06898  3.36711  2.43811  2.32545  
2.59533  1.87571  2.37841  2.6465  
2.35872  2.58295  1.94146  3.71449  
2.10702  3.209  2.25956  3.11702  
2.53075  1.89556  2.44522  2.73559  
2.17089  3.21129  2.23068  2.94025  
2.32885  3.00871  2.27509  3.34399  
2.35756  2.80018  2.04457  3.56429  
1.90258  3.74883  2.3673  2.75979  
2.64288  1.7628  2.15406  3.21673  
2.51779  2.56077  2.49822  2.72429  
2.55646  1.12663  2.62693  1.50042  
2.2156  3.316  2.16949  2.84338  
2.03849  3.40579  1.8218  3.78404  
1.52915  4.37824  1.70161  3.92208  
1.81198  3.7894  2.36212  2.80834  
2.33241  2.68502  1.45042  4.3295  
2.21049  3.02281  2.15873  3.31288  
2.45085  2.59881  2.30609  3.03455  
2.25862  2.72296  2.53777  2.18383  
2.28556  2.98652  2.10017  3.44643  
2.11617  3.07942  1.92661  3.83428  
2.21132  3.20146  1.77655  3.85033  
2.47551  2.44525  2.31606  3.01537  
2.29835  2.95824  2.19768  3.49683  
2.29744  2.56065  2.46819  2.69274  
1.96101  3.67075  2.51486  1.95701  
2.31525  2.6826  2.17284  3.17798  
2.12589  2.95672  2.35813  2.8447  
2.23947  2.76772  2.72916  1.65186  
2.48271  1.48106  2.20344  2.95653  
2.43034  2.78484  2.49986  2.37862  
2.07757  3.61158  2.45079  1.95119  
2.43612  2.62402  1.7496  4.05075  
1.48221  3.98718  1.88431  3.87109  
1.86494  3.6587  1.99006  3.67879  
2.58057  2.11155  1.99206  3.50958  
2.65115  1.8025  2.36978  2.47207  
2.5342  1.7333  2.69709  1.4741  
1.83968  3.9316  2.35599  2.83372  
2.68694  1.75385  2.09739  2.96842  
2.4634  2.28657  2.50648  1.84587  
2.6718  1.73945  2.18365  2.77242  
1.95476  3.74068  2.27501  3.12472  
2.3043  2.54763  2.28394  2.6898  
1.54366  4.1649  2.66368  1.47879  
2.16517  3.25229  1.88786  3.73294  
2.02737  3.69804  2.37215  2.89649  
2.40914  2.8552  2.0868  3.23777  
2.28459  2.70797  2.1842  3.35843  
2.47466  2.28651  2.51239  1.58141  
2.46678  2.49289  2.26057  2.93365  
2.26057  2.93365  2.0918  3.33315  
2.53729  2.20119  2.53729  2.20119  
2.31885  3.04378  2.6114  1.93775  
2.6114  1.93775  2.47466  2.28651  
2.51239  1.58141  1.85249  3.7353  
1.88262  3.76542  2.31885  3.04378  
2.53317  2.39254  2.53317  2.39254  
2.0918  3.33315  2.46678  2.49289  
2.46678  2.49289  2.46678  2.49289  
2.26057  2.93365  2.64094  1.09993  
2.31936  3.04428  2.6114  1.93775  
2.53729  2.20119  2.53317  2.39254  
2.47466  2.28651  2.34724  3.07216  
2.53317  2.39254  2.51239  1.58141  
2.0918  3.33315  2.26057  2.93365  
2.6114  1.93775  2.0918  3.33315  
2.64094  1.09993  2.47466  2.28651  
2.51239  1.58141  2.57534  1.99257  
1.73211  3.90826  2.44161  1.25294  
2.14517  3.1253  2.21  2.73398  
2.44161  1.25294  2.20228  3.21016  
1.91262  3.44241  2.27081  2.82873  
1.9067  3.59811  2.31397  1.5877  
2.21  2.73398  1.91262  3.44241  
2.20228  3.21016  1.89475  3.58616  
2.31397  1.5877  2.55478  1.58455  
2.55478  1.58455  2.14517  3.1253  
2.27081  2.82873  1.73211  3.90826  
2.14427  2.66824  1.94405  2.58154  
1.81407  3.31847  1.83114  3.68684  
2.30807  1.27194  1.91258  3.65858  
1.91258  3.65858  2.30807  1.27194  
1.76452  3.62021  2.01179  3.33355  
2.41589  0.733608  2.14427  2.66824  
2.46424  1.64977  2.71688  1.04244  
2.22039  1.49803  1.81407  3.31847  
2.01179  3.33355  2.22039  1.49803  
1.94405  2.58154  2.46424  1.64977  
2.21164  2.81555  2.40459  2.4307  
1.92321  3.46848  2.19804  2.87112  
2.5987  1.09715  2.33623  3.0851  
2.53729  2.20119  2.02001  3.26135  
2.33623  3.0851  2.53729  2.20119  
2.3468  3.08709  1.92321  3.46848  
2.02001  3.26135  2.5987  1.09715  
2.19804  2.87112  2.3468  3.08709  
2.45119  2.4773  2.21164  2.81555  
2.67834  1.64542  2.67834  1.64542  
1.22429  3.24985  0.684298  3.82026  
0.684298  3.82026  1.22429  3.24985  
1.42128  2.90495  0.233129  4.03124  
1.8326  1.80035  2.43275  1.66482  
0.998892  3.55434  0.998892  3.55434  
0.233129  4.03124  1.42128  2.90495  
2.0252  0.0253549  1.6355  2.87839  
1.93905  1.17112  2.0252  0.0253549  
1.70101  2.26298  1.60022  2.66551  
1.60022  2.66551  1.8326  1.80035  
2.26243  2.93551  1.98725  3.91381  
2.13397  2.86778  2.3845  2.41062  
2.39618  2.4223  2.5753  2.23921  
2.5753  2.23921  2.26243  2.93551  
2.15841  3.21732  2.51239  1.58141  
2.36814  2.78105  2.22262  3.46836  
1.98725  3.91381  2.36814  2.78105  
2.62085  1.14566  2.15841  3.21732  
2.22262  3.46836  2.62085  1.14566  
2.51239  1.58141  2.13397  2.86778  
2.62377  1.73446  2.62377  1.73446  
2.31799  2.41683  2.48944  1.69251  
2.09672  3.65236  2.31799  2.41683  
2.48944  1.69251  2.26568  2.68906  
2.26568  2.68906  2.18687  3.16169  
1.66651  4.27424  2.59323  1.88748  
2.06523  3.51153  1.61927  4.227  
2.18687  3.16169  2.60662  0.924336  
2.60662  0.924336  2.66644  1.85084  
2.66644  1.85084  2.09672  3.65236  
2.51012  2.42638  2.09613  3.65686  
2.61624  1.86418  2.16379  3.54824  
2.67948  1.26808  2.51012  2.42638  
2.09613  3.65686  2.02583  3.4775  
2.02583  3.4775  2.61624  1.86418  
2.12463  3.50907  2.61333  1.81919  
2.61333  1.81919  2.67948  1.26808  
1.98621  3.62791  2.50576  2.06207  
2.30283  3.33267  1.98621  3.62791  
2.50576  2.06207  2.30283  3.33267  
2.55197  2.1648  2.26823  2.97062  
2.46875  2.11881  2.22739  2.93875  
2.41431  2.75166  2.65477  1.3044  
2.22739  2.93875  2.72724  1.77082  
2.48402  2.42716  2.10322  3.36969  
2.10322  3.36969  2.25242  2.81882  
2.26823  2.97062  2.41431  2.75166  
2.72724  1.77082  2.46875  2.11881  
1.96321  3.81676  2.55197  2.1648  
2.65477  1.3044  2.48402  2.42716  
2.32775  1.96784  1.98523  3.33021  
2.14915  2.50458  2.1345  3.25824  
1.78947  3.68422  1.94967  3.19132  
1.98523  3.33021  2.41063  2.70472  
2.43293  2.40411  2.47082  2.442  
2.1345  3.25824  1.59311  4.06116  
2.41063  2.70472  2.32775  1.96784  
2.42233  1.39709  2.14915  2.50458  
1.94967  3.19132  1.78947  3.68422  
1.59311  4.06116  2.42233  1.39709  
2.51348  2.25208  2.49975  1.57801  
2.17721  3.04786  1.97322  3.49321  
2.41066  2.00049  2.27261  2.39487  
2.24348  2.78416  2.24348  2.78416  
2.27261  2.39487  1.54876  3.79885  
2.01036  3.42098  2.01036  3.42098  
1.54876  3.79885  2.17721  3.04786  
2.52516  1.32531  2.51348  2.25208  
1.97322  3.49321  1.75836  3.68609  
1.75836  3.68609  2.36882  1.94496  
2.48738  2.18952  2.2426  2.53197  
1.49602  3.96015  2.46291  1.20193  
2.2426  2.53197  2.41949  2.05957  
1.93834  3.33773  1.93834  3.33773  
1.79573  3.65351  1.49602  3.96015  
2.46291  1.20193  2.04993  3.19457  
2.57063  1.59673  2.04424  3.09893  
2.04424  3.09893  2.57063  1.59673  
2.41949  2.05957  2.48738  2.18952  
2.42328  1.43575  2.42328  1.43575  
2.26053  2.12706  1.96921  2.73322  
1.32332  3.99809  1.5036  3.48301  
1.5036  3.48301  2.16415  2.48135  
1.80757  3.14837  2.26053  2.12706  
2.16415  2.48135  0.627937  4.16385  
2.2574  1.12201  2.44673  0.578782  
0.627937  4.16385  1.77543  3.73596  
1.90923  2.67324  1.80757  3.14837  
2.44673  0.578782  1.32332  3.99809  
1.77543  3.73596  2.2574  1.12201  
0.22879  4.0269  1.81046  1.85438  
0.680713  3.85283  0.515481  4.31359  
1.66254  2.35534  1.14875  3.42189  
1.93149  1.20973  1.93149  1.20973  
2.0242  0.0243565  2.20276  1.08088  
1.81046  1.85438  1.48529  2.76926  
1.14875  3.42189  2.0242  0.0243565  
1.30332  3.12698  1.30332  3.12698  
1.48529  2.76926  1.66254  2.35534  
0.931633  3.61484  0.931633  3.61484  
2.0293  2.52177  1.9095  3.31445  
2.31708  2.2817  1.74507  3.40994  
2.38429  0.973878  2.20253  1.99209  
0.770795  4.28786  2.26242  2.5632  
1.74507  3.40994  0.770795  4.28786  
2.34606  0.518124  1.89316  3.04548  
2.20253  1.99209  2.38429  0.973878  
1.9095  3.31445  2.34606  0.518124  
1.55418  3.65999  2.0293  2.52177  
1.89316  3.04548  2.31708  2.2817  
2.27787  1.63821  1.82981  3.34689  
2.40573  2.43436  2.25729  2.74366  
2.45114  1.63908  0.870456  4.38663  
1.66593  3.88548  2.49691  1.68671  
2.37484  0.939903  2.40573  2.43436  
2.25729  2.74366  1.66593  3.88548  
1.82981  3.34689  2.27787  1.63821  
2.15961  2.53373  2.15961  2.53373  
0.870456  4.38663  2.37484  0.939903  
2.10467  3.29689  2.10467  3.29689  
2.38197  1.10573  2.34961  1.75392  
2.34961  1.75392  2.13587  2.79878  
2.13587  2.79878  1.2586  4.17958  
1.2354  4.15638  2.44131  0.615525  
1.52303  3.62883  2.49215  1.80114  
1.89593  3.49139  1.89593  3.49139  
2.44131  0.615525  2.25825  1.93758  
2.49215  1.80114  2.38197  1.10573  
2.09485  3.12425  2.14955  2.17621  
2.25825  1.93758  2.09485  3.12425  
1.94766  3.0865  2.12376  3.2626  
2.49769  1.22098  2.10949  3.3528  
2.4349  2.00958  2.36479  2.9921  
2.41692  2.85459  2.49769  1.22098  
2.55794  2.16137  2.0259  3.3138  
2.02855  3.56408  2.55794  2.16137  
2.0259  3.3138  1.69005  3.54782  
2.36479  2.9921  2.41692  2.85459  
1.98415  3.39673  1.98415  3.39673  
1.69005  3.54782  2.4349  2.00958  
2.27726  2.6077  2.43108  2.72385  
2.43108  2.72385  2.09301  3.13344  
2.5436  0.979298  1.98612  3.34539  
2.12661  3.16704  2.1511  3.07619  
2.49037  1.84345  2.49037  1.84345  
1.98612  3.34539  1.11352  4.28547  
1.11352  4.28547  2.36443  2.39435  
2.36443  2.39435  2.27726  2.6077  
2.1511  3.07619  2.5436  0.979298  
1.73442  3.45864  1.73442  3.45864  
1.45905  3.25523  2.20086  1.69772  
2.50614  0.969044  1.79057  3.60159  
2.02082  0.0208318  1.95759  2.71266  
1.74292  3.85698  1.68206  3.73434  
2.20086  1.69772  1.18592  4.21628  
0.230265  4.20797  0.230265  4.20797  
1.79057  3.60159  2.02082  0.0208318  
1.95759  2.71266  1.45905  3.25523  
1.68206  3.73434  1.74292  3.85698  
1.18592  4.21628  2.59016  1.05307  
1.63927  3.67125  1.60464  3.53699  
0.381046  4.35711  1.85714  3.38376  
2.30286  1.48595  1.53636  3.97409  
1.60464  3.53699  2.20521  0.205226  
1.43137  4.08687  2.30286  1.48595  
2.20521  0.205226  2.27269  2.46306  
1.81123  3.15476  1.81123  3.15476  
1.85714  3.38376  2.24175  2.84153  
2.24175  2.84153  1.63927  3.67125  
2.27269  2.46306  0.381046  4.35711  
2.02286  0.0228752  1.51529  3.44764  
1.66675  3.95394  1.57154  3.91898  
0.483882  4.46158  1.79571  3.85236  
1.57154  3.91898  1.66675  3.95394  
2.02747  2.63602  0.483882  4.46158  
1.16522  4.12316  2.2372  2.84575  
1.79571  3.85236  2.07141  3.10251  
1.75868  2.85007  2.02286  0.0228752  
1.51529  3.44764  2.32244  1.97827  
2.32244  1.97827  1.75868  2.85007  
0.921067  3.86678  0.921067  3.86678  
2.02084  0.0208501  0.0869958  4.06917  
0.0869958  4.06917  2.20744  0.697731  
2.20744  0.697731  1.79917  2.10909  
1.69739  2.92025  2.02084  0.0208501  
1.50115  3.12137  2.40824  2.24182  
1.79917  2.10909  1.69739  2.92025  
2.37227  2.20585  1.79284  2.91578  
1.22677  3.58803  1.50115  3.12137  
1.79284  2.91578  1.58692  3.02247  
0.700351  3.84014  1.95527  1.24636  
2.02087  0.0208853  2.02087  0.0208853  
1.44635  2.90848  2.19952  2.77675  
0.988074  3.58501  0.988074  3.58501  
1.23634  3.23391  1.34741  3.34499  
1.72889  2.20413  0.0576508  4.03978  
1.59739  2.67104  1.87303  1.72235  
1.87303  1.72235  1.59739  2.67104  
1.95527  1.24636  1.44635  2.90848  
0.0576508  4.03978  0.700351  3.84014  
1.47245  4.01804  2.39044  2.52729  
2.38378  2.50046  0.981534  4.24465  
1.15559  4.11353  1.60832  3.54068  
0.381046  4.35711  1.68973  3.72871  
1.60832  3.54068  2.17881  3.31615  
1.68973  3.72871  0.381046  4.35711  
1.83662  3.34346  2.35191  1.53501  
2.17881  3.31615  1.83662  3.34346  
2.35191  1.53501  1.47245  4.01804  
2.21553  0.808331  2.21553  0.808331  
1.48846  3.28464  2.20086  1.69772  
1.79057  3.60159  1.74292  3.85698  
1.74292  3.85698  1.30988  4.07286  
2.20086  1.69772  1.68206  3.73434  
1.18592  4.21628  2.02082  0.0208318  
0.230265  4.20797  1.51456  3.31075  
1.30988  4.07286  1.79057  3.60159  
2.02082  0.0208318  1.18592  4.21628  
1.95759  2.71266  0.230265  4.20797  
1.68206  3.73434  1.95759  2.71266  
0.215855  4.19356  1.72168  2.91133  
1.58442  3.71707  1.63483  3.21647  
1.51064  3.89076  2.05737  3.05972  
2.05737  3.05972  0.215855  4.19356  
1.63483  3.21647  1.58442  3.71707  
2.26883  1.56161  2.02087  0.0208853  
1.79843  2.7698  1.51064  3.89076  
2.02087  0.0208853  1.79843  2.7698  
1.74824  3.68445  1.74824  3.68445  
1.39789  3.52912  2.26883  1.56161  
1.89524  2.77698  1.89524  2.77698  
2.02087  0.0208853  1.57401  3.83783  
2.30387  1.48979  2.06228  2.1232  
1.57401  3.83783  2.02087  0.0208853  
1.90136  3.16545  2.30447  2.56002  
2.30447  2.56002  2.30387  1.48979  
0.218284  4.20045  2.18544  3.44953  
1.48846  3.28464  1.48846  3.28464  
2.06228  2.1232  1.74292  3.85698  
1.74292  3.85698  0.218284  4.20045  
1.18592  4.21628  1.4617  4.16805  
1.79057  3.60159  1.68206  3.73434  
1.74292  3.85698  1.30988  4.07286  
2.20086  1.69772  0.230265  4.20797  
1.68206  3.73434  1.18592  4.21628  
1.45905  3.25523  1.45905  3.25523  
1.30988  4.07286  1.76436  3.57539  
0.230265  4.20797  1.95759  2.71266  
2.02082  0.0208318  2.20086  1.69772  
1.95759  2.71266  2.02082  0.0208318  
1.41859  2.89241  1.91138  1.31588  
0.0279988  4.01896  0.724519  3.79238  
1.84266  1.68963  0.0279988  4.01896  
1.91138  1.31588  1.22538  3.23753  
1.73538  2.07233  1.41859  2.89241  
1.59281  2.4873  1.30645  3.0898  
0.724519  3.79238  1.84266  1.68963  
2.019  0.0190004  2.019  0.0190004  
1.22538  3.23753  1.73538  2.07233  
1.30645  3.0898  1.64115  2.43468  
0.655425  3.81108  0.655425  3.81108  
1.73538  2.07233  1.73538  2.07233  
1.56586  2.55452  0.0279988  4.01896  
1.26757  3.16679  0.956002  3.55285  
1.21413  3.22628  1.26509  3.16432  
2.019  0.0190004  1.13623  3.35841  
0.0279988  4.01896  1.64  2.43353  
1.64  2.43353  1.85598  1.60079  
1.85598  1.60079  1.56586  2.55452  
0.956002  3.55285  2.019  0.0190004  
2.019  0.0190004  1.76627  1.98556  
1.91138  1.31588  1.41859  2.89241  
1.21413  3.22628  0.0279988  4.01896  
0.0279988  4.01896  1.59281  2.4873  
1.73538  2.07233  1.91138  1.31588  
0.774437  3.72787  2.019  0.0190004  
1.41859  2.89241  1.21413  3.22628  
1.59281  2.4873  1.8439  1.70846  
1.8439  1.70846  0.774437  3.72787  
1.9932  0.863113  1.9932  0.863113  
1.56586  2.55452  0.0279988  4.01896  
0.956002  3.55285  1.73935  2.0763  
0.655425  3.81108  1.21773  3.22987  
1.41172  2.90484  1.8568  1.60161  
1.85598  1.60079  1.41172  2.90484  
2.019  0.0190004  0.956002  3.55285  
1.21773  3.22987  2.019  0.0190004  
0.0279988  4.01896  1.64  2.43353  
1.64  2.43353  1.56586  2.55452  
1.73935  2.0763  0.655425  3.81108  
1.64  2.43353  1.21413  3.22628  
0.956002  3.55285  1.56586  2.55452  
0.655425  3.81108  2.019  0.0190004  
1.40658  2.8997  0.956002  3.55285  
1.73538  2.07233  0.655425  3.81108  
2.019  0.0190004  1.74163  2.07859  
1.85598  1.60079  1.64  2.43353  
0.0279988  4.01896  1.40658  2.8997  
1.21413  3.22628  1.85598  1.60079  
1.56586  2.55452  0.0279988  4.01896  
1.85598  1.60079  2.019  0.0190004  
1.73935  2.0763  0.0279988  4.01896  
1.64  2.43353  1.85598  1.60079  
1.21413  3.22628  1.41172  2.90484  
0.956002  3.55285  1.73935  2.0763  
2.019  0.0190004  0.956002  3.55285  
0.0279988  4.01896  1.56586  2.55452  
1.56586  2.55452  0.655425  3.81108  
1.41172  2.90484  1.64  2.43353  
0.655425  3.81108  1.21413  3.22628  
1.95138  1.05032  1.95138  1.05032  
1.73538  2.07233  1.42056  2.87251  
0.0279988  4.01896  1.59281  2.4873  
1.85598  1.60079  1.73538  2.07233  
0.655425  3.81108  2.019  0.0190004  
2.019  0.0190004  0.657885  3.82777  
1.42056  2.87251  0.956002  3.55285  
0.956002  3.55285  1.21413  3.22628  
1.21413  3.22628  1.85598  1.60079  
1.59281  2.4873  0.0279988  4.01896  
0.0279988  4.01896  1.73538  2.07233  
0.956002  3.55285  0.0279988  4.01896  
1.41172  2.90484  1.85675  1.60157  
1.56586  2.55452  1.21413  3.22628  
1.64  2.43353  0.655425  3.81108  
2.019  0.0190004  1.41172  2.90484  
1.21413  3.22628  0.956002  3.55285  
0.655425  3.81108  1.64  2.43353  
1.73538  2.07233  1.56586  2.55452  
1.85598  1.60079  2.019  0.0190004  
1.21413  3.22628  0.655425  3.81108  
0.655425  3.81108  1.58024  2.5689  
1.64  2.43353  1.73829  2.07524  
0.956002  3.55285  0.0279988  4.01896  
0.0279988  4.01896  1.85598  1.60079  
2.019  0.0190004  0.956002  3.55285  
1.56586  2.55452  1.41172  2.90484  
1.73538  2.07233  1.64  2.43353  
1.41172  2.90484  2.019  0.0190004  
1.85598  1.60079  1.21413  3.22628  
2.019  0.0190004  1.27868  3.16195  
1.91138  1.31588  2.019  0.0190004  
1.73538  2.07233  1.41859  2.89241  
0.774437  3.72787  0.0279988  4.01896  
1.21413  3.22628  1.59281  2.4873  
1.59281  2.4873  1.98107  0.850974  
1.98107  0.850974  1.91138  1.31588  
0.0279988  4.01896  1.21413  3.22628  
1.8439  1.70846  1.80981  1.84121  
1.41859  2.89241  1.8439  1.70846  
1.40759  2.89772  1.40759  2.89772  
1.1985  3.2493  2.01898  0.0191856  
2.01898  0.0191856  1.72795  2.0969  
1.5826  2.51307  0.655429  3.81105  
1.85115  1.62296  1.85115  1.62296  
1.94851  1.07148  1.1985  3.2493  
1.72795  2.0969  0.0279747  4.01894  
0.0279747  4.01894  0.955942  3.55288  
0.655429  3.81105  1.5826  2.51307  
0.955942  3.55288  1.94851  1.07148  
1.5826  2.51307  1.85115  1.62296  
1.40759  2.89772  2.01898  0.0191856  
1.1985  3.2493  0.955942  3.55288  
1.72795  2.0969  1.40759  2.89772  
2.01898  0.0191856  0.655429  3.81105  
1.85115  1.62296  1.1985  3.2493  
0.955942  3.55288  1.72795  2.0969  
0.0279747  4.01894  0.0356743  4.02664  
0.655429  3.81105  1.5826  2.51307  
1.94851  1.07148  1.94851  1.07148  
0.655429  3.81105  0.975243  3.57218  
0.0279747  4.01894  2.01898  0.0191856  
1.5826  2.51307  1.5826  2.51307  
0.955942  3.55288  1.72795  2.0969  
1.1985  3.2493  0.655429  3.81105  
1.85115  1.62296  1.94851  1.07148  
1.40759  2.89772  1.40759  2.89772  
2.01898  0.0191856  1.1985  3.2493  
1.72795  2.0969  1.85115  1.62296  
1.94851  1.07148  0.0279747  4.01894  
1.40759  2.89772  2.01898  0.0191856  
0.955942  3.55288  1.58268  2.51316  
1.72795  2.0969  1.40759  2.89772  
1.94851  1.07148  1.85115  1.62296  
1.1985  3.2493  0.655429  3.81105  
2.01898  0.0191856  1.94851  1.07148  
1.85115  1.62296  0.0279747  4.01894  
1.5826  2.51307  1.1985  3.2493  
0.0279747  4.01894  1.55092  2.64073  
0.655429  3.81105  1.72795  2.0969  
0.655429  3.81105  1.94851  1.07148  
1.1985  3.2493  1.85115  1.62296  
1.85115  1.62296  1.5826  2.51307  
1.72795  2.0969  0.0279747  4.01894  
0.955942  3.55288  2.01898  0.0191856  
0.0279747  4.01894  1.1985  3.2493  
2.01898  0.0191856  0.655429  3.81105  
1.5826  2.51307  1.73053  2.09948  
1.40759  2.89772  0.955942  3.55288  
1.94851  1.07148  1.40759  2.89772  
1.85115  1.62296  1.72795  2.0969  
1.40759  2.89772  1.94851  1.07148  
1.5826  2.51307  1.1985  3.2493  
0.0279747  4.01894  0.0279747  4.01894  
0.955942  3.55288  1.40759  2.89772  
1.94851  1.07148  0.655429  3.81105  
1.1985  3.2493  1.85115  1.62296  
0.655429  3.81105  0.955942  3.55288  
1.72795  2.0969  2.01898  0.0191856  
2.01898  0.0191856  1.59842  2.5289  
2.01898  0.0191856  1.5826  2.51307  
1.1985  3.2493  0.0279747  4.01894  
0.655429  3.81105  2.01898  0.0191856  
1.72795  2.0969  0.655429  3.81105  
0.0279747  4.01894  0.961395  3.55834  
1.40759  2.89772  1.72795  2.0969  
1.85115  1.62296  1.85115  1.62296  
1.5826  2.51307  1.1985  3.2493  
1.94851  1.07148  1.40759  2.89772  
0.955942  3.55288  2.01898  0.0191856  
0.955942  3.55288  1.85115  1.62296  
1.85115  1.62296  0.0279747  4.01894  
1.72795  2.0969  1.94851  1.07148  
1.5826  2.51307  1.5826  2.51307  
1.94851  1.07148  1.72795  2.0969  
1.40759  2.89772  1.1985  3.2493  
2.01898  0.0191856  1.40759  2.89772  
1.1985  3.2493  2.01898  0.0191856  
0.655429  3.81105  0.655429  3.81105  
0.0279747  4.01894  0.959118  3.55606  
1.72795  2.0969  2.01898  0.0191856  
0.0279747  4.01894  0.655429  3.81105  
1.85115  1.62296  1.85115  1.62296  
1.40759  2.89772  0.955942  3.55288  
1.5826  2.51307  1.72795  2.0969  
1.1985  3.2493  1.94851  1.07148  
2.01898  0.0191856  1.5826  2.51307  
0.655429  3.81105  1.1985  3.2493  
1.94851  1.07148  1.40759  2.89772  
0.955942  3.55288  0.0279747  4.01894  
1.94851  1.07148  1.94851  1.07148  
1.72795  2.0969  0.955942  3.55288  
1.85115  1.62296  1.72795  2.0969  
1.40759  2.89772  1.85115  1.62296  
0.955942  3.55288  0.0279747  4.01894  
1.1985  3.2493  1.40759  2.89772  
1.5826  2.51307  1.5826  2.51307  
0.0279747  4.01894  1.1985  3.2493  
2.01898  0.0191856  0.667918  3.82354  
0.655429  3.81105  2.01898  0.0191856  
2.01898  0.0191856  1.72782  2.09732  
1.40734  2.89819  0.813244  3.70103  
1.85107  1.6233  2.01898  0.0191856  
1.72782  2.09732  1.58241  2.51353  
1.58241  2.51353  1.19819  3.24975  
1.94847  1.07172  0.955565  3.55328  
1.19819  3.24975  1.94847  1.07172  
0.0277694  4.01895  0.0277694  4.01895  
0.655004  3.81133  1.40734  2.89819  
0.955565  3.55328  1.85107  1.6233  
1.72782  2.09732  1.40734  2.89819  
0.955565  3.55328  0.655004  3.81133  
1.94847  1.07172  1.85107  1.6233  
1.85107  1.6233  1.94847  1.07172  
1.58241  2.51353  1.58241  2.51353  
1.19819  3.24975  1.12627  3.37828  
0.655004  3.81133  1.72782  2.09732  
2.01898  0.0191856  2.01898  0.0191856  
1.40734  2.89819  0.0277694  4.01895  
0.0277694  4.01895  0.955565  3.55328  
1.19819  3.24975  1.94847  1.07172  
1.40734  2.89819  1.72782  2.09732  
0.0277694  4.01895  1.85107  1.6233  
1.85107  1.6233  0.655004  3.81133  
2.01898  0.0191856  0.0307304  4.02191  
1.72782  2.09732  2.01898  0.0191856  
1.58241  2.51353  1.19819  3.24975  
0.955565  3.55328  1.40734  2.89819  
1.94847  1.07172  0.955565  3.55328  
0.655004  3.81133  1.58241  2.51353  
1.72782  2.09732  1.981  0.896707  
1.94847  1.07172  2.01898  0.0191856  
0.955565  3.55328  1.72782  2.09732  
1.40734  2.89819  0.955565  3.55328  
2.01898  0.0191856  0.0447324  4.03591  
1.19819  3.24975  1.40734  2.89819  
0.0277694  4.01895  1.58241  2.51353  
1.85107  1.6233  0.655004  3.81133  
0.655004  3.81133  1.94847  1.07172  
1.58241  2.51353  1.19819  3.24975  
1.72782  2.09732  2.01898  0.0191856  
2.01898  0.0191856  1.58241  2.51353  
0.655004  3.81133  0.655004  3.81133  
1.85107  1.6233  0.0277694  4.01895  
1.40734  2.89819  1.94847  1.07172  
1.94847  1.07172  1.72782  2.09732  
0.0277694  4.01895  1.85107  1.6233  
1.58241  2.51353  1.40734  2.89819  
0.955565  3.55328  1.36756  2.97286  
1.19819  3.24975  0.955565  3.55328  
0.655004  3.81133  1.85107  1.6233  
0.0277694  4.01895  2.03658  0.0367835  
1.19819  3.24975  0.0277694  4.01895  
1.72782  2.09732  1.94847  1.07172  
1.40734  2.89819  0.655004  3.81133  
2.01898  0.0191856  1.40734  2.89819  
1.85107  1.6233  1.19819  3.24975  
1.58241  2.51353  1.72782  2.09732  
1.94847  1.07172  1.58241  2.51353  
0.955565  3.55328  0.955565  3.55328  
1.40734  2.89819  0.655004  3.81133  
1.58241  2.51353  0.751924  3.7407  
2.01898  0.0191856  2.01898  0.0191856  
1.85107  1.6233  1.94847  1.07172  
1.19819  3.24975  1.85107  1.6233  
1.72782  2.09732  0.0517093  4.04288  
0.655004  3.81133  1.58241  2.51353  
0.0277694  4.01895  1.19819  3.24975  
0.955565  3.55328  1.72782  2.09732  
1.94847  1.07172  1.40734  2.89819  
1.58241  2.51353  0.655004  3.81133  
1.40734  2.89819  0.955565  3.55328  
2.01898  0.0191856  2.01898  0.0191856  
0.0277694  4.01895  0.0384868  4.02966  
0.655004  3.81133  1.58241  2.51353  
1.19819  3.24975  1.40734  2.89819  
1.94847  1.07172  1.85107  1.6233  
1.85107  1.6233  1.72782  2.09732  
0.955565  3.55328  1.19819  3.24975  
1.72782  2.09732  1.94847  1.07172  
1.94847  1.07172  1.40734  2.89819  
1.58241  2.51353  1.94847  1.07172  
0.0277694  4.01895  0.655004  3.81133  
2.01898  0.0191856  0.955565  3.55328  
0.655004  3.81133  1.85107  1.6233  
1.19819  3.24975  1.19819  3.24975  
1.40734  2.89819  2.01898  0.0191856  
1.72782  2.09732  1.58241  2.51353  
1.85107  1.6233  1.72782  2.09732  
0.955565  3.55328  0.0277694  4.01895  
1.40734  2.89819  1.19819  3.24975  
1.94847  1.07172  1.85107  1.6233  
1.19819  3.24975  1.94847  1.07172  
0.955565  3.55328  1.58241  2.51353  
0.0277694  4.01895  0.0277694  4.01895  
1.85107  1.6233  1.72782  2.09732  
1.58241  2.51353  0.955565  3.55328  
1.72782  2.09732  2.01898  0.0191856  
2.01898  0.0191856  1.41286  2.90371  
0.655004  3.81133  0.655004  3.81133  
0.0277694  4.01895  1.72782  2.09732  
1.40734  2.89819  0.955567  3.55328  
2.01898  0.0191856  0.97148  3.53623  
0.655006  3.81133  1.19819  3.24975  
1.72782  2.09732  1.40734  2.89819  
1.19819  3.24975  1.94847  1.07172  
0.955567  3.55328  0.0277694  4.01895  
1.58241  2.51353  2.01898  0.0191856  
1.85107  1.6233  1.58241  2.51353  
1.94847  1.07172  1.87541  1.50718  
0.655006  3.81133  0.0277694  4.01895  
1.19819  3.24975  1.40734  2.89819  
1.58241  2.51353  1.94847  1.07172  
1.72782  2.09732  1.19819  3.24975  
2.01898  0.0191856  1.85627  1.6285  
1.94847  1.07172  0.655006  3.81133  
1.40734  2.89819  2.01898  0.0191856  
1.85107  1.6233  1.58241  2.51353  
0.955567  3.55328  0.955567  3.55328  
0.0277694  4.01895  1.72782  2.09732  
1.40734  2.89819  1.72782  2.09732  
0.955567  3.55328  1.19819  3.24975  
2.01898  0.0191856  1.40734  2.89819  
1.19819  3.24975  1.88252  1.47121  
1.85107  1.6233  0.0311681  4.02234  
1.72782  2.09732  0.655006  3.81133  
0.655006  3.81133  1.58241  2.51353  
0.0277694  4.01895  1.85107  1.6233  
1.94847  1.07172  0.955567  3.55328  
1.58241  2.51353  2.01898  0.0191856  
1.40734  2.89819  2.01898  0.0191856  
1.94847  1.07172  0.655006  3.81133  
1.58241  2.51353  0.955567  3.55328  
2.01898  0.0191856  1.85107  1.6233  
0.955567  3.55328  0.0277694  4.01895  
1.19819  3.24975  1.58241  2.51353  
0.655006  3.81133  1.94847  1.07172  
0.0277694  4.01895  1.72782  2.09732  
1.72782  2.09732  1.20791  3.25948  
1.85107  1.6233  1.40734  2.89819  
0.955567  3.55328  0.955567  3.55328  
1.40734  2.89819  0.0277694  4.01895  
1.19819  3.24975  2.01898  0.0191856  
1.72782  2.09732  0.655006  3.81133  
0.655006  3.81133  1.40734  2.89819  
0.0277694  4.01895  1.95288  1.07613  
1.94847  1.07172  1.72782  2.09732  
2.01898  0.0191856  1.58241  2.51353  
1.85107  1.6233  1.19819  3.24975  
1.58241  2.51353  1.85107  1.6233  
0.655006  3.81133  0.655006  3.81133  
1.72782  2.09732  0.0277694  4.01895  
1.40734  2.89819  1.94847  1.07172  
0.955567  3.55328  0.955567  3.55328  
1.19819  3.24975  2.01898  0.0191856  
1.85107  1.6233  1.72782  2.09732  
0.0277694  4.01895  1.58241  2.51353  
1.94847  1.07172  1.40734  2.89819  
2.01898  0.0191856  1.19819  3.24975  
1.58241  2.51353  1.85107  1.6233  
1.85107  1.6233  0.655006  3.81133  
0.655006  3.81133  1.85107  1.6233  
2.01898  0.0191856  1.19819  3.24975  
1.40734  2.89819  1.77067  1.9607  
1.94847  1.07172  0.0277694  4.01895  
0.955567  3.55328  2.01898  0.0191856  
1.58241  2.51353  1.58241  2.51353  
1.72782  2.09732  1.40734  2.89819  
0.0277694  4.01895  0.955567  3.55328  
1.19819  3.24975  1.94847  1.07172  
1.58241  2.51353  1.40734  2.89819  
1.19819  3.24975  1.85107  1.6233  
2.01898  0.0191856  0.655006  3.81133  
0.0277694  4.01895  1.19819  3.24975  
0.655006  3.81133  1.58241  2.51353  
1.94847  1.07172  1.73261  2.1036  
1.40734  2.89819  0.0277694  4.01895  
1.85107  1.6233  1.94847  1.07172  
1.72782  2.09732  0.955567  3.55328  
0.955567  3.55328  2.05457  0.0546748  
1.94847  1.07172  0.0277694  4.01895  
0.655006  3.81133  0.955567  3.55328  
1.40734  2.89819  1.94847  1.07172  
0.955567  3.55328  2.01898  0.0191856  
1.85107  1.6233  0.655006  3.81133  
1.72782  2.09732  1.40734  2.89819  
2.01898  0.0191856  1.58241  2.51353  
0.0277694  4.01895  1.24824  3.18801  
1.58241  2.51353  1.72782  2.09732  
1.19819  3.24975  1.85107  1.6233  
1.58241  2.51353  1.87574  1.64798  
2.01898  0.0191856  1.58241  2.51353  
1.85107  1.6233  0.955567  3.55328  
1.19819  3.24975  2.01898  0.0191856  
1.72782  2.09732  1.19819  3.24975  
1.94847  1.07172  0.655006  3.81133  
0.0277694  4.01895  1.40734  2.89819  
0.955567  3.55328  1.94847  1.07172  
0.655006  3.81133  1.72782  2.09732  
1.40734  2.89819  0.0277694  4.01895  
1.58241  2.51353  1.72782  2.09732  
1.40734  2.89819  0.955567  3.55328  
0.0277694  4.01895  1.19819  3.24975  
1.72782  2.09732  2.01898  0.0191856  
0.955567  3.55328  1.94847  1.07173  
1.85107  1.62329  1.41151  2.89332  
2.01898  0.0191856  1.40734  2.89819  
1.19819  3.24975  1.85107  1.62329  
1.94847  1.07173  1.58241  2.51353  
0.655006  3.81133  0.655006  3.81133  
2.01898  0.0191856  1.94847  1.07173  
1.40734  2.89819  0.0277694  4.01895  
1.58241  2.51353  1.72782  2.09732  
0.955567  3.55328  1.19819  3.24975  
0.0277694  4.01895  2.01898  0.0191856  
1.85107  1.62329  1.40734  2.89819  
1.72782  2.09732  1.85107  1.62329  
1.19819  3.24975  0.655006  3.81133  
0.655006  3.81133  0.955567  3.55328  
1.94847  1.07173  1.58241  2.51353  
1.40734  2.89819  0.656054  3.81238  
1.94847  1.07173  1.94847  1.07173  
1.85107  1.62329  0.0277694  4.01895  
0.655006  3.81133  0.955567  3.55328  
1.72782  2.09732  1.58241  2.51353  
1.58241  2.51353  1.40734  2.89819  
1.19819  3.24975  2.01898  0.0191856  
2.01898  0.0191856  1.85107  1.62329  
0.955567  3.55328  1.59563  2.48956  
0.0277694  4.01895  1.19819  3.24975  
1.72782  2.09732  1.85107  1.62329  
1.58241  2.51353  1.56499  2.55659  
0.955567  3.55328  0.655006  3.81133  
1.19819  3.24975  0.955567  3.55328  
2.01898  0.0191856  1.72782  2.09732  
0.655006  3.81133  1.40734  2.89819  
1.40734  2.89819  1.19819  3.24975  
0.0277694  4.01895  1.94847  1.07173  
1.94847  1.07173  0.0277694  4.01895  
1.85107  1.62329  2.01898  0.0191856  
0.0277694  4.01895  0.955567  3.55328  
1.40734  2.89819  0.655006  3.81133  
0.655006  3.81133  1.94847  1.07173  
1.94847  1.07173  1.72782  2.09732  
1.58241  2.51353  1.19819  3.24975  
1.19819  3.24975  1.40734  2.89819  
0.955567  3.55328  0.0334944  4.02467  
1.72782  2.09732  2.01898  0.0191856  
2.01898  0.0191856  1.58241  2.51353  
1.85107  1.62329  1.85244  1.61702  
1.72782  2.09732  0.955567  3.55328  
1.40734  2.89819  0.0277694  4.01895  
1.58241  2.51353  1.94847  1.07173  
1.94847  1.07173  1.40734  2.89819  
2.01898  0.0191856  2.01898  0.0191856  
1.19819  3.24975  1.20869  3.26025  
1.85107  1.62329  1.58241  2.51353  
0.0277694  4.01895  1.85107  1.62329  
0.655006  3.81133  0.655006  3.81133  
0.955567  3.55328  1.72782  2.09732  
1.72782  2.09732  0.0277694  4.01895  
1.94847  1.07173  0.955567  3.55328  
1.85107  1.62329  0.655006  3.81133  
0.0277694  4.01895  1.19819  3.24975  
1.58241  2.51353  1.40734  2.89819  
1.19819  3.24975  1.85107  1.62329  
0.655006  3.81133  1.58241  2.51353  
1.40734  2.89819  1.74582  2.04346  
0.955567  3.55328  2.01898  0.0191856  
2.01898  0.0191856  1.94847  1.07173  
2.01898  0.0191856  1.40734  2.89819  
0.655006  3.81133  0.655006  3.81133  
0.955567  3.55328  2.00001  0.568655  
0.0277694  4.01895  0.955567  3.55328  
1.40734  2.89819  1.85107  1.62329  
1.85107  1.62329  1.20459  3.25615  
1.94847  1.07173  1.72782  2.09732  
1.72782  2.09732  1.58241  2.51353  
1.58241  2.51353  1.94847  1.07173  
1.19819  3.24975  0.0277694  4.01895  
0.655006  3.81133  1.6294  2.49641  
1.19819  3.24975  1.19819  3.24975  
0.955567  3.55328  0.0277694  4.01895  
1.85107  1.62329  1.40734  2.89819  
1.58241  2.51353  2.01898  0.0191856  
1.40734  2.89819  0.655006  3.81133  
1.72782  2.09732  0.955567  3.55328  
2.01898  0.0191856  1.94847  1.07173  
0.0277694  4.01895  2.02518  0.0253806  
1.94847  1.07173  1.72782  2.09732  
2.01898  0.0191856  1.58241  2.51353  
1.19819  3.24975  0.0277694  4.01895  
1.40734  2.89819  1.94847  1.07173  
1.85107  1.62329  0.955567  3.55328  
1.72782  2.09732  0.655006  3.81133  
1.58241  2.51353  1.72782  2.09732  
0.955567  3.55328  1.85107  1.62329  
0.0277694  4.01895  1.05699  3.47336  
1.94847  1.07173  2.01898  0.0191856  
0.655006  3.81133  1.40734  2.89819  
0.0277694  4.01895  2.01898  0.0191857  
1.58241  2.51353  0.955567  3.55328  
1.94847  1.07173  0.655006  3.81133  
2.01898  0.0191857  1.94847  1.07173  
1.72782  2.09732  1.58241  2.51353  
0.655006  3.81133  1.19819  3.24975  
1.19819  3.24975  1.72782  2.09732  
0.955567  3.55328  0.0277694  4.01895  
1.85107  1.6233  1.85107  1.6233  
1.40734  2.89819  1.40734  2.89819  
0.955567  3.55328  1.72782  2.09732  
1.72782  2.09732  0.655006  3.81133  
0.655006  3.81133  1.40734  2.89819  
1.40734  2.89819  0.0322315  4.02341  
1.58241  2.51353  1.85107  1.6233  
2.01898  0.0191857  1.94847  1.07173  
1.94847  1.07173  1.19819  3.24975  
1.85107  1.6233  1.58241  2.51353  
1.19819  3.24975  0.955567  3.55328  
0.0277694  4.01895  2.01898  0.0191857  
0.955567  3.55328  1.72782  2.09732  
1.40734  2.89819  2.01898  0.0191857  
1.72782  2.09732  1.94847  1.07173  
0.0277694  4.01895  1.19819  3.24975  
1.85107  1.6233  0.955567  3.55328  
1.58241  2.51353  1.58241  2.51353  
1.94847  1.07173  1.40734  2.89819  
0.655006  3.81133  0.0277694  4.01895  
2.01898  0.0191857  1.85107  1.6233  
1.19819  3.24975  0.655006  3.81133  
1.40734  2.89819  1.94847  1.07173  
0.955567  3.55328  2.01898  0.0191857  
2.01898  0.0191857  0.955567  3.55328  
0.0277694  4.01895  1.19819  3.24975  
1.19819  3.24975  1.58241  2.51353  
1.72782  2.09732  1.86017  1.63082  
1.94847  1.07173  1.40734  2.89819  
1.85107  1.6233  1.72782  2.09732  
0.655006  3.81133  0.655006  3.81133  
1.58241  2.51353  0.0277694  4.01895  
1.72782  2.09732  1.40734  2.89819  
1.40734  2.89819  0.655006  3.81133  
0.955567  3.55328  1.72782  2.09732  
0.655006  3.81133  1.58241  2.51353  
1.85107  1.6233  2.01898  0.0191857  
1.58241  2.51353  1.85107  1.6233  
0.0277694  4.01895  1.94847  1.07173  
2.01898  0.0191857  1.19819  3.24975  
1.19819  3.24975  0.955567  3.55328  
1.94847  1.07173  0.0277694  4.01895  
1.19819  3.24975  1.85107  1.6233  
1.94847  1.07173  1.54033  2.62078  
1.40734  2.89819  2.01898  0.0191857  
1.58241  2.51353  1.94847  1.07173  
1.72782  2.09732  1.40734  2.89819  
0.0277694  4.01895  0.655006  3.81133  
2.01898  0.0191857  1.8049  1.8283  
0.655006  3.81133  0.955567  3.55328  
0.955567  3.55328  0.0277694  4.01895  
1.85107  1.6233  1.19819  3.24975  
0.955567  3.55328  1.58241  2.51353  
2.01898  0.0191857  0.655006  3.81133  
1.40734  2.89819  2.01898  0.0191857  
1.58241  2.51353  0.955567  3.55328  
1.85107  1.6233  1.83417  1.69838  
1.94847  1.07173  1.86065  1.63287  
0.0277694  4.01895  1.72782  2.09732  
0.655006  3.81133  0.0277694  4.01895  
1.72782  2.09732  1.40734  2.89819  
1.19819  3.24975  1.19819  3.24975  
1.85107  1.6233  0.655006  3.81133  
0.955567  3.55328  1.58241  2.51353  
0.655006  3.81133  1.85107  1.6233  
1.72782  2.09732  0.0277694  4.01895  
1.94847  1.07173  1.19819  3.24975  
1.19819  3.24975  1.94847  1.07173  
1.40734  2.89819  1.74216  2.04943  
0.0277694  4.01895  1.40734  2.89819  
2.01898  0.0191857  0.961427  3.55914  
1.58241  2.51353  2.01898  0.0191857  
1.94847  1.07173  1.40734  2.89819  
0.655006  3.81133  0.655006  3.81133  
1.85107  1.6233  0.0277694  4.01895  
1.40734  2.89819  0.955567  3.55328  
2.01898  0.0191857  1.72782  2.09732  
0.0277694  4.01895  0.801811  3.75448  
1.19819  3.24975  1.85107  1.6233  
0.955567  3.55328  1.59398  2.5251  
1.72782  2.09732  1.94847  1.07173  
1.58241  2.51353  2.01898  0.0191857  
0.0277694  4.01895  1.86039  1.63262  
1.58241  2.51353  2.01898  0.0191857  
1.94847  1.07173  1.58241  2.51353  
0.955567  3.55328  1.72782  2.09732  
1.85107  1.6233  0.0277694  4.01895  
1.40734  2.89819  1.94847  1.07173  
1.19819  3.24975  0.955567  3.55328  
1.72782  2.09732  0.655006  3.81133  
2.01898  0.0191857  1.19819  3.24975  
0.655006  3.81133  1.40734  2.89819  
0.655006  3.81133  1.40734  2.89819  
1.85107  1.6233  0.655006  3.81133  
1.58241  2.51353  1.85107  1.6233  
0.0277694  4.01895  1.19819  3.24975  
2.01898  0.0191857  1.72782  2.09732  
1.72782  2.09732  0.0277694  4.01895  
1.19819  3.24975  1.94847  1.07173  
1.94847  1.07173  0.955567  3.55328  
1.40734  2.89819  1.58241  2.51353  
0.955567  3.55328  2.01898  0.0191857  
0.955567  3.55328  1.92778  1.36206  
1.94847  1.07173  1.58241  2.51353  
2.01898  0.0191857  1.19819  3.24975  
0.655006  3.81133  1.40734  2.89819  
1.19819  3.24975  1.72782  2.09732  
0.0277694  4.01895  0.955567  3.55328  
1.58241  2.51353  1.85107  1.6233  
1.85107  1.6233  0.0277694  4.01895  
1.72782  2.09732  0.655006  3.81133  
1.40734  2.89819  1.94847  1.07173  
0.655006  3.81133  1.58241  2.51353  
2.01898  0.0191857  0.955567  3.55328  
1.40734  2.89819  0.655006  3.81133  
1.58241  2.51353  0.033979  4.02515  
1.94847  1.07173  1.94847  1.07173  
1.72782  2.09732  1.40734  2.89819  
1.19819  3.24975  1.19819  3.24975  
0.955567  3.55328  1.72782  2.09732  
0.0277694  4.01895  2.01898  0.0191857  
1.85107  1.6233  1.85107  1.6233  
1.72782  2.09732  0.0277694  4.01895  
1.40734  2.89819  1.19819  3.24975  
1.19819  3.24975  1.85107  1.6233  
0.0277694  4.01895  0.655006  3.81133  
0.955567  3.55328  0.955567  3.55328  
1.85107  1.6233  1.94847  1.07173  
1.58241  2.51353  2.01898  0.0191857  
1.94847  1.07173  1.40734  2.89819  
2.01898  0.0191857  1.72782  2.09732  
0.655006  3.81133  1.58241  2.51353  
0.955567  3.55328  0.655006  3.81133  
2.01898  0.0191857  0.955567  3.55328  
1.40734  2.89819  1.58241  2.51353  
0.0277694  4.01895  2.01898  0.0191857  
1.85107  1.6233  0.0463812  4.03756  
1.58241  2.51353  1.40734  2.89819  
0.655006  3.81133  1.94847  1.07173  
1.19819  3.24975  1.85107  1.6233  
1.94847  1.07173  1.72782  2.09732  
1.72782  2.09732  1.19819  3.24975  
1.58241  2.51353  0.0277694  4.01895  
1.40734  2.89819  0.955567  3.55328  
1.94847  1.07173  1.85107  1.6233  
0.655006  3.81133  1.58241  2.51353  
0.955567  3.55328  1.72782  2.09732  
1.85107  1.6233  0.655006  3.81133  
0.0277694  4.01895  1.94847  1.07173  
1.19819  3.24975  1.19819  3.24975  
2.01898  0.0191857  2.01898  0.0191857  
1.72782  2.09732  1.40734  2.89819  
1.40734  2.89819  2.0367  0.0369056  
0.955567  3.55328  1.72782  2.09732  
1.94847  1.07173  1.58241  2.51353  
1.19819  3.24975  1.85107  1.6233  
1.85107  1.6233  0.955567  3.55328  
0.655006  3.81133  1.40734  2.89819  
1.72782  2.09732  1.94847  1.07173  
0.0277694  4.01895  0.655006  3.81133  
2.01898  0.0191857  0.0277694  4.01895  
1.58241  2.51353  1.19819  3.24975  
1.40734  2.89819  1.58241  2.51353  
1.58241  2.51353  1.40734  2.89819  
1.72782  2.09732  1.72782  2.09732  
2.01898  0.0191857  1.95442  1.07767  
1.94847  1.07173  0.955567  3.55328  
0.955567  3.55328  0.655006  3.81133  
0.0277694  4.01895  0.0277694  4.01895  
0.655006  3.81133  1.85107  1.6233  
1.19819  3.24975  2.01898  0.0191857  
1.85107  1.6233  1.19819  3.24975  
1.19819  3.24975  0.955567  3.55328  
1.40734  2.89819  1.94847  1.07173  
1.58241  2.51353  1.19819  3.24975  
1.85107  1.6233  1.58241  2.51353  
1.72782  2.09732  1.73655  2.10604  
2.01898  0.0191857  0.655006  3.81133  
0.0277694  4.01895  1.40734  2.89819  
1.94847  1.07173  1.85107  1.6233  
0.955567  3.55328  0.0277694  4.01895  
0.655006  3.81133  2.01898  0.0191857  
1.85107  1.6233  1.19819  3.24975  
2.01898  0.0191857  0.955567  3.55328  
0.0277694  4.01895  1.89612  1.66028  
1.58241  2.51353  0.655006  3.81133  
1.72782  2.09732  1.52289  2.65585  
0.655006  3.81133  0.0277694  4.01895  
1.40734  2.89819  1.94847  1.07173  
1.94847  1.07173  2.01898  0.0191857  
1.19819  3.24975  1.40734  2.89819  
0.955567  3.55328  1.72782  2.09732  
