2.31683  2.02601  2.47446  1.81397  
3.91007  1.67091  2.13928  1.79941  
2.0284  2.6191  3.62014  1.43328  
2.40982  2.49845  2.44065  2.14925  
2.5215  1.59513  2.41481  1.87734  
2.10738  2.20578  2.27773  1.61054  
2.92438  1.72591  2.22386  2.00794  
1.73727  2.48096  2.55694  2.12095  
2.86897  1.96608  1.81422  2.95207  
2.43253  1.46169  2.99574  1.29562  
2.41334  2.0773  1.98714  2.51643  
2.65569  1.19804  2.41652  1.15673  
2.06598  2.50193  2.13312  2.25498  
3.18187  1.82216  3.07579  1.59773  
3.01829  1.89129  2.7492  1.83939  
2.43843  1.57731  2.21367  2.00855  
2.49497  1.46012  2.71518  2.13675  
2.44653  2.2416  3.73492  2.18527  
3.74237  2.11936  2.77155  1.71567  
3.0908  1.71086  2.70264  1.99913  
2.75434  2.22036  1.81585  1.53478  
1.87986  1.80106  2.44351  1.43664  
1.89888  2.0218  3.11419  1.11373  
2.71181  2.41509  2.35369  2.0326  
2.97442  2.88722  2.83244  2.07145  
2.80601  1.57673  2.63452  2.23423  
1.97926  1.68776  1.91672  2.08406  
2.34567  1.34971  1.66777  2.01993  
2.13763  1.5443  2.20336  2.49302  
3.01637  2.14368  2.86929  1.75065  
2.43996  1.50358  2.25851  2.5489  
1.94496  1.96237  3.2762  1.83387  
2.33271  1.91255  2.66486  1.60281  
2.16857  1.13725  2.65367  1.89205  
2.43725  1.66183  2.68821  1.48971  
2.83874  1.8  2.8387  1.47335  
1.59897  1.7629  2.01512  2.50581  
3.3594  1.95341  2.52472  1.63448  
2.13357  2.1523  2.2712  2.31579  
3.13686  1.48844  3.00529  0.759072  
2.71726  1.38389  2.23402  1.39805  
2.39661  1.3884  1.96518  2.55454  
2.14346  1.86999  3.33361  1.79611  
2.81169  1.79545  2.99213  2.24222  
1.3622  1.90668  1.84539  1.3067  
2.94658  2.02409  2.66336  1.5347  
2.23055  2.60967  2.44639  2.88975  
3.56781  1.72711  2.38431  2.0618  
2.04634  1.5992  2.2912  2.31226  
2.31701  2.27482  3.09541  1.44285  
2.56871  1.94072  2.88545  2.04143  
2.78316  1.88644  2.59912  1.85393  
2.4319  1.68628  1.7639  1.7763  
2.30686  1.74557  2.57795  1.43777  
2.02449  1.6892  2.66753  1.49184  
2.94917  1.6062  3.04765  2.13986  
2.59383  2.10252  2.86364  1.7957  
1.81356  1.34577  3.21657  1.19324  
2.42169  1.81039  2.81915  1.22993  
1.99216  1.4135  2.8117  2.04087  
2.89608  1.2724  2.15275  1.85547  
2.36556  2.60576  2.58648  1.80821  
1.92011  2.27961  3.04487  3.01428  
2.58058  2.04058  2.64655  1.53464  
2.79847  1.33813  2.73201  1.28477  
1.73679  1.82837  2.02212  2.56808  
2.37429  1.57988  2.27544  1.46931  
1.49564  1.58036  2.25307  2.42184  
2.78095  2.19022  2.81026  1.93864  
2.86784  1.45977  2.55124  1.96444  
2.27036  2.60668  1.68462  1.47373  
2.0217  2.22865  2.67681  1.54488  
2.16824  3.13139  1.86198  1.98648  
2.56086  1.31473  2.35079  1.63404  
2.27378  1.0979  2.07562  2.01386  
2.17675  2.06078  2.02295  1.92126  
2.45587  1.74309  2.87018  1.22513  
2.42106  1.85142  2.24813  1.80273  
3.55154  0.619967  2.47922  1.01056  
1.89382  1.15013  2.39397  2.17693  
2.01918  1.67881  3.44846  1.67919  
2.78236  2.03565  3.18603  1.3489  
2.21221  1.76746  2.78804  1.66457  
2.17866  1.84544  3.20553  2.54891  
3.26887  1.34542  2.08702  2.21697  
2.3221  1.92696  2.55338  1.26368  
2.13536  2.03209  2.85638  1.63315  
2.49686  1.34693  2.59604  1.23585  
2.51382  1.13267  2.18073  2.05173  
2.83032  1.89236  1.75433  1.42818  
2.13146  1.92548  1.59835  1.83056  
2.39623  2.02129  3.19975  2.12989  
2.32916  2.50608  3.36103  1.61408  
1.87513  1.30832  1.99807  1.77358  
2.13643  1.75448  2.76369  1.19337  
2.0894  1.11063  2.14323  2.02019  
1.87607  1.37971  2.10729  1.08704  
3.42907  1.15406  2.36154  0.750871  
2.01954  1.6274  2.22009  1.6257  
2.89038  2.05111  2.37911  1.36051  
0.0351339  1.05024  3.85645  3.15353  
0.873988  0.126094  0.118967  0.881108  
0.493708  0.506684  0.0351339  1.05024  
0.750763  0.249397  0.241033  0.759232  
0.241033  0.759232  0.750763  0.249397  
0.118967  0.881108  0.795402  0.204988  
3.85645  3.15353  0.538746  0.755505  
0.795402  0.204988  1.31062  0.404916  
1.00007  0.00013199  1.00007  0.00013199  
0.538746  0.755505  0.493708  0.506684  
0.375046  0.625769  3.67636  3.30116  
3.67636  3.30116  0.241025  0.759215  
0.750763  0.249397  0.873988  0.126094  
7.01642e-05  1  0.118967  0.881108  
0.118967  0.881108  1.72088  1.32099  
1.7481  0.668526  1.04999  0.0522788  
1.04999  0.0522788  0.709896  0.98865  
0.241025  0.759215  7.01642e-05  1  
1.72088  1.32099  0.750763  0.249397  
0.873988  0.126094  1.7481  0.668526  
0.611778  0.388265  7.01642e-05  1  
0.294062  1.38578  0.611966  0.388265  
1.04999  0.0522788  0.294062  1.38578  
0.873988  0.126094  2.40541  1.90454  
7.01642e-05  1  0.375046  0.625769  
0.241025  0.759215  0.750763  0.249397  
0.375046  0.625769  1.04999  0.0522788  
1.7481  0.668526  0.241025  0.759215  
2.40541  1.90454  1.7481  0.668526  
0.750763  0.249397  0.873988  0.126094  
0.118967  0.881108  0.118967  0.881108  
0.375046  0.625769  0.482758  0.557314  
0.750763  0.249382  1.00007  0.00013199  
0.795402  0.204988  0.375046  0.625769  
0.873988  0.126094  1.01913  0.35321  
0.493399  0.506684  0.795402  0.204988  
1.19055  0.857475  7.01642e-05  1  
0.241025  0.759209  0.750763  0.249382  
7.01642e-05  1  1.19055  0.857475  
1.00007  0.00013199  0.241025  0.759209  
1.00007  0.00013199  7.01642e-05  1  
0.873988  0.126094  1.0964  0.814411  
7.01642e-05  1  1.00007  0.00013199  
0.118967  0.881108  0.118967  0.881108  
1.0964  0.814411  0.493399  0.506684  
0.493399  0.506684  0.750763  0.249382  
5.10132  4.08119  0.873988  0.126094  
0.750763  0.249382  5.10132  4.08119  
0.795402  0.204988  0.868335  0.29228  
0.375046  0.625769  1.20234  0.812869  
0.795402  0.204988  0.241025  0.759206  
0.375046  0.625769  0.118967  0.881108  
7.01642e-05  1  0.611778  0.388265  
0.118967  0.881108  0.750763  0.249397  
0.873988  0.126094  0.795402  0.204988  
0.493399  0.506684  0.493399  0.506684  
1.00007  0.00013199  7.01642e-05  1  
0.241025  0.759206  0.873988  0.126094  
0.750763  0.249397  1.00007  0.00013199  
0.611778  0.388265  0.375096  0.625769  
0.750763  0.249397  7.01642e-05  1  
0.873988  0.126094  0.493708  0.506684  
0.118967  0.881108  1.00016  0.00013199  
0.375046  0.625769  0.241033  0.759232  
7.01642e-05  1  0.750763  0.249397  
0.493708  0.506684  0.795402  0.204988  
0.795402  0.204988  0.375046  0.625769  
3.85645  3.15353  0.118967  0.881108  
0.241033  0.759232  3.85645  3.15353  
1.00007  0.00013199  0.873988  0.126094  
0.241025  0.759215  7.01642e-05  1  
2.44182  1.5908  3.68386  2.38635  
0.375244  0.625769  0.241025  0.759215  
2.151  1.46629  1.05828  0.162635  
1.7481  0.668526  2.44182  1.5908  
1.05828  0.162635  1.7481  0.668526  
7.01642e-05  1  0.118967  0.881108  
3.68386  2.38635  0.750763  0.249397  
0.118967  0.881108  2.151  1.46629  
0.750763  0.249397  0.375244  0.625771  
1.7481  0.668526  0.118967  0.881108  
0.241025  0.759215  0.750763  0.249397  
1.04999  0.0522788  1.4057  0.553607  
2.40541  1.90454  0.611778  0.388265  
0.750763  0.249397  1.04999  0.0522788  
0.873988  0.126094  7.01642e-05  1  
0.375046  0.625769  0.375046  0.625769  
0.118967  0.881108  0.705395  0.721077  
7.01642e-05  1  0.873988  0.126094  
0.611778  0.388265  2.40541  1.90454  
0.241033  0.759232  1.01459  0.0162095  
7.01642e-05  1  3.85645  3.15353  
1.00007  0.00013199  0.493708  0.506684  
0.375046  0.625769  4.7829  3.71885  
0.118967  0.881108  0.118967  0.881108  
4.08659  2.9028  1.04436  0.0302402  
0.493708  0.506684  7.01642e-05  1  
0.750763  0.249397  0.750763  0.249397  
4.7829  3.71885  4.08659  2.9028  
3.85645  3.15353  0.241033  0.759232  
0.243969  0.756033  0.999964  8.91542e-05  
0.611755  0.388246  0.795277  0.204725  
0.493456  0.506719  0.873958  0.126048  
3.04937e-05  1  0.493456  0.506719  
0.749703  0.250344  5.11858  4.12136  
0.795277  0.204725  0.0887895  0.911698  
5.11858  4.12136  0.243969  0.756033  
0.120387  0.879618  3.04937e-05  1  
0.999964  8.91542e-05  0.749703  0.250344  
0.873958  0.126048  0.611755  0.388246  
0.749703  0.250344  0.611755  0.388246  
0.999964  8.91542e-05  0.120387  0.879618  
0.873958  0.126048  0.370053  0.629951  
3.04937e-05  1  0.795277  0.204725  
0.243969  0.756033  1.10824  0.456203  
0.795277  0.204725  3.04937e-05  1  
0.610288  0.628445  0.243969  0.756033  
0.120387  0.879618  0.610288  0.628445  
0.611755  0.388246  0.749703  0.250344  
0.370053  0.629951  0.999964  8.91542e-05  
0.749703  0.250344  3.04937e-05  1  
0.493353  0.50665  1.03869  0.280878  
1.03869  0.280878  0.370053  0.629951  
0.795277  0.204725  0.247439  0.760049  
0.611755  0.388246  0.749703  0.250344  
0.120387  0.879618  0.493353  0.50665  
0.370053  0.629951  1.2165  0.701629  
3.04937e-05  1  0.999964  8.91542e-05  
0.999964  8.91542e-05  0.120387  0.879618  
0.247439  0.760049  0.611755  0.388246  
0.611755  0.388246  3.91501  2.70421  
0.795277  0.204725  3.04937e-05  1  
3.91501  2.70421  0.493353  0.50665  
0.999964  8.91542e-05  1.01118  0.0237274  
0.243969  0.756033  0.611755  0.388246  
0.120387  0.879618  0.370053  0.629951  
0.370053  0.629951  0.795277  0.204725  
3.04937e-05  1  0.120387  0.879618  
0.493353  0.50665  0.749703  0.250344  
0.749703  0.250344  2.04094  1.83565  
0.493353  0.50665  0.243969  0.756033  
0.999964  8.91542e-05  0.100455  1.1257  
0.873958  0.126048  0.873958  0.126048  
0.749703  0.250344  0.493353  0.50665  
3.04937e-05  1  0.120387  0.879618  
0.370053  0.629951  0.749703  0.250344  
0.120387  0.879618  0.795277  0.204725  
0.243969  0.756033  0.370053  0.629951  
0.795277  0.204725  0.611755  0.388246  
0.611755  0.388246  0.999964  8.91542e-05  
3.04937e-05  1  3.04937e-05  1  
0.611755  0.388246  0.999964  8.91542e-05  
3.539  2.28794  0.120387  0.879618  
0.370053  0.629951  0.585853  0.64909  
0.749703  0.250344  2.10117  1.58746  
0.243969  0.756033  0.370053  0.629951  
0.795277  0.204725  0.493353  0.50665  
0.999964  8.91542e-05  0.611755  0.388246  
0.493353  0.50665  3.539  2.28794  
0.120387  0.879618  0.795277  0.204725  
3.04937e-05  1  0.795277  0.204725  
0.611755  0.388246  0.873958  0.126048  
0.873958  0.126048  0.120387  0.879618  
0.120387  0.879618  0.493353  0.50665  
0.999964  8.91542e-05  3.04937e-05  1  
0.243969  0.756033  0.243969  0.756033  
0.795277  0.204725  0.370053  0.629951  
0.493353  0.50665  0.999964  8.91542e-05  
0.370053  0.629951  0.924272  0.808142  
0.749703  0.250344  0.749703  0.250344  
0.243969  0.756033  3.04937e-05  1  
0.999964  8.91542e-05  1.54682  1.05821  
0.873958  0.126048  0.611755  0.388246  
3.04937e-05  1  0.243969  0.756033  
0.120387  0.879618  0.120387  0.879618  
0.611755  0.388246  0.999964  8.91542e-05  
0.749703  0.250344  0.873958  0.126048  
0.795277  0.204725  4.66684  3.79812  
0.493353  0.50665  0.370053  0.629951  
0.370053  0.629951  0.493353  0.50665  
0.611755  0.388246  0.535929  0.805423  
0.749703  0.250344  0.873958  0.126048  
0.493353  0.50665  0.370053  0.629951  
0.873958  0.126048  0.611755  0.388246  
0.243969  0.756033  0.120387  0.879618  
4.87391  3.89334  0.749703  0.332355  
0.999964  8.91542e-05  0.243969  0.756033  
0.120387  0.879618  4.87391  3.89334  
3.04937e-05  1  3.04937e-05  1  
0.370053  0.629951  0.999964  8.91542e-05  
3.04937e-05  1  0.243969  0.756033  
0.749703  0.250344  0.120387  0.879618  
4.87391  3.89334  0.999964  8.91542e-05  
0.493353  0.50665  2.49116  2.29203  
0.243969  0.756033  0.749703  0.250344  
0.370053  0.629951  4.87391  3.89334  
0.999964  8.91542e-05  0.493353  0.50665  
0.120387  0.879618  3.04937e-05  1  
0.873958  0.126048  0.873958  0.126048  
0.611755  0.388246  0.611755  0.388246  
0.748258  0.251801  0.400953  0.599175  
0.873957  0.126046  0.097532  0.902671  
0.611783  0.388235  0.748258  0.25177  
0.49551  0.504597  1.31059  0.430399  
0.298855  0.701189  0.197655  0.802379  
0.400953  0.599175  0.298855  0.701189  
3.81936e-05  1  3.81936e-05  1  
0.0975537  0.902481  0.49551  0.504597  
0.197655  0.802379  0.611783  0.388235  
0.999964  0.000100541  0.873957  0.126046  
0.298855  0.701189  0.393423  0.634726  
0.49551  0.504597  0.999964  0.000100541  
0.873957  0.126046  0.873957  0.126046  
0.748258  0.251801  0.748258  0.251801  
0.400953  0.599175  0.0389313  1.03492  
0.611783  0.388235  0.611783  0.388235  
0.0975463  0.902478  0.298855  0.701189  
0.197655  0.802379  0.49551  0.504597  
3.81936e-05  1  0.197655  0.802379  
0.999964  0.000100541  0.400953  0.599175  
0.298855  0.701189  0.197655  0.802379  
0.748258  0.251801  0.873957  0.126046  
0.197655  0.802379  0.298855  0.701189  
0.873957  0.126046  0.400953  0.599175  
0.0975463  0.902478  3.81936e-05  1  
0.400953  0.599175  0.49551  0.504597  
0.611783  0.388235  0.999964  0.000100541  
3.81936e-05  1  0.611783  0.388235  
0.49551  0.504597  0.748258  0.251801  
0.999964  0.000100541  0.097583  0.902494  
0.873957  0.126046  0.298855  0.701189  
0.400953  0.599175  3.81936e-05  1  
0.298855  0.701189  0.999964  0.000100541  
0.197655  0.802379  0.197655  0.802379  
0.49551  0.504597  0.748258  0.251801  
0.0975463  0.902478  0.401334  0.599351  
0.748258  0.25177  0.611783  0.388235  
0.611783  0.388235  0.0975463  0.902478  
3.81936e-05  1  0.49551  0.504597  
0.999964  0.000100541  0.873957  0.126046  
3.81936e-05  1  3.81936e-05  1  
0.49551  0.504597  0.748258  0.25177  
0.197655  0.802379  0.197655  0.802379  
0.611783  0.388235  0.873957  0.126046  
0.298855  0.701189  0.400953  0.599175  
0.873957  0.126046  0.097532  0.902472  
0.400953  0.599175  0.611783  0.388235  
0.748258  0.25177  0.49551  0.50461  
0.097532  0.902472  0.999964  0.000100541  
0.999964  0.000100541  0.298855  0.701189  
0.197655  0.802379  0.999964  0.000100541  
0.298855  0.701189  0.298855  0.701189  
3.81936e-05  1  0.611783  0.388235  
0.748258  0.25177  0.400953  0.599175  
0.49551  0.504597  0.097532  0.902472  
0.400953  0.599175  0.197655  0.802379  
0.097532  0.902472  0.0063482  1.00461  
0.611783  0.388235  0.748258  0.25177  
0.873957  0.126046  0.49551  0.504597  
0.999964  0.000100541  0.873957  0.126046  
0.748258  0.25177  0.611783  0.388235  
0.097532  0.902472  0.097532  0.902472  
3.81936e-05  1  0.197655  0.802379  
0.611783  0.388235  1.01019  0.632447  
0.873957  0.126046  0.298855  0.701189  
0.298855  0.701189  0.999964  0.000100541  
0.197655  0.802379  0.748258  0.25177  
0.49551  0.504597  0.49551  0.504597  
0.400953  0.599175  0.43525  0.64124  
0.999964  0.000100541  0.873957  0.126046  
3.81936e-05  1  0.197655  0.802379  
0.748258  0.25177  0.097532  0.902671  
0.400953  0.599175  0.49551  0.504597  
0.49551  0.504597  0.748258  0.25177  
0.097532  0.902472  0.611783  0.388235  
0.611783  0.388235  0.298855  0.701189  
0.197655  0.802379  0.400953  0.599175  
0.873957  0.126046  0.873957  0.126046  
0.298855  0.701189  3.81936e-05  1  
0.999964  0.000100541  0.999964  0.000100541  
0.298855  0.701189  3.81936e-05  1  
0.400953  0.599175  0.748258  0.25177  
3.81936e-05  1  0.873957  0.126046  
0.197655  0.802379  0.197655  0.802379  
0.748258  0.25177  0.49551  0.504597  
0.873957  0.126046  0.400953  0.599175  
0.097532  0.902472  0.999964  0.000100541  
0.49551  0.504597  0.298855  0.701189  
0.611783  0.388235  0.611783  0.388235  
0.999964  0.000100541  0.097532  0.902472  
0.097532  0.902472  0.873957  0.126046  
0.611783  0.388235  0.611783  0.388235  
0.49551  0.504597  0.400953  0.599175  
0.873957  0.126046  3.81936e-05  1  
0.748258  0.25177  0.298855  0.701189  
0.197655  0.802379  0.49551  0.504597  
0.298855  0.701189  0.197655  0.802379  
3.81936e-05  1  4.8569  4.22469  
0.400953  0.599175  0.748258  0.25177  
0.999964  0.000100541  0.0975463  0.902478  
0.748231  0.251769  1.78165  1.80159  
0.000350333  1  0.940176  0.540971  
0.612016  0.387985  0.0975305  0.90247  
0.999964  9.91115e-05  0.913969  0.21035  
0.873958  0.126043  9.72618e-05  1  
0.197638  0.802362  0.498235  0.501807  
0.498235  0.501807  0.999964  9.91115e-05  
1.02647  1.32791  0.197638  0.802362  
0.397973  0.602028  0.612016  0.387985  
0.0975305  0.90247  0.418264  0.630499  
0.397973  0.602073  0.000350333  1  
9.72618e-05  1  0.622693  0.605123  
0.612016  0.387985  0.197638  0.802362  
0.873958  0.126043  0.748231  0.251769  
1.78165  1.80159  0.873958  0.126043  
0.498235  0.501807  0.0975305  0.90247  
0.999964  9.91115e-05  0.397973  0.602028  
0.748231  0.251769  0.999964  9.91115e-05  
0.0975305  0.90247  1.02647  1.32791  
0.197638  0.802362  0.612016  0.387985  
0.498235  0.501807  0.397973  0.602028  
0.197638  0.802362  0.0975305  0.90247  
0.612016  0.387985  0.612016  0.387985  
1.78165  1.80159  1.78165  1.80159  
0.0975305  0.90247  0.498235  0.501807  
0.999964  9.91115e-05  0.197638  0.802362  
9.72618e-05  1  0.940176  0.540971  
0.873958  0.126043  9.72618e-05  1  
0.748231  0.251769  0.999964  9.91115e-05  
0.397973  0.602028  0.913969  0.21035  
0.197638  0.802362  0.397973  0.602073  
0.873958  0.126043  0.197638  0.802362  
0.612016  0.387985  1.78165  1.80159  
0.748231  0.251769  0.498235  0.501807  
5.80683e-05  1  0.00121003  1.00034  
0.0975305  0.90247  0.0975305  0.90247  
1.78165  1.80159  0.612016  0.387985  
0.498235  0.501807  0.748231  0.251769  
0.999964  9.91115e-05  0.873958  0.126043  
0.397973  0.602028  0.999964  9.91115e-05  
0.873958  0.126043  0.0975305  0.90247  
0.397973  0.602028  0.612016  0.387985  
0.197638  0.802362  0.748231  0.251769  
0.612016  0.387985  0.298665  0.701335  
0.298665  0.701335  0.498235  0.501807  
0.999964  9.91115e-05  0.197638  0.802362  
0.0975305  0.90247  0.397973  0.602028  
0.748231  0.251769  9.72618e-05  1  
9.72618e-05  1  0.873958  0.126043  
0.498235  0.501807  1.2435  0.450555  
1.02647  1.32791  0.873958  0.126043  
0.397973  0.602028  9.72618e-05  1  
0.612016  0.387985  0.397973  0.602028  
9.72618e-05  1  1.35892  0.376195  
0.498235  0.501807  1.02647  1.32791  
0.748231  0.251769  0.612016  0.387985  
0.873958  0.126043  0.0975305  0.90247  
0.197638  0.802362  0.197638  0.802362  
0.0975305  0.90247  0.498235  0.501807  
0.999964  9.91115e-05  0.748231  0.251769  
0.612016  0.387985  0.0975305  0.90247  
0.197638  0.802362  0.748231  0.251769  
0.0975305  0.90247  0.999964  9.91115e-05  
0.748231  0.251769  0.298665  0.701335  
0.298665  0.701335  9.72618e-05  1  
0.999964  9.91115e-05  0.397973  0.602028  
0.873958  0.126043  0.873958  0.126043  
0.498235  0.501807  0.498235  0.501807  
9.72618e-05  1  0.197638  0.802362  
0.397973  0.602028  0.612016  0.387985  
0.612016  0.387985  0.397973  0.602028  
0.298665  0.701335  9.72618e-05  1  
9.72618e-05  1  1.02647  1.32791  
0.197638  0.802559  0.999964  9.91115e-05  
0.498235  0.501807  0.612016  0.387985  
0.999964  9.91115e-05  0.748231  0.251769  
0.873958  0.126043  0.0975305  0.90247  
0.748231  0.251769  2.21214  1.38032  
0.397973  0.602396  0.498235  0.501807  
0.097609  0.90247  0.197638  0.802362  
0.397973  0.602396  0.612016  0.387985  
0.612016  0.387985  0.197638  0.802362  
0.197638  0.802559  0.397973  0.602028  
0.748231  0.251769  0.748231  0.251769  
0.498235  0.501807  0.999964  9.91115e-05  
0.999964  9.91115e-05  0.498235  0.501807  
0.298665  0.701335  0.0975305  0.90247  
9.72618e-05  1  1.78165  1.80159  
0.0976388  0.902528  0.873958  0.126043  
0.873958  0.126043  0.000253551  1.00022  
1.02647  1.32791  0.498235  0.501807  
0.873958  0.126043  0.197638  0.802362  
0.197638  0.802362  0.873958  0.126043  
0.999964  9.91115e-05  0.0975305  0.90247  
0.748231  0.251769  1.78165  1.80159  
9.72618e-05  1  0.397973  0.602028  
0.612016  0.387985  0.612016  0.387985  
0.498235  0.501807  0.748231  0.251769  
0.397973  0.602028  5.80683e-05  1  
0.0975305  0.90247  1.52645  0.458242  
3.10992e-05  1  0.748231  0.251769  
0.873977  0.126024  0.397973  0.602028  
0.295925  0.704077  0.72646  0.529117  
0.748231  0.251769  0.499625  0.500382  
0.196103  0.803898  0.295925  0.704077  
0.612562  0.387456  3.10992e-05  1  
0.999963  0.000102285  0.196103  0.803898  
0.499625  0.500382  0.0975304  0.90247  
0.0975304  0.90247  0.873977  0.126024  
0.397973  0.602028  0.999963  0.000102285  
3.10992e-05  1  0.295925  0.704077  
0.295925  0.704077  0.612562  0.387456  
0.397973  0.602028  0.999963  0.000102285  
0.999963  0.000102285  0.397973  0.602028  
0.0975304  0.90247  4.01194e-05  1.00001  
0.748231  0.251769  0.873977  0.126024  
0.612562  0.387456  0.748231  0.251769  
0.499625  0.500382  0.196103  0.803898  
0.196103  0.803898  0.0975304  0.90247  
0.873977  0.126024  0.499625  0.500382  
0.873977  0.126024  0.999963  0.000102285  
0.397973  0.602028  0.0975304  0.90247  
3.10992e-05  1  0.748231  0.251769  
0.295925  0.704077  0.463327  0.660583  
0.196103  0.803898  0.873977  0.126024  
0.748231  0.251769  0.499625  0.500382  
0.0975304  0.90247  0.196103  0.803898  
0.612562  0.387456  3.10992e-05  1  
0.499625  0.500382  0.612562  0.387456  
0.999963  0.000102285  0.295925  0.704077  
0.397973  0.602028  0.299811  0.704094  
0.612562  0.387456  0.499625  0.500382  
0.0975304  0.90247  0.999963  0.000102285  
0.873977  0.126024  0.748231  0.251769  
3.10992e-05  1  0.0975304  0.90247  
0.748231  0.251769  0.873977  0.126024  
0.999963  0.000102285  3.10992e-05  1  
0.196103  0.803898  0.196103  0.803898  
0.499625  0.500382  0.397973  0.602028  
0.295925  0.704077  0.612562  0.387456  
0.873977  0.126024  0.397973  0.602028  
0.397973  0.602028  3.10992e-05  1  
0.0975304  0.90247  0.880661  0.424978  
0.196103  0.803898  0.999963  0.000102285  
0.612562  0.387456  0.0975304  0.90247  
0.999963  0.000102285  0.196103  0.803898  
0.748231  0.251769  0.499625  0.500382  
0.295925  0.704077  0.295925  0.704077  
0.499625  0.500382  0.612562  0.387456  
3.10992e-05  1  0.873977  0.126024  
0.873977  0.126024  3.10992e-05  1  
0.748231  0.251769  0.0975304  0.90247  
3.10992e-05  1  0.196103  0.803898  
0.397973  0.602028  0.612562  0.387456  
0.295925  0.704077  0.397973  0.602028  
0.612562  0.387456  0.999963  0.000102285  
0.0975304  0.90247  1.14396  0.272764  
0.999963  0.000102285  0.748231  0.251769  
0.196103  0.803898  0.295925  0.704077  
0.499625  0.500382  0.499625  0.500382  
3.10992e-05  1  3.10992e-05  1  
0.196103  0.803898  0.49974  0.500382  
0.397973  0.602028  0.397973  0.602028  
0.499625  0.500382  0.295925  0.704077  
0.748231  0.251769  0.612562  0.387456  
0.295925  0.704077  0.999963  0.000102285  
0.873977  0.126024  0.873977  0.126024  
0.999963  0.000102285  0.748231  0.251769  
0.612562  0.387456  0.196103  0.803898  
0.0975304  0.90247  0.0975304  0.90247  
0.612562  0.387456  0.999963  0.000102285  
0.873977  0.126024  0.873977  0.126024  
0.0975304  0.90247  0.750204  0.275087  
0.397973  0.602028  0.397973  0.602028  
0.748231  0.251769  0.0975304  0.90247  
0.295925  0.704077  0.196103  0.803898  
0.999963  0.000102285  3.10992e-05  1  
0.196103  0.803898  0.612562  0.387456  
3.10992e-05  1  0.295925  0.704077  
0.499625  0.500382  0.499625  0.500382  
3.10992e-05  1  0.748231  0.251769  
0.0975304  0.90247  0.499625  0.500382  
0.397973  0.602028  0.397973  0.602028  
0.499625  0.500382  0.295925  0.704077  
0.196103  0.803898  0.873977  0.126024  
0.748231  0.251769  0.196103  0.803898  
0.999963  0.000102285  0.612562  0.387456  
0.612562  0.387456  0.999963  0.000102285  
0.295925  0.704077  3.10992e-05  1  
0.873977  0.126024  0.0975304  0.902471  
0.295925  0.704077  0.499625  0.500382  
0.873977  0.126024  0.873977  0.126024  
0.748231  0.251769  0.0975304  0.90247  
0.612562  0.387456  0.999963  0.000102285  
0.196103  0.803898  0.196103  0.803898  
0.999963  0.000102285  0.612562  0.387456  
0.499625  0.500382  0.397973  0.602028  
0.397973  0.602028  3.10992e-05  1  
3.10992e-05  1  0.295925  0.704077  
0.0975304  0.90247  2.10158  1.29583  
0.296096  0.703904  0.748222  0.251778  
0.502107  0.497893  0.0975304  0.90247  
0.748222  0.251778  0.296096  0.703904  
0.613557  0.386449  0.613557  0.386449  
0.873983  0.126017  0.999962  9.90175e-05  
0.0975304  0.90247  9.87589e-05  1.00001  
0.999962  9.90175e-05  0.397973  0.602027  
6.60376e-05  1  0.502107  0.497893  
0.196103  0.803897  0.873983  0.126017  
0.397973  0.602027  0.196103  0.803897  
0.502107  0.497893  0.613557  0.386449  
0.873983  0.126017  0.000645976  1.00036  
0.196103  0.803897  0.296096  0.703904  
0.296096  0.703904  0.397973  0.602027  
0.748222  0.251778  0.999962  9.90175e-05  
0.999962  9.90175e-05  0.748222  0.251778  
0.0975304  0.90247  0.873983  0.126017  
0.397973  0.602027  0.0975304  0.90247  
6.60376e-05  1  0.502107  0.497893  
0.613557  0.386449  0.196103  0.803897  
0.0975304  0.90247  0.748222  0.251778  
6.60376e-05  1  0.0975304  0.90247  
0.296096  0.703904  0.873983  0.126017  
0.397973  0.602027  0.196103  0.803897  
0.613557  0.386449  0.999962  9.90175e-05  
0.748222  0.251778  6.60376e-05  1  
0.873983  0.126017  0.613557  0.386449  
0.196103  0.803897  0.397973  0.602027  
0.999962  9.90175e-05  0.296096  0.703904  
0.502107  0.497893  0.553792  0.545469  
0.999962  9.90175e-05  0.0975304  0.90247  
0.502107  0.497893  6.60376e-05  1  
0.397973  0.602027  0.748222  0.251778  
6.60376e-05  1  0.613557  0.386449  
0.196103  0.803897  0.999962  9.90175e-05  
0.0975304  0.90247  0.296096  0.703904  
0.613557  0.386449  0.397973  0.602027  
0.748222  0.251778  0.873983  0.126017  
0.296096  0.703904  0.502107  0.497893  
0.873983  0.126017  0.301266  0.803901  
0.0975304  0.90247  0.502107  0.497893  
0.502107  0.497893  0.873983  0.126017  
0.999962  9.90175e-05  0.397973  0.602027  
0.397973  0.602027  0.613557  0.386449  
6.60376e-05  1  0.999962  9.90175e-05  
0.873983  0.126017  0.748222  0.251778  
0.296096  0.703904  0.196103  0.803897  
0.748222  0.251778  0.0975304  0.90247  
0.613557  0.386449  6.60376e-05  1  
0.196103  0.803897  0.296096  0.703904  
0.196103  0.803897  0.873983  0.126017  
0.397973  0.602027  0.397973  0.602027  
0.999962  9.90175e-05  0.704691  0.592816  
0.873983  0.126017  0.0975304  0.90247  
6.60376e-05  1  0.613557  0.386449  
0.502107  0.497893  0.748222  0.251778  
0.296096  0.703904  0.196103  0.803897  
0.613557  0.386449  6.60376e-05  1  
0.0975304  0.90247  0.296096  0.703904  
0.748222  0.251778  0.999962  9.90175e-05  
0.613557  0.386449  6.60376e-05  1  
0.196103  0.803897  0.748222  0.251778  
0.0975304  0.90247  0.873983  0.126017  
0.502107  0.497893  0.196103  0.803897  
0.397973  0.602027  0.502107  0.497893  
6.60376e-05  1  0.296096  0.727483  
0.296096  0.703904  0.613557  0.386449  
0.748222  0.251778  0.999962  9.90175e-05  
0.873983  0.126017  0.648869  0.640235  
0.999962  9.90175e-05  0.0975304  0.90247  
0.0975304  0.90247  0.748222  0.251778  
6.60376e-05  1  0.196103  0.803897  
0.999962  9.90175e-05  0.502107  0.497893  
0.613557  0.386449  0.296096  0.703904  
0.748222  0.251778  0.999962  9.90175e-05  
0.296096  0.703904  0.873983  0.126017  
0.397973  0.602027  0.0975304  0.90247  
0.196103  0.803897  0.397973  0.602027  
0.502107  0.497893  6.60376e-05  1  
0.873983  0.126017  0.613557  0.386449  
0.613557  0.386449  0.196103  0.803897  
0.748222  0.251778  0.999962  9.90175e-05  
0.196103  0.803897  0.748222  0.251778  
0.999962  9.90175e-05  0.296096  0.704154  
0.397973  0.602027  0.397973  0.602027  
0.0975304  0.90247  0.0975304  0.90247  
9.25701e-05  1  6.60376e-05  1  
0.296096  0.703904  0.613557  0.386449  
0.502107  0.497893  0.502107  0.497893  
0.873983  0.126017  0.873983  0.126017  
0.397973  0.602027  0.502107  0.497893  
0.0975304  0.90247  0.873983  0.126017  
0.613557  0.386449  0.296096  0.703904  
0.873983  0.126017  0.0975304  0.90247  
6.60376e-05  1  0.745427  1.7114  
0.999962  9.90175e-05  0.613557  0.386449  
0.196103  0.803897  0.0975463  0.902486  
0.296096  0.703904  0.397973  0.602027  
0.502107  0.497893  0.748222  0.251778  
0.748222  0.251778  3.17312  2.53456  
0.615253  0.384772  0.504039  0.495962  
0.398025  0.601975  0.196104  0.803899  
0.296096  0.703904  0.296097  0.703906  
0.0975304  0.90247  0.398025  0.601975  
0.748208  0.251792  0.0975304  0.90247  
0.196104  0.803899  0.873994  0.126006  
7.2985e-05  1  0.999959  9.82431e-05  
0.504039  0.495962  0.615253  0.384772  
0.873994  0.126006  7.2985e-05  1  
0.999959  9.82431e-05  0.748208  0.251792  
0.0975304  0.90247  0.873994  0.126006  
0.196104  0.803899  0.0975304  0.90247  
0.873994  0.126006  0.615253  0.385075  
0.615253  0.384772  0.504039  0.495962  
0.398025  0.601975  0.196104  0.803899  
0.504039  0.495962  0.296096  0.703904  
7.2985e-05  1  0.999959  9.82431e-05  
0.296096  0.703904  7.2985e-05  1  
0.999959  9.82431e-05  0.748208  0.251792  
0.748208  0.251792  0.257781  0.782533  
0.748208  0.251792  0.615253  0.384772  
0.873994  0.126006  0.504039  0.495962  
7.2985e-05  1  0.999959  9.82431e-05  
0.296096  0.703904  0.196104  0.803899  
0.504039  0.495962  0.0975304  0.90247  
0.999959  9.82431e-05  0.748208  0.251792  
0.0975304  0.90247  1.31609  0.649476  
0.196104  0.803899  0.296096  0.703904  
0.615253  0.384772  0.398025  0.601975  
0.398025  0.601975  7.2985e-05  1.00004  
0.999959  9.82431e-05  0.504039  0.495962  
0.196104  0.803899  0.296096  0.703904  
0.296096  0.703904  0.973259  0.308712  
0.504039  0.495962  7.2985e-05  1  
0.0975304  0.90247  0.748208  0.251792  
7.2985e-05  1  1.00005  9.82431e-05  
0.615253  0.384772  0.398025  0.601975  
0.398025  0.601975  0.615253  0.384772  
0.748208  0.251792  0.196104  0.803899  
0.873994  0.126006  0.0975304  0.90247  
7.2985e-05  1  0.398025  0.601975  
0.504039  0.495962  3.19387  2.44297  
0.398025  0.601975  0.999959  9.82431e-05  
0.748208  0.251792  0.196104  0.803899  
0.0975304  0.90247  0.873994  0.126006  
0.296096  0.703904  0.615253  0.384772  
0.873994  0.126006  0.748208  0.251792  
0.999959  9.82431e-05  7.2985e-05  1  
0.196104  0.803899  0.296096  0.703904  
0.615253  0.384772  0.504039  0.495962  
7.2985e-05  1  0.873994  0.126006  
0.615253  0.384772  0.196104  0.803899  
0.196104  0.803899  0.615253  0.384772  
0.873994  0.126006  0.0975304  0.90247  
0.398025  0.601975  0.999959  9.82431e-05  
0.999959  9.82431e-05  0.748208  0.251792  
0.0975304  0.90247  7.2985e-05  1  
0.748208  0.251792  1.32595  1.18532  
0.296096  0.703904  0.504039  0.495962  
0.504039  0.495962  0.296096  0.703904  
0.504039  0.495962  0.873994  0.126006  
0.0975304  0.90247  0.0975304  0.90247  
0.296096  0.703904  0.999959  9.82431e-05  
0.398025  0.601975  0.504039  0.495962  
0.196104  0.803899  0.398025  0.601975  
0.873994  0.126006  0.296099  0.703915  
0.999959  9.82431e-05  7.2985e-05  1  
0.748208  0.251792  0.615253  0.384772  
7.2985e-05  1  0.196104  0.803899  
0.615253  0.384772  0.748208  0.251792  
0.196104  0.803899  0.748208  0.251792  
0.999959  9.82431e-05  0.504039  0.495962  
7.2985e-05  1  0.615253  0.384772  
0.296096  0.703904  0.999959  9.82431e-05  
0.504039  0.495962  0.398025  0.601975  
0.873994  0.126006  0.196104  0.803899  
0.748208  0.251792  0.268094  1.07186  
0.0975304  0.90247  0.873994  0.126006  
0.398025  0.601975  7.2985e-05  1  
0.615253  0.384772  0.296096  0.703904  
7.2985e-05  1  0.873994  0.126006  
0.873994  0.126006  0.504039  0.495962  
0.296096  0.703904  0.999959  9.82431e-05  
0.615253  0.384772  0.296096  0.703904  
0.999959  9.82431e-05  0.824889  1.32092  
0.504039  0.495962  0.615253  0.384772  
0.748208  0.251792  7.2985e-05  1  
0.196104  0.803899  0.0975304  0.90247  
0.398025  0.601975  0.398025  0.601975  
0.0975304  0.90247  0.748208  0.251792  
0.873994  0.126006  0.748208  0.251792  
0.398025  0.601975  0.873994  0.126006  
0.196104  0.803899  0.398025  0.601975  
0.296096  0.703904  0.0975304  0.90247  
0.0975304  0.90247  0.999959  9.82431e-05  
0.615253  0.384772  0.296096  0.703904  
0.748208  0.251792  7.2985e-05  1  
0.504039  0.495962  0.615253  0.384772  
0.999959  9.82431e-05  0.504039  0.495962  
7.2985e-05  1  0.20966  0.820102  
0.398025  0.601975  0.231162  1.04576  
0.615313  0.384687  0.504008  0.495992  
3.01565e-05  1  0.873996  0.126004  
0.195992  0.804008  3.01565e-05  1  
0.504008  0.495992  0.195992  0.804008  
0.748189  0.251811  0.999953  0.000103025  
0.296096  0.703904  0.398025  0.601975  
0.0975303  0.90247  0.296096  0.703904  
0.873996  0.126004  0.748189  0.251811  
0.999953  0.000103025  0.615313  0.384687  
0.504008  0.495992  0.195993  0.804008  
0.615313  0.384687  0.296096  0.703904  
0.296096  0.703904  0.615313  0.384687  
0.873996  0.126004  0.504008  0.495992  
0.748189  0.251811  0.0975303  0.90247  
0.0975303  0.90247  3.01565e-05  1  
0.398025  0.601975  0.748189  0.251811  
0.999953  0.000102688  0.398025  0.601975  
3.01565e-05  1  0.999953  0.000102688  
0.195992  0.804008  0.873996  0.126004  
0.999953  0.000103025  0.504008  0.495992  
0.195992  0.804008  0.748189  0.251811  
3.01565e-05  1  0.873996  0.126004  
0.504008  0.495992  0.195992  0.804008  
0.748189  0.251811  0.398025  0.601975  
0.296096  0.703904  0.999955  0.000103025  
0.0975303  0.90247  0.296096  0.703904  
0.873996  0.126004  3.01565e-05  1  
0.398025  0.601975  0.0975303  0.90247  
0.615313  0.384687  2.37892  2.19364  
0.748189  0.251811  0.615313  0.384687  
0.296096  0.703904  0.748189  0.251811  
0.873996  0.126004  3.01565e-05  1  
3.01565e-05  1  0.0975303  0.90247  
0.0975303  0.90247  0.296096  0.703904  
0.398025  0.601975  0.873996  0.126004  
0.999953  0.000103025  0.504008  0.495992  
0.504008  0.495992  0.398025  0.601975  
0.615313  0.384687  0.195992  0.804008  
0.195992  0.804008  4.68489  3.65055  
0.398025  0.601975  0.398025  0.601975  
0.0975303  0.90247  0.296096  0.703904  
3.01565e-05  1  0.999953  0.000103025  
0.748189  0.251811  3.01565e-05  1  
0.195992  0.804008  0.873996  0.126004  
0.615313  0.384687  0.0978674  0.90247  
0.504008  0.495992  0.615313  0.384687  
0.296096  0.703904  0.748189  0.251811  
0.999953  0.000103025  0.195992  0.804008  
0.873996  0.126004  0.504008  0.495992  
0.615313  0.384687  0.748189  0.251811  
0.398025  0.601975  0.999953  0.000103025  
0.504008  0.495992  3.01565e-05  1  
0.195992  0.804008  0.615313  0.384687  
0.748189  0.251811  0.398251  0.602269  
0.999953  0.000103025  0.296096  0.703904  
0.873996  0.126004  0.0975303  0.90247  
0.296096  0.703904  0.873996  0.126004  
0.0975303  0.90247  4.47598  3.6748  
3.01565e-05  1  0.195992  0.804008  
3.01565e-05  1  0.0975303  0.90247  
0.999953  0.000103025  0.999953  0.000103025  
0.504008  0.495992  0.873996  0.126004  
0.873996  0.126004  0.195992  0.804008  
0.0975303  0.90247  0.615313  0.384687  
0.195992  0.804008  0.504008  0.495992  
0.615313  0.384687  0.748189  0.251811  
0.748189  0.251811  3.01565e-05  1  
0.296096  0.703904  0.398025  0.601975  
0.398025  0.601975  0.404777  0.857153  
0.748189  0.251811  0.748189  0.251811  
0.296096  0.703904  0.296096  0.703904  
0.504008  0.495992  3.01565e-05  1  
0.398025  0.601975  0.999953  0.000102617  
0.615313  0.384687  0.0975303  0.90247  
0.873996  0.126004  1.97012  1.2053  
0.0975303  0.90247  0.615313  0.384687  
0.195992  0.804008  0.504008  0.495992  
0.999953  0.000102617  0.398025  0.601975  
3.01565e-05  1  0.195992  0.804008  
0.873996  0.126004  0.0978037  0.903051  
0.504008  0.495992  0.999953  0.000103025  
0.398025  0.601975  0.615313  0.384687  
0.296096  0.703904  0.398025  0.601975  
0.748189  0.251811  0.504008  0.495992  
0.999953  0.000103025  0.873996  0.126004  
3.01565e-05  1  0.296096  0.703904  
0.0975303  0.90247  0.748189  0.251811  
0.195992  0.804008  3.01565e-05  1  
0.615313  0.384687  0.195992  0.804013  
0.999953  0.000102617  0.504008  0.495992  
0.873996  0.126004  0.748189  0.251811  
0.398025  0.601975  0.999953  0.000102617  
0.296096  0.703904  0.0975303  0.90247  
3.01565e-05  1  3.01565e-05  1  
0.195992  0.804008  0.433928  0.644708  
0.748189  0.251811  0.873996  0.126004  
0.0975303  0.90247  0.195992  0.804008  
0.504008  0.495992  0.615313  0.384687  
0.615313  0.384687  0.296096  0.703904  
0.195992  0.804008  0.748178  0.251822  
0.400644  0.599365  0.430527  0.657573  
0.0975304  0.90247  0.0975304  0.90247  
0.748178  0.251822  0.50545  0.494551  
0.296096  0.703904  9.44325e-05  1  
0.999952  9.78479e-05  0.999952  9.78479e-05  
0.616443  0.383559  0.195992  0.804008  
0.50545  0.494551  0.873996  0.126004  
9.44325e-05  1  0.616443  0.383559  
0.873996  0.126004  0.296096  0.703904  
0.616443  0.383559  9.44325e-05  1  
0.195992  0.804008  0.296096  0.703904  
0.999952  9.86407e-05  0.0975304  0.90247  
0.748178  0.251822  0.400644  0.599365  
9.44325e-05  1  1.31434  0.671578  
0.873996  0.126004  4.35232  4.08101  
0.0975304  0.90247  0.196152  0.804019  
0.400644  0.599365  0.50545  0.494551  
0.296096  0.703904  0.616443  0.383559  
0.50545  0.494551  0.873996  0.126004  
0.0975304  0.90247  0.999952  9.78479e-05  
0.616443  0.383559  0.296382  0.703942  
0.296096  0.703904  0.195992  0.804008  
0.999952  9.78479e-05  0.0975304  0.90247  
0.195992  0.804008  0.748178  0.251822  
0.873996  0.126004  0.616443  0.383559  
0.400644  0.599365  0.400644  0.599365  
0.50545  0.494551  9.44325e-05  1  
0.748178  0.251822  0.50545  0.494551  
9.44325e-05  1  0.873996  0.126004  
0.999952  9.78479e-05  0.0975304  0.90247  
0.748178  0.251822  9.44325e-05  1  
0.400644  0.599365  0.999952  9.78479e-05  
0.50545  0.494551  0.400755  0.599447  
9.44325e-05  1  0.50545  0.494551  
0.195992  0.804008  0.195992  0.804008  
0.616443  0.383559  0.296096  0.703904  
0.873996  0.126004  0.616443  0.383559  
0.296096  0.703904  0.873996  0.126004  
0.0975304  0.90247  0.748178  0.251822  
0.748178  0.251822  0.616443  0.383559  
0.616443  0.383559  0.400755  0.610015  
0.873996  0.126004  9.44325e-05  1  
0.195992  0.804008  0.0975566  0.902482  
0.50545  0.494551  0.461811  0.911129  
0.999952  9.78479e-05  0.999952  9.78479e-05  
0.0975304  0.90247  0.748178  0.251822  
0.296096  0.703904  0.195992  0.804008  
0.400644  0.599365  0.873996  0.126004  
9.44325e-05  1  0.50545  0.494551  
0.296096  0.703904  0.50545  0.494551  
0.748178  0.251822  0.0975304  0.90247  
0.0975304  0.90247  0.616443  0.383559  
9.44325e-05  1  0.400644  0.599365  
0.195992  0.804008  0.873996  0.126004  
0.873996  0.126004  0.195992  0.804008  
0.50545  0.494551  0.999952  9.78479e-05  
0.400644  0.599365  0.296096  0.703904  
0.616443  0.383559  8.89838e-05  1.0002  
0.999952  9.78479e-05  0.748178  0.251822  
0.999952  9.78479e-05  0.0975304  0.90247  
0.873996  0.126004  0.296096  0.704121  
0.0975304  0.90247  3.94358  4.04548  
9.44325e-05  1  0.400644  0.599365  
0.296096  0.703904  0.50545  0.494551  
0.748178  0.251822  0.873996  0.126004  
0.616443  0.383559  0.616443  0.383559  
0.400644  0.599365  0.999952  9.78479e-05  
0.195992  0.804008  0.195992  0.804008  
0.50545  0.494551  9.44325e-05  1  
0.999952  9.78479e-05  0.748178  0.251822  
0.616443  0.383559  0.19712  0.8049  
9.44325e-05  1  0.50545  0.494551  
0.873996  0.126004  9.44325e-05  1  
0.195992  0.804008  0.999952  9.78479e-05  
0.50545  0.494551  0.0975304  0.90247  
0.400644  0.599365  0.296096  0.703904  
0.296096  0.703904  0.616443  0.383559  
0.0975304  0.90247  0.400644  0.599365  
0.748178  0.251822  0.873996  0.126004  
0.195992  0.804008  0.873996  0.126004  
0.616443  0.383559  0.195992  0.804008  
0.0975304  0.90247  1.00079  9.78479e-05  
0.400644  0.599365  0.296096  0.703904  
0.748178  0.251822  0.616443  0.383559  
0.873996  0.126004  0.50545  0.494551  
0.296096  0.703904  0.748178  0.251822  
0.50545  0.494551  9.44325e-05  1  
0.999952  9.78479e-05  0.0975304  0.90247  
9.44325e-05  1  0.400644  0.599365  
0.999952  9.78479e-05  0.616443  0.383559  
0.50545  0.494551  9.44325e-05  1  
0.616443  0.383559  0.50545  0.494551  
9.44325e-05  1  0.0975304  0.90247  
0.195992  0.804008  0.873996  0.126004  
0.873996  0.126004  0.296096  0.703904  
0.0975304  0.90247  0.748178  0.251822  
0.748178  0.251822  0.195992  0.804008  
0.296096  0.703904  0.400644  0.599365  
0.400644  0.599365  1.1331  0.138158  
0.748173  0.251827  0.0975303  0.90247  
0.61739  0.382611  0.395991  0.605024  
0.399996  0.600004  0.874001  0.125999  
8.29467e-05  1  0.61739  0.382611  
0.197754  0.802246  0.197754  0.802246  
0.0975303  0.90247  0.99995  9.32807e-05  
0.874001  0.125999  0.506013  0.493988  
0.298315  0.701685  0.00645251  1.00153  
0.506013  0.493988  0.748173  0.251827  
0.99995  9.32807e-05  0.298315  0.701685  
0.61739  0.382611  0.197754  0.802246  
8.35132e-05  1  0.748173  0.251827  
0.99995  9.39688e-05  0.99995  9.32807e-05  
0.506013  0.493988  0.617938  0.382611  
0.748173  0.251827  0.874001  0.125999  
0.0975303  0.90247  0.298315  0.701685  
0.874001  0.125999  8.29467e-05  1  
0.197754  0.802246  0.506013  0.493988  
0.399996  0.600004  0.399996  0.600004  
0.298315  0.701685  0.0975303  0.90247  
0.197754  0.802246  0.0975303  0.90247  
0.399996  0.600004  0.640314  0.433522  
0.61739  0.382611  8.35132e-05  1  
8.35132e-05  1  0.399996  0.600004  
0.748173  0.251827  0.748173  0.251827  
0.298315  0.701685  0.874001  0.125999  
0.506013  0.493988  0.298315  0.701685  
0.874001  0.125999  0.506013  0.493988  
0.0975303  0.90247  0.99995  9.32807e-05  
0.99995  9.32807e-05  0.197754  0.802246  
0.506013  0.493988  0.197754  0.802246  
0.748173  0.251827  8.35132e-05  1  
0.99995  9.32807e-05  0.298315  0.701685  
0.298315  0.701685  0.399996  0.600004  
0.197754  0.802246  1.9647  1.11882  
8.29467e-05  1  0.506013  0.493988  
0.874001  0.125999  0.900465  0.178268  
0.399996  0.600004  0.99995  9.39688e-05  
0.61739  0.382611  0.0975303  0.90247  
0.0975303  0.90247  0.61739  0.382611  
0.99995  9.32807e-05  0.840437  1.04487  
0.399996  0.600004  8.35132e-05  1  
0.197754  0.802246  0.197754  0.802246  
0.298315  0.701685  0.61739  0.382611  
0.874001  0.125999  0.0975303  0.90247  
0.61739  0.382611  0.748173  0.251827  
0.506013  0.493988  0.399996  0.600004  
0.0975303  0.90247  0.506013  0.493988  
0.748173  0.251827  0.99995  9.32807e-05  
8.35132e-05  1  0.874001  0.125999  
0.61739  0.382611  0.298315  0.701685  
0.874001  0.125999  0.61739  0.382611  
0.197754  0.802246  8.35132e-05  1  
0.298315  0.701685  0.399996  0.600004  
8.35132e-05  1  0.874001  0.125999  
0.506013  0.493988  1.01543  0.0350288  
0.748173  0.251827  0.506013  0.493988  
0.399996  0.600004  0.748173  0.251827  
0.99995  9.32807e-05  0.0975303  0.90247  
0.0975303  0.90247  0.197754  0.802246  
0.298315  0.701685  0.874001  0.125999  
0.99995  9.32807e-05  8.35132e-05  1  
0.506013  0.493988  0.61739  0.382611  
0.0975303  0.90247  0.197754  0.802246  
0.874001  0.125999  0.399996  0.600004  
0.399996  0.600004  0.750234  0.251828  
0.197754  0.802246  0.298315  0.701685  
0.61739  0.382611  0.99995  9.32807e-05  
0.748173  0.251827  0.0975303  0.90247  
8.35132e-05  1  0.506013  0.493988  
0.0975303  0.90247  0.197754  0.802246  
0.197754  0.802246  0.298315  0.701685  
0.399996  0.600004  0.399996  0.600004  
0.61739  0.382611  0.61739  0.382611  
0.748173  0.251827  0.506013  0.493988  
0.298315  0.701685  0.0975303  0.90247  
0.506013  0.493988  0.748173  0.251827  
0.874001  0.125999  8.35132e-05  1  
8.35132e-05  1  0.874001  0.125999  
0.99995  9.32807e-05  0.99995  9.39688e-05  
0.748173  0.251827  0.874001  0.125999  
0.61739  0.382611  0.9102  0.644721  
0.399996  0.600004  0.748173  0.251827  
0.298315  0.701685  0.506013  0.493988  
0.0975303  0.90247  0.197754  0.802246  
0.197754  0.802246  0.99995  9.32807e-05  
0.506013  0.493988  0.399996  0.600004  
8.35132e-05  1  0.0975303  0.90247  
0.99995  9.39688e-05  8.35132e-05  1  
0.874001  0.125999  0.298315  0.701685  
0.0975303  0.90247  0.298315  0.701685  
0.506013  0.493988  0.0975303  0.90247  
0.99995  9.32807e-05  8.35132e-05  1  
0.874001  0.125999  0.61739  0.382611  
0.197754  0.802246  0.506013  0.493988  
8.35132e-05  1  0.748173  0.251827  
0.748173  0.251827  0.874001  0.125999  
0.399996  0.600004  0.399996  0.600004  
0.298315  0.701685  0.197754  0.802246  
0.61739  0.382611  0.99995  9.32807e-05  
