2.06977  3.40092  2.42503  1.45365  
1.73473  3.67652  1.87187  3.54473  
1.95378  3.16453  2.29659  2.66416  
1.77838  3.68263  1.86377  3.72751  
2.23209  2.79656  2.32895  2.38695  
2.07909  2.82074  1.43568  4.03481  
2.05005  2.92946  1.7679  3.78026  
1.72009  3.8858  2.3996  1.58779  
2.42703  2.1537  2.09364  3.13698  
1.63381  3.80444  1.97237  3.41349  
1.5989  4.11015  2.2227  2.93392  
1.76803  3.73738  1.85098  3.59135  
2.09841  3.02696  2.33861  1.61997  
2.28885  2.56197  1.83135  3.2074  
2.1622  2.78025  2.0883  3.39622  
2.41818  1.78191  2.15462  2.712  
1.59203  3.92023  1.94655  3.35209  
2.10434  3.30185  1.71764  3.58203  
1.98192  3.54419  2.41231  1.7713  
2.04692  2.89335  2.32588  2.06147  
1.7939  3.56846  1.90588  3.33376  
2.12847  3.14075  1.23962  4.27867  
2.29853  2.54874  1.84805  3.78697  
1.90589  3.50508  1.77859  3.60467  
1.73724  3.75267  2.00106  3.07906  
2.28153  2.55059  1.75255  3.68465  
1.95049  3.32761  2.15709  2.74239  
2.08917  3.28586  1.96774  2.96408  
2.00657  3.09033  2.1407  2.69009  
1.79482  3.32775  1.80892  3.4835  
1.64727  3.63919  2.29959  2.31404  
2.08987  2.88956  2.04361  2.84277  
1.95932  3.59441  1.12187  4.30513  
2.08031  3.14875  1.99497  3.12153  
2.45869  1.73574  1.95289  3.07664  
1.80954  3.6786  1.77697  3.34518  
1.78337  3.72327  2.39797  2.17839  
1.87049  3.92078  1.79486  3.55464  
1.76752  3.72437  1.54706  3.87807  
2.01806  3.13473  1.63476  4.02672  
2.21104  2.57597  2.33282  2.10335  
2.13321  3.01474  1.59888  4.0448  
2.15111  2.86405  2.13226  2.41816  
1.99074  3.22826  2.24439  2.10941  
1.89568  3.34494  2.29128  2.41271  
2.29045  2.69397  2.27951  2.51909  
1.99394  3.05077  1.96549  2.77325  
1.90774  2.99212  1.70904  3.59849  
2.42219  2.12677  1.69317  3.74459  
1.96694  3.35735  2.21887  2.9708  
2.0554  3.12621  2.48864  1.75815  
1.89434  3.45186  1.47496  3.90149  
1.94969  3.13314  1.68071  3.91232  
1.73189  3.60263  2.18957  3.00811  
2.05669  3.08373  1.98235  3.38555  
1.36566  4.0302  1.59485  4.05149  
1.7525  3.87707  2.08981  2.93126  
1.83031  3.31959  1.35742  4.17387  
1.59217  3.65308  2.01879  3.44869  
2.29208  2.72638  1.97284  2.97654  
1.4586  4.11013  1.80564  3.28222  
2.0747  3.25959  1.81547  3.56308  
1.50512  4.01398  2.05895  2.99693  
1.91291  3.47864  1.56074  3.75912  
2.38836  1.86879  2.26631  2.38519  
1.86814  3.34842  2.28365  2.20262  
1.89119  3.64265  2.09372  2.83487  
1.97924  2.98433  1.94515  3.36467  
1.76986  3.79017  2.20618  2.42338  
2.08448  2.80987  1.83593  3.40951  
2.47717  1.68534  2.51109  1.17527  
1.77998  3.41428  2.42276  1.80077  
2.28719  1.92338  1.98267  3.5729  
1.57209  3.80763  2.40721  1.64624  
2.22795  3.02152  2.38484  1.79333  
2.01317  3.03829  2.32815  1.89093  
1.66324  3.74391  1.86  3.39597  
2.12983  3.0539  2.27741  2.25441  
1.90977  3.22914  2.03806  2.77692  
2.0746  3.06942  2.06286  3.15774  
1.98702  3.1045  2.49559  1.35161  
2.3066  2.07174  1.92812  3.46856  
1.68901  3.41371  1.67835  3.9954  
2.18166  2.67606  2.22346  2.70572  
2.13133  2.88003  1.62501  3.71539  
2.34616  2.47658  1.02173  4.35632  
2.079  2.93349  1.59152  3.92081  
2.01168  3.05094  1.95628  3.41509  
1.91119  3.37993  1.88146  3.71985  
2.10223  2.82831  2.02689  3.23842  
2.08365  3.47295  2.23658  3.03515  
2.38276  2.1668  1.92967  3.4505  
2.12529  2.98361  2.19427  3.03187  
2.48094  2.18846  1.425  4.0748  
2.39237  2.30953  1.95399  3.52856  
2.13115  3.16992  1.47829  3.99143  
1.52352  3.97655  1.638  3.85868  
2.32324  2.54539  1.97518  3.4243  
1.96722  3.31247  1.2318  4.24585  
2.02472  3.31988  1.61358  3.87204  
2.05048  0.059504  0.206918  4.03767  
1.98891  1.03106  0.686099  3.8423  
0.23233  4.03341  1.23192  3.27849  
1.81083  2.10751  1.97693  1.12137  
1.31028  3.15593  1.59622  2.58871  
1.89969  1.57236  2.05  0.0534976  
1.52048  2.76463  0.988894  3.5861  
0.768601  3.78289  1.74817  2.16301  
1.07341  3.48665  1.43175  2.94189  
1.62358  2.51954  1.87435  1.6892  
1.63899  2.48779  1.98394  1.12885  
0.239902  4.03465  1.0394  3.52625  
1.76879  2.09526  0.716266  3.82397  
1.46988  2.86735  1.2874  3.19251  
1.97278  1.17329  1.76879  2.09526  
0.716266  3.82397  1.87698  1.67748  
1.98394  1.12885  0.239902  4.03465  
1.0394  3.52625  1.63899  2.48779  
1.87698  1.67748  1.46988  2.86735  
1.2874  3.19251  1.97278  1.17329  
1.62358  2.51954  1.85114  1.78891  
1.98891  1.03106  1.40105  3.00013  
1.07341  3.48665  0.731591  3.81144  
1.89969  1.57236  2.05221  0.0554896  
1.31028  3.15593  1.70088  2.31015  
1.7768  2.07348  0.920732  3.65101  
0.23233  4.03341  1.56934  2.70384  
0.768601  3.78289  0.226062  4.03571  
1.52048  2.76463  1.9636  1.21297  
2.05048  0.059504  1.2117  3.30836  
1.85114  1.78891  2.05002  0.0522223  
1.2117  3.30836  1.75236  2.14949  
1.70088  2.31015  1.23206  3.27659  
0.920732  3.65101  1.87921  1.66739  
1.9636  1.21297  0.168756  4.04294  
0.731591  3.81144  0.695417  3.83599  
1.56313  2.69762  1.60122  2.57484  
2.05221  0.0554896  0.994827  3.57551  
0.226062  4.03571  1.9802  1.09752  
1.40105  3.00013  1.43135  2.94265  
1.43135  2.94265  1.75236  2.1495  
1.9802  1.09752  0.169134  4.0429  
0.168756  4.04294  1.97809  1.11293  
0.994827  3.57551  1.21736  3.29793  
2.05002  0.0522223  0.676856  3.84845  
1.23206  3.27659  1.87681  1.67823  
1.87921  1.66739  2.05  0.0504216  
1.75236  2.14949  1.4252  2.95436  
1.60122  2.57484  0.978221  3.59311  
0.695417  3.83599  1.60121  2.57488  
1.87681  1.67823  0.168887  4.04293  
0.169134  4.0429  1.00354  3.56611  
1.60121  2.57488  1.87728  1.6761  
1.75236  2.1495  1.75594  2.13785  
2.05  0.0504216  1.4437  2.91888  
1.21736  3.29793  1.61639  2.5371  
0.978221  3.59311  1.25006  3.25575  
0.676856  3.84845  1.9769  1.12157  
1.4252  2.95436  2.05  0.056815  
1.97809  1.11293  0.695435  3.83598  
2.05  0.056815  0.988894  3.5861  
1.87728  1.6761  1.23192  3.27849  
0.695435  3.83598  1.87435  1.6892  
1.00354  3.56611  1.74817  2.16301  
0.168887  4.04293  1.97693  1.12137  
1.75594  2.13785  2.05  0.0534976  
1.61639  2.5371  1.59622  2.58871  
1.9769  1.12157  0.686099  3.8423  
1.24772  3.25341  0.206918  4.03767  
1.4437  2.91888  1.43175  2.94189  
0.206918  4.03767  2.03864  0.475647  
0.686099  3.8423  0.686099  3.8423  
1.43175  2.94189  1.97693  1.12137  
1.23192  3.27849  1.59622  2.58871  
1.59622  2.58871  1.23192  3.27849  
1.74817  2.16301  0.206918  4.03767  
0.986831  3.58403  1.43175  2.94189  
2.05  0.0534976  0.986831  3.58403  
1.97693  1.12137  1.74817  2.16301  
1.87435  1.6892  1.87435  1.6892  
0.952729  3.61952  0.668013  3.85424  
0.668013  3.85424  1.97355  1.15272  
1.97355  1.15272  1.4077  2.98711  
1.58765  2.60783  0.952729  3.61952  
1.73311  2.21068  1.86691  1.72192  
2.04999  0.0647665  2.04999  0.0647665  
1.4077  2.98711  1.73311  2.21068  
0.206919  4.03767  1.20062  3.32175  
1.20062  3.32175  1.58765  2.60783  
1.86691  1.72192  0.206919  4.03767  
0.952729  3.61952  1.73311  2.21068  
1.4077  2.98711  1.86691  1.72192  
1.73311  2.21068  1.97355  1.15272  
1.69956  2.31183  2.04999  0.0647665  
0.668013  3.85424  1.4077  2.98711  
2.04999  0.0647665  0.668013  3.85424  
1.86691  1.72192  0.952729  3.61952  
0.206919  4.03767  0.212453  4.0432  
1.20062  3.32175  1.69956  2.31183  
1.97355  1.15272  1.20062  3.32175  
1.00538  3.56411  1.6257  2.51346  
0.69334  3.83741  0.168751  4.04294  
1.4484  2.9097  1.4484  2.9097  
1.77213  2.08399  1.88797  1.62715  
1.6257  2.51346  2.05226  0.0526273  
0.168751  4.04294  0.69334  3.83741  
1.88797  1.62715  1.87571  1.68312  
1.87571  1.68312  1.77213  2.08399  
1.24955  3.25068  1.00538  3.56411  
2.05226  0.0526273  1.28357  3.28471  
1.84715  1.83314  1.50368  2.80535  
1.30297  3.16868  1.30297  3.16868  
1.9719  1.20852  0.240171  4.0322  
2.05143  0.0784241  1.67174  2.39864  
0.668542  3.85623  0.668542  3.85623  
1.75368  2.15637  2.05143  0.0784241  
1.50368  2.80535  1.84715  1.83314  
0.240171  4.0322  1.03462  3.53537  
1.67174  2.39864  1.9719  1.20852  
1.03462  3.53537  1.75368  2.15637  
2.05  0.0503689  1.98326  1.08523  
1.77213  2.08399  0.69334  3.83741  
1.4484  2.9097  1.00538  3.56411  
1.24955  3.25068  1.24955  3.25068  
1.98202  1.08399  1.77213  2.08399  
0.168751  4.04294  0.168751  4.04294  
1.88797  1.62715  1.4484  2.9097  
1.00538  3.56411  1.88797  1.62715  
0.69334  3.83741  2.05  0.0503689  
1.6257  2.51346  1.6257  2.51346  
1.40047  3.00042  2.05  0.0502963  
1.58235  2.62053  1.76119  2.19818  
1.7429  2.17988  1.40047  3.00042  
0.136671  4.04624  1.97687  1.12177  
0.943275  3.62886  0.656099  3.8619  
1.1869  3.34087  1.87354  1.69282  
1.87354  1.69282  1.58235  2.62053  
2.05  0.0502963  0.136671  4.04624  
0.656099  3.8619  1.1869  3.34087  
1.97687  1.12177  0.943275  3.62886  
1.04394  3.52107  2.05  0.0504729  
1.88992  1.61806  1.88992  1.61806  
1.27983  3.20437  0.16876  4.04294  
0.730712  3.81119  1.47068  2.86544  
2.05  0.0504729  0.730712  3.81119  
1.98272  1.07876  1.98272  1.07876  
1.63846  2.48047  1.04394  3.52107  
1.47068  2.86544  1.98666  1.04868  
1.77632  2.06972  1.27983  3.20437  
0.16876  4.04294  1.63846  2.48047  
1.9719  1.20852  1.84715  1.83314  
1.67174  2.39864  1.30297  3.16868  
1.03462  3.53537  1.03462  3.53537  
1.30297  3.16868  1.98047  1.14599  
0.668542  3.85623  1.67174  2.39864  
1.98047  1.14599  2.05291  0.0799032  
1.84715  1.83314  0.240171  4.0322  
1.50368  2.80535  1.9719  1.20852  
0.240171  4.0322  1.50358  2.80524  
2.05291  0.0799032  0.668542  3.85623  
0.209945  4.04014  1.81676  1.9362  
1.55631  2.68138  0.209945  4.04014  
1.37009  3.0549  1.94914  1.31176  
0.919541  3.65217  2.05  0.050546  
0.664306  3.85664  1.37009  3.0549  
1.94914  1.31176  1.55631  2.68138  
1.81676  1.9362  1.69336  2.33399  
1.15334  3.3927  0.665458  3.85779  
1.69336  2.33399  0.919541  3.65217  
2.05  0.050546  1.15334  3.3927  
1.00538  3.56411  1.77213  2.08399  
1.77213  2.08399  1.24955  3.25068  
1.4484  2.9097  1.88797  1.62715  
1.24955  3.25068  0.715313  3.85938  
2.05226  0.0526273  1.00538  3.56411  
0.168751  4.04294  1.98202  1.08399  
1.6257  2.51346  1.6257  2.51346  
1.98202  1.08399  0.168751  4.04294  
0.69334  3.83741  1.4484  2.9097  
1.88797  1.62715  2.05226  0.0526273  
1.98272  1.07876  1.88992  1.61806  
1.88992  1.61806  1.04394  3.52107  
1.27983  3.20437  2.05  0.0504729  
0.730712  3.81119  1.77632  2.06972  
1.04394  3.52107  1.63846  2.48047  
1.77632  2.06972  0.730712  3.81119  
1.63846  2.48047  1.47068  2.86544  
1.47068  2.86544  1.98272  1.07876  
0.756384  3.7922  1.28016  3.2047  
2.05  0.0504729  0.756384  3.7922  
0.984932  3.58604  1.42222  2.96303  
1.73049  2.21882  0.21078  4.03705  
1.58846  2.61247  1.73049  2.21882  
1.42222  2.96303  0.984932  3.58604  
1.22838  3.294  1.58846  2.61247  
0.708298  3.82711  1.22838  3.294  
1.97787  1.11455  1.97787  1.11455  
0.21078  4.03705  1.86509  1.72982  
2.05  0.0504729  2.05  0.0504729  
1.86509  1.72982  0.708298  3.82711  
0.0930182  4.04907  0.680117  3.84629  
0.680117  3.84629  1.97838  1.11081  
1.88583  1.63711  1.60119  2.57492  
2.05  0.0502851  0.987124  3.58372  
1.75326  2.14658  1.22823  3.2822  
1.43014  2.94498  1.88583  1.63711  
0.987124  3.58372  1.75326  2.14658  
1.97838  1.11081  1.43014  2.94498  
1.60119  2.57492  2.05  0.0502851  
1.22823  3.2822  0.0930182  4.04907  
0.0930182  4.04907  1.60119  2.57492  
2.05  0.0502851  1.97838  1.11081  
0.680117  3.84629  1.43014  2.94498  
1.75326  2.14658  0.0930182  4.04907  
1.87817  1.67207  2.05  0.0502851  
1.43014  2.94498  1.87817  1.67207  
0.987124  3.58372  0.987124  3.58372  
1.60119  2.57492  0.680117  3.84629  
1.97838  1.11081  1.75326  2.14658  
1.22823  3.2822  1.22823  3.2822  
0.0930182  4.04907  1.43014  2.94498  
1.87817  1.67207  1.22823  3.2822  
2.05  0.0502851  1.97838  1.11081  
1.60119  2.57492  1.75326  2.14658  
0.680117  3.84629  1.60119  2.57492  
1.75326  2.14658  1.87817  1.67207  
1.97838  1.11081  0.0930182  4.04907  
1.43014  2.94498  2.05  0.0502851  
0.987124  3.58372  0.680117  3.84629  
1.22823  3.2822  0.987124  3.58372  
0.0930182  4.04907  1.97838  1.11081  
0.987124  3.58372  1.22823  3.2822  
1.97838  1.11081  1.43014  2.94498  
1.43014  2.94498  0.680117  3.84629  
1.75326  2.14658  2.05  0.0502851  
1.60119  2.57492  1.75326  2.14658  
2.05  0.0502851  1.60119  2.57492  
1.87817  1.67207  0.987124  3.58372  
0.680117  3.84629  1.87817  1.67207  
1.22823  3.2822  0.803468  3.75529  
0.0930182  4.04907  0.0930182  4.04907  
2.05  0.0502851  1.22823  3.2822  
1.43014  2.94498  1.87817  1.67207  
1.87817  1.67207  1.60119  2.57492  
1.97838  1.11081  1.43014  2.94498  
0.987124  3.58372  0.680117  3.84629  
1.60119  2.57492  1.97838  1.11081  
1.75326  2.14658  2.05  0.0502851  
0.680117  3.84629  0.987124  3.58372  
1.22823  3.2822  1.75326  2.14658  
0.0930182  4.04907  1.97838  1.11081  
1.75326  2.14658  0.0930182  4.04907  
0.987124  3.58372  2.05  0.0502851  
1.60119  2.57492  1.22823  3.2822  
1.97838  1.11081  0.680117  3.84629  
2.05  0.0502851  1.87817  1.67207  
0.680117  3.84629  1.74077  2.18664  
1.43014  2.94498  0.987124  3.58372  
1.87817  1.67207  1.43014  2.94498  
1.22823  3.2822  1.60119  2.57492  
0.0930182  4.04907  1.43014  2.94498  
0.680117  3.84629  1.97838  1.11081  
1.75326  2.14658  1.60119  2.57492  
2.05  0.0502851  0.987124  3.58372  
0.987124  3.58372  0.680117  3.84629  
1.60119  2.57492  1.22823  3.2822  
1.43014  2.94498  1.75326  2.14658  
1.97838  1.11081  1.87817  1.67207  
1.87817  1.67207  2.05  0.0502851  
1.22823  3.2822  0.0930182  4.04907  
0.0930182  4.04907  0.0930182  4.04907  
1.43014  2.94498  0.681449  3.84762  
0.987124  3.58372  1.97838  1.11081  
1.60119  2.57492  1.75326  2.14658  
1.97838  1.11081  1.43014  2.94498  
1.75326  2.14658  2.05  0.0502851  
0.680117  3.84629  1.87817  1.67207  
2.05  0.0502851  0.987124  3.58372  
1.87817  1.67207  1.22823  3.2822  
1.22823  3.2822  1.60119  2.57492  
0.0930182  4.04907  1.87817  1.67207  
1.97838  1.11081  0.682387  3.84856  
1.75326  2.14658  1.43014  2.94498  
2.05  0.0502851  1.60119  2.57492  
1.43014  2.94498  1.22823  3.2822  
0.987124  3.58372  0.987124  3.58372  
1.60119  2.57492  0.0930182  4.04907  
1.87817  1.67207  1.97838  1.11081  
0.680117  3.84629  1.75326  2.14658  
1.22823  3.2822  2.05  0.0502851  
0.0930182  4.04907  1.87817  1.67207  
1.43014  2.94498  1.7548  2.14812  
0.987124  3.58372  1.22823  3.2822  
0.680117  3.84629  1.60119  2.57492  
1.60119  2.57492  1.97838  1.11081  
2.05  0.0502851  0.680117  3.84629  
1.97838  1.11081  2.05  0.0502851  
1.75326  2.14658  0.0930182  4.04907  
1.87817  1.67207  1.43014  2.94498  
1.22823  3.2822  0.987124  3.58372  
0.985558  3.58538  1.42903  2.94709  
1.2148  3.303  2.05  0.050317  
2.05  0.050317  1.60034  2.57701  
0.995619  3.57788  1.88022  1.66281  
0.0910446  4.04916  1.22693  3.2841  
1.75271  2.14836  1.75271  2.14836  
1.60034  2.57701  0.678259  3.84752  
1.30142  3.17022  0.0910446  4.04916  
1.88022  1.66281  0.892397  3.68244  
1.97824  1.11188  1.97824  1.11188  
0.0910446  4.04916  1.30142  3.17022  
1.75271  2.14836  0.0910446  4.04916  
1.42903  2.94709  2.05  0.050317  
2.05  0.050317  0.995619  3.57788  
1.60034  2.57701  1.2148  3.303  
0.985558  3.58538  0.985558  3.58538  
1.58563  2.61318  1.75271  2.14836  
1.2148  3.303  1.88022  1.66281  
1.97824  1.11188  1.60034  2.57701  
1.31545  3.1516  1.98077  1.11441  
0.0910446  4.04916  1.2148  3.303  
2.05  0.050317  1.60034  2.57701  
0.996006  3.57826  2.05  0.050317  
1.88022  1.66281  1.88022  1.66281  
0.985558  3.58538  1.97824  1.11188  
1.75271  2.14836  1.42903  2.94709  
1.42903  2.94709  1.75271  2.14836  
1.97824  1.11188  0.996006  3.57826  
1.2148  3.303  0.985558  3.58538  
1.60034  2.57701  0.0910446  4.04916  
1.2148  3.303  1.88022  1.66281  
0.985558  3.58538  1.60034  2.57701  
0.995619  3.57788  1.97824  1.11188  
1.97824  1.11188  2.05  0.050317  
0.0910446  4.04916  0.995619  3.57788  
2.05  0.050317  0.0910446  4.04916  
1.88022  1.66281  1.2148  3.303  
1.42903  2.94709  0.985558  3.58538  
1.75271  2.14836  1.45139  2.90384  
1.60034  2.57701  1.75271  2.14836  
1.42903  2.94709  1.88022  1.66281  
1.97824  1.11188  2.04913  0.172685  
1.75271  2.14836  1.42903  2.94709  
0.985558  3.58538  1.97824  1.11188  
1.88022  1.66281  0.678259  3.84752  
1.60034  2.57701  0.985558  3.58538  
2.05  0.050317  1.75271  2.14836  
0.678259  3.84752  1.60034  2.57701  
1.22693  3.2841  0.0910446  4.04916  
0.0910446  4.04916  1.22693  3.2841  
2.05  0.050317  0.0910446  4.04916  
1.42903  2.94709  1.60034  2.57701  
1.22693  3.2841  1.75271  2.14836  
1.75271  2.14836  0.985558  3.58538  
0.678259  3.84752  1.22693  3.2841  
1.88022  1.66281  1.88022  1.66281  
0.985558  3.58538  1.97824  1.11188  
1.60034  2.57701  0.678259  3.84752  
1.97824  1.11188  1.42903  2.94709  
0.0910446  4.04916  2.05  0.050317  
0.985558  3.58538  1.42903  2.94709  
1.60034  2.57701  0.892397  3.68244  
2.05  0.050317  0.0910446  4.04916  
0.0910446  4.04916  2.05  0.050317  
1.31545  3.1516  1.88022  1.66281  
1.97824  1.11188  1.97824  1.11188  
1.88022  1.66281  1.75271  2.14836  
1.44745  2.91575  1.60034  2.57701  
1.2148  3.303  0.678259  3.84752  
1.75271  2.14836  1.22693  3.2841  
0.985558  3.58538  1.44745  2.91575  
1.60034  2.57701  0.985558  3.58538  
1.42903  2.94709  1.2153  3.30351  
1.97824  1.11188  1.97824  1.11188  
1.75271  2.14836  1.75271  2.14836  
0.0910446  4.04916  1.31545  3.1516  
1.88022  1.66281  2.05  0.050317  
2.05  0.050317  1.88022  1.66281  
1.2148  3.303  0.0910446  4.04916  
1.31545  3.1516  1.60034  2.57701  
1.42903  2.94709  1.2148  3.303  
1.88022  1.66281  1.42903  2.94709  
0.0910446  4.04916  0.985558  3.58538  
1.22693  3.2841  1.31545  3.1516  
1.75271  2.14836  1.88022  1.66281  
2.05  0.050317  1.97824  1.11188  
0.985558  3.58538  0.0910446  4.04916  
1.60034  2.57701  1.75271  2.14836  
0.678259  3.84752  2.05  0.050317  
1.97824  1.11188  1.60034  2.57701  
0.985558  3.58538  0.0910446  4.04916  
1.97824  1.11188  1.22693  3.2841  
0.0910446  4.04916  1.75271  2.14836  
2.05  0.050317  0.678259  3.84752  
1.75271  2.14836  0.985558  3.58538  
1.31545  3.1516  1.55016  2.69865  
1.88022  1.66281  1.42903  2.94709  
1.2148  3.303  1.97824  1.11188  
1.42903  2.94709  1.88022  1.66281  
1.60034  2.57701  2.05  0.050317  
0.0910554  4.04916  0.669073  3.85355  
2.05  0.0503262  0.0910554  4.04916  
1.97824  1.11188  1.75271  2.14836  
0.97679  3.59461  0.97679  3.59461  
1.88023  1.66279  1.60034  2.57701  
1.42903  2.94709  1.88023  1.66279  
1.75271  2.14836  1.97824  1.11188  
0.669073  3.85355  1.42903  2.94709  
1.22693  3.2841  2.05  0.0503262  
1.60034  2.57701  1.22693  3.2841  
1.97824  1.11188  1.22693  3.2841  
0.669073  3.85355  0.0910554  4.04916  
1.75271  2.14836  1.75271  2.14836  
0.97679  3.59461  1.42903  2.94709  
1.42903  2.94709  1.60034  2.57701  
1.88023  1.66279  2.05  0.0503262  
1.22693  3.2841  0.669073  3.85355  
0.0910554  4.04916  1.88023  1.66279  
1.60034  2.57701  0.97679  3.59461  
2.05  0.0503262  1.97905  1.11269  
1.42903  2.94709  0.669073  3.85355  
2.05  0.0503262  2.05  0.0503262  
1.75271  2.14836  1.22693  3.2841  
1.22693  3.2841  1.97824  1.11188  
0.669073  3.85355  0.0910554  4.04916  
1.60034  2.57701  1.88023  1.66279  
1.97824  1.11188  1.60034  2.57701  
0.0910554  4.04916  1.75271  2.14836  
1.88023  1.66279  0.97679  3.59461  
0.97679  3.59461  1.42903  2.94709  
1.97824  1.11188  0.0910554  4.04916  
0.0910554  4.04916  0.97679  3.59461  
1.88023  1.66279  0.669073  3.85355  
1.22693  3.2841  1.60034  2.57701  
0.97679  3.59461  1.42903  2.94709  
0.669073  3.85355  2.05  0.0503262  
2.05  0.0503262  1.88023  1.66279  
1.42903  2.94709  1.22693  3.2841  
1.60034  2.57701  1.97824  1.11188  
1.75271  2.14836  1.75271  2.14836  
1.75271  2.14836  0.669073  3.85355  
1.22693  3.2841  1.60034  2.57701  
0.669073  3.85355  1.22693  3.2841  
1.88023  1.66279  1.97824  1.11188  
0.97679  3.59461  1.88023  1.66279  
0.0910554  4.04916  2.05  0.0503262  
1.60034  2.57701  0.97679  3.59461  
1.42903  2.94709  1.42903  2.94709  
2.05  0.0503262  1.75271  2.14836  
1.97824  1.11188  0.0910554  4.04916  
1.42903  2.94709  1.60034  2.57701  
1.22693  3.2841  0.97679  3.59461  
1.75271  2.14836  0.669073  3.85355  
0.0910554  4.04916  1.75271  2.14836  
1.60034  2.57701  1.88023  1.66279  
0.97679  3.59461  1.22693  3.2841  
0.669073  3.85355  1.42903  2.94709  
1.97824  1.11188  1.97824  1.11188  
1.88023  1.66279  0.0910554  4.04916  
2.05  0.0503262  2.05  0.0503262  
1.60034  2.57701  1.88023  1.66279  
1.22693  3.2841  0.97679  3.59461  
2.05  0.0503262  0.669073  3.85355  
0.669073  3.85355  1.22693  3.2841  
0.0910554  4.04916  0.0910554  4.04916  
1.75271  2.14836  1.97824  1.11188  
1.88023  1.66279  2.05  0.0503262  
1.97824  1.11188  1.60034  2.57701  
0.97679  3.59461  1.42903  2.94709  
1.42903  2.94709  1.75271  2.14836  
1.88023  1.66279  1.97824  1.11188  
2.05  0.0503262  1.60034  2.57701  
1.75271  2.14836  1.88023  1.66279  
1.97824  1.11188  1.22693  3.2841  
0.97679  3.59461  1.75271  2.14836  
1.60034  2.57701  0.669073  3.85355  
1.42903  2.94709  0.97679  3.59461  
0.0910554  4.04916  0.0910554  4.04916  
1.22693  3.2841  2.05  0.0503262  
0.669073  3.85355  1.42977  2.94783  
1.97824  1.11188  1.42903  2.94709  
1.75271  2.14836  1.60034  2.57701  
0.97679  3.59461  1.75271  2.14836  
1.42903  2.94709  0.97679  3.59461  
1.88023  1.66279  1.22693  3.2841  
0.669073  3.85355  1.97824  1.11188  
0.0910554  4.04916  2.05  0.0503262  
1.60034  2.57701  0.0910554  4.04916  
1.22693  3.2841  0.669073  3.85355  
2.05  0.0503262  1.88023  1.66279  
1.97824  1.11188  1.42903  2.94709  
1.22693  3.2841  1.97824  1.11188  
1.60034  2.57701  1.75271  2.14836  
0.97679  3.59461  2.05  0.0503262  
1.75271  2.14836  0.97679  3.59461  
1.88023  1.66279  1.88023  1.66279  
2.05  0.0503262  1.60034  2.57701  
1.42903  2.94709  0.669073  3.85355  
0.0910554  4.04916  0.0910554  4.04916  
0.669073  3.85355  1.22693  3.2841  
1.97824  1.11189  1.75271  2.14836  
0.97679  3.59461  0.97679  3.59461  
0.0910554  4.04916  0.669073  3.85355  
0.669073  3.85355  1.88023  1.66278  
1.75271  2.14836  1.22693  3.2841  
1.42903  2.94709  1.97824  1.11189  
2.05  0.0503263  1.60034  2.57701  
1.88023  1.66278  1.42903  2.94709  
1.22693  3.2841  2.05  0.0503263  
1.60034  2.57701  0.0910554  4.04916  
1.75271  2.14836  0.669073  3.85355  
0.0910554  4.04916  1.97824  1.11189  
2.05  0.0503263  1.88023  1.66278  
1.22693  3.2841  1.22693  3.2841  
1.60034  2.57701  2.05  0.0503263  
1.42903  2.94709  0.0910554  4.04916  
1.88023  1.66278  0.97679  3.59461  
0.97679  3.59461  1.42903  2.94709  
0.669073  3.85355  1.75271  2.14836  
1.97824  1.11189  1.60034  2.57701  
1.22693  3.2841  0.97679  3.59461  
2.05  0.0503263  0.669073  3.85355  
1.97824  1.11189  1.75271  2.14836  
1.88023  1.66278  1.88023  1.66278  
1.42903  2.94709  0.0910554  4.04916  
1.60034  2.57701  1.97824  1.11189  
1.75271  2.14836  1.42903  2.94709  
0.0910554  4.04916  1.22693  3.2841  
0.97679  3.59461  2.05  0.0503263  
0.669073  3.85355  1.60034  2.57701  
1.88023  1.66278  1.75271  2.14836  
1.75271  2.14836  1.88023  1.66278  
2.05  0.0503263  1.22693  3.2841  
1.97824  1.11189  1.60034  2.57701  
1.22693  3.2841  0.0910554  4.04916  
1.60034  2.57701  0.669073  3.85355  
0.669073  3.85355  0.97679  3.59461  
0.97679  3.59461  2.05  0.0503263  
0.0910554  4.04916  1.97824  1.11189  
1.42903  2.94709  1.42903  2.94709  
1.60034  2.57701  0.0910554  4.04916  
2.05  0.0503263  2.05  0.0503263  
1.97824  1.11189  1.56445  2.66261  
0.669073  3.85355  0.669073  3.85355  
0.0910554  4.04916  1.75271  2.14836  
0.97679  3.59461  0.97679  3.59461  
1.22693  3.2841  1.42903  2.94709  
1.88023  1.66278  1.88023  1.66278  
1.42903  2.94709  1.22693  3.2841  
1.75271  2.14836  1.97824  1.11189  
1.97824  1.11189  1.88023  1.66278  
0.669073  3.85355  0.97679  3.59461  
1.88023  1.66278  1.42903  2.94709  
1.60034  2.57701  1.60034  2.57701  
1.75271  2.14836  0.0910554  4.04916  
1.22693  3.2841  2.05  0.0503263  
2.05  0.0503263  1.22693  3.2841  
1.42903  2.94709  1.97824  1.11189  
0.0910554  4.04916  1.75271  2.14836  
0.97679  3.59461  0.669073  3.85355  
0.0910554  4.04916  0.0910554  4.04916  
1.88023  1.66278  1.42903  2.94709  
1.60034  2.57701  1.60034  2.57701  
0.97679  3.59461  2.05  0.0503263  
1.42903  2.94709  0.97679  3.59461  
2.05  0.0503263  1.59705  2.5855  
0.669073  3.85355  1.97824  1.11189  
1.22693  3.2841  1.22693  3.2841  
1.75271  2.14836  1.88023  1.66278  
1.97824  1.11189  0.669073  3.85355  
1.75271  2.14836  2.05  0.0503263  
0.669073  3.85355  1.60034  2.57701  
1.42903  2.94709  0.97679  3.59461  
1.97824  1.11189  1.97824  1.11189  
1.88023  1.66278  1.22693  3.2841  
1.22693  3.2841  0.669073  3.85355  
0.0910554  4.04916  1.66172  2.41843  
0.97679  3.59461  1.88023  1.66278  
1.60034  2.57701  1.42903  2.94709  
2.05  0.0503263  0.0910554  4.04916  
1.42903  2.94709  1.60034  2.57701  
0.0910554  4.04916  1.22693  3.2841  
1.97824  1.11189  1.88023  1.66278  
1.88023  1.66278  1.75271  2.14836  
2.05  0.0503263  0.669073  3.85355  
0.669073  3.85355  1.97824  1.11189  
0.97679  3.59461  0.82922  3.73392  
1.22693  3.2841  0.97679  3.59461  
1.75271  2.14836  2.05  0.0503263  
1.60034  2.57701  1.42903  2.94709  
1.97824  1.11189  1.42903  2.94709  
1.75271  2.14836  2.05  0.0503263  
1.42903  2.94709  1.75271  2.14836  
1.22693  3.2841  1.22693  3.2841  
1.60034  2.57701  0.0910554  4.04916  
1.88023  1.66278  0.669073  3.85355  
0.97679  3.59461  0.97679  3.59461  
2.05  0.0503263  1.60034  2.57701  
0.669073  3.85355  1.88023  1.66278  
0.0910554  4.04916  1.97824  1.11189  
1.42903  2.94709  2.05  0.0503263  
0.0910679  4.04916  1.88023  1.66278  
1.60034  2.57701  0.669071  3.85355  
1.22693  3.2841  0.0910679  4.04916  
0.97679  3.59461  1.60034  2.57701  
1.97824  1.11189  1.97824  1.11189  
1.88023  1.66278  1.42903  2.94709  
1.75271  2.14836  0.97679  3.59461  
2.05  0.0503263  1.22693  3.2841  
0.669071  3.85355  1.75271  2.14836  
1.42903  2.94709  1.22693  3.2841  
1.60034  2.57701  0.0910679  4.04916  
1.88023  1.66278  1.42903  2.94709  
0.669071  3.85355  1.88023  1.66278  
1.75271  2.14836  1.75271  2.14836  
1.97824  1.11189  1.97824  1.11189  
2.05  0.0503263  0.669071  3.85355  
0.97679  3.59461  2.05  0.0503263  
1.22693  3.2841  1.60034  2.57701  
0.0910679  4.04916  0.978667  3.59649  
1.88023  1.66278  0.97679  3.59461  
1.60034  2.57701  0.0910679  4.04916  
1.97824  1.11189  1.22693  3.2841  
1.75271  2.14836  2.05  0.0503263  
0.669071  3.85355  0.669071  3.85355  
1.22693  3.2841  1.75271  2.14836  
2.05  0.0503263  1.60034  2.57701  
0.0910679  4.04916  1.88023  1.66278  
0.97679  3.59461  1.42903  2.94709  
1.42903  2.94709  1.97824  1.11189  
1.22693  3.2841  2.05  0.0503263  
2.05  0.0503263  1.88023  1.66278  
0.0910679  4.04916  1.60034  2.57701  
1.42903  2.94709  1.22693  3.2841  
0.97679  3.59461  1.42903  2.94709  
1.97824  1.11189  1.97824  1.11189  
1.60034  2.57701  0.0910679  4.04916  
0.669071  3.85355  0.97679  3.59461  
1.88023  1.66278  1.75271  2.14836  
1.75271  2.14836  0.669071  3.85355  
1.22693  3.2841  1.97824  1.11189  
1.60034  2.57701  1.88023  1.66278  
2.05  0.0503263  0.97679  3.59461  
1.88023  1.66278  2.05  0.0503263  
0.0910679  4.04916  1.60034  2.57701  
1.75271  2.14836  1.75271  2.14836  
0.97679  3.59461  0.669071  3.85355  
1.42903  2.94709  1.42903  2.94709  
1.97824  1.11189  1.22693  3.2841  
0.669071  3.85355  0.0910679  4.04916  
1.88023  1.66278  1.42903  2.94709  
1.97824  1.11189  1.75271  2.14836  
1.42903  2.94709  1.22693  3.2841  
0.97679  3.59461  0.97679  3.59461  
0.669071  3.85355  0.0910679  4.04916  
1.75271  2.14836  2.05  0.0503263  
1.22693  3.2841  1.88023  1.66278  
0.0910679  4.04916  1.97824  1.11189  
1.60034  2.57701  0.669071  3.85355  
2.05  0.0503263  1.60034  2.57701  
1.97824  1.11189  1.88023  1.66278  
1.42903  2.94709  1.60034  2.57701  
1.22693  3.2841  1.75271  2.14836  
1.75271  2.14836  1.42903  2.94709  
1.88023  1.66278  1.97824  1.11189  
1.60034  2.57701  0.97679  3.59461  
2.05  0.0503263  1.22693  3.2841  
0.97679  3.59461  0.091151  4.04924  
0.669071  3.85355  2.05  0.0503263  
0.0910679  4.04916  0.669071  3.85355  
1.88023  1.66278  0.0910679  4.04916  
1.60034  2.57701  0.669071  3.85355  
0.97679  3.59461  1.42903  2.94709  
0.669071  3.85355  1.75271  2.14836  
1.97824  1.11189  1.88023  1.66278  
1.75271  2.14836  1.97824  1.11189  
2.05  0.0503263  1.60034  2.57701  
1.22693  3.2841  0.97679  3.59461  
0.0910679  4.04916  2.05  0.0503263  
1.42903  2.94709  1.22693  3.2841  
1.97824  1.11189  0.0910679  4.04916  
1.75271  2.14836  0.97679  3.59461  
2.05  0.0503263  1.22693  3.2841  
1.88023  1.66278  1.88023  1.66278  
0.669071  3.85355  1.97824  1.11189  
1.22693  3.2841  0.669071  3.85355  
1.60034  2.57701  1.60034  2.57701  
0.0910679  4.04916  1.42903  2.94709  
0.97679  3.59461  1.75271  2.14836  
1.42903  2.94709  2.05  0.0503263  
1.97824  1.11189  0.669071  3.85355  
1.60034  2.57701  1.22693  3.2841  
1.22693  3.2841  0.0910679  4.04916  
1.75271  2.14836  2.05  0.0503263  
1.42903  2.94709  1.75271  2.14836  
1.88023  1.66278  1.88023  1.66278  
0.669071  3.85355  0.97679  3.59461  
2.05  0.0503263  1.97824  1.11189  
0.0910679  4.04916  1.42903  2.94709  
0.97679  3.59461  1.60034  2.57701  
0.0910679  4.04916  0.669071  3.85355  
1.60034  2.57701  2.05  0.0503263  
1.42903  2.94709  1.60034  2.57701  
1.97824  1.11189  0.0910679  4.04916  
0.97679  3.59461  1.97824  1.11189  
0.669071  3.85355  1.42903  2.94709  
1.75271  2.14836  1.88023  1.66278  
1.22693  3.28409  1.75271  2.14836  
2.05  0.0503263  1.22693  3.28409  
1.88023  1.66278  0.97679  3.59461  
0.669071  3.85355  1.97824  1.11189  
1.75271  2.14836  1.88023  1.66278  
1.60034  2.57701  0.669071  3.85355  
2.05  0.0503263  1.53049  2.73934  
0.0910679  4.04916  1.22693  3.28409  
1.42903  2.94709  1.42903  2.94709  
1.22693  3.28409  0.97679  3.59461  
1.88023  1.66278  0.0910679  4.04916  
0.97679  3.59461  2.05  0.0503263  
1.97824  1.11189  1.60034  2.57701  
1.75271  2.14836  1.42903  2.94709  
0.669071  3.85355  1.60034  2.57701  
1.22693  3.28409  0.0910679  4.04916  
0.0910679  4.04916  0.669071  3.85355  
1.42903  2.94709  1.88023  1.66278  
1.60034  2.57701  1.75271  2.14836  
1.97824  1.11189  1.97824  1.11189  
2.05  0.0503263  1.22938  3.28655  
0.97679  3.59461  0.97679  3.59461  
1.88023  1.66278  2.05  0.0503263  
0.669071  3.85355  1.22693  3.28409  
0.0910679  4.04916  1.55686  2.69118  
1.42903  2.94709  2.05  0.0503263  
1.75271  2.14836  1.88023  1.66278  
1.22693  3.28409  0.0910679  4.04916  
1.60034  2.57701  1.42903  2.94709  
1.88023  1.66278  1.75271  2.14836  
1.97824  1.11189  0.669071  3.85355  
2.05  0.0503263  1.97824  1.11189  
0.97679  3.59461  0.97679  3.59461  
1.75271  2.14836  1.42903  2.94709  
1.22693  3.28409  1.60034  2.57701  
0.0910679  4.04916  1.88023  1.66278  
0.669071  3.85355  0.669071  3.85355  
0.97679  3.59461  2.05  0.0503263  
1.60034  2.57701  1.22693  3.28409  
2.05  0.0503263  0.97679  3.59461  
1.97824  1.11189  0.0910679  4.04916  
1.42903  2.94709  1.97824  1.11189  
1.88023  1.66278  1.75271  2.14836  
1.60034  2.57701  1.97824  1.11189  
1.97824  1.11189  1.88023  1.66278  
1.88023  1.66278  1.42903  2.94709  
0.97679  3.59461  1.75271  2.14836  
1.75271  2.14836  0.669071  3.85355  
1.42903  2.94709  2.05  0.0503263  
0.0910679  4.04916  1.22693  3.28409  
1.22693  3.28409  0.0910679  4.04916  
0.669071  3.85355  1.60034  2.57701  
2.05  0.0503263  0.97679  3.59461  
1.60034  2.57701  1.60034  2.57701  
1.42903  2.94709  1.97824  1.11189  
2.05  0.0503263  0.669071  3.85355  
1.88023  1.66278  1.75271  2.14836  
1.22693  3.28409  1.42954  2.9521  
1.97824  1.11189  1.22693  3.28409  
1.75271  2.14836  2.05  0.0503263  
0.0910679  4.04916  1.88023  1.66278  
0.669071  3.85355  0.0910679  4.04916  
0.97679  3.59461  1.42903  2.94709  
0.97679  3.59461  0.669071  3.85355  
1.88023  1.66278  0.97679  3.59461  
2.05  0.0503263  1.97824  1.11189  
0.669071  3.85355  1.22921  3.28638  
1.97824  1.11189  1.60034  2.57701  
1.42903  2.94709  1.75271  2.14836  
1.60034  2.57701  0.0910679  4.04916  
1.75271  2.14836  1.88023  1.66278  
0.0910679  4.04916  2.05  0.0503263  
1.22693  3.28409  1.42903  2.94709  
1.60034  2.57701  1.42903  2.94709  
2.05  0.0503263  0.669071  3.85355  
0.669071  3.85355  1.60034  2.57701  
1.88023  1.66278  2.05  0.0503263  
1.22693  3.28409  1.97824  1.11189  
1.75271  2.14836  1.22693  3.28409  
1.42903  2.94709  0.97679  3.59461  
0.97679  3.59461  0.0910679  4.04916  
1.97824  1.11189  1.75271  2.14836  
0.0910679  4.04916  1.8743  1.68941  
1.75271  2.14836  2.05  0.0503263  
0.669071  3.85355  1.75271  2.14836  
1.97824  1.11189  0.669071  3.85355  
2.05  0.0503263  1.2276  3.28477  
1.60034  2.57701  1.42903  2.94709  
1.22693  3.28409  1.88023  1.66278  
1.88023  1.66278  0.0910679  4.04916  
1.42903  2.94709  0.97679  3.59461  
0.0910679  4.04916  1.60034  2.57701  
0.97679  3.59461  1.97824  1.11189  
1.22638  3.28488  1.22638  3.28488  
0.090247  4.04919  1.75248  2.14911  
1.60001  2.57782  1.88009  1.66339  
0.976139  3.59529  2.05  0.0503263  
1.75248  2.14911  1.60001  2.57782  
1.97818  1.11231  1.97818  1.11231  
2.05  0.0503263  0.668324  3.85404  
1.88009  1.66339  0.090247  4.04919  
1.42859  2.94792  0.976139  3.59529  
0.668324  3.85404  1.42859  2.94792  
1.88009  1.66339  1.60001  2.57782  
0.090247  4.04919  1.75248  2.14911  
1.97818  1.11231  1.22638  3.28488  
0.668324  3.85404  1.97818  1.11231  
1.22638  3.28488  0.090247  4.04919  
2.05  0.0503263  1.88009  1.66339  
0.976139  3.59529  1.42859  2.94792  
1.75248  2.14911  0.668324  3.85404  
1.60001  2.57782  2.05  0.0503263  
1.42859  2.94792  0.976139  3.59529  
1.22638  3.28488  1.88009  1.66339  
1.88009  1.66339  0.668324  3.85404  
0.976139  3.59529  1.97818  1.11231  
1.42859  2.94792  0.976139  3.59529  
0.668324  3.85404  0.090247  4.04919  
2.05  0.0503263  2.05  0.0503263  
1.97818  1.11231  1.60001  2.57782  
1.75248  2.14911  1.42859  2.94792  
0.090247  4.04919  1.75248  2.14911  
1.60001  2.57782  1.22638  3.28488  
1.60001  2.57782  1.42859  2.94792  
1.22638  3.28488  2.05  0.0503263  
0.668324  3.85404  0.090247  4.04919  
0.976139  3.59529  1.88009  1.66339  
2.05  0.0503263  0.668324  3.85404  
1.42859  2.94792  0.976139  3.59529  
1.75248  2.14911  1.22638  3.28488  
1.88009  1.66339  1.25445  3.24331  
1.97818  1.11231  1.97818  1.11231  
0.090247  4.04919  1.75248  2.14911  
1.88009  1.66339  0.976139  3.59529  
1.60001  2.57782  2.05  0.0503263  
1.22638  3.28488  1.60001  2.57782  
1.97818  1.11231  1.97818  1.11231  
0.976139  3.59529  0.090247  4.04919  
1.75248  2.14911  1.75248  2.14911  
1.42859  2.94792  1.22638  3.28488  
0.090247  4.04919  1.88009  1.66339  
0.668324  3.85404  0.668324  3.85404  
2.05  0.0503263  1.42859  2.94792  
0.976139  3.59529  0.668324  3.85404  
1.97818  1.11231  0.976139  3.59529  
1.88009  1.66339  2.05  0.0503263  
1.42859  2.94792  1.42859  2.94792  
2.05  0.0503263  1.64397  2.46949  
1.75248  2.14911  0.090247  4.04919  
1.60001  2.57782  1.88009  1.66339  
0.668324  3.85404  1.97818  1.11231  
0.090247  4.04919  1.22638  3.28488  
1.22638  3.28488  1.75248  2.14911  
1.60001  2.57782  1.22638  3.28488  
1.97818  1.11231  1.42859  2.94792  
1.22638  3.28488  1.60001  2.57782  
0.668324  3.85404  0.090247  4.04919  
1.75248  2.14911  1.75248  2.14911  
1.88009  1.66339  1.88009  1.66339  
2.05  0.0503263  0.668324  3.85404  
1.42859  2.94792  0.976139  3.59529  
0.976139  3.59529  2.05  0.0503263  
0.090247  4.04919  1.97818  1.11231  
0.976139  3.59529  2.05  0.0503263  
1.60001  2.57782  0.668324  3.85404  
1.22638  3.28488  1.97818  1.11231  
0.668324  3.85404  0.090247  4.04919  
2.05  0.0503263  1.42859  2.94792  
1.42859  2.94792  1.22638  3.28488  
0.090247  4.04919  1.60001  2.57782  
1.88009  1.66339  0.976139  3.59529  
1.75248  2.14911  1.75248  2.14911  
1.97818  1.11231  1.8824  1.6657  
1.42859  2.94792  2.05  0.0503263  
1.97818  1.11231  1.97818  1.11231  
2.05  0.0503263  1.60001  2.57782  
1.75248  2.14911  1.75248  2.14911  
1.60001  2.57782  0.976139  3.59529  
1.88009  1.66339  0.090247  4.04919  
0.976139  3.59529  0.668324  3.85404  
0.090247  4.04919  1.42859  2.94792  
0.668324  3.85404  1.88009  1.66339  
1.22638  3.28488  1.70613  2.29302  
0.976139  3.59529  0.090247  4.04919  
2.05  0.0503263  1.42859  2.94792  
1.60001  2.57782  1.88009  1.66339  
0.090247  4.04919  1.75248  2.14911  
1.22638  3.28488  2.05  0.0503263  
1.75248  2.14911  1.60001  2.57782  
1.88009  1.66339  1.22638  3.28488  
1.42859  2.94792  0.668324  3.85404  
1.97818  1.11231  0.976139  3.59529  
0.668324  3.85404  1.96925  1.17515  
1.75248  2.14911  1.75248  2.14911  
0.976139  3.59529  1.60001  2.57783  
2.05  0.0503263  0.0902491  4.04919  
1.88009  1.66339  1.22638  3.28488  
0.0902491  4.04919  1.88009  1.66339  
1.97818  1.11232  0.976139  3.59529  
0.668324  3.85404  0.668324  3.85404  
1.42859  2.94792  2.05  0.0503263  
1.22638  3.28488  1.97818  1.11232  
1.60001  2.57783  1.42859  2.94792  
1.42859  2.94792  0.0902491  4.04919  
1.22638  3.28488  1.22638  3.28488  
1.88009  1.66339  0.668324  3.85404  
0.976139  3.59529  0.976139  3.59529  
0.668324  3.85404  2.05  0.0503263  
0.0902491  4.04919  1.98364  1.07186  
2.05  0.0503263  1.42859  2.94792  
1.75248  2.14911  1.60001  2.57783  
1.97818  1.11232  1.88009  1.66339  
1.60001  2.57783  1.75248  2.14911  
2.05  0.0503263  2.05  0.0503263  
1.88009  1.66339  0.976139  3.59529  
1.75248  2.14911  1.75248  2.14911  
1.97818  1.11232  1.22638  3.28488  
1.42859  2.94792  0.668324  3.85404  
0.0902491  4.04919  1.87636  1.68022  
1.60001  2.57783  1.97818  1.11232  
1.22638  3.28488  1.42859  2.94792  
0.976139  3.59529  0.0902491  4.04919  
0.668324  3.85404  1.60001  2.57783  
0.668324  3.85404  1.42859  2.94792  
1.22638  3.28488  1.75248  2.14911  
1.60001  2.57783  1.94181  1.34776  
0.976139  3.59529  0.976139  3.59529  
1.88009  1.66339  0.668324  3.85404  
1.97818  1.11232  0.0902491  4.04919  
0.0902491  4.04919  2.05  0.0503263  
2.05  0.0503263  1.60001  2.57783  
1.75248  2.14911  1.88009  1.66339  
1.42859  2.94792  1.22638  3.28488  
1.22638  3.28488  0.0902491  4.04919  
1.42859  2.94792  1.42859  2.94792  
0.976139  3.59529  1.22638  3.28488  
0.668324  3.85404  1.97818  1.11232  
0.0902491  4.04919  2.05  0.0503263  
1.97818  1.11232  0.976139  3.59529  
1.60001  2.57783  1.60358  2.5814  
2.05  0.0503263  1.88009  1.66339  
1.75248  2.14911  1.75248  2.14911  
1.88009  1.66339  0.668324  3.85404  
1.60001  2.57783  1.93894  1.36442  
1.75248  2.14911  1.60001  2.57783  
2.05  0.0503263  1.22638  3.28488  
1.42859  2.94792  1.42859  2.94792  
1.97818  1.11232  0.976139  3.59529  
0.976139  3.59529  0.0902491  4.04919  
1.22638  3.28488  1.88009  1.66339  
0.668324  3.85404  2.05  0.0503263  
1.88009  1.66339  1.75248  2.14911  
0.0902491  4.04919  0.668324  3.85404  
2.05  0.0503263  0.976139  3.59529  
1.60001  2.57783  1.22687  3.28537  
0.0902491  4.04919  1.42859  2.94792  
1.42859  2.94792  1.97818  1.11232  
1.97818  1.11232  1.88009  1.66339  
1.75248  2.14911  2.05  0.0503263  
1.88009  1.66339  0.0902491  4.04919  
0.668324  3.85404  1.75248  2.14911  
1.22638  3.28488  0.668324  3.85404  
0.976139  3.59529  1.60001  2.57783  
1.97818  1.11232  2.05  0.0503263  
1.60001  2.57783  0.0902491  4.04919  
0.976139  3.59529  1.88009  1.66339  
1.42859  2.94792  1.97818  1.11232  
2.05  0.0503263  1.42859  2.94792  
1.88009  1.66339  0.976139  3.59529  
1.22638  3.28488  1.22782  3.28632  
0.0902491  4.04919  0.668324  3.85404  
1.75248  2.14911  1.75248  2.14911  
0.668324  3.85404  1.60001  2.57783  
0.976139  3.59529  2.05  0.0503263  
0.668324  3.85404  0.976139  3.59529  
0.0902491  4.04919  1.42859  2.94792  
1.22638  3.28488  0.668324  3.85404  
1.60001  2.57783  0.0902491  4.04919  
1.75248  2.14911  1.76881  2.09517  
1.42859  2.94792  1.88009  1.66339  
1.97818  1.11232  1.97818  1.11232  
2.05  0.0503263  1.22638  3.28488  
1.88009  1.66339  1.75248  2.14911  
2.05  0.0503263  1.88009  1.66339  
0.668324  3.85404  1.97818  1.11232  
1.88009  1.66339  0.668324  3.85404  
1.22638  3.28488  1.42859  2.94792  
0.976139  3.59529  1.60001  2.57783  
1.60001  2.57783  0.976139  3.59529  
1.42859  2.94792  0.0902491  4.04919  
1.75248  2.14911  2.03352  0.56238  
1.97818  1.11232  1.22638  3.28488  
0.0902491  4.04919  1.75248  2.14911  
