2.62998 0.770992
2.54509 0.877442
2.67405 0.751434
2.50619 0.963154
2.49638 0.982988
2.36923 1.36331
2.38084 1.32189
2.43666 1.14766
2.58715 0.813285
2.50258 0.968888
2.43318 1.15724
2.62527 0.774548
2.63488 0.767569
2.55974 0.852578
2.70416 0.746353
2.4979 0.973868
2.65748 0.755155
2.51582 0.938564
2.65413 0.756664
2.47459 1.03712
2.54652 0.874903
2.54197 0.883067
2.48143 1.0285
2.48341 1.0159
2.59439 0.804524
2.60597 0.791886
2.45304 1.09109
2.48857 1.00118
2.68654 0.748278
2.59643 0.80217
2.48725 1.00379
2.57906 0.823887
2.6183 0.780281
2.46378 1.06989
2.51199 0.942717
2.40973 1.22665
2.62275 0.776556
2.68099 0.749534
2.63247 0.769219
2.64555 0.761041
2.62854 0.772055
2.65059 0.758377
2.53678 0.892675
2.58533 0.815597
2.64766 0.759892
2.56199 0.848983
2.54845 0.871507
2.57674 0.827075
2.62059 0.778336
2.7127 0.745633
2.55481 0.86065
2.45547 1.08123
2.63955 0.764557
2.39342 1.30209
2.47063 1.04875
2.53222 0.901393
2.63694 0.766215
2.42287 1.18314
2.61337 0.784695
2.47997 1.03247
2.53816 0.890103
2.52165 0.922449
2.44875 1.1071
2.56853 0.838932
2.56634 0.842242
2.58113 0.821089
2.4197 1.19567
2.44089 1.13676
2.48468 1.01267
2.58323 0.818324
2.55759 0.856051
2.60044 0.79771
2.53084 0.909146
2.61057 0.787343
2.61531 0.782925
2.4007 1.26789
2.69239 0.747187
2.51809 0.929807
2.64268 0.762675
2.56343 0.846729
2.44401 1.12191
2.5893 0.810611
2.59193 0.807429
2.53462 0.896781
2.33112 1.47372
2.59818 0.800203
2.67006 0.752704
2.57193 0.833924
2.67648 0.750727
2.50847 0.952074
2.57006 0.836661
2.60288 0.795097
2.52504 0.915563
2.60855 0.789307
2.55174 0.865832
2.46908 1.05829
2.49072 0.990396
2.50369 0.966411
2.55301 0.863668
2.57425 0.830588
