0.932275  3.88607  4.06027  1.64025  3.33309  3.85296  
1.70195  2.69076  4.85153  2.1605  2.76533  3.034  
1.45586  1.76123  5.68751  1.8826  1.1098  5.41899  
1.48907  2.95218  5.18249  2.05366  2.74293  4.22266  
2.16167  2.98454  2.3475  1.70392  2.17768  5.50211  
1.54125  3.19779  3.53  1.89548  3.40561  3.50472  
1.2876  1.33748  5.97652  1.38086  2.24254  5.67758  
1.3928  1.24466  6.25  2.11093  2.72534  3.88607  
2.11143  1.3199  5.04312  2.18553  1.49253  4.06933  
0.836178  1.52648  6.25589  1.91264  2.08863  4.25759  
1.49029  0.881209  6.06859  0.953534  1.11215  6.64246  
2.53427  2.3749  1.3666  1.6457  3.22473  4.00432  
1.25953  1.50866  6.02473  2.17168  2.01239  4.16532  
0.955214  0.998322  6.50464  2.01195  2.07819  3.74982  
1.06223  1.30064  6.68837  1.83333  2.23366  5.28645  
1.54981  3.14836  4.86211  0.984651  2.67651  5.69707  
1.66088  2.99409  4.59276  2.42055  1.08956  3.57011  
1.63849  2.77153  4.6498  2.15574  3.2746  1.87234  
2.14944  1.74165  3.57725  1.69025  1.84824  5.12547  
1.71198  2.79647  4.75753  1.94431  2.70999  4.24675  
1.45917  1.1907  5.83218  1.75593  1.72398  5.66083  
1.60015  1.8566  5.80022  1.00668  1.16486  6.28409  
1.61177  1.04434  5.57559  1.42025  1.82474  6.14772  
2.28866  1.38302  4.31619  1.78008  1.94513  4.93708  
1.63344  1.17332  5.70532  2.52396  2.52906  2.21586  
1.72764  1.45688  5.52132  1.63181  3.01094  5.16713  
1.69882  3.1606  4.26891  0.867864  1.52415  6.24961  
1.7469  3.21618  4.10309  2.14783  2.91879  2.66046  
1.17103  1.90928  6.27568  1.27642  1.87577  5.93226  
1.94806  2.44789  4.06639  1.02349  2.78043  5.39408  
2.00773  3.47482  2.71629  2.33768  2.62836  2.2722  
1.32707  4.27622  1.90097  1.81342  2.40738  4.67447  
1.33361  1.53926  6.14997  1.69353  2.74279  4.99067  
1.87395  3.04729  3.6095  2.03272  2.29096  3.96663  
1.04999  3.61208  4.46417  1.95489  3.56111  1.6589  
1.50867  2.26709  5.73315  1.83205  1.48624  5.28428  
1.51875  2.20416  5.65676  1.65213  2.19318  5.48481  
2.31685  1.97592  3.21408  1.50829  1.86217  5.58382  
0.912136  4.07271  3.25992  1.64692  3.24364  4.19986  
1.37635  4.0999  3.08545  1.47978  0.91829  5.89886  
0.784404  2.59477  5.76961  2.10721  3.23773  1.56096  
1.61866  2.55385  4.93984  1.67935  3.30254  3.94806  
1.63673  1.27808  5.71226  2.04743  2.40373  3.86064  
1.6645  3.4263  3.58854  1.53194  2.89693  4.92242  
1.77149  2.23242  4.86589  1.70924  1.44502  5.02343  
2.06214  1.31987  3.8773  2.08622  3.02095  3.73799  
1.30337  2.70724  5.72939  2.12611  3.02686  2.45151  
2.48923  2.41613  0.756613  2.28707  2.58238  3.47195  
1.74984  3.38306  3.83131  0.85239  1.46146  6.46797  
2.32114  2.06871  3.73975  2.11588  2.87994  2.35448  
2.55894  2.18982  1.87299  1.02197  2.67878  5.5505  
1.44905  2.84677  5.46653  1.79084  1.46617  5.26782  
2.32678  2.6881  1.52614  0.932039  4.43215  2.44228  
2.3288  2.43052  2.66178  0.981673  4.3937  2.65644  
1.13083  2.46698  5.73285  2.16522  2.04155  4.25196  
1.40079  3.90781  3.33847  1.08133  4.32528  2.32174  
2.09806  3.0367  2.65209  2.2469  2.82851  2.74441  
2.31157  1.81397  3.66642  1.87362  2.87665  4.24392  
1.33309  1.14571  6.12024  2.35342  2.72918  2.01335  
1.63875  2.97723  4.25511  1.83797  2.37452  4.36851  
0.903445  3.299  5.33138  1.72763  1.62465  5.76068  
1.91873  1.84664  5.2133  2.62351  1.04743  2.53901  
2.07339  1.73925  4.35999  0.8919  0.936725  6.39334  
1.80544  1.97316  5.32709  1.0374  1.23824  6.4443  
2.49267  1.93246  2.14774  1.1999  1.02493  6.36845  
1.35392  1.13806  6.01323  1.09659  2.57126  5.92097  
1.39951  2.87142  5.1574  1.39789  2.65452  5.35889  
1.30811  4.32221  2.97933  2.44028  1.48863  3.64708  
1.6414  3.00483  4.53926  1.96256  2.39945  4.76934  
2.43184  2.07664  2.77832  2.14709  2.87021  3.0872  
1.97771  2.54104  4.60694  1.85844  2.00841  4.80915  
1.39539  2.28321  5.70949  1.29719  1.34958  6.25032  
1.17885  3.14931  4.68412  1.17735  4.05318  3.45355  
2.10863  3.21656  2.92794  2.23252  2.80777  2.73333  
2.16962  2.11872  3.96099  1.74832  1.44367  5.45898  
1.63029  3.58687  3.27801  1.70842  2.74681  4.97054  
1.50801  3.3806  4.79985  1.91397  2.6715  3.86157  
1.21373  1.96781  6.14275  1.29957  1.62947  6.15897  
2.30738  1.97562  3.50722  1.6263  1.8631  5.34903  
2.04188  3.00466  2.84407  0.867553  3.15427  4.98936  
0.877212  3.63175  4.50613  1.43507  2.2046  5.46736  
1.22882  4.30846  2.92511  0.963865  1.17959  6.30678  
1.62228  2.24623  5.46462  1.24196  2.99699  5.28506  
1.16008  1.25132  6.4234  1.7348  3.04627  4.03058  
1.24546  2.76081  5.4462  1.90587  2.64451  3.57318  
1.47452  1.46199  5.78311  1.72525  1.65671  5.61383  
1.14045  2.6712  5.78896  0.922973  1.08396  6.6136  
1.83011  3.47899  2.90782  1.03533  1.30728  6.5523  
1.90416  3.70211  2.51864  1.95142  2.30675  3.58956  
1.53825  2.62463  5.17351  2.3489  1.23071  4.09571  
1.87935  3.48837  3.5013  2.40739  1.03512  2.70197  
2.51818  1.3254  3.34987  1.78982  1.52481  5.37108  
1.57371  3.33417  4.5576  1.97202  2.36738  4.68011  
2.3293  1.41226  3.38643  1.96183  3.53801  2.44561  
2.05469  3.27665  3.0056  1.18552  3.69168  4.2673  
1.07303  1.06834  6.46639  2.4455  2.03995  1.29214  
1.43799  2.04997  5.76081  1.37838  4.07031  2.07143  
1.80416  3.67791  2.78907  1.67724  1.2879  5.46701  
2.45528  2.13792  3.58322  1.91101  3.31031  2.45308  
2.24249  1.15852  3.81236  1.99991  3.29858  2.86417  
1.67724  1.2879  5.46701  
2.4455  2.03995  1.29214  
1.18552  3.69168  4.2673  
2.40739  1.03512  2.70197  
1.95142  2.30675  3.58956  
0.963865  1.17959  6.30678  
1.43507  2.2046  5.46736  
1.6263  1.8631  5.34903  
1.85844  2.00841  4.80915  
1.39789  2.65452  5.35889  
1.1999  1.02493  6.36845  
0.8919  0.936725  6.39334  
2.62351  1.04743  2.53901  
1.83797  2.37452  4.36851  
1.87362  2.87665  4.24392  
1.08133  4.32528  2.32174  
0.981673  4.3937  2.65644  
0.932039  4.43215  2.44228  
1.35392  1.13806  6.01323  
1.70924  1.44502  5.02343  
2.49267  1.93246  2.14774  
2.09806  3.0367  2.65209  
2.3288  2.43052  2.66178  
2.06214  1.31987  3.8773  
1.78008  1.94513  4.93708  
0.784404  2.59477  5.76961  
1.04999  3.61208  4.46417  
2.01195  2.07819  3.74982  
1.87395  3.04729  3.6095  
2.23252  2.80777  2.73333  
1.2876  1.33748  5.97652  
1.47452  1.46199  5.78311  
1.17735  4.05318  3.45355  
1.54125  3.19779  3.53  
1.24546  2.76081  5.4462  
1.63875  2.97723  4.25511  
1.61177  1.04434  5.57559  
2.1605  2.76533  3.034  
1.61866  2.55385  4.93984  
2.16167  2.98454  2.3475  
1.37635  4.0999  3.08545  
1.69025  1.84824  5.12547  
2.14709  2.87021  3.0872  
1.45586  1.76123  5.68751  
1.22882  4.30846  2.92511  
2.31685  1.97592  3.21408  
0.932275  3.88607  4.06027  
2.04188  3.00466  2.84407  
1.13083  2.46698  5.73285  
1.90587  2.64451  3.57318  
1.63849  2.77153  4.6498  
1.43799  2.04997  5.76081  
0.912136  4.07271  3.25992  
1.70195  2.69076  4.85153  
0.877212  3.63175  4.50613  
1.40079  3.90781  3.33847  
1.95489  3.56111  1.6589  
2.14944  1.74165  3.57725  
1.80416  3.67791  2.78907  
0.836178  1.52648  6.25589  
1.90416  3.70211  2.51864  
2.48923  2.41613  0.756613  
0.867864  1.52415  6.24961  
1.49029  0.881209  6.06859  
1.53825  2.62463  5.17351  
0.867553  3.15427  4.98936  
1.25953  1.50866  6.02473  
1.39951  2.87142  5.1574  
1.37838  4.07031  2.07143  
1.94806  2.44789  4.06639  
2.32678  2.6881  1.52614  
1.81342  2.40738  4.67447  
1.24196  2.99699  5.28506  
1.54981  3.14836  4.86211  
1.45917  1.1907  5.83218  
2.24249  1.15852  3.81236  
1.91101  3.31031  2.45308  
1.32707  4.27622  1.90097  
1.17885  3.14931  4.68412  
1.63029  3.58687  3.27801  
1.21373  1.96781  6.14275  
2.30738  1.97562  3.50722  
1.62228  2.24623  5.46462  
1.83011  3.47899  2.90782  
2.3293  1.41226  3.38643  
1.8826  1.1098  5.41899  
1.89548  3.40561  3.50472  
1.38086  2.24254  5.67758  
1.91264  2.08863  4.25759  
0.984651  2.67651  5.69707  
1.00668  1.16486  6.28409  
1.27642  1.87577  5.93226  
1.02349  2.78043  5.39408  
2.33768  2.62836  2.2722  
1.47978  0.91829  5.89886  
2.10721  3.23773  1.56096  
2.28707  2.58238  3.47195  
0.85239  1.46146  6.46797  
2.11588  2.87994  2.35448  
1.02197  2.67878  5.5505  
0.272408  2.25321  4.98553  0.272408  2.25321  4.98553  
0.258397  3.28738  3.53315  0.258397  3.28738  3.53315  
1.31827  0.236367  4.68972  1.31827  0.236367  4.68972  
1.01283  3.58123  0.194814  1.01283  3.58123  0.194814  
1.8182  1.96858  0.16543  1.8182  1.96858  0.16543  
2.04733  0.0473297  0.0473297  2.05572  0.0557193  0.0557193  
1.74198  0.195683  3.25488  1.74198  0.195683  3.25488  
0.0519741  0.0519741  6.05197  0.0519741  0.0519741  6.05197  
0.067904  4.0679  0.07358  0.067904  4.0679  0.07358  
1.45291  2.88112  0.184017  1.45291  2.88112  0.184017  
1.51317  2.78729  0.182707  1.51317  2.78729  0.182707  
0.267911  3.19416  3.67858  0.267911  3.19416  3.67858  
0.0536098  0.0536098  6.05361  0.0536098  0.0536098  6.05361  
1.75665  0.197618  3.30478  1.75665  0.197618  3.30478  
1.02345  3.52763  0.188698  1.02345  3.52763  0.188698  
2.05155  0.0515501  0.0515501  2.05155  0.0515501  0.0515501  
1.85087  1.851  0.159817  1.85087  1.851  0.159817  
0.0645943  4.06459  0.0720401  0.0646027  4.0646  0.0720488  
0.0413945  2.26715  5.02673  0.0413945  2.26715  5.02673  
1.36318  0.229877  4.58831  1.36318  0.229877  4.58831  
1.321  3.13476  0.186833  1.321  3.13476  0.186833  
0.0539443  4.05394  0.0640196  0.0539443  4.05394  0.0640196  
1.74552  0.196572  3.22984  1.74552  0.196572  3.22984  
1.78634  2.14061  0.163826  1.78634  2.14061  0.163826  
0.25502  3.50293  3.0231  0.25502  3.50293  3.0231  
2.04431  0.0443103  0.0443103  2.04431  0.0443103  0.0443103  
0.058997  0.058997  6.059  0.0863587  0.0863587  6.08636  
0.898506  0.243183  5.49115  0.898506  0.243183  5.49115  
0.281766  2.59391  4.65758  0.281766  2.59391  4.65758  
1.41944  0.224307  4.44912  1.41944  0.224307  4.44912  
1.88669  0.0423256  2.36288  1.88669  0.0423256  2.36288  
1.14798  0.245427  5.10874  1.14798  0.245427  5.10874  
1.60859  0.216712  3.88159  1.60859  0.216712  3.88159  
0.274684  2.77322  4.43762  0.274684  2.77322  4.43762  
0.0586508  0.0586508  6.05865  0.0586508  0.0586508  6.05865  
0.254748  3.4973  3.01909  0.254748  3.4973  3.01909  
2.05104  0.0510399  0.0600767  2.05104  0.0510399  0.0600767  
0.0381742  4.03817  0.0381741  0.0381742  4.03817  0.0381741  
1.47629  2.92725  0.188411  1.59507  3.04603  0.307187  
0.279447  1.81044  5.3745  0.279447  1.81044  5.3745  
1.51317  2.78729  0.182707  1.51317  2.78729  0.182707  
0.267911  3.19416  3.67858  0.267911  3.19416  3.67858  
0.0536098  0.0536098  6.05361  0.0536098  0.0536098  6.05361  
1.75665  0.197618  3.30478  1.75665  0.197618  3.30478  
0.095859  0.161488  6.03806  0.095859  0.161488  6.03806  
2.05155  0.0515501  0.0515501  2.05155  0.0515501  0.0515501  
1.85087  1.851  0.159817  1.88801  1.88815  0.196965  
0.0646027  4.0646  0.0720488  0.0646027  4.0646  0.0720488  
0.0413945  2.26715  5.02673  0.0413945  2.26715  5.02673  
1.36318  0.229877  4.58831  1.36318  0.229877  4.58831  
0.726045  0.462058  5.68358  0.726045  0.462058  5.68358  
0.053898  4.05389  0.0644167  0.053898  4.05389  0.0644167  
1.73959  0.195294  3.25777  1.73959  0.195294  3.25777  
1.78392  2.14886  0.169561  1.78392  2.14886  0.169561  
0.255026  3.50304  3.02282  0.255026  3.50304  3.02282  
2.04426  0.0442551  0.0442551  2.04426  0.0442551  0.0442551  
0.0589567  0.0589567  6.05896  0.0589567  0.0589567  6.05896  
1.14592  0.244379  5.0996  1.14592  0.244379  5.0996  
0.28181  2.59396  4.65762  0.308839  2.62098  4.68465  
1.50603  0.199209  4.19503  1.50603  0.199209  4.19503  
0.251242  3.41544  3.18322  0.251242  3.41544  3.18322  
1.45514  0.229164  4.32351  1.45514  0.229164  4.32351  
0.273254  2.50593  4.72423  0.273254  2.50593  4.72423  
1.63684  2.44255  0.178157  1.63684  2.44255  0.178157  
1.08595  0.237112  5.12106  1.08595  0.237112  5.12106  
1.82473  0.183862  2.73842  1.82473  0.183862  2.73842  
1.21525  3.29814  0.191454  1.21525  3.29814  0.191454  
2.03779  0.0377871  0.0377871  2.03871  0.0387127  0.0387127  
0.0256566  0.0258458  6.02527  0.0256566  0.0258458  6.02527  
0.0361149  4.03611  0.0361845  0.0361149  4.03611  0.0361845  
1.32088  3.1704  0.192941  1.32088  3.1704  0.192941  
1.13381  0.245977  5.13313  1.13381  0.245977  5.13313  
1.59228  0.213557  3.83981  1.59228  0.213557  3.83981  
1.75353  2.18418  0.170576  1.75353  2.18418  0.170576  
2.03991  0.0399099  0.0399099  2.03991  0.0399099  0.0399099  
0.0576477  0.0576477  6.05765  0.158  0.158  6.158  
0.0489056  4.0489  0.0594241  0.0489056  4.0489  0.0594241  
0.255629  3.51084  3.03256  0.255629  3.51084  3.03256  
0.279128  2.61683  4.64069  0.279128  2.61683  4.64069  
1.86519  0.176969  2.49021  1.86519  0.176969  2.49021  
1.75998  0.186078  3.01323  1.75998  0.186078  3.01323  
1.38382  0.22953  4.53321  1.38382  0.22953  4.53321  
1.51081  2.81093  0.179537  1.51081  2.81093  0.179537  
0.0449335  4.04493  0.0449333  0.0449335  4.04493  0.0449333  
0.266206  3.10947  3.89218  0.266206  3.10947  3.89218  
1.05194  3.51583  0.193256  1.05194  3.51583  0.193256  
2.04772  0.0477168  0.0477168  2.07418  0.0741828  0.0741828  
1.84198  1.98246  0.166267  1.84198  1.98246  0.166267  
0.0526239  0.0526239  6.05262  0.0526239  0.0526239  6.05262  
0.284174  2.09828  5.22077  0.284174  2.09828  5.22077  
0.257011  3.52601  3.07272  0.257011  3.52601  3.07272  
0.899016  0.243669  5.49827  0.899016  0.243669  5.49827  
1.80223  0.184799  2.92364  1.80223  0.184799  2.92364  
0.0600117  4.06001  0.0706124  0.0600117  4.06001  0.0706124  
2.05441  0.0544101  0.0544101  2.05441  0.0544101  0.0544101  
0.280768  2.58191  4.644  0.280768  2.58191  4.644  
0.0417504  0.0417504  6.04175  0.0417504  0.0417504  6.04175  
1.24441  3.27664  0.190698  1.26813  3.30036  0.214424  
1.43069  0.225148  4.45736  1.43069  0.225148  4.45736  
1.6856  2.34726  0.172549  1.6856  2.34726  0.172549  
0.272395  3.19865  3.68307  
1.84921  1.02553  2.14193  
0.207951  3.63952  2.59525  
1.77477  1.58  1.96218  
2.03694  0.0369524  0.0369549  
0.236403  2.75115  4.42213  
0.251006  3.41066  3.19514  
1.18409  2.37247  3.5313  
0.450961  3.43599  2.9581  
0.0256566  0.0258458  6.02527  
1.18238  3.32856  0.188698  
0.745123  2.94057  3.6497  
2.00138  0.207523  0.96856  
1.26195  3.21226  0.188698  
1.25001  1.73555  4.12623  
1.40787  2.96546  0.183421  
1.27238  2.92945  2.11039  
1.51268  2.16568  2.59426  
0.892695  0.199511  5.44154  
0.668094  3.60784  2.16268  
1.97524  0.137318  1.39751  
1.11585  3.1092  2.19739  
0.995971  2.48857  3.93024  
1.58945  2.56387  0.17822  
0.270157  1.73976  5.43014  
0.74289  1.21748  5.37532  
0.245582  4.0144  0.0364171  
1.18372  2.59411  3.23969  
1.43884  0.156113  4.27575  
0.761751  2.736  3.99223  
1.8229  0.19039  2.65722  
1.83341  1.83267  0.145038  
0.774648  2.53021  4.27021  
1.79746  1.93939  0.254445  
0.0364304  3.94908  1.28348  
0.235647  1.4777  5.61405  
1.29098  0.142035  4.67415  
1.1903  1.18886  4.6887  
1.41034  1.63253  3.73212  
1.43321  2.84065  1.07355  
2.01467  0.644215  0.0377877  
1.39967  0.152205  4.40017  
0.238616  2.25199  4.98598  
1.68766  0.354867  3.36467  
1.0108  2.23133  4.24146  
1.63797  2.03947  2.24684  
1.01857  3.40017  1.59615  
1.08485  0.236954  5.12333  
1.76984  2.03779  0.0377871  
1.55733  2.32259  1.92145  
1.10672  3.42852  0.188698  
0.682124  0.0866848  5.69556  
0.239557  3.0068  4.0241  
0.135795  3.73168  2.31775  
0.460081  0.115216  5.89121  
0.986968  2.68813  3.63871  
1.37092  2.511  2.70442  
1.11975  0.677203  4.97604  
1.88245  0.122513  2.31068  
1.78526  0.152812  2.88413  
1.74486  1.35118  2.49023  
1.55175  1.27844  3.53095  
1.94379  1.25448  0.178206  
0.978806  0.975668  5.12337  
1.67301  1.45192  2.72869  
1.48077  2.51762  2.09287  
1.92287  0.201023  1.92081  
1.40494  2.09532  3.23342  
1.01735  1.50949  4.79267  
1.20679  3.17365  1.5362  
0.273254  2.50593  4.72423  
0.0361149  4.03611  0.0361845  
1.48641  2.79774  0.17822  
1.88493  1.56791  0.0371874  
0.200046  1.21551  5.75829  
1.15665  2.8283  2.73845  
0.962133  3.58929  0.0399147  
1.54189  0.166069  3.93928  
1.74055  0.18286  3.11288  
0.917895  3.24359  2.49042  
1.35966  3.0549  0.184017  
0.634175  3.86931  0.187194  
1.52699  1.74292  3.05777  
1.65602  2.3918  0.139017  
1.54005  2.68058  0.17822  
0.389055  3.80851  1.79988  
1.97245  1.06334  0.177006  
0.71168  3.21501  3.01328  
0.805259  3.73541  0.0398924  
0.555199  3.84408  1.10886  
1.6247  0.173421  3.63609  
0.948608  2.98864  3.0264  
1.95128  0.131474  1.65832  
0.666633  3.38535  2.73842  
0.754732  1.74978  5.02673  
1.92493  1.37187  0.0391999  
1.19943  2.12018  3.83525  
1.70062  2.26309  0.17822  
0.2463  2.0039  5.22764  
0.795296  2.06828  4.72149  
2.05572  0.0557193  0.0557193  
0.0645943  4.06459  0.0720401  
0.0863587  0.0863587  6.08636  
1.59507  3.04603  0.307187  
1.88801  1.88815  0.196965  
0.308839  2.62098  4.68465  
2.03871  0.0387127  0.0387127  
0.158  0.158  6.158  
2.07418  0.0741828  0.0741828  
1.26813  3.30036  0.214424  
2.02582  0.0258203  0.0260299  2.02582  0.0258203  0.0260299  
1.71109  2.29878  0.16614  1.71109  2.29878  0.16614  
1.71676  0.201734  3.41067  1.71676  0.201734  3.41067  
0.0439617  4.04396  0.0450438  0.0736656  4.07367  0.0747477  
0.274376  2.52098  4.74094  0.274376  2.52098  4.74094  
0.252024  3.43722  3.18807  0.252024  3.43722  3.18807  
0.046716  0.046716  6.04672  0.046716  0.046716  6.04672  
1.24298  3.33505  0.182582  1.24298  3.33505  0.182582  
1.14562  0.243121  5.06901  1.14562  0.243121  5.06901  
1.30944  2.34176  3.36588  1.30944  2.34176  3.36588  
2.02582  0.0258202  0.0260277  2.02582  0.0258202  0.0260277  
1.75946  2.14504  0.158495  1.75946  2.14504  0.158495  
0.245568  3.56029  2.90122  0.245568  3.56029  2.90122  
0.043959  4.04396  0.045041  0.043959  4.04396  0.045041  
0.273857  2.51954  4.74289  0.273857  2.51954  4.74289  
1.2593  3.23897  0.179317  1.2593  3.23897  0.179317  
0.046716  0.046716  6.04672  0.046716  0.046716  6.04672  
1.67644  0.205996  3.70466  1.67644  0.205996  3.70466  
1.0631  2.69289  3.40438  1.0631  2.69289  3.40438  
1.15644  0.245005  5.12315  1.15644  0.245005  5.12315  
2.02582  0.0258203  0.0260142  2.02582  0.0258203  0.0260142  
1.21865  3.30822  0.181621  1.21865  3.30822  0.181621  
1.70786  2.32299  0.165856  1.70786  2.32299  0.165856  
0.0439617  4.04396  0.0450436  0.0570379  4.05704  0.0581198  
0.273654  2.52035  4.74204  0.273654  2.52035  4.74204  
0.25171  3.43594  3.19153  0.25171  3.43594  3.19153  
0.046716  0.046716  6.04672  0.046716  0.046716  6.04672  
1.35776  2.15887  3.4925  1.35776  2.15887  3.4925  
1.14674  0.2435  5.06629  1.14674  0.2435  5.06629  
1.73337  0.203699  3.43748  1.73337  0.203699  3.43748  
2.02582  0.0258202  0.0260222  2.02582  0.0258202  0.0260222  
1.70361  2.31632  0.16496  1.70361  2.31632  0.16496  
0.252283  3.44451  3.19726  0.252283  3.44451  3.19726  
0.043959  4.04396  0.0450413  0.043959  4.04396  0.0450413  
0.27429  2.5201  4.742  0.307979  2.54416  4.7686  
1.3797  2.19285  3.18705  1.3797  2.19285  3.18705  
0.046716  0.046716  6.04672  0.046716  0.046716  6.04672  
1.23333  3.34829  0.181903  1.23333  3.34829  0.181903  
1.67906  0.208562  3.53512  1.67906  0.208562  3.53512  
1.13963  0.247246  5.15574  1.13963  0.247246  5.15574  
2.02582  0.0258202  0.0260269  2.02582  0.0258202  0.0260269  
1.68284  2.37629  0.163706  1.68284  2.37629  0.163706  
0.26561  3.22108  3.67738  0.26561  3.22108  3.67738  
0.043959  4.04396  0.0450415  0.043959  4.04396  0.0450415  
1.46152  0.219306  4.32768  1.46152  0.219306  4.32768  
1.25235  3.24948  0.179326  1.25235  3.24948  0.179326  
0.046716  0.046716  6.04672  0.046716  0.046716  6.04672  
1.10246  0.239406  5.23481  1.10246  0.239406  5.23481  
1.79855  0.185826  2.97348  1.79855  0.185826  2.97348  
0.275404  2.50486  4.82269  0.275404  2.50486  4.82269  
2.02582  0.0258202  0.0260309  2.02582  0.0258202  0.0260309  
1.25426  3.25405  0.173659  1.25426  3.25405  0.173659  
1.78142  0.195305  3.09782  1.78142  0.195305  3.09782  
0.043959  4.04396  0.0450412  0.043959  4.04396  0.0450412  
0.277889  2.16804  5.11246  0.277889  2.16804  5.11246  
0.251634  3.43587  3.19156  0.25694  3.44118  3.19686  
0.046716  0.046716  6.04672  0.046716  0.046716  6.04672  
1.08983  2.51341  3.75876  1.08983  2.51341  3.75876  
1.71417  2.27761  0.164034  1.71417  2.27761  0.164034  
1.33263  0.238991  4.74179  1.33263  0.238991  4.74179  
0.250834  3.41836  3.17482  0.250834  3.41836  3.17482  
1.45589  0.228815  4.31926  1.49787  0.245091  4.24265  
0.273128  2.509  4.71938  0.273128  2.509  4.71938  
1.63654  2.44228  0.16773  1.63654  2.44228  0.16773  
1.08587  0.236543  5.11925  1.08587  0.236543  5.11925  
1.82578  0.18365  2.72953  1.82578  0.18365  2.72953  
1.2149  3.29786  0.181436  1.2149  3.29786  0.181436  
2.03762  0.0376237  0.0376237  2.03762  0.0376237  0.0376237  
0.0251117  0.0248842  6.02474  0.0251117  0.0248842  6.02474  
0.0359067  4.03591  0.0359067  0.0359067  4.03591  0.0359067  
2.02582  0.0258202  0.026026  2.02582  0.0258202  0.026026  
1.68261  2.37606  0.163808  1.68261  2.37606  0.163808  
0.254696  3.51516  3.01747  0.254696  3.51516  3.01747  
0.043959  4.04396  0.045041  0.043959  4.04396  0.045041  
0.272195  2.89884  4.23403  0.272195  2.89884  4.23403  
1.25689  3.24266  0.179331  1.25689  3.24266  0.179331  
0.046716  0.046716  6.04672  0.046716  0.046716  6.04672  
1.33642  0.23842  4.74935  1.33642  0.23842  4.74935  
1.74354  0.195663  3.25054  1.74354  0.195663  3.25054  
0.276861  1.97787  5.32266  0.277025  1.97803  5.32282  
2.02582  0.0258202  0.0260229  2.02582  0.0258202  0.0260229  
1.29239  3.19487  0.180869  1.28643  3.20424  0.180869  
1.76383  2.15007  0.159368  1.76383  2.15007  0.159368  
0.0439589  4.04396  0.0450391  0.0439589  4.04396  0.0450391  
0.25215  3.44384  3.19896  0.25215  3.44384  3.19896  
1.71062  0.201862  3.39788  1.71062  0.201862  3.39788  
0.046716  0.046716  6.04672  0.046716  0.046716  6.04672  
0.905227  0.244332  5.54424  0.905227  0.244332  5.54424  
0.280446  2.58923  4.64358  0.280446  2.58923  4.64358  
1.39336  0.231424  4.58964  1.39336  0.231424  4.58964  
2.02582  0.0258202  0.0260286  2.02582  0.0258202  0.0260286  
1.66868  2.41462  0.165983  1.66868  2.41462  0.165983  
1.78109  0.195388  3.09947  1.78109  0.195388  3.09947  
0.043959  4.04396  0.0450417  0.043959  4.04396  0.0450417  
0.270648  2.90842  4.22052  0.270648  2.90842  4.22052  
0.230563  3.62589  2.68903  0.230563  3.62589  2.68903  
0.046716  0.046716  6.04672  0.046716  0.046716  6.04672  
1.219  3.36867  0.184211  1.219  3.36867  0.184211  
1.3637  0.22825  4.57499  1.3637  0.22825  4.57499  
0.277003  1.97786  5.32257  0.350851  2.08679  5.35846  
0.478471  3.42494  2.9652  
1.90783  0.129598  2.06248  
1.4078  1.6321  3.73547  
0.268538  2.0008  5.20573  
0.97857  0.977752  5.12116  
1.9531  1.11746  0.0290249  
1.44895  0.153241  4.29298  
1.83912  1.0152  2.09703  
0.326619  3.01382  3.99758  
0.26044  1.74397  5.42967  
0.682124  0.0866848  5.69556  
1.75841  2.02636  0.0265844  
1.57336  2.34715  1.71597  
1.23304  1.71066  4.23489  
0.743578  3.76085  0.0267164  
1.53259  1.74904  3.01286  
1.15864  2.77035  3.00755  
0.750162  1.7573  5.0267  
1.47385  2.51024  2.03919  
1.37682  2.06297  3.40994  
0.271904  2.50049  4.72999  
0.241928  2.72674  4.43331  
1.10097  3.14118  2.17892  
1.2419  2.8936  2.09301  
1.47942  2.78202  0.0290515  
2.02582  0.0258202  0.0260229  
1.35992  3.01138  0.0278727  
0.74289  1.21748  5.37532  
1.70419  2.21825  0.0399621  
1.63471  1.43331  2.90415  
1.78893  0.167097  2.85792  
1.64447  1.8473  2.27004  
1.00323  1.48897  4.82763  
0.767121  2.52565  4.276  
1.01584  1.96681  4.46139  
1.91834  1.33875  0.0290515  
1.62449  0.17409  3.62888  
0.0251117  0.0248842  6.02474  
0.499915  3.91475  0.0278727  
1.35522  2.43679  2.8318  
0.238616  2.25199  4.98598  
1.13391  2.91878  2.69131  
1.35371  1.12989  4.22868  
1.18409  2.37247  3.5313  
0.948608  2.98864  3.0264  
0.999055  2.24396  4.21817  
1.19943  2.12018  3.83525  
1.99622  0.711472  0.0259925  
0.200046  1.21551  5.75829  
1.08587  0.236543  5.11925  
1.73911  0.184661  3.11763  
1.10759  3.44194  0.181575  
1.83337  0.175609  2.59169  
0.788635  2.06117  4.71941  
1.97964  0.880429  0.0260515  
1.65915  2.34868  0.157693  
1.34342  2.225  3.17495  
1.70402  1.71869  2.09699  
1.54223  0.165758  3.93638  
1.24927  3.19513  0.0278727  
0.0263549  4.02635  0.0265011  
1.94118  0.133041  1.77875  
1.78977  1.92427  0.0290249  
0.459277  0.13665  5.88986  
0.224969  2.94715  4.18114  
1.32376  2.62501  2.618  
1.17011  2.58236  3.17495  
0.206905  3.7646  2.09636  
0.620274  3.84984  0.0288536  
1.89764  1.43985  0.0266992  
0.930141  3.59585  0.0270173  
0.235647  1.4777  5.61405  
1.5864  2.53737  0.0290503  
1.52285  2.68751  0.0290468  
0.228545  3.64291  2.56696  
0.980687  2.474  3.95517  
1.68949  0.163715  3.35498  
1.15373  0.487979  4.9542  
1.29098  0.142035  4.67415  
0.890641  3.24763  2.48011  
1.84549  1.69043  0.026725  
1.01693  3.39574  1.62094  
0.250601  3.41316  3.18809  
1.55336  1.32848  3.52507  
1.51872  2.12246  2.49361  
1.72791  1.34761  2.49511  
0.745123  2.94057  3.6497  
0.891338  0.198649  5.44169  
0.268339  3.19131  3.66159  
1.97524  0.137318  1.39751  
1.18793  3.32893  0.396621  
0.213895  3.90537  1.54408  
1.87406  0.124373  2.32212  
0.71168  3.21501  3.01328  
0.842522  3.67821  0.026477  
0.983512  2.65264  3.64022  
2.00656  0.0258214  0.856629  
0.761751  2.736  3.99223  
0.647185  3.55786  2.15193  
1.1903  1.18886  4.6887  
0.0736656  4.07367  0.0747477  
0.0570379  4.05704  0.0581198  
0.307979  2.54416  4.7686  
1.68284  2.37629  0.163706  
0.25694  3.44118  3.19686  
1.49787  0.245091  4.24265  
0.277025  1.97803  5.32282  
1.28643  3.20424  0.180869  
0.046716  0.046716  6.04672  
0.350851  2.08679  5.35846  
1.67342  2.33091  0.162853  1.67342  2.33091  0.162853  
1.26048  3.23937  0.179806  1.26048  3.23937  0.179806  
0.280535  2.33536  4.91085  0.280535  2.33536  4.91085  
1.79432  0.18003  2.90346  1.79432  0.18003  2.90346  
0.239029  3.68406  2.3927  0.239029  3.68406  2.3927  
0.263349  3.09476  3.85414  0.263349  3.09476  3.85414  
1.40624  0.22514  4.4472  1.40624  0.22514  4.4472  
2.03726  0.0372564  0.0372564  2.03832  0.0383189  0.0383189  
0.0249641  0.0249023  6.02436  0.0249641  0.0249023  6.02436  
0.0354123  4.03541  0.0354123  0.0354123  4.03541  0.0354123  
1.08799  0.236578  5.13135  1.08799  0.236578  5.13135  
1.24054  3.26891  0.174852  1.24054  3.26891  0.174852  
0.272538  2.50865  4.71924  0.272538  2.50865  4.71924  
1.68479  2.30701  0.163904  1.68479  2.30701  0.163904  
1.44103  0.226561  4.27494  1.44103  0.226561  4.27494  
0.250277  3.42148  3.17996  0.250277  3.42148  3.17996  
1.82289  0.186151  2.82312  1.82289  0.186151  2.82312  
2.03726  0.0372564  0.0372564  2.03726  0.0372564  0.0372564  
0.0249569  0.0249642  6.02436  0.0249571  0.0249644  6.02436  
0.0354124  4.03541  0.0354124  0.0354124  4.03541  0.0354124  
1.63422  2.4388  0.167812  1.6751  2.47968  0.208695  
1.202  3.32505  0.181243  1.202  3.32505  0.181243  
0.280912  2.3366  4.90866  0.280912  2.3366  4.90866  
1.49569  0.217068  4.14483  1.49569  0.217068  4.14483  
1.83084  0.176739  2.63549  1.83084  0.176739  2.63549  
0.261429  3.3476  3.34586  0.261429  3.3476  3.34586  
1.09896  0.238409  5.14819  1.09896  0.238409  5.14819  
2.03726  0.0372564  0.0372564  2.03726  0.0372564  0.0372564  
0.0249612  0.0247817  6.02436  0.0249612  0.0247817  6.02436  
0.0354123  4.03541  0.0354123  0.0354123  4.03541  0.0354123  
1.83341  0.178593  2.66032  1.84021  0.185398  2.66712  
1.47331  0.225959  4.26716  1.47331  0.225959  4.26716  
0.257382  3.27404  3.524  0.257382  3.27404  3.524  
1.79003  1.96656  0.149776  1.79003  1.96656  0.149776  
1.44317  2.86202  0.174059  1.44317  2.86202  0.174059  
1.00176  3.54484  0.183388  1.00176  3.54484  0.183388  
0.280457  2.33087  4.92692  0.280457  2.33087  4.92692  
2.03726  0.0372563  0.0372563  2.03726  0.0372563  0.0372563  
0.0249165  0.0249518  6.02436  0.0249165  0.0249518  6.02436  
0.0354124  4.03541  0.0354124  0.0354124  4.03541  0.0354124  
1.2331  3.23942  0.178776  1.2331  3.23942  0.178776  
0.28024  2.59394  4.63697  0.28024  2.59394  4.63697  
0.251076  3.42769  3.18213  0.251076  3.42769  3.18213  
1.66403  2.36621  0.16169  1.66403  2.36621  0.16169  
1.81652  0.183315  2.72194  1.84183  0.208629  2.74726  
1.09733  0.237239  5.12592  1.09733  0.237239  5.12592  
1.49379  0.217817  4.18884  1.49379  0.217817  4.18884  
2.03726  0.0372562  0.0372562  2.03726  0.0372562  0.0372562  
0.0249529  0.024819  6.02436  0.0249529  0.024819  6.02436  
0.0354124  4.03541  0.0354124  0.0354124  4.03541  0.0354124  
1.35252  0.229544  4.54406  1.35252  0.229544  4.54406  
1.74982  0.195795  3.22776  1.74982  0.195795  3.22776  
0.257389  3.27419  3.52368  0.257389  3.27419  3.52368  
1.79544  1.94676  0.149761  1.7964  1.94773  0.150727  
1.44348  2.86144  0.17454  1.44348  2.86144  0.17454  
1.0018  3.54476  0.18329  1.0018  3.54476  0.18329  
0.273593  2.2516  5.01108  0.273593  2.2516  5.01108  
2.03726  0.0372563  0.0372563  2.03726  0.0372563  0.0372563  
0.0249609  0.0249118  6.02436  0.0249609  0.0249118  6.02436  
0.0354124  4.03541  0.0354124  0.0354124  4.03541  0.0354124  
1.82498  1.82218  0.153633  1.82498  1.82218  0.153633  
1.51134  2.78787  0.174083  1.51134  2.78787  0.174083  
1.2092  0.235959  4.91206  1.2092  0.235959  4.91206  
0.252091  3.49298  2.99762  0.253997  3.49488  2.99952  
1.13673  3.36208  0.176193  1.13673  3.36208  0.176193  
0.272014  2.50749  4.7158  0.272014  2.50749  4.7158  
1.67818  0.20638  3.52005  1.67818  0.20638  3.52005  
2.03726  0.0372564  0.0372564  2.03726  0.0372564  0.0372564  
0.0249643  0.0249584  6.02436  0.0249643  0.0249584  6.02436  
0.0354123  4.03541  0.0354123  0.0354123  4.03541  0.0354123  
1.25065  3.21276  0.178369  1.25065  3.21276  0.178369  
0.243597  3.63219  2.67164  0.243597  3.63219  2.67164  
0.279808  2.32734  4.91944  0.279808  2.32734  4.91944  
1.74369  2.1259  0.157213  1.74369  2.1259  0.157213  
1.65522  0.205005  3.5206  1.65522  0.205005  3.5206  
0.272733  3.00597  4.00382  0.272733  3.00597  4.00382  
1.13705  0.24357  5.07421  1.13705  0.24357  5.07421  
2.03726  0.0372566  0.0372566  2.03726  0.0372566  0.0372566  
0.0249633  0.024918  6.02436  0.0297296  0.0297159  6.02955  
0.0354123  4.03541  0.0354123  0.0354123  4.03541  0.0354123  
1.82211  0.181554  2.72615  1.82211  0.181554  2.72615  
1.49569  0.222509  4.19802  1.49569  0.222509  4.19802  
0.258049  3.26912  3.53398  0.258049  3.26912  3.53398  
1.6361  2.44216  0.1676  1.6361  2.44216  0.1676  
1.09353  0.235861  5.10568  1.09353  0.235861  5.10568  
1.14165  3.37576  0.185214  1.14165  3.37576  0.185214  
0.281609  2.34102  4.91579  0.281609  2.34102  4.91579  
2.03726  0.0372563  0.0372563  2.03726  0.0372563  0.0372563  
0.0249602  0.0249475  6.02436  0.0305403  0.0305276  6.02994  
0.0354124  4.03541  0.0354124  0.0354124  4.03541  0.0354124  
1.68276  2.30408  0.163005  1.68276  2.30408  0.163005  
1.02642  0.241893  5.28692  1.02642  0.241893  5.28692  
0.272484  2.25891  4.99243  0.272484  2.25891  4.99243  
1.81153  0.185171  2.80389  1.81153  0.185171  2.80389  
1.24732  3.20508  0.176094  1.24732  3.20508  0.176094  
0.261598  3.34615  3.34901  0.261598  3.34615  3.34901  
1.45312  0.227859  4.31228  1.45312  0.227859  4.31228  
2.03726  0.0372566  0.0372566  2.03726  0.0372566  0.0372566  
0.0249621  0.0249624  6.02436  0.0448347  0.0448351  6.04424  
0.0354126  4.03541  0.0354126  0.0354126  4.03541  0.0354126  
1.47385  2.51024  2.03919  
0.261598  3.34615  3.34901  
1.08746  3.42593  0.165248  
1.23995  1.96765  3.93001  
0.682124  0.0866848  5.69556  
1.15301  2.72757  2.97179  
0.268538  2.0008  5.20573  
1.54223  0.165758  3.93638  
0.948608  2.98864  3.0264  
1.90783  0.129598  2.06248  
0.213895  3.90537  1.54408  
1.74948  0.170138  3.09109  
0.0249609  0.0249118  6.02436  
1.64523  1.64463  2.66049  
0.220773  2.49837  4.722  
1.262  0.201701  4.75197  
1.53259  1.74904  3.01286  
0.891227  0.198599  5.44176  
1.13577  3.35916  0.321068  
1.21796  1.44356  4.38239  
0.250515  2.72665  4.43953  
0.74289  1.21748  5.37532  
1.72791  1.34761  2.49511  
0.949294  3.58474  0.166081  
0.761751  2.736  3.99223  
0.620274  3.84984  0.0288536  
1.97964  0.880429  0.0260515  
1.4404  2.85526  0.452824  
0.647185  3.55786  2.15193  
1.97524  0.137318  1.39751  
1.34497  2.44507  2.84411  
0.959981  0.958538  5.1743  
0.889464  3.28263  2.39301  
1.87406  0.124373  2.32212  
1.00323  1.48897  4.82763  
1.52651  1.30999  3.52138  
0.743578  3.76085  0.0267164  
1.27855  3.1555  0.164733  
0.465185  0.456533  5.84084  
1.75841  2.02636  0.0265844  
0.200046  1.21551  5.75829  
1.94118  0.133041  1.77875  
1.37369  2.03874  3.3619  
0.219551  3.79253  2.00243  
2.00221  0.638684  0.0260142  
0.238616  2.25199  4.98598  
1.22539  3.23728  0.176193  
1.5818  2.55453  0.165156  
1.08585  0.236521  5.11922  
1.18376  1.18197  4.65847  
0.0263549  4.02635  0.0265011  
0.252901  3.19161  3.69242  
1.32736  2.62985  2.41429  
2.00656  0.0258214  0.856629  
1.06829  3.1559  2.11328  
1.9531  1.11746  0.0290249  
1.69586  2.24517  0.165248  
0.26044  1.74397  5.42967  
0.239029  3.68406  2.3927  
1.51872  2.12246  2.49361  
0.469011  3.93278  0.174059  
1.78977  1.92427  0.0290249  
1.12824  2.8946  2.67828  
1.68933  0.354096  3.3496  
0.74531  1.75652  5.01413  
1.18439  2.57313  3.18593  
1.35371  1.12989  4.22868  
1.60522  2.17306  1.92389  
1.01281  1.91429  4.4377  
1.62449  0.17409  3.62888  
2.02582  0.0258202  0.0260314  
1.79224  0.181241  2.86257  
1.52285  2.68751  0.0290468  
1.44103  0.226561  4.27494  
0.732625  2.48623  4.27408  
0.842522  3.67821  0.026477  
0.76167  2.26702  4.55519  
1.84549  1.69043  0.026725  
1.2419  2.8936  2.09301  
0.980687  2.474  3.95517  
1.33815  0.556502  4.55132  
0.978649  3.46007  1.36128  
0.983512  2.65264  3.64022  
1.89764  1.43985  0.0266992  
0.748683  2.91097  3.59416  
0.71168  3.21501  3.01328  
1.83912  1.0152  2.09703  
1.14943  0.416787  4.97113  
1.75127  1.74859  1.74519  
1.35992  3.01138  0.0278727  
1.92815  1.29395  0.174541  
1.63422  2.4388  0.167812  
0.999055  2.24396  4.21817  
1.35986  2.25647  3.08748  
0.272733  3.00597  4.00382  
1.41463  1.6322  3.75383  
0.486854  1.22639  5.59497  
1.60602  1.96293  2.39248  
0.240837  3.54449  2.87384  
1.19418  2.36873  3.46178  
2.03832  0.0383189  0.0383189  
0.0249571  0.0249644  6.02436  
1.6751  2.47968  0.208695  
1.84021  0.185398  2.66712  
1.84183  0.208629  2.74726  
1.7964  1.94773  0.150727  
0.253997  3.49488  2.99952  
0.0297296  0.0297159  6.02955  
0.0305403  0.0305276  6.02994  
0.0448347  0.0448351  6.04424  
1.67284  2.33231  0.163075  1.67284  2.33231  0.163075  
1.26022  3.23911  0.179667  1.32562  3.30451  0.245069  
0.281475  2.07995  5.16092  0.281475  2.07995  5.16092  
1.79392  0.184289  2.90315  1.79392  0.184289  2.90315  
0.239584  3.68347  2.3934  0.239584  3.68347  2.3934  
0.26427  3.0853  3.86929  0.26427  3.0853  3.86929  
1.40592  0.225013  4.44688  1.40592  0.225013  4.44688  
2.03724  0.0372434  0.0372434  2.03724  0.0372434  0.0372434  
0.0249638  0.0249627  6.02436  0.0249638  0.0249627  6.02436  
0.0354123  4.03541  0.0354123  0.0354123  4.03541  0.0354123  
1.25043  3.21241  0.178096  1.25043  3.21241  0.178096  
0.244741  3.63131  2.67089  0.244741  3.63131  2.67089  
0.280186  2.3269  4.91924  0.280186  2.3269  4.91924  
1.74366  2.12587  0.158014  1.74366  2.12587  0.158014  
1.65506  0.205241  3.52046  1.65506  0.205241  3.52046  
0.272393  3.00637  4.00203  0.272393  3.00637  4.00203  
1.13725  0.24373  5.07345  1.13725  0.24373  5.07345  
2.03724  0.0372435  0.0372435  2.03724  0.0372435  0.0372435  
0.0249637  0.0249627  6.02436  0.0249637  0.0249627  6.02436  
0.0354123  4.03541  0.0354123  0.0354123  4.03541  0.0354123  
1.08758  0.236579  5.1308  1.08758  0.236579  5.1308  
1.24093  3.26812  0.179973  1.24093  3.26812  0.179973  
0.272769  2.50852  4.71907  0.272769  2.50852  4.71907  
1.68476  2.30699  0.163877  1.68476  2.30699  0.163877  
1.44102  0.226548  4.27493  1.44102  0.226548  4.27493  
0.250517  3.42126  3.17999  0.250517  3.42126  3.17999  
1.82205  0.185688  2.82201  1.82205  0.185688  2.82201  
2.03724  0.0372434  0.0372434  2.03724  0.0372434  0.0372434  
0.0249638  0.0249637  6.02436  0.0263286  0.0263286  6.02573  
0.0354124  4.03541  0.0354124  0.0354124  4.03541  0.0354124  
1.82259  0.181539  2.72289  1.82259  0.181539  2.72289  
1.49614  0.222521  4.19593  1.58804  0.314423  4.28783  
0.258033  3.2702  3.53139  0.258033  3.2702  3.53139  
1.63607  2.44213  0.167906  1.63607  2.44213  0.167906  
1.09356  0.237178  5.1047  1.09356  0.237178  5.1047  
1.14148  3.37558  0.185335  1.14148  3.37558  0.185335  
0.281628  2.34063  4.91557  0.281628  2.34063  4.91557  
2.03724  0.0372434  0.0372434  2.03724  0.0372434  0.0372434  
0.0249619  0.0249638  6.02436  0.0249619  0.0249638  6.02436  
0.0354124  4.03541  0.0354124  0.0354124  4.03541  0.0354124  
1.35283  0.229606  4.54271  1.35283  0.229606  4.54271  
1.74786  0.196624  3.22644  1.74786  0.196624  3.22644  
0.257454  3.27409  3.52361  0.367071  3.25796  3.53832  
1.79362  1.95329  0.150011  1.79362  1.95329  0.150011  
1.44286  2.86161  0.174212  1.44286  2.86161  0.174212  
1.00171  3.54429  0.185678  1.00171  3.54429  0.185678  
0.273163  2.26032  5.00199  0.273163  2.26032  5.00199  
2.03724  0.0372434  0.0372434  2.03724  0.0372434  0.0372434  
0.0249637  0.0249606  6.02436  0.0249637  0.0249606  6.02436  
0.0354124  4.03541  0.0354124  0.0354124  4.03541  0.0354124  
1.82435  1.82437  0.153571  1.83744  1.83746  0.166659  
1.52026  2.76762  0.174308  1.52026  2.76762  0.174308  
1.14087  0.242011  5.05227  1.14087  0.242011  5.05227  
0.252972  3.49136  2.99976  0.252972  3.49136  2.99976  
1.13687  3.36135  0.182496  1.13687  3.36135  0.182496  
0.279743  2.5781  4.62307  0.279743  2.5781  4.62307  
1.67815  0.206394  3.51822  1.67815  0.206394  3.51822  
2.03724  0.0372434  0.0372434  2.03724  0.0372434  0.0372434  
0.0249637  0.0249619  6.02436  0.0249637  0.0249619  6.02436  
0.0354123  4.03541  0.0354123  0.0354123  4.03541  0.0354123  
1.72619  0.19445  3.23836  1.72619  0.19445  3.23836  
1.31905  0.234768  4.68747  1.41504  0.330757  4.78346  
0.257488  3.27392  3.52393  0.257488  3.27392  3.52393  
1.8267  1.82655  0.154411  1.8267  1.82655  0.154411  
1.48616  2.77253  0.1719  1.48616  2.77253  0.1719  
1.0021  3.54392  0.185366  1.0021  3.54392  0.185366  
0.273357  2.25624  5.006  0.273357  2.25624  5.006  
2.03724  0.0372434  0.0372434  2.03724  0.0372434  0.0372434  
0.0249617  0.0249638  6.02436  0.0249617  0.0249638  6.02436  
0.0354124  4.03541  0.0354124  0.0354124  4.03541  0.0354124  
1.23097  3.2418  0.178835  1.23097  3.2418  0.178835  
0.280712  2.58899  4.6418  0.280712  2.58899  4.6418  
0.251035  3.42644  3.1849  0.251035  3.42644  3.1849  
1.66399  2.36616  0.163322  1.66399  2.36616  0.163322  
1.81755  0.182086  2.71508  1.81755  0.182086  2.71508  
1.09701  0.238439  5.12567  1.09701  0.238439  5.12567  
1.49342  0.222451  4.18835  1.52717  0.256206  4.22211  
2.03724  0.0372434  0.0372434  2.03724  0.0372434  0.0372434  
0.0249637  0.0249611  6.02436  0.0249637  0.0249611  6.02436  
0.0354124  4.03541  0.0354124  0.0354124  4.03541  0.0354124  
1.68267  2.30403  0.163652  1.68267  2.30403  0.163652  
1.09552  0.238151  5.16395  1.09552  0.238151  5.16395  
0.272116  2.5068  4.7214  0.272116  2.5068  4.7214  
1.81119  0.186581  2.80536  1.81119  0.186581  2.80536  
1.24717  3.20401  0.177178  1.249  3.20584  0.179006  
0.261523  3.34674  3.34726  0.261523  3.34674  3.34726  
1.45292  0.228161  4.31193  1.45292  0.228161  4.31193  
2.03724  0.0372435  0.0372435  2.03724  0.0372435  0.0372435  
0.0249638  0.0249604  6.02436  0.0249638  0.0249604  6.02436  
0.0354126  4.03541  0.0354126  0.0354126  4.03541  0.0354126  
1.63409  2.43893  0.16775  1.63409  2.43893  0.16775  
1.20263  3.32344  0.182489  1.20263  3.32344  0.182489  
0.272732  2.50886  4.71868  0.272732  2.50886  4.71868  
1.48161  0.221458  4.18615  1.48161  0.221458  4.18615  
1.83071  0.177305  2.63537  1.83071  0.177305  2.63537  
0.250799  3.4223  3.1773  0.259613  3.43112  3.18611  
1.09375  0.23744  5.15779  1.09375  0.23744  5.15779  
2.03724  0.0372434  0.0372434  2.03724  0.0372434  0.0372434  
0.0249638  0.0249634  6.02436  0.0249638  0.0249634  6.02436  
0.0354123  4.03541  0.0354123  0.0354123  4.03541  0.0354123  
1.34373  0.521027  4.51711  
1.70785  2.20697  0.181822  
1.47385  2.51024  2.03919  
0.978649  3.46007  1.36128  
0.465185  0.456533  5.84084  
1.14057  0.676522  4.96915  
1.48368  2.77862  0.130835  
1.97524  0.137318  1.39751  
1.9531  1.11746  0.0290249  
0.891227  0.198599  5.44176  
1.08705  3.42567  0.176791  
1.87406  0.124373  2.32212  
0.491636  1.22757  5.58619  
1.2419  2.8936  2.09301  
1.84549  1.69043  0.026725  
1.63206  1.8362  2.39347  
1.22942  3.23124  0.171905  
0.757106  2.49083  4.24959  
0.239584  3.68347  2.3934  
0.948608  2.98864  3.0264  
0.999055  2.24396  4.21817  
0.959981  0.958538  5.1743  
1.00323  1.48897  4.82763  
0.74531  1.75652  5.01413  
0.74289  1.21748  5.37532  
1.25951  0.201345  4.75777  
1.68933  0.354096  3.3496  
2.02582  0.0258202  0.0260314  
0.219551  3.79253  2.00243  
1.06821  3.15583  2.11318  
1.51848  2.15781  2.5218  
0.748683  2.91097  3.59416  
0.22348  3.41064  3.18652  
1.92813  1.29425  0.133197  
1.37369  2.03874  3.3619  
1.94118  0.133041  1.77875  
0.736501  2.27546  4.542  
0.682124  0.0866848  5.69556  
0.620274  3.84984  0.0288536  
1.65134  1.40883  2.87351  
1.41705  1.64282  3.71364  
0.200046  1.21551  5.75829  
1.83912  1.0152  2.09703  
1.97964  0.880429  0.0260515  
0.468901  3.93251  0.174338  
0.842522  3.67821  0.026477  
0.0354124  3.94851  1.27931  
1.32718  2.62974  2.41335  
1.34235  2.44502  2.80536  
0.272393  3.00637  4.00203  
0.761751  2.736  3.99223  
1.12777  2.892  2.6362  
0.743578  3.76085  0.0267164  
0.0249637  0.0249606  6.02436  
1.67284  2.33231  0.163075  
1.21796  1.44356  4.38239  
1.52546  2.68626  0.176791  
0.0263549  4.02635  0.0265011  
1.23995  1.96765  3.93001  
1.39551  2.9527  0.181898  
0.647185  3.55786  2.15193  
1.75127  1.74859  1.74519  
1.75841  2.02636  0.0265844  
1.60522  2.17306  1.92389  
0.983512  2.65264  3.64022  
0.890466  3.28029  2.3934  
0.71168  3.21501  3.01328  
1.27745  3.15668  0.176791  
0.26044  1.74397  5.42967  
1.44102  0.226548  4.27493  
1.52651  1.30999  3.52138  
0.472139  3.4965  2.71672  
1.62449  0.17409  3.62888  
1.57963  2.56036  0.129672  
1.18376  1.18197  4.65847  
1.13543  3.35846  0.340649  
2.00656  0.0258214  0.856629  
1.08585  0.236521  5.11922  
1.89764  1.43985  0.0266992  
1.79293  0.18  2.85804  
0.95041  3.58147  0.174255  
1.4395  2.85483  0.470878  
1.78977  1.92427  0.0290249  
1.54223  0.165758  3.93638  
1.72791  1.34761  2.49511  
1.35193  3.03177  0.177178  
1.01281  1.91429  4.4377  
1.53259  1.74904  3.01286  
0.268538  2.0008  5.20573  
1.74844  0.195242  3.09314  
0.236335  3.19094  3.68648  
0.220773  2.49837  4.722  
1.35986  2.25647  3.08748  
0.250419  2.72513  4.4406  
0.980687  2.474  3.95517  
1.35371  1.12989  4.22868  
1.19418  2.36873  3.46178  
1.18185  2.62205  3.02431  
0.238616  2.25199  4.98598  
2.00221  0.638684  0.0260142  
1.32562  3.30451  0.245069  
0.280186  2.3269  4.91924  
0.0263286  0.0263286  6.02573  
1.58804  0.314423  4.28783  
0.367071  3.25796  3.53832  
1.83744  1.83746  0.166659  
1.41504  0.330757  4.78346  
1.52717  0.256206  4.22211  
1.249  3.20584  0.179006  
0.259613  3.43112  3.18611  
1.69663  0.198856  3.37002  1.69663  0.198856  3.37002  
1.31884  0.235293  4.68837  1.31884  0.235293  4.68837  
0.261729  3.35134  3.35378  0.261729  3.35134  3.35378  
1.97907  1.00166  0.128522  1.97907  1.00166  0.128522  
1.87396  1.58179  0.0304971  1.87396  1.58179  0.0304971  
1.37976  3.00628  0.175838  1.37976  3.00628  0.175838  
0.272813  2.26292  5.0004  0.272813  2.26292  5.0004  
2.03724  0.0372434  0.0375971  2.03724  0.0372434  0.0375971  
0.0249192  0.0245063  6.02436  0.0249192  0.0245063  6.02436  
0.0354123  4.03541  0.0362297  0.0366634  4.03666  0.0374808  
1.69663  0.198856  3.37002  1.69663  0.198856  3.37002  
1.31882  0.235272  4.68834  1.31882  0.235272  4.68834  
0.261729  3.35134  3.35378  0.261729  3.35134  3.35378  
1.97907  1.00166  0.128522  1.97907  1.00166  0.128522  
1.87396  1.58179  0.0304971  1.87396  1.58179  0.0304971  
1.37976  3.00628  0.175838  1.37976  3.00628  0.175838  
0.272813  2.26292  5.0004  0.272813  2.26292  5.0004  
2.03724  0.0372434  0.0375971  2.03724  0.0372434  0.0375971  
0.024617  0.0246225  6.02436  0.024617  0.0246225  6.02436  
0.0354123  4.03541  0.0365285  0.0703011  4.04158  0.0430984  
1.69663  0.198856  3.37002  1.69663  0.198856  3.37002  
1.31882  0.235272  4.68834  1.31882  0.235272  4.68834  
0.261729  3.35134  3.35378  0.261729  3.35134  3.35378  
1.97907  1.00166  0.128522  1.97907  1.00166  0.128522  
1.87396  1.58179  0.0304971  1.87396  1.58179  0.0304971  
1.37976  3.00628  0.175838  1.37976  3.00628  0.175838  
0.272813  2.26292  5.0004  0.272813  2.26292  5.0004  
2.03724  0.0372434  0.0375971  2.03724  0.0372434  0.0375971  
0.0248661  0.0248415  6.02436  0.0248661  0.0248415  6.02436  
0.0354123  4.03541  0.0365285  0.0547348  4.05473  0.0558509  
1.69663  0.198856  3.37002  1.69663  0.198856  3.37002  
1.31882  0.235272  4.68834  1.31882  0.235272  4.68834  
0.261729  3.35134  3.35378  0.261729  3.35134  3.35378  
1.97907  1.00166  0.128522  1.97907  1.00166  0.128522  
1.87396  1.58179  0.0304971  1.87396  1.58179  0.0304971  
1.37976  3.00628  0.175838  1.37976  3.00628  0.175838  
0.272813  2.26292  5.0004  0.272813  2.26292  5.0004  
2.03724  0.0372434  0.0375971  2.03724  0.0372434  0.0375971  
0.0248591  0.0248698  6.02436  0.0248591  0.0248698  6.02436  
0.0354123  4.03541  0.0365285  0.0354123  4.03541  0.0365285  
1.69663  0.198856  3.37002  1.69663  0.198856  3.37002  
1.31882  0.235268  4.68834  1.31882  0.235268  4.68834  
0.261729  3.35134  3.35378  0.261729  3.35134  3.35378  
1.97907  1.00166  0.128522  1.97907  1.00166  0.128522  
1.87396  1.58179  0.0304971  1.87396  1.58179  0.0304971  
1.37976  3.00628  0.175838  1.37976  3.00628  0.175838  
0.272813  2.26292  5.0004  0.272813  2.26292  5.0004  
2.03724  0.0372434  0.0375971  2.04467  0.0446676  0.0450213  
0.0248702  0.0248279  6.02436  0.0248702  0.0248279  6.02436  
0.0354123  4.03541  0.0362297  0.0354123  4.03541  0.0362297  
1.69663  0.198856  3.37002  1.69663  0.198856  3.37002  
1.31881  0.235264  4.68833  1.31881  0.235264  4.68833  
0.261729  3.35134  3.35378  0.261729  3.35134  3.35378  
1.97907  1.00166  0.128522  1.97907  1.00166  0.128522  
1.87396  1.58179  0.0304971  1.87396  1.58179  0.0304971  
1.37976  3.00628  0.175838  1.37976  3.00628  0.175838  
0.272813  2.26292  5.0004  0.272813  2.26292  5.0004  
2.03724  0.0372434  0.0375971  2.03724  0.0372434  0.0375971  
0.0248581  0.0248124  6.02436  0.0317656  0.0317199  6.03127  
0.0354123  4.03541  0.0365285  0.0354123  4.03541  0.0365285  
1.69663  0.198856  3.37002  1.69663  0.198856  3.37002  
1.31882  0.235268  4.68834  1.31882  0.235268  4.68834  
0.261729  3.35134  3.35378  0.261729  3.35134  3.35378  
1.97907  1.00166  0.128522  1.97907  1.00166  0.128522  
1.87396  1.58179  0.0304971  1.87396  1.58179  0.0304971  
1.37976  3.00628  0.175838  1.38039  3.00691  0.176471  
0.272813  2.26292  5.0004  0.272813  2.26292  5.0004  
2.03724  0.0372434  0.0375971  2.03724  0.0372434  0.0375971  
0.0249108  0.0245765  6.02436  0.0249108  0.0245765  6.02436  
0.0354123  4.03541  0.0362297  0.0354123  4.03541  0.0362297  
1.69663  0.198856  3.37002  1.69663  0.198856  3.37002  
1.31882  0.235269  4.68834  1.31882  0.235269  4.68834  
0.261729  3.35134  3.35378  0.261729  3.35134  3.35378  
1.97907  1.00166  0.128522  1.97907  1.00166  0.128522  
1.87396  1.58179  0.0304971  1.87396  1.58179  0.0304971  
1.37976  3.00628  0.175838  1.37976  3.00628  0.175838  
0.272813  2.26292  5.0004  0.272813  2.26292  5.0004  
2.03724  0.0372434  0.0379602  2.03724  0.0372434  0.0379602  
0.0248494  0.0248752  6.02436  0.0248494  0.0248752  6.02436  
0.0354123  4.03541  0.0362297  0.0354123  4.03541  0.0362297  
1.69663  0.198856  3.37002  1.71665  0.200821  3.27824  
1.31882  0.235269  4.68834  1.31882  0.235269  4.68834  
0.261729  3.35134  3.35378  0.261729  3.35134  3.35378  
1.97907  1.00166  0.128522  1.97907  1.00166  0.128522  
1.87396  1.58179  0.0304971  1.87396  1.58179  0.0304971  
1.37976  3.00628  0.175838  1.37976  3.00628  0.175838  
0.272813  2.26292  5.0004  0.272813  2.26292  5.0004  
2.03724  0.0372434  0.0379602  2.03724  0.0372434  0.0379602  
0.0248598  0.0248336  6.02436  0.0248598  0.0248336  6.02436  
0.0354123  4.03541  0.0362297  0.0354123  4.03541  0.0362297  
1.69663  0.198856  3.37002  1.69663  0.198856  3.37002  
1.31882  0.235269  4.68834  1.31882  0.235269  4.68834  
0.261729  3.35134  3.35378  0.261729  3.35134  3.35378  
1.97907  1.00166  0.128522  1.99411  1.0167  0.143561  
1.87396  1.58179  0.0304971  1.87396  1.58179  0.0304971  
1.37976  3.00628  0.175838  1.37976  3.00628  0.175838  
0.272813  2.26292  5.0004  0.272813  2.26292  5.0004  
2.03724  0.0372434  0.0379602  2.03724  0.0372434  0.0379602  
0.0248494  0.0248752  6.02436  0.0248494  0.0248752  6.02436  
0.0354123  4.03541  0.0362297  0.0354123  4.03541  0.0362297  
1.39922  2.94556  0.171998  
1.74844  0.195242  3.09314  
0.491636  1.22757  5.58619  
0.978846  3.45957  1.35527  
1.94118  0.133041  1.77875  
1.4395  2.85483  0.470878  
1.08585  0.236521  5.11922  
0.748683  2.91097  3.59416  
1.54223  0.165758  3.93638  
0.268538  2.0008  5.20573  
1.2419  2.8936  2.09301  
0.472832  3.49668  2.71508  
1.23995  1.96765  3.93001  
0.620274  3.84984  0.0288536  
2.00656  0.0258214  0.856629  
0.219551  3.79253  2.00243  
1.84549  1.69043  0.026725  
1.80039  0.184033  2.85247  
1.51848  2.15781  2.5218  
1.32718  2.62974  2.41335  
0.74531  1.75652  5.01413  
1.63206  1.8362  2.39347  
1.92758  1.29708  0.0304971  
0.757106  2.49083  4.24959  
1.08705  3.42567  0.176791  
0.890466  3.28029  2.3934  
1.19418  2.36873  3.46178  
1.7498  1.74982  1.75382  
1.00323  1.48897  4.82763  
1.06821  3.15583  2.11318  
1.69394  2.25126  0.0304974  
1.48279  2.77948  0.17015  
1.35371  1.12989  4.22868  
0.959981  0.958538  5.1743  
0.22348  3.41064  3.18652  
0.967315  2.9629  3.06744  
0.71168  3.21501  3.01328  
1.78977  1.92427  0.0290249  
1.22776  3.23331  0.178264  
1.01281  1.91429  4.4377  
1.47385  2.51024  2.03919  
2.02582  0.0258202  0.0260314  
1.68933  0.354096  3.3496  
0.74289  1.21748  5.37532  
0.220773  2.49837  4.722  
1.12777  2.892  2.6362  
0.0354124  3.94851  1.27931  
0.682124  0.0866848  5.69556  
1.13543  3.35846  0.340649  
0.26044  1.74397  5.42967  
1.72791  1.34761  2.49511  
0.238616  2.25199  4.98598  
0.239575  3.68346  2.39339  
0.200046  1.21551  5.75829  
1.45178  0.17099  4.26917  
1.97524  0.137318  1.39751  
1.65134  1.40883  2.87351  
1.52651  1.30999  3.52138  
1.87406  0.124373  2.32212  
0.983512  2.65264  3.64022  
1.39194  1.61904  3.75296  
0.999055  2.24396  4.21817  
1.21796  1.44356  4.38239  
0.647185  3.55786  2.15193  
0.761751  2.736  3.99223  
1.32659  0.646691  4.54808  
0.465185  0.456533  5.84084  
1.17815  1.17816  4.65321  
0.743578  3.76085  0.0267164  
0.252463  3.19543  3.68489  
1.75841  2.02636  0.0265844  
1.35671  3.02311  0.172164  
1.89149  1.49571  0.0304971  
0.468901  3.93251  0.174338  
1.9531  1.11746  0.0290249  
2.00221  0.638684  0.0260142  
0.980687  2.474  3.95517  
1.58264  2.55306  0.0476283  
1.62449  0.17409  3.62888  
0.269025  2.72592  4.44332  
1.27745  3.15668  0.176791  
0.842522  3.67821  0.026477  
1.65196  2.37218  0.030498  
1.35986  2.25647  3.08748  
0.736501  2.27546  4.542  
1.53259  1.74904  3.01286  
0.272573  3.0063  4.00202  
0.891227  0.198599  5.44176  
0.0263549  4.02635  0.0265011  
1.60522  2.17306  1.92389  
0.0249262  0.0249477  6.02436  
1.83912  1.0152  2.09703  
1.25951  0.201345  4.75777  
1.34235  2.44502  2.80536  
1.37369  2.03874  3.3619  
1.18185  2.62205  3.02431  
0.952465  3.57931  0.150307  
1.14057  0.676522  4.96915  
1.97964  0.880429  0.0260515  
1.5259  2.6875  0.0307663  
0.0366634  4.03666  0.0374808  
0.0703011  4.04158  0.0430984  
0.0547348  4.05473  0.0558509  
1.97907  1.00166  0.128522  
2.04467  0.0446676  0.0450213  
0.0317656  0.0317199  6.03127  
1.38039  3.00691  0.176471  
0.261729  3.35134  3.35378  
1.71665  0.200821  3.27824  
1.99411  1.0167  0.143561  
1.69655  0.200377  3.37021  1.69655  0.200377  3.37021  
1.319  0.23621  4.68655  1.319  0.23621  4.68655  
0.262012  3.35159  3.35306  0.262012  3.35159  3.35306  
1.97902  1.0017  0.128697  1.97902  1.0017  0.128697  
1.874  1.58161  0.0304963  1.874  1.58161  0.0304963  
1.37977  3.00625  0.176376  1.37977  3.00625  0.176376  
0.273025  2.26259  4.99972  0.273025  2.26259  4.99972  
2.03724  0.0372418  0.0386916  2.03724  0.0372418  0.0386916  
0.0249306  0.0247405  6.02436  0.0249212  0.024793  6.02436  
0.0354123  4.03541  0.0368751  0.0354123  4.03541  0.0368751  
1.69655  0.200377  3.37021  1.69655  0.200377  3.37021  
1.319  0.23621  4.68655  1.319  0.23621  4.68655  
0.262012  3.35159  3.35306  0.262012  3.35159  3.35306  
1.97902  1.0017  0.128697  1.97902  1.0017  0.128697  
1.874  1.58161  0.0304963  1.874  1.58161  0.0304963  
1.37977  3.00625  0.176376  1.37977  3.00625  0.176376  
0.273025  2.26259  4.99972  0.273305  2.26287  5  
2.03724  0.0372418  0.0386916  2.03724  0.0372418  0.0386916  
0.0249226  0.0247857  6.02436  0.0249212  0.024793  6.02436  
0.0354123  4.03541  0.0368751  0.0354123  4.03541  0.0368751  
1.69655  0.200377  3.37021  1.70947  0.199078  3.31167  
1.319  0.23621  4.68655  1.319  0.23621  4.68655  
0.262012  3.35159  3.35306  0.262012  3.35159  3.35306  
1.97902  1.0017  0.128697  1.97902  1.0017  0.128697  
1.874  1.58161  0.0304963  1.874  1.58161  0.0304963  
1.37977  3.00625  0.176376  1.37977  3.00625  0.176376  
0.273025  2.26259  4.99972  0.273025  2.26259  4.99972  
2.03724  0.0372418  0.0386916  2.03724  0.0372418  0.0386916  
0.0249253  0.0247709  6.02436  0.0249226  0.0247857  6.02436  
0.0354123  4.03541  0.0368751  0.0354123  4.03541  0.0368751  
1.69655  0.200377  3.37021  1.69655  0.200377  3.37021  
1.319  0.23621  4.68655  1.319  0.23621  4.68655  
0.262012  3.35159  3.35306  0.262012  3.35159  3.35306  
1.97902  1.0017  0.128697  1.97902  1.0017  0.128697  
1.874  1.58161  0.0304963  1.874  1.58161  0.0304963  
1.37977  3.00625  0.176376  1.40481  3.03129  0.201416  
0.273025  2.26259  4.99972  0.273025  2.26259  4.99972  
2.03724  0.0372418  0.0386916  2.03724  0.0372418  0.0386916  
0.024933  0.024726  6.02436  0.0249253  0.0247709  6.02436  
0.0354123  4.03541  0.0368751  0.0354123  4.03541  0.0368751  
1.69655  0.200377  3.37021  1.69655  0.200377  3.37021  
1.319  0.23621  4.68655  1.319  0.23621  4.68655  
0.262012  3.35159  3.35306  0.262012  3.35159  3.35306  
1.97902  1.0017  0.128697  1.97902  1.0017  0.128697  
1.874  1.58161  0.0304963  1.874  1.58161  0.0304963  
1.37977  3.00625  0.176376  1.37977  3.00625  0.176376  
0.273025  2.26259  4.99972  0.273025  2.26259  4.99972  
2.03724  0.0372418  0.0386916  2.03724  0.0372418  0.0386916  
0.0249262  0.024766  6.02436  0.024933  0.024726  6.02436  
0.0354123  4.03541  0.0368751  0.0354123  4.03541  0.0368751  
1.69655  0.200377  3.37021  1.69655  0.200377  3.37021  
1.319  0.23621  4.68655  1.319  0.23621  4.68655  
0.262012  3.35159  3.35306  0.27249  3.36207  3.36354  
1.97902  1.0017  0.128697  1.97902  1.0017  0.128697  
1.874  1.58161  0.0304963  1.874  1.58161  0.0304963  
1.37977  3.00625  0.176376  1.37977  3.00625  0.176376  
0.273025  2.26259  4.99972  0.273025  2.26259  4.99972  
2.03724  0.0372418  0.0386916  2.03724  0.0372418  0.0386916  
0.0249285  0.024753  6.02436  0.0249285  0.024753  6.02436  
0.0354123  4.03541  0.0368751  0.0354123  4.03541  0.0368751  
1.69655  0.200377  3.37021  1.69655  0.200377  3.37021  
1.319  0.23621  4.68655  1.319  0.23621  4.68655  
0.262012  3.35159  3.35306  0.262012  3.35159  3.35306  
1.97902  1.0017  0.128697  1.97902  1.0017  0.128697  
1.874  1.58161  0.0304963  1.90201  1.60961  0.0585013  
1.37977  3.00625  0.176376  1.37977  3.00625  0.176376  
0.273025  2.26259  4.99972  0.273025  2.26259  4.99972  
2.03724  0.0372418  0.0386916  2.03724  0.0372418  0.0386916  
0.0249292  0.0247489  6.02436  0.0249292  0.0247489  6.02436  
0.0354123  4.03541  0.0368751  0.0354123  4.03541  0.0368751  
1.69655  0.200377  3.37021  1.69655  0.200377  3.37021  
1.319  0.23621  4.68655  1.319  0.23621  4.68655  
0.262012  3.35159  3.35306  0.262012  3.35159  3.35306  
1.97902  1.0017  0.128697  1.9819  1.00457  0.131575  
1.874  1.58161  0.0304963  1.874  1.58161  0.0304963  
1.37977  3.00625  0.176376  1.37977  3.00625  0.176376  
0.273025  2.26259  4.99972  0.273025  2.26259  4.99972  
2.03724  0.0372418  0.0386916  2.03724  0.0372418  0.0386916  
0.0249186  0.0248061  6.02436  0.0249186  0.0248061  6.02436  
0.0354123  4.03541  0.0368751  0.0354123  4.03541  0.0368751  
1.69655  0.200377  3.37021  1.69655  0.200377  3.37021  
1.319  0.23621  4.68655  1.319  0.23621  4.68655  
0.262012  3.35159  3.35306  0.262012  3.35159  3.35306  
1.97902  1.0017  0.128697  1.9905  1.01317  0.140176  
1.874  1.58161  0.0304963  1.874  1.58161  0.0304963  
1.37977  3.00625  0.176376  1.37977  3.00625  0.176376  
0.273025  2.26259  4.99972  0.273025  2.26259  4.99972  
2.03724  0.0372418  0.0386916  2.03724  0.0372418  0.0386916  
0.0249445  0.0246438  6.02436  0.0249445  0.0246438  6.02436  
0.0354123  4.03541  0.0368751  0.0354123  4.03541  0.0368751  
1.69655  0.200377  3.37021  1.69655  0.200377  3.37021  
1.319  0.23621  4.68655  1.319  0.23621  4.68655  
0.262012  3.35159  3.35306  0.262012  3.35159  3.35306  
1.97902  1.0017  0.128697  1.97902  1.0017  0.128697  
1.874  1.58161  0.0304963  1.874  1.58161  0.0304963  
1.37977  3.00625  0.176376  1.37977  3.00625  0.176376  
0.273025  2.26259  4.99972  0.273025  2.26259  4.99972  
2.03724  0.0372418  0.0386916  2.03724  0.0372418  0.0386916  
0.0249432  0.0246543  6.02436  0.0249432  0.0246543  6.02436  
0.0354123  4.03541  0.0368751  0.0354123  4.03541  0.0368751  
0.26044  1.74397  5.42967  
1.35671  3.02311  0.172164  
1.01281  1.91429  4.4377  
1.27745  3.15668  0.176791  
1.9531  1.11746  0.0290249  
0.736501  2.27546  4.542  
1.39194  1.61904  3.75296  
1.69394  2.25126  0.0304974  
0.239575  3.68346  2.39339  
1.83912  1.0152  2.09703  
0.983512  2.65264  3.64022  
0.200046  1.21551  5.75829  
1.12777  2.892  2.6362  
0.757106  2.49083  4.24959  
1.17815  1.17816  4.65321  
0.952465  3.57931  0.150307  
1.45053  0.175979  4.27189  
1.5259  2.6875  0.0307663  
0.472832  3.49668  2.71508  
1.89267  1.4905  0.0306266  
1.80039  0.184033  2.85247  
1.39922  2.94556  0.171998  
1.51848  2.15781  2.5218  
0.890466  3.28029  2.3934  
0.252463  3.19543  3.68489  
1.60522  2.17306  1.92389  
1.47385  2.51024  2.03919  
1.48279  2.77948  0.17015  
0.220773  2.49837  4.722  
1.08705  3.42567  0.176791  
0.465185  0.456533  5.84084  
1.78977  1.92427  0.0290249  
0.842522  3.67821  0.026477  
1.4395  2.85483  0.470878  
1.68933  0.354096  3.3496  
1.97524  0.137318  1.39751  
0.74531  1.75652  5.01413  
0.22348  3.41064  3.18652  
0.999055  2.24396  4.21817  
1.58264  2.55306  0.0476283  
1.35986  2.25647  3.08748  
0.967315  2.9629  3.06744  
2.00221  0.638684  0.0260142  
1.53259  1.74904  3.01286  
1.19418  2.36873  3.46178  
0.468901  3.93251  0.174338  
0.980687  2.474  3.95517  
1.63206  1.8362  2.39347  
1.25951  0.201345  4.75777  
0.268538  2.0008  5.20573  
1.21796  1.44356  4.38239  
0.71168  3.21501  3.01328  
1.7498  1.74982  1.75382  
0.891227  0.198599  5.44176  
1.92217  1.32999  0.122421  
0.491636  1.22757  5.58619  
1.52651  1.30999  3.52138  
1.97964  0.880429  0.0260515  
1.94118  0.133041  1.77875  
2.02582  0.0258202  0.0260314  
0.959981  0.958538  5.1743  
0.682124  0.0866848  5.69556  
1.23995  1.96765  3.93001  
0.272573  3.0063  4.00202  
1.84549  1.69043  0.026725  
1.65001  2.37757  0.0304963  
1.2419  2.8936  2.09301  
0.74289  1.21748  5.37532  
1.34235  2.44502  2.80536  
1.18185  2.62205  3.02431  
1.32659  0.646691  4.54808  
1.22776  3.23331  0.178264  
1.62449  0.17409  3.62888  
0.743578  3.76085  0.0267164  
1.00323  1.48897  4.82763  
2.00656  0.0258214  0.856629  
0.269025  2.72592  4.44332  
0.978846  3.45957  1.35527  
0.0249445  0.0246438  6.02436  
0.219551  3.79253  2.00243  
1.08585  0.236521  5.11922  
0.0263549  4.02635  0.0265011  
1.06821  3.15583  2.11318  
1.32718  2.62974  2.41335  
1.37369  2.03874  3.3619  
0.761751  2.736  3.99223  
1.74844  0.195242  3.09314  
1.13543  3.35846  0.340649  
0.748683  2.91097  3.59416  
0.647185  3.55786  2.15193  
1.35371  1.12989  4.22868  
1.75841  2.02636  0.0265844  
0.238616  2.25199  4.98598  
1.54223  0.165758  3.93638  
0.0354124  3.94851  1.27931  
1.14057  0.676522  4.96915  
0.620274  3.84984  0.0288536  
1.87406  0.124373  2.32212  
1.65134  1.40883  2.87351  
1.72791  1.34761  2.49511  
0.273305  2.26287  5  
1.70947  0.199078  3.31167  
1.40481  3.03129  0.201416  
0.0354123  4.03541  0.0368751  
0.0249306  0.0247405  6.02436  
0.27249  3.36207  3.36354  
1.90201  1.60961  0.0585013  
1.9819  1.00457  0.131575  
1.9905  1.01317  0.140176  
1.319  0.23621  4.68655  
1.72878  0.194794  3.2216  1.72878  0.194794  3.2216  
1.319  0.236211  4.68653  1.319  0.236211  4.68653  
0.25852  3.26672  3.53836  0.25852  3.26672  3.53836  
1.02269  3.51855  0.184622  1.02269  3.51855  0.184622  
1.87402  1.58154  0.0304961  1.87402  1.58154  0.0304961  
1.51006  2.74815  0.174356  1.51006  2.74815  0.174356  
0.273051  2.26256  4.99971  0.273051  2.26256  4.99971  
2.03724  0.0372418  0.0387047  2.03724  0.0372418  0.0387047  
0.0249612  0.0249596  6.02436  0.0249612  0.0249596  6.02436  
0.0354123  4.03541  0.0368694  0.0354123  4.03541  0.0368694  
1.72878  0.194794  3.2216  1.72878  0.194794  3.2216  
1.319  0.236211  4.68653  1.35276  0.241117  4.60114  
0.25852  3.26672  3.53836  0.25852  3.26672  3.53836  
1.02269  3.51855  0.184622  1.02269  3.51855  0.184622  
1.87402  1.58154  0.0304961  1.87402  1.58154  0.0304961  
1.51006  2.74815  0.174356  1.51006  2.74815  0.174356  
0.273051  2.26256  4.99971  0.273051  2.26256  4.99971  
2.03724  0.0372418  0.0387047  2.03724  0.0372418  0.0387047  
0.0249612  0.0249596  6.02436  0.0249612  0.0249596  6.02436  
0.0354123  4.03541  0.0368694  0.0354123  4.03541  0.0368694  
1.72878  0.194794  3.2216  1.72878  0.194794  3.2216  
1.319  0.236211  4.68653  1.319  0.236211  4.68653  
0.25852  3.26672  3.53836  0.260067  3.26826  3.5399  
1.02269  3.51855  0.184622  1.02269  3.51855  0.184622  
1.87402  1.58154  0.0304961  1.87402  1.58154  0.0304961  
1.51006  2.74815  0.174356  1.51006  2.74815  0.174356  
0.273051  2.26256  4.99971  0.273051  2.26256  4.99971  
2.03724  0.0372418  0.0387047  2.03724  0.0372418  0.0387047  
0.0249613  0.0249595  6.02436  0.0249613  0.0249595  6.02436  
0.0354123  4.03541  0.0368694  0.0354123  4.03541  0.0368694  
1.72878  0.194794  3.2216  1.72878  0.194794  3.2216  
1.319  0.236211  4.68653  1.319  0.236211  4.68653  
0.25852  3.26672  3.53836  0.25852  3.26672  3.53836  
1.02269  3.51855  0.184622  1.02269  3.51855  0.184622  
1.87402  1.58154  0.0304961  1.87402  1.58154  0.0304961  
1.51006  2.74815  0.174356  1.51006  2.74815  0.174356  
0.273051  2.26256  4.99971  0.273062  2.26258  4.99972  
2.03724  0.0372418  0.0387047  2.03724  0.0372418  0.0387047  
0.0249612  0.0249596  6.02436  0.0249612  0.0249596  6.02436  
0.0354123  4.03541  0.0368694  0.0354123  4.03541  0.0368694  
1.72878  0.194794  3.2216  1.72878  0.194794  3.2216  
1.319  0.236211  4.68653  1.319  0.236211  4.68653  
0.25852  3.26672  3.53836  0.25852  3.26672  3.53836  
1.02269  3.51855  0.184622  1.02269  3.51855  0.184622  
1.87402  1.58154  0.0304961  1.87402  1.58154  0.0304961  
1.51006  2.74815  0.174356  1.51006  2.74815  0.174356  
0.273051  2.26256  4.99971  0.273051  2.26256  4.99971  
2.03724  0.0372418  0.0387047  2.03724  0.0372418  0.0387047  
0.0249613  0.0249595  6.02436  0.0249612  0.0249596  6.02436  
0.0354123  4.03541  0.0368694  0.0354123  4.03541  0.0368694  
1.72878  0.194794  3.2216  1.72878  0.194794  3.2216  
1.319  0.236211  4.68653  1.319  0.236211  4.68653  
0.25852  3.26672  3.53836  0.25852  3.26672  3.53836  
1.02269  3.51855  0.184622  1.02269  3.51855  0.184622  
1.87402  1.58154  0.0304961  1.87402  1.58154  0.0304961  
1.51006  2.74815  0.174356  1.51006  2.74815  0.174356  
0.273051  2.26256  4.99971  0.273051  2.26256  4.99971  
2.03724  0.0372418  0.0387047  2.03724  0.0372418  0.0387047  
0.0249612  0.0249596  6.02436  0.0249612  0.0249596  6.02436  
0.0354123  4.03541  0.0368694  0.0386651  4.03866  0.0401223  
1.72878  0.194794  3.2216  1.72878  0.194794  3.2216  
1.319  0.236211  4.68653  1.319  0.236211  4.68653  
0.25852  3.26672  3.53836  0.25852  3.26672  3.53836  
1.02269  3.51855  0.184622  1.02269  3.51855  0.184622  
1.87402  1.58154  0.0304961  1.87402  1.58154  0.0304961  
1.51006  2.74815  0.174356  1.51006  2.74815  0.174356  
0.273051  2.26256  4.99971  0.273051  2.26256  4.99971  
2.03724  0.0372418  0.0387047  2.03724  0.0372418  0.0387047  
0.0249612  0.0249596  6.02436  0.0249612  0.0249596  6.02436  
0.0354123  4.03541  0.0368694  0.0354123  4.03541  0.0368694  
1.72878  0.194794  3.2216  1.72878  0.194794  3.2216  
1.319  0.236211  4.68653  1.319  0.236211  4.68653  
0.25852  3.26672  3.53836  0.257421  3.25021  3.57295  
1.02269  3.51855  0.184622  1.02269  3.51855  0.184622  
1.87402  1.58154  0.0304961  1.87402  1.58154  0.0304961  
1.51006  2.74815  0.174356  1.51006  2.74815  0.174356  
0.273051  2.26256  4.99971  0.273051  2.26256  4.99971  
2.03724  0.0372418  0.0387047  2.03724  0.0372418  0.0387047  
0.0249612  0.0249596  6.02436  0.0249612  0.0249596  6.02436  
0.0354123  4.03541  0.0368694  0.0354123  4.03541  0.0368694  
1.72878  0.194794  3.2216  1.72878  0.194794  3.2216  
1.319  0.236211  4.68653  1.319  0.236211  4.68653  
0.25852  3.26672  3.53836  0.25852  3.26672  3.53836  
1.02269  3.51855  0.184622  1.02269  3.51855  0.184622  
1.87402  1.58154  0.0304961  1.87402  1.58154  0.0304961  
1.51006  2.74815  0.174356  1.51006  2.74815  0.174356  
0.273051  2.26256  4.99971  0.273051  2.26256  4.99971  
2.03724  0.0372418  0.0387047  2.03724  0.0372418  0.0387047  
0.0249612  0.0249596  6.02436  0.0249613  0.0249595  6.02436  
0.0354123  4.03541  0.0368694  0.0354123  4.03541  0.0368694  
1.72878  0.194794  3.2216  1.73393  0.199942  3.22675  
1.319  0.236211  4.68653  1.319  0.236211  4.68653  
0.25852  3.26672  3.53836  0.25852  3.26672  3.53836  
1.02269  3.51855  0.184622  1.02269  3.51855  0.184622  
1.87402  1.58154  0.0304961  1.87402  1.58154  0.0304961  
1.51006  2.74815  0.174356  1.51006  2.74815  0.174356  
0.273051  2.26256  4.99971  0.273051  2.26256  4.99971  
2.03724  0.0372418  0.0387047  2.03724  0.0372418  0.0387047  
0.0249612  0.0249596  6.02436  0.0249612  0.0249596  6.02436  
0.0354123  4.03541  0.0368694  0.0354123  4.03541  0.0368694  
0.647185  3.55786  2.15193  
0.978846  3.45957  1.35527  
1.08585  0.236521  5.11922  
1.23995  1.96765  3.93001  
0.891227  0.198599  5.44176  
0.761751  2.736  3.99223  
1.51848  2.15781  2.5218  
2.00221  0.638684  0.0260142  
0.842522  3.67821  0.026477  
1.47385  2.51024  2.03919  
0.71168  3.21501  3.01328  
0.952465  3.57931  0.150307  
1.78977  1.92427  0.0290249  
0.269025  2.72592  4.44332  
1.94787  1.16837  0.0304961  
0.620274  3.84984  0.0288536  
1.65001  2.37757  0.0304963  
1.54223  0.165758  3.93638  
1.2419  2.8936  2.09301  
0.220773  2.49837  4.722  
1.21796  1.44356  4.38239  
0.239575  3.68346  2.39339  
1.92079  1.33709  0.0304961  
0.200046  1.21551  5.75829  
1.32718  2.62974  2.41335  
2.02582  0.0258202  0.0260314  
0.980687  2.474  3.95517  
0.757106  2.49083  4.24959  
1.65134  1.40883  2.87351  
1.7498  1.74982  1.75382  
1.35986  2.25647  3.08748  
1.68933  0.354096  3.3496  
1.00323  1.48897  4.82763  
1.74844  0.195242  3.09314  
0.74289  1.21748  5.37532  
0.253929  3.19782  3.67946  
1.35371  1.12989  4.22868  
1.13543  3.35846  0.340649  
1.53259  1.74904  3.01286  
0.999055  2.24396  4.21817  
0.967315  2.9629  3.06744  
1.87406  0.124373  2.32212  
0.890466  3.28029  2.3934  
1.14057  0.676522  4.96915  
1.97524  0.137318  1.39751  
0.959981  0.958538  5.1743  
1.34235  2.44502  2.80536  
0.491636  1.22757  5.58619  
1.60522  2.17306  1.92389  
0.272573  3.0063  4.00202  
1.4395  2.85483  0.470878  
0.0263549  4.02635  0.0265011  
1.97964  0.880429  0.0260515  
1.25951  0.201345  4.75777  
0.983512  2.65264  3.64022  
0.219551  3.79253  2.00243  
1.39194  1.61904  3.75296  
0.46558  0.464654  5.83915  
1.06821  3.15583  2.11318  
1.08705  3.42567  0.176791  
0.743578  3.76085  0.0267164  
1.19418  2.36873  3.46178  
2.00656  0.0258214  0.856629  
1.69394  2.25126  0.0304974  
1.45053  0.175979  4.27189  
1.89006  1.50295  0.0304961  
0.26044  1.74397  5.42967  
1.22776  3.23331  0.178264  
1.01281  1.91429  4.4377  
0.0248972  0.0249012  6.02436  
1.62449  0.17409  3.62888  
0.0354124  3.94851  1.27931  
1.80039  0.184033  2.85247  
1.94118  0.133041  1.77875  
0.74531  1.75652  5.01413  
1.35671  3.02311  0.172164  
0.472832  3.49668  2.71508  
1.75841  2.02636  0.0265844  
1.63206  1.8362  2.39347  
1.27745  3.15668  0.176791  
1.12777  2.892  2.6362  
1.32659  0.646691  4.54808  
0.22348  3.41064  3.18652  
0.268538  2.0008  5.20573  
1.72791  1.34761  2.49511  
1.39922  2.94556  0.171998  
1.18185  2.62205  3.02431  
0.736501  2.27546  4.542  
0.682124  0.0866848  5.69556  
1.58264  2.55306  0.0476283  
1.37369  2.03874  3.3619  
0.748683  2.91097  3.59416  
0.238616  2.25199  4.98598  
1.84549  1.69043  0.026725  
1.17815  1.17816  4.65321  
1.53092  2.70212  0.174356  
1.52651  1.30999  3.52138  
1.83912  1.0152  2.09703  
1.48279  2.77948  0.17015  
0.468901  3.93251  0.174338  
0.0249612  0.0249596  6.02436  
1.02269  3.51855  0.184622  
1.35276  0.241117  4.60114  
0.260067  3.26826  3.5399  
0.273062  2.26258  4.99972  
2.03724  0.0372418  0.0387047  
0.0386651  4.03866  0.0401223  
0.257421  3.25021  3.57295  
0.0354123  4.03541  0.0368694  
1.73393  0.199942  3.22675  
1.72878  0.194798  3.22161  1.72878  0.194798  3.22161  
1.319  0.23621  4.68653  1.319  0.23621  4.68653  
0.25853  3.26671  3.53836  0.25853  3.26671  3.53836  
1.0227  3.51855  0.18465  1.0227  3.51855  0.18465  
1.87402  1.58154  0.0304961  1.87402  1.58154  0.0304961  
1.51006  2.74814  0.174353  1.51006  2.74814  0.174353  
0.27305  2.26259  4.99967  0.27305  2.26259  4.99967  
2.03724  0.0372418  0.0387055  2.03724  0.0372418  0.0387055  
0.0249613  0.0249606  6.02436  0.0249613  0.0249606  6.02436  
0.0354123  4.03541  0.0368716  0.0354123  4.03541  0.0368716  
1.72878  0.194798  3.22161  1.72878  0.194798  3.22161  
1.319  0.23621  4.68653  1.319  0.23621  4.68653  
0.25853  3.26671  3.53836  0.25853  3.26671  3.53836  
1.0227  3.51855  0.18465  1.0227  3.51855  0.18465  
1.87402  1.58154  0.0304961  1.87402  1.58154  0.0304961  
1.51006  2.74814  0.174353  1.51006  2.74814  0.174353  
0.27305  2.26259  4.99967  0.27305  2.26259  4.99967  
2.03724  0.0372418  0.0387055  2.03724  0.0372418  0.0387055  
0.0249613  0.0249606  6.02436  0.0249613  0.0249606  6.02436  
0.0354123  4.03541  0.0368716  0.0354123  4.03541  0.0368716  
1.72878  0.194798  3.22161  1.72878  0.194798  3.22161  
1.319  0.23621  4.68653  1.319  0.23621  4.68653  
0.25853  3.26671  3.53836  0.25853  3.26671  3.53836  
1.0227  3.51855  0.18465  1.05424  3.5501  0.216199  
1.87402  1.58154  0.0304961  1.87402  1.58154  0.0304961  
1.51006  2.74814  0.174353  1.51006  2.74814  0.174353  
0.27305  2.26259  4.99967  0.27305  2.26259  4.99967  
2.03724  0.0372418  0.0387055  2.03724  0.0372418  0.0387055  
0.0249613  0.0249606  6.02436  0.0249613  0.0249606  6.02436  
0.0354123  4.03541  0.0368716  0.0354123  4.03541  0.0368716  
1.72878  0.194798  3.22161  1.72878  0.194798  3.22161  
1.319  0.23621  4.68653  1.319  0.23621  4.68653  
0.25853  3.26671  3.53836  0.25853  3.26671  3.53836  
1.0227  3.51855  0.18465  1.0227  3.51855  0.18465  
1.87402  1.58154  0.0304961  1.87402  1.58154  0.0304961  
1.51006  2.74814  0.174353  1.51006  2.74814  0.174353  
0.27305  2.26259  4.99967  0.27305  2.26259  4.99967  
2.03724  0.0372418  0.0387055  2.03724  0.0372418  0.0387055  
0.0249613  0.0249606  6.02436  0.0326518  0.0326157  6.03204  
0.0354123  4.03541  0.0368716  0.0354123  4.03541  0.0368716  
1.72878  0.194798  3.22161  1.72878  0.194798  3.22161  
1.319  0.23621  4.68653  1.319  0.23621  4.68653  
0.25853  3.26671  3.53836  0.25853  3.26671  3.53836  
1.0227  3.51855  0.18465  1.0227  3.51855  0.18465  
1.87402  1.58154  0.0304961  1.87402  1.58154  0.0304961  
1.51006  2.74814  0.174353  1.51006  2.74814  0.174353  
0.27305  2.26259  4.99967  0.27305  2.26259  4.99967  
2.03724  0.0372418  0.0387055  2.03724  0.0372418  0.0387055  
0.0249613  0.0249607  6.02436  0.0249613  0.0249607  6.02436  
0.0354123  4.03541  0.0368716  0.0354123  4.03541  0.0368716  
1.72878  0.194798  3.22161  1.72878  0.194798  3.22161  
1.319  0.23621  4.68653  1.319  0.23621  4.68653  
0.25853  3.26671  3.53836  0.25853  3.26671  3.53836  
1.0227  3.51855  0.18465  1.0227  3.51855  0.18465  
1.87402  1.58154  0.0304961  1.87402  1.58154  0.0304961  
1.51006  2.74814  0.174353  1.51006  2.74814  0.174353  
0.27305  2.26259  4.99967  0.27305  2.26259  4.99967  
2.03724  0.0372418  0.0387055  2.03724  0.0372418  0.0387055  
0.0249613  0.0249606  6.02436  0.0249613  0.0249606  6.02436  
0.0354123  4.03541  0.0368716  0.0354123  4.03541  0.0368716  
1.72878  0.194798  3.22161  1.72878  0.194798  3.22161  
1.319  0.23621  4.68653  1.319  0.23621  4.68653  
0.25853  3.26671  3.53836  0.25853  3.26671  3.53836  
1.0227  3.51855  0.18465  1.0227  3.51855  0.18465  
1.87402  1.58154  0.0304961  1.87402  1.58154  0.0304961  
1.51006  2.74814  0.174353  1.51006  2.74814  0.174353  
0.27305  2.26259  4.99967  0.284486  2.27403  5.01111  
2.03724  0.0372418  0.0387055  2.03724  0.0372418  0.0387055  
0.0249613  0.0249606  6.02436  0.0249613  0.0249606  6.02436  
0.0354123  4.03541  0.0368716  0.0354123  4.03541  0.0368716  
1.72878  0.194798  3.22161  1.72878  0.194798  3.22161  
1.319  0.23621  4.68653  1.319  0.23621  4.68653  
0.25853  3.26671  3.53836  0.25853  3.26671  3.53836  
1.0227  3.51855  0.18465  1.0227  3.51855  0.18465  
1.87402  1.58154  0.0304961  1.87402  1.58154  0.0304961  
1.51006  2.74814  0.174353  1.51006  2.74814  0.174353  
0.27305  2.26259  4.99967  0.27305  2.26259  4.99967  
2.03724  0.0372418  0.0387055  2.03724  0.0372418  0.0387055  
0.0249613  0.0249606  6.02436  0.0249613  0.0249606  6.02436  
0.0354123  4.03541  0.0368716  0.0801723  4.04646  0.0484727  
1.72878  0.194798  3.22161  1.72878  0.194798  3.22161  
1.319  0.23621  4.68653  1.319  0.23621  4.68653  
0.25853  3.26671  3.53836  0.25853  3.26671  3.53836  
1.0227  3.51855  0.18465  1.0227  3.51855  0.18465  
1.87402  1.58154  0.0304961  1.87402  1.58154  0.0304961  
1.51006  2.74814  0.174353  1.51006  2.74814  0.174353  
0.27305  2.26259  4.99967  0.27305  2.26259  4.99967  
2.03724  0.0372418  0.0387055  2.04509  0.045087  0.0465507  
0.0249613  0.0249606  6.02436  0.0249613  0.0249606  6.02436  
0.0354123  4.03541  0.0368716  0.0354123  4.03541  0.0368716  
1.72878  0.194798  3.22161  1.72878  0.194798  3.22161  
1.319  0.23621  4.68653  1.319  0.23621  4.68653  
0.25853  3.26671  3.53836  0.25853  3.26671  3.53836  
1.0227  3.51855  0.18465  1.0227  3.51855  0.18465  
1.87402  1.58154  0.0304961  1.87158  1.57949  0.338793  
1.51006  2.74814  0.174353  1.51006  2.74814  0.174353  
0.27305  2.26259  4.99967  0.27305  2.26259  4.99967  
2.03724  0.0372418  0.0387055  2.03724  0.0372418  0.0387055  
0.0249613  0.0249605  6.02436  0.0249613  0.0249605  6.02436  
0.0354123  4.03541  0.0368716  0.0354123  4.03541  0.0368716  
1.97964  0.880429  0.0260515  
0.743578  3.76085  0.0267164  
2.00221  0.638684  0.0260142  
1.4395  2.85483  0.470878  
1.69394  2.25126  0.0304974  
1.32659  0.646691  4.54808  
1.78977  1.92427  0.0290249  
1.68933  0.354096  3.3496  
1.9147  1.37181  0.0304961  
1.35371  1.12989  4.22868  
1.47385  2.51024  2.03919  
1.84549  1.69043  0.026725  
0.978846  3.45957  1.35527  
1.54223  0.165758  3.93638  
0.952465  3.57931  0.150307  
2.02582  0.0258202  0.0260314  
1.62449  0.17409  3.62888  
1.32718  2.62974  2.41335  
0.967315  2.9629  3.06744  
0.959981  0.958538  5.1743  
1.94118  0.133041  1.77875  
0.748683  2.91097  3.59416  
1.08585  0.236521  5.11922  
0.842522  3.67821  0.026477  
1.25951  0.201345  4.75777  
1.06821  3.15583  2.11318  
0.999055  2.24396  4.21817  
0.238616  2.25199  4.98598  
1.87406  0.124373  2.32212  
0.472832  3.49668  2.71508  
0.219551  3.79253  2.00243  
0.272573  3.0063  4.00202  
1.21796  1.44356  4.38239  
1.83912  1.0152  2.09703  
1.60522  2.17306  1.92389  
0.682124  0.0866848  5.69556  
1.94962  1.1565  0.0304961  
0.26044  1.74397  5.42967  
0.0248972  0.0249012  6.02436  
1.35986  2.25647  3.08748  
0.980687  2.474  3.95517  
0.74289  1.21748  5.37532  
0.761751  2.736  3.99223  
1.39194  1.61904  3.75296  
1.18185  2.62205  3.02431  
1.01281  1.91429  4.4377  
1.58264  2.55306  0.0476283  
0.0263549  4.02635  0.0265011  
1.08705  3.42567  0.176791  
1.53099  2.70196  0.174353  
0.983512  2.65264  3.64022  
0.239575  3.68346  2.39339  
1.14057  0.676522  4.96915  
1.45053  0.175979  4.27189  
1.48279  2.77948  0.17015  
1.81223  0.175465  2.78471  
2.00656  0.0258214  0.856629  
0.269025  2.72592  4.44332  
0.200046  1.21551  5.75829  
0.71168  3.21501  3.01328  
1.97524  0.137318  1.39751  
1.00323  1.48897  4.82763  
0.0354123  3.91241  1.51187  
0.890466  3.28029  2.3934  
1.35671  3.02311  0.172164  
0.647185  3.55786  2.15193  
1.7498  1.74982  1.75382  
1.65001  2.37757  0.0304963  
1.63206  1.8362  2.39347  
0.253262  3.18767  3.69952  
1.12777  2.892  2.6362  
0.620274  3.84984  0.0288536  
0.491636  1.22757  5.58619  
1.19418  2.36873  3.46178  
1.22776  3.23331  0.178264  
0.757106  2.49083  4.24959  
0.220773  2.49837  4.722  
1.74844  0.195242  3.09314  
0.268538  2.0008  5.20573  
0.74531  1.75652  5.01413  
1.53259  1.74904  3.01286  
0.736501  2.27546  4.542  
1.2419  2.8936  2.09301  
0.22348  3.41064  3.18652  
1.51848  2.15781  2.5218  
1.27745  3.15668  0.176791  
0.891227  0.198599  5.44176  
1.88344  1.53597  0.0304961  
1.34235  2.44502  2.80536  
1.13543  3.35846  0.340649  
1.39922  2.94556  0.171998  
1.75841  2.02636  0.0265844  
1.23995  1.96765  3.93001  
1.17815  1.17816  4.65321  
0.46558  0.464654  5.83915  
1.72791  1.34761  2.49511  
0.468901  3.93251  0.174338  
1.52651  1.30999  3.52138  
1.37369  2.03874  3.3619  
1.65134  1.40883  2.87351  
0.25853  3.26671  3.53836  
0.0249613  0.0249606  6.02436  
1.05424  3.5501  0.216199  
0.0326518  0.0326157  6.03204  
1.51006  2.74814  0.174353  
1.72878  0.194798  3.22161  
0.284486  2.27403  5.01111  
0.0801723  4.04646  0.0484727  
2.04509  0.045087  0.0465507  
1.87158  1.57949  0.338793  
1.72878  0.194797  3.22161  1.72878  0.194797  3.22161  
1.319  0.23621  4.68653  1.319  0.23621  4.68653  
0.25853  3.26671  3.53836  0.25853  3.26671  3.53836  
1.02269  3.51854  0.184647  1.02269  3.51854  0.184647  
1.87402  1.58154  0.0304961  1.87402  1.58154  0.0304961  
1.51006  2.74814  0.174379  1.51006  2.74814  0.174379  
0.273054  2.26259  4.99967  0.273054  2.26259  4.99967  
2.03724  0.0372418  0.0387055  2.03724  0.0372418  0.0387055  
0.0249613  0.0249607  6.02436  0.0249613  0.0249607  6.02436  
0.0354121  4.03541  0.0368614  0.0354121  4.03541  0.0368614  
1.72878  0.194797  3.22161  1.72878  0.194797  3.22161  
1.319  0.23621  4.68653  1.319  0.23621  4.68653  
0.25853  3.26671  3.53836  0.25853  3.26671  3.53836  
1.02269  3.51854  0.184647  1.02269  3.51854  0.184647  
1.87402  1.58154  0.0304961  1.87402  1.58154  0.0304961  
1.51006  2.74814  0.174379  1.51006  2.74814  0.174379  
0.273054  2.26259  4.99967  0.273054  2.26259  4.99967  
2.03724  0.0372418  0.0387055  2.03724  0.0372418  0.0387055  
0.0249613  0.0249607  6.02436  0.0249613  0.0249607  6.02436  
0.0354121  4.03541  0.0368614  0.0354121  4.03541  0.0368614  
1.72878  0.194797  3.22161  1.72878  0.194797  3.22161  
1.319  0.23621  4.68653  1.319  0.23621  4.68653  
0.25853  3.26671  3.53836  0.25853  3.26671  3.53836  
1.02269  3.51854  0.184647  1.02269  3.51854  0.184647  
1.87402  1.58154  0.0304961  1.87402  1.58154  0.0304961  
1.51006  2.74814  0.174379  1.51006  2.74814  0.174379  
0.273054  2.26259  4.99967  0.273054  2.26259  4.99967  
2.03724  0.0372418  0.0387055  2.03724  0.0372418  0.0387055  
0.0249613  0.0249607  6.02436  0.0249613  0.0249607  6.02436  
0.0354121  4.03541  0.0368614  0.0440742  4.04407  0.0455235  
1.72878  0.194797  3.22161  1.72878  0.194797  3.22161  
1.319  0.23621  4.68653  1.319  0.23621  4.68653  
0.25853  3.26671  3.53836  0.25853  3.26671  3.53836  
1.02269  3.51854  0.184647  1.02269  3.51854  0.184647  
1.87402  1.58154  0.0304961  1.87402  1.58154  0.0304961  
1.51006  2.74814  0.174379  1.51006  2.74814  0.174379  
0.273054  2.26259  4.99967  0.273054  2.26259  4.99967  
2.03724  0.0372418  0.0387055  2.03724  0.0372418  0.0387055  
0.0249613  0.0249607  6.02436  0.0249613  0.0249607  6.02436  
0.0354121  4.03541  0.0368614  0.0354121  4.03541  0.0368614  
1.72878  0.194797  3.22161  1.72878  0.194797  3.22161  
1.319  0.23621  4.68653  1.319  0.23621  4.68653  
0.25853  3.26671  3.53836  0.25853  3.26671  3.53836  
1.02269  3.51854  0.184647  1.02269  3.51854  0.184647  
1.87402  1.58154  0.0304961  1.87402  1.58154  0.0304961  
1.51006  2.74814  0.174379  1.51006  2.74814  0.174379  
0.273054  2.26259  4.99967  0.273054  2.26259  4.99967  
2.03724  0.0372418  0.0387055  2.03724  0.0372418  0.0387055  
0.0249613  0.0249607  6.02436  0.0389891  0.0389885  6.03839  
0.0354121  4.03541  0.0368614  0.0354121  4.03541  0.0368614  
1.72878  0.194797  3.22161  1.72878  0.194797  3.22161  
1.319  0.23621  4.68653  1.33529  0.252501  4.70282  
0.25853  3.26671  3.53836  0.25853  3.26671  3.53836  
1.02269  3.51854  0.184647  1.02269  3.51854  0.184647  
1.87402  1.58154  0.0304961  1.87402  1.58154  0.0304961  
1.51006  2.74814  0.174379  1.51006  2.74814  0.174379  
0.273054  2.26259  4.99967  0.273054  2.26259  4.99967  
2.03724  0.0372418  0.0387055  2.03724  0.0372418  0.0387055  
0.0249613  0.0249607  6.02436  0.0249613  0.0249607  6.02436  
0.0354121  4.03541  0.0368614  0.0354121  4.03541  0.0368614  
1.72878  0.194797  3.22161  1.72878  0.194797  3.22161  
1.319  0.23621  4.68653  1.319  0.23621  4.68653  
0.25853  3.26671  3.53836  0.25853  3.26671  3.53836  
1.02269  3.51854  0.184647  1.02269  3.51854  0.184647  
1.87402  1.58154  0.0304961  1.87402  1.58154  0.0304961  
1.51006  2.74814  0.174379  1.5174  2.75548  0.181722  
0.273054  2.26259  4.99967  0.273054  2.26259  4.99967  
2.03724  0.0372418  0.0387055  2.03724  0.0372418  0.0387055  
0.0249613  0.0249607  6.02436  0.0249613  0.0249607  6.02436  
0.0354121  4.03541  0.0368614  0.0354121  4.03541  0.0368614  
1.72878  0.194797  3.22161  1.72878  0.194797  3.22161  
1.319  0.23621  4.68653  1.319  0.23621  4.68653  
0.25853  3.26671  3.53836  0.25853  3.26671  3.53836  
1.02269  3.51854  0.184647  1.02269  3.51854  0.184647  
1.87402  1.58154  0.0304961  1.87402  1.58154  0.0304961  
1.51006  2.74814  0.174379  1.51006  2.74814  0.174379  
0.273054  2.26259  4.99967  0.274167  2.2637  5.00078  
2.03724  0.0372418  0.0387055  2.03724  0.0372418  0.0387055  
0.0249613  0.0249607  6.02436  0.0249613  0.0249607  6.02436  
0.0354121  4.03541  0.0368614  0.0354121  4.03541  0.0368614  
1.72878  0.194797  3.22161  1.72878  0.194797  3.22161  
1.319  0.23621  4.68653  1.319  0.23621  4.68653  
0.25853  3.26671  3.53836  0.25853  3.26671  3.53836  
1.02269  3.51854  0.184647  1.02269  3.51854  0.184647  
1.87402  1.58154  0.0304961  1.87402  1.58154  0.0304961  
1.51006  2.74814  0.174379  1.51006  2.74814  0.174379  
0.273054  2.26259  4.99967  0.273054  2.26259  4.99967  
2.03724  0.0372418  0.0387055  2.03724  0.0372418  0.0387055  
0.0249613  0.0249607  6.02436  0.0569085  0.0569079  6.05631  
0.0354121  4.03541  0.0368614  0.0354121  4.03541  0.0368614  
1.72878  0.194797  3.22161  1.72878  0.194797  3.22161  
1.319  0.23621  4.68653  1.319  0.23621  4.68653  
0.25853  3.26671  3.53836  0.25853  3.26671  3.53836  
1.02269  3.51854  0.184647  1.02269  3.51854  0.184647  
1.87402  1.58154  0.0304961  1.87402  1.58154  0.0304961  
1.51006  2.74814  0.174379  1.51006  2.74814  0.174379  
0.273054  2.26259  4.99967  0.273054  2.26259  4.99967  
2.03724  0.0372418  0.0387055  2.03724  0.0372418  0.0387055  
0.0249613  0.0249607  6.02436  0.0249613  0.0249607  6.02436  
0.0354121  4.03541  0.0368614  0.0354121  4.03541  0.0368614  
0.748683  2.91097  3.59416  
0.26044  1.74397  5.42967  
2.02582  0.0258202  0.0260314  
0.468901  3.93251  0.174338  
1.01281  1.91429  4.4377  
1.65134  1.40883  2.87351  
1.19418  2.36873  3.46178  
1.7498  1.74982  1.75382  
1.65001  2.37757  0.0304963  
1.12777  2.892  2.6362  
0.952465  3.57931  0.150307  
1.53155  2.70139  0.138768  
1.39922  2.94556  0.171998  
1.58264  2.55306  0.0476283  
1.62449  0.17409  3.62888  
1.48279  2.77948  0.17015  
1.35371  1.12989  4.22868  
1.54223  0.165758  3.93638  
1.08585  0.236521  5.11922  
1.52651  1.30999  3.52138  
1.63206  1.8362  2.39347  
0.200046  1.21551  5.75829  
2.00221  0.638684  0.0260142  
0.999055  2.24396  4.21817  
1.14057  0.676522  4.96915  
0.959981  0.958538  5.1743  
0.220773  2.49837  4.722  
0.491636  1.22757  5.58619  
0.967315  2.9629  3.06744  
1.68933  0.354096  3.3496  
0.890466  3.28029  2.3934  
0.269025  2.72592  4.44332  
1.83912  1.0152  2.09703  
1.00323  1.48897  4.82763  
1.37369  2.03874  3.3619  
0.983512  2.65264  3.64022  
1.45053  0.175979  4.27189  
0.0354121  3.95006  1.26828  
1.13543  3.35846  0.340649  
1.60522  2.17306  1.92389  
1.75841  2.02636  0.0265844  
1.47385  2.51024  2.03919  
0.239575  3.68346  2.39339  
1.94118  0.133041  1.77875  
0.472832  3.49668  2.71508  
0.0263549  4.02635  0.0265011  
1.78977  1.92427  0.0290249  
1.22776  3.23331  0.178264  
1.4395  2.85483  0.470878  
1.74844  0.195242  3.09314  
0.74289  1.21748  5.37532  
0.0248972  0.0249012  6.02436  
0.238616  2.25199  4.98598  
1.27745  3.15668  0.176791  
1.2419  2.8936  2.09301  
0.268538  2.0008  5.20573  
1.35671  3.02311  0.172164  
1.51848  2.15781  2.5218  
1.34235  2.44502  2.80536  
0.978846  3.45957  1.35527  
1.69413  2.2507  0.0304961  
0.743578  3.76085  0.0267164  
1.92033  1.33975  0.0304961  
0.74531  1.75652  5.01413  
1.39194  1.61904  3.75296  
1.32718  2.62974  2.41335  
1.08705  3.42567  0.176791  
1.97964  0.880429  0.0260515  
1.89848  1.45967  0.0304961  
1.53259  1.74904  3.01286  
0.647185  3.55786  2.15193  
0.757106  2.49083  4.24959  
0.272573  3.0063  4.00202  
0.620274  3.84984  0.0288536  
0.842522  3.67821  0.026477  
1.81223  0.175465  2.78471  
1.23995  1.96765  3.93001  
1.18185  2.62205  3.02431  
0.219551  3.79253  2.00243  
2.00656  0.0258214  0.856629  
1.94854  1.1638  0.0304961  
1.87406  0.124373  2.32212  
1.25951  0.201345  4.75777  
1.32659  0.646691  4.54808  
1.35986  2.25647  3.08748  
0.761751  2.736  3.99223  
1.17815  1.17816  4.65321  
1.21796  1.44356  4.38239  
1.84549  1.69043  0.026725  
0.980687  2.474  3.95517  
0.891227  0.198599  5.44176  
0.46558  0.464654  5.83915  
0.736501  2.27546  4.542  
0.682124  0.0866848  5.69556  
1.97524  0.137318  1.39751  
0.253436  3.19028  3.69439  
1.06821  3.15583  2.11318  
0.22348  3.41064  3.18652  
0.71168  3.21501  3.01328  
1.72791  1.34761  2.49511  
1.87402  1.58154  0.0304961  
1.319  0.23621  4.68653  
0.0440742  4.04407  0.0455235  
0.0354121  4.03541  0.0368614  
0.0389891  0.0389885  6.03839  
1.33529  0.252501  4.70282  
1.5174  2.75548  0.181722  
0.274167  2.2637  5.00078  
0.0569085  0.0569079  6.05631  
1.02269  3.51854  0.184647  
1.72878  0.194797  3.22161  1.72878  0.194797  3.22161  
1.319  0.23621  4.68653  1.319  0.23621  4.68653  
0.258529  3.26671  3.53836  0.258529  3.26671  3.53836  
1.0227  3.51854  0.184647  0.981926  3.56343  0.184647  
1.87402  1.58154  0.0304961  1.87402  1.58154  0.0304961  
1.51006  2.74814  0.174382  1.51006  2.74814  0.174382  
0.273054  2.26259  4.99967  0.273054  2.26259  4.99967  
2.03724  0.0372418  0.0387054  2.03724  0.0372418  0.0387054  
0.0249613  0.0249607  6.02436  0.0249613  0.0249607  6.02436  
0.0354121  4.03541  0.036871  0.0354121  4.03541  0.036871  
1.72878  0.194797  3.22161  1.72878  0.194797  3.22161  
1.319  0.23621  4.68653  1.319  0.23621  4.68653  
0.258529  3.26671  3.53836  0.258529  3.26671  3.53836  
1.0227  3.51854  0.184647  1.0227  3.51854  0.184647  
1.87402  1.58154  0.0304961  1.87402  1.58154  0.0304961  
1.51006  2.74814  0.174382  1.51006  2.74814  0.174382  
0.273054  2.26259  4.99967  0.273054  2.26259  4.99967  
2.03724  0.0372418  0.0387054  2.03724  0.0372418  0.0387054  
0.0249613  0.0249607  6.02436  0.0249613  0.0249607  6.02436  
0.0354121  4.03541  0.036871  0.0354121  4.03541  0.036871  
1.72878  0.194797  3.22161  1.72878  0.194797  3.22161  
1.319  0.23621  4.68653  1.319  0.23621  4.68653  
0.258529  3.26671  3.53836  0.258529  3.26671  3.53836  
1.0227  3.51854  0.184647  1.0227  3.51854  0.184647  
1.87402  1.58154  0.0304961  1.87402  1.58154  0.0304961  
1.51006  2.74814  0.174382  1.51333  2.75141  0.177654  
0.273054  2.26259  4.99967  0.273054  2.26259  4.99967  
2.03724  0.0372418  0.0387054  2.03724  0.0372418  0.0387054  
0.0249613  0.0249607  6.02436  0.0249613  0.0249607  6.02436  
0.0354121  4.03541  0.036871  0.0354121  4.03541  0.036871  
1.72878  0.194797  3.22161  1.72878  0.194797  3.22161  
1.319  0.23621  4.68653  1.319  0.23621  4.68653  
0.258529  3.26671  3.53836  0.258529  3.26671  3.53836  
1.0227  3.51854  0.184647  1.0227  3.51854  0.184647  
1.87402  1.58154  0.0304961  1.87402  1.58154  0.0304961  
1.51006  2.74814  0.174382  1.51068  2.74877  0.175008  
0.273054  2.26259  4.99967  0.273054  2.26259  4.99967  
2.03724  0.0372418  0.0387054  2.03724  0.0372418  0.0387054  
0.0249613  0.0249607  6.02436  0.0249613  0.0249607  6.02436  
0.0354121  4.03541  0.036871  0.0354121  4.03541  0.036871  
1.72878  0.194797  3.22161  1.72878  0.194797  3.22161  
1.319  0.23621  4.68653  1.319  0.23621  4.68653  
0.258529  3.26671  3.53836  0.258529  3.26671  3.53836  
1.0227  3.51854  0.184647  1.0227  3.51854  0.184647  
1.87402  1.58154  0.0304961  1.87402  1.58154  0.0304961  
1.51006  2.74814  0.174382  1.51006  2.74814  0.174382  
0.273054  2.26259  4.99967  0.273054  2.26259  4.99967  
2.03724  0.0372418  0.0387054  2.03724  0.0372418  0.0387054  
0.0249613  0.0249607  6.02436  0.0249613  0.0249607  6.02436  
0.0354121  4.03541  0.036871  0.041634  4.04163  0.0430929  
1.72878  0.194797  3.22161  1.74581  0.21183  3.23864  
1.319  0.23621  4.68653  1.319  0.23621  4.68653  
0.258529  3.26671  3.53836  0.258529  3.26671  3.53836  
1.0227  3.51854  0.184647  1.0227  3.51854  0.184647  
1.87402  1.58154  0.0304961  1.87402  1.58154  0.0304961  
1.51006  2.74814  0.174382  1.51006  2.74814  0.174382  
0.273054  2.26259  4.99967  0.273054  2.26259  4.99967  
2.03724  0.0372418  0.0387054  2.03724  0.0372418  0.0387054  
0.0249613  0.0249607  6.02436  0.0249613  0.0249607  6.02436  
0.0354121  4.03541  0.036871  0.0354121  4.03541  0.036871  
1.72878  0.194797  3.22161  1.72878  0.194797  3.22161  
1.319  0.23621  4.68653  1.32755  0.238481  4.66945  
0.258529  3.26671  3.53836  0.258529  3.26671  3.53836  
1.0227  3.51854  0.184647  1.0227  3.51854  0.184647  
1.87402  1.58154  0.0304961  1.87402  1.58154  0.0304961  
1.51006  2.74814  0.174382  1.51006  2.74814  0.174382  
0.273054  2.26259  4.99967  0.273054  2.26259  4.99967  
2.03724  0.0372418  0.0387054  2.03724  0.0372418  0.0387054  
0.0249613  0.0249607  6.02436  0.0249613  0.0249607  6.02436  
0.0354121  4.03541  0.036871  0.0354121  4.03541  0.036871  
1.72878  0.194797  3.22161  1.72878  0.194797  3.22161  
1.319  0.23621  4.68653  1.34162  0.258838  4.70915  
0.258529  3.26671  3.53836  0.258529  3.26671  3.53836  
1.0227  3.51854  0.184647  1.0227  3.51854  0.184647  
1.87402  1.58154  0.0304961  1.87402  1.58154  0.0304961  
1.51006  2.74814  0.174382  1.51006  2.74814  0.174382  
0.273054  2.26259  4.99967  0.273054  2.26259  4.99967  
2.03724  0.0372418  0.0387054  2.03724  0.0372418  0.0387054  
0.0249613  0.0249607  6.02436  0.0249613  0.0249607  6.02436  
0.0354121  4.03541  0.036871  0.0354121  4.03541  0.036871  
1.72878  0.194797  3.22161  1.72878  0.194797  3.22161  
1.319  0.23621  4.68653  1.319  0.23621  4.68653  
0.258529  3.26671  3.53836  0.258529  3.26671  3.53836  
1.0227  3.51854  0.184647  1.0227  3.51854  0.184647  
1.87402  1.58154  0.0304961  1.87402  1.58154  0.0304961  
1.51006  2.74814  0.174382  1.51006  2.74814  0.174382  
0.273054  2.26259  4.99967  0.273054  2.26259  4.99967  
2.03724  0.0372418  0.0387054  2.04083  0.0408254  0.042289  
0.0249613  0.0249607  6.02436  0.0249613  0.0249607  6.02436  
0.0354121  4.03541  0.036871  0.0354121  4.03541  0.036871  
1.72878  0.194797  3.22161  1.72878  0.194797  3.22161  
1.319  0.23621  4.68653  1.319  0.23621  4.68653  
0.258529  3.26671  3.53836  0.258529  3.26671  3.53836  
1.0227  3.51854  0.184647  1.0227  3.51854  0.184647  
1.87402  1.58154  0.0304961  1.87402  1.58154  0.0304961  
1.51006  2.74814  0.174382  1.51006  2.74814  0.174382  
0.273054  2.26259  4.99967  0.276554  2.26609  5.00317  
2.03724  0.0372418  0.0387054  2.03724  0.0372418  0.0387054  
0.0249613  0.0249607  6.02436  0.0249613  0.0249607  6.02436  
0.0354121  4.03541  0.036871  0.0354121  4.03541  0.036871  
0.890466  3.28029  2.3934  
0.468901  3.93251  0.174338  
1.25951  0.201345  4.75777  
1.62449  0.17409  3.62888  
1.97964  0.880429  0.0260515  
0.978846  3.45957  1.35527  
1.08585  0.236521  5.11922  
1.94118  0.133041  1.77875  
0.682124  0.0866848  5.69556  
1.47385  2.51024  2.03919  
1.19418  2.36873  3.46178  
0.761751  2.736  3.99223  
0.219551  3.79253  2.00243  
1.32718  2.62974  2.41335  
0.743578  3.76085  0.0267164  
1.13543  3.35846  0.340649  
0.239575  3.68346  2.39339  
1.74844  0.195242  3.09314  
0.647185  3.55786  2.15193  
0.891227  0.198599  5.44176  
0.200046  1.21551  5.75829  
0.0248972  0.0249012  6.02436  
1.21796  1.44356  4.38239  
0.999055  2.24396  4.21817  
1.97524  0.137318  1.39751  
1.39922  2.94556  0.171998  
0.71168  3.21501  3.01328  
1.75841  2.02636  0.0265844  
1.39194  1.61904  3.75296  
0.22348  3.41064  3.18652  
1.58264  2.55306  0.0476283  
0.842522  3.67821  0.026477  
0.959981  0.958538  5.1743  
1.52651  1.30999  3.52138  
1.45053  0.175979  4.27189  
0.748683  2.91097  3.59416  
0.983512  2.65264  3.64022  
1.01281  1.91429  4.4377  
1.63206  1.8362  2.39347  
1.87406  0.124373  2.32212  
1.35986  2.25647  3.08748  
0.26044  1.74397  5.42967  
2.00656  0.0258214  0.856629  
1.60522  2.17306  1.92389  
0.268538  2.0008  5.20573  
1.35371  1.12989  4.22868  
0.952465  3.57931  0.150307  
2.00221  0.638684  0.0260142  
0.220773  2.49837  4.722  
2.02582  0.0258202  0.0260314  
1.65134  1.40883  2.87351  
1.32659  0.646691  4.54808  
0.272573  3.0063  4.00202  
1.35671  3.02311  0.172164  
0.0263549  4.02635  0.0265011  
1.4395  2.85483  0.470878  
1.83912  1.0152  2.09703  
0.757106  2.49083  4.24959  
0.74531  1.75652  5.01413  
1.92089  1.33652  0.0304961  
1.12777  2.892  2.6362  
1.7498  1.74982  1.75382  
1.84549  1.69043  0.026725  
0.967315  2.9629  3.06744  
0.0354121  3.95006  1.26828  
1.14057  0.676522  4.96915  
1.22776  3.23331  0.178264  
0.74289  1.21748  5.37532  
0.238616  2.25199  4.98598  
1.90433  1.42871  0.0304961  
1.2419  2.8936  2.09301  
1.34235  2.44502  2.80536  
1.51848  2.15781  2.5218  
1.78977  1.92427  0.0290249  
0.269025  2.72592  4.44332  
1.65001  2.37757  0.0304963  
0.620274  3.84984  0.0288536  
1.08705  3.42567  0.176791  
0.491636  1.22757  5.58619  
1.27745  3.15668  0.176791  
1.69413  2.2507  0.0304961  
1.72791  1.34761  2.49511  
1.17815  1.17816  4.65321  
0.736501  2.27546  4.542  
1.53259  1.74904  3.01286  
1.23995  1.96765  3.93001  
1.68933  0.354096  3.3496  
1.53124  2.7014  0.174382  
1.81223  0.175465  2.78471  
0.46558  0.464654  5.83915  
1.37369  2.03874  3.3619  
0.980687  2.474  3.95517  
0.26577  3.18953  3.68927  
1.06821  3.15583  2.11318  
1.94967  1.15614  0.0304961  
1.48279  2.77948  0.17015  
0.472832  3.49668  2.71508  
1.54223  0.165758  3.93638  
1.00323  1.48897  4.82763  
1.18185  2.62205  3.02431  
