2.01346  3.77506  1.55087  3.94648  
2.52379  1.90007  2.13135  3.25325  
1.43952  4.3657  2.52162  2.22623  
2.38438  2.22855  2.3995  2.61111  
2.47731  2.51469  2.45089  2.15637  
2.30501  3.14553  2.21494  2.97466  
2.63803  1.84511  2.07531  3.76433  
1.87311  3.52224  1.55775  3.94321  
2.29256  2.96183  2.37505  2.85168  
1.74588  3.70412  2.23364  3.09346  
2.21624  2.9953  2.41444  2.80638  
1.32776  4.32536  2.04261  3.25559  
2.05668  3.79744  2.42473  2.28108  
2.46226  1.95962  2.20561  2.84385  
2.28891  2.86196  2.58914  1.92966  
2.29279  3.16841  2.27658  3.20905  
1.88021  3.90607  2.06996  3.2591  
2.06933  3.45492  2.36482  2.83457  
2.23559  3.23524  2.65806  2.29755  
1.63267  4.28745  2.19989  3.45957  
2.40158  2.91927  1.99484  3.62199  
2.38096  2.75904  2.34659  2.64272  
2.6085  1.61068  2.30687  2.77954  
2.30738  2.98184  2.39298  2.55474  
2.04616  3.40989  1.58828  3.94839  
1.92551  3.70731  2.23089  3.03095  
2.22829  3.07505  1.62275  3.84584  
2.23165  2.74857  2.26813  2.93241  
2.21909  3.14032  2.24714  3.06179  
2.21626  2.76088  2.24709  2.57835  
2.41279  2.58396  2.33716  2.80536  
2.20189  3.19742  2.56817  2.68623  
2.50542  2.07351  2.55855  2.17497  
1.87657  3.94363  2.50043  2.22351  
2.7284  1.40757  2.1986  3.37142  
2.50925  2.38017  2.21966  3.01574  
1.85164  3.64481  2.49864  1.79017  
2.54672  2.35046  2.28569  2.50633  
1.99994  3.41721  1.59475  4.08722  
2.15357  2.73855  2.08381  3.44214  
2.17602  3.35871  1.57111  3.70439  
1.93529  3.69967  2.2579  2.71155  
1.81145  3.74949  2.56298  1.95264  
1.89908  3.66884  2.07754  3.38087  
2.5208  2.25459  2.19921  3.08496  
2.48677  2.16839  1.37699  4.44714  
1.95765  3.93569  1.73622  4.08094  
2.55612  2.1066  1.79259  3.89062  
2.57449  2.22734  2.29544  2.95836  
2.6021  1.64965  2.29955  2.94355  
2.04276  3.43139  2.49963  1.36541  
2.25184  3.09193  2.58484  1.96986  
2.46039  2.06989  2.42093  2.54815  
1.23531  4.44404  2.52647  2.5719  
2.0683  2.80042  2.22921  3.11077  
2.04467  3.49974  2.18217  3.59534  
2.44613  1.53656  2.0512  3.75475  
2.51035  2.62547  2.02787  3.21839  
1.82371  3.63756  2.25703  2.72422  
2.52609  2.42715  2.4519  2.90958  
2.31854  2.97707  2.43718  2.55112  
2.41684  2.1438  2.16369  3.04324  
1.18369  4.24855  2.01807  3.40819  
2.52578  1.98265  2.41094  2.62592  
2.39119  2.5058  2.57975  1.6586  
2.30173  2.67531  2.28188  2.55059  
2.4628  1.93545  2.36515  2.11489  
2.06852  3.2992  1.97601  3.7438  
2.60822  1.74568  2.07056  3.04045  
2.54985  1.73299  2.6152  1.48374  
2.01313  3.51594  2.37383  2.84084  
2.2312  2.97054  2.40632  1.97633  
2.15156  3.07553  2.5045  2.1822  
2.28424  2.89229  2.35549  2.69163  
1.657  3.73315  2.46196  2.42698  
2.40653  2.59804  2.3729  2.85191  
2.27801  2.65299  2.33352  2.86563  
1.85823  3.82697  1.77898  4.19254  
1.86491  3.52857  1.84055  4.23274  
2.39998  3.21734  2.28012  2.98823  
2.33748  2.73191  2.41743  2.64836  
2.23234  3.21092  2.2466  2.51295  
2.45479  2.11619  2.43286  2.80487  
2.19261  3.04443  2.50103  2.10936  
2.00406  3.5973  2.47534  2.4615  
2.62283  2.03536  2.45706  2.73714  
1.81434  3.77148  2.44658  2.72572  
1.9512  3.01893  2.22213  3.20797  
2.34334  2.46988  2.17891  3.16706  
2.08065  3.23814  2.32648  2.87612  
2.29697  2.99727  2.21236  2.92033  
2.52764  2.18585  2.2645  3.11595  
2.22892  3.08978  1.51607  4.46109  
2.38888  2.15543  2.47326  2.32644  
2.42849  2.65245  2.52993  1.80772  
2.38808  2.52977  2.2124  3.43116  
2.41774  2.12119  2.51709  2.30829  
1.24877  4.51031  2.5027  2.15206  
2.23455  2.92715  2.66983  1.95541  
1.45506  4.33544  1.84666  4.08271  
1.93829  3.57313  2.11797  3.43638  
2.03503  3.47545  2.16371  2.90824  
2.16371  2.90824  1.90487  3.37136  
2.12338  3.4418  1.93829  3.57313  
2.24012  3.5247  2.154  3.46498  
1.96715  3.34424  2.03503  3.47545  
1.99855  3.51048  2.18985  3.57635  
2.18985  3.57635  2.24012  3.5247  
1.90487  3.37136  1.96715  3.34424  
2.154  3.46498  1.99855  3.51048  
2.22681  2.32213  2.22681  2.32213  
2.44847  0.836889  2.23581  2.7915  
1.95963  2.871  1.88413  3.78558  
1.50682  3.84359  1.95963  2.871  
2.33704  2.92797  1.35881  4.13055  
2.23581  2.7915  2.44847  0.836889  
1.46017  4.33419  1.50682  3.84359  
1.88413  3.78558  2.16544  2.92843  
1.35881  4.13055  1.46017  4.33419  
2.16544  2.92843  2.32337  2.9143  
1.85779  3.47984  2.36703  2.69459  
1.96647  3.54099  2.18283  2.8991  
1.87244  3.37102  2.13437  2.52243  
2.18283  2.8991  1.87244  3.37102  
1.96729  3.34021  1.95597  3.53048  
2.36703  2.69459  2.14171  1.69217  
2.13437  2.52243  1.96729  3.34021  
2.17763  2.99267  1.6294  3.76  
1.6294  3.76  2.17763  2.99267  
2.14171  1.69217  1.85779  3.47984  
1.80859  3.8954  2.16912  3.04389  
2.15196  2.68811  2.0576  3.40691  
2.33925  2.8843  2.33925  2.8843  
2.16912  3.04389  2.13605  3.37169  
2.0576  3.40691  2.10936  3.52265  
2.42653  2.53506  2.15196  2.68811  
2.13605  3.37169  1.80859  3.8954  
2.10936  3.52265  2.42653  2.53506  
2.18279  2.83385  2.17079  2.88426  
2.17079  2.88426  2.18279  2.83385  
1.85614  3.86185  2.28022  2.70235  
2.37315  2.44266  1.19156  4.17208  
1.19156  4.17208  2.37315  2.44266  
2.43776  2.30492  2.04252  3.55828  
2.47534  2.20838  2.47534  2.20838  
2.18575  3.22607  1.67801  4.05578  
2.53821  1.4484  1.85614  3.86185  
1.67801  4.05578  2.18575  3.22607  
2.04252  3.55828  2.43776  2.30492  
2.40291  2.50772  2.40291  2.50772  
1.82788  1.80263  0.906129  3.71714  
2.02729  0.0275609  0.569381  3.91587  
1.95209  1.32995  1.82788  1.80263  
0.569381  3.91587  1.66805  2.33106  
1.1159  3.4173  0.0792357  4.05432  
0.85923  3.67025  2.02729  0.0275609  
1.32989  3.11539  1.32989  3.11539  
1.66805  2.33106  1.95209  1.32995  
1.51358  2.7945  1.1159  3.4173  
0.0792357  4.05432  1.51358  2.7945  
1.93829  3.57313  1.90487  3.37136  
2.17926  3.56576  1.98638  3.49831  
2.1165  3.43492  2.32245  2.37762  
2.12074  3.43172  2.17926  3.56576  
2.03503  3.47545  1.96016  3.33725  
1.99855  3.51048  2.1165  3.43492  
1.96016  3.33725  2.24012  3.5247  
2.32245  2.37762  1.93829  3.57313  
1.90487  3.37136  2.12074  3.43172  
2.24012  3.5247  2.03503  3.47545  
1.50568  4.37935  2.15596  3.01238  
2.34916  2.41522  2.16229  3.22908  
2.15596  3.01238  2.1433  2.89451  
2.16229  3.22908  2.27526  2.53998  
2.30119  2.26241  2.29086  2.90026  
2.27526  2.53998  2.30119  2.26241  
1.86882  3.81126  2.36275  2.42881  
2.1433  2.89451  1.50568  4.37935  
2.34075  2.60975  2.34075  2.60975  
2.29086  2.90026  1.86882  3.81126  
2.47704  2.52244  2.09709  3.19704  
1.9034  3.87596  2.21824  2.99848  
2.19992  3.16514  1.83211  3.54886  
1.83211  3.54886  2.09725  3.16272  
2.18147  3.32684  1.52575  4.12954  
2.33962  2.53947  1.9034  3.87596  
1.52575  4.12954  2.19992  3.16514  
2.09725  3.16272  2.14416  3.28953  
2.21824  2.99848  2.47704  2.52244  
2.09709  3.19704  2.33962  2.53947  
1.77047  3.6687  2.09748  2.72262  
2.54715  2.19868  2.33559  2.17245  
2.33051  2.58514  2.54715  2.19868  
2.24765  2.71093  2.07243  3.23331  
1.52063  4.17894  1.52063  4.17894  
2.31242  2.04895  2.09058  3.01104  
2.09748  2.72262  2.2765  2.43845  
2.07243  3.23331  2.24765  2.71093  
2.2765  2.43845  2.33051  2.58514  
2.09058  3.01104  1.77047  3.6687  
2.15431  2.46924  2.15431  2.46924  
1.88531  2.50251  2.26375  0.999968  
1.24475  3.91219  2.00179  2.73394  
2.10535  1.78498  1.88531  2.50251  
2.26375  0.999968  1.23054  3.77814  
2.29314  2.08818  2.28956  2.0846  
2.00179  2.73394  1.54298  3.35231  
1.9799  2.06213  1.24475  3.91219  
1.54298  3.35231  1.9799  2.06213  
1.23054  3.77814  2.10535  1.78498  
1.6132  3.65827  1.52322  3.75304  
1.85328  3.26581  2.44791  1.79252  
2.03194  3.26881  2.1785  2.19031  
2.1785  2.19031  2.04118  3.27805  
2.07431  2.6957  2.52695  1.4859  
2.52695  1.4859  1.6132  3.65827  
1.99079  2.86815  2.07431  2.6957  
1.52322  3.75304  1.85328  3.26581  
2.44791  1.79252  2.16926  2.30746  
2.16926  2.30746  1.99079  2.86815  
1.33375  4.04781  1.33375  4.04781  
2.54168  1.64921  1.81975  3.25551  
2.25298  2.21239  1.2767  3.82372  
1.88966  3.38971  1.75152  3.55165  
1.2767  3.82372  1.96142  3.06436  
1.75152  3.55165  2.27672  2.83163  
2.45728  1.78933  2.25298  2.21239  
2.27672  2.83163  1.88966  3.38971  
1.81975  3.25551  2.45728  1.78933  
1.96142  3.06436  2.58355  1.64022  
1.23594  3.31624  1.68484  2.35854  
1.93511  1.41715  1.002  3.57072  
1.40876  3.05287  1.40876  3.05287  
1.68484  2.35854  1.93511  1.41715  
2.02202  0.0220367  0.0942462  4.03427  
1.002  3.57072  2.02202  0.0220367  
1.54299  2.73285  1.54299  2.73285  
1.82094  1.90617  1.28288  3.36317  
0.703272  3.82502  1.82094  1.90617  
0.0942462  4.03427  0.703272  3.82502  
1.3428  3.09208  0.864914  3.66383  
1.1311  3.39706  2.02687  0.0268716  
1.68075  2.29242  1.3428  3.09208  
1.95535  1.30767  1.1311  3.39706  
0.586395  3.90606  0.654196  3.91337  
2.02687  0.0268716  1.95535  1.30767  
1.5271  2.76456  1.83606  1.76746  
0.0768004  4.05259  1.68075  2.29242  
0.864914  3.66383  0.0768004  4.05259  
1.83606  1.76746  1.5271  2.76456  
2.01681  1.16297  1.53025  3.07242  
1.59298  2.77813  1.9311  2.07916  
1.53025  3.07242  1.28608  3.33015  
0.328475  4.08478  2.08973  0.161374  
0.786724  3.8446  1.63958  2.82474  
1.9311  2.07916  0.328475  4.08478  
1.72239  2.40685  0.786724  3.8446  
2.08973  0.161374  1.09784  3.64607  
1.28608  3.33015  1.72239  2.40685  
1.09784  3.64607  2.01681  1.16297  
1.4618  3.34784  0.957806  4.13904  
2.00932  2.04159  2.02321  2.34805  
2.30228  0.831747  1.76985  2.65985  
1.76985  2.65985  1.64779  3.14971  
0.957806  4.13904  2.14644  0.817073  
2.02321  2.34805  2.00932  2.04159  
2.14644  0.817073  1.4618  3.34784  
1.64779  3.14971  0.989574  3.75591  
0.989574  3.75591  2.30228  0.831747  
1.97345  2.23099  2.03528  2.29282  
2.27791  1.77729  2.3502  2.45832  
2.12483  3.38046  2.27791  1.77729  
1.98402  3.05997  2.12483  3.38046  
2.16032  2.69159  1.77234  3.12269  
1.74084  3.56981  2.48726  1.71895  
1.77234  3.12269  2.19084  2.72211  
2.15743  2.981  2.15743  2.981  
2.3502  2.45832  1.98402  3.05997  
2.09845  2.96342  2.09845  2.96342  
2.48726  1.71895  1.74084  3.56981  
2.46741  1.73135  2.42878  0.63574  
1.79064  3.33153  2.46741  1.73135  
1.8927  3.62224  2.2372  1.93933  
2.01688  2.53826  2.07782  2.59921  
1.87648  3.51497  1.37778  3.88136  
2.42878  0.63574  1.8927  3.62224  
2.2372  1.93933  1.96898  2.93884  
2.19376  2.17729  1.87648  3.51497  
1.37778  3.88136  1.79064  3.33153  
1.96898  2.93884  2.19376  2.17729  
1.46211  4.06859  1.46211  4.06859  
1.89085  3.31812  2.31983  1.87007  
1.60843  3.50043  2.48076  1.26461  
2.46472  1.93345  1.60843  3.50043  
1.86333  3.27975  1.89085  3.31812  
2.2556  1.68912  2.2556  1.68912  
2.31983  1.87007  1.82219  3.20781  
1.82219  3.20781  2.14773  2.46599  
2.14773  2.46599  1.86333  3.27975  
2.48076  1.26461  2.46842  1.93714  
2.12407  1.03514  1.60817  3.32388  
1.76482  2.64095  2.09386  1.67979  
2.09386  1.67979  2.16458  0.429146  
1.85722  2.28413  0.863977  4.05621  
2.16458  0.429146  2.12407  1.03514  
1.65983  3.06249  2.03206  2.01792  
1.44618  3.2534  1.76482  2.64095  
1.60817  3.32388  1.44618  3.2534  
2.03206  2.01792  1.86203  2.28894  
0.863977  4.05621  1.65983  3.06249  
2.16868  0.580129  2.05791  1.16366  
1.82692  2.11283  0.581765  4.12069  
1.59585  2.77429  1.35593  3.30748  
1.08794  3.62954  1.72984  2.5093  
1.35593  3.30748  1.59585  2.77429  
2.05791  1.16366  2.16868  0.580129  
0.800503  3.94343  1.16153  3.70313  
1.72984  2.5093  0.800503  3.94343  
0.581765  4.12069  1.82692  2.11283  
1.96579  1.49109  1.96579  1.49109  
2.07355  0.94304  1.49581  2.92475  
2.03781  1.49328  2.1248  0.192331  
2.1248  0.192331  1.89597  1.77476  
1.71469  2.39546  2.07355  0.94304  
1.11953  3.59568  2.03781  1.49328  
1.49581  2.92475  1.35732  3.27607  
1.35656  3.27532  0.551787  4.1382  
1.89597  1.77476  0.948495  3.75837  
0.551787  4.1382  1.11953  3.59568  
0.948495  3.75837  1.71469  2.39546  
1.68084  2.29146  1.95544  1.30536  
0.865081  3.66322  1.52741  2.76337  
1.52741  2.76337  1.34288  3.09145  
0.600144  3.91978  1.68084  2.29146  
1.34288  3.09145  0.600144  3.91978  
1.83622  1.76657  0.076693  4.05229  
1.1309  3.39704  1.17545  3.44159  
2.02673  0.0267335  0.865081  3.66322  
1.95544  1.30536  2.02673  0.0267335  
0.076693  4.05229  1.83622  1.76657  
1.27549  3.20372  1.27549  3.20372  
0.753977  3.78711  0.236512  4.05536  
1.86574  1.65995  2.02728  0.0272798  
1.75262  2.0861  1.61042  2.49576  
1.95631  1.10576  1.04661  3.49691  
0.20889  4.02774  1.95631  1.10576  
1.61042  2.49576  1.75262  2.0861  
1.04661  3.49691  1.86574  1.65995  
1.46023  2.88268  0.753977  3.78711  
2.02728  0.0272798  1.46023  2.88268  
1.95544  1.30536  1.36699  3.11556  
0.865081  3.66322  0.586312  3.90595  
1.52741  2.76337  1.95544  1.30536  
1.34288  3.09145  0.076693  4.05229  
0.586312  3.90595  0.865081  3.66322  
1.83622  1.76657  2.02673  0.0267335  
1.68084  2.29146  1.1309  3.39704  
2.02673  0.0267335  1.52741  2.76337  
1.1309  3.39704  1.68084  2.29146  
0.076693  4.05229  1.83622  1.76657  
0.962514  3.60976  0.962514  3.60976  
0.0881558  4.02913  1.93653  1.34541  
1.69501  2.29386  0.677422  3.83841  
1.53525  2.70681  1.53525  2.70681  
1.19059  3.36365  2.02091  0.0209204  
1.93653  1.34541  1.69501  2.29386  
1.37127  3.07153  1.19059  3.36365  
0.677422  3.83841  0.0881558  4.02913  
2.02091  0.0209204  1.82841  1.8736  
1.82841  1.8736  1.38809  3.14858  
1.50705  2.75236  0.270857  4.02448  
0.270857  4.02448  1.66787  2.38932  
0.787178  3.78318  1.06809  3.47799  
1.06809  3.47799  2.04914  0.0501425  
1.99617  0.837749  0.787178  3.78318  
2.04914  0.0501425  1.90423  1.50254  
1.79144  1.9847  2.0266  0.868181  
1.90423  1.50254  1.50705  2.75236  
1.66787  2.38932  1.79144  1.9847  
1.30523  3.14614  1.30523  3.14614  
1.93742  2.3703  1.86744  2.34703  
2.11817  0.231469  1.3105  3.53902  
2.17854  0.888461  1.55294  3.01724  
1.39201  3.36505  2.11817  0.231469  
1.55294  3.01724  1.71904  2.79919  
1.86744  2.34703  1.93742  2.3703  
1.3105  3.53902  1.04566  3.73015  
1.71904  2.79919  1.39201  3.36505  
1.04566  3.73015  2.14988  1.21019  
1.95411  1.66252  1.95411  1.66252  
0.841878  3.83028  1.83473  2.13119  
1.91308  1.49125  2.0821  0.311328  
0.242716  4.08928  1.76828  2.24079  
1.83473  2.13119  2.05374  0.8493  
2.08298  0.189659  1.39264  3.0997  
1.08694  3.54343  0.841878  3.83028  
1.61734  2.62069  1.08694  3.54343  
1.76828  2.24079  1.91308  1.49125  
2.05374  0.8493  1.61734  2.62069  
1.39264  3.0997  0.242716  4.08928  
1.95976  1.06184  1.2187  3.23976  
1.86719  1.60062  1.86719  1.60062  
0.974711  3.54673  1.90455  1.52162  
1.42599  2.88613  0.660667  3.82523  
1.90455  1.52162  1.79362  2.104  
0.660667  3.82523  0.0585432  4.02883  
1.75018  2.06056  1.60507  2.48576  
0.0585432  4.02883  1.42599  2.88613  
1.60507  2.48576  1.95976  1.06184  
1.2187  3.23976  0.974711  3.54673  
1.30555  3.29709  1.43525  2.92275  
1.43525  2.92275  1.83166  1.94201  
1.83166  1.94201  0.507888  3.95142  
1.61467  2.69867  1.94196  1.41984  
2.04409  0.130822  1.30555  3.29709  
1.1325  3.53538  2.04409  0.130822  
1.94196  1.41984  1.68843  2.43773  
0.972765  3.7485  1.66027  2.74427  
1.68843  2.43773  0.972765  3.7485  
0.507888  3.95142  1.1325  3.53538  
1.08252  3.55736  1.26985  3.30507  
1.7972  2.14413  1.7972  2.14413  
0.711575  3.80961  1.65123  2.50218  
2.13908  0.257261  0.247036  4.07227  
1.65123  2.50218  2.13908  0.257261  
1.26985  3.30507  1.9086  1.69551  
2.02602  1.11222  0.711575  3.80961  
1.45334  2.88285  2.02602  1.11222  
0.247036  4.07227  1.08252  3.55736  
1.9086  1.69551  1.45334  2.88285  
1.19747  3.28342  1.58098  2.54873  
0.95034  3.579  1.19747  3.28342  
1.86102  1.62035  0.95034  3.579  
1.95895  1.08008  0.196436  4.05507  
0.648995  3.83514  1.73396  2.10834  
1.40147  2.9403  1.95895  1.08008  
2.02718  0.0271779  2.02718  0.0271779  
0.164147  4.02278  1.86102  1.62035  
1.73396  2.10834  1.40147  2.9403  
1.58098  2.54873  0.648995  3.83514  
1.75018  2.06056  0.974711  3.54673  
1.2187  3.23976  0.099507  4.06979  
1.95976  1.06184  1.60507  2.48576  
1.60507  2.48576  1.2187  3.23976  
1.42599  2.88613  0.660667  3.82523  
0.0585432  4.02883  1.95976  1.06184  
2.02639  0.0263914  1.42599  2.88613  
0.974711  3.54673  1.75018  2.06056  
1.86719  1.60062  1.86719  1.60062  
0.660667  3.82523  2.02639  0.0263914  
1.39119  2.99696  0.640185  3.85063  
0.617095  3.90266  0.0270497  4.02524  
1.85418  1.84182  1.94818  1.14836  
0.906787  3.63225  1.15783  3.33674  
1.58107  2.5838  1.8402  1.72031  
0.0846985  4.06058  0.914725  3.61419  
1.18433  3.35292  1.54575  2.63034  
1.74279  2.23851  2.02566  0.0256618  
2.02792  0.0279214  1.36609  3.00171  
1.93982  1.31075  1.70739  2.19099  
2.02566  0.0256618  1.39119  2.99696  
1.8402  1.72031  1.93982  1.31075  
0.914725  3.61419  0.906787  3.63225  
1.15783  3.33674  0.0846985  4.06058  
0.640185  3.85063  1.22742  3.39602  
1.94818  1.14836  1.74279  2.23851  
1.36609  3.00171  1.85418  1.84182  
1.54575  2.63034  1.58107  2.5838  
1.70739  2.19099  2.02792  0.0279214  
0.0270497  4.02524  0.617095  3.90266  
1.94813  1.14656  0.0765912  4.05219  
1.84118  1.7225  1.37146  3.04183  
1.17246  3.31154  1.69067  2.2624  
0.126924  4.02491  1.54645  2.72118  
1.3749  2.99217  0.896118  3.63376  
0.93255  3.59836  1.84042  1.74891  
2.02681  0.0268124  0.615109  3.88947  
0.639239  3.84284  1.95713  1.29472  
1.71041  2.19899  2.02685  0.0886202  
1.55208  2.61519  1.16214  3.35552  
2.02651  0.0265107  1.37869  2.97349  
1.54645  2.72118  0.622713  3.84336  
1.37146  3.04183  1.95329  1.11257  
0.896118  3.63376  1.72426  2.14386  
0.0765912  4.05219  1.68448  2.47342  
1.16214  3.35552  1.85304  1.67667  
1.84042  1.74891  1.18396  3.31748  
0.615109  3.88947  0.927361  3.59804  
1.95713  1.29472  2.02637  0.0263712  
1.69067  2.2624  0.103682  4.0311  
0.622713  3.84336  1.94813  1.14656  
1.18396  3.31748  1.71041  2.19899  
1.72426  2.14386  2.02681  0.0268124  
1.95329  1.11257  1.55208  2.61519  
1.37869  2.97349  0.93255  3.59836  
1.56913  2.57917  1.3749  2.99217  
0.103682  4.0311  1.17246  3.31154  
0.927361  3.59804  1.91349  1.7948  
1.85304  1.67667  0.126924  4.02491  
2.02637  0.0263712  0.639239  3.84284  
1.37111  2.99103  1.8393  1.72256  
1.55054  2.61828  2.02906  0.0290631  
0.920748  3.60742  1.94793  1.15032  
2.02534  0.0253411  0.920748  3.60742  
1.16234  3.32944  1.37088  2.9908  
0.0246428  4.02409  0.0246428  4.02409  
1.8393  1.72256  1.55219  2.61993  
1.94753  1.14992  1.70583  2.19544  
1.70762  2.19723  1.16234  3.32944  
0.637674  3.84993  0.637674  3.84993  
1.70762  2.19723  0.920748  3.60742  
1.16234  3.32944  0.637674  3.84993  
1.55054  2.61828  2.02534  0.0253411  
1.37088  2.9908  1.8393  1.72256  
2.02534  0.0253411  1.55054  2.61828  
1.94753  1.14992  1.70762  2.19723  
0.637674  3.84993  0.0246428  4.02409  
0.920748  3.60742  1.16234  3.32944  
1.8393  1.72256  1.37111  2.99103  
0.0246428  4.02409  1.96782  1.03757  
1.55054  2.61828  1.70762  2.19723  
1.8393  1.72256  1.94753  1.14992  
1.94753  1.14992  0.920748  3.60742  
2.02534  0.0253411  0.637674  3.84993  
0.0246428  4.02409  1.55054  2.61828  
1.16234  3.32944  1.39221  3.01214  
1.70762  2.19723  0.0246428  4.02409  
1.37088  2.9908  1.8393  1.72256  
0.920748  3.60742  1.16234  3.32944  
0.637674  3.84993  2.02534  0.0253411  
1.55054  2.61828  0.637674  3.84993  
0.0246428  4.02409  1.37088  2.9908  
1.94753  1.14992  2.02534  0.0253411  
1.16312  3.33106  0.920748  3.60742  
1.8393  1.72256  1.55054  2.61828  
0.920748  3.60742  0.0689311  4.06837  
1.7056  2.19521  1.94753  1.14992  
1.37193  2.99186  1.70762  2.19723  
2.02534  0.0253411  1.8393  1.72256  
0.637674  3.84993  1.16234  3.32944  
0.637674  3.84993  1.94753  1.14992  
1.7056  2.19521  1.37088  2.9908  
1.16312  3.33106  1.8393  1.72256  
1.55054  2.61828  0.637674  3.84993  
1.8393  1.72256  0.0451895  4.04463  
0.920748  3.60742  1.55054  2.61828  
1.94753  1.14992  0.920748  3.60742  
0.0246428  4.02409  2.02534  0.0253411  
1.37088  2.9908  1.16312  3.33106  
2.02534  0.0253411  1.7056  2.19521  
1.8393  1.72256  0.928554  3.61522  
1.7056  2.19521  1.8393  1.72256  
1.55054  2.61828  1.37088  2.9908  
0.0246428  4.02409  0.637674  3.84993  
1.94753  1.14992  1.55054  2.61828  
1.16234  3.32944  2.02534  0.0253411  
0.637674  3.84993  1.94753  1.14992  
1.37088  2.9908  1.7056  2.19521  
2.02534  0.0253411  1.16234  3.32944  
0.920748  3.60742  0.0246428  4.02409  
2.02534  0.0253411  0.0246428  4.02409  
1.37088  2.9908  1.59288  2.66062  
1.94753  1.14992  0.637674  3.84993  
1.7056  2.19521  0.920748  3.60742  
0.920748  3.60742  2.02534  0.0253411  
0.0246428  4.02409  1.8393  1.72256  
1.8393  1.72256  1.94753  1.14992  
1.16234  3.32944  1.37193  2.99186  
1.55219  2.61993  1.7056  2.19521  
0.637674  3.84993  1.16312  3.33106  
1.37088  2.9908  1.37088  2.9908  
1.16234  3.32944  1.94753  1.14992  
1.70583  2.19544  1.55219  2.61993  
1.55219  2.61993  0.920748  3.60742  
1.8393  1.72256  0.637674  3.84993  
0.637674  3.84993  1.16234  3.32944  
1.94753  1.14992  1.87501  1.75827  
2.02534  0.0253411  2.02534  0.0253411  
0.920748  3.60742  0.0246428  4.02409  
0.0246428  4.02409  1.7056  2.19521  
0.637674  3.84993  1.16234  3.32944  
1.70583  2.19544  0.637674  3.84993  
1.16234  3.32944  0.920748  3.60742  
2.02534  0.0253411  1.94753  1.14992  
1.37088  2.9908  1.61871  2.4608  
1.55219  2.61993  1.70583  2.19544  
1.94753  1.14992  1.8393  1.72256  
1.8393  1.72256  2.02534  0.0253411  
0.920748  3.60742  1.37088  2.9908  
0.0246428  4.02409  1.55219  2.61993  
0.637674  3.84993  1.37088  2.9908  
0.0246428  4.02409  1.94793  1.15032  
1.37088  2.9908  1.8393  1.72256  
1.8393  1.72256  0.0246428  4.02409  
2.02534  0.0253411  1.70583  2.19544  
1.16234  3.32944  1.16234  3.32944  
1.94753  1.14992  0.637674  3.84993  
0.920748  3.60742  0.920748  3.60742  
1.55219  2.61993  1.55219  2.61993  
1.70583  2.19544  2.02534  0.0253411  
1.70909  2.18318  0.0239446  4.02357  
1.16177  3.32835  0.920188  3.60687  
0.0239446  4.02357  1.70909  2.18318  
0.920188  3.60687  1.1843  3.35088  
1.54971  2.619  1.84384  1.70066  
2.0252  0.0251985  1.54971  2.619  
1.94976  1.13245  0.63663  3.84968  
0.63663  3.84968  2.0252  0.0251985  
1.84384  1.70066  1.94976  1.13245  
1.37046  2.99049  1.37046  2.99049  
1.70909  2.18318  1.70909  2.18318  
0.0239446  4.02357  1.16177  3.32835  
2.0252  0.0251985  0.0239446  4.02357  
1.84384  1.70066  1.94976  1.13245  
0.920188  3.60687  0.63663  3.84968  
1.94976  1.13245  2.0252  0.0251985  
1.54971  2.619  0.920188  3.60687  
1.16177  3.32835  1.37046  2.99049  
1.37046  2.99049  1.84384  1.70066  
0.63663  3.84968  1.57316  2.64244  
0.63663  3.84968  2.0252  0.0251985  
1.84384  1.70066  0.920188  3.60687  
1.16177  3.32835  1.84384  1.70066  
0.0239446  4.02357  1.70909  2.18318  
1.54971  2.619  0.63663  3.84968  
0.920188  3.60687  1.37046  2.99049  
1.70909  2.18318  1.54971  2.619  
2.0252  0.0251985  0.0239446  4.02357  
1.94976  1.13245  1.94976  1.13245  
1.37046  2.99049  1.1723  3.33889  
2.0252  0.0251985  0.0239446  4.02357  
1.70909  2.18318  1.70909  2.18318  
1.16177  3.32835  1.1214  3.38232  
0.920188  3.60687  1.37046  2.99049  
1.94976  1.13245  0.920188  3.60687  
1.84384  1.70066  1.54971  2.619  
1.54971  2.619  1.94976  1.13245  
0.63663  3.84968  0.63663  3.84968  
1.37046  2.99049  1.84384  1.70066  
0.0239446  4.02357  2.0252  0.0251985  
2.0252  0.0251985  2.0252  0.0251985  
0.920188  3.60687  1.37046  2.99049  
0.0239446  4.02357  1.84384  1.70066  
1.37046  2.99049  0.63663  3.84968  
1.16177  3.32835  1.17479  3.34138  
1.94976  1.13245  1.54971  2.619  
0.63663  3.84968  1.94976  1.13245  
1.84384  1.70066  1.70909  2.18318  
1.70909  2.18318  0.0239446  4.02357  
1.54971  2.619  0.920188  3.60687  
1.94976  1.13245  1.54971  2.619  
0.63663  3.84968  2.0252  0.0251985  
0.920188  3.60687  0.0239446  4.02357  
1.84384  1.70066  0.63663  3.84968  
1.37046  2.99049  0.589241  3.87072  
1.54971  2.619  1.94976  1.13245  
0.0239446  4.02357  1.70909  2.18318  
1.16177  3.32835  1.84384  1.70066  
2.0252  0.0251985  0.920188  3.60687  
1.70909  2.18318  1.37046  2.99049  
2.0252  0.0251985  0.63663  3.84968  
1.94976  1.13245  0.0239446  4.02357  
0.920188  3.60687  1.37046  2.99049  
1.16177  3.32835  1.16177  3.32835  
1.54971  2.619  2.0252  0.0251985  
1.37046  2.99049  0.939351  3.62603  
0.63663  3.84968  1.84384  1.70066  
0.0239446  4.02357  1.94976  1.13245  
1.84384  1.70066  1.54971  2.619  
1.70909  2.18318  1.70909  2.18318  
0.0239446  4.02357  1.37046  2.99049  
2.0252  0.0251985  1.75762  2.03314  
1.84384  1.70066  0.920188  3.60687  
1.54971  2.619  0.63663  3.84968  
1.70909  2.18318  1.54971  2.619  
1.16177  3.32835  1.16177  3.32835  
1.37046  2.99049  1.70909  2.18318  
0.920188  3.60687  1.94976  1.13245  
0.63663  3.84968  2.0252  0.0251985  
1.94976  1.13245  0.0239446  4.02357  
0.920188  3.60687  0.657736  3.87078  
0.0239446  4.02357  1.70909  2.18318  
2.0252  0.0251985  2.0252  0.0251985  
1.94976  1.13245  1.16177  3.32835  
1.16177  3.32835  1.84384  1.70066  
1.37046  2.99049  1.54971  2.619  
1.54971  2.619  0.0239446  4.02357  
1.70909  2.18318  1.94976  1.13245  
0.63663  3.84968  0.920188  3.60687  
1.84384  1.70066  1.37046  2.99049  
2.0252  0.0251985  0.928645  3.61533  
0.920188  3.60687  1.94976  1.13245  
1.37046  2.99049  2.0252  0.0251985  
0.63663  3.84968  1.70909  2.18318  
1.94976  1.13245  1.16177  3.32835  
1.70909  2.18318  1.54971  2.619  
1.16177  3.32835  1.84384  1.70066  
0.0239446  4.02357  0.63663  3.84968  
1.84384  1.70066  0.0239446  4.02357  
1.54971  2.619  1.37046  2.99049  
1.70907  2.18315  1.94973  1.13243  
0.0237684  4.02353  0.636584  3.84955  
0.636584  3.84955  1.16173  3.32833  
1.84382  1.70071  1.70907  2.18315  
1.54967  2.61899  1.37041  2.99048  
1.16173  3.32833  0.920088  3.60689  
0.920088  3.60689  0.0237684  4.02353  
1.37041  2.99048  1.54967  2.61899  
1.94973  1.13243  2.0255  0.0255002  
2.02519  0.0251867  1.84382  1.70071  
1.16173  3.32833  1.54967  2.61899  
0.0237684  4.02353  1.16173  3.32833  
1.37041  2.99048  1.94973  1.13243  
1.94973  1.13243  0.0237684  4.02353  
1.70907  2.18315  1.84382  1.70071  
0.920088  3.60689  1.71805  2.19214  
2.02519  0.0251867  0.636584  3.84955  
1.84382  1.70071  2.02519  0.0251867  
1.54967  2.61899  0.920088  3.60689  
0.636584  3.84955  1.37041  2.99048  
0.636584  3.84955  1.16173  3.32833  
1.16173  3.32833  1.70907  2.18315  
0.920088  3.60689  0.636584  3.84955  
1.94973  1.13243  1.84382  1.70071  
1.37041  2.99048  0.920088  3.60689  
1.70907  2.18315  1.94973  1.13243  
1.84382  1.70071  2.04306  0.0430605  
2.02519  0.0251867  0.0237684  4.02353  
1.54967  2.61899  1.37041  2.99048  
0.0237684  4.02353  1.54967  2.61899  
0.0237684  4.02353  0.636584  3.84955  
0.920088  3.60689  1.84382  1.70071  
1.70907  2.18315  1.16173  3.32833  
0.636584  3.84955  1.37041  2.99048  
1.84382  1.70071  0.920088  3.60689  
1.37041  2.99048  0.0237684  4.02353  
1.54967  2.61899  2.02519  0.0251867  
1.16173  3.32833  1.94973  1.13243  
1.94973  1.13243  1.54967  2.61899  
2.02519  0.0251867  1.70907  2.18315  
2.02519  0.0251867  1.54967  2.61899  
1.94973  1.13243  1.37041  2.99048  
1.37041  2.99048  1.84382  1.70071  
0.920088  3.60689  2.02519  0.0251867  
1.54967  2.61899  1.16173  3.32833  
0.0237684  4.02353  0.920088  3.60689  
0.636584  3.84955  0.0237684  4.02353  
1.70907  2.18315  0.711469  3.92444  
1.16173  3.32833  1.70907  2.18315  
1.84382  1.70071  1.94973  1.13243  
0.636584  3.84955  0.920088  3.60689  
0.0237684  4.02353  0.636584  3.84955  
1.54967  2.61899  1.94973  1.13243  
1.94973  1.13243  1.16173  3.32833  
0.920088  3.60689  1.84382  1.70071  
1.16173  3.32833  1.71324  2.18733  
1.70907  2.18315  0.0237684  4.02353  
2.02519  0.0251867  1.54967  2.61899  
1.37041  2.99048  2.02519  0.0251867  
1.84382  1.70071  1.37041  2.99048  
1.84382  1.70071  1.84382  1.70071  
0.0237684  4.02353  1.94973  1.13243  
1.54967  2.61899  0.920088  3.60689  
1.37041  2.99048  2.02671  0.0267135  
1.16173  3.32833  1.54967  2.61899  
0.920088  3.60689  1.70907  2.18315  
1.70907  2.18315  0.636584  3.84955  
1.94973  1.13243  0.0237684  4.02353  
2.02519  0.0251867  1.16173  3.32833  
0.636584  3.84955  1.37041  2.99048  
1.70907  2.18315  0.636584  3.84955  
1.84382  1.70071  1.94973  1.13243  
2.02519  0.0251867  0.0237684  4.02353  
1.94973  1.13243  1.54967  2.61899  
1.54967  2.61899  2.02519  0.0251867  
0.920088  3.60689  0.920088  3.60689  
0.0237684  4.02353  1.70907  2.18315  
1.16173  3.32833  1.37041  2.99048  
0.636584  3.84955  1.84382  1.70071  
1.37041  2.99048  1.16173  3.32833  
0.636584  3.84955  0.920088  3.60689  
1.37041  2.99048  0.636584  3.84955  
1.70907  2.18315  1.37041  2.99048  
1.16173  3.32833  1.16173  3.32833  
1.94973  1.13243  1.54967  2.61899  
0.920088  3.60689  1.70907  2.18315  
0.0237684  4.02353  0.0873705  4.08714  
1.84382  1.70071  1.94973  1.13243  
2.02519  0.0251867  2.02519  0.0251867  
1.54967  2.61899  1.84382  1.70071  
0.0237684  4.02353  1.54967  2.61899  
1.94973  1.13243  1.94973  1.13243  
1.84382  1.70071  1.70907  2.18315  
0.920088  3.60689  1.37805  2.99813  
1.54967  2.61899  0.920088  3.60689  
1.37041  2.99048  0.0237684  4.02353  
2.02519  0.0251867  2.02519  0.0251867  
1.16173  3.32833  1.16173  3.32833  
0.636584  3.84955  1.84382  1.70071  
1.70907  2.18315  0.636584  3.84955  
2.02518  0.0251813  1.94969  1.13243  
0.0239051  4.02353  1.8438  1.70071  
1.16171  3.32832  0.0239051  4.02353  
1.94969  1.13243  0.636548  3.84954  
1.70905  2.18319  0.920112  3.60684  
1.8438  1.70071  1.16171  3.32832  
1.54966  2.619  1.57112  2.68287  
0.920112  3.60684  1.70905  2.18319  
0.636548  3.84954  2.02518  0.0251813  
1.37038  2.99052  1.37038  2.99052  
1.16171  3.32832  2.02518  0.0251813  
0.920112  3.60684  0.636548  3.84954  
1.8438  1.70071  1.94969  1.13243  
1.94969  1.13243  0.0791423  4.07876  
1.37038  2.99052  1.16171  3.32832  
2.02518  0.0251813  1.37038  2.99052  
1.54966  2.619  1.54966  2.619  
1.70905  2.18319  0.920112  3.60684  
0.636548  3.84954  1.70905  2.18319  
0.0239051  4.02353  1.8438  1.70071  
1.94969  1.13243  1.70905  2.18319  
1.16171  3.32832  1.94969  1.13243  
1.54966  2.619  0.0239051  4.02353  
0.920112  3.60684  2.02518  0.0251813  
1.8438  1.70071  1.54966  2.619  
0.636548  3.84954  1.8438  1.70071  
0.0239051  4.02353  1.37038  2.99052  
2.02518  0.0251813  1.16171  3.32832  
1.37038  2.99052  0.636548  3.84954  
1.70905  2.18319  0.939767  3.6265  
1.70905  2.18319  0.0239051  4.02353  
0.0239051  4.02353  1.54966  2.619  
0.920112  3.60684  0.920112  3.60684  
1.37038  2.99052  2.02518  0.0251813  
2.02518  0.0251813  0.636548  3.84954  
1.16171  3.32832  1.70905  2.18319  
0.636548  3.84954  1.38521  2.97044  
1.54966  2.619  1.16171  3.32832  
1.8438  1.70071  1.94969  1.13243  
1.94969  1.13243  1.8438  1.70071  
1.8438  1.70071  1.84727  1.70418  
1.37038  2.99052  1.94969  1.13243  
0.920112  3.60684  1.54966  2.619  
0.636548  3.84954  1.16171  3.32832  
1.16171  3.32832  0.920112  3.60684  
2.02518  0.0251813  2.02518  0.0251813  
1.54966  2.619  0.636548  3.84954  
1.94969  1.13243  1.37038  2.99052  
0.0239051  4.02353  1.70905  2.18319  
1.70905  2.18319  0.0239051  4.02353  
1.70905  2.18319  1.54966  2.619  
0.636548  3.84954  2.02518  0.0251813  
1.37038  2.99052  0.636548  3.84954  
1.8438  1.70071  1.37038  2.99052  
2.02518  0.0251813  1.16171  3.32832  
0.920112  3.60684  1.70905  2.18319  
0.0239051  4.02353  1.8438  1.70071  
1.94969  1.13243  1.96454  1.14728  
1.16171  3.32832  0.0239051  4.02353  
1.54966  2.619  0.920112  3.60684  
1.37038  2.99052  1.54966  2.619  
1.54966  2.619  0.920112  3.60684  
1.94969  1.13243  2.025  0.145413  
2.02518  0.0251813  1.8438  1.70071  
0.920112  3.60684  0.0239051  4.02353  
0.636548  3.84954  1.94969  1.13243  
1.8438  1.70071  1.37038  2.99052  
1.16171  3.32832  1.70905  2.18319  
0.0239051  4.02353  1.16171  3.32832  
1.70905  2.18319  0.636548  3.84954  
1.94969  1.13243  1.8438  1.70071  
2.02518  0.0251813  1.37038  2.99052  
1.16171  3.32832  1.94969  1.13243  
1.54966  2.619  0.930555  3.61729  
1.70905  2.18319  2.02518  0.0251813  
0.0239051  4.02353  1.54966  2.619  
1.8438  1.70071  1.16171  3.32832  
0.636548  3.84954  0.0239051  4.02353  
0.920112  3.60684  1.70905  2.18319  
1.37038  2.99052  0.636548  3.84954  
1.8438  1.70071  1.94969  1.13243  
0.0239051  4.02353  1.16171  3.32832  
2.02518  0.0251813  0.0239051  4.02353  
1.37038  2.99052  0.920112  3.60684  
1.54966  2.619  1.37038  2.99052  
1.16171  3.32832  0.636548  3.84954  
1.70905  2.18319  1.70905  2.18319  
0.920112  3.60684  2.02518  0.0251813  
1.94969  1.13243  1.54966  2.619  
0.636548  3.84954  1.84412  1.70103  
0.0239051  4.02353  2.02518  0.0251813  
0.636548  3.84954  1.16171  3.32832  
1.8438  1.70071  1.8438  1.70071  
1.54966  2.619  0.0239051  4.02353  
2.02518  0.0251813  0.920112  3.60684  
1.70905  2.18319  1.38054  3.00068  
1.37038  2.99052  1.54966  2.619  
1.16171  3.32832  1.70905  2.18319  
1.94969  1.13243  0.636548  3.84954  
0.920112  3.60684  1.94969  1.13243  
2.02518  0.0251766  1.54966  2.619  
0.0239434  4.02352  0.636543  3.84953  
0.920122  3.60683  0.920122  3.60683  
1.16172  3.32829  1.94999  1.13273  
1.94968  1.13242  1.16172  3.32829  
1.3704  2.99049  0.0239434  4.02352  
1.8438  1.70071  1.3704  2.99049  
1.70905  2.18318  1.8438  1.70071  
1.54966  2.619  1.70905  2.18318  
0.636543  3.84953  2.02518  0.0251766  
1.16172  3.32829  1.8438  1.70071  
1.54966  2.619  0.636543  3.84953  
1.3704  2.99049  0.920122  3.60683  
1.8438  1.70071  1.54966  2.619  
2.02518  0.0251766  0.0239434  4.02352  
0.636543  3.84953  1.70905  2.18318  
0.0239434  4.02352  2.02821  0.0282099  
0.920122  3.60683  1.3704  2.99049  
1.94968  1.13242  1.16172  3.32829  
1.70905  2.18318  1.94968  1.13242  
1.3704  2.99049  1.8438  1.70071  
0.0239434  4.02352  1.70905  2.18318  
1.16172  3.32829  0.0239434  4.02352  
2.02518  0.0251766  1.3704  2.99049  
0.636543  3.84953  2.02518  0.0251766  
1.94968  1.13242  1.94968  1.13242  
1.54966  2.619  1.16172  3.32829  
1.70905  2.18318  1.54966  2.619  
1.8438  1.70071  0.941802  3.59391  
0.920122  3.60683  0.636543  3.84953  
1.16172  3.32829  1.8438  1.70071  
1.70905  2.18318  1.70905  2.18318  
1.3704  2.99049  1.16172  3.32829  
1.94968  1.13242  1.54966  2.619  
1.8438  1.70071  0.0239434  4.02352  
0.636543  3.84953  0.636543  3.84953  
1.54966  2.619  1.94968  1.13242  
0.0239434  4.02352  2.0324  0.0324038  
2.02518  0.0251766  1.3704  2.99049  
0.920122  3.60683  0.920122  3.60683  
0.920122  3.60683  1.54966  2.619  
0.0239434  4.02352  0.636543  3.84953  
1.94968  1.13242  1.37192  2.99201  
1.70905  2.18318  1.16172  3.32829  
0.636543  3.84953  1.70905  2.18318  
1.8438  1.70071  0.920122  3.60683  
1.3704  2.99049  2.02518  0.0251766  
1.54966  2.619  1.8438  1.70071  
1.16172  3.32829  1.94968  1.13242  
2.02518  0.0251766  0.0239434  4.02352  
1.16172  3.32829  1.16172  3.32829  
1.3704  2.99049  2.02518  0.0251766  
0.0239434  4.02352  1.3704  2.99049  
2.02518  0.0251766  0.636543  3.84953  
1.94968  1.13242  1.54966  2.619  
0.920122  3.60683  1.8438  1.70071  
1.70905  2.18318  0.920122  3.60683  
0.636543  3.84953  1.94968  1.13242  
1.8438  1.70071  0.0239434  4.02352  
1.54966  2.619  1.70905  2.18318  
1.3704  2.99049  1.70905  2.18318  
1.70905  2.18318  0.920122  3.60683  
1.54966  2.619  1.3704  2.99049  
1.16172  3.32829  1.54966  2.619  
1.94968  1.13242  0.0239434  4.02352  
0.920122  3.60683  2.02518  0.0251766  
0.636543  3.84953  1.8438  1.70071  
1.8438  1.70071  0.636543  3.84953  
2.02518  0.0251766  1.94968  1.13242  
0.0239434  4.02352  1.18911  3.35568  
2.02518  0.0251766  1.3704  2.99049  
0.636543  3.84953  1.94968  1.13242  
1.94968  1.13242  1.16172  3.32829  
1.70905  2.18318  1.8438  1.70071  
0.0239434  4.02352  0.0239434  4.02352  
1.54966  2.619  1.54966  2.619  
1.8438  1.70071  0.659182  3.87217  
1.3704  2.99049  2.02518  0.0251766  
0.920122  3.60683  0.920122  3.60683  
1.16172  3.32829  1.70905  2.18318  
1.70905  2.18318  1.54966  2.619  
1.8438  1.70071  1.94968  1.13242  
0.0239434  4.02352  1.8438  1.70071  
1.94968  1.13242  1.70905  2.18318  
2.02518  0.0251766  1.16172  3.32829  
1.54966  2.619  1.42192  3.04201  
1.16172  3.32829  0.0239434  4.02352  
1.3704  2.99049  0.920122  3.60683  
0.636543  3.84953  2.02518  0.0251766  
0.920122  3.60683  0.636543  3.84953  
1.94968  1.13242  2.0516  0.0516016  
0.920122  3.60683  0.636543  3.84953  
1.3704  2.99049  1.8438  1.70071  
1.8438  1.70071  1.3704  2.99049  
1.54966  2.619  1.54966  2.619  
0.636543  3.84953  1.16172  3.32829  
0.0239434  4.02352  0.0239434  4.02352  
2.02518  0.0251766  1.70905  2.18318  
1.70905  2.18318  1.94968  1.13242  
1.16172  3.32829  0.920122  3.60683  
1.54966  2.619  1.94968  1.13241  
1.94968  1.13241  0.920117  3.60682  
2.02517  0.025173  2.02517  0.025173  
1.37039  2.99048  1.37039  2.99048  
0.63654  3.84951  1.8438  1.70072  
1.16171  3.32829  1.70905  2.18318  
0.920117  3.60682  0.0239428  4.02352  
0.0239428  4.02352  1.16171  3.32829  
1.70905  2.18318  1.54966  2.619  
1.8438  1.70072  0.642631  3.8556  
1.54966  2.619  1.54966  2.619  
1.94968  1.13241  2.02517  0.025173  
0.63654  3.84951  1.8438  1.70072  
0.0239428  4.02352  0.0298085  4.02938  
0.920117  3.60682  1.16171  3.32829  
1.70905  2.18318  1.94968  1.13241  
1.8438  1.70072  0.63654  3.84951  
2.02517  0.025173  0.920117  3.60682  
1.16171  3.32829  1.37039  2.99048  
1.37039  2.99048  1.70905  2.18318  
1.8438  1.70072  1.70905  2.18318  
1.94968  1.13241  1.37039  2.99048  
1.37039  2.99048  1.16996  3.33654  
0.63654  3.84951  0.63654  3.84951  
0.920117  3.60682  1.94968  1.13241  
1.54966  2.619  1.8438  1.70072  
1.16171  3.32829  0.920117  3.60682  
0.0239428  4.02352  2.02517  0.025173  
1.70905  2.18318  1.54966  2.619  
2.02517  0.025173  0.0239428  4.02352  
1.8438  1.70072  1.54966  2.619  
1.70905  2.18318  1.16171  3.32829  
1.94968  1.13241  1.70905  2.18318  
0.63654  3.84951  0.63654  3.84951  
0.920117  3.60682  2.02517  0.025173  
0.0239428  4.02352  1.8438  1.70072  
2.02517  0.025173  1.96986  1.1954  
1.16171  3.32829  0.920117  3.60682  
1.37039  2.99048  0.0239428  4.02352  
1.54966  2.619  1.37039  2.99048  
0.0239428  4.02352  1.54966  2.619  
2.02517  0.025173  1.8438  1.70072  
0.63654  3.84951  1.94968  1.13241  
1.16171  3.32829  0.920117  3.60682  
1.54966  2.619  2.02517  0.025173  
0.920117  3.60682  1.70905  2.18318  
1.94968  1.13241  0.63654  3.84951  
1.8438  1.70072  1.37039  2.99048  
1.70905  2.18318  0.02437  4.02395  
1.37039  2.99048  1.16171  3.32829  
2.02517  0.025173  1.38728  3.00737  
0.920117  3.60682  1.54966  2.619  
1.54966  2.619  1.16171  3.32829  
1.70905  2.18318  0.0239428  4.02352  
1.94968  1.13241  0.920117  3.60682  
0.0239428  4.02352  1.70905  2.18318  
0.63654  3.84951  1.94968  1.13241  
1.16171  3.32829  0.63654  3.84951  
1.8438  1.70072  1.8438  1.70072  
1.37039  2.99048  2.02517  0.025173  
0.920117  3.60682  2.02517  0.025173  
2.02517  0.025173  0.0239428  4.02352  
1.94968  1.13241  1.37039  2.99048  
0.63654  3.84951  1.8438  1.70072  
1.54966  2.619  1.94968  1.13241  
1.16171  3.32829  1.17513  3.34171  
1.70905  2.18318  1.70905  2.18318  
1.37039  2.99048  1.54966  2.619  
1.8438  1.70072  0.920117  3.60682  
0.0239428  4.02352  0.63654  3.84951  
0.0239428  4.02352  1.54966  2.619  
1.16171  3.32829  0.920117  3.60682  
1.37039  2.99048  1.16171  3.32829  
1.94968  1.13241  1.94968  1.13241  
1.8438  1.70072  0.959515  3.55844  
0.63654  3.84951  1.37039  2.99048  
1.54966  2.619  2.02517  0.025173  
0.920117  3.60682  1.70905  2.18318  
2.02517  0.025173  0.63654  3.84951  
1.70905  2.18318  1.8438  1.70072  
0.0239428  4.02352  1.8438  1.70072  
1.37039  2.99048  0.0239428  4.02352  
2.02517  0.025173  0.932281  3.61899  
0.63654  3.84951  1.37039  2.99048  
1.94968  1.13241  0.63654  3.84951  
0.920117  3.60682  1.70905  2.18318  
1.70905  2.18318  1.16171  3.32829  
1.16171  3.32829  1.94968  1.13241  
1.8438  1.70072  2.02517  0.025173  
1.54966  2.619  1.54966  2.619  
1.8438  1.70072  1.8438  1.70072  
0.0239428  4.02352  0.920117  3.60682  
1.54966  2.619  0.63654  3.84951  
0.63654  3.84951  2.00348  0.916195  
2.02517  0.025173  1.37039  2.99048  
1.94968  1.13241  2.02517  0.025173  
1.70905  2.18318  1.70905  2.18318  
0.920117  3.60682  0.0239428  4.02352  
1.37039  2.99048  1.54966  2.619  
1.16171  3.32829  1.16171  3.32829  
