2.2764  3.13365  2.32557  2.65794  
2.05509  3.38457  2.72114  2.14376  
2.06886  3.70643  1.29676  4.57067  
1.965  3.94353  2.72023  2.28018  
2.08619  3.20037  2.41216  2.48625  
2.79642  1.56701  2.25058  2.44975  
2.54666  2.47992  2.70301  2.26258  
2.58324  2.47011  2.61431  2.05653  
0.53667  4.46629  2.51381  3.32925  
2.3726  2.95553  1.71608  3.90732  
2.66595  2.12899  2.39323  2.97541  
1.18087  4.26189  2.20131  1.93607  
2.31671  3.16844  1.94263  3.56914  
0.682782  4.56567  1.61898  3.76999  
2.60129  2.41235  2.24446  3.33359  
2.58023  2.24318  1.98493  3.28437  
2.27964  3.16282  2.42366  3.33321  
2.2458  3.67204  2.11191  3.88529  
2.45698  2.31615  2.13406  3.96128  
2.68685  1.86827  2.13591  3.56829  
2.36898  2.98296  1.40678  4.69351  
2.48282  3.1843  2.48107  2.91757  
1.65508  4.28309  2.11887  3.76665  
2.22694  3.05334  2.2052  2.65187  
2.43477  2.41897  2.6739  2.86149  
2.44377  3.10591  2.50536  2.74832  
1.57533  4.59512  1.90366  3.78977  
2.49519  2.1649  2.07201  3.30236  
2.65556  2.55642  2.29173  3.34718  
1.81578  3.56213  2.5571  2.45269  
2.14237  3.39989  1.96198  3.90686  
2.12102  3.22896  2.52495  2.29059  
1.87393  4.05561  1.68889  4.36752  
2.16568  3.0345  2.32924  2.95257  
2.03997  3.49664  1.29202  4.7309  
2.15863  3.04379  2.36028  2.92588  
2.45514  3.21678  2.42282  2.95949  
1.44621  4.32573  2.13136  3.58984  
2.38197  3.09541  2.68414  2.02056  
1.5022  4.70445  2.26499  3.20106  
2.1288  3.94948  2.06655  2.78543  
1.1042  4.68589  2.15735  3.63874  
1.8687  3.51295  2.18188  3.47355  
2.58651  2.95621  1.25422  4.78409  
2.60839  2.34404  1.57742  3.94214  
2.28201  3.17605  2.32053  3.39114  
1.31112  4.4862  2.48331  3.14139  
0.836895  4.53776  1.79377  3.93231  
2.37191  3.46079  2.42511  2.28612  
2.59296  2.91402  2.38259  2.75619  
1.71256  4.25701  2.27457  2.35782  
2.2098  3.42803  2.01331  3.76527  
1.60771  4.50052  2.49611  2.70272  
2.60759  2.25608  2.51683  2.98113  
2.45217  2.54029  2.19617  3.41047  
2.28572  3.46441  0.785805  4.57875  
2.09715  3.75897  2.35417  2.30768  
2.29001  2.0484  1.9626  3.58425  
2.69332  2.02707  2.15903  3.57455  
2.46107  1.94119  2.4176  3.07917  
2.18107  2.39428  2.32567  2.90661  
2.3442  3.32945  2.47295  2.60447  
2.7243  2.30481  1.96458  3.44653  
2.5176  2.89132  2.54009  1.72246  
2.65331  2.51508  2.30752  2.37824  
1.82742  4.25911  1.2459  4.6315  
2.37861  2.94748  2.46198  3.25693  
2.22322  1.58643  2.37484  3.30954  
2.47629  3.16995  2.56505  2.8686  
2.43555  2.3062  2.37538  2.53805  
2.02147  3.54605  2.60646  2.86932  
2.5831  2.31649  2.57883  2.58743  
2.67105  2.09532  1.3329  4.60757  
2.58183  3.01755  2.22314  3.61662  
2.14596  3.88375  2.62562  3.00459  
2.59829  2.62076  1.86654  4.23631  
2.08945  3.76137  2.08546  3.88505  
1.99319  4.09422  1.54085  4.72425  
2.06714  3.82415  1.77409  3.63048  
2.29466  2.57882  2.1066  3.90812  
2.72354  2.45253  2.5  2.10085  
2.40842  3.58033  2.15035  3.56376  
2.38727  2.52298  2.36723  3.46864  
1.76585  4.18941  0.917442  4.51611  
2.79795  1.62461  2.39312  3.59093  
1.92572  3.93502  2.45038  3.25762  
2.36738  3.04266  1.81324  3.72521  
2.47312  3.25574  1.83045  4.0656  
2.31636  3.26452  1.42611  4.6549  
2.58579  2.31432  2.49699  2.78944  
2.19082  2.78334  1.5871  4.1866  
0.916318  4.8491  0.835233  4.70981  
2.5796  2.66638  2.54322  2.56837  
2.72908  1.8554  2.23857  3.35699  
2.4104  2.79679  1.7434  3.798  
2.53881  2.33613  2.41057  3.40946  
2.1263  2.93065  2.75687  1.96222  
2.58364  2.47604  2.43095  2.90301  
1.59892  3.81307  2.53075  2.51006  
2.34275  3.61009  2.62149  2.69893  
2.3722  3.25576  2.16293  1.93716  
2.38756  1.83621  1.9889  2.93694  
1.678  4.16221  2.2817  1.88642  
1.60554  4.52774  0.999653  4.6451  
2.44823  2.76367  1.678  4.16221  
2.2817  1.88642  2.56398  2.26373  
2.16293  1.93716  2.38756  1.83621  
1.9889  2.93694  2.3722  3.25576  
2.56398  2.26373  1.60554  4.52774  
0.999653  4.6451  2.44823  2.76367  
1.91701  4.18983  2.54935  1.87465  
2.06114  3.36456  2.06114  3.36456  
2.30376  2.45354  1.89361  4.2921  
2.08004  3.96122  2.08648  3.96935  
2.4589  2.81868  2.4589  2.81868  
2.62153  2.7124  2.08004  3.96122  
1.89361  4.2921  2.13022  3.33494  
1.95912  3.34837  1.95912  3.34837  
2.13022  3.33494  2.30376  2.45354  
2.54935  1.87465  1.91701  4.18983  
2.25024  3.03242  2.25024  3.03242  
2.02037  3.82085  2.46131  2.98206  
2.63165  2.30507  2.27623  3.69073  
2.22664  4.07136  2.24233  3.16964  
2.30665  3.34866  2.63165  2.30507  
2.27623  3.69073  2.22664  4.07136  
2.06071  3.52641  1.86774  4.05291  
2.24233  3.16964  2.04577  2.91975  
2.04577  2.91975  2.30665  3.34866  
2.46131  2.98206  2.02037  3.82085  
1.93699  4.06715  2.60307  1.30267  
2.25951  2.61433  1.96261  2.69392  
0.83123  4.59459  1.60609  3.65288  
1.8486  4.04923  2.42707  1.9872  
1.80611  4.01867  2.24065  3.54207  
2.1471  3.64244  1.01603  4.36984  
2.444  2.53769  2.37385  1.31966  
2.51735  3.25785  2.46807  2.74016  
2.55896  1.74604  2.51944  1.27375  
1.39437  4.48556  0.89086  4.82313  
1.01603  4.36984  2.49854  2.63342  
1.96099  2.68915  0.879252  4.76003  
0.89086  4.82313  2.67153  2.28893  
2.60307  1.30267  1.6742  4.08926  
2.37385  1.31966  2.75044  2.24508  
2.42707  1.9872  2.67493  2.26661  
2.51944  1.27375  2.07216  3.28778  
2.24065  3.54207  1.93196  4.32303  
2.46807  2.74016  2.46838  3.08746  
1.60609  3.65288  2.52052  3.13363  
2.46838  3.08746  1.44047  3.05544  
2.67153  2.28893  2.03773  0.228821  
2.52052  3.13363  2.25028  0.444149  
0.879252  4.76003  0.995213  3.66777  
2.49854  2.63342  1.76438  2.2931  
1.6742  4.08926  1.23607  3.3841  
2.67493  2.26661  0.696717  3.9105  
1.93196  4.32303  0.15816  4.09336  
2.0752  3.29245  1.89024  1.40566  
2.75044  2.24508  1.61194  2.70308  
1.89024  1.40566  2.21249  3.67889  
0.15816  4.09336  2.12677  3.24543  
2.03773  0.228821  1.67851  4.19768  
1.76438  2.2931  1.90611  3.4341  
0.696717  3.9105  1.24606  4.18708  
1.24006  3.37848  1.29275  4.26248  
1.44047  3.05544  2.74988  1.99848  
0.995213  3.66777  2.48324  1.66689  
1.61194  2.70308  1.47962  4.20695  
2.25028  0.444149  2.18235  3.29819  
1.29275  4.26248  1.39437  4.48556  
2.12677  3.24543  2.55896  1.74604  
2.74988  1.99848  1.80611  4.01867  
1.24606  4.18708  2.69896  2.49406  
1.90611  3.4341  1.93699  4.06715  
1.47962  4.20695  0.83123  4.59459  
2.48324  1.66689  1.8486  4.04923  
2.20068  3.7218  2.25951  2.61433  
1.67851  4.19768  2.444  2.53769  
2.18235  3.29819  2.1471  3.64244  
2.62423  2.55804  1.87453  3.43987  
1.87453  3.43987  2.36425  2.59999  
2.36425  2.59999  2.2657  2.97366  
2.06548  3.44375  2.62423  2.55804  
2.61229  2.3771  2.31848  3.03363  
1.48747  4.59489  1.48747  4.59489  
1.6238  4.14843  2.61229  2.3771  
2.58981  2.6176  2.69357  2.64884  
2.69357  2.64884  2.06548  3.44375  
2.31848  3.03363  2.58981  2.6176  
1.5958  3.84446  0.59548  4.5007  
2.41595  3.15194  2.42872  2.86137  
0.59548  4.5007  2.34701  2.72498  
1.13  4.61819  2.31436  1.49834  
2.56317  2.63824  2.41595  3.15194  
2.31436  1.49834  2.56317  2.63824  
2.42872  2.86137  1.5958  3.84446  
2.42835  3.2794  2.45179  3.21136  
1.86956  4.02052  1.13  4.61819  
2.34701  2.72498  1.86956  4.02052  
1.83045  2.54044  2.37347  1.08041  
1.69288  3.30577  1.62649  4.11254  
1.53722  3.89823  1.53722  3.89823  
2.28578  1.92794  0.515214  4.44913  
2.37347  1.08041  0.958812  4.06604  
1.62649  4.11254  1.69288  3.30577  
0.515214  4.44913  2.15497  2.40491  
2.15497  2.40491  2.28578  1.92794  
2.14153  1.52896  1.83045  2.54044  
0.958812  4.06604  2.1888  1.56098  
1.2918  4.73499  1.94105  3.17242  
2.39369  2.77914  1.94466  3.9097  
1.59907  3.69965  2.34269  2.40679  
1.89213  3.46792  2.53365  2.95365  
2.19676  3.05373  2.65041  2.31812  
1.91621  3.66717  1.6213  3.91448  
0.874905  4.67601  1.53217  3.71869  
2.1883  3.91152  0.991526  4.00674  
0.912458  4.82888  2.66624  2.31522  
2.00826  2.82646  0.595521  4.50474  
0.883733  4.47905  0.874905  4.67601  
1.6888  4.35663  2.39369  2.77914  
1.85251  3.13437  2.1883  3.91152  
1.46532  4.14969  0.912458  4.82888  
0.984461  4.74999  2.19676  3.05373  
2.69943  2.24468  1.89213  3.46792  
1.54079  4.04116  1.2918  4.73499  
2.19156  3.42359  2.00826  2.82646  
2.08848  2.03911  1.59907  3.69965  
1.99866  2.63608  1.91621  3.66717  
1.53217  3.71869  2.08848  2.03911  
1.94105  3.17242  0.984461  4.74999  
1.6213  3.91448  1.54079  4.04116  
0.595521  4.50474  1.46532  4.14969  
2.34269  2.40679  0.883733  4.47905  
1.94466  3.9097  2.69943  2.24468  
2.66624  2.31522  2.19156  3.42359  
2.67035  2.25754  1.85251  3.13437  
2.53365  2.95365  1.6888  4.35663  
0.991526  4.00674  1.99866  2.63608  
1.41632  3.08461  0.741718  3.89451  
1.63298  2.60157  1.10642  3.55106  
1.15673  3.49008  1.41632  3.08461  
2.01183  0.474886  1.07823  3.81562  
2.15878  0.376249  2.1001  0.310918  
1.82789  1.78239  0.183783  4.11899  
0.183783  4.11899  1.63298  2.60157  
0.741718  3.89451  2.01183  0.474886  
2.1001  0.310918  1.82789  1.78239  
1.07823  3.81562  2.15878  0.376249  
2.17588  1.02003  1.20333  3.94428  
1.97436  2.10855  1.97436  2.10855  
0.186542  4.12116  1.42391  3.28856  
1.78424  3.19811  2.03628  1.73187  
1.20333  3.94428  1.78424  3.19811  
1.32606  3.6887  1.32606  3.6887  
2.48879  0.812585  2.17588  1.02003  
2.03628  1.73187  1.8677  2.6004  
1.81207  2.74638  0.186542  4.12116  
1.42391  3.28856  2.48879  0.812585  
1.88387  1.43883  0.889558  3.76632  
1.11197  3.54015  0.158152  4.09336  
1.47214  2.99386  1.47214  2.99386  
0.158152  4.09336  1.61815  2.68853  
1.75355  2.29872  1.11197  3.54015  
1.61815  2.68853  1.30046  3.28773  
0.889558  3.76632  0.622923  3.9539  
2.02877  0.219696  1.88387  1.43883  
0.622923  3.9539  2.12706  0.823974  
1.30046  3.28773  1.75355  2.29872  
1.93241  2.78853  2.47419  0.994928  
2.47419  0.994928  2.44208  1.21491  
2.21065  0.997433  0.420305  4.35532  
2.44208  1.21491  2.09281  2.09062  
0.523972  4.45914  1.93241  2.78853  
1.61608  3.07351  1.49371  3.64156  
0.799916  4.22862  0.799916  4.22862  
1.49371  3.64156  1.61608  3.07351  
2.02753  1.98417  2.21065  0.997433  
0.420305  4.35532  0.523972  4.45914  
1.54643  3.9389  2.64412  2.82362  
2.64412  2.82362  2.11759  3.19762  
1.91035  2.26679  1.66599  3.54743  
2.51188  1.64824  2.75685  1.67073  
2.11759  3.19762  1.10769  4.56654  
2.75685  1.67073  2.51188  1.64824  
1.10769  4.56654  1.14587  4.16116  
1.14587  4.16116  1.54643  3.9389  
0.560385  4.47668  1.88778  2.36042  
1.66599  3.54743  0.560385  4.47668  
1.88399  3.06871  2.32711  1.68948  
2.26579  1.86484  2.02213  2.59285  
1.17329  4.22629  2.26579  1.86484  
2.32711  1.68948  1.88399  3.06871  
1.51131  3.53658  1.17329  4.22629  
2.45108  1.29526  1.51131  3.53658  
0.977751  4.8989  0.977751  4.8989  
2.02213  2.59285  1.95862  2.60342  
1.24147  4.12132  1.24147  4.12132  
1.95862  2.60342  2.40181  1.86504  
2.09016  0.929975  1.84441  2.98564  
1.84441  2.98564  2.01445  1.45679  
1.44523  3.14104  0.162066  4.09674  
0.166388  4.10158  1.59742  2.86401  
0.955274  3.96028  1.75759  2.7001  
1.65796  3.39952  1.44523  3.14104  
1.59742  2.86401  0.955274  3.96028  
2.01445  1.45679  1.64195  3.42705  
0.162066  4.09674  0.166388  4.10158  
1.75759  2.7001  2.09016  0.929975  
2.412  1.07948  1.51449  2.9754  
2.24005  0.740919  2.39786  0.725826  
1.5121  3.05325  1.759  2.35861  
1.99987  1.3973  2.412  1.07948  
1.16432  3.55149  2.24005  0.740919  
1.759  2.35861  1.16432  3.55149  
1.14532  4.01559  1.14532  4.01559  
1.87938  2.00814  1.5121  3.05325  
2.39786  0.725826  1.99987  1.3973  
0.165354  4.10018  0.165354  4.10018  
0.878161  3.84881  0.158402  4.09356  
2.23081  0.586812  1.56549  2.84405  
1.29079  3.31781  2.0765  2.28173  
1.05548  3.65535  1.29079  3.31781  
1.96176  1.21421  2.10673  0.624131  
2.10673  0.624131  1.85204  2.27966  
0.158402  4.09356  0.878161  3.84881  
2.0765  2.28173  1.05548  3.65535  
1.80932  2.28264  2.23081  0.586812  
1.56549  2.84405  1.96176  1.21421  
2.03797  1.20732  1.88248  2.07821  
1.52082  3.02257  0.162262  4.09729  
1.88248  2.07821  2.29945  2.29309  
2.29945  2.29309  2.00285  2.1032  
1.1429  3.62673  1.71648  2.81086  
2.17446  0.477724  1.1429  3.62673  
1.71648  2.81086  2.17446  0.477724  
0.730769  3.96645  1.52082  3.02257  
2.00285  2.1032  0.730769  3.96645  
0.162262  4.09729  1.91634  1.83698  
0.627208  3.95133  0.627208  3.95133  
1.46605  2.95663  1.64291  2.62904  
2.02852  0.219429  1.46605  2.95663  
1.29993  3.28834  1.29993  3.28834  
1.76872  2.24334  1.88741  1.41983  
0.894973  3.7616  1.76872  2.24334  
1.11767  3.53339  1.0031  3.69494  
1.88741  1.41983  2.02852  0.219429  
0.158138  4.09334  0.158138  4.09334  
1.64291  2.62904  0.894973  3.7616  
1.2471  3.48899  2.09406  0.374083  
1.39248  3.14188  1.2471  3.48899  
1.58774  2.77745  1.39248  3.14188  
0.980862  3.68324  2.00689  1.28372  
2.09406  0.374083  1.88843  1.87637  
0.158148  4.09333  0.980862  3.68324  
1.74625  2.38302  1.16398  3.48649  
0.691371  3.92098  0.158148  4.09333  
1.88843  1.87637  1.58774  2.77745  
2.00689  1.28372  1.74625  2.38302  
0.65523  3.93597  0.886276  3.76987  
0.886276  3.76987  1.0758  3.42309  
2.02092  0.220319  1.69621  2.49505  
1.49969  2.7606  2.02936  0.284133  
1.69621  2.49505  1.49969  2.7606  
1.88862  1.43363  1.79819  2.19599  
1.0758  3.42309  0.128286  4.06261  
0.128286  4.06261  1.35704  3.19959  
1.35704  3.19959  1.88862  1.43363  
1.79819  2.19599  0.65523  3.93597  
1.27117  4.17121  1.27117  4.17121  
1.47622  3.08246  0.760085  3.88743  
1.24792  3.38813  1.99178  1.65571  
2.10318  0.442172  1.66019  2.59692  
1.99178  1.65571  1.47622  3.08246  
1.66019  2.59692  1.84189  2.11562  
0.829708  3.83658  2.30223  0.917071  
1.84189  2.11562  1.24792  3.38813  
2.30223  0.917071  0.159316  4.09451  
0.159316  4.09451  2.10318  0.442172  
1.72203  2.43653  1.52902  3.07292  
0.680848  3.97484  0.717081  3.97278  
0.160353  4.09553  2.56189  1.14665  
1.93318  1.82909  0.95501  3.71635  
2.56189  1.14665  2.09694  0.294438  
0.196433  4.12346  0.196433  4.12346  
0.95501  3.71635  1.72203  2.43653  
1.52902  3.07292  0.680848  3.97484  
1.29821  3.37153  0.160353  4.09553  
2.09694  0.294438  1.93318  1.82909  
2.00065  1.35344  2.09573  0.319564  
1.68579  2.54891  1.92038  1.8422  
0.158534  4.0937  1.06829  3.59828  
0.752183  3.87853  0.752183  3.87853  
1.53583  2.97671  1.53583  2.97671  
2.36064  0.818171  1.85586  2.0089  
1.85586  2.0089  2.36064  0.818171  
1.3207  3.26226  2.00065  1.35344  
2.09573  0.319564  1.3207  3.26226  
1.06829  3.59828  0.158534  4.0937  
1.72326  2.98035  1.75701  2.22978  
1.83536  1.8035  1.82795  1.88391  
1.29626  3.48731  1.29626  3.48731  
1.22717  3.62677  1.22717  3.62677  
1.82795  1.88391  1.83536  1.8035  
1.56148  2.81614  1.72326  2.98035  
1.46802  3.03383  1.56148  2.81614  
1.75701  2.22978  1.6939  2.50096  
1.6939  2.50096  1.46802  3.03383  
0.159114  4.09432  0.179229  4.11443  
1.83536  1.8035  1.75701  2.22978  
1.22717  3.62677  0.903542  3.7559  
0.159114  4.09432  1.22717  3.62677  
1.6939  2.50096  1.6939  2.50096  
1.56148  2.81614  1.96885  1.49638  
1.82795  1.88391  1.38295  3.18543  
1.38295  3.18543  1.82795  1.88391  
1.96885  1.49638  0.163045  4.09825  
1.75701  2.22978  1.56148  2.81614  
0.903542  3.7559  1.83536  1.8035  
0.936658  3.7249  1.22717  3.62677  
2.03513  0.22622  1.82795  1.88391  
0.66341  3.93093  1.02537  3.6383  
1.73881  2.37527  1.83536  1.8035  
1.83891  1.65006  1.6939  2.50096  
1.16237  3.47991  1.46802  3.03383  
1.3576  2.97102  1.75701  2.22978  
1.62289  2.67727  2.00436  2.21466  
1.9907  1.37267  0.159114  4.09432  
0.15811  4.09331  0.973334  4.00935  
0.663462  3.93091  1.3576  2.97102  
1.88893  1.42603  0.15811  4.09331  
0.891645  3.76516  1.73881  2.37527  
0.125472  4.06068  1.16237  3.47991  
1.37115  3.17611  0.66341  3.93093  
1.80331  2.17849  1.83891  1.65006  
2.01637  0.207232  0.936658  3.7249  
1.70818  2.46154  2.03513  0.22622  
1.51081  2.72323  1.63018  2.66658  
1.08232  3.4057  1.9907  1.37267  
0.963499  3.69949  1.37115  3.17611  
0.681779  3.91992  2.05179  0.353029  
1.72592  2.41193  0.663462  3.93091  
0.158063  4.09327  1.88893  1.42603  
1.9669  1.50657  1.70818  2.46154  
2.05182  0.133066  0.125472  4.06068  
1.20202  3.42782  0.891645  3.76516  
1.85702  1.98967  1.80331  2.17849  
1.57331  2.79187  1.08232  3.4057  
1.39954  3.12841  1.51081  2.72323  
2.01705  0.207883  1.39954  3.12841  
1.46076  3.018  1.85702  1.98967  
1.11999  3.53151  0.158063  4.09327  
1.88202  1.47588  1.20202  3.42782  
0.900893  3.75798  1.60051  3.134  
1.59806  2.53635  2.05182  0.133066  
1.78784  2.22718  1.57331  2.79187  
0.15814  4.09334  1.9669  1.50657  
0.636064  3.94636  0.681779  3.91992  
1.30444  3.28243  0.963499  3.69949  
1.22717  3.62677  0.15814  4.09334  
1.83536  1.8035  2.01705  0.207883  
2.00436  2.21466  0.803305  4.08466  
1.6939  2.50096  1.59806  2.53635  
0.973334  4.00935  1.30444  3.28243  
1.75701  2.22978  0.900893  3.75798  
0.159114  4.09432  1.11999  3.53151  
1.02537  3.6383  1.78784  2.22718  
1.82795  1.88391  1.88202  1.47588  
1.47989  3.01257  1.46076  3.018  
1.11922  3.53156  0.15813  4.09334  
1.47126  2.93201  1.30416  3.28189  
1.30416  3.28189  1.11922  3.53156  
1.64397  2.62628  1.76891  2.24033  
1.88805  1.41625  0.900641  3.75667  
0.636149  3.94629  1.64397  2.62628  
0.900641  3.75667  0.636149  3.94629  
2.02714  0.217887  1.88805  1.41625  
0.15813  4.09334  2.02714  0.217887  
1.76891  2.24033  1.47126  2.93201  
1.56148  2.81614  1.80952  1.80034  
1.69391  2.50093  1.97221  1.47793  
1.80952  1.80034  1.22648  3.39594  
1.97221  1.47793  2.02919  0.222918  
1.22648  3.39594  0.158167  4.09337  
0.589458  3.8474  1.03181  3.63147  
0.158167  4.09337  1.56148  2.81614  
1.02537  3.6383  1.40722  3.11655  
2.02919  0.222918  1.69391  2.50093  
1.40722  3.11655  0.589458  3.8474  
0.672413  3.92569  0.158054  4.09326  
1.3566  3.20056  2.03308  0.224519  
0.158054  4.09326  1.91549  1.75379  
0.945504  3.71613  0.945504  3.71613  
2.03308  0.224519  1.97937  1.43824  
1.75306  2.03251  0.672413  3.92569  
1.51685  2.64412  1.52104  2.64329  
1.1699  3.47047  1.1699  3.47047  
1.91549  1.75379  1.3566  3.20056  
1.97937  1.43824  1.75306  2.03251  
1.80974  1.78016  1.80974  1.78016  
1.0339  3.62811  1.2298  3.39036  
1.97516  1.46087  0.612407  3.82944  
1.40545  3.11791  0.158147  4.09335  
0.158147  4.09335  1.0339  3.62811  
1.69056  2.50859  1.55702  2.82555  
1.2298  3.39036  2.03012  0.0648033  
2.03012  0.0648033  1.40545  3.11791  
0.612407  3.82944  1.99013  1.3754  
1.55702  2.82555  1.69056  2.50859  
1.40545  3.11791  1.2298  3.39036  
0.158147  4.09335  1.69056  2.50859  
1.80974  1.78016  0.612407  3.82944  
1.23078  3.38901  0.158147  4.09335  
1.55702  2.82555  1.40545  3.11791  
0.612407  3.82944  2.03012  0.0648033  
2.03012  0.0648033  1.97516  1.46087  
1.6934  2.50105  1.78435  2.23802  
1.97356  1.46966  1.80974  1.78016  
1.03373  3.62829  1.0339  3.62811  
1.23078  3.38901  2.03012  0.0648033  
1.40545  3.11791  1.55702  2.82555  
1.80974  1.78016  1.80974  1.78016  
0.158147  4.09335  1.40545  3.11791  
1.55702  2.82555  1.69056  2.50859  
1.97356  1.46966  0.158147  4.09335  
2.03012  0.0648033  1.93667  1.65661  
1.0339  3.62811  1.0339  3.62811  
1.6934  2.50105  1.2298  3.39036  
0.612407  3.82944  0.612407  3.82944  
1.80974  1.78016  1.97516  1.46087  
0.158147  4.09335  1.69056  2.50859  
0.612407  3.82944  0.612407  3.82944  
2.03012  0.0648033  1.80974  1.78016  
1.0339  3.62811  1.0339  3.62811  
1.2298  3.39036  2.03012  0.0648033  
1.97356  1.46966  0.158147  4.09335  
1.55702  2.82555  1.55702  2.82555  
1.6934  2.50105  1.2298  3.39036  
1.40545  3.11791  1.40545  3.11791  
1.40545  3.11791  1.40545  3.11791  
1.55702  2.82555  2.02806  1.13584  
1.2298  3.39036  1.0339  3.62811  
0.612407  3.82944  1.55702  2.82555  
1.6934  2.50105  1.6934  2.50105  
1.97356  1.46966  0.158147  4.09335  
1.80974  1.78016  1.80974  1.78016  
2.03012  0.0648033  2.03012  0.0648033  
1.0339  3.62811  1.2298  3.39036  
0.158147  4.09335  0.612407  3.82944  
1.40545  3.11791  1.80974  1.78016  
1.0339  3.62811  0.612407  3.82944  
0.612407  3.82944  0.158147  4.09335  
0.158147  4.09335  1.56499  2.80928  
1.6934  2.50105  1.2298  3.39036  
1.55702  2.82555  2.03012  0.0648033  
2.03012  0.0648033  1.97356  1.46966  
1.2298  3.39036  1.40545  3.11791  
1.80974  1.78016  1.55702  2.82555  
1.97356  1.46966  1.0339  3.62811  
1.97516  1.46087  1.80974  1.78016  
1.0339  3.62811  1.55702  2.82555  
1.55702  2.82555  1.83609  2.07576  
0.612407  3.82944  1.0339  3.62811  
0.158147  4.09335  0.158147  4.09335  
1.6934  2.50105  1.2298  3.39036  
2.03012  0.0648033  0.612407  3.82944  
1.80974  1.78016  1.97516  1.46087  
1.2298  3.39036  2.03012  0.0648033  
1.40545  3.11791  1.40545  3.11791  
1.55702  2.82555  1.55702  2.82555  
0.158147  4.09335  1.2298  3.39036  
1.80974  1.78016  1.69056  2.50859  
1.2298  3.39036  1.0339  3.62811  
1.97356  1.46966  1.97516  1.46087  
1.0339  3.62811  0.612407  3.82944  
0.612407  3.82944  1.80974  1.78016  
1.40545  3.11791  1.40545  3.11791  
2.03012  0.0648033  2.03012  0.0648033  
1.6934  2.50105  0.158147  4.09335  
0.612407  3.82944  1.55702  2.82555  
1.80974  1.78016  1.6934  2.50105  
2.03012  0.0648033  1.2298  3.39036  
1.2298  3.39036  2.03012  0.0648033  
1.0339  3.62811  1.80974  1.78016  
1.55702  2.82555  1.40545  3.11791  
1.97356  1.46966  1.0339  3.62811  
1.6934  2.50105  1.97356  1.46966  
1.40545  3.11791  0.613207  3.82979  
0.158147  4.09335  0.158147  4.09335  
1.40545  3.11791  1.80974  1.78016  
2.03012  0.0648033  0.158147  4.09335  
1.97356  1.46966  2.03012  0.0648033  
1.6934  2.50105  1.2298  3.39036  
0.158147  4.09335  1.97356  1.46966  
1.55702  2.82555  0.612407  3.82944  
1.0339  3.62811  1.0339  3.62811  
0.612407  3.82944  1.40545  3.11791  
1.80974  1.78016  1.55702  2.82555  
1.2298  3.39036  1.71635  2.43907  
1.54635  2.84799  1.68491  2.52287  
2.02697  0.0587989  1.23103  3.3879  
1.68491  2.52287  1.93289  1.67413  
1.03504  3.62629  1.80169  1.79216  
1.39975  3.12756  0.60475  3.83343  
1.23103  3.3879  1.03504  3.62629  
0.158119  4.09332  1.39975  3.12756  
1.80169  1.79216  0.158119  4.09332  
1.97054  1.48577  1.54635  2.84799  
0.60475  3.83343  2.02697  0.0587989  
1.68491  2.52287  2.02697  0.0587989  
1.03504  3.62629  1.54635  2.84799  
1.97054  1.48577  1.39284  3.13941  
0.60475  3.83343  1.23103  3.3879  
1.80169  1.79216  1.97054  1.48577  
1.23103  3.3879  0.158119  4.09332  
0.158119  4.09332  1.80169  1.79216  
2.02697  0.0587989  1.68491  2.52287  
1.39975  3.12756  1.03504  3.62629  
1.54635  2.84799  0.60475  3.83343  
2.02697  0.0587989  2.02697  0.0587989  
1.23103  3.3879  1.03504  3.62629  
0.60475  3.83343  1.11437  3.5378  
1.54635  2.84799  1.54635  2.84799  
0.158119  4.09332  0.158119  4.09332  
1.39975  3.12756  1.39975  3.12756  
1.68491  2.52287  1.80169  1.79216  
1.80169  1.79216  0.60475  3.83343  
1.97054  1.48577  1.68491  2.52287  
1.03504  3.62629  1.97054  1.48577  
1.80169  1.79216  1.54635  2.84799  
1.97054  1.48577  1.48366  2.97474  
1.54635  2.84799  1.23103  3.3879  
1.68491  2.52287  1.68491  2.52287  
0.158119  4.09332  2.02697  0.0587989  
1.03504  3.62629  0.60475  3.83343  
0.60475  3.83343  1.03504  3.62629  
1.23103  3.3879  1.80169  1.79216  
2.02697  0.0587989  0.158119  4.09332  
1.39975  3.12756  1.97054  1.48577  
2.02697  0.0587989  2.02697  0.0587989  
1.80169  1.79216  1.68491  2.52287  
1.97054  1.48577  1.97054  1.48577  
0.158119  4.09332  1.54635  2.84799  
1.68491  2.52287  0.158119  4.09332  
1.54635  2.84799  0.60475  3.83343  
1.03504  3.62629  1.39975  3.12756  
1.23103  3.3879  1.23103  3.3879  
0.60475  3.83343  1.80169  1.79216  
1.39975  3.12756  1.03504  3.62629  
1.54635  2.84799  1.54635  2.84799  
1.03504  3.62629  2.02697  0.0587989  
0.60475  3.83343  1.03504  3.62629  
1.80169  1.79216  1.80169  1.79216  
2.02697  0.0587989  0.158119  4.09332  
0.158119  4.09332  0.60475  3.83343  
1.97054  1.48577  1.91548  1.7528  
1.39975  3.12756  1.68491  2.52287  
1.68491  2.52287  1.39975  3.12756  
1.23103  3.3879  1.23103  3.3879  
1.80169  1.79216  1.97054  1.48577  
1.97054  1.48577  1.23103  3.3879  
1.39975  3.12756  1.39975  3.12756  
0.158119  4.09332  1.80169  1.79216  
2.02697  0.0587989  0.883235  3.77186  
1.68491  2.52287  2.02697  0.0587989  
1.03504  3.62629  0.60475  3.83343  
1.54635  2.84799  1.54635  2.84799  
0.60475  3.83343  0.158119  4.09332  
1.23103  3.3879  1.68491  2.52287  
1.97054  1.48577  0.60475  3.83343  
1.54635  2.84799  1.68491  2.52287  
1.23103  3.3879  1.23103  3.3879  
1.03504  3.62629  1.39975  3.12756  
2.02697  0.0587989  0.158119  4.09332  
1.80169  1.79216  2.02697  0.0587989  
0.158119  4.09332  1.83357  1.72314  
1.39975  3.12756  1.03504  3.62629  
1.68491  2.52287  1.54635  2.84799  
0.60475  3.83343  1.97054  1.48577  
1.97054  1.48577  0.158119  4.09332  
1.80169  1.79216  1.03504  3.62629  
2.02697  0.0587989  1.39975  3.12756  
1.23103  3.3879  1.54346  2.85406  
1.54635  2.84799  1.23103  3.3879  
0.158119  4.09332  0.60475  3.83343  
1.03504  3.62629  1.68491  2.52287  
1.68491  2.52287  1.97054  1.48577  
1.39975  3.12756  1.80169  1.79216  
0.60475  3.83343  2.02697  0.0587989  
0.60475  3.83343  1.39975  3.12756  
1.54635  2.84799  1.68491  2.52287  
2.02697  0.0587989  0.158119  4.09332  
1.97054  1.48577  1.97054  1.48577  
1.23103  3.3879  0.60475  3.83343  
1.39975  3.12756  1.75927  2.3399  
1.80169  1.79216  1.23103  3.3879  
1.68491  2.52287  1.03504  3.62629  
1.03504  3.62629  1.80169  1.79216  
0.158119  4.09332  2.02697  0.0587989  
2.02697  0.0587966  1.23103  3.38786  
1.23103  3.38786  2.02697  0.0587966  
1.54635  2.84795  0.158119  4.09332  
1.97242  1.47555  1.68489  2.52283  
1.03503  3.62628  1.47107  2.74951  
1.80261  1.77937  1.54635  2.84795  
1.39974  3.12752  1.97242  1.47555  
1.68489  2.52283  1.39974  3.12752  
0.158119  4.09332  1.80261  1.77937  
0.60429  3.82988  1.03503  3.62628  
1.39974  3.12752  0.60429  3.82988  
1.68489  2.52283  1.39974  3.12752  
1.54635  2.84795  0.158119  4.09332  
1.23103  3.38786  1.80261  1.77937  
1.03503  3.62628  1.97242  1.47555  
1.97242  1.47555  1.03503  3.62628  
0.158119  4.09332  1.68489  2.52283  
0.60429  3.82988  1.54635  2.84795  
1.80261  1.77937  1.23103  3.38786  
2.02697  0.0587966  1.97162  1.0045  
1.80261  1.77937  0.60429  3.82988  
1.97242  1.47555  2.02697  0.0587966  
1.39974  3.12752  1.54635  2.84795  
0.60429  3.82988  1.74341  2.36137  
0.158119  4.09332  1.39974  3.12752  
1.03503  3.62628  0.158119  4.09332  
1.54635  2.84795  1.80261  1.77937  
2.02697  0.0587966  1.97242  1.47555  
1.68489  2.52283  1.03503  3.62628  
1.23103  3.38786  1.23103  3.38786  
0.158119  4.09332  0.158119  4.09332  
1.39974  3.12752  1.97242  1.47555  
1.80261  1.77937  0.60429  3.82988  
0.60429  3.82988  1.68489  2.52283  
2.02697  0.0587966  1.23103  3.38786  
1.23103  3.38786  2.02697  0.0587966  
1.03503  3.62628  1.39974  3.12752  
1.54635  2.84795  1.54635  2.84795  
1.68489  2.52283  1.80261  1.77937  
1.97242  1.47555  0.815027  3.83029  
1.39974  3.12752  1.68489  2.52283  
1.97242  1.47555  1.80261  1.77937  
1.68489  2.52283  1.97242  1.47555  
1.80261  1.77937  1.39974  3.12752  
1.03503  3.62628  1.54635  2.84795  
0.158119  4.09332  0.60429  3.82988  
2.02697  0.0587966  0.945381  3.71635  
1.54635  2.84795  2.02697  0.0587966  
0.60429  3.82988  0.158119  4.09332  
1.23103  3.38786  1.23103  3.38786  
0.158119  4.09332  1.23103  3.38786  
1.54635  2.84795  0.938804  3.72253  
1.68489  2.52283  2.02697  0.0587966  
1.80261  1.77937  1.68489  2.52283  
1.97242  1.47555  1.80261  1.77937  
1.39974  3.12752  1.54635  2.84795  
1.23103  3.38786  0.60429  3.82988  
2.02697  0.0587966  1.97242  1.47555  
0.60429  3.82988  0.158119  4.09332  
1.03503  3.62628  1.39974  3.12752  
1.03503  3.62628  0.60429  3.82988  
1.97242  1.47555  1.23103  3.38786  
1.39974  3.12752  0.158119  4.09332  
1.54635  2.84795  1.97242  1.47555  
2.02697  0.0587966  2.02697  0.0587966  
1.23103  3.38786  1.54635  2.84795  
0.158119  4.09332  1.68489  2.52283  
1.80261  1.77937  1.03503  3.62628  
0.60429  3.82988  1.39974  3.12752  
1.68489  2.52283  1.80261  1.77937  
1.97242  1.47555  1.03503  3.62628  
1.80261  1.77937  1.39974  3.12752  
1.23103  3.38786  2.02697  0.0587966  
0.158119  4.09332  0.158119  4.09332  
1.39974  3.12752  1.97242  1.47555  
0.60429  3.82988  1.19945  3.4307  
1.68489  2.52283  1.80261  1.77937  
1.03503  3.62628  1.54635  2.84795  
1.54635  2.84795  1.68489  2.52283  
2.02697  0.0587966  0.60429  3.82988  
1.39974  3.12752  0.158119  4.09332  
1.97242  1.47555  1.03503  3.62628  
0.60429  3.82988  1.54635  2.84795  
2.02697  0.0587966  0.60429  3.82988  
1.68489  2.52283  1.23103  3.38786  
1.23103  3.38786  2.02697  0.0587966  
1.80261  1.77937  1.97242  1.47555  
1.03503  3.62628  1.39974  3.12752  
1.54635  2.84795  1.64514  2.62369  
0.158119  4.09332  1.80261  1.77937  
1.54635  2.84795  2.02697  0.0587966  
1.80261  1.77937  1.08585  3.57221  
1.68489  2.52283  1.54635  2.84795  
1.39974  3.12752  1.80261  1.77937  
1.23103  3.38786  1.39974  3.12752  
1.03503  3.62628  0.60429  3.82988  
0.158119  4.09332  1.68489  2.52283  
2.02697  0.0587966  0.158119  4.09332  
0.60429  3.82988  1.97242  1.47555  
1.97242  1.47555  1.03503  3.62628  
0.158119  4.09332  2.02633  0.0580056  
1.54652  2.84757  1.03517  3.62612  
1.97253  1.47493  1.68505  2.52237  
1.39992  3.12722  0.604392  3.82982  
1.68505  2.52237  1.23119  3.38763  
1.23119  3.38763  0.158119  4.09332  
1.80267  1.77851  1.80267  1.77851  
1.03517  3.62612  1.39992  3.12722  
2.02633  0.0580056  1.54652  2.84757  
0.604392  3.82982  1.97253  1.47493  
1.68505  2.52237  1.03517  3.62612  
1.03517  3.62612  1.68505  2.52237  
1.80267  1.77851  0.604392  3.82982  
1.97253  1.47493  1.39992  3.12722  
1.54652  2.84757  1.97253  1.47493  
0.604392  3.82982  1.80267  1.77851  
0.158119  4.09332  1.23119  3.38763  
1.39992  3.12722  1.54652  2.84757  
2.02633  0.0580056  0.158166  4.09337  
1.23119  3.38763  2.02633  0.0580056  
1.23119  3.38763  1.68505  2.52237  
1.03517  3.62612  1.97253  1.47493  
1.39992  3.12722  1.03517  3.62612  
1.68505  2.52237  1.70978  2.12584  
1.54652  2.84757  0.158119  4.09332  
1.80267  1.77851  1.39992  3.12722  
0.158119  4.09332  1.54652  2.84757  
1.97253  1.47493  1.23119  3.38763  
2.02633  0.0580056  1.80267  1.77851  
0.604392  3.82982  2.02633  0.0580056  
0.158119  4.09332  1.23119  3.38763  
0.604392  3.82982  1.97253  1.47493  
1.23119  3.38763  1.03517  3.62612  
1.68505  2.52237  2.02633  0.0580056  
2.02633  0.0580056  0.604392  3.82982  
1.39992  3.12722  1.68505  2.52237  
1.80267  1.77851  0.158119  4.09332  
1.03517  3.62612  1.81016  1.78336  
1.97253  1.47493  1.54652  2.84757  
1.54652  2.84757  1.39992  3.12722  
2.02633  0.0580056  1.97253  1.47493  
1.03517  3.62612  2.24226  2.22963  
1.80267  1.77851  1.03517  3.62612  
1.68505  2.52237  1.23119  3.38763  
0.158119  4.09332  1.68505  2.52237  
1.54652  2.84757  1.54652  2.84757  
1.23119  3.38763  0.604392  3.82982  
0.604392  3.82982  2.02633  0.0580056  
1.97253  1.47493  0.158119  4.09332  
1.39992  3.12722  1.39992  3.12722  
1.54652  2.84757  1.98305  1.41789  
1.03517  3.62612  1.03517  3.62612  
0.604392  3.82982  1.80267  1.77851  
1.68505  2.52237  0.158119  4.09332  
1.39992  3.12722  1.68505  2.52237  
1.23119  3.38763  0.604392  3.82982  
0.158119  4.09332  1.39992  3.12722  
1.80267  1.77851  2.02633  0.0580056  
1.97253  1.47493  1.54652  2.84757  
2.02633  0.0580056  1.23119  3.38763  
1.68505  2.52237  0.158119  4.09332  
1.03517  3.62612  1.23119  3.38763  
1.97253  1.47493  1.68505  2.52237  
1.39992  3.12722  1.39992  3.12722  
0.158119  4.09332  1.00405  3.6586  
1.54652  2.84757  1.54652  2.84757  
1.80267  1.77851  1.97253  1.47493  
1.23119  3.38763  0.604392  3.82982  
2.02633  0.0580056  2.02633  0.0580056  
0.604392  3.82982  1.80267  1.77851  
1.39992  3.12722  2.02633  0.0580056  
2.02633  0.0580056  0.604392  3.82982  
1.97253  1.47493  1.80267  1.77851  
0.604392  3.82982  1.65936  2.58811  
1.68505  2.52237  1.39992  3.12722  
1.03517  3.62612  1.23119  3.38763  
1.54652  2.84757  1.68505  2.52237  
0.158119  4.09332  1.97253  1.47493  
1.80267  1.77851  1.03517  3.62612  
1.23119  3.38763  0.158119  4.09332  
1.39992  3.12722  1.03517  3.62612  
1.80267  1.77851  1.97253  1.47493  
1.97253  1.47493  1.54652  2.84757  
0.604392  3.82982  0.604392  3.82982  
1.23119  3.38763  1.23119  3.38763  
0.158119  4.09332  1.39992  3.12722  
1.68505  2.52237  2.02633  0.0580056  
1.54652  2.84757  1.80267  1.77851  
2.02633  0.0580056  0.158119  4.09332  
1.03517  3.62612  1.81299  2.15116  
0.604392  3.82982  1.54652  2.84757  
1.03517  3.62612  0.604392  3.82982  
0.158119  4.09332  2.02633  0.0580056  
1.23119  3.38763  1.43068  3.07319  
1.39992  3.12722  1.68505  2.52237  
2.02633  0.0580056  1.80267  1.77851  
1.68505  2.52237  1.03517  3.62612  
1.80267  1.77851  1.97253  1.47493  
1.54652  2.84757  0.158119  4.09332  
1.97253  1.47493  1.39992  3.12722  
1.03526  3.62602  1.97074  1.48463  
1.23129  3.38748  1.68516  2.52208  
1.97074  1.48463  1.23129  3.38748  
0.604392  3.82982  0.158119  4.09332  
1.80274  1.77816  2.02564  0.0576386  
1.40003  3.12703  1.45694  3.02912  
2.02564  0.0576386  1.40003  3.12703  
1.68516  2.52208  1.80274  1.77816  
1.54663  2.84734  1.03526  3.62602  
0.158119  4.09332  0.604392  3.82982  
0.158119  4.09332  1.03526  3.62602  
2.02564  0.0576386  1.54663  2.84734  
1.97074  1.48463  1.68516  2.52208  
0.604392  3.82982  1.80274  1.77816  
1.68516  2.52208  0.604392  3.82982  
1.40003  3.12703  1.40003  3.12703  
1.80274  1.77816  0.179289  4.11449  
1.54663  2.84734  1.97074  1.48463  
1.03526  3.62602  2.02564  0.0576386  
1.23129  3.38748  1.23129  3.38748  
1.03526  3.62602  1.23129  3.38748  
1.68516  2.52208  1.68516  2.52208  
2.02564  0.0576386  1.97074  1.48463  
1.23129  3.38748  1.40003  3.12703  
0.158119  4.09332  0.934346  3.72657  
1.80274  1.77816  0.158119  4.09332  
1.40003  3.12703  1.54663  2.84734  
1.54663  2.84734  0.604392  3.82982  
1.97074  1.48463  1.80274  1.77816  
0.604392  3.82982  2.02564  0.0576386  
1.68516  2.52208  1.23129  3.38748  
1.80274  1.77816  1.97074  1.48463  
0.158119  4.09332  0.158119  4.09332  
1.54663  2.84734  1.40003  3.12703  
1.23129  3.38748  1.03526  3.62602  
1.40003  3.12703  0.604392  3.82982  
2.02564  0.0576386  2.02564  0.0576386  
1.97074  1.48463  0.574814  3.97862  
0.604392  3.82982  1.80274  1.77816  
1.03526  3.62602  1.54663  2.84734  
1.03526  3.62602  1.40003  3.12703  
1.23129  3.38748  1.03526  3.62602  
1.40003  3.12703  1.80274  1.77816  
2.02564  0.0576386  1.54663  2.84734  
1.54663  2.84734  0.158351  4.09356  
1.80274  1.77816  2.02564  0.0576386  
1.97074  1.48463  0.604392  3.82982  
0.604392  3.82982  1.23129  3.38748  
1.68516  2.52208  1.68516  2.52208  
0.158119  4.09332  1.97074  1.48463  
1.80274  1.77816  1.68516  2.52208  
2.02564  0.0576386  1.54663  2.84734  
1.40003  3.12703  0.158119  4.09332  
0.158119  4.09332  1.97074  1.48463  
1.97074  1.48463  1.20865  3.41837  
1.03526  3.62602  0.604392  3.82982  
0.604392  3.82982  1.03526  3.62602  
1.23129  3.38748  2.02564  0.0576386  
1.54663  2.84734  1.40003  3.12703  
1.68516  2.52208  1.80274  1.77816  
1.97074  1.48463  1.40003  3.12703  
1.40003  3.12703  1.03526  3.62602  
0.604392  3.82982  2.02564  0.0576386  
1.23129  3.38748  0.604392  3.82982  
1.68516  2.52208  1.54663  2.84734  
1.80274  1.77816  1.23129  3.38748  
0.158119  4.09332  0.158144  4.09335  
1.54663  2.84734  1.80274  1.77816  
2.02564  0.0576386  1.97074  1.48463  
1.03526  3.62602  1.68516  2.52208  
1.80274  1.77816  0.604392  3.82982  
1.23129  3.38748  2.02564  0.0576386  
1.97074  1.48463  1.40003  3.12703  
1.54663  2.84734  1.54663  2.84734  
1.03526  3.62602  1.97074  1.48463  
0.158119  4.09332  1.03526  3.62602  
1.40003  3.12703  1.68516  2.52208  
0.604392  3.82982  0.158119  4.09332  
1.68516  2.52208  1.23129  3.38748  
2.02564  0.0576386  1.89574  1.83574  
0.604392  3.82982  1.68516  2.52208  
1.80274  1.77816  1.54663  2.84734  
1.40003  3.12703  1.80274  1.77816  
1.23129  3.38748  1.23129  3.38748  
1.97074  1.48463  2.02564  0.0576386  
1.54663  2.84734  1.03526  3.62602  
1.68516  2.52208  0.604392  3.82982  
1.03526  3.62602  1.40003  3.12703  
0.158119  4.09332  0.158119  4.09332  
2.02564  0.0576386  1.9765  1.45311  
1.40003  3.12703  1.23129  3.38748  
0.158119  4.09332  1.54663  2.84734  
1.54663  2.84734  1.68516  2.52208  
1.97074  1.48463  1.80274  1.77816  
1.03526  3.62602  2.02564  0.0576386  
1.80274  1.77816  1.97074  1.48463  
2.02564  0.0576386  1.03526  3.62602  
1.23129  3.38748  0.158119  4.09332  
1.68516  2.52208  0.604392  3.82982  
0.604392  3.82982  1.53775  2.87283  
1.54665  2.8473  0.158119  4.09332  
2.02564  0.0575567  1.54665  2.8473  
1.23131  3.38745  1.4525  3.03345  
1.97075  1.48459  1.68517  2.52202  
1.80276  1.77803  1.23131  3.38745  
0.158119  4.09332  0.604456  3.82978  
0.604456  3.82978  2.02564  0.0575567  
1.40005  3.12699  1.80276  1.77803  
1.68517  2.52202  1.97075  1.48459  
1.03528  3.626  1.03528  3.626  
1.54665  2.8473  1.23131  3.38745  
1.03528  3.626  0.158119  4.09332  
2.02564  0.0575567  1.68517  2.52202  
1.40005  3.12699  1.80276  1.77803  
0.604456  3.82978  1.54665  2.8473  
1.23131  3.38745  1.22803  3.39206  
1.97075  1.48459  0.604456  3.82978  
0.158119  4.09332  1.97075  1.48459  
1.80276  1.77803  1.03528  3.626  
1.68517  2.52202  2.02564  0.0575567  
0.158119  4.09332  1.68517  2.52202  
1.54665  2.8473  2.02564  0.0575567  
1.68517  2.52202  0.158119  4.09332  
1.03528  3.626  0.604456  3.82978  
1.40005  3.12699  1.03528  3.626  
1.80276  1.77803  1.80276  1.77803  
2.02564  0.0575567  1.23131  3.38745  
0.604456  3.82978  1.97075  1.48459  
1.23131  3.38745  1.40005  3.12699  
1.97075  1.48459  1.54665  2.8473  
1.80276  1.77803  1.03528  3.626  
1.23131  3.38745  1.40005  3.12699  
1.97075  1.48459  0.158119  4.09332  
1.03528  3.626  2.02564  0.0575567  
1.40005  3.12699  1.54665  2.8473  
2.02564  0.0575567  0.604456  3.82978  
0.158119  4.09332  1.81857  1.78974  
1.54665  2.8473  1.97075  1.48459  
0.604456  3.82978  1.68517  2.52202  
1.68517  2.52202  1.23131  3.38745  
0.604456  3.82978  1.05343  3.60643  
1.03528  3.626  2.02564  0.0575567  
1.80276  1.77803  0.158119  4.09332  
1.54665  2.8473  0.604456  3.82978  
1.40005  3.12699  1.23131  3.38745  
1.23131  3.38745  1.97075  1.48459  
0.158119  4.09332  1.40005  3.12699  
1.68517  2.52202  1.68517  2.52202  
2.02564  0.0575567  1.54665  2.8473  
1.97075  1.48459  1.80276  1.77803  
1.80276  1.77803  1.80276  1.77803  
1.68517  2.52202  1.2302  3.38916  
0.604456  3.82978  1.03528  3.626  
1.54665  2.8473  0.604456  3.82978  
1.03528  3.626  1.54665  2.8473  
2.02564  0.0575567  1.68517  2.52202  
0.158119  4.09332  1.97075  1.48459  
1.40005  3.12699  2.02564  0.0575567  
1.97075  1.48459  0.158119  4.09332  
1.23131  3.38745  1.40005  3.12699  
2.02564  0.0575567  1.40005  3.12699  
1.54665  2.8473  1.03528  3.626  
1.68517  2.52202  1.23131  3.38745  
0.604456  3.82978  2.02564  0.0575567  
1.03528  3.626  1.68517  2.52202  
1.23131  3.38745  0.604456  3.82978  
0.158119  4.09332  1.99906  2.00885  
1.80276  1.77803  1.54665  2.8473  
1.40005  3.12699  1.97075  1.48459  
1.97075  1.48459  0.158119  4.09332  
0.604456  3.82978  1.23131  3.38745  
1.23131  3.38745  1.03528  3.626  
1.03528  3.626  0.604456  3.82978  
0.158119  4.09332  1.80276  1.77803  
1.80276  1.77803  0.158119  4.09332  
1.68517  2.52202  1.68517  2.52202  
1.40005  3.12699  2.02564  0.0575567  
2.02564  0.0575567  1.40005  3.12699  
1.54665  2.8473  1.97075  1.48459  
1.97075  1.48459  1.54665  2.8473  
1.23131  3.38745  1.40005  3.12699  
1.03528  3.626  1.03528  3.626  
1.40005  3.12699  1.23131  3.38745  
1.54665  2.8473  1.80276  1.77803  
0.604456  3.82978  0.604456  3.82978  
1.97075  1.48459  0.158119  4.09332  
1.68517  2.52202  1.68517  2.52202  
2.02564  0.0575567  2.02564  0.0575567  
0.158119  4.09332  1.97075  1.48459  
1.80276  1.77803  1.54665  2.8473  
0.158119  4.09332  1.54665  2.8473  
1.23131  3.38745  0.158119  4.09332  
1.40005  3.12699  2.02564  0.0575567  
1.80276  1.77803  1.97075  1.48459  
1.54665  2.8473  1.23131  3.38745  
0.604456  3.82978  1.68517  2.52202  
1.97075  1.48459  0.604456  3.82978  
1.68517  2.52202  1.40005  3.12699  
2.02564  0.0575567  1.03528  3.626  
1.03528  3.626  1.80276  1.77803  
