1.05683  1.37478  1.55046  0.782222  
1.30696  1.65032  0.483692  1.58735  
1.48615  0.81225  1.27  1.1894  
0.360093  1.85951  0.811595  1.93723  
1.89697  0.209922  0.114767  1.93401  
1.28947  1.02289  1.22047  1.30098  
1.42426  0.86893  1.11406  1.75618  
0.19483  1.90655  1.4763  1.02137  
0.457591  1.91408  1.74195  0.920646  
1.34299  0.906093  1.13311  1.41345  
0.734724  1.48317  2.35682  0.0969164  
0.438596  1.68502  1.76424  1.39007  
0.803624  1.24597  0.233508  1.67055  
1.62201  0.730712  0.128377  1.40275  
1.26785  1.12639  1.60404  1.32911  
2.1545  0.643414  1.9757  0.0112391  
1.55774  0.0187688  1.30913  0.470152  
0.983337  1.44228  0.38144  1.21715  
1.78668  0.444857  0.896765  1.49988  
1.10237  1.57219  1.57892  0.45833  
0.528944  1.97091  0.590153  1.4353  
0.221872  1.68802  1.60728  0.7075  
1.01974  1.80148  0.0087264  1.38039  
1.63322  0.822925  1.0831  1.315  
0.99153  1.64072  1.46618  0.989056  
1.98906  0.176788  0.712234  1.55753  
1.51248  0.922947  0.191528  1.75311  
1.79285  0.223693  1.5499  1.14015  
0.8615  1.44541  1.01689  1.56387  
1.22589  0.826875  2.14679  0.246547  
1.96885  0.145172  0.0263131  1.97569  
0.206336  1.54896  0.468823  1.77872  
1.70658  0.264915  1.12762  1.51149  
0.362286  1.32767  2.03628  0.535951  
1.2956  1.03111  1.2719  0.870874  
1.52784  0.80566  1.40899  1.53098  
0.692257  1.4  1.12687  1.15235  
1.54716  0.109876  1.33687  0.432444  
0.0442803  1.61076  1.05704  1.90934  
0.105438  1.8362  0.311002  1.69838  
0.388811  2.0896  1.89868  0.862232  
1.88581  0.455272  1.36305  0.442246  
1.00629  1.18083  1.72962  0.0815082  
1.93135  0.065765  1.12364  0.750948  
0.185993  1.72262  0.303134  1.82102  
1.62876  0.306126  1.97394  0.113448  
1.02623  1.18596  1.52655  1.17463  
1.33416  0.801081  0.319745  1.88902  
1.55602  0.735196  0.752911  1.52598  
1.75845  0.290969  1.6555  0.630636  
1.10353  1.33285  1.34364  1.45825  
1.64868  0.759739  1.0367  1.57996  
1.50373  0.727914  1.36668  0.886334  
1.37258  1.59567  0.594556  1.67909  
0.296076  1.89641  1.78514  0.593718  
1.41946  0.794398  1.70813  0.586969  
0.861073  1.29192  1.70171  0.870611  
0.917605  1.28567  1.21161  0.907769  
0.995366  1.39528  0.535613  1.42985  
0.774185  1.34344  1.61336  0.108629  
1.22985  1.19399  1.67874  0.316934  
1.70023  0.410475  1.62209  0.0633165  
1.08491  1.66669  1.47697  0.0604381  
1.62263  0.346135  0.596243  1.32035  
1.0011  1.18358  0.831076  2.04034  
1.43502  1.14022  2.09901  0.258748  
0.112822  1.9355  0.0834492  1.6221  
1.6412  0.492708  1.96514  0.603589  
0.219969  1.80941  0.34674  2.06618  
1.66974  0.213105  1.44291  1.29019  
0.765248  1.35517  1.67648  0.964596  
1.41035  1.1788  0.768849  1.7774  
1.98322  0.147519  0.979508  2.22295  
1.5792  0.819304  0.294135  1.79866  
2.08538  0.207757  1.29171  0.981307  
0.665517  1.93299  0.137728  1.76068  
0.137955  1.62166  0.537899  1.74924  
0.622064  1.4726  1.2614  1.11499  
0.524339  1.66318  0.0527862  2.15789  
0.455172  1.99101  0.848949  1.3723  
1.75267  0.010424  0.278645  2.21795  
1.11888  1.14785  0.918809  1.27043  
1.76833  1.22476  1.1835  1.79548  
0.242122  2.14071  1.48803  0.55097  
2.04891  0.368776  0.199158  2.11839  
1.59948  0.887181  1.04779  1.06215  
0.369681  1.52289  1.92646  1.28266  
1.73251  0.0218806  1.42467  0.742267  
0.530599  1.71115  0.269277  1.85964  
1.14644  1.42472  1.54625  1.37525  
0.117127  1.92835  1.28982  0.731399  
1.05457  1.66258  1.11899  1.36042  
0.243797  1.56637  2.38681  0.16956  
0.936817  1.40714  1.72417  0.597584  
0.500294  1.87982  1.89918  0.498205  
2.13498  0.905762  0.0902121  2.02496  
0.0360544  1.69212  1.67604  0.410684  
0.396043  2.12092  2.06182  0.285825  
1.88313  0.497614  1.94371  0.910329  
1.06369  1.02582  1.96304  0.017146  
1.00283  1.63489  1.48238  1.31118  
0.0922051  1.84962  0.667234  1.46164  
0.0696343  1.73524  1.25743  1.66861  
0.37706  1.54592  0.0189793  2.27905  
0.609222  1.99728  0.623143  1.66897  
0.823234  2.19452  0.449606  1.94582  
1.61965  0.608789  0.87655  1.19053  
0.176761  2.14948  0.278669  1.94531  
0.299971  2.09402  1.16154  2.08934  
0.0402405  2.12675  0.238839  2.01791  
0.278669  1.94531  0.299971  2.09402  
1.25743  1.66861  0.0402405  2.12675  
0.87655  1.19053  0.0696343  1.73524  
0.237831  2.00939  0.823234  2.19452  
1.16154  2.08934  0.37706  1.54592  
0.449606  1.94582  0.0922051  1.84962  
0.0189793  2.27905  0.609222  1.99728  
0.623143  1.66897  0.176761  2.14948  
1.48238  1.31118  1.61965  0.608789  
0.667234  1.46164  1.00283  1.63489  
0.143283  1.81552  1.18662  1.27389  
1.5983  0.996103  0.265888  1.70931  
0.259791  1.99365  1.60954  0.987854  
0.0445143  1.82279  0.488239  1.6469  
0.0456934  2.07092  0.145856  2.08394  
0.460932  2.05553  0.00891283  2.12757  
0.115456  1.79948  0.251283  1.97416  
0.600346  1.88955  0.166717  2.12404  
1.22965  1.46405  0.670683  1.67156  
0.167812  1.8289  0.743505  1.79724  
2.1124  0.0298551  1.5983  0.996103  
1.55083  1.46368  0.460932  2.05553  
0.782997  1.94935  0.0445143  1.82279  
0.000215082  2.13687  0.167812  1.8289  
0.26398  2.13879  0.0456934  2.07092  
1.45776  1.32893  0.259791  1.99365  
0.913747  1.91813  1.22965  1.46405  
0.138775  2.11831  0.115456  1.79948  
0.662088  2.00507  0.143283  1.81552  
1.46322  1.61941  0.600346  1.88955  
0.0576292  2.1756  1.45776  1.32893  
1.40162  1.29242  0.782997  1.94935  
1.01911  1.98597  0.913747  1.91813  
0.355843  2.12372  0.000215082  2.13687  
1.26603  1.63549  1.58446  1.49543  
0.878833  1.85378  0.662088  2.00507  
0.372558  2.07213  0.26398  2.13879  
0.723554  2.11726  2.1124  0.0298551  
1.02337  1.77178  1.46322  1.61941  
0.640865  1.96983  0.138775  2.11831  
1  6.78171e-07  0.640865  1.96983  
0.893879  0.448308  1.01911  1.98597  
0.538709  0.842492  0.0576292  2.1756  
0.422514  0.906357  1.40162  1.29242  
0.954522  0.29814  0.723554  2.11726  
2.39237e-10  1  1.02337  1.77178  
0.280294  0.959915  0.355843  2.12372  
0.642387  0.766381  0.372558  2.07213  
0.81892  0.573908  1.27147  1.64251  
0.73484  0.67824  0.878833  1.85378  
1.53618  1.36485  0.893879  0.448308  
0.520762  2.42222  0.422514  0.906357  
0.137837  1.90191  0.73484  0.67824  
1.50233  1.22902  2.39237e-10  1  
0.000688716  2.18336  0.81892  0.573908  
0.382684  1.88771  0.654508  0.780842  
0.203625  1.98555  0.538709  0.842492  
0.193511  2.1469  1  6.78171e-07  
0.00538109  2.09463  0.280294  0.959915  
1.0797  1.69508  0.954522  0.29814  
0.69127  1.79649  0.520762  2.42222  
0.51444  1.91009  0.382684  1.88771  
0.174304  2.273  1.0797  1.69508  
1.19096  1.72472  1.50233  1.22902  
0.641827  2.04508  0.00538109  2.09463  
1.11506  1.38755  0.197893  1.92966  
0.3333  2.09166  0.137837  1.90191  
0.0864988  2.02941  1.53618  1.36485  
0.128822  2.43489  0.193511  2.1469  
0.556727  1.91735  0.000688716  2.18336  
0.251283  1.97416  0.0864988  2.02941  
0.265888  1.70931  0.174304  2.273  
0.00891283  2.12757  0.128822  2.43489  
0.166717  2.12404  0.556727  1.91735  
0.488239  1.6469  0.69127  1.79649  
0.743505  1.79724  0.51444  1.91009  
0.145856  2.08394  1.11075  1.60857  
1.60954  0.987854  0.3333  2.09166  
1.18044  1.26726  0.641827  2.04508  
0.670683  1.67156  1.11506  1.38755  
0.565468  2.2309  0.561228  1.95952  
1.13705  1.61284  1.69741  1.33224  
2.14917  0.0965244  0.79536  1.99724  
0.79536  1.99724  0.375472  2.09252  
1.32945  1.46044  0.565468  2.2309  
0.260798  2.12847  0.260798  2.12847  
0.00315756  2.08851  0.00304923  2.01686  
1.69741  1.33224  1.32945  1.46044  
0.375472  2.09252  1.13705  1.61284  
0.561228  1.95952  2.14917  0.0965244  
1.4796  0.757665  0.000340088  1.69683  
1.69571  0.13133  1.32317  0.569677  
1.56142  0.443938  1.56142  0.443938  
0.000340088  1.69683  1.14205  1.17132  
1.54191  1.12926  1.54191  1.12926  
1.14205  1.17132  1.69571  0.13133  
1.50973  0.649998  2.17496  0.715815  
0.509062  1.8429  0.0371035  1.76567  
2.17496  0.715815  1.4796  0.757665  
0.0371035  1.76567  0.509062  1.8429  
1.5733  0.687842  1.22707  1.07402  
1.22707  1.07402  1.44081  0.830455  
2.6594e-05  1.88352  1.62949  0.0940142  
1.44081  0.830455  0.724346  1.45221  
1.61995  0.000125557  1.75362  0.261213  
1.75362  0.261213  1.5733  0.687842  
0.724346  1.45221  0.973227  1.25671  
1.52219  0.292951  1.52219  0.292951  
1.64492  0.0411185  2.6594e-05  1.88352  
0.973227  1.25671  1.61995  0.000125557  
1.59319  0.911721  0.0433964  1.69694  
0.878939  1.40625  0.816834  1.47581  
0.198897  1.66115  0.686452  1.24211  
1.22858  1.04405  0.198897  1.66115  
0.0433964  1.69694  1.59319  0.911721  
0.816834  1.47581  0.780831  1.46645  
0.729757  1.48931  1.22858  1.04405  
0.780831  1.46645  0.729757  1.48931  
0.839603  1.48907  0.839603  1.48907  
1.48533  0.897168  1.48533  0.897168  
0.000109667  1.63063  0.232007  1.64585  
0.000253605  1.56575  1.61432  0.000376533  
1.36188  0.97917  1.05797  1.22454  
1.61432  0.000376533  0.0168554  1.75666  
1.49805  0.625552  1.49805  0.625552  
0.0402466  1.46253  1.36188  0.97917  
0.13353  1.53714  0.000253605  1.56575  
0.0168554  1.75666  0.000109667  1.63063  
1.05797  1.22454  0.13353  1.53714  
0.206771  1.46682  0.0402466  1.46253  
0.73484  0.67824  0.893879  0.448308  
1.04389e-12  1  0.954522  0.29814  
0.818945  0.573873  0.642387  0.766381  
1  3.23084e-05  0.558108  0.87283  
0.954522  0.29814  1.04389e-12  1  
0.538709  0.842492  1  3.23084e-05  
0.280294  0.959914  0.818945  0.573873  
0.642387  0.766381  0.73484  0.67824  
0.422514  0.906357  0.280294  0.959914  
0.893879  0.448308  0.422514  0.906357  
0.00206335  1.64772  0.094222  1.53985  
0.823952  1.34224  0.823952  1.34224  
1.29664  0.799627  1.29664  0.799627  
1.60858  0.00160567  0.128237  1.60811  
0.0493093  1.62577  0.0493093  1.62577  
1.00409  1.21713  1.60858  0.00160567  
0.094222  1.53985  0.00206335  1.64772  
0.668224  1.43628  1.02224  1.23913  
0.584369  1.49798  0.584369  1.49798  
0.128237  1.60811  0.668224  1.43628  
0.00541314  1.65471  1.56758  0.000916324  
1.59941  5.83773e-05  1.33482  0.820951  
1.49022  0.497138  0.972625  1.31273  
0.0553028  1.57135  1.49022  0.497138  
1.54894  0.000905428  0.00541314  1.65471  
0.972625  1.31273  1.65828  1.91976e-05  
1.53595  0.423364  1.53595  0.423364  
1.65828  1.91976e-05  0.000267523  1.60209  
0.000267523  1.60209  0.0553028  1.57135  
1.33482  0.820951  1.59941  5.83773e-05  
1.65439  0.0504538  1.63314  0.178191  
0.0749057  1.61011  0.0834032  1.6386  
1.46729  0.814038  1.62219  0.125248  
1.62219  0.125248  0.907483  1.37176  
0.0834032  1.6386  0.0749057  1.61011  
1.24546  1.07501  0.874868  1.50904  
1.09717  1.2116  1.04652  1.31503  
0.874868  1.50904  1.65439  0.0504538  
1.63314  0.178191  1.09717  1.2116  
0.907483  1.37176  1.24546  1.07501  
0.315373  1.75335  1.09163  1.11344  
0.329546  1.60408  0.315373  1.75335  
0.998316  1.37029  1.46731  0.830426  
1.24496  1.2643  1.24496  1.2643  
1.242  1.13174  0.902608  1.80067  
0.915785  1.38783  0.915785  1.38783  
0.902608  1.80067  0.0399433  1.94762  
1.09163  1.11344  0.998316  1.37029  
1.46731  0.830426  0.319521  1.55529  
0.0399433  1.94762  1.242  1.13174  
1.30081  1.16581  0.939881  1.62965  
0.301315  1.79931  1.66708  0.558792  
0.939881  1.62965  1.60756  0.00526247  
1.60756  0.00526247  0.217018  1.80165  
1.66708  0.558792  1.60654  0.695526  
1.17489  1.51848  1.30081  1.16581  
0.663065  1.61751  0.856437  1.71833  
0.217018  1.80165  0.663065  1.61751  
0.0249867  1.82973  0.0249867  1.82973  
1.60654  0.695526  0.301315  1.79931  
0.876363  0.904258  1.32005  0.453459  
0.593476  1.51505  0.876363  0.904258  
1.48664  0.0936295  0.112408  1.37297  
1.27819  0.209152  1.31827  0.00100261  
0.864793  1.01438  0.554146  1.41464  
1.32005  0.453459  1.48664  0.0936295  
0.112408  1.37297  0.864793  1.01438  
1.31827  0.00100261  1.27819  0.209152  
0.0005514  1.41053  1.52868  0.109675  
1.52868  0.109675  0.0005514  1.41053  
1.18888  0.432871  1.18439  0.431234  
1.39776  0.15327  0.586052  1.15283  
0.94223  0.91946  0.189106  1.33926  
0.848065  1.18493  0.848065  1.18493  
0.189106  1.33926  0.0136051  1.30681  
1.29027  0.000123048  0.94223  0.91946  
0.995225  1.38035  1.39776  0.15327  
0.0136051  1.30681  1.29027  0.000123048  
0.586052  1.15283  1.26227  0.957088  
1.26227  0.957088  0.995225  1.38035  
1.03254  1.00814  1.14257  0.87772  
1.18686  0.612542  1.22496  0.349817  
1.29216  0.0359899  0.353753  1.30176  
0.353753  1.30176  1.18686  0.612542  
1.14917  0.731915  1.33575  0.0094589  
1.33774  0.00237739  1.33774  0.00237739  
1.33575  0.0094589  1.29216  0.0359899  
1.22496  0.349817  1.03254  1.00814  
1.23773  0.0813911  1.23773  0.0813911  
1.03223  0.792961  1.14917  0.731915  
1.21972  0.00454108  0.00014854  1.40115  
1.27149  0.00202357  1.07852  0.0190257  
0.874558  0.886808  1.21972  0.00454108  
1.02209  0.0267498  1.27149  0.00202357  
1.13793  0.00129668  0.874558  0.886808  
0.536021  1.07129  0.536021  1.07129  
1.0013  0.15928  1.13793  0.00129668  
1.07852  0.0190257  1.28946  0.000123886  
0.000133527  1.25953  1.0013  0.15928  
1.28946  0.000123886  1.02209  0.0267498  
0.0185587  1.27215  0.00148312  1.2853  
1.29787  1.3841e-06  0.00487598  1.20876  
0.273139  1.06257  0.0607663  1.11383  
0.0356353  1.029  0.0185587  1.27215  
0.6188  0.983221  1.06873  0.656732  
0.0607663  1.11383  0.0405204  1.16539  
1.06873  0.656732  0.273139  1.06257  
0.00148173  1.2841  1.29787  1.3841e-06  
0.0405204  1.16539  0.6188  0.983221  
0.00487598  1.20876  0.0356353  1.029  
0.8717  0.938891  0.46375  1.17735  
0.725416  0.985365  1.101  0.780413  
1.28604  0.00282322  0.316064  1.28301  
0.316064  1.28301  0.725416  0.985365  
0.00292179  1.27142  0.626184  1.10578  
0.475129  1.24641  1.28604  0.00282322  
0.000831665  1.34247  0.00292179  1.27142  
1.101  0.780413  0.87033  0.937415  
0.626184  1.10578  0.475129  1.24641  
0.46375  1.17735  0.000831665  1.34247  
0.819009  0.57378  0.73484  0.67824  
1  3.23084e-05  0.422514  0.906357  
0.280294  0.959914  1  3.23084e-05  
0.422514  0.906357  0.288668  0.962951  
0.538709  0.842492  0.954522  0.29814  
0.893902  0.448263  0.280294  0.959914  
0.954522  0.29814  0.553033  0.864894  
0.642408  0.766363  0.642408  0.766363  
2.66133e-05  1  2.66133e-05  1  
0.73484  0.67824  0.819009  0.57378  
0.740929  1.02777  0.689935  1.09612  
1.09592  0.660046  0.0641685  1.38951  
0.544403  1.15843  7.48955e-06  1.28666  
0.943982  0.868732  0.740929  1.02777  
0.0376987  1.22588  0.926467  0.852614  
0.689935  1.09612  1.09592  0.660046  
1.23138  0.285315  1.23138  0.285315  
7.48955e-06  1.28666  0.0376987  1.22588  
1.29566  0.000265081  0.544403  1.15843  
0.0641685  1.38951  1.29566  0.000265081  
1.14676  0.440624  1.10749  0.555185  
1.25983  0.00204866  1.25983  0.00204866  
1.28616  0.00222518  1.14676  0.440624  
1.2192  2.37257e-05  0.0208987  1.25387  
1.19164  0.317184  0.752989  0.775076  
1.06683  0.636912  1.19164  0.317184  
0.752989  0.775076  1.28616  0.00222518  
0.961334  0.666732  0.961334  0.666732  
0.0208987  1.25387  1.2192  2.37257e-05  
1.10749  0.555185  1.03269  0.709599  
0.582753  1.13977  0.90976  0.933942  
0.830792  1.07728  0.830792  1.07728  
1.54672  0.324157  1.2874  0.190755  
0.277134  1.30776  1.08014  0.690317  
0.90976  0.933942  1.54672  0.324157  
0.0133501  1.32541  0.272069  1.2489  
0.895136  0.928966  0.0133501  1.32541  
0.272069  1.2489  0.312012  1.27601  
1.2874  0.190755  0.895136  0.928966  
1.08014  0.690317  0.582753  1.13977  
0.0414391  1.14464  0.430717  0.957173  
0.971608  0.490125  0.971608  0.490125  
1.01408  0.332946  1.01408  0.332946  
1.15026  0.680447  0.626432  0.857268  
0.626432  0.857268  0.236126  1.02818  
0.236126  1.02818  0.00522014  1.29092  
1.0684  0.00685594  1.0684  0.00685594  
0.387479  0.989517  1.15026  0.680447  
0.00522133  1.29121  0.387479  0.989517  
0.430717  0.957173  0.0414391  1.14464  
0.916746  0.464904  1.14516  0.0184763  
1.14516  0.0184763  0.488552  1.06664  
0.89355  0.591797  0.781327  0.63951  
0.676484  0.975021  0.989933  0.351274  
0.488552  1.06664  1.22962  0.0606728  
1.22962  0.0606728  1.1213  0.0534146  
0.781327  0.63951  0.89355  0.591797  
0.989933  0.351274  1.12152  0.0573184  
1.12109  0.0534046  0.676484  0.975021  
1.12152  0.0573184  0.916746  0.464904  
0.301795  1.18462  0.0904112  1.21224  
1.00009  0.372827  0.352908  1.07224  
0.845832  0.778305  0.883676  0.638001  
0.0904112  1.21224  1.08722  0.0203681  
0.905534  0.686455  0.905534  0.686455  
1.08722  0.0203681  0.845832  0.778305  
1.09828  0.016244  1.09828  0.016244  
0.883676  0.638001  1.00009  0.372827  
0.578433  0.896615  0.581166  0.900851  
0.352908  1.07224  0.301795  1.18462  
0.522335  0.959197  1.05976  0.159891  
0.653402  0.87158  0.996228  0.392955  
0.865385  0.635869  0.522335  0.959197  
0.996228  0.392955  0.319217  1.09162  
1.05947  0.159847  0.653402  0.87158  
0.319217  1.09162  1.08636  6.98394e-05  
1.07907  0.117827  1.07907  0.117827  
0.105533  1.13021  0.105533  1.13021  
0.702595  0.80745  0.702595  0.80745  
1.08636  6.98394e-05  0.865385  0.635869  
1.17941  2.52108e-06  1.00756  0.00646434  
0.021258  1.04308  0.021258  1.04308  
1.00756  0.00646434  0.715886  0.780176  
0.84491  0.619605  0.000219278  1.10109  
0.000219278  1.10109  1.17941  2.52108e-06  
0.916785  0.511145  1.03372  1.16201e-05  
0.556116  0.909025  0.54036  0.883271  
0.715886  0.780176  0.973585  0.393747  
1.03372  1.16201e-05  0.84491  0.619605  
0.973585  0.393747  0.916785  0.511145  
0.954522  0.29814  0.642408  0.766363  
2.66133e-05  1  0.943058  0.472913  
0.422514  0.906356  0.73484  0.67824  
0.819009  0.57378  0.954522  0.29814  
1  3.23084e-05  0.538709  0.842492  
0.893902  0.448263  1  3.23084e-05  
0.73484  0.67824  0.422514  0.906356  
0.642408  0.766363  0.280294  0.959914  
0.538709  0.842492  2.66133e-05  1  
0.280294  0.959914  0.819009  0.57378  
0.198566  1.02163  0.147278  1.06379  
1.07262  0.0144988  1.01942  0.383887  
0.697885  0.866211  0.697885  0.866211  
0.416907  0.979421  0.416907  0.979421  
1.01942  0.383887  0.198566  1.02163  
0.000176941  1.12681  0.249958  1.02748  
0.147154  1.06289  1.1344  0.232469  
0.766459  0.745352  1.07262  0.0144988  
0.249958  1.02748  0.766459  0.745352  
1.1344  0.232469  0.000176941  1.12681  
0.000107508  1.09014  0.000107508  1.09014  
0.0724947  1.09051  1.18707  1.18874e-05  
0.363696  1.00491  0.588104  0.85913  
0.911055  0.617183  0.00168343  1.04631  
1.18707  1.18874e-05  0.363696  1.00491  
0.757229  0.748867  0.757229  0.748867  
0.602805  0.880606  0.0724947  1.09051  
1.09188  0.0795566  1.09188  0.0795566  
0.00168343  1.04631  0.911055  0.617183  
1.0291  0.3014  1.0291  0.3014  
1.08895  0.075997  0.361582  1.17709  
0.90449  0.567145  1.04493  0.00730055  
0.000544846  1.04085  1.08895  0.075997  
1.02327  0.377956  0.947049  0.660059  
0.018246  1.20166  0.000544846  1.04085  
0.361582  1.17709  0.018243  1.20147  
0.947049  0.660059  0.651896  0.933273  
0.335119  0.996473  1.02327  0.377956  
1.04493  0.00730055  0.90449  0.567145  
0.651896  0.933273  0.335119  0.996473  
0.971211  0.366332  1.16493  0.00580139  
1.09319  0.000387657  0.0301816  1.0844  
0.784422  0.725351  0.784422  0.725351  
0.238563  1.05134  1.09319  0.000387657  
1.03002  0.360163  0.17052  1.19336  
0.878353  0.541085  1.03002  0.360163  
0.167342  1.17113  0.971211  0.366332  
1.16493  0.00580139  0.238563  1.05134  
0.0301816  1.0844  0.878353  0.541085  
1.202  0.0577367  1.202  0.0577367  
0.73484  0.67824  1.00006  5.89446e-05  
9.88894e-05  1  0.73484  0.67824  
0.818972  0.573833  9.88894e-05  1  
0.893902  0.448263  0.538709  0.842492  
1  5.89413e-05  0.818972  0.573833  
0.538709  0.842492  0.893902  0.448263  
0.422592  0.90632  0.422592  0.90632  
0.642408  0.766363  0.642408  0.766363  
0.954522  0.29814  0.954522  0.29814  
0.280294  0.959914  0.280294  0.959914  
0.818972  0.573833  1  5.89413e-05  
0.280294  0.959914  0.422592  0.90632  
0.73484  0.67824  0.642408  0.766363  
0.954522  0.29814  0.73484  0.67824  
0.422592  0.90632  0.280294  0.959914  
0.538709  0.842492  0.893902  0.448263  
0.893902  0.448263  0.954522  0.29814  
0.642408  0.766363  0.538709  0.842492  
9.88894e-05  1  9.88894e-05  1  
1  5.89413e-05  0.818972  0.573833  
0.954522  0.29814  9.88894e-05  1  
0.642408  0.766363  0.893902  0.448263  
1  5.89413e-05  0.954522  0.29814  
9.88894e-05  1  0.642408  0.766363  
0.422592  0.90632  0.422592  0.90632  
0.893902  0.448263  0.818972  0.573833  
0.73484  0.67824  0.544094  0.839389  
0.538709  0.842492  1  5.89413e-05  
0.280294  0.959914  0.280294  0.959914  
0.818972  0.573833  0.73484  0.67824  
0.954522  0.29814  0.893902  0.448263  
0.538709  0.842492  0.642408  0.766363  
1  5.89413e-05  0.280294  0.959914  
0.642408  0.766363  0.538709  0.842492  
0.73484  0.67824  0.73484  0.67824  
0.818972  0.573833  1  5.89413e-05  
0.422592  0.90632  9.88894e-05  1  
0.893902  0.448263  0.954522  0.29814  
0.280294  0.959914  0.422592  0.90632  
9.88894e-05  1  0.818972  0.573833  
1  5.89413e-05  0.541453  0.846784  
9.88894e-05  1  0.954522  0.29814  
0.954522  0.29814  0.642408  0.766363  
0.422592  0.90632  0.893902  0.448263  
0.73484  0.67824  1  5.89413e-05  
0.642408  0.766363  0.280294  0.959914  
0.818972  0.573833  9.88894e-05  1  
0.893902  0.448263  0.73484  0.67824  
0.280294  0.959914  0.422592  0.90632  
0.538709  0.842492  0.818972  0.573833  
0.422592  0.90632  9.88894e-05  1  
0.538709  0.842492  0.954522  0.29814  
0.280294  0.959914  0.893902  0.448263  
1  5.89413e-05  0.642408  0.766363  
0.642408  0.766363  1  5.89413e-05  
0.893902  0.448263  0.819188  0.573984  
9.88894e-05  1  0.538709  0.842492  
0.954522  0.29814  0.280294  0.959914  
0.73484  0.67824  0.73484  0.67824  
0.818972  0.573833  0.422592  0.90632  
0.954522  0.29814  0.538709  0.842492  
0.642408  0.766363  0.73484  0.67824  
0.538709  0.842492  0.280294  0.959914  
0.73484  0.67824  0.642408  0.766363  
0.422592  0.90632  0.818972  0.573833  
0.280294  0.959914  0.422592  0.90632  
0.893902  0.448263  0.893902  0.448263  
0.818972  0.573833  0.954522  0.29814  
9.88894e-05  1  9.88894e-05  1  
1  5.89413e-05  1  5.89413e-05  
0.73484  0.67824  0.642408  0.766363  
0.893902  0.448263  0.954522  0.29814  
0.422592  0.90632  0.280294  0.959914  
0.818972  0.573833  0.73484  0.67824  
0.954522  0.29814  0.538709  0.842492  
1  5.89413e-05  0.893902  0.448263  
0.642408  0.766363  0.422592  0.90632  
0.538709  0.842492  1  5.89413e-05  
9.88894e-05  1  0.818972  0.573833  
0.280294  0.959914  9.88894e-05  1  
0.893902  0.448263  9.88894e-05  1  
0.954522  0.29814  0.280294  0.959914  
9.88894e-05  1  0.73484  0.67824  
0.280294  0.959914  0.893902  0.448263  
1  5.89413e-05  0.422592  0.90632  
0.422592  0.90632  0.64548  0.770028  
0.818972  0.573833  1  5.89413e-05  
0.538709  0.842492  0.954522  0.29814  
0.642408  0.766363  0.538709  0.842492  
0.73484  0.67824  0.818972  0.573833  
0.818972  0.573833  0.422592  0.90632  
9.88894e-05  1  0.642408  0.766363  
1  5.89413e-05  0.954522  0.29814  
0.73484  0.67824  9.88894e-05  1  
0.538709  0.842492  1  5.89413e-05  
0.893902  0.448263  0.280294  0.959914  
0.280294  0.959914  0.818972  0.573833  
0.642408  0.766363  0.734948  0.678339  
0.954522  0.29814  0.893902  0.448263  
0.422592  0.90632  0.538709  0.842492  
0.280288  0.959916  9.23822e-05  1  
0.642399  0.76637  1.00156  4.90621e-05  
0.818971  0.573835  0.280288  0.959916  
1  9.56955e-05  0.954528  0.298123  
9.23822e-05  1  0.538666  0.842519  
0.89389  0.448287  0.734804  0.67828  
0.734804  0.67828  0.642399  0.76637  
0.538666  0.842519  0.818971  0.573835  
0.422592  0.90632  0.422592  0.90632  
0.954528  0.298123  0.89389  0.448287  
0.642399  0.76637  0.818971  0.573835  
0.538666  0.842519  0.280288  0.959916  
0.734804  0.67828  0.538666  0.842519  
0.89389  0.448287  0.422592  0.90632  
1  9.56955e-05  0.734804  0.67828  
0.954528  0.298123  0.954528  0.298123  
0.818971  0.573835  0.89389  0.448287  
0.422592  0.90632  1  9.56955e-05  
0.280288  0.959916  9.23822e-05  1  
9.23822e-05  1  0.642399  0.76637  
0.642399  0.76637  0.734804  0.67828  
0.280288  0.959916  0.820822  0.575132  
0.818971  0.573835  0.280288  0.959916  
0.954528  0.298123  1  9.56955e-05  
0.538666  0.842519  0.642399  0.76637  
1  9.56955e-05  0.954528  0.298123  
0.734804  0.67828  0.422592  0.90632  
0.89389  0.448287  0.89389  0.448287  
0.422592  0.90632  9.23822e-05  1  
9.23822e-05  1  0.538666  0.842519  
0.818971  0.573835  1  9.56955e-05  
0.954528  0.298123  0.280288  0.959916  
9.23822e-05  1  9.23822e-05  1  
0.89389  0.448287  0.734804  0.67828  
0.642399  0.76637  0.642399  0.76637  
0.280288  0.959916  0.954528  0.298123  
0.734804  0.67828  0.538666  0.842519  
0.422592  0.90632  0.89389  0.448287  
0.538666  0.842519  0.422592  0.90632  
1  9.56955e-05  0.818971  0.573835  
0.642399  0.76637  0.734804  0.67828  
0.422592  0.90632  0.422592  0.90632  
0.818971  0.573835  0.954528  0.298123  
0.734804  0.67828  0.818971  0.573835  
9.23822e-05  1  0.642399  0.76637  
1  9.56955e-05  0.280288  0.959916  
0.538666  0.842519  0.538666  0.842519  
0.280288  0.959916  1  9.56955e-05  
0.954528  0.298123  0.89389  0.448287  
0.89389  0.448287  9.23822e-05  1  
0.422592  0.90632  9.23822e-05  1  
0.538666  0.842519  0.280288  0.959916  
0.642399  0.76637  0.734804  0.67828  
0.734804  0.67828  0.89389  0.448287  
0.954528  0.298123  0.422592  0.90632  
0.89389  0.448287  0.538666  0.842519  
9.23822e-05  1  0.642399  0.76637  
0.280288  0.959916  1.0004  9.57341e-05  
1  9.56955e-05  0.954528  0.298123  
0.818971  0.573835  0.818971  0.573835  
0.734804  0.67828  9.23822e-05  1  
0.280288  0.959916  0.954528  0.298123  
9.23822e-05  1  1  9.56955e-05  
0.538666  0.842519  0.642399  0.76637  
1  9.56955e-05  0.280288  0.959916  
0.818971  0.573835  0.734804  0.67828  
0.89389  0.448287  0.89389  0.448287  
0.642399  0.76637  0.423017  0.907231  
0.422592  0.90632  0.538666  0.842519  
0.954528  0.298123  0.818971  0.573835  
0.89389  0.448287  9.23822e-05  1  
0.422592  0.90632  0.89389  0.448287  
1  9.56955e-05  0.676995  0.736008  
0.818971  0.573835  0.280288  0.959916  
0.734804  0.67828  0.538666  0.842519  
0.954528  0.298123  0.422592  0.90632  
9.23822e-05  1  1  9.56955e-05  
0.642399  0.76637  0.642399  0.76637  
0.538666  0.842519  0.82346  0.576981  
0.280288  0.959916  0.734804  0.67828  
0.954528  0.298123  0.89389  0.448287  
0.734804  0.67828  9.23822e-05  1  
0.538666  0.842519  0.95501  0.298273  
0.89389  0.448287  0.538666  0.842519  
9.23822e-05  1  0.642399  0.76637  
1  9.56955e-05  0.422592  0.90632  
0.280288  0.959916  0.818971  0.573835  
0.818971  0.573835  0.280288  0.959916  
0.422592  0.90632  1  9.56955e-05  
0.642399  0.76637  0.734804  0.67828  
0.538666  0.842519  0.538666  0.842519  
0.734804  0.67828  0.818971  0.573835  
0.642399  0.76637  0.954528  0.298123  
0.280288  0.959916  0.734804  0.67828  
9.23822e-05  1  0.642399  0.76637  
0.89389  0.448287  0.280288  0.959916  
1  9.56955e-05  0.89389  0.448287  
0.954528  0.298123  0.422592  0.90632  
0.818971  0.573835  1  9.56955e-05  
0.422592  0.90632  9.23822e-05  1  
9.23822e-05  1  0.89389  0.448287  
1  9.56955e-05  0.954526  0.298126  
0.538666  0.842519  0.642399  0.76637  
0.954526  0.298126  0.538666  0.842519  
0.642399  0.76637  0.734804  0.67828  
0.818971  0.573835  0.280288  0.959916  
0.734804  0.67828  9.23822e-05  1  
0.280288  0.959916  0.422592  0.90632  
0.89389  0.448287  0.818971  0.573835  
0.422592  0.90632  1  9.56955e-05  
0.422592  0.90632  0.280288  0.959916  
1  9.56955e-05  0.734804  0.67828  
0.89389  0.448287  0.818971  0.573835  
0.538666  0.842519  9.23822e-05  1  
0.280288  0.959916  1  9.56955e-05  
0.734804  0.67828  0.642399  0.76637  
0.954526  0.298126  0.538666  0.842519  
0.818971  0.573835  0.422592  0.90632  
0.642399  0.76637  0.954526  0.298126  
9.23822e-05  1  0.89389  0.448287  
1  9.56955e-05  0.734804  0.67828  
0.818971  0.573835  0.642399  0.76637  
0.422592  0.90632  0.538666  0.842519  
0.734804  0.67828  0.818971  0.573835  
9.23822e-05  1  0.280288  0.959916  
0.538666  0.842519  0.954526  0.298126  
0.642399  0.76637  9.23822e-05  1  
0.89389  0.448287  0.422592  0.90632  
0.954526  0.298126  0.89389  0.448287  
0.280288  0.959916  1.00244  9.59286e-05  
0.89389  0.448287  0.538666  0.842519  
0.280288  0.959916  0.734804  0.67828  
1  9.56955e-05  0.422592  0.90632  
0.954526  0.298126  0.954526  0.298126  
0.642399  0.76637  0.642399  0.76637  
9.23822e-05  1  9.23822e-05  1  
0.422592  0.90632  1.00451  9.61272e-05  
0.818971  0.573835  0.818971  0.573835  
0.734804  0.67828  0.89389  0.448287  
0.538666  0.842519  0.280288  0.959916  
0.818971  0.573835  0.89389  0.448287  
0.642399  0.76637  0.818971  0.573835  
0.280288  0.959916  0.280288  0.959916  
1  9.56955e-05  9.23822e-05  1  
0.954526  0.298126  0.538666  0.842519  
0.538666  0.842519  0.422592  0.90632  
0.422592  0.90632  0.954526  0.298126  
0.89389  0.448287  0.734804  0.67828  
0.734804  0.67828  1  9.56955e-05  
9.23822e-05  1  0.642399  0.76637  
0.422592  0.90632  0.818971  0.573835  
0.954526  0.298126  0.89389  0.448287  
0.642399  0.76637  0.422592  0.90632  
0.734804  0.67828  0.642399  0.76637  
0.818971  0.573835  0.954526  0.298126  
9.23822e-05  1  0.538666  0.842519  
1  9.56955e-05  9.23822e-05  1  
0.280288  0.959916  0.280289  0.959922  
0.538666  0.842519  0.734804  0.67828  
0.89389  0.448287  1  9.56955e-05  
0.89389  0.448287  0.642399  0.76637  
0.734804  0.67828  0.954526  0.298126  
1  9.56955e-05  9.23822e-05  1  
0.642399  0.76637  0.89389  0.448287  
0.538666  0.842519  0.422592  0.90632  
0.280288  0.959916  1  9.56955e-05  
9.23822e-05  1  0.818971  0.573835  
0.818971  0.573835  0.734804  0.67828  
0.954526  0.298126  0.280288  0.959916  
0.422592  0.90632  0.538666  0.842519  
0.89389  0.448287  9.23822e-05  1  
0.422592  0.90632  0.422592  0.90632  
0.818971  0.573835  0.818971  0.573835  
0.954526  0.298126  1  9.56955e-05  
0.642399  0.76637  0.89389  0.448287  
0.280288  0.959916  0.735754  0.679157  
1  9.56955e-05  0.280288  0.959916  
0.734804  0.67828  0.954526  0.298126  
9.23822e-05  1  0.642399  0.76637  
0.538666  0.842519  0.538666  0.842519  
0.818971  0.573835  0.89389  0.448287  
0.89389  0.448287  0.260296  0.965529  
0.734804  0.67828  0.954526  0.298126  
0.422592  0.90632  0.538666  0.842519  
0.954526  0.298126  0.818971  0.573835  
1  9.56955e-05  1  9.56955e-05  
9.23822e-05  1  0.422592  0.90632  
0.538666  0.842519  0.642399  0.76637  
0.280288  0.959916  0.818972  0.573835  
0.642399  0.76637  0.734804  0.67828  
0.422592  0.90632  0.280288  0.959916  
0.280288  0.959916  0.734804  0.67828  
0.734804  0.67828  1  9.56955e-05  
0.89389  0.448287  0.642646  0.766665  
0.538666  0.842519  9.23822e-05  1  
9.23822e-05  1  0.538666  0.842519  
0.642399  0.76637  0.818971  0.573835  
0.954526  0.298126  0.954526  0.298126  
1  9.56955e-05  0.422592  0.90632  
0.818971  0.573835  0.89389  0.448287  
0.280287  0.959916  0.734803  0.67828  
1  9.67643e-05  0.954526  0.298126  
0.954526  0.298126  0.538661  0.842522  
9.82199e-05  1  0.280287  0.959916  
0.818971  0.573835  0.818971  0.573835  
0.422592  0.90632  0.422592  0.90632  
0.89389  0.448287  0.89389  0.448287  
0.734803  0.67828  9.82199e-05  1  
0.642399  0.76637  0.642399  0.76637  
0.538661  0.842522  1.00535  9.72819e-05  
0.89389  0.448287  0.89389  0.448287  
0.818971  0.573835  0.97729  0.211905  
0.642399  0.76637  0.818971  0.573835  
0.538661  0.842522  1  9.67643e-05  
0.422592  0.90632  0.280287  0.959916  
9.82199e-05  1  0.642399  0.76637  
1  9.67643e-05  9.82199e-05  1  
0.954526  0.298126  0.734806  0.678283  
0.280287  0.959916  0.538661  0.842522  
0.734803  0.67828  0.954526  0.298126  
0.642399  0.76637  0.642399  0.76637  
0.538661  0.842522  0.422592  0.90632  
0.734803  0.67828  0.734803  0.67828  
1  9.67643e-05  0.538661  0.842522  
9.82199e-05  1  9.82199e-05  1  
0.280287  0.959916  0.280287  0.959917  
0.422592  0.90632  0.818971  0.573835  
0.818971  0.573835  0.954526  0.298126  
0.89389  0.448287  1  9.67643e-05  
0.954526  0.298126  0.89389  0.448287  
0.642399  0.76637  0.765793  0.643087  
9.82199e-05  1  0.422592  0.90632  
0.422592  0.90632  0.954526  0.298126  
0.280287  0.959916  0.642399  0.76637  
0.734803  0.67828  0.538661  0.842522  
0.89389  0.448287  0.818971  0.573835  
0.818971  0.573835  0.89389  0.448287  
1  9.67643e-05  1  9.67643e-05  
0.538661  0.842522  9.82199e-05  1  
0.954526  0.298126  0.280287  0.959916  
0.89389  0.448287  0.422592  0.90632  
0.734803  0.67828  9.82199e-05  1  
0.280287  0.959916  0.642399  0.76637  
9.82199e-05  1  1  9.67643e-05  
0.954526  0.298126  0.954526  0.298126  
0.642399  0.76637  0.280287  0.959916  
0.538661  0.842522  0.538661  0.842522  
1  9.67643e-05  0.89389  0.448287  
0.422592  0.90632  0.734803  0.67828  
0.818971  0.573835  0.818971  0.573835  
0.954526  0.298126  0.818971  0.573835  
0.818971  0.573835  0.538661  0.842522  
9.82199e-05  1  0.642399  0.76637  
0.280287  0.959916  9.82199e-05  1  
0.642399  0.76637  0.89389  0.448287  
0.538661  0.842522  1  9.67643e-05  
1  9.67643e-05  0.734803  0.67828  
0.734803  0.67828  0.422592  0.90632  
0.89389  0.448287  0.954526  0.298126  
0.422592  0.90632  0.280287  0.959916  
9.82199e-05  1  0.422592  0.90632  
0.734803  0.67828  0.95472  0.298187  
0.422592  0.90632  1  9.67643e-05  
0.818971  0.573835  0.734803  0.67828  
0.954526  0.298126  0.89389  0.448287  
1  9.67643e-05  0.642399  0.76637  
0.642399  0.76637  0.818971  0.573835  
0.89389  0.448287  9.82199e-05  1  
0.538661  0.842522  0.280287  0.959916  
0.280287  0.959916  0.538661  0.842522  
0.89389  0.448287  0.280287  0.959916  
0.538661  0.842522  0.448075  0.894529  
0.280287  0.959916  0.642399  0.76637  
1  9.67643e-05  0.954526  0.298126  
0.422592  0.90632  0.734803  0.67828  
0.954526  0.298126  9.82199e-05  1  
0.734803  0.67828  1  9.67643e-05  
0.818971  0.573835  0.818971  0.573835  
9.82199e-05  1  0.89389  0.448287  
0.642399  0.76637  0.538661  0.842522  
0.280287  0.959916  0.818971  0.573835  
0.818971  0.573835  1  9.67643e-05  
1  9.67643e-05  9.82199e-05  1  
0.734803  0.67828  0.538661  0.842522  
0.642399  0.76637  0.954526  0.298126  
0.422592  0.90632  0.280287  0.959916  
0.89389  0.448287  0.89389  0.448287  
0.538661  0.842522  0.734803  0.67828  
9.82199e-05  1  0.642399  0.76637  
0.954526  0.298126  0.422592  0.90632  
0.280287  0.959916  0.422592  0.90632  
0.954526  0.298126  0.642399  0.76637  
0.642399  0.76637  0.280287  0.959916  
9.82199e-05  1  0.89389  0.448287  
0.538661  0.842522  0.954526  0.298126  
0.818971  0.573835  9.82199e-05  1  
0.734803  0.67828  0.538661  0.842522  
0.422592  0.90632  0.734803  0.67828  
0.89389  0.448287  1  9.67643e-05  
1  9.67643e-05  0.818971  0.573835  
0.89389  0.448287  1  9.67643e-05  
0.81897  0.573836  0.954526  0.298127  
9.92954e-05  1  0.280287  0.959916  
0.734803  0.67828  9.92954e-05  1  
0.280287  0.959916  0.734803  0.67828  
0.538661  0.842522  0.538661  0.842522  
0.422594  0.906319  0.422594  0.906319  
0.954526  0.298127  0.89389  0.448287  
0.642399  0.76637  0.642399  0.76637  
1  9.67643e-05  0.820562  0.574951  
0.538661  0.842522  0.89389  0.448287  
0.642399  0.76637  0.642399  0.76637  
0.954526  0.298127  9.92954e-05  1  
0.280287  0.959916  0.81897  0.573836  
9.92954e-05  1  0.422594  0.906319  
1  9.67643e-05  1  9.67643e-05  
0.89389  0.448287  0.954526  0.298127  
0.734803  0.67828  0.538661  0.842522  
0.81897  0.573836  0.734803  0.67828  
0.422594  0.906319  0.280461  0.960513  
9.92954e-05  1  0.81897  0.573836  
0.81897  0.573836  0.89389  0.448287  
0.734803  0.67828  1  9.67643e-05  
0.538661  0.842522  0.642399  0.76637  
0.642399  0.76637  0.734803  0.67828  
0.280287  0.959916  0.422594  0.906319  
0.954526  0.298127  0.954526  0.298127  
1  9.67643e-05  9.92954e-05  1  
0.422594  0.906319  0.280287  0.959916  
0.89389  0.448287  0.538661  0.842522  
0.81897  0.573836  0.642399  0.76637  
0.422594  0.906319  0.954526  0.298127  
0.89389  0.448287  0.422594  0.906319  
0.280287  0.959916  1  9.67643e-05  
0.642399  0.76637  0.734803  0.67828  
9.92954e-05  1  0.81897  0.573836  
0.538661  0.842522  0.89389  0.448287  
0.734803  0.67828  0.280287  0.959916  
1  9.67643e-05  0.538661  0.842522  
0.954526  0.298127  9.93066e-05  1.00011  
0.422594  0.906319  0.538661  0.842522  
0.89389  0.448287  9.92954e-05  1  
0.81897  0.573836  0.280287  0.959916  
0.734803  0.67828  0.954526  0.298127  
1  9.67643e-05  0.81897  0.573836  
9.92954e-05  1  1  9.67643e-05  
0.954526  0.298127  0.422594  0.906319  
0.538661  0.842522  0.89389  0.448287  
0.280287  0.959916  0.642399  0.76637  
0.642399  0.76637  0.734803  0.67828  
0.422594  0.906319  1  9.67643e-05  
0.954526  0.298127  9.92954e-05  1  
0.81897  0.573836  0.954526  0.298127  
0.538661  0.842522  0.734803  0.67828  
0.642399  0.76637  0.538661  0.842522  
1  9.67643e-05  0.81897  0.573836  
0.280287  0.959916  0.89389  0.448287  
0.89389  0.448287  0.280287  0.959916  
0.734803  0.67828  0.642399  0.76637  
9.92954e-05  1  0.422594  0.906319  
0.954526  0.298127  9.92954e-05  1  
0.422594  0.906319  0.954526  0.298127  
0.734803  0.67828  0.280287  0.959916  
0.642399  0.76637  0.89389  0.448287  
0.538661  0.842522  0.422594  0.906319  
0.280287  0.959916  0.735257  0.678699  
1  9.67643e-05  0.642399  0.76637  
0.81897  0.573836  0.81897  0.573836  
0.89389  0.448287  1  9.67643e-05  
9.92954e-05  1  0.538661  0.842522  
0.954526  0.298127  0.280287  0.959916  
0.538661  0.842522  0.422594  0.906319  
9.92954e-05  1  0.538661  0.842522  
0.280287  0.959916  1  9.67643e-05  
0.422594  0.906319  0.89389  0.448287  
0.89389  0.448287  0.954526  0.298127  
0.642399  0.76637  0.642422  0.766398  
1  9.67643e-05  9.92954e-05  1  
0.734803  0.67828  0.734803  0.67828  
0.81897  0.573836  0.81897  0.573836  
9.92954e-05  1  0.280287  0.959916  
0.280287  0.959916  0.538661  0.842522  
0.422594  0.906319  0.954526  0.298127  
0.642399  0.76637  0.89389  0.448287  
0.734803  0.67828  9.92954e-05  1  
0.81897  0.573836  0.642399  0.76637  
0.89389  0.448287  0.734803  0.67828  
0.954526  0.298127  0.422594  0.906319  
1  9.67643e-05  1  9.67643e-05  
0.538661  0.842522  0.81897  0.573836  
0.280287  0.959916  0.734803  0.67828  
0.642399  0.76637  0.89389  0.448287  
0.734803  0.67828  0.642399  0.76637  
0.538661  0.842522  0.538661  0.842522  
0.89389  0.448287  1  9.67643e-05  
0.81897  0.573836  0.422594  0.906319  
9.92954e-05  1  0.81897  0.573836  
1  9.67643e-05  0.954526  0.298127  
0.422594  0.906319  0.280287  0.959916  
0.954526  0.298127  9.92954e-05  1  
0.954526  0.298127  9.92954e-05  1  
0.734803  0.67828  0.280287  0.959916  
0.422594  0.906319  0.538663  0.842521  
0.538663  0.842521  0.819502  0.574209  
0.642399  0.76637  0.89389  0.448287  
0.81897  0.573836  1  9.67643e-05  
1  9.67643e-05  0.81897  0.573836  
0.280287  0.959916  0.734803  0.67828  
0.89389  0.448287  0.954526  0.298127  
9.92954e-05  1  0.422594  0.906319  
0.642399  0.76637  0.538663  0.842521  
0.81897  0.573836  9.92954e-05  1  
0.734803  0.67828  0.954526  0.298127  
1  9.67643e-05  0.422594  0.906319  
0.538663  0.842521  0.89389  0.448287  
0.422594  0.906319  1  9.67643e-05  
0.954526  0.298127  0.81897  0.573836  
0.280287  0.959916  0.734803  0.67828  
0.89389  0.448287  0.642399  0.76637  
9.92954e-05  1  0.280503  0.960655  
0.422594  0.906319  0.538663  0.842521  
0.538663  0.842521  0.89389  0.448287  
0.734803  0.67828  1  9.67643e-05  
1  9.67643e-05  0.642399  0.76637  
0.81897  0.573836  9.92954e-05  1  
0.89389  0.448287  0.81897  0.573836  
0.280287  0.959916  0.422594  0.906319  
9.92954e-05  1  0.734803  0.67828  
0.642399  0.76637  0.954526  0.298127  
0.954526  0.298127  0.280287  0.959916  
9.92954e-05  1  0.954526  0.298127  
0.280287  0.959916  0.538663  0.842521  
0.734803  0.67828  9.92954e-05  1  
1  9.67643e-05  0.81897  0.573836  
0.954526  0.298127  0.422594  0.906319  
0.538663  0.842521  0.280287  0.959916  
0.642399  0.76637  1  9.67643e-05  
0.81897  0.573836  0.734803  0.67828  
0.422594  0.906319  0.642399  0.76637  
0.89389  0.448287  0.89389  0.448287  
0.642399  0.76637  9.92954e-05  1  
0.954526  0.298127  0.81897  0.573836  
0.280287  0.959916  0.422594  0.906319  
0.422594  0.906319  0.538663  0.842521  
9.92954e-05  1  0.280287  0.959916  
0.734803  0.67828  0.893896  0.44829  
1  9.67643e-05  1  9.67643e-05  
0.538663  0.842521  0.954526  0.298127  
0.81897  0.573836  0.642399  0.76637  
0.89389  0.448287  0.734803  0.67828  
0.538663  0.842521  0.734803  0.67828  
1  9.67643e-05  0.422594  0.906319  
0.280287  0.959916  0.89389  0.448287  
0.81897  0.573836  0.81897  0.573836  
9.92954e-05  1  9.92954e-05  1  
0.422594  0.906319  0.642399  0.76637  
0.734803  0.67828  0.538663  0.842521  
0.89389  0.448287  1  9.67643e-05  
0.954526  0.298127  0.280287  0.959916  
0.642399  0.76637  0.954526  0.298127  
0.81897  0.573836  9.92954e-05  1  
0.422594  0.906319  0.954526  0.298127  
0.734803  0.67828  0.280287  0.959916  
0.280287  0.959916  0.734803  0.67828  
9.92954e-05  1  0.642399  0.76637  
0.642399  0.76637  0.538663  0.842521  
0.954526  0.298127  0.89389  0.448287  
1  9.67643e-05  0.81897  0.573836  
0.538663  0.842521  0.422594  0.906319  
0.89389  0.448287  1  9.67643e-05  
0.642399  0.76637  1  9.67643e-05  
0.89389  0.448287  0.538663  0.842521  
0.734803  0.67828  0.954526  0.298127  
1  9.67643e-05  0.422594  0.906319  
0.954526  0.298127  9.92954e-05  1  
0.81897  0.573836  0.280287  0.959916  
0.422594  0.906319  0.642399  0.76637  
0.280287  0.959916  0.81897  0.573836  
0.538663  0.842521  0.89389  0.448287  
9.92954e-05  1  0.735632  0.679045  
0.422594  0.906319  0.280287  0.959916  
0.81897  0.573836  0.642399  0.76637  
0.734803  0.67828  0.89389  0.448287  
0.642399  0.76637  1  9.67643e-05  
0.280287  0.959916  9.92954e-05  1  
9.92954e-05  1  0.81897  0.573836  
0.89389  0.448287  0.735128  0.67858  
0.954526  0.298127  0.954526  0.298127  
1  9.67643e-05  0.538663  0.842521  
0.538663  0.842521  0.422594  0.906319  
0.81897  0.573836  1  9.67643e-05  
0.538663  0.842521  0.954526  0.298127  
0.954526  0.298127  0.642399  0.76637  
0.422594  0.906319  0.422594  0.906319  
1  9.67643e-05  9.92969e-05  1.00002  
0.642399  0.76637  0.280287  0.959916  
0.280287  0.959916  0.89389  0.448287  
0.89389  0.448287  0.81897  0.573836  
9.92954e-05  1  0.538663  0.842521  
0.734803  0.67828  0.734803  0.67828  
