0.885678  1.46955  1.30644  1.44113  
1.17184  1.69911  0.952769  1.21156  
0.830283  1.69042  2.12793  0.758965  
1.31143  1.49268  1.05318  0.821056  
1.03256  1.82071  0.0576482  2.41743  
1.14916  1.85977  0.684297  1.89007  
1.35463  0.382414  1.69198  0.715932  
1.04447  1.77277  1.51118  0.974707  
0.101984  1.90258  1.04513  1.49832  
0.883786  1.36274  1.28267  1.46326  
1.83382  0.014815  0.306067  1.70094  
1.67806  0.475019  1.44371  0.897251  
1.21123  0.911526  0.881273  2.08095  
0.0103141  2.08351  0.946009  1.71679  
1.03491  1.42363  1.67239  0.207318  
1.26129  1.62409  0.363372  1.92542  
1.28826  1.07259  1.36135  1.19118  
0.405382  1.85663  1.1876  1.3473  
0.905022  2.0076  0.739991  1.59838  
0.0611912  1.36624  1.20093  1.36876  
0.652338  1.84304  1.38053  1.59026  
1.70627  0.251999  0.331523  1.77163  
1.3866  0.799168  0.392009  1.71721  
1.59583  0.414268  1.48326  1.03364  
0.938618  1.24683  1.12656  1.09419  
1.97832  1.28862  0.456638  2.27333  
1.81248  0.640638  1.58331  0.700803  
0.623319  1.72124  1.03954  1.61993  
1.55154  0.808328  1.00803  1.611  
1.93883  1.18612  1.10412  0.932928  
0.406167  2.20458  1.54202  1.38212  
1.01309  1.50789  1.32819  1.15521  
1.30194  1.09473  0.284971  2.00008  
1.46401  0.521451  1.80173  0.238995  
1.67391  0.752205  1.26093  1.56249  
1.48298  0.89697  1.89755  0.272556  
1.53672  0.972453  1.88895  0.0461481  
1.72783  0.76289  0.536905  1.66434  
2.1559  0.102126  0.00424626  1.9351  
0.276908  1.70902  0.17737  2.07982  
1.80006  0.313609  0.966181  1.63777  
0.690711  1.19461  0.0827574  1.69056  
1.90857  0.984981  1.71754  1.08969  
0.84097  1.8889  1.65161  0.849525  
0.794764  1.40614  0.456498  1.51204  
1.21818  1.01266  0.199052  2.02163  
1.15828  1.0685  1.7055  0.359189  
1.7975  0.326188  0.263495  1.95114  
1.74928  0.666303  1.44876  1.40838  
1.87242  0.824126  0.847772  1.33001  
1.54067  1.0307  0.485791  1.68378  
0.391308  1.96611  0.717787  2.11276  
2.14625  0.0411335  0.0941146  1.448  
0.378011  1.65759  1.17764  1.411  
2.03118  0.206507  0.153179  1.9997  
1.79896  0.498955  1.86444  0.694983  
1.76226  0.573182  0.670682  1.62223  
1.42098  1.1385  1.09478  1.32157  
1.78625  0.915962  1.35281  1.64691  
0.259016  2.15366  0.230949  1.87616  
0.434499  1.65523  0.846696  1.59862  
1.11681  1.21876  0.751281  1.83583  
1.96888  0.273632  1.42157  1.16464  
1.80203  0.701621  0.892814  1.41614  
0.0838967  1.63456  1.67034  0.290764  
0.942806  1.49443  1.35519  1.32805  
1.06517  1.28765  0.201356  1.49309  
1.80058  1.32746  0.393674  1.78684  
1.49613  0.076295  0.65939  1.39314  
1.75114  0.265291  1.46546  1.30297  
1.86684  0.705086  2.14646  0.504002  
1.18629  1.1755  0.78231  1.23012  
0.870851  1.35715  0.444174  1.55809  
1.38516  0.822601  0.359073  1.57014  
1.71977  1.08014  1.09297  1.60042  
1.71322  0.18346  0.843388  1.74453  
0.0180084  2.05736  2.2518  0.600073  
1.42502  1.63127  0.434489  1.8685  
1.22095  0.972237  2.02196  0.224845  
0.923193  1.69698  1.95111  0.0246006  
0.179982  1.86891  0.088844  2.02917  
1.23898  1.28035  1.06526  1.57032  
0.655733  1.66106  1.23657  0.212464  
0.884849  1.36487  2.04423  0.238065  
0.450836  1.6331  1.61167  0.72322  
0.949516  1.43492  1.20786  1.42921  
1.91271  0.191317  1.33122  1.21034  
1.65705  0.499625  0.0314015  1.99202  
1.58884  0.23945  0.530001  1.5025  
1.71364  0.918962  1.17001  0.698157  
1.09484  1.27707  0.768958  1.79898  
0.319375  1.54963  2.31567  0.486044  
0.602935  1.5844  0.264816  1.63714  
0.051869  1.72043  0.257546  1.79606  
1.71804  0.690111  1.59813  0.502338  
0.728458  1.53159  0.337036  1.68444  
1.0152  1.50702  0.492309  1.92511  
0.869231  2.04405  1.42198  1.58854  
0.113588  1.81449  1.57135  0.0957816  
0.331508  2.17068  0.190961  1.74321  
1.77062  0.756305  1.06522  1.3653  
1.76955  0.485515  1.79589  1.03859  
1.78286  0.0814515  1.55638  1.33539  
1.20623  1.5412  1.89942  0.617692  
1.57941  0.238544  1.78286  0.0814515  
1.55638  1.33539  1.15908  1.79239  
1.05527  1.35255  1.76955  0.485515  
1.79589  1.03859  1.77062  0.756305  
1.15908  1.79239  1.20623  1.5412  
1.89942  0.617692  1.57941  0.238544  
1.56971  0.820365  1.56971  0.820365  
1.78879  1.89529  1.53369  1.35846  
1.07015  1.33125  1.50068  1.36026  
1.91677  0.0761776  1.93873  0.046134  
1.89777  0.526755  1.07015  1.33125  
1.50068  1.36026  1.91677  0.0761776  
1.67464  1.00097  1.67464  1.00097  
1.93873  0.046134  1.97031  0.392987  
1.97031  0.392987  1.89777  0.526755  
1.53369  1.35846  1.79948  1.90663  
1.82356  0.446511  1.82027  0.386666  
1.68906  0.985235  2.05959  0.432851  
1.94355  0.219262  1.82774  0.351197  
1.73814  1.01804  1.65522  0.707293  
1.82027  0.386666  1.94355  0.219262  
1.82774  0.351197  1.73246  1.15081  
1.65522  0.707293  1.94547  0.0539277  
2.05959  0.432851  1.73814  1.01804  
1.94547  0.0539277  1.68906  0.985235  
1.73246  1.15081  1.80348  0.521747  
1.78019  0.992691  0.0289222  2.21519  
2.1915  0.00681403  2.1915  0.00681403  
1.96249  0.252003  2.0488  0.0529777  
0.0289222  2.21519  1.70046  1.1777  
2.13239  0.104544  1.4163  1.45487  
1.70046  1.1777  1.78019  0.992691  
1.90678  0.560198  2.13239  0.104544  
1.4163  1.45487  1.99884  0.0657429  
1.99884  0.0657429  1.83839  0.779718  
2.0488  0.0529777  1.96249  0.252003  
0.732056  0.681245  1.95331  0.844153  
0.636698  0.771113  2.32614  0.964187  
0.816876  0.576814  1.93824  0.395677  
0.413015  0.910724  1.65672  0.95225  
0.892361  0.451323  1.29445  1.3492  
0.953647  0.300928  1.95606  0.143715  
0.532158  0.846645  1.85644  0.0367835  
1  4.43142e-05  1.99927  0.337662  
3.46578e-05  1  1.67044  0.659164  
0.274313  0.96164  1.41172  1.47964  
1.85508  0.69319  0.892361  0.451323  
1.0241  1.85787  0.413015  0.910724  
1.9417  0.158294  0.636698  0.771113  
2.15764  0.0195269  0.953647  0.300928  
1.99902  0.10527  0.274313  0.96164  
1.53337  1.2493  0.532158  0.846645  
1.94383  0.128109  4.01741e-05  1.15916  
2.09949  0.0118624  1  4.43142e-05  
2.11143  0.186415  0.732056  0.681245  
1.76365  0.699405  0.816876  0.576814  
1.82188  0.269374  1.94383  0.128109  
1.43173  0.218252  1.9417  0.158294  
2.26972  0.256179  1.76365  0.699405  
2.15966  0.295096  2.09949  0.0118624  
1.71915  0.4748  2.15764  0.0195269  
1.9555  0.218522  1.53337  1.2493  
2.5167  0.364302  1.99902  0.10527  
2.17314  0.143437  1.0241  1.85787  
1.94967  0.364228  1.84233  0.688428  
1.90641  0.733491  2.11143  0.186415  
2.10275  0.0438496  2.17314  0.143437  
2.13065  0.182151  1.43173  0.218252  
2.13649  0.166524  1.94967  0.364228  
1.79199  0.556876  1.71915  0.4748  
1.8931  0.637298  2.15966  0.295096  
0.525087  2.10222  1.82188  0.269374  
2.00293  0.483595  2.06064  0.232581  
1.55788  0.302026  2.5167  0.364302  
1.6728  1.10971  1.9555  0.218522  
2.27012  0.608941  1.90641  0.733491  
1.41172  1.47964  2.13065  0.182151  
2.32614  0.964187  2.13649  0.166524  
1.85644  0.0367835  2.00293  0.483595  
1.95606  0.143715  2.10275  0.0438496  
1.29445  1.3492  2.27012  0.608941  
1.65672  0.95225  0.532679  2.13261  
1.67044  0.659164  1.8931  0.637298  
1.79956  0.303932  1.6728  1.10971  
1.93824  0.395677  1.79199  0.556876  
1.95331  0.844153  1.55788  0.302026  
1.58174  0.958294  1.63241  0.963874  
1.96888  0.0180119  1.92128  0.379229  
1.63241  0.963874  1.64526  1.34473  
1.9705  0.731881  1.87758  0.512927  
0.760035  1.80997  1.96888  0.0180119  
1.87758  0.512927  0.760035  1.80997  
1.92128  0.379229  1.58174  0.958294  
1.52581  1.20165  1.52581  1.20165  
1.98658  0.10526  1.9705  0.731881  
1.57206  1.2849  1.98658  0.10526  
