5.64776  269.853  122.899  179.288  
142.431  150.445  181.102  165.692  
46.8691  325.651  37.9899  227.137  
269.178  76.8709  65.2671  115.735  
22.6275  214.082  215.125  38.8427  
118.099  47.4455  64.9334  156.68  
155.442  157.325  350.498  52.0624  
157.882  100.674  207.037  121.327  
213.335  181.835  116.929  169.69  
231.454  46.5716  114.721  191.962  
163.618  41.4609  167.829  20.9319  
116.269  132.403  402.771  6.62708  
176.884  57.5068  287.03  87.8345  
17.5439  279.722  40.5022  196.574  
35.7694  314.788  239.083  43.5352  
180.975  203.234  47.1392  231.616  
86.2296  109.498  26.5193  329.308  
246.444  14.8154  224.708  64.6251  
303.569  74.7078  77.998  251.523  
78.0354  140.774  107.296  237.084  
192.666  50.168  122.307  271.534  
4.57062  272.677  276.401  5.29013  
119.466  62.5165  196.478  98.6573  
81.0672  297.331  95.6026  299.495  
64.2106  172.209  108.045  254.299  
93.7211  203.355  107.337  255.402  
83.3592  78.3172  228.548  80.6499  
166.851  161.992  20.9485  139.849  
98.9189  16.7149  14.4215  200.064  
213.219  10.0403  324.903  34.6291  
192.242  80.9022  58.2545  184.454  
240.874  91.45  165.587  20.222  
50.4104  195.306  235.861  207.578  
69.1085  238.342  153.029  118.496  
2.82772  200.718  70.408  137.104  
252.87  54.0409  77.1794  183.712  
33.5881  345.482  59.3226  199.04  
317.856  34.991  199.825  17.9024  
97.7957  170.412  261.999  34.8979  
26.4534  118.149  102.083  286.715  
126.273  207.664  155.856  168.816  
31.7524  30.5519  251.893  20  
273.951  20.5074  4.36789  73.5012  
10.8217  135.736  13.1092  250.404  
107.766  62.2444  290.125  46.7279  
76.1216  238.11  156.375  185.955  
6.89159  343.798  81.0549  124.36  
133.971  72.4154  113.302  180.175  
5.31149  184.66  110.971  248.805  
95.4645  160.53  200.146  112.108  
82.7643  251.723  400.173  66.0585  
28.2631  124.636  87.5963  66.1061  
261.811  120.288  199.124  114.36  
45.6621  104.924  2.06067  60.8685  
208.238  130.062  199.868  6.41734  
282.849  42.1394  58.4217  226.514  
210.119  91.4127  195.432  202.222  
197.432  72.0498  22.3532  297.81  
164.459  157.792  165.422  69.0503  
132.562  121.667  245.28  37.2609  
60.158  166.542  259.48  114.316  
37.7783  226.687  134.652  205.371  
8.78847  313.816  104.913  124.573  
107.387  250.636  45.7151  316.26  
5.28147  277.424  64.8807  167.156  
219.309  88.5114  39.3933  187.663  
213.07  21.0103  10.31  262.449  
213.074  21.3346  22.8867  192.389  
28.322  188.726  407.101  34.8539  
74.6157  195.259  24.799  220.213  
14.9871  242.441  96.4665  70.0557  
77.4636  240.869  47.527  258.724  
200.617  68.0309  30.8923  203.73  
130.417  102.191  160.045  84.0801  
4.90116  349.368  2.88859  215.667  
183.158  64.4648  88.6115  159.151  
196.909  45.8593  14.0709  266.714  
307.843  56.2752  57.272  230.243  
57.0791  106.935  124.142  126.372  
107.086  137.679  75.1931  311.036  
343.509  9.05246  13.3264  244.497  
33.7944  164.599  223.414  87.1396  
108.229  120.372  11.4306  324.825  
113.288  103.591  14.1521  60.899  
229.15  11.5844  243.213  56.3589  
168.266  92.0575  47.8267  60.008  
173.143  178.848  51.1725  339.545  
254.321  60.3236  169.846  24.2241  
16.4031  207.961  188.976  39.3647  
133.701  141.524  147.864  2.76881  
84.1551  36.0968  35.1286  74.3446  
75.1126  46.9553  288.099  2.47775  
95.4096  179.939  284.642  27.4267  
62.1865  106.814  170.048  145.302  
270.176  86.7963  112.759  253.591  
86.2625  224.013  91.4082  5.43709  
189.463  49.942  0.0736874  332.89  
114.185  202.639  164.594  125.452  
132.965  116.655  187.966  28.0294  
175.281  170.121  3.1623  222.064  
19.5685  244.271  161.152  56.6601  
70.1951  14.5135  70.1951  14.5135  
251.525  19.7144  138.678  74.487  
266.945  89.3831  129.353  134.971  
209.327  20.0615  209.327  20.0615  
129.353  134.971  266.945  89.3831  
138.678  74.487  223.178  40.9918  
2.53314  56.5062  2.53314  56.5062  
223.178  40.9918  251.525  19.7144  
161.152  56.6601  19.5685  244.271  
62.6563  188.442  62.6563  188.442  
209.371  105.637  143.434  14.6923  
12.0761  114.212  23.6037  171.93  
94.7509  42.0682  218.832  133.528  
77.7544  4.95631  12.0761  114.212  
33.4733  243.82  94.7509  42.0682  
360.644  49.1417  360.644  49.1417  
218.832  133.528  87.0029  245.733  
87.0029  245.733  77.7544  4.95631  
143.434  14.6923  209.371  105.637  
48.7568  3.16024  166.162  114.619  
37.5617  347.987  243.642  44.8386  
199.645  66.7239  26.0434  242.15  
258.199  20.2052  193.229  56.943  
166.162  114.619  199.645  66.7239  
50.9284  217.265  199.317  16.8381  
193.229  56.943  34.8431  315.294  
243.642  44.8386  258.199  20.2052  
34.8431  315.294  37.5617  347.987  
199.317  16.8381  48.7568  3.16024  
126.403  199.141  105.968  40.6363  
268.084  36.1202  98.8344  28.7803  
2.63226  134.696  62.3695  0.132478  
132.729  252.722  19.5977  20.2978  
218.141  7.19022  83.3611  29.219  
158.55  22.0639  15.313  2.07442  
151.838  118.85  0.533753  68.4458  
230.917  83.3601  60.7072  0.00241373  
61.6619  130.965  124.647  2.02385  
32.6761  258.762  30.6323  0.194853  
15.313  2.07442  109.495  143.332  
98.8344  28.7803  238.233  0.704909  
30.6323  0.194853  30.7131  244.354  
105.968  40.6363  55.8039  336.456  
0.533753  68.4458  157.459  221.695  
19.5977  20.2978  310.172  1.61118  
124.647  2.02385  266.361  7.8457  
26.402  9.25419  108.179  178.628  
60.7072  0.00241373  30.7527  123.714  
62.3695  0.132478  200.255  31.9139  
0.381817  0.119342  0.269616  0.231537  
0.44018  0.0599488  0.104352  0.395715  
0.104352  0.395715  0.500157  4.21828e-05  
4.20497e-05  0.500136  0.0530446  0.447936  
0.215703  0.285621  4.20497e-05  0.500136  
0.325378  0.177145  0.325378  0.177145  
0.269616  0.231537  0.215703  0.285621  
0.0530446  0.447936  43.7174  5.95394  
0.159975  0.340982  0.381817  0.119342  
0.500157  4.21828e-05  0.159975  0.340982  
30.7527  123.714  36.6816  187.397  
30.7131  244.354  42.1699  176.266  
166.266  26.4971  19.5392  274.015  
238.233  0.704909  20.3827  243.576  
109.495  143.332  9.83402  260.817  
55.8039  336.456  32.0257  195.523  
310.172  1.61118  17.265  352.02  
108.179  178.628  22.1818  204.074  
266.361  7.8457  46.6147  178.049  
157.459  221.695  139.938  199.471  
149.849  172.062  303.446  12.4852  
11.0788  246.622  174.398  133.151  
124.834  55.9579  66.0717  381.584  
85.9162  135.326  300.782  2.85612  
144.614  12.1111  87.4842  153.45  
218.59  18.8751  139.288  139.787  
214.23  109.944  206.055  93.8217  
220.871  66.364  41.9592  74.2856  
110.249  76.0225  83.1537  354.47  
99.9305  129.75  245.921  123.749  
32.0257  195.523  220.871  66.364  
42.1699  176.266  214.23  109.944  
17.265  352.02  144.614  12.1111  
9.83402  260.817  110.249  76.0225  
20.3827  243.576  99.9305  129.75  
46.6147  178.049  124.834  55.9579  
22.1818  204.074  149.849  172.062  
36.6816  187.397  11.0788  246.622  
23.5677  330.509  218.59  18.8751  
139.938  199.471  58.5914  92.287  
300.782  2.85612  2.63226  134.696  
303.446  12.4852  151.838  118.85  
174.398  133.151  32.6761  258.762  
83.1537  354.47  158.55  22.0639  
206.055  93.8217  268.084  36.1202  
139.288  139.787  218.141  7.19022  
71.6149  413.598  126.403  199.141  
245.921  123.749  230.917  83.3601  
41.9592  74.2856  132.729  252.722  
87.4842  153.45  74.7383  158.739  
318.176  24.6716  90.8171  267.254  
124.042  36.9346  175.93  6.46871  
94.6357  277.141  94.6357  277.141  
44.2682  175.447  95.466  171.879  
90.8171  267.254  164.534  130.135  
150.126  32.2723  124.042  36.9346  
95.466  171.879  6.45988  298.722  
6.45988  298.722  44.2682  175.447  
193.336  15.2554  318.176  24.6716  
164.534  130.135  193.336  15.2554  
248.18  165.938  87.3485  154.888  
8.49866  127.381  8.49866  127.381  
197.692  11.9599  59.4099  118.791  
79.7868  139.61  179.848  180.52  
179.603  258.528  179.603  258.528  
2.51635  231.498  79.7868  139.61  
87.3485  154.888  248.18  165.938  
59.4099  118.791  173.659  84.3117  
149.504  150.063  197.692  11.9599  
173.659  84.3117  2.51635  231.498  
0.284093  17.3608  18.1287  0.666465  
23.3519  0.00226301  40.9277  83.9974  
0.000295158  23.9219  20.3635  0.0195533  
5.55708e-05  23.1564  5.55708e-05  23.1564  
18.1287  0.666465  23.3519  0.00226301  
10.2488  12.4642  10.2488  12.4642  
27.8552  0.0216945  0.000295158  23.9219  
20.3635  0.0195533  27.8552  0.0216945  
7.85917  16.1297  0.284093  17.3608  
14.4583  2.52813  14.4583  2.52813  
164.927  279.572  161.709  123.513  
244.987  198.458  19.0679  126.519  
19.0679  126.519  164.927  279.572  
357.796  49.2978  27.6409  213.94  
28.6982  222.514  169.58  136.106  
292.748  56.202  91.9205  189.952  
91.9205  189.952  305.779  90.5682  
161.709  123.513  357.796  49.2978  
169.58  136.106  292.748  56.202  
27.6409  213.94  28.6982  222.514  
198.674  8.88423  57.8079  4.10959  
157.584  7.14823  157.584  7.14823  
88.4914  230.347  20.6863  174.779  
25.3049  113.942  6.24673  56.3235  
57.8079  4.10959  25.3049  113.942  
125.082  51.5075  125.082  51.5075  
21.4986  95.7818  198.674  8.88423  
6.24673  56.3235  74.7379  15.4968  
74.7379  15.4968  90.5882  235.805  
20.6863  174.779  21.4986  95.7818  
0.164114  0.336285  0.0550003  0.445495  
0.275308  0.225254  4.20424e-05  0.50005  
0.499988  4.21686e-05  0.499988  4.21686e-05  
4.20424e-05  0.50005  0.219489  0.281603  
0.109011  0.391031  0.275308  0.225254  
0.219489  0.281603  10.1486  0.316604  
0.0550003  0.445495  0.331275  0.169155  
0.443111  0.0570179  0.164114  0.336285  
0.331275  0.169155  0.443111  0.0570179  
0.386555  0.114113  0.109011  0.391031  
202.204  204.381  68.743  319.787  
37.3505  217.568  202.204  204.381  
74.1909  163.465  113.646  136.628  
81.1409  149.869  98.7728  123.113  
100.129  181.694  74.1909  163.465  
113.646  136.628  37.3505  217.568  
73.3364  341.155  139.967  223.062  
224.167  53.191  100.129  181.694  
139.967  223.062  81.1409  149.869  
98.7728  123.113  224.167  53.191  
32.5827  47.0138  51.2758  4.77322  
51.2758  4.77322  58.7077  24.9092  
0.332149  79.2613  6.8738  22.5256  
58.7077  24.9092  86.8291  5.68451  
4.24005  32.9514  32.5827  47.0138  
42.0859  77.7789  0.000513417  14.4266  
0.0151179  50.504  0.0151179  50.504  
0.000513417  14.4266  42.0859  77.7789  
86.8291  5.68451  0.332149  79.2613  
6.8738  22.5256  4.18483  32.5223  
1.70625  354.386  64.7953  79.8178  
170.132  176.186  216.406  12.5641  
158.584  119.567  227.615  37.8871  
73.7212  192.071  194.708  3.94705  
137.598  71.4275  232.496  176.367  
43.3502  103.259  248.296  9.59165  
129.64  208.903  155.849  38.1728  
146.854  112.093  140.651  110.703  
126.771  291.818  86.6069  31.5177  
46.5689  236.465  218.346  178.609  
264.375  5.35931  167.572  173.535  
140.651  110.703  137.598  71.4275  
216.406  12.5641  46.5689  236.465  
64.7953  79.8178  43.3502  103.259  
227.615  37.8871  129.64  208.903  
232.496  176.367  73.7212  192.071  
155.849  38.1728  146.854  112.093  
218.346  178.609  1.70625  354.386  
86.6069  31.5177  158.584  119.567  
248.296  9.59165  126.771  291.818  
2.79648  204.287  0.0602421  204.253  
0.0602421  204.253  23.9042  147.423  
39.4841  126.513  198.18  4.75599  
78.002  13.3  46.0796  19.3032  
67.388  1.6802  96.5919  48.9657  
47.3073  119.6  39.4841  126.513  
46.0796  19.3032  67.388  1.6802  
23.9042  147.423  47.3073  119.6  
198.18  4.75599  116.54  21.9922  
96.5919  48.9657  2.79648  204.287  
82.1093  30.9986  121.053  98.276  
60.3748  56.6584  31.7795  113.238  
209.458  4.45608  101.528  54.0231  
177.768  1.57469  82.1093  30.9986  
127.722  14.5681  60.3748  56.6584  
101.528  54.0231  127.722  14.5681  
128.172  1.70305  128.172  1.70305  
121.053  98.276  209.458  4.45608  
30.0066  106.92  177.768  1.57469  
69.067  8.82453  69.067  8.82453  
77.1427  0.646325  211.924  0.188934  
32.1368  33.6004  206.477  18.6286  
83.224  110.69  107.681  118.442  
130.911  115.27  83.224  110.69  
136.424  62.8325  32.548  46.8949  
24.5221  35.3313  39.6309  115.847  
211.924  0.188934  77.1427  0.646325  
107.681  118.442  130.911  115.27  
39.6309  115.847  32.1368  33.6004  
206.477  18.6286  136.424  62.8325  
20.4721  4.81264  161.918  40.2981  
83.161  222.752  304.272  39.6969  
192.786  47.9806  85.0795  235.266  
85.0795  235.266  136.022  161.1  
69.779  70.5585  25.3456  135.116  
141.233  38.6947  69.779  70.5585  
25.3456  135.116  141.233  38.6947  
140.856  36.4958  83.161  222.752  
136.022  161.1  140.856  36.4958  
304.272  39.6969  20.4721  4.81264  
0.000313985  8.70148  0.000313985  8.70148  
10.2584  0.0125888  9.25216  0.000707541  
0.00123048  0.85448  10.2584  0.0125888  
7.10732  0.353794  7.10732  0.353794  
0.000117229  3.15065  0.579872  0.000197942  
0.00146073  10.4299  0.000117229  3.15065  
4.26134  8.08402  34.7128  60.7906  
0.579872  0.000197942  0.00123048  0.85448  
73.6209  0.000798292  73.6209  0.000798292  
9.25216  0.000707541  0.00146073  10.4299  
0.275041  0.225036  0.331088  0.16904  
0.444118  0.0560106  57.978  47.437  
0.219056  0.281046  0.444118  0.0560106  
0.163995  0.336037  0.109011  0.391031  
0.331088  0.16904  0.388027  0.112009  
0.499966  4.48262e-05  0.163995  0.336037  
0.0550063  0.445109  4.20421e-05  0.500045  
4.20421e-05  0.500045  0.499966  4.48262e-05  
0.388027  0.112009  0.219056  0.281046  
0.109011  0.391031  0.0550063  0.445109  
6.17904  16.6616  3.24562  19.5432  
3.24562  19.5432  87.8457  8.16703  
16.7917  0.47153  0.0902264  28.9238  
42.8753  0.005115  16.7917  0.47153  
0.0902264  28.9238  42.8753  0.005115  
25.7937  0.583181  103.162  7.93309  
87.8457  8.16703  0.465221  85.7291  
0.465221  85.7291  0.00128276  36.4557  
0.00128276  36.4557  25.7937  0.583181  
14.5472  1.11867  6.17904  16.6616  
297.136  0.174002  297.136  0.174002  
116.517  37.9164  3.68827  96.3821  
0.759876  20.7302  29.6527  2.58875  
12.9388  119.16  163.761  30.7825  
29.6527  2.58875  116.517  37.9164  
163.761  30.7825  50.0996  72.9212  
2.59657  67.8539  43.9634  0.00386793  
50.0996  72.9212  0.759876  20.7302  
43.9634  0.00386793  0.0380549  103.354  
0.0380549  103.354  12.9388  119.16  
1.13347  66.9499  14.9919  8.0573  
30.3381  0.611061  10.2676  44.5871  
59.5401  49.4512  29.0104  0.0639549  
26.0313  30.9645  95.9043  60.3496  
29.0104  0.0639549  18.2762  4.6078  
0.0023264  68.8533  0.0023264  68.8533  
95.9043  60.3496  1.13347  66.9499  
14.9919  8.0573  30.3381  0.611061  
10.2676  44.5871  59.5401  49.4512  
18.2762  4.6078  69.8613  83.1006  
132.656  1.0852  66.6938  107.041  
4.14705  166.055  4.14705  166.055  
242.857  7.81057  42.9912  47.335  
23.9207  0.608986  23.9207  0.608986  
132.344  9.32132  132.344  9.32132  
19.832  100.826  42.3283  56.0572  
26.6003  39.001  19.832  100.826  
73.8745  34.3541  132.656  1.0852  
66.6938  107.041  73.8745  34.3541  
42.9912  47.335  242.857  7.81057  
121.438  54.4502  121.438  54.4502  
25.7751  79.3753  1.47735  178.82  
96.5472  44.7938  0.0799444  240.364  
1.47735  178.82  10.3715  19.619  
10.3715  19.619  1.5188  47.5679  
9.74641  230.715  33.8842  1.41242  
33.8842  1.41242  110.158  40.6189  
0.0799444  240.364  96.5472  44.7938  
110.158  40.6189  25.7751  79.3753  
1.5188  47.5679  9.74641  230.715  
1.082  180.991  119.766  0.00789731  
6.52942  43.0704  8.58676  47.7616  
47.4027  8.93158  47.4027  8.93158  
3.32768  45.5354  3.32768  45.5354  
8.58676  47.7616  6.52942  43.0704  
119.766  0.00789731  72.374  18.5053  
72.374  18.5053  125.288  22.2717  
115.845  1.40036  1.082  180.991  
125.288  22.2717  115.845  1.40036  
47.1438  229.779  17.6257  85.9078  
6.12471  5.88993  95.5977  34.1578  
81.7869  42.571  28.2009  2.03083  
74.1099  19.322  147.17  76.6035  
6.31362  77.048  6.31362  77.048  
31.7748  69.4265  60.3403  136.45  
0.0108942  197.862  72.0271  24.0204  
72.0271  24.0204  0.0108942  197.862  
60.3403  136.45  74.1099  19.322  
95.5977  34.1578  31.7748  69.4265  
28.2009  2.03083  6.12471  5.88993  
0.0820963  4.06647  6.5948e-06  0.561783  
1.23348  9.52452e-06  0.0142923  2.55114  
0.590386  0.0346084  4.0457  6.01707e-05  
4.0457  6.01707e-05  6.92745  0.0343833  
1.201  0.0155611  0.590386  0.0346084  
6.92745  0.0343833  1.201  0.0155611  
6.5948e-06  0.561783  0.251618  12.4634  
0.0004376  5.89309  1.23348  9.52452e-06  
0.826491  0.060751  0.0004376  5.89309  
0.0142923  2.55114  0.826491  0.060751  
4.20379e-05  0.499996  0.275012  0.225012  
0.163995  0.336037  0.413112  0.125117  
0.388012  0.112005  4.20379e-05  0.499996  
0.331031  0.169012  0.163995  0.336037  
0.275012  0.225012  0.219029  0.281012  
0.10901  0.391029  0.331031  0.169012  
0.499961  4.48257e-05  0.388012  0.112005  
0.219029  0.281012  0.10901  0.391029  
0.0550063  0.445108  0.444096  0.0560078  
0.444096  0.0560078  0.0550063  0.445108  
1.47172  7.78391  4.21095  67.9727  
46.3575  1.05856  9.75056  0.00253589  
8.87197  0.389531  0.031613  101.776  
70.2264  61.2396  8.87197  0.389531  
0.031613  101.776  27.1176  0.00460287  
1.71698  1.20068  1.71698  1.20068  
2.53839e-05  4.01454  70.2264  61.2396  
27.1176  0.00460287  46.3575  1.05856  
9.75056  0.00253589  2.53839e-05  4.01454  
4.21095  67.9727  2.14121  11.3248  
0.608089  121.366  0.00100697  9.31347  
22.6038  175.475  2.38366  0.494781  
0.0284304  221.357  0.423006  90.1801  
86.2885  9.53377  46.0653  5.18534  
45.3896  8.5527  63.1907  36.9867  
88.3008  30.1903  0.572513  4.95929  
52.9161  59.8593  5.47911  0.000476941  
1.52653  199.767  5.85559  5.24412  
2.40296  113.298  9.95633  132.487  
24.2651  28.8851  38.3598  0.000630064  
118.587  47.9797  2.40296  113.298  
43.4479  4.36341  0.0284304  221.357  
9.70645  0.0643139  2.45161  132.798  
0.00113323  43.9811  24.2651  28.8851  
11.3017  18.9703  52.9161  59.8593  
0.944848  119.724  86.2885  9.53377  
8.37718  81.9607  88.3008  30.1903  
4.35488  44.9268  45.3896  8.5527  
8.59781  1.51508  1.52653  199.767  
90.362  69.7262  22.6038  175.475  
2.38366  0.494781  9.70645  0.0643139  
38.3598  0.000630064  0.00113323  43.9811  
5.47911  0.000476941  11.3017  18.9703  
5.03597  94.1827  8.59781  1.51508  
0.572513  4.95929  8.37718  81.9607  
46.0653  5.18534  4.35488  44.9268  
5.85559  5.24412  107.553  43.5155  
0.00100697  9.31347  90.362  69.7262  
0.423006  90.1801  43.4479  4.36341  
63.1907  36.9867  0.944848  119.724  
4.66089  7.59624  0.866501  69.5265  
3.05397  39.5522  60.2286  11.5431  
0.866501  69.5265  200.147  4.37944  
11.1055  181.818  11.1055  181.818  
42.7705  8.19719  5.35773  26.3627  
10.0763  0.133447  4.66089  7.59624  
7.16414  61.222  7.16414  61.222  
2.26655  1.05121  2.26655  1.05121  
200.147  4.37944  3.05397  39.5522  
5.35773  26.3627  10.0763  0.133447  
0.219011  0.280989  0.286762  0.213238  
0.499955  4.48252e-05  4.92392e-05  0.499951  
0.0549937  0.445006  0.219011  0.280989  
0.444004  0.0559962  0.109002  0.390999  
4.92392e-05  0.499951  0.0549937  0.445006  
0.274999  0.225001  0.388099  0.111902  
0.163984  0.336016  0.163984  0.336016  
0.331003  0.168998  0.499955  4.48252e-05  
0.388099  0.111902  0.331003  0.168998  
0.109002  0.390999  0.444004  0.0559962  
0.274999  0.225001  0.0549937  0.445006  
4.92392e-05  0.499951  55.1581  28.1617  
0.388099  0.111902  4.92392e-05  0.499951  
0.109002  0.390999  0.219011  0.280989  
0.0549937  0.445006  0.499955  4.48252e-05  
0.163984  0.336016  0.109002  0.390999  
0.331003  0.168998  0.444004  0.0559962  
0.219011  0.280989  0.388099  0.111902  
0.499955  4.48252e-05  0.274999  0.225001  
0.444004  0.0559962  0.163984  0.336016  
0.0549937  0.445006  4.92392e-05  0.499951  
0.163984  0.336016  0.109002  0.390999  
0.109002  0.390999  0.388099  0.111902  
0.331002  0.168998  1.1092  0.907539  
0.219011  0.280989  0.0549937  0.445006  
4.92392e-05  0.499951  0.444004  0.0559962  
0.274999  0.225001  0.331003  0.168998  
0.499955  4.48252e-05  0.499955  4.48252e-05  
0.388099  0.111902  0.163984  0.336016  
0.444004  0.0559962  0.219011  0.280989  
0.163984  0.336016  0.388099  0.111902  
0.109002  0.390999  4.92392e-05  0.499951  
0.331003  0.168998  0.444004  0.0559962  
0.388099  0.111902  0.0549937  0.445006  
0.444004  0.0559962  0.331003  0.168998  
0.274999  0.225001  0.219011  0.280989  
0.499955  4.48252e-05  0.274999  0.225001  
0.0549937  0.445006  0.499955  4.48252e-05  
0.219011  0.280989  0.163984  0.336016  
4.92392e-05  0.499951  0.109002  0.390999  
0.331003  0.168998  0.444004  0.0559962  
0.109002  0.390999  0.109002  0.390999  
0.219011  0.280989  0.499955  4.48252e-05  
0.444004  0.0559962  4.92392e-05  0.499951  
0.274999  0.225001  35.866  46.0157  
4.92392e-05  0.499951  0.163984  0.336016  
0.0549937  0.445006  0.331003  0.168998  
0.499955  4.48252e-05  0.0549937  0.445006  
0.163984  0.336016  0.388099  0.111902  
0.388099  0.111902  0.274999  0.225001  
0.163984  0.336016  0.388099  0.111902  
0.219011  0.280989  0.499955  4.48252e-05  
0.388099  0.111902  0.219011  0.280989  
0.109002  0.390999  0.0549937  0.445006  
0.444004  0.0559962  0.109002  0.390999  
0.331003  0.168998  0.41513  0.0848696  
0.499955  4.48252e-05  0.444004  0.0559962  
0.274999  0.225001  0.274999  0.225001  
4.92392e-05  0.499951  0.163984  0.336016  
0.0549937  0.445006  0.331003  0.168998  
0.274999  0.225001  0.0549937  0.445006  
0.331003  0.168998  0.499955  4.48252e-05  
0.0549937  0.445006  0.109002  0.390999  
0.388099  0.111902  0.274999  0.225001  
0.499955  4.48252e-05  4.92392e-05  0.499951  
4.92392e-05  0.499951  0.331003  0.168998  
0.109002  0.390999  0.219011  0.280989  
0.219011  0.280989  18.8731  2.38021  
0.444004  0.0559962  0.388099  0.111902  
0.163984  0.336016  0.163984  0.336016  
0.444004  0.0559962  0.444004  0.0559962  
0.274999  0.225001  4.92392e-05  0.499951  
0.499955  4.48252e-05  0.499955  4.48252e-05  
0.219011  0.280989  27.1383  34.8182  
4.92392e-05  0.499951  0.109002  0.390999  
0.109002  0.390999  0.274999  0.225001  
0.388099  0.111902  0.163984  0.336016  
0.0549937  0.445006  0.0549937  0.445006  
0.331003  0.168998  0.331003  0.168998  
0.163984  0.336016  0.388099  0.111902  
0.274999  0.225001  0.444004  0.0559962  
0.388099  0.111902  0.499955  4.48252e-05  
0.0549937  0.445006  0.000109798  5.72248  
0.109002  0.390999  0.109002  0.390999  
4.92392e-05  0.499951  0.388099  0.111902  
0.163984  0.336016  0.274999  0.225001  
0.499955  4.48252e-05  0.0549937  0.445006  
0.219011  0.280989  0.331002  0.168998  
0.444004  0.0559962  0.219011  0.280989  
0.331003  0.168998  0.163984  0.336016  
0.0549937  0.445006  0.444004  0.0559962  
0.163984  0.336016  0.331003  0.168998  
0.274999  0.225001  4.92392e-05  0.499951  
4.92392e-05  0.499951  0.274999  0.225001  
0.388099  0.111902  0.163984  0.336016  
0.331003  0.168998  0.109002  0.390999  
0.499955  4.48252e-05  0.219011  0.280989  
0.219011  0.280989  0.388099  0.111902  
0.444004  0.0559962  0.0549937  0.445006  
0.109002  0.390999  0.499955  4.48252e-05  
0.388  0.112  0.109001  0.390999  
4.92392e-05  0.499951  0.444  0.0559998  
0.109001  0.390999  0.219  0.281  
0.499952  4.79963e-05  0.499952  4.79963e-05  
0.331001  0.168999  0.0550002  0.445  
0.0550002  0.445  0.331001  0.168999  
0.164  0.336  0.275001  0.224999  
0.444  0.0559998  4.92392e-05  0.499951  
0.275001  0.224999  0.164  0.336  
0.219  0.281  0.388  0.112  
0.164  0.336  0.388  0.112  
0.331001  0.168999  0.109001  0.390999  
0.0550002  0.445  4.92392e-05  0.499951  
0.499952  4.79963e-05  0.444  0.0559998  
0.388  0.112  71.1942  1.69078  
4.92392e-05  0.499951  0.331001  0.168999  
0.219  0.281  0.0550002  0.445  
0.275001  0.224999  0.275001  0.224999  
0.109001  0.390999  0.219  0.281  
0.444  0.0559998  0.164  0.336  
0.109001  0.390999  0.219  0.281  
0.388  0.112  0.275001  0.224999  
0.275001  0.224999  0.444  0.0559998  
0.219  0.281  0.331001  0.168999  
4.92392e-05  0.499951  0.0550002  0.445  
0.444  0.0559998  0.109001  0.390999  
0.331001  0.168999  4.92392e-05  0.499951  
0.0550002  0.445  0.388  0.112  
0.499952  4.79963e-05  0.164  0.336  
0.164  0.336  3.53213  0.000339091  
0.388  0.112  4.92392e-05  0.499951  
0.109001  0.390999  0.109001  0.390999  
0.0550002  0.445  0.388  0.112  
0.444  0.0559998  0.0550002  0.445  
0.164  0.336  0.499952  4.79963e-05  
0.219  0.281  0.66658  1.36567  
0.331001  0.168999  0.275001  0.224999  
0.499952  4.79963e-05  0.331001  0.168999  
4.92392e-05  0.499951  0.219  0.281  
0.275001  0.224999  0.444  0.0559998  
0.109001  0.390999  0.388  0.112  
0.164  0.336  0.164  0.336  
0.331001  0.168999  4.92392e-05  0.499951  
4.92392e-05  0.499951  0.219  0.281  
0.388  0.112  0.444  0.0559998  
0.219  0.281  4.92392e-05  0.499951  
0.499952  4.79963e-05  0.275001  0.224999  
0.275001  0.224999  0.499952  4.79963e-05  
0.0550002  0.445  0.109001  0.390999  
0.444  0.0559998  0.331001  0.168999  
0.219  0.281  0.275001  0.224999  
0.444  0.0559998  0.388  0.112  
0.388  0.112  0.499952  4.79963e-05  
0.164  0.336  0.109001  0.390999  
0.331001  0.168999  4.92392e-05  0.499951  
4.92392e-05  0.499951  0.0550002  0.445  
0.275001  0.224999  0.164  0.336  
0.109001  0.390999  26.7052  34.2655  
0.0550002  0.445  0.331001  0.168999  
0.499952  4.79963e-05  0.444  0.0559998  
0.164  0.336  0.219  0.281  
0.275001  0.224999  0.388  0.112  
0.499952  4.79963e-05  0.109001  0.390999  
0.388  0.112  4.92392e-05  0.499951  
4.92392e-05  0.499951  0.164  0.336  
0.444  0.0559998  0.331001  0.168999  
0.0550002  0.445  0.499952  4.79963e-05  
0.219  0.281  0.444  0.0559998  
0.109001  0.390999  0.275001  0.224999  
0.331001  0.168999  0.0550002  0.445  
0.331001  0.168999  0.275001  0.224999  
0.444  0.0559998  0.0550002  0.445  
4.92392e-05  0.499951  0.499952  4.79963e-05  
0.0550002  0.445  0.331001  0.168999  
0.219  0.281  0.219  0.281  
0.275001  0.224999  0.388  0.112  
0.164  0.336  0.164  0.336  
0.388  0.112  4.92392e-05  0.499951  
0.499952  4.79963e-05  0.106791  0.393209  
0.109001  0.390999  0.444  0.0559998  
0.444  0.0559998  0.499952  4.79963e-05  
0.164  0.336  0.0550002  0.445  
0.388  0.112  0.331001  0.168999  
0.499952  4.79963e-05  4.92392e-05  0.499951  
0.109001  0.390999  0.219  0.281  
0.219  0.281  0.109001  0.390999  
4.92392e-05  0.499951  0.338218  0.292503  
0.0550002  0.445  0.388  0.112  
0.331001  0.168999  0.164  0.336  
0.275001  0.224999  0.444  0.0559998  
0.109001  0.390999  0.0550002  0.445  
4.92392e-05  0.499951  0.164  0.336  
0.444  0.0559998  0.331001  0.168999  
0.388  0.112  0.275001  0.224999  
0.219  0.281  1.4278  5.12169  
0.331001  0.168999  0.499952  4.79963e-05  
0.164  0.336  4.92392e-05  0.499951  
0.275001  0.224999  0.219  0.281  
0.0550002  0.445  0.444  0.0559998  
0.499952  4.79963e-05  0.388  0.112  
0.275001  0.224999  7.19684  58.2287  
0.444  0.0559998  0.164  0.336  
0.219  0.281  0.0550002  0.445  
0.331001  0.168999  0.219  0.281  
0.164  0.336  0.388  0.112  
4.92392e-05  0.499951  0.275001  0.224999  
0.388  0.112  0.499951  4.88925e-05  
0.0550002  0.445  0.109  0.391  
0.499951  4.88925e-05  0.444  0.0559998  
0.109  0.391  0.331001  0.168999  
0.275001  0.224999  0.331001  0.168999  
0.164  0.336  0.275001  0.224999  
0.219  0.281  0.444  0.0559998  
0.444  0.0559998  0.388  0.112  
0.109  0.391  4.92392e-05  0.499951  
0.499951  4.88925e-05  0.164  0.336  
0.388  0.112  0.499951  4.88925e-05  
0.0550002  0.445  0.109  0.391  
0.331001  0.168999  0.0550002  0.445  
4.92392e-05  0.499951  0.219  0.281  
0.109  0.391  0.0550002  0.445  
0.499951  4.88925e-05  0.219  0.281  
0.164  0.336  0.331001  0.168999  
0.219  0.281  0.499951  4.88925e-05  
4.92392e-05  0.499951  1.98344  0.250163  
0.275001  0.224999  0.275001  0.224999  
0.331001  0.168999  0.164  0.336  
0.388  0.112  0.109  0.391  
0.0550002  0.445  4.92392e-05  0.499951  
0.444  0.0559998  0.388  0.112  
0.275001  0.224999  0.221886  0.284703  
0.444  0.0559998  0.164  0.336  
0.499951  4.88925e-05  0.499951  4.88925e-05  
0.109  0.391  0.444  0.0559998  
0.331001  0.168999  0.275001  0.224999  
0.388  0.112  4.92392e-05  0.499951  
4.92392e-05  0.499951  0.0550002  0.445  
0.219  0.281  0.388  0.112  
0.0550002  0.445  0.331001  0.168999  
0.164  0.336  0.109  0.391  
0.331001  0.168999  4.92392e-05  0.499951  
0.444  0.0559998  0.444  0.0559998  
0.275001  0.224999  0.164  0.336  
0.164  0.336  0.388  0.112  
4.92392e-05  0.499951  0.219  0.281  
0.109  0.391  0.0550002  0.445  
0.499951  4.88925e-05  4.94241  4.04376  
0.0550002  0.445  0.499951  4.88925e-05  
0.388  0.112  0.331001  0.168999  
0.219  0.281  0.109  0.391  
0.499951  4.88925e-05  0.444  0.0559998  
4.92392e-05  0.499951  0.388  0.112  
0.331001  0.168999  0.275001  0.224999  
0.164  0.336  0.331001  0.168999  
0.0550002  0.445  0.109  0.391  
0.109  0.391  7.30637  59.1149  
0.275001  0.224999  4.92392e-05  0.499951  
0.219  0.281  0.499951  4.88925e-05  
0.388  0.112  0.164  0.336  
0.444  0.0559998  0.219  0.281  
0.331001  0.168999  0.219  0.281  
4.92392e-05  0.499951  0.275001  0.224999  
0.0550002  0.445  0.444  0.0559998  
0.444  0.0559998  4.92392e-05  0.499951  
0.219  0.281  0.331001  0.168999  
0.275001  0.224999  0.164  0.336  
0.109  0.391  0.0550002  0.445  
0.164  0.336  0.388  0.112  
0.499951  4.88925e-05  2.3208  8.32503  
0.388  0.112  0.499951  4.88925e-05  
0.444  0.0559998  0.0550002  0.445  
0.275001  0.224999  0.219  0.281  
0.331001  0.168999  0.109  0.391  
4.92392e-05  0.499951  4.92392e-05  0.499951  
0.219  0.281  0.444  0.0559998  
0.164  0.336  0.331001  0.168999  
0.499951  4.88925e-05  2.43472  1.99202  
0.0550002  0.445  0.388  0.112  
0.388  0.112  0.499951  4.88925e-05  
0.109  0.391  0.164  0.336  
0.164  0.336  30.09  38.6086  
0.331001  0.168999  0.275001  0.224999  
0.0550002  0.445  4.92392e-05  0.499951  
0.499951  4.88925e-05  0.0550002  0.445  
0.444  0.0559998  0.388  0.112  
0.388  0.112  0.499951  4.88925e-05  
0.109  0.391  0.331001  0.168999  
0.275001  0.224999  0.164  0.336  
4.92392e-05  0.499951  0.444  0.0559998  
0.219  0.281  0.109  0.391  
0.388  0.112  0.109  0.391  
4.92392e-05  0.499951  0.499951  4.88925e-05  
0.0550002  0.445  0.0550002  0.445  
0.499951  4.88925e-05  0.219  0.281  
0.164  0.336  0.164  0.336  
0.275001  0.224999  24.1044  3.04018  
0.219  0.281  0.331001  0.168999  
0.331001  0.168999  0.275001  0.224999  
0.109  0.391  4.92392e-05  0.499951  
0.444  0.0559998  0.388  0.112  
0.219  0.281  0.109  0.391  
0.388  0.112  0.499951  4.88925e-05  
0.109  0.391  4.92392e-05  0.499951  
4.92392e-05  0.499951  0.388  0.112  
0.164  0.336  0.164  0.336  
0.444  0.0559998  0.331001  0.168999  
0.0549999  0.445  0.275001  0.224999  
0.499951  4.88925e-05  0.444  0.0559998  
0.275001  0.224999  0.219  0.281  
0.331001  0.168999  0.0549999  0.445  
0.109  0.391  0.444  0.0559998  
0.219  0.281  0.164  0.336  
4.92392e-05  0.499951  0.0549999  0.445  
0.331001  0.168999  0.331001  0.168999  
0.444  0.0559998  0.499951  4.88925e-05  
0.164  0.336  0.275001  0.224999  
0.275001  0.224999  21.0712  6.08239  
0.499951  4.88925e-05  4.92392e-05  0.499951  
0.388  0.112  0.109  0.391  
0.0549999  0.445  0.219  0.281  
0.219  0.281  0.388  0.112  
0.275001  0.224999  4.92392e-05  0.499951  
0.164  0.336  0.219  0.281  
0.444  0.0559998  6.90057  6.30623  
0.388  0.112  0.444  0.0559998  
0.0549999  0.445  0.164  0.336  
0.331001  0.168999  0.499951  4.88925e-05  
0.499951  4.88925e-05  0.275001  0.224999  
0.109  0.391  0.0549999  0.445  
4.92392e-05  0.499951  0.109  0.391  
0.164  0.336  0.164  0.336  
0.444  0.0559998  0.0549999  0.445  
0.499951  4.88925e-05  0.444  0.0559998  
0.331001  0.168999  0.499951  4.88925e-05  
0.109  0.391  0.275001  0.224999  
4.92392e-05  0.499951  0.388  0.112  
0.275001  0.224999  0.331001  0.168999  
0.388  0.112  0.951279  3.41237  
0.219  0.281  4.92392e-05  0.499951  
0.0549999  0.445  0.219  0.281  
4.92392e-05  0.499951  0.444  0.0559998  
0.219  0.281  0.331001  0.168999  
0.331001  0.168999  2.90015  3.72119  
0.275001  0.224999  0.388  0.112  
0.0549999  0.445  0.275001  0.224999  
0.499951  4.88925e-05  0.499951  4.88925e-05  
0.388  0.112  0.164  0.336  
0.164  0.336  4.92392e-05  0.499951  
0.444  0.0559998  0.0549999  0.445  
0.109  0.391  0.109  0.391  
0.331001  0.168999  0.275001  0.224999  
0.388  0.112  4.92392e-05  0.499951  
0.275001  0.224999  0.219  0.281  
0.164  0.336  0.109  0.391  
0.444  0.0559998  0.444  0.0559998  
4.92392e-05  0.499951  0.164  0.336  
0.0549999  0.445  1.77644  0.906998  
0.109  0.391  0.388  0.112  
0.219  0.281  0.0549999  0.445  
0.499951  4.88925e-05  0.499951  4.88925e-05  
0.444  0.0559998  0.589108  0.481994  
0.219  0.281  0.444  0.0559998  
0.388  0.112  0.499951  4.88925e-05  
0.499951  4.88925e-05  0.388  0.112  
0.0549999  0.445  0.219  0.281  
0.331001  0.168999  0.0549999  0.445  
0.275001  0.224999  0.164  0.336  
0.164  0.336  0.109  0.391  
4.92392e-05  0.499951  4.92392e-05  0.499951  
0.109  0.391  0.331001  0.168999  
0.388  0.112  0.331001  0.168999  
0.499951  4.88925e-05  0.388  0.112  
0.444  0.0559998  0.444  0.0559998  
0.219  0.281  0.499951  4.88925e-05  
0.331001  0.168999  0.219  0.281  
4.92392e-05  0.499951  4.92392e-05  0.499951  
0.109  0.391  0.164  0.336  
0.0549999  0.445  0.275001  0.224999  
0.164  0.336  0.109  0.391  
0.275001  0.224999  0.0549999  0.445  
0.331001  0.168999  0.219  0.281  
0.275001  0.224999  0.388  0.112  
0.164  0.336  0.499951  4.88925e-05  
0.388  0.112  0.444  0.0559998  
0.499951  4.88925e-05  0.109  0.391  
0.219  0.281  0.164  0.336  
0.109  0.391  0.275001  0.224999  
0.444  0.0559998  4.92392e-05  0.499951  
0.0549999  0.445  0.121234  0.980898  
4.92392e-05  0.499951  0.331001  0.168999  
0.331001  0.168999  0.164  0.336  
0.219  0.281  0.219  0.281  
0.444  0.0559998  0.388  0.112  
0.275001  0.224999  0.331001  0.168999  
0.164  0.336  0.444  0.0559998  
0.109  0.391  0.109  0.391  
0.388  0.112  0.499951  4.88925e-05  
0.0549999  0.445  13.1325  10.7446  
0.499951  4.88925e-05  4.92392e-05  0.499951  
4.92392e-05  0.499951  0.0549999  0.445  
0.109  0.391  0.444  0.0559998  
0.388  0.112  0.388  0.112  
0.444  0.0559998  0.331  0.169  
0.164  0.336  0.275001  0.224999  
0.275001  0.224999  0.109  0.391  
0.0549999  0.445  0.499951  4.89535e-05  
0.331  0.169  0.164  0.336  
4.92392e-05  0.499951  4.92392e-05  0.499951  
0.499951  4.89535e-05  0.0549999  0.445  
0.219  0.281  0.219  0.281  
0.499951  4.89535e-05  0.275001  0.224999  
0.275001  0.224999  0.109  0.391  
4.92392e-05  0.499951  0.444  0.0559998  
0.331  0.169  0.219  0.281  
0.219  0.281  0.388  0.112  
0.388  0.112  0.164  0.336  
0.444  0.0559998  4.92392e-05  0.499951  
0.109  0.391  0.499951  4.89535e-05  
0.164  0.336  0.0549999  0.445  
0.0549999  0.445  0.331  0.169  
0.388  0.112  0.388  0.112  
0.109  0.391  0.499951  4.89535e-05  
0.499951  4.89535e-05  0.164  0.336  
4.92392e-05  0.499951  4.92392e-05  0.499951  
0.444  0.0559998  0.444  0.0559998  
0.275001  0.224999  0.275001  0.224999  
0.331  0.169  0.219  0.281  
0.219  0.281  8.79371  71.1493  
0.0549999  0.445  0.331  0.169  
0.164  0.336  0.109  0.391  
0.388  0.112  0.219  0.281  
0.164  0.336  0.0549999  0.445  
0.331  0.169  4.92392e-05  0.499951  
0.109  0.391  0.388  0.112  
0.219  0.281  0.444  0.0559998  
4.92392e-05  0.499951  0.109  0.391  
0.275001  0.224999  0.499951  4.89535e-05  
0.499951  4.89535e-05  0.164  0.336  
0.0549999  0.445  0.275001  0.224999  
0.444  0.0559998  0.331  0.169  
0.499951  4.89535e-05  0.109  0.391  
0.388  0.112  0.219  0.281  
0.164  0.336  0.388  0.112  
4.92392e-05  0.499951  4.92392e-05  0.499951  
0.0549999  0.445  0.164  0.336  
0.109  0.391  0.331  0.169  
0.331  0.169  0.275001  0.224999  
0.444  0.0559998  0.0549999  0.445  
0.275001  0.224999  32.9221  0.00206347  
0.219  0.281  0.444  0.0559998  
0.109  0.391  0.164  0.336  
0.0549999  0.445  74.4754  9.39325  
4.92392e-05  0.499951  0.275001  0.224999  
0.331  0.169  0.219  0.281  
0.444  0.0559998  0.0549999  0.445  
0.388  0.112  0.499951  4.89535e-05  
0.219  0.281  0.109  0.391  
0.499951  4.89535e-05  0.331  0.169  
0.164  0.336  4.92392e-05  0.499951  
0.275001  0.224999  0.388  0.112  
4.92392e-05  0.499951  0.444  0.0559998  
0.331  0.169  0.0549999  0.445  
0.388  0.112  0.388  0.112  
0.499951  4.89535e-05  0.331  0.169  
0.0549999  0.445  0.499951  4.89535e-05  
0.164  0.336  4.92392e-05  0.499951  
0.275001  0.224999  0.346085  0.709051  
0.444  0.0559998  0.109  0.391  
0.109  0.391  0.275001  0.224999  
0.219  0.281  0.219  0.281  
4.92392e-05  0.499951  93.2552  26.919  
0.109  0.391  0.109  0.391  
0.0549999  0.445  0.331  0.169  
0.444  0.0559998  0.444  0.0559998  
0.275001  0.224999  4.92392e-05  0.499951  
0.388  0.112  0.219  0.281  
0.219  0.281  0.0549999  0.445  
0.164  0.336  0.275001  0.224999  
0.331  0.169  0.499951  4.89535e-05  
0.499951  4.89535e-05  0.164  0.336  
0.444  0.0559998  1.20536  0.615425  
0.499951  4.89535e-05  0.444  0.0559998  
0.0549999  0.445  4.92392e-05  0.499951  
0.219  0.281  0.109  0.391  
0.331  0.169  0.499951  4.89535e-05  
4.92392e-05  0.499951  0.275001  0.224999  
0.164  0.336  0.164  0.336  
0.388  0.112  0.219  0.281  
0.109  0.391  0.388  0.112  
0.275001  0.224999  0.0549999  0.445  
0.331  0.169  0.499951  4.89535e-05  
0.219  0.281  0.109  0.391  
0.164  0.336  0.388  0.112  
4.92392e-05  0.499951  0.331  0.169  
0.109  0.391  0.164  0.336  
0.499951  4.89535e-05  0.0549999  0.445  
0.0549999  0.445  10.2295  1.2902  
0.444  0.0559998  0.275001  0.224999  
0.275001  0.224999  0.219  0.281  
0.388  0.112  4.92392e-05  0.499951  
0.219  0.281  0.274999  0.225001  
4.92392e-05  0.499951  0.331  0.169  
0.164  0.336  0.454612  0.0453881  
0.331  0.169  0.0549999  0.445  
0.388  0.112  0.109  0.391  
0.109  0.391  0.388  0.112  
0.49995  4.957e-05  0.49995  4.957e-05  
0.274999  0.225001  4.92392e-05  0.499951  
0.444  0.0559998  0.164  0.336  
0.0549999  0.445  0.219  0.281  
0.331  0.169  0.49995  4.957e-05  
0.274999  0.225001  0.219  0.281  
4.92392e-05  0.499951  0.444  0.0559998  
0.164  0.336  0.0549999  0.445  
0.109  0.391  0.331  0.169  
0.49995  4.957e-05  0.164  0.336  
0.388  0.112  0.109  0.391  
0.219  0.281  0.388  0.112  
0.0549999  0.445  0.274999  0.225001  
0.444  0.0559998  8.83583e-05  0.897148  
0.0549999  0.445  0.388  0.112  
0.444  0.0559998  0.219  0.281  
0.164  0.336  4.92392e-05  0.499951  
0.219  0.281  0.444  0.0559998  
0.274999  0.225001  0.274999  0.225001  
0.49995  4.957e-05  0.164  0.336  
0.388  0.112  5.44164  19.52  
4.92392e-05  0.499951  0.0549999  0.445  
0.109  0.391  0.49995  4.957e-05  
0.331  0.169  0.331  0.169  
0.274999  0.225001  4.92392e-05  0.499951  
0.164  0.336  0.444  0.0559998  
0.388  0.112  0.219  0.281  
0.0549999  0.445  0.331  0.169  
0.331  0.169  0.164  0.336  
0.109  0.391  0.49995  4.957e-05  
4.92392e-05  0.499951  0.274999  0.225001  
0.444  0.0559998  0.109  0.391  
0.219  0.281  0.386354  0.113646  
0.49995  4.957e-05  0.0549999  0.445  
0.388  0.112  0.0549999  0.445  
0.274999  0.225001  0.109  0.391  
0.0549999  0.445  0.49995  4.957e-05  
0.49995  4.957e-05  0.164  0.336  
0.219  0.281  4.92392e-05  0.499951  
0.444  0.0559998  0.388  0.112  
0.109  0.391  0.219  0.281  
0.164  0.336  0.331  0.169  
4.92392e-05  0.499951  0.444  0.0559998  
0.331  0.169  0.274999  0.225001  
4.92392e-05  0.499951  0.164  0.336  
0.444  0.0559998  0.331  0.169  
0.274999  0.225001  0.109  0.391  
0.331  0.169  4.92392e-05  0.499951  
0.219  0.281  0.444  0.0559998  
0.388  0.112  0.274999  0.225001  
0.164  0.336  0.49995  4.957e-05  
0.0549999  0.445  0.388  0.112  
0.49995  4.957e-05  0.0549999  0.445  
0.109  0.391  0.219  0.281  
0.109  0.391  0.49995  4.957e-05  
0.444  0.0559998  0.444  0.0559998  
0.331  0.169  0.388  0.112  
0.49995  4.957e-05  0.164  0.336  
4.92392e-05  0.499951  4.92392e-05  0.499951  
0.164  0.336  0.274999  0.225001  
0.0549999  0.445  1.95389  15.8088  
0.274999  0.225001  0.219  0.281  
0.219  0.281  0.109  0.391  
0.388  0.112  0.331  0.169  
4.92392e-05  0.499951  0.49995  4.957e-05  
0.219  0.281  0.164  0.336  
0.444  0.0559998  0.109  0.391  
0.0549999  0.445  0.331  0.169  
0.164  0.336  0.221049  0.278951  
0.331  0.169  0.444  0.0559998  
0.388  0.112  4.92392e-05  0.499951  
0.49995  4.957e-05  0.0549999  0.445  
0.274999  0.225001  0.274999  0.225001  
0.109  0.391  0.388  0.112  
0.444  0.0559998  0.57097  0.0720138  
0.219  0.281  0.109  0.391  
0.109  0.391  4.92392e-05  0.499951  
4.92392e-05  0.499951  0.219  0.281  
0.388  0.112  0.388  0.112  
0.274999  0.225001  0.331  0.169  
0.0549999  0.445  0.274999  0.225001  
0.49995  4.957e-05  0.164  0.336  
0.164  0.336  0.49995  4.957e-05  
0.331  0.169  0.0549999  0.445  
0.164  0.336  0.109  0.391  
0.0549999  0.445  19.7088  5.68913  
0.444  0.0559998  0.274999  0.225001  
0.49995  4.957e-05  0.219  0.281  
0.109  0.391  0.0549999  0.445  
0.331  0.169  0.331  0.169  
0.274999  0.225001  0.444  0.0559998  
4.92392e-05  0.499951  4.92392e-05  0.499951  
0.388  0.112  0.49995  4.957e-05  
0.219  0.281  0.164  0.336  
