1.28494  3.28514  1.20651  3.33024  
1.98078  1.61563  1.33184  3.31527  
1.49434  2.97702  1.9401  1.79537  
0.979241  3.5017  1.8368  1.85759  
1.08087  3.34101  1.66744  2.49334  
1.73239  2.18988  1.38657  3.00534  
1.74333  2.44713  1.26236  3.32094  
1.69652  2.2846  1.76252  2.1844  
1.80665  2.07658  1.5052  2.72845  
1.04467  3.64151  2.14928  1.30622  
1.64485  2.47206  1.93449  1.38211  
1.50081  3.10951  1.75145  2.30469  
1.428  3.12631  2.16788  1.1795  
1.52415  2.79231  1.71403  2.34519  
1.86482  2.01658  1.16753  3.75306  
1.11656  3.2878  1.99343  1.68454  
1.73601  2.00214  1.31381  2.86552  
1.34418  2.90372  1.56616  2.42294  
1.65038  2.18399  2.03917  1.56488  
1.81958  2.19296  0.919578  3.62886  
1.1899  3.39294  1.59447  2.423  
1.60082  2.85347  1.63138  2.78988  
1.35642  2.84239  2.07451  1.65804  
1.13348  3.26374  1.4469  2.94564  
1.58694  1.98485  1.49093  2.82492  
2.00358  1.55487  1.73074  2.38187  
1.53451  2.60938  1.24204  3.13158  
1.7193  2.07261  2.13661  1.70201  
1.33145  3.13144  1.6061  2.71487  
1.92743  1.76891  1.40532  2.67767  
1.56037  2.81231  0.939386  3.56335  
1.43265  3.02232  1.7913  2.41893  
1.69586  2.73145  1.51113  2.33355  
1.24735  3.26668  1.89733  1.98687  
1.43495  3.15261  1.31899  3.23916  
2.11353  1.12775  1.77161  2.12016  
2.34437  0.920008  1.27838  3.4042  
1.08048  3.5023  1.33562  3.31547  
1.2005  3.48402  1.1814  3.4837  
1.6867  2.06469  1.87791  2.08258  
1.50561  2.61964  1.42389  2.62174  
1.60518  2.50799  1.66512  2.493  
1.71971  2.37734  1.62793  2.53018  
1.53448  2.57261  1.6861  2.33519  
1.77345  2.44074  1.8557  2.35533  
1.3136  2.85309  1.98906  1.98122  
1.32094  3.00076  1.37771  2.81839  
1.76992  2.42873  1.84934  2.16293  
1.44638  2.57858  1.1672  3.63448  
1.54286  2.50794  1.11559  3.30265  
1.69852  2.327  2.1871  1.38338  
1.71918  2.36031  1.42898  2.79538  
1.20414  3.30413  1.61923  2.27752  
1.39451  2.88154  1.47089  2.50462  
1.55992  2.52392  1.0262  3.63041  
1.79775  2.54003  1.29093  3.05987  
1.24243  3.0513  1.65168  2.36226  
0.91353  3.45323  1.72938  2.05641  
1.74099  1.90893  1.71753  1.79929  
1.41192  2.55978  1.60498  2.5112  
1.48155  2.54272  1.45531  2.79239  
1.73778  2.19668  1.19942  3.26651  
1.8832  1.73407  1.887  1.78499  
1.67173  2.09302  1.56037  2.17299  
2.06107  1.75433  1.32524  2.9153  
1.98146  1.82671  1.29167  2.88461  
1.43605  2.94484  1.78053  2.52013  
1.52881  2.59972  1.38247  2.89283  
1.57115  2.21014  1.22094  3.24166  
1.44025  2.50601  1.96047  1.54541  
1.56742  2.39032  1.17954  3.72156  
1.01487  3.80314  1.41128  2.44935  
1.5788  2.45516  2.08797  1.59681  
1.81977  1.6758  1.26786  3.00207  
1.2765  3.28514  1.35657  3.15799  
2.08051  1.34306  1.66821  2.45946  
1.71679  2.2929  1.5968  2.61471  
1.74573  2.26609  1.7048  1.98911  
1.5429  2.63179  1.98604  1.42947  
1.45299  2.87368  1.65064  2.76491  
1.94496  1.78147  1.48301  2.54544  
2.06403  1.67821  1.87788  2.06717  
1.20209  3.06617  1.46696  2.73692  
1.69384  2.08365  1.69092  2.02125  
1.45552  2.64833  1.30339  2.78647  
1.58935  2.2388  1.88848  1.84503  
1.83847  2.32988  1.6388  2.34566  
1.97085  1.60892  1.07161  3.35451  
1.55551  2.14443  2.22096  1.36614  
1.76449  1.82597  1.51139  2.93177  
1.23221  2.98856  1.83236  1.63173  
1.63606  2.59773  1.13408  3.29976  
1.65679  2.45898  1.24272  3.131  
1.89443  1.82518  2.15224  1.4237  
2.22712  1.48257  1.84441  1.94292  
1.62363  2.09854  0.981393  3.58102  
1.26763  3.10042  1.06359  3.74416  
1.30793  2.85951  1.663  2.51772  
1.78413  2.25062  1.52481  2.6538  
0.920457  3.96964  1.74971  2.11951  
2.0117  1.97605  1.67724  2.35508  
1.82202  2.00297  0.961187  3.94497  
1.76158  2.24706  1.42886  2.74991  
1.68761  2.3681  1.41595  2.79676  
1.29612  3.06293  1.43917  2.67238  
1.97236  1.59897  1.91238  2.11155  
2.11119  1.09476  1.3774  3.15092  
1.90506  2.1232  2.0664  1.35617  
2.01238  1.6695  1.46954  2.79085  
1.74007  1.88238  1.86937  1.89568  
1.40404  2.87709  1.04828  3.6443  
1.2275  3.19345  1.47765  2.78791  
1.83754  1.94027  0.986878  3.84385  
1.32293  2.88334  2.26173  1.22936  
1.08335  3.37848  1.97113  1.90221  
1.65026  2.85053  1.63197  2.3738  
1.56367  2.72532  1.50456  2.63795  
1.69885  2.45069  1.42065  2.88453  
1.73545  2.23372  1.45079  2.79017  
1.96309  1.70326  1.25167  3.45539  
1.96241  1.89316  1.96927  1.75328  
1.6671  2.33707  1.50272  2.41871  
1.22193  3.19046  1.76072  2.0017  
1.70939  2.25238  1.62197  2.46982  
1.46364  2.54125  1.74652  2.36406  
1.49144  2.93049  1.77372  2.4033  
1.38649  3.05169  1.21322  3.38071  
1.27186  2.97421  1.5491  2.3196  
2.05512  1.62038  1.43367  2.8453  
1.99981  1.54556  1.32626  3.01571  
0.800149  4.01931  1.64141  2.53015  
1.92708  1.79817  2.09254  1.42309  
1.29094  3.28025  1.85628  1.88296  
1.70681  2.14269  1.57851  2.64779  
1.67274  1.98734  1.97017  1.665  
1.9479  1.7025  1.3955  2.75368  
1.4998  2.90636  1.0712  3.42262  
0.948836  3.24258  1.38388  2.862  
1.20095  3.01828  1.64129  2.40944  
1.34057  2.85536  1.89104  1.81454  
1.11309  3.40395  1.60733  2.32545  
1.6008  2.25095  1.4141  2.71191  
1.42361  2.67913  1.42914  3.08712  
1.41255  2.74591  1.00924  3.47385  
2.12438  1.57919  1.00406  3.64109  
1.67621  2.46037  1.23431  3.21437  
1.56707  2.51751  1.55748  2.38684  
1.59938  2.45731  1.8997  1.98932  
1.83093  2.12282  1.25101  2.77802  
1.17408  3.45033  1.49755  2.95785  
1.46785  3.08578  1.79356  2.57119  
1.6576  2.54911  1.8422  1.57866  
1.41503  2.65957  1.77574  2.28484  
1.38168  2.99313  1.93057  2.23816  
1.36476  2.94064  0.803954  4.04122  
1.74932  2.28907  1.5051  2.61913  
1.74228  2.30415  1.49814  2.66063  
1.5569  2.30619  1.39625  2.96229  
1.52604  2.33274  1.2582  3.31045  
1.83197  2.05047  1.5505  2.40236  
1.70897  2.25714  1.62385  2.36619  
1.12154  3.44193  2.22422  1.43029  
1.31665  2.97694  1.51849  2.33966  
1.92449  2.18318  1.09275  3.17338  
1.3637  2.99363  1.2365  3.21319  
1.16217  2.94395  1.1987  3.11124  
1.96382  1.83253  2.18352  1.37655  
1.55234  2.78767  1.05409  3.3916  
1.63059  2.3012  1.33946  2.65325  
1.56902  2.54929  1.82592  2.02199  
2.04206  1.5723  1.79672  2.29477  
1.75898  2.37622  1.39351  2.96268  
1.53418  2.52796  2.11935  1.72393  
1.39028  2.8468  1.59949  2.4683  
1.28089  3.1575  1.50361  2.58279  
1.75714  2.31153  1.42057  3.09623  
1.42269  2.85521  0.845411  3.76866  
1.64991  2.24667  1.71795  2.34191  
1.42198  2.83067  1.60339  2.77612  
1.46419  3.01394  1.0354  4.08618  
2.02056  1.89802  1.56038  2.53648  
1.57786  2.65927  1.64347  2.15274  
1.68479  2.01196  1.61376  2.21288  
1.43512  3.01429  1.16159  3.10305  
2.00318  1.54597  1.95541  1.59851  
1.69061  2.50137  1.75854  2.34442  
2.25816  1.25691  1.5297  2.51251  
1.45468  3.0065  1.20447  3.48155  
1.68315  2.43701  1.65533  2.50811  
1.42767  2.77863  1.1834  2.89512  
1.44606  2.87934  1.09418  3.31148  
1.24254  3.35982  2.08848  1.43315  
2.1746  1.63672  1.68166  2.377  
1.25388  3.36203  1.20958  3.2986  
2.08668  1.56829  1.20613  3.58096  
1.52646  2.34565  1.59994  2.61672  
1.7419  2.04483  1.56901  2.42563  
1.80938  2.00552  1.90984  1.89596  
1.16451  3.08532  1.82354  2.03218  
1.40962  2.88565  1.64788  2.2959  
1.4653  2.85729  1.695  2.32855  
1.90342  1.7414  1.43955  2.63389  
2.05602  1.84167  2.00259  1.73968  
1.71082  2.23151  1.88462  1.82068  
1.5668  2.72502  1.5689  2.61883  
1.37786  2.75206  1.59279  2.84346  
1.26045  2.93621  1.96368  1.89328  
1.34485  3.07864  1.39279  2.83147  
0.901022  3.8956  1.75922  2.15057  
1.51507  2.57225  1.85331  2.00748  
1.29351  3.05791  1.52563  2.63806  
1.73836  2.45177  1.59298  2.64345  
1.35357  2.75488  1.48392  3.18476  
1.68072  2.50292  2.18151  1.75708  
1.06454  3.48727  1.11598  3.70791  
1.73229  2.22367  1.55777  2.89396  
1.18891  3.25653  1.29635  2.86047  
1.5571  2.73988  1.58835  2.42131  
0.94359  3.30425  1.74133  2.12577  
1.61352  2.42505  1.63101  2.24784  
1.46388  2.84857  1.05651  3.44076  
1.27321  3.35151  1.03494  3.67621  
1.60953  2.49596  1.71045  2.48284  
1.42106  2.6956  2.14743  1.36083  
1.70292  2.35581  1.88266  2.1001  
1.38121  2.92954  1.47828  2.59446  
1.52939  2.56656  1.43832  2.54738  
1.59548  2.77575  0.809646  3.81988  
1.73435  2.22381  1.57029  2.52668  
1.53689  2.25033  1.35777  2.77954  
1.32653  2.73862  1.44105  2.7706  
1.78917  1.97748  1.54992  2.44676  
1.674  2.16797  1.54301  2.39815  
1.8932  1.90666  2.02865  1.57764  
2.25064  1.27727  1.44408  2.62834  
1.38339  2.56427  1.29725  3.12534  
1.9441  2.05373  1.49076  2.48401  
1.66309  2.1722  1.56446  2.48085  
1.33378  3.11551  1.90324  2.27829  
1.60546  2.3964  1.83081  2.35397  
2.03218  1.75571  1.12652  3.33908  
1.068  3.42457  1.04944  3.38518  
0.983687  3.25881  1.38191  2.80389  
1.53842  2.70255  1.23835  2.93013  
1.38877  2.7955  1.19368  3.47318  
1.29739  2.78399  1.89889  1.84976  
1.97452  1.89223  1.33924  3.14698  
1.86365  1.76713  1.52651  2.59666  
1.33533  2.55683  1.50458  2.55519  
1.57611  2.74594  1.66045  1.92883  
0.988251  3.52338  1.74927  2.35026  
1.60122  2.59053  2.04381  1.84827  
1.63158  2.81112  2.1975  1.54321  
1.49768  2.64815  1.69148  2.16044  
1.30405  3.11805  1.64623  2.35072  
1.95137  2.17112  1.99102  1.82438  
0.75197  4.12585  1.82172  2.25716  
1.40471  2.81409  1.00617  3.40073  
1.69057  2.44679  1.26337  3.53075  
1.79775  1.92438  1.53732  2.77288  
1.60615  2.64329  1.60966  2.45966  
1.39861  3.03183  1.24033  3.36514  
0.937966  3.82984  1.52669  2.16352  
1.55419  2.76597  1.89459  1.86323  
1.9199  1.71243  1.34521  3.05955  
2.06945  1.58357  1.92023  1.95228  
1.2268  3.04668  1.55089  2.77613  
1.85676  2.37886  1.93326  1.90661  
1.4853  2.57871  1.83817  2.06496  
1.62748  2.22021  1.62878  2.66921  
1.31801  3.14553  1.6946  2.45237  
1.59144  2.35817  1.84589  2.0894  
1.06534  3.47005  1.90735  1.92538  
1.4081  3.07179  1.36566  2.76912  
1.46081  2.47815  1.18182  3.38218  
1.62759  2.55379  1.21324  3.13081  
1.42954  2.86899  1.76592  1.76348  
1.48568  2.40356  1.4679  2.2462  
1.20537  2.85976  1.68024  2.72039  
1.64335  2.01562  1.7883  2.19236  
1.66717  2.46187  1.37396  2.94934  
1.67371  1.98777  1.60507  2.7682  
1.58173  2.35872  1.84155  2.54109  
1.97833  1.73882  1.35319  3.06788  
1.33785  3.29643  1.48089  2.71059  
1.37797  2.96699  1.57287  2.23313  
1.71601  1.91673  1.42689  2.71059  
1.40042  2.82878  1.11795  3.29262  
0.990073  3.11277  1.31823  2.84544  
1.70048  2.33115  1.23386  3.10922  
1.4006  2.98613  1.52015  2.40232  
1.75538  2.31264  1.55264  2.62703  
1.64573  2.50725  1.44578  2.57062  
1.59592  2.47995  1.71873  2.19061  
1.47535  2.80231  1.05283  3.06541  
1.40358  3.09445  1.47918  2.79843  
1.11938  3.41723  1.42025  2.68241  
1.23665  3.2621  1.3949  3.02821  
1.46949  2.49369  1.3691  3.03549  
1.47317  3.00231  1.21799  3.24273  
