1.59835 2.42474
0.960751 3.52805
1.95805 0.895456
1.74794 1.99285
1.42382 2.82771
1.86375 1.49887
0.0903716 4.0044
1.20824 3.19422
2.02017 0.0556352
0.648442 3.7891
1.86375 1.49887
2.02017 0.0556352
0.648442 3.7891
1.42382 2.82771
0.0903716 4.0044
1.59835 2.42474
1.20824 3.19422
1.95805 0.895456
0.960751 3.52805
1.74794 1.99285
1.86375 1.49887
0.648442 3.7891
0.0903716 4.0044
1.59835 2.42474
1.74794 1.99285
1.42382 2.82771
1.95805 0.895456
0.960751 3.52805
1.20824 3.19422
2.02017 0.0556352
1.86375 1.49887
0.960751 3.52805
1.42382 2.82771
0.648442 3.7891
2.02017 0.0556352
1.59835 2.42474
1.20824 3.19422
0.0903716 4.0044
1.95805 0.895456
1.74794 1.99285
1.95805 0.895456
0.0903716 4.0044
1.86375 1.49887
1.42382 2.82771
1.20824 3.19422
0.960751 3.52805
1.74794 1.99285
0.648442 3.7891
2.02017 0.0556352
1.59835 2.42474
1.20824 3.19422
0.960751 3.52805
1.42382 2.82771
1.86375 1.49887
2.02017 0.0556352
1.59835 2.42474
1.74794 1.99285
0.648442 3.7891
0.0903716 4.0044
1.95805 0.895456
1.86375 1.49887
1.42382 2.82771
0.0903716 4.0044
0.648442 3.7891
2.02017 0.0556352
1.74794 1.99285
1.95805 0.895456
0.960751 3.52805
1.59835 2.42474
1.20824 3.19422
1.86375 1.49887
1.95805 0.895456
0.960751 3.52805
1.59835 2.42474
1.42382 2.82771
0.648442 3.7891
1.20824 3.19422
1.74794 1.99285
0.0903716 4.0044
2.02017 0.0556352
1.95805 0.895456
1.20824 3.19422
1.86375 1.49887
0.648442 3.7891
0.960751 3.52805
1.42382 2.82771
0.0903716 4.0044
1.59835 2.42474
1.74794 1.99285
2.02017 0.0556352
1.86375 1.49887
2.02017 0.0556352
0.960751 3.52805
1.74794 1.99285
0.0903716 4.0044
1.20824 3.19422
1.42382 2.82771
1.95805 0.895456
0.648442 3.7891
1.59835 2.42474
