2.95683  0.989654  2.92797  0.983221  
2.94931  0.982825  2.94565  0.967171  
2.9035  0.986943  2.93846  0.978026  
2.96167  0.991102  2.92474  0.983272  
2.91879  0.989158  2.9096  0.983877  
2.94115  0.98714  2.94819  0.983527  
2.92975  0.988219  2.86685  1.01462  
2.89157  0.99896  2.93648  0.980464  
2.86969  1.01542  2.90386  0.99434  
2.90561  1.00034  2.91568  0.993163  
2.92853  0.983146  2.8898  0.98225  
2.93384  0.976918  2.91502  0.992106  
2.91405  0.984621  2.93257  0.986495  
2.93578  0.989188  2.94211  0.980802  
2.94564  0.985737  2.94038  0.977627  
2.9661  0.986571  2.90305  0.987558  
2.95306  0.974204  2.92926  0.985403  
2.97177  0.988745  2.9226  0.992672  
2.93315  0.990331  2.95118  0.981656  
2.95347  0.979229  2.94124  0.985536  
2.94256  0.98402  2.90449  0.98579  
2.89448  0.994407  2.95532  0.979473  
2.88459  1.00229  2.89444  0.992852  
2.90438  1.00348  2.83323  1.05427  
2.87233  1.01309  2.89468  0.996878  
2.90863  0.991321  2.92851  0.99138  
2.92017  0.988052  2.90385  0.980701  
2.89707  0.98859  2.91378  0.988007  
2.93429  0.984692  2.93494  0.98618  
2.84384  1.00579  2.89944  0.991558  
2.91914  0.980131  2.94984  0.991293  
2.87597  1.00533  2.91995  0.981143  
2.96172  0.974147  2.93785  0.990421  
2.96641  0.988769  2.90025  0.986262  
2.95138  0.984403  2.93769  0.98438  
2.95652  0.985951  2.92395  0.988078  
2.95381  0.981525  2.93431  0.993172  
2.91805  0.986271  2.95395  0.975211  
2.88885  0.991741  2.94739  0.978803  
2.95475  0.9831  2.96893  0.988385  
2.91877  0.973364  2.87744  1.00855  
2.94339  0.97704  2.94448  0.984634  
2.95668  0.979694  2.92972  0.978463  
2.94644  0.982267  2.87847  1.01127  
2.88446  0.992901  2.91962  0.975316  
2.87114  1.00684  2.95943  0.979363  
2.95702  0.982447  2.96505  0.981558  
2.90229  0.998643  2.85186  1.02602  
2.9271  0.978069  2.91092  0.98206  
2.91618  0.988512  2.89748  0.991409  
2.91277  0.987894  2.93952  0.987558  
2.9125  0.990691  2.9623  0.978346  
2.90033  0.977581  2.92522  0.981203  
2.98136  0.988213  2.88453  0.978545  
2.92038  0.983629  2.95272  0.988468  
2.94891  0.988501  2.90221  0.990707  
2.8956  0.999091  2.88631  0.998849  
2.94756  0.979413  2.87844  1.00386  
2.90522  0.994669  2.94796  0.980155  
2.93843  0.991209  2.89374  0.983187  
2.89889  0.99193  2.8872  0.999296  
2.91053  0.990992  2.93227  0.984373  
2.91538  0.974631  2.92537  0.984201  
2.9006  1.00259  2.88496  0.998687  
2.89871  0.990954  2.93521  0.981295  
2.86856  1.00901  2.81533  1.05982  
2.9391  0.985369  2.8593  1.02345  
2.87102  1.01144  2.88043  1.00854  
2.90204  0.99159  2.924  0.991624  
2.89743  0.992645  2.92395  0.989015  
2.90918  1.00023  2.87362  1.00334  
2.81686  1.05903  2.96104  0.980856  
2.88709  0.991017  2.93231  0.986729  
2.94116  0.983808  2.94759  0.985376  
2.91066  0.977053  2.92213  0.994399  
2.94521  0.977708  2.93469  0.991498  
2.96281  0.985511  2.86827  1.0235  
2.9139  0.987853  2.95  0.981403  
2.91366  0.993796  2.93208  0.988208  
2.93105  0.984602  2.95768  0.975651  
2.93501  0.993748  2.88167  1.00435  
2.90442  0.983952  2.91972  0.983093  
2.93531  0.981824  2.92495  0.982312  
2.95228  0.98161  2.89505  1.00612  
2.87091  1.01498  2.93061  0.985231  
2.92218  0.993306  2.89558  0.993663  
2.95442  0.972678  2.91185  0.991226  
2.91312  0.9867  2.9013  0.993343  
2.89444  0.984125  2.93047  0.984066  
2.84561  1.03005  2.95474  0.979524  
2.95793  0.982715  2.90827  0.980337  
2.94145  0.971168  2.89798  0.992752  
2.93422  0.980982  2.91296  0.974657  
2.93609  0.986718  2.92225  0.987306  
2.95183  0.983977  2.90793  0.993507  
2.85202  1.02496  2.91914  0.994465  
2.94392  0.975966  2.96679  0.984377  
2.92869  0.980121  2.9043  0.998349  
2.93806  0.986382  2.84968  1.02221  
2.93913  0.981017  2.90981  0.995505  
2.62836  0.779061  2.56251  0.891164  
2.72022  0.754105  2.51701  0.961793  
2.5063  0.960951  2.71429  0.751178  
2.65901  0.764941  2.64165  0.78926  
2.59661  0.834102  2.66424  0.763706  
2.67099  0.752728  2.71865  0.742725  
2.61991  0.789876  2.63224  0.78651  
2.72355  0.76561  2.44641  1.11922  
2.70031  0.748925  2.68325  0.755635  
2.7143  0.744104  2.65492  0.776965  
2.6549  0.760069  2.67099  0.752728  
2.63244  0.789113  2.70031  0.748925  
2.71492  0.742429  2.59661  0.834102  
2.60484  0.820489  2.62836  0.779061  
2.70949  0.757349  2.7143  0.744104  
2.6409  0.789549  2.72355  0.76561  
2.50876  0.940239  2.51723  0.971883  
2.44851  1.10029  2.61991  0.789876  
2.72472  0.749742  2.65901  0.764941  
2.68736  0.765235  2.72022  0.754105  
2.71656  0.753452  2.53325  0.910451  
2.66424  0.763706  2.68125  0.75911  
2.63224  0.78651  2.69269  0.760579  
2.68325  0.755635  2.69172  0.756404  
2.65492  0.776965  2.6272  0.78281  
2.64165  0.78926  2.69731  0.736807  
2.71865  0.742725  2.67768  0.751256  
2.51701  0.961793  2.56258  0.87621  
2.56251  0.891164  2.59578  0.820887  
2.44641  1.11922  2.49132  1.00174  
2.59296  0.835733  2.70949  0.757349  
2.69627  0.722733  2.72472  0.749742  
2.43964  1.11686  2.61258  0.80838  
2.63328  0.793042  2.60484  0.820489  
2.51782  0.943713  2.6549  0.760069  
2.71821  0.74689  2.44851  1.10029  
2.64367  0.776807  2.71492  0.742429  
2.25419  1.51121  2.50876  0.940239  
2.74539  0.761011  2.6409  0.789549  
2.65674  0.757852  2.68736  0.765235  
2.49999  0.903292  2.74539  0.761011  
2.4137  1.12505  2.73339  0.762073  
2.606  0.801852  2.51782  0.943713  
2.16324  1.51596  2.65674  0.757852  
2.54418  0.811508  2.59296  0.835733  
2.58704  0.775797  2.43964  1.11686  
2.623  0.734577  2.66875  0.783807  
2.35176  1.26584  2.69627  0.722733  
2.695  0.71362  2.25419  1.51121  
2.45668  0.996288  2.63328  0.793042  
2.68125  0.75911  2.58704  0.775797  
2.59578  0.820887  2.45668  0.996288  
2.67768  0.751256  2.4137  1.12505  
2.6272  0.78281  2.49999  0.903292  
2.69731  0.736807  2.623  0.734577  
2.55754  0.871171  2.54418  0.811508  
2.65073  0.77275  2.16324  1.51596  
2.53325  0.910451  2.606  0.801852  
2.49132  1.00174  2.63646  0.790526  
2.69269  0.760579  2.695  0.71362  
2.56441  0.88624  2.69894  0.759065  
2.69894  0.759065  2.56441  0.88624  
2.66557  0.777175  2.62796  0.780193  
2.43479  1.1887  2.63906  0.781487  
2.71316  0.751082  2.43479  1.1887  
2.65483  0.781833  2.71316  0.751082  
2.70724  0.747548  2.65483  0.781833  
2.66207  0.779726  2.66207  0.779726  
2.62796  0.780193  2.66557  0.777175  
2.63831  0.78073  2.70724  0.747548  
2.3386  1.39342  2.58465  0.807546  
2.58465  0.807546  2.56162  0.851083  
2.56162  0.851083  2.66614  0.75958  
2.69586  0.738316  2.54535  0.878833  
2.67502  0.753089  2.69586  0.738316  
2.61093  0.782322  2.61093  0.782322  
2.65651  0.774891  2.63877  0.794128  
2.54535  0.878833  2.3386  1.39342  
2.65265  0.784372  2.67502  0.753089  
2.66614  0.75958  2.65651  0.774891  
2.65529  0.765384  2.64325  0.773974  
2.59091  0.836666  2.7266  0.75316  
2.38262  1.30453  2.59365  0.83297  
2.64002  0.785748  2.64002  0.785748  
2.7226  0.75001  2.69663  0.752245  
2.58058  0.84496  2.58058  0.84496  
2.64325  0.773974  2.56934  0.876917  
2.69663  0.752245  2.38262  1.30453  
2.56934  0.876917  2.66167  0.771761  
2.7266  0.75316  2.7226  0.75001  
2.59775  0.815303  2.61529  0.786461  
2.65373  0.765712  2.56187  0.845216  
2.56187  0.845216  2.59775  0.815303  
2.7319  0.740013  2.67655  0.758536  
2.6986  0.745487  2.72665  0.740714  
2.61529  0.786461  2.6305  0.774435  
2.67655  0.758536  2.65373  0.765712  
2.4289  1.11992  2.6986  0.745487  
2.6305  0.774435  2.4289  1.11992  
2.52324  0.920514  2.52324  0.920514  
2.17982  0.274273  2.22976  0.26059  
2.1394  0.300863  2.16443  0.342626  
2.16443  0.342626  2.22451  0.266929  
2.0893  0.352249  2.11436  0.327928  
2.26353  0.29938  2.0893  0.352249  
2.22451  0.266929  2.26353  0.29938  
2.09681  0.348534  2.09639  0.348117  
2.20949  0.263013  2.09942  0.338084  
2.22976  0.26059  2.1394  0.300863  
2.11436  0.327928  2.17982  0.274273  
2.17812  0.277954  2.19215  0.266218  
2.21559  0.267252  2.11605  0.316176  
2.25231  0.259094  2.21559  0.267252  
2.01443  0.500907  2.17812  0.277954  
2.19215  0.266218  2.06561  0.405885  
2.11605  0.316176  2.12963  0.311977  
2.08969  0.362194  2.08969  0.362194  
2.06561  0.405885  2.28373  0.290521  
2.1334  0.309798  2.1334  0.309798  
2.18538  0.279022  2.18538  0.279022  
2.13152  0.384534  2.06792  0.391793  
2.05227  0.430181  2.22131  0.263697  
1.94836  0.663179  2.01053  0.500751  
1.99014  0.564405  2.18841  0.272523  
2.13495  0.30526  2.18311  0.278581  
2.16285  0.283089  2.10821  0.332535  
2.14627  0.29878  2.14285  0.287854  
2.2002  0.267901  2.25474  0.260931  
2.23093  0.258538  1.97732  0.582073  
2.19176  0.27661  2.09413  0.349987  
2.16399  0.279666  1.99014  0.564405  
1.83858  0.906463  2.19176  0.27661  
2.12054  0.319129  2.23093  0.258538  
2.24064  0.257616  1.94836  0.663179  
2.12907  0.313011  2.17642  0.275752  
2.18795  0.27156  2.13495  0.30526  
2.14329  0.292432  2.13152  0.384534  
2.05775  0.406248  2.16285  0.283089  
2.01405  0.495247  2.17852  0.331023  
2.20726  0.263932  2.05227  0.430181  
2.18275  0.266537  2.05775  0.406248  
2.04436  0.422793  1.83858  0.906463  
2.22514  0.251996  2.20726  0.263932  
1.99122  0.539315  2.18795  0.27156  
2.14186  0.284369  2.24064  0.257616  
2.08282  0.355682  2.12907  0.313011  
1.67926  1.0518  2.16399  0.279666  
1.86482  0.850244  2.14329  0.292432  
2.11987  0.312306  2.12054  0.319129  
1.93473  0.675506  2.01405  0.495247  
2.12039  0.390222  2.14186  0.284369  
2.24467  0.259715  2.21394  0.261738  
2.12693  0.31294  1.67926  1.0518  
1.91118  0.753225  1.99122  0.539315  
2.1648  0.28136  1.86482  0.850244  
2.21112  0.266278  2.08282  0.355682  
2.15732  0.289015  2.04436  0.422793  
2.23193  0.264546  2.11987  0.312306  
2.22435  0.269245  2.22514  0.251996  
2.08059  0.363456  1.93473  0.675506  
2.07221  0.379355  1.96442  0.619531  
2.2152  0.262797  2.13808  0.301407  
2.23983  0.261374  1.84776  0.895425  
2.02034  0.483585  2.11394  0.316041  
2.17396  0.277368  2.17396  0.277368  
2.13808  0.301407  2.2152  0.262797  
2.11394  0.316041  2.02034  0.483585  
1.84776  0.895425  2.19947  0.271471  
1.96442  0.619531  2.23983  0.261374  
2.19947  0.271471  2.07221  0.379355  
2.14717  0.291238  2.2438  0.260447  
1.85239  0.896534  2.10774  0.319462  
2.10774  0.319462  2.26445  0.300388  
2.2438  0.260447  2.09586  0.346611  
2.20372  0.269072  2.17715  0.275861  
2.09586  0.346611  1.85239  0.896534  
2.17715  0.275861  2.14717  0.291238  
2.13734  0.30004  2.1661  0.284462  
2.1661  0.284462  2.20372  0.269072  
2.23138  0.26731  2.13734  0.30004  
2.18311  0.278581  2.12693  0.31294  
2.14285  0.287854  2.13091  0.375214  
2.10821  0.332535  2.21112  0.266278  
2.25474  0.260931  2.24467  0.259715  
2.01053  0.500751  2.23193  0.264546  
2.22131  0.263697  2.1648  0.28136  
2.06792  0.391793  1.91118  0.753225  
1.97732  0.582073  2.22435  0.269245  
2.18841  0.272523  2.08059  0.363456  
2.09413  0.349987  2.15732  0.289015  
1.92509  0.715821  2.19979  0.271458  
2.15935  0.287566  2.0558  0.415831  
2.21658  0.258196  2.20822  0.27116  
2.12614  0.309022  1.9504  0.667667  
2.0558  0.415831  2.21922  0.26337  
2.20822  0.27116  2.12614  0.309022  
1.95209  0.653408  2.00498  0.521127  
2.19979  0.271458  2.15935  0.287566  
2.00498  0.521127  1.95209  0.653408  
2.21966  0.264696  2.21658  0.258196  
2.09153  0.109396  2.08407  0.110297  
2.05592  0.112553  2.04412  0.115774  
1.9465  0.191325  1.92646  0.312789  
1.92646  0.312789  2.05592  0.112553  
1.98077  0.15232  2.02789  0.118469  
2.02789  0.118469  2.01647  0.126483  
2.01647  0.126483  2.06403  0.133359  
2.06403  0.133359  2.00788  0.132729  
2.00788  0.132729  1.9465  0.191325  
2.08449  0.110713  1.98077  0.15232  
2.055  0.116167  1.96296  0.170268  
2.05515  0.109532  1.9705  0.16255  
2.02459  0.121703  2.02459  0.121703  
1.9705  0.16255  1.89893  0.270907  
2.00378  0.135948  1.97577  0.157817  
1.97577  0.157817  2.00378  0.135948  
1.89893  0.270907  2.08739  0.109074  
1.9281  0.220419  2.05515  0.109532  
2.07681  0.111002  2.055  0.116167  
2.08739  0.109074  1.92722  0.219538  
2.00597  0.192581  2.07293  0.110315  
2.10336  0.109434  2.00597  0.192581  
1.93721  0.203699  1.88051  0.306832  
2.08609  0.147781  2.00703  0.131452  
1.88051  0.306832  2.10336  0.109434  
1.95445  0.178708  1.92392  0.224435  
2.07293  0.110315  1.91273  0.244627  
1.91273  0.244627  1.95445  0.178708  
2.04329  0.115463  2.04329  0.115463  
2.00703  0.131452  2.08609  0.147781  
2.09555  0.107443  1.90248  0.263029  
2.0515  0.114141  1.88672  0.292712  
1.90248  0.263029  1.83934  0.400019  
2.031  0.119917  1.99841  0.13496  
1.88672  0.292712  1.93424  0.209032  
1.93424  0.209032  1.97143  0.160908  
1.97143  0.160908  2.031  0.119917  
1.83934  0.400019  1.62131  0.85884  
1.99841  0.13496  2.0515  0.114141  
1.62131  0.85884  2.09555  0.107443  
1.97164  0.161464  1.4357  0.909788  
1.99146  0.145064  1.69399  0.74739  
1.93903  0.198708  1.82063  0.444965  
1.82552  0.433023  2.02453  0.120339  
2.00812  0.129754  1.94167  0.19396  
2.09901  0.108508  1.97884  0.148279  
2.03856  0.117034  1.8695  0.323156  
1.90624  0.259202  2.08396  0.105012  
2.05795  0.112431  1.90708  0.251318  
2.01799  0.12476  1.75875  0.59081  
2.08396  0.105012  1.99862  0.138813  
1.94167  0.19396  2.0207  0.126221  
1.75875  0.59081  1.96524  0.16993  
1.82063  0.444965  1.75481  0.612369  
1.97884  0.148279  2.05969  0.111992  
1.4357  0.909788  1.86693  0.335232  
1.69399  0.74739  2.04014  0.116422  
1.90652  0.250763  2.10271  0.108309  
2.02453  0.120339  1.92803  0.218873  
1.8695  0.323156  1.89507  0.279042  
1.99862  0.138813  1.80325  0.492565  
1.89507  0.279042  1.89401  0.276763  
1.92803  0.218873  2.08289  0.108645  
2.04014  0.116422  1.99564  0.141941  
2.10271  0.108309  1.99179  0.142401  
1.75481  0.612369  2.00752  0.130461  
2.05969  0.111992  1.91862  0.235604  
1.86693  0.335232  2.0615  0.112338  
1.96524  0.16993  2.03525  0.119201  
2.0207  0.126221  1.95455  0.180365  
1.89401  0.276763  2.09901  0.108508  
1.99564  0.141941  1.82552  0.433023  
1.91862  0.235604  2.03856  0.117034  
1.98517  0.14967  2.01799  0.12476  
1.80325  0.492565  1.90624  0.259202  
1.95455  0.180365  1.97164  0.161464  
2.03525  0.119201  1.93865  0.198332  
2.08289  0.108645  2.05795  0.112431  
2.0615  0.112338  1.99146  0.145064  
2.00752  0.130461  2.00812  0.129754  
2.02935  0.12146  2.09326  0.109604  
2.11755  0.144823  2.08343  0.11072  
1.90619  0.258872  2.0137  0.127976  
2.0137  0.127976  2.02935  0.12146  
2.0408  0.115947  2.0408  0.115947  
2.08343  0.11072  2.00357  0.135855  
2.09326  0.109604  2.06509  0.112325  
2.00357  0.135855  1.90619  0.258872  
2.06494  0.112177  2.11755  0.144823  
2.0058  0.130465  2.0058  0.130465  
1.99162  0.144649  2.04078  0.117418  
1.88476  0.300875  1.96036  0.253514  
1.97326  0.160025  2.02083  0.125267  
2.00508  0.132821  1.99162  0.144649  
1.86157  0.353406  1.86157  0.353406  
2.02083  0.125267  1.88476  0.300875  
1.94273  0.201436  1.94273  0.201436  
2.04078  0.117418  1.97456  0.161323  
2.06987  0.109234  2.03004  0.119122  
1.96036  0.253514  2.06987  0.109234  
2.00896  0.0895052  1.98465  0.0992678  
1.94736  0.20145  2.01491  0.111227  
1.84257  0.296965  1.99465  0.0951441  
2.01491  0.111227  2.05364  0.0794268  
2.01678  0.0880347  1.84917  0.287712  
2.04802  0.0811982  2.04802  0.0811982  
1.98465  0.0992678  2.01678  0.0880347  
2.05364  0.0794268  2.00896  0.0895052  
1.8485  0.287047  1.94736  0.20145  
1.99465  0.0951441  1.84257  0.296965  
2.01614  0.0855395  1.99394  0.0926245  
1.85087  0.279139  1.92905  0.147047  
1.99884  0.0912033  1.89512  0.195296  
1.96864  0.108159  1.95968  0.116438  
1.90447  0.179508  1.87263  0.23443  
1.92666  0.151087  1.80281  0.39495  
1.87112  0.236717  1.74999  0.525065  
1.76834  0.480934  1.45999  0.880221  
2.05792  0.0799502  2.07191  0.0796967  
1.82021  0.350986  1.84403  0.297738  
1.99394  0.0926245  1.76834  0.480934  
1.89512  0.195296  2.05792  0.0799502  
1.95968  0.116438  2.01614  0.0855395  
1.92905  0.147047  1.82021  0.350986  
2.07191  0.0796967  1.96864  0.108159  
1.45999  0.880221  1.85131  0.279582  
1.84403  0.297738  1.99884  0.0912033  
1.87263  0.23443  1.90447  0.179508  
1.74999  0.525065  1.92666  0.151087  
1.80281  0.39495  1.87112  0.236717  
1.93221  0.141555  1.93221  0.141555  
1.81275  0.364406  1.81275  0.364406  
1.89494  0.194674  2.06269  0.0794573  
1.63044  0.781983  1.85084  0.276294  
1.85084  0.276294  2.0148  0.131553  
1.98173  0.0984747  1.63044  0.781983  
2.06269  0.0794573  1.71072  0.62195  
1.71072  0.62195  1.77291  0.465085  
1.37063  0.898393  1.37063  0.898393  
1.77291  0.465085  1.89494  0.194674  
1.92829  0.146525  2.06195  0.0799022  
1.72914  0.576682  1.89448  0.195509  
1.89448  0.195509  2.01061  0.0871827  
1.85612  0.267119  1.85612  0.267119  
2.01061  0.0871827  1.61568  0.803108  
1.98761  0.0970796  1.96765  0.110558  
1.61568  0.803108  1.98761  0.0970796  
1.81862  0.352564  1.81862  0.352564  
1.96765  0.110558  1.72914  0.576682  
2.06195  0.0799022  1.92829  0.146525  
2.00432  0.140937  1.81471  0.361035  
1.85333  0.271987  1.94547  0.129279  
1.96077  0.115991  1.6997  0.648687  
1.81471  0.361035  1.96077  0.115991  
1.94547  0.129279  1.95778  0.187477  
1.9563  0.186967  1.85333  0.271987  
1.96331  0.112899  2.00432  0.140937  
1.6997  0.648687  1.96331  0.112899  
1.9247  0.154399  2.06136  0.0798986  
2.06136  0.0798986  1.9563  0.186967  
2.0205  0.0845426  2.04755  0.0811642  
2.00732  0.0890552  1.98226  0.101036  
1.98885  0.0971472  1.96019  0.147371  
1.89956  0.190549  1.87517  0.230236  
1.92961  0.147135  1.76744  0.48204  
1.99511  0.092817  2.02493  0.105119  
2.05232  0.0804857  1.90119  0.184629  
1.9504  0.123108  2.05997  0.0801832  
2.0143  0.109335  1.99991  0.0937017  
2.05069  0.121038  1.82008  0.348479  
1.87517  0.230236  1.7904  0.423847  
1.99861  0.0924032  2.04169  0.0820189  
1.75869  0.504589  2.01425  0.0859328  
1.90119  0.184629  1.95048  0.123316  
1.82008  0.348479  1.82716  0.333254  
1.96019  0.147371  1.9991  0.0929026  
2.05997  0.0801832  1.97458  0.104468  
1.98226  0.101036  1.88283  0.214314  
2.02493  0.105119  2.0647  0.0802991  
2.04755  0.0811642  1.91306  0.167038  
1.95048  0.123316  1.99511  0.092817  
1.82716  0.333254  2.05232  0.0804857  
1.7904  0.423847  2.00732  0.0890552  
1.88283  0.214314  1.9504  0.123108  
1.91306  0.167038  1.92961  0.147135  
2.04169  0.0820189  1.89956  0.190549  
2.0647  0.0802991  2.0205  0.0845426  
2.01425  0.0859328  2.05069  0.121038  
1.97458  0.104468  2.0417  0.100488  
1.9991  0.0929026  1.98885  0.0971472  
1.76661  0.482018  1.95124  0.157572  
2.06129  0.0802172  1.76717  0.482572  
1.90735  0.176044  1.99235  0.0943499  
1.96601  0.11031  2.01155  0.0886101  
2.02938  0.103473  1.96601  0.11031  
1.9442  0.130119  1.9442  0.130119  
1.83457  0.313975  1.83457  0.313975  
1.78866  0.426095  2.02938  0.103473  
2.0148  0.085967  1.78866  0.426095  
1.99235  0.0943499  2.0148  0.085967  
1.65176  0.716712  0.977807  1.64816  
1.86926  0.209313  1.37469  0.880476  
2.05294  0.0695595  1.27651  0.985953  
1.18643  1.19887  1.86926  0.209313  
1.80154  0.355759  1.65176  0.716712  
1.27651  0.985953  2.05294  0.0695595  
0.977807  1.64816  1.73172  0.533337  
1.37469  0.880476  1.80154  0.355759  
1.9469  0.10577  1.18643  1.19887  
1.73172  0.533337  1.9469  0.10577  
0.977807  1.64816  1.37469  0.880476  
1.27651  0.985953  1.80198  0.3562  
1.86926  0.209313  1.73172  0.533337  
1.65176  0.716712  2.05294  0.0695595  
1.73172  0.533337  1.65176  0.716712  
2.05294  0.0695595  1.9469  0.10577  
1.9469  0.10577  1.18643  1.19887  
1.18643  1.19887  1.27651  0.985953  
1.37469  0.880476  1.86926  0.209313  
1.80154  0.355759  0.977807  1.64816  
1.9469  0.10577  0.977807  1.64816  
1.86926  0.209313  1.18643  1.19887  
0.977807  1.64816  2.05294  0.0695595  
1.80154  0.355759  1.86926  0.209313  
1.73172  0.533337  1.73172  0.533337  
1.37469  0.880476  1.27651  0.985953  
2.05294  0.0695595  2.03542  0.0702967  
1.27651  0.985953  1.40777  0.913554  
1.65176  0.716712  1.65176  0.716712  
1.18643  1.19887  1.80154  0.355759  
1.65176  0.716712  1.27651  0.985953  
1.86926  0.209313  0.977807  1.64816  
1.9469  0.10577  1.86926  0.209313  
1.73172  0.533337  1.80154  0.355759  
0.977807  1.64816  1.9469  0.10577  
1.18643  1.19887  1.37469  0.880476  
1.37469  0.880476  1.6522  0.717153  
1.80154  0.355759  1.73172  0.533337  
1.27651  0.985953  2.05294  0.0695595  
2.05294  0.0695595  1.18643  1.19887  
1.73172  0.533337  1.65176  0.716712  
1.65176  0.716712  1.86926  0.209313  
0.977807  1.64816  1.9469  0.10577  
1.94264  0.109473  1.18643  1.19887  
2.05294  0.0695595  0.977807  1.64816  
1.86926  0.209313  1.80154  0.355759  
1.37469  0.880476  2.05294  0.0695595  
1.80154  0.355759  2.04471  0.0699288  
1.18643  1.19887  1.27651  0.985953  
1.27651  0.985953  1.37469  0.880476  
1.80154  0.355759  1.86926  0.209313  
1.18643  1.19887  1.37469  0.880476  
1.86926  0.209313  1.27651  0.985953  
1.37469  0.880476  2.05294  0.0695595  
1.27651  0.985953  0.977807  1.64816  
1.9469  0.10577  1.83462  0.388837  
0.977807  1.64816  1.9469  0.10577  
1.73172  0.533337  1.18643  1.19887  
1.65176  0.716712  1.73172  0.533337  
2.05294  0.0695595  1.65176  0.716712  
1.80154  0.355759  1.83788  0.272537  
1.18643  1.19887  1.37469  0.880476  
2.05294  0.0695595  1.73172  0.533337  
1.37469  0.880476  1.65176  0.716712  
1.65176  0.716712  0.977807  1.64816  
0.977807  1.64816  2.05294  0.0695595  
1.27651  0.985953  1.18643  1.19887  
1.86926  0.209313  1.9469  0.10577  
1.9469  0.10577  1.27651  0.985953  
1.73172  0.533337  1.86926  0.209313  
2.05294  0.0695595  1.37469  0.880476  
1.65176  0.716712  2.05294  0.0695595  
1.18643  1.19887  0.977807  1.64816  
1.86926  0.209313  1.27651  0.985953  
0.977807  1.64816  1.65176  0.716712  
1.80154  0.355759  1.80154  0.355759  
1.27651  0.985953  1.73172  0.533337  
1.37469  0.880476  1.86926  0.209313  
1.9469  0.10577  1.18643  1.19887  
1.73172  0.533337  1.9469  0.10577  
2.05294  0.0695595  1.80154  0.355759  
1.27651  0.985953  1.27651  0.985953  
1.80154  0.355759  2.05294  0.0695595  
1.9469  0.10577  1.65176  0.716712  
1.18643  1.19887  2.00655  0.07482  
1.73172  0.533337  1.18643  1.19887  
1.37469  0.880476  1.37469  0.880476  
1.86926  0.209313  1.73172  0.533337  
0.977807  1.64816  0.977807  1.64816  
1.65176  0.716712  1.9469  0.10577  
1.37469  0.880476  1.27651  0.985953  
1.80154  0.355759  2.05294  0.0695595  
1.9469  0.10577  1.86926  0.209313  
1.27651  0.985953  1.65176  0.716712  
1.18643  1.19887  1.25151  1.03537  
1.65176  0.716712  0.977807  1.64816  
2.05294  0.0695595  1.9469  0.10577  
0.977807  1.64816  1.80154  0.355759  
1.86926  0.209313  1.73172  0.533337  
1.73172  0.533337  1.37469  0.880476  
1.93629  0.115421  1.86097  0.224776  
1.64187  0.735244  2.05206  0.0695756  
1.1371  1.33896  0.937732  1.66623  
0.937732  1.66623  1.79319  0.376312  
1.24235  1.05562  1.1371  1.33896  
1.79319  0.376312  1.68291  0.651407  
2.05206  0.0695756  1.35893  0.888544  
1.72447  0.551662  1.24235  1.05562  
1.35893  0.888544  1.93629  0.115421  
1.86097  0.224776  1.72447  0.551662  
1.86097  0.224776  1.79319  0.376312  
2.05206  0.0695756  1.35893  0.888544  
1.72447  0.551662  1.64187  0.735244  
1.93629  0.115421  1.72447  0.551662  
1.79319  0.376312  0.937732  1.66623  
1.35893  0.888544  1.92595  0.126176  
1.1371  1.33896  1.86097  0.224776  
0.937732  1.66623  2.05206  0.0695756  
1.24235  1.05562  1.1371  1.33896  
1.64187  0.735244  1.24235  1.05562  
1.1371  1.33896  2.05206  0.0695756  
1.64187  0.735244  0.937732  1.66623  
0.937732  1.66623  1.93629  0.115421  
1.79319  0.376312  1.72447  0.551662  
1.93629  0.115421  1.1371  1.33896  
1.86097  0.224776  1.24235  1.05562  
1.35893  0.888544  1.86097  0.224776  
1.72447  0.551662  1.35893  0.888544  
1.24235  1.05562  1.79319  0.376312  
2.05206  0.0695756  1.64187  0.735244  
1.79319  0.376312  1.24235  1.05562  
1.93629  0.115421  1.79319  0.376312  
1.86097  0.224776  0.937732  1.66623  
1.24235  1.05562  1.86097  0.224776  
1.1371  1.33896  1.93629  0.115421  
2.05206  0.0695756  1.1371  1.33896  
1.64187  0.735244  1.64187  0.735244  
1.72447  0.551662  2.05206  0.0695756  
1.35893  0.888544  1.72447  0.551662  
0.937732  1.66623  1.35893  0.888544  
1.1371  1.33896  1.34866  0.895415  
1.64187  0.735244  1.1371  1.33896  
1.86097  0.224776  2.05206  0.0695756  
1.72447  0.551662  1.35893  0.888544  
0.937732  1.66623  0.937732  1.66623  
1.24235  1.05562  1.79319  0.376312  
1.35893  0.888544  1.86097  0.224776  
1.93629  0.115421  1.64187  0.735244  
2.05206  0.0695756  1.93629  0.115421  
1.79319  0.376312  1.72447  0.551662  
1.1371  1.33896  2.05206  0.0695756  
1.86097  0.224776  1.35893  0.888544  
1.35893  0.888544  1.64187  0.735244  
1.72447  0.551662  1.93629  0.115421  
1.79319  0.376312  1.79319  0.376312  
0.937732  1.66623  1.24235  1.05562  
1.64187  0.735244  1.72447  0.551662  
1.93629  0.115421  0.937732  1.66623  
2.05206  0.0695756  1.86097  0.224776  
1.24235  1.05562  1.1371  1.33896  
1.79319  0.376312  0.937732  1.66623  
1.64187  0.735244  1.86097  0.224776  
1.35893  0.888544  1.1371  1.33896  
0.937732  1.66623  1.35893  0.888544  
1.1371  1.33896  1.24235  1.05562  
1.86097  0.224776  1.79319  0.376312  
1.72447  0.551662  1.93629  0.115421  
2.05206  0.0695756  1.64187  0.735244  
1.93629  0.115421  1.72447  0.551662  
1.24235  1.05562  2.05206  0.0695756  
0.937732  1.66623  1.24235  1.05562  
1.1371  1.33896  1.86097  0.224776  
1.72447  0.551662  1.72447  0.551662  
1.64187  0.735244  1.79319  0.376312  
2.05206  0.0695756  2.05206  0.0695756  
1.79319  0.376312  1.64187  0.735244  
1.35893  0.888544  1.93629  0.115421  
1.24235  1.05562  1.1371  1.33896  
1.86097  0.224776  1.35893  0.888544  
1.93629  0.115421  0.937732  1.66623  
2.05206  0.0695756  1.86097  0.224776  
1.35893  0.888544  1.72447  0.551662  
1.79319  0.376312  1.93629  0.115421  
1.1371  1.33896  1.79319  0.376312  
1.93629  0.115421  1.24235  1.05562  
0.937732  1.66623  1.64187  0.735244  
1.86097  0.224776  1.1371  1.33896  
1.64187  0.735244  1.35893  0.888544  
1.72447  0.551662  2.05206  0.0695756  
1.24235  1.05562  0.937732  1.66623  
1.35893  0.888544  0.937732  1.66623  
2.05206  0.0695756  1.86097  0.224776  
1.64187  0.735244  1.35893  0.888544  
0.937732  1.66623  1.93629  0.115421  
1.24235  1.05562  1.64187  0.735244  
1.93629  0.115421  1.64187  0.735244  
1.79319  0.376312  1.1371  1.33896  
1.86097  0.224776  1.24235  1.05562  
1.1371  1.33896  2.05206  0.0695756  
1.72447  0.551662  1.72447  0.551662  
1.1371  1.33896  0.937732  1.66623  
1.64187  0.735244  1.93629  0.115421  
1.24235  1.05562  1.1371  1.33896  
1.79319  0.376312  2.05206  0.0695756  
1.35893  0.888544  1.64187  0.735244  
1.86097  0.224776  1.35893  0.888544  
2.05206  0.0695756  1.24235  1.05562  
0.937732  1.66623  1.72447  0.551662  
1.93629  0.115421  1.86097  0.224776  
1.72447  0.551662  1.79319  0.376312  
0.937732  1.66623  1.1371  1.33896  
1.64187  0.735244  1.93629  0.115421  
1.79319  0.376312  1.86097  0.224776  
1.86097  0.224776  2.05206  0.0695756  
2.05206  0.0695756  1.35893  0.888544  
1.24235  1.05562  1.72447  0.551662  
1.35893  0.888544  1.24235  1.05562  
1.93629  0.115421  0.937732  1.66623  
1.72447  0.551662  1.64187  0.735244  
1.1371  1.33896  1.79319  0.376312  
1.93629  0.115421  1.79319  0.376312  
1.64187  0.735244  2.05206  0.0695756  
1.72447  0.551662  1.71833  0.567041  
1.1371  1.33896  1.35893  0.888544  
1.35893  0.888544  0.937732  1.66623  
1.79319  0.376312  1.1371  1.33896  
1.24235  1.05562  1.93629  0.115421  
1.86097  0.224776  1.24235  1.05562  
2.05206  0.0695756  1.64187  0.735244  
0.937732  1.66623  1.86097  0.224776  
1.1371  1.33896  1.86097  0.224776  
1.93629  0.115421  1.24235  1.05562  
1.24235  1.05562  1.1371  1.33896  
1.72447  0.551662  1.35893  0.888544  
1.35893  0.888544  2.05206  0.0695756  
1.79319  0.376312  1.79319  0.376312  
2.05206  0.0695756  0.937732  1.66623  
1.64187  0.735244  1.93629  0.115421  
0.937732  1.66623  1.72447  0.551662  
1.86097  0.224776  1.64187  0.735244  
1.1371  1.33896  1.87007  0.207849  
1.24235  1.05562  1.64187  0.735244  
1.79319  0.376312  1.86097  0.224776  
1.72447  0.551662  1.24235  1.05562  
1.93629  0.115421  1.1371  1.33896  
2.05206  0.0695756  0.937732  1.66623  
1.64187  0.735244  1.93629  0.115421  
1.86097  0.224776  1.79319  0.376312  
0.937732  1.66623  1.35893  0.888544  
1.35893  0.888544  2.05206  0.0695756  
1.86097  0.224776  1.72447  0.551662  
1.35893  0.888544  0.937732  1.66623  
1.1371  1.33896  1.86097  0.224776  
1.93629  0.115421  1.24235  1.05562  
1.64187  0.735244  1.1371  1.33896  
2.05206  0.0695756  1.92108  0.131711  
1.72447  0.551662  1.79319  0.376312  
0.937732  1.66623  2.05206  0.0695756  
1.79319  0.376312  1.64187  0.735244  
1.24235  1.05562  1.35893  0.888544  
0.937732  1.66623  1.1371  1.33896  
1.64187  0.735244  1.64187  0.735244  
1.93629  0.115421  1.72636  0.546914  
1.86097  0.224776  1.35893  0.888544  
1.24235  1.05562  1.79319  0.376312  
2.05206  0.0695756  1.86097  0.224776  
1.1371  1.33896  0.937732  1.66623  
1.79319  0.376312  1.93629  0.115421  
1.35893  0.888544  1.24235  1.05562  
1.72447  0.551662  2.05206  0.0695756  
1.86097  0.224776  1.24235  1.05562  
1.24235  1.05562  1.35893  0.888544  
1.93629  0.115421  0.937732  1.66623  
1.35893  0.888544  2.05206  0.0695756  
2.05206  0.0695756  1.1371  1.33896  
0.937732  1.66623  1.79319  0.376312  
1.72447  0.551662  1.64187  0.735244  
1.79319  0.376312  1.86097  0.224776  
1.64187  0.735244  1.93629  0.115421  
1.1371  1.33896  1.72447  0.551662  
2.05206  0.0695756  0.937732  1.66623  
1.24235  1.05562  1.24235  1.05562  
1.1371  1.33896  2.05206  0.0695756  
1.64187  0.735244  1.86097  0.224776  
0.937732  1.66623  1.93629  0.115421  
1.93629  0.115421  1.72447  0.551662  
1.86097  0.224776  1.1371  1.33896  
1.79319  0.376312  1.7192  0.564876  
1.72447  0.551662  1.79319  0.376312  
1.35893  0.888544  1.35893  0.888544  
1.72447  0.551662  1.72447  0.551662  
1.79319  0.376312  1.1371  1.33896  
1.1371  1.33896  1.86097  0.224776  
1.93629  0.115421  1.35893  0.888544  
1.86097  0.224776  0.937732  1.66623  
1.64187  0.735244  1.24235  1.05562  
0.937732  1.66623  1.79319  0.376312  
2.05206  0.0695756  2.05206  0.0695756  
1.35893  0.888544  1.93629  0.115421  
1.24235  1.05562  1.64187  0.735244  
1.79319  0.376312  1.72447  0.551661  
1.1371  1.33896  1.24235  1.05562  
1.72447  0.551661  2.05206  0.0695756  
0.937732  1.66623  1.79319  0.376312  
1.24235  1.05562  1.93629  0.115422  
1.86097  0.224776  1.35893  0.888544  
1.35893  0.888544  0.937732  1.66623  
2.05206  0.0695756  1.1371  1.33896  
1.64187  0.735244  1.64187  0.735244  
1.93629  0.115422  1.86097  0.224776  
1.72447  0.551661  1.1371  1.33896  
1.35893  0.888544  1.72447  0.551661  
0.937732  1.66623  1.35893  0.888544  
1.64187  0.735244  1.93629  0.115422  
1.86097  0.224776  2.05206  0.0695756  
2.05206  0.0695756  1.64187  0.735244  
1.79319  0.376312  1.24235  1.05562  
1.1371  1.33896  0.937732  1.66623  
1.24235  1.05562  1.86097  0.224776  
1.93629  0.115422  1.79319  0.376312  
1.1371  1.33896  0.937732  1.66623  
1.35893  0.888544  1.86097  0.224776  
1.93629  0.115422  1.79319  0.376312  
1.72447  0.551661  2.05206  0.0695756  
1.86097  0.224776  1.23319  1.07693  
1.79319  0.376312  1.93629  0.115422  
2.05206  0.0695756  1.64187  0.735244  
1.64187  0.735244  1.72447  0.551661  
1.24235  1.05562  1.35893  0.888544  
0.937732  1.66623  1.24235  1.05562  
1.35893  0.888544  1.79319  0.376312  
1.86097  0.224776  2.05206  0.0695756  
1.64187  0.735244  1.1371  1.33896  
1.72447  0.551661  1.64187  0.735244  
1.93629  0.115422  1.86097  0.224776  
1.1371  1.33896  1.93629  0.115422  
1.79319  0.376312  1.35893  0.888544  
0.937732  1.66623  1.72447  0.551661  
1.24235  1.05562  1.24235  1.05562  
2.05206  0.0695756  0.937732  1.66623  
1.72447  0.551661  1.24235  1.05562  
1.93629  0.115422  1.1371  1.33896  
1.24235  1.05562  1.79319  0.376312  
1.35893  0.888544  1.36018  0.887798  
1.64187  0.735244  1.72447  0.551661  
1.1371  1.33896  2.05206  0.0695756  
1.86097  0.224776  1.64187  0.735244  
0.937732  1.66623  0.937732  1.66623  
1.79319  0.376312  1.93629  0.115422  
2.05206  0.0695756  1.86097  0.224776  
1.1371  1.33896  1.64187  0.735244  
1.79319  0.376312  0.937732  1.66623  
1.93629  0.115422  1.72447  0.551661  
0.937732  1.66623  1.1371  1.33896  
1.64187  0.735244  1.79319  0.376312  
1.72447  0.551661  2.05206  0.0695756  
1.24235  1.05562  1.24235  1.05562  
1.35893  0.888544  1.93629  0.115422  
2.05206  0.0695756  1.35893  0.888544  
1.86097  0.224776  1.79319  0.376312  
1.93629  0.115422  1.35893  0.888544  
1.72447  0.551661  1.86097  0.224776  
2.05206  0.0695756  1.24235  1.05562  
0.937732  1.66623  1.79319  0.376312  
1.1371  1.33896  1.72447  0.551661  
1.86097  0.224776  1.64187  0.735244  
1.79319  0.376312  1.1371  1.33896  
1.35893  0.888544  1.93629  0.115422  
1.64187  0.735244  2.05206  0.0695756  
1.24235  1.05562  0.937732  1.66623  
1.35893  0.888544  1.24235  1.05562  
0.937732  1.66623  1.86097  0.224776  
1.1371  1.33896  2.05206  0.0695756  
1.79319  0.376312  1.79319  0.376312  
1.72447  0.551661  0.937732  1.66623  
1.86097  0.224776  2.05206  0.0695756  
1.93629  0.115422  1.35893  0.888544  
1.64187  0.735244  1.64187  0.735244  
2.05206  0.0695756  1.1371  1.33896  
1.24235  1.05562  1.72447  0.551661  
1.86097  0.224776  1.24235  1.05562  
1.24235  1.05562  2.05206  0.0695756  
1.79319  0.376312  1.1371  1.33896  
1.1371  1.33896  1.86097  0.224776  
1.35893  0.888544  1.64187  0.735244  
1.93629  0.115422  1.79319  0.376312  
1.64187  0.735244  0.937732  1.66623  
2.05206  0.0695756  1.35893  0.888544  
0.937732  1.66623  1.72447  0.551661  
1.72447  0.551661  1.93629  0.115422  
1.86097  0.224776  1.79319  0.376312  
0.937732  1.66623  2.05189  0.0695789  
1.24235  1.05562  1.35893  0.888544  
1.64187  0.735244  1.86097  0.224776  
1.35893  0.888544  1.64187  0.735244  
1.79319  0.376312  0.937732  1.66623  
1.72447  0.551661  1.24235  1.05562  
2.05206  0.0695756  1.72447  0.551661  
1.93629  0.115422  1.1371  1.33896  
1.1371  1.33896  1.93629  0.115422  
1.64187  0.735244  0.937732  1.66623  
1.1371  1.33896  1.93629  0.115423  
1.35892  0.888548  1.79319  0.376312  
0.937732  1.66623  1.35892  0.888548  
1.93629  0.115423  1.24235  1.05562  
1.24235  1.05562  2.05206  0.0695756  
1.72447  0.551661  1.64187  0.735244  
1.86097  0.224776  1.72447  0.551661  
2.05206  0.0695756  1.86097  0.224776  
1.79319  0.376312  1.1371  1.33896  
1.93629  0.115423  0.937732  1.66623  
1.35892  0.888548  1.35892  0.888548  
1.1371  1.33896  1.72447  0.551661  
1.86097  0.224776  1.86097  0.224776  
1.72447  0.551661  1.1371  1.33896  
2.05206  0.0695756  1.79319  0.376312  
0.937732  1.66623  2.05206  0.0695756  
1.24235  1.05562  1.93629  0.115423  
1.64187  0.735244  1.24235  1.05562  
1.79319  0.376312  1.64187  0.735244  
0.937732  1.66623  1.24235  1.05562  
1.64187  0.735244  1.86097  0.224776  
1.35892  0.888548  2.05206  0.0695756  
1.72447  0.551661  1.79319  0.376312  
1.1371  1.33896  1.1371  1.33896  
1.93629  0.115423  1.93629  0.115423  
1.24235  1.05562  1.72447  0.551661  
1.79319  0.376312  0.937732  1.66623  
1.86097  0.224776  1.64187  0.735244  
2.05206  0.0695756  1.35892  0.888548  
2.05206  0.0695756  1.14418  1.31887  
1.35892  0.888548  2.05206  0.0695756  
1.79319  0.376312  1.72447  0.551661  
1.72447  0.551661  0.937732  1.66623  
1.86097  0.224776  1.79319  0.376312  
1.93629  0.115423  1.35892  0.888548  
0.937732  1.66623  1.93629  0.115423  
1.24235  1.05562  1.87339  0.201904  
1.64187  0.735244  1.24235  1.05562  
1.1371  1.33896  1.64187  0.735244  
1.24235  1.05562  1.79319  0.376312  
1.79319  0.376312  1.86097  0.224776  
1.86097  0.224776  0.937732  1.66623  
1.35892  0.888548  1.35892  0.888548  
0.937732  1.66623  1.64187  0.735244  
1.72447  0.551661  2.05206  0.0695756  
1.1371  1.33896  1.24235  1.05562  
2.05206  0.0695756  1.1371  1.33896  
1.93629  0.115423  1.93105  0.120703  
1.64187  0.735244  1.72447  0.551661  
1.86097  0.224776  1.79319  0.376312  
1.72447  0.551661  1.1371  1.33896  
0.937732  1.66623  1.72447  0.551661  
1.64187  0.735244  1.21912  1.11155  
1.1371  1.33896  1.35892  0.888548  
1.24235  1.05562  1.86097  0.224776  
1.35892  0.888548  2.05206  0.0695756  
1.93629  0.115423  0.937732  1.66623  
2.05206  0.0695756  2.03415  0.0703932  
1.79319  0.376312  1.93629  0.115423  
1.24235  1.05562  1.72447  0.551661  
1.35892  0.888548  2.05206  0.0695756  
1.79319  0.376312  1.35892  0.888548  
1.1371  1.33896  1.64187  0.735244  
1.93629  0.115423  1.93629  0.115423  
0.937732  1.66623  1.79319  0.376312  
1.72447  0.551661  1.24235  1.05562  
2.05206  0.0695756  1.1371  1.33896  
1.64187  0.735244  1.86097  0.224776  
1.86097  0.224776  0.937732  1.66623  
1.64187  0.735244  1.56506  0.836626  
1.93629  0.115423  0.937732  1.66623  
2.05206  0.0695756  1.64187  0.735244  
1.72447  0.551661  1.1371  1.33896  
1.86097  0.224776  1.24235  1.05562  
1.1371  1.33896  1.86097  0.224776  
1.24235  1.05562  2.05206  0.0695756  
1.35892  0.888548  1.93629  0.115423  
0.937732  1.66623  1.72447  0.551661  
1.79319  0.376312  1.79319  0.376312  
1.1371  1.33896  2.05206  0.0695756  
0.937732  1.66623  0.937732  1.66623  
1.64187  0.735244  1.1371  1.33896  
1.24235  1.05562  1.35892  0.888548  
1.35892  0.888548  1.93629  0.115423  
2.05206  0.0695756  1.72447  0.551661  
1.86097  0.224776  2.04206  0.0698991  
1.72447  0.551661  1.24235  1.05562  
1.93629  0.115423  1.86097  0.224776  
1.79319  0.376312  1.64187  0.735244  
0.937732  1.66623  1.77704  0.416978  
1.86097  0.224776  1.86097  0.224776  
1.93629  0.115423  1.24235  1.05562  
2.05206  0.0695756  1.93629  0.115423  
1.35892  0.888548  1.35892  0.888548  
1.72447  0.551661  1.64187  0.735244  
1.1371  1.33896  1.79319  0.376312  
1.64187  0.735244  0.948984  1.66314  
1.79319  0.376312  2.05206  0.0695756  
1.24235  1.05562  1.72447  0.551661  
0.937732  1.66623  1.24235  1.05562  
1.72447  0.551661  1.64187  0.735244  
2.05206  0.0695756  2.05206  0.0695756  
1.64187  0.735244  1.93629  0.115423  
1.1371  1.33896  1.79319  0.376312  
1.86097  0.224776  1.86097  0.224776  
1.35892  0.888548  0.937732  1.66623  
1.79319  0.376312  1.35892  0.888548  
1.24235  1.05562  1.72447  0.551661  
1.93629  0.115423  1.1371  1.33896  
1.93629  0.115423  0.937732  1.66623  
1.64187  0.735244  1.35892  0.888548  
1.72447  0.551661  2.05206  0.0695756  
0.937732  1.66623  1.64187  0.735244  
1.79319  0.376312  1.86097  0.224776  
2.05206  0.0695756  1.93629  0.115423  
1.35892  0.888548  1.72447  0.551661  
1.86097  0.224776  1.1371  1.33896  
1.24235  1.05562  1.79319  0.376312  
1.1371  1.33896  1.24235  1.05562  
0.937732  1.66623  1.1371  1.33896  
1.93629  0.115423  0.937732  1.66623  
1.86097  0.224776  2.05206  0.0695756  
2.05206  0.0695756  1.86097  0.224776  
1.1371  1.33896  1.24235  1.05562  
1.35892  0.888548  1.72447  0.551661  
1.24235  1.05562  1.64187  0.735244  
1.79319  0.376312  1.35892  0.888548  
1.64187  0.735244  1.93629  0.115423  
1.72447  0.551661  1.79319  0.376312  
1.86097  0.224776  1.35892  0.888548  
0.937732  1.66623  1.93629  0.115423  
1.79319  0.376312  1.1371  1.33896  
1.93629  0.115423  1.72447  0.551661  
1.24235  1.05562  1.79319  0.376312  
2.05206  0.0695756  1.24235  1.05562  
1.64187  0.735244  2.05206  0.0695756  
1.35892  0.888548  0.937732  1.66623  
1.1371  1.33896  1.64187  0.735244  
1.72447  0.551661  1.86097  0.224776  
1.64187  0.735244  1.73041  0.536653  
1.35892  0.888548  1.93629  0.115423  
1.72447  0.551661  2.05206  0.0695756  
0.937732  1.66623  0.937732  1.66623  
2.05206  0.0695756  1.86097  0.224776  
1.93629  0.115423  1.35892  0.888548  
1.79319  0.376312  1.79319  0.376312  
1.86097  0.224776  1.64187  0.735244  
1.24235  1.05562  1.1371  1.33896  
1.1371  1.33896  1.24235  1.05562  
1.35892  0.888548  1.1371  1.33896  
1.93629  0.115423  1.64187  0.735244  
1.1371  1.33896  1.34388  0.899074  
1.86097  0.224776  1.86097  0.224776  
1.72447  0.551661  2.05206  0.0695756  
1.79319  0.376312  0.937732  1.66623  
1.24235  1.05562  1.79319  0.376312  
2.05206  0.0695756  1.24235  1.05562  
0.937732  1.66623  1.93629  0.115423  
1.64187  0.735244  1.72447  0.551661  
1.72447  0.551661  2.05206  0.0695756  
1.1371  1.33896  1.72447  0.551661  
1.86097  0.224776  1.24235  1.05562  
0.937732  1.66623  1.79319  0.376312  
1.35892  0.888548  1.86097  0.224776  
1.93629  0.115423  1.93629  0.115423  
1.64187  0.735244  1.1371  1.33896  
1.24235  1.05562  0.937732  1.66623  
1.79319  0.376312  1.64187  0.735244  
2.05206  0.0695756  1.35892  0.888548  
1.1371  1.33896  2.05206  0.0695756  
1.24235  1.05562  1.86097  0.224776  
1.35892  0.888548  1.1371  1.33896  
1.72447  0.551661  1.72447  0.551661  
0.937732  1.66623  1.93629  0.115423  
2.05206  0.0695756  1.24235  1.05562  
1.79319  0.376312  1.66923  0.681293  
1.86097  0.224776  0.937732  1.66623  
1.93629  0.115423  1.79319  0.376312  
1.64187  0.735244  1.35892  0.888548  
1.79319  0.376312  1.64187  0.735244  
2.05206  0.0695756  0.937732  1.66623  
1.1371  1.33896  1.35892  0.888548  
1.64187  0.735244  1.93629  0.115423  
0.937732  1.66623  1.72447  0.551661  
1.86097  0.224776  1.86097  0.224776  
1.24235  1.05562  1.79319  0.376312  
1.35892  0.888548  1.24235  1.05562  
1.93629  0.115423  1.1371  1.33896  
1.72447  0.551661  2.05206  0.0695756  
1.79319  0.376312  1.24235  1.05562  
1.35892  0.888548  0.937732  1.66623  
1.24235  1.05562  1.93629  0.115423  
1.72447  0.551661  1.72447  0.551661  
0.937732  1.66623  1.1371  1.33896  
1.64187  0.735244  1.79319  0.376312  
1.86097  0.224776  1.35892  0.888548  
1.1371  1.33896  2.05206  0.0695756  
1.93629  0.115423  1.86097  0.224776  
2.05206  0.0695756  1.64187  0.735244  
