0.488289  1.04105  0.92996  0.566658  
0.682346  0.863975  1.17281  0.208699  
0.407895  1.10342  0.351357  1.07128  
0.297247  1.16242  0.691591  0.892046  
1.11789  0.290155  0.287453  1.11946  
0.78253  0.778578  0.829897  0.691988  
1.19839  0.180149  0.287823  1.18481  
0.860467  0.705671  0.282285  1.12153  
0.466532  1.02691  0.325563  1.11682  
0.725493  0.921438  0.386975  1.07554  
0.366939  1.11577  1.06222  0.425485  
0.405357  1.10281  0.883777  0.657938  
0.748982  0.802973  0.561433  1.04508  
0.644928  0.944577  0.596292  0.991374  
0.407192  1.11361  0.912285  0.65538  
0.776416  0.679414  0.824832  0.684309  
0.35996  1.11678  0.229151  1.14715  
0.799244  0.805996  0.491687  1.05817  
1.12944  0.273277  1.03235  0.4013  
0.759507  0.822765  0.44216  1.08513  
0.582821  0.991929  0.833131  0.715739  
0.528592  1.08839  1.00909  0.46584  
0.738297  0.881643  0.325205  1.18245  
0.867277  0.681224  1.06683  0.406059  
0.788672  0.768268  0.653738  0.90431  
1.13662  0.298782  0.38918  1.13985  
0.821094  0.692285  0.670573  0.910593  
0.373732  1.08827  0.674598  0.871658  
0.743725  0.852672  0.77044  0.770967  
0.490646  1.03576  0.767927  0.84435  
0.925521  0.606341  0.708884  0.848349  
0.486368  1.03907  1.08845  0.292822  
0.611925  0.980009  0.169247  1.15287  
0.511806  1.10356  1.13452  0.288043  
0.581752  1.02194  1.07573  0.377185  
0.485593  1.08272  0.491513  1.03664  
1.05285  0.424599  1.16574  0.215214  
0.98272  0.4356  0.558076  1.02659  
0.679732  0.905599  0.187894  1.21025  
0.54037  1.02462  0.760794  0.828612  
0.443667  1.1034  0.685492  0.905694  
0.919886  0.66673  0.746262  0.812267  
0.941745  0.581899  0.376217  1.1148  
1.13919  0.270247  0.381929  1.13624  
0.551769  1.03099  0.787983  0.77566  
0.201929  1.16298  0.760673  0.833625  
0.986444  0.46756  0.991847  0.484476  
0.360765  1.14025  0.611209  0.990655  
0.292364  1.19219  0.581857  1.02027  
0.925975  0.576549  0.575402  1.01797  
0.379673  1.12394  0.958236  0.400829  
0.91493  0.694176  1.11837  0.303113  
0.969358  0.515303  1.13342  0.295611  
0.695003  0.900038  0.559753  0.99854  
0.851468  0.698787  0.562043  1.01071  
0.704602  0.842138  1.00305  0.440711  
0.477116  1.04964  0.79864  0.749608  
0.363525  1.15164  0.458673  1.12986  
0.353551  1.12513  0.742582  0.880405  
0.194161  1.18366  1.05208  0.423023  
0.85493  0.734384  0.480064  1.04617  
0.870076  0.685859  0.640868  0.909818  
0.513553  1.0345  0.986411  0.538974  
0.800531  0.785965  0.937041  0.59126  
1.05173  0.420212  0.23067  1.17887  
0.687443  0.868757  0.915273  0.567013  
0.768851  0.773752  0.165125  1.16742  
1.061  0.392672  1.00028  0.462929  
0.97419  0.641025  0.599618  0.970065  
1.05382  0.457162  0.450264  1.10616  
0.260932  1.153  0.801583  0.781263  
0.450326  1.12342  0.229823  1.13248  
1.11831  0.204937  0.297602  1.18584  
1.13708  0.248207  0.537672  1.02661  
0.727054  0.835589  0.3809  1.14794  
0.527376  1.02134  0.572192  1.0523  
0.321171  1.14696  0.486342  1.04434  
0.263548  1.16955  0.526149  1.03106  
0.823991  0.760755  0.758229  0.798055  
0.824479  0.728525  0.529938  1.06171  
0.173205  1.15854  0.992026  0.589993  
0.798247  0.810898  1.02304  0.456318  
0.437425  1.07163  1.12875  0.266994  
0.370929  1.1251  0.961919  0.485574  
1.05544  0.324411  0.163454  1.15353  
0.973585  0.523236  0.487398  1.06814  
0.451995  1.06251  0.361325  1.16102  
0.685423  0.911174  0.456831  1.09152  
0.638185  0.96324  0.971817  0.53829  
0.434908  1.12803  0.842452  0.684748  
1.07317  0.378332  0.322288  1.13599  
0.192161  1.1804  0.62054  1.01582  
0.297693  1.16657  0.971401  0.589191  
0.928218  0.531517  1.16709  0.210746  
0.728601  0.838044  1.19252  0.160525  
0.237626  1.1552  0.601664  1.00662  
0.53504  1.07347  0.732304  0.778123  
1.06378  0.390064  0.584806  0.987524  
0.993981  0.571498  0.844002  0.758622  
0.486804  1.07954  0.844878  0.690445  
0.865369  0.258266  0.834089  0.309628  
0.280018  0.923661  0.669389  0.555458  
0.741788  0.456417  0.280018  0.923661  
0.574036  0.674504  0.574036  0.674504  
0.98807  0.0283814  0.98807  0.0283814  
0.834089  0.309628  0.865369  0.258266  
0.669389  0.555458  0.741788  0.456417  
0.954924  0.0941341  0.954924  0.0941341  
0.00597676  1.00139  0.4561  0.79699  
0.4561  0.79699  0.00597676  1.00139  
0.741788  0.456417  0.00597676  1.00139  
0.669389  0.555458  0.865369  0.258266  
0.00597676  1.00139  0.954924  0.0941341  
0.834089  0.309628  0.834089  0.309628  
0.954924  0.0941341  0.741788  0.456417  
0.4561  0.79699  0.280018  0.923661  
0.98807  0.0283814  0.579056  0.674504  
0.574036  0.674504  0.98807  0.0283814  
0.865369  0.258266  0.4561  0.79699  
0.280018  0.923661  0.669389  0.555458  
0.98807  0.0283814  0.574036  0.674504  
0.865369  0.258266  0.741788  0.456417  
0.280018  0.923661  0.865369  0.258266  
0.574036  0.674504  0.98807  0.0283814  
0.834089  0.309628  0.669389  0.555458  
0.4561  0.79699  0.834089  0.309628  
0.669389  0.555458  0.954924  0.0941341  
0.00597676  1.00139  0.280018  0.923661  
0.741788  0.456417  0.0229654  1.00139  
0.954924  0.0941341  0.4561  0.79699  
0.954924  0.0941341  0.954924  0.0941341  
0.280018  0.923661  0.00597676  1.00139  
0.741788  0.456417  0.280018  0.923661  
0.98807  0.0283814  0.4561  0.79699  
0.834089  0.309628  0.741788  0.456417  
0.4561  0.79699  0.98807  0.0283814  
0.574036  0.674504  0.865369  0.258266  
0.00597676  1.00139  0.574036  0.674504  
0.669389  0.555458  0.834089  0.312552  
0.865369  0.258266  0.669389  0.555458  
0.669389  0.555458  0.4561  0.79699  
0.741788  0.456417  0.954924  0.0941341  
0.98807  0.0283814  0.280018  0.923661  
0.574036  0.674504  0.669389  0.555458  
0.865369  0.258266  0.00597676  1.00139  
0.280018  0.923661  0.574036  0.674504  
0.00597676  1.00139  0.851203  0.309628  
0.4561  0.79699  0.741788  0.456417  
0.834089  0.309628  0.865369  0.258266  
0.954924  0.0941341  0.98807  0.0283814  
0.834089  0.309628  0.741788  0.456417  
0.00597676  1.00139  0.669389  0.555458  
0.4561  0.79699  0.4561  0.79699  
0.280018  0.923661  0.280018  0.923661  
0.865369  0.258266  0.00597676  1.00139  
0.954924  0.0941341  0.834089  0.309628  
0.574036  0.674504  0.865369  0.258266  
0.98807  0.0283814  0.574036  0.674504  
0.741788  0.456417  0.98807  0.0283814  
0.669389  0.555458  0.954924  0.0941341  
0.741788  0.456417  0.741788  0.456417  
0.669389  0.555458  0.834089  0.309628  
0.954924  0.0941341  0.98807  0.0408914  
0.834089  0.309628  0.4561  0.79699  
0.00597676  1.00139  0.669389  0.555458  
0.280018  0.923661  0.954924  0.0941341  
0.98807  0.0283814  0.574036  0.674504  
0.4561  0.79699  0.280018  0.923661  
0.574036  0.674504  0.865369  0.258266  
0.865369  0.258266  0.00597676  1.00139  
0.865369  0.258266  0.98807  0.0283814  
0.4561  0.79699  0.4561  0.79699  
0.834089  0.309628  0.574036  0.674504  
0.954924  0.0941341  0.00597676  1.00139  
0.574036  0.674504  0.741788  0.456417  
0.669389  0.555458  0.280018  0.923661  
0.280018  0.923661  0.834089  0.309628  
0.00597676  1.00139  0.954924  0.0941341  
0.98807  0.0283814  0.865369  0.258266  
0.741788  0.456417  0.669389  0.573934  
0.834089  0.309628  0.741788  0.456417  
0.280018  0.923661  0.954924  0.0941341  
0.00597676  1.00139  0.865369  0.258266  
0.669389  0.555458  0.00597676  1.00139  
0.4561  0.79699  0.287958  0.923661  
0.865369  0.258266  0.834089  0.309628  
0.574036  0.674504  0.4561  0.79699  
0.954924  0.0941341  0.669389  0.555458  
0.741788  0.456417  0.574036  0.674504  
0.98807  0.0283814  0.98807  0.0283814  
0.280018  0.923661  0.669389  0.555458  
0.741788  0.456417  0.280018  0.923661  
0.954924  0.0941341  0.4561  0.79699  
0.00597676  1.00139  0.574036  0.674504  
0.574036  0.674504  0.954924  0.0941341  
0.4561  0.79699  0.98807  0.0283814  
0.98807  0.0283814  0.741788  0.456417  
0.669389  0.555458  0.00597676  1.00139  
0.865369  0.258266  0.882398  0.258266  
0.834089  0.309628  0.834089  0.309628  
0.669283  0.555412  0.95477  0.0938113  
0.279935  0.92338  0.741685  0.472872  
0.95477  0.0938113  0.573962  0.67432  
0.00597676  1.00125  0.669283  0.555412  
0.455898  0.79667  0.865268  0.257882  
0.741685  0.456012  0.279935  0.92338  
0.833938  0.309561  0.833938  0.309561  
0.987891  0.0283814  0.00597676  1.00125  
0.865268  0.257882  0.455898  0.79667  
0.573962  0.67432  0.987891  0.0283814  
0.833938  0.309561  0.00597676  1.00125  
0.00597676  1.00125  0.279935  0.92338  
0.865268  0.257882  0.987891  0.0283814  
0.987891  0.0283814  0.455898  0.79667  
0.95477  0.0938113  0.853192  0.309561  
0.741685  0.456012  0.669283  0.555412  
0.279935  0.92338  0.741685  0.456012  
0.573962  0.67432  0.865268  0.257882  
0.669283  0.555412  0.95477  0.0938113  
0.455898  0.79667  0.573962  0.67432  
0.865268  0.257882  0.987891  0.0283814  
0.00597676  1.00125  0.279935  0.92338  
0.455898  0.79667  0.669283  0.555412  
0.833938  0.309561  0.0195846  1.00125  
0.669283  0.555412  0.573962  0.67432  
0.741685  0.456012  0.95477  0.0938113  
0.279935  0.92338  0.833938  0.309561  
0.987891  0.0283814  0.455898  0.79667  
0.573962  0.67432  0.741685  0.456012  
0.95477  0.0938113  0.865268  0.257882  
0.865268  0.257882  0.95477  0.0938113  
0.833938  0.309561  0.987891  0.0283814  
0.669283  0.555412  0.00597676  1.00125  
0.987891  0.0283814  0.865268  0.257882  
0.00597676  1.00125  0.279935  0.92338  
0.455898  0.79667  0.455898  0.79667  
0.95477  0.0938113  0.573962  0.67432  
0.279935  0.92338  0.669283  0.555412  
0.741685  0.456012  0.741685  0.456012  
0.573962  0.67432  0.833938  0.309561  
0.669283  0.555412  0.865268  0.257882  
0.279935  0.92338  0.987891  0.0283814  
0.987891  0.0283814  0.573962  0.67432  
0.00597676  1.00125  0.95477  0.0938113  
0.741685  0.456012  0.00597676  1.00125  
0.833938  0.309561  0.279935  0.92338  
0.573962  0.67432  0.455898  0.79667  
0.95477  0.0938113  0.669283  0.555412  
0.865268  0.257882  0.761121  0.456012  
0.455898  0.79667  0.833938  0.309561  
0.279935  0.92338  0.741685  0.456012  
0.833938  0.309561  0.573962  0.67432  
0.865268  0.257882  0.865268  0.257882  
0.95477  0.0938113  0.987891  0.0283814  
0.455898  0.79667  0.84698  0.309561  
0.573962  0.67432  0.455898  0.79667  
0.741685  0.456012  0.279935  0.92338  
0.00597676  1.00125  0.669283  0.555412  
0.669283  0.555412  0.00597676  1.00125  
0.987891  0.0283814  0.95477  0.0938113  
0.865268  0.257882  0.455898  0.79667  
0.95477  0.0938113  0.833938  0.309561  
0.00597676  1.00125  0.573962  0.67432  
0.669283  0.555412  0.95477  0.0938113  
0.455898  0.79667  0.865268  0.257882  
0.741685  0.456012  0.742607  0.456012  
0.987891  0.0283814  0.987891  0.0283814  
0.573962  0.67432  0.279935  0.92338  
0.833938  0.309561  0.00597676  1.00125  
0.279935  0.92338  0.669283  0.555412  
0.669283  0.555412  0.741685  0.456012  
0.573962  0.67432  0.279935  0.92338  
0.987891  0.0283814  0.987891  0.0283814  
0.833938  0.309561  0.865268  0.265019  
0.00597676  1.00125  0.95477  0.0938113  
0.95477  0.0938113  0.669283  0.555412  
0.865268  0.257882  0.00597676  1.00125  
0.741685  0.456012  0.455898  0.79667  
0.455898  0.79667  0.573962  0.67432  
0.279935  0.92338  0.833938  0.309561  
0.741685  0.456012  0.987891  0.0283814  
0.00597676  1.00125  0.00597676  1.00125  
0.95477  0.0938113  0.279935  0.92338  
0.833938  0.309561  0.833938  0.309561  
0.987891  0.0283814  0.455898  0.79667  
0.279935  0.92338  0.865268  0.257882  
0.455898  0.79667  0.669283  0.555412  
0.865268  0.257882  0.593786  0.67432  
0.573962  0.67432  0.741685  0.456012  
0.669283  0.555412  0.95477  0.0938113  
0.669283  0.555412  0.669283  0.555412  
0.865268  0.257882  0.987891  0.0283814  
0.455898  0.79667  0.865268  0.257882  
0.279935  0.92338  0.279935  0.92338  
0.573962  0.67432  0.573962  0.67432  
0.987891  0.0283814  0.95477  0.0938113  
0.95477  0.0938113  0.00597676  1.00125  
0.741685  0.456012  0.741685  0.456012  
0.833938  0.309561  0.833938  0.309561  
0.00597676  1.00125  0.455898  0.79667  
0.279935  0.92338  0.865188  0.257882  
0.741685  0.455952  0.688663  0.555412  
0.573962  0.674301  0.95477  0.0937128  
0.95477  0.0937128  0.00597676  1.00125  
0.987891  0.0283814  0.573962  0.674301  
0.00597676  1.00125  0.279935  0.92338  
0.455886  0.796639  0.833938  0.309526  
0.865188  0.257882  0.741685  0.455952  
0.669283  0.555412  0.987891  0.0283814  
0.833938  0.309526  0.455886  0.796639  
0.95477  0.0937128  0.741685  0.455952  
0.573962  0.674301  0.669283  0.555412  
0.741685  0.455952  0.279935  0.92338  
0.865188  0.257882  0.573962  0.674301  
0.00597676  1.00125  0.00597676  1.00125  
0.987891  0.0283814  0.865188  0.257882  
0.455886  0.796639  0.95477  0.0937128  
0.669283  0.555412  0.833938  0.309526  
0.833938  0.309526  0.455886  0.796639  
0.279935  0.92338  1.00698  0.0283814  
0.833938  0.309526  0.00597676  1.00125  
0.279935  0.92338  0.455886  0.796639  
0.573962  0.674301  0.753382  0.455952  
0.865188  0.257882  0.279935  0.92338  
0.741685  0.455952  0.865188  0.257882  
0.669283  0.555412  0.95477  0.0937128  
0.455886  0.796639  0.573962  0.674301  
0.00597676  1.00125  0.987891  0.0283814  
0.95477  0.0937128  0.669283  0.555412  
0.987891  0.0283814  0.833938  0.309526  
0.455886  0.796639  0.741685  0.47209  
0.865188  0.257882  0.833938  0.309526  
0.987891  0.0283814  0.573962  0.674301  
0.95477  0.0937128  0.865188  0.257882  
0.833938  0.309526  0.987891  0.0283814  
0.741685  0.455952  0.00597676  1.00125  
0.573962  0.674301  0.455886  0.796639  
0.279935  0.92338  0.95477  0.0937128  
0.669283  0.555412  0.279935  0.92338  
0.00597676  1.00125  0.669283  0.555412  
0.573962  0.674301  0.865188  0.257882  
0.455886  0.796639  0.833938  0.309526  
0.279935  0.92338  0.760906  0.455952  
0.833938  0.309526  0.987891  0.0283814  
0.741685  0.455952  0.669283  0.555412  
0.00597676  1.00125  0.279935  0.92338  
0.865188  0.257882  0.95477  0.0937128  
0.669283  0.555412  0.455886  0.796639  
0.987891  0.0283814  0.00597676  1.00125  
0.95477  0.0937128  0.573962  0.674301  
0.455886  0.796639  0.741685  0.455952  
0.573962  0.674301  0.00597676  1.00125  
0.987891  0.0283814  0.95477  0.0937128  
0.741685  0.455952  0.573962  0.674301  
0.833938  0.309526  0.865188  0.257882  
0.865188  0.257882  0.279935  0.92338  
0.279935  0.92338  0.669283  0.555412  
0.95477  0.0937128  0.455886  0.809371  
0.00597676  1.00125  0.987891  0.0283814  
0.669283  0.555412  0.833938  0.309526  
0.95477  0.0937128  0.95477  0.0937128  
0.279935  0.92338  0.741685  0.455952  
0.833938  0.309526  0.573962  0.674301  
0.573962  0.674301  0.455886  0.796639  
0.741685  0.455952  0.00597676  1.00125  
0.865188  0.257882  0.669283  0.555412  
0.987891  0.0283814  0.833938  0.309526  
0.669283  0.555412  0.987891  0.0283814  
0.00597676  1.00125  0.279935  0.92338  
0.455886  0.796639  0.865188  0.257882  
0.741685  0.455952  0.279935  0.92338  
0.95477  0.0937128  0.833938  0.309526  
0.279935  0.92338  0.669283  0.555412  
0.987891  0.0283814  0.865188  0.257882  
0.865188  0.257882  0.455886  0.814728  
0.573962  0.674301  0.741685  0.455952  
0.669283  0.555412  0.00597676  1.00125  
0.455886  0.796639  0.987891  0.0283814  
0.00597676  1.00125  0.95477  0.0937128  
0.833938  0.309526  0.573962  0.674301  
0.95477  0.0937128  0.279935  0.92338  
0.669283  0.555412  0.865188  0.257882  
0.573962  0.674301  0.741685  0.455952  
0.00597676  1.00125  0.455886  0.796639  
0.279935  0.92338  0.987891  0.0419012  
0.833938  0.309526  0.95477  0.0937128  
0.865188  0.257882  0.573962  0.674301  
0.455886  0.796639  0.00597676  1.00125  
0.741685  0.455952  0.669283  0.555412  
0.987891  0.0283814  0.833938  0.309526  
0.279935  0.92338  0.00597676  1.00125  
0.455886  0.796639  0.573962  0.674301  
0.00597676  1.00125  0.865188  0.257882  
0.833938  0.309526  0.669283  0.555412  
0.669283  0.555412  0.741685  0.455952  
0.573962  0.674301  0.95477  0.0937128  
0.741685  0.455952  0.833938  0.309526  
0.865188  0.257882  0.279935  0.92338  
0.987891  0.0283814  0.987891  0.0283814  
0.95477  0.0937128  0.455886  0.796639  
0.987891  0.0283718  0.761044  0.455952  
0.833938  0.309526  0.865188  0.257882  
0.741685  0.455952  0.987891  0.0283718  
0.279935  0.923373  0.00597676  1.00125  
0.669283  0.555412  0.573962  0.674301  
0.573962  0.674301  0.833938  0.309526  
0.95477  0.0937128  0.95477  0.0937128  
0.00597676  1.00125  0.279935  0.923373  
0.455886  0.796639  0.455886  0.796639  
0.865188  0.257882  0.669283  0.555412  
0.865188  0.257882  0.865188  0.257882  
0.669283  0.555412  0.573962  0.674301  
0.455886  0.796639  0.455886  0.796639  
0.987891  0.0283718  0.669283  0.555412  
0.00597676  1.00125  0.00597676  1.00125  
0.279935  0.923373  0.833938  0.309526  
0.741685  0.455952  1.00737  0.0283718  
0.95477  0.0937128  0.279935  0.923373  
0.573962  0.674301  0.95477  0.0937128  
0.833938  0.309526  0.741685  0.455952  
0.95477  0.0937128  0.00597676  1.00125  
0.455886  0.796639  0.833938  0.315622  
0.741685  0.455952  0.573962  0.674301  
0.573962  0.674301  0.95477  0.0937128  
0.00597676  1.00125  0.741685  0.455952  
0.833938  0.309526  0.279935  0.923373  
0.279935  0.923373  0.669283  0.555412  
0.865188  0.257882  0.455886  0.796639  
0.669283  0.555412  0.865188  0.257882  
0.987891  0.0283718  0.987891  0.0283718  
0.455886  0.796639  0.833938  0.309526  
0.95477  0.0937128  0.279935  0.923373  
0.00597676  1.00125  0.455886  0.796639  
0.865188  0.257882  0.987891  0.0283718  
0.669283  0.555412  0.95477  0.0937128  
0.573962  0.674301  0.92744  0.743791  
0.987891  0.0283718  0.00597676  1.00125  
0.741685  0.455952  0.865188  0.257882  
0.833938  0.309526  0.669283  0.555412  
0.279935  0.923373  0.573962  0.674301  
0.865188  0.257882  0.865188  0.257882  
0.741685  0.455952  0.833938  0.309526  
0.95477  0.0937128  0.987891  0.0283718  
0.279935  0.923373  0.00597676  1.00125  
0.987891  0.0283718  0.741685  0.455952  
0.573962  0.674301  0.279935  0.923373  
0.455886  0.796639  0.573962  0.674301  
0.669283  0.555412  0.95477  0.0937128  
0.00597676  1.00125  0.669283  0.555412  
0.833938  0.309526  0.455886  0.796639  
0.279935  0.923373  0.865188  0.276436  
0.00597676  1.00125  0.95477  0.0937128  
0.669283  0.555412  0.455886  0.796639  
0.455886  0.796639  0.279935  0.923373  
0.987891  0.0283718  0.573962  0.674301  
0.95477  0.0937128  0.741685  0.455952  
0.573962  0.674301  0.833938  0.309526  
0.833938  0.309526  0.00597676  1.00125  
0.741685  0.455952  0.669283  0.555412  
0.865188  0.257882  0.987891  0.0283718  
0.865188  0.257882  0.741685  0.455952  
0.833938  0.309526  0.279935  0.923373  
0.987891  0.0283718  0.455886  0.796639  
0.573962  0.674301  0.962489  0.0937128  
0.95477  0.0937128  0.833938  0.309526  
0.00597676  1.00125  0.573962  0.674301  
0.455886  0.796639  0.00597676  1.00125  
0.741685  0.455952  0.987891  0.0283718  
0.279935  0.923373  0.669283  0.555412  
0.669283  0.555412  0.865188  0.257882  
0.865188  0.257882  0.865188  0.257882  
0.573962  0.674301  0.833938  0.309526  
0.833938  0.309526  0.573962  0.674301  
0.987891  0.0283718  0.00597676  1.00125  
0.669283  0.555412  0.95477  0.0937128  
0.455886  0.796639  0.741685  0.455952  
0.95477  0.0937128  0.279935  0.941641  
0.741685  0.455952  0.669283  0.555412  
0.00597676  1.00125  0.455886  0.796639  
0.279935  0.923373  0.987891  0.0283718  
0.741685  0.455952  0.279935  0.940834  
0.573962  0.674301  0.00597676  1.00125  
0.00597676  1.00125  0.833938  0.309526  
0.669283  0.555412  0.95477  0.0937128  
0.455886  0.796639  0.455886  0.796639  
0.95477  0.0937128  0.741685  0.455952  
0.279935  0.923373  0.865188  0.257882  
0.987891  0.0283718  0.573962  0.674301  
0.833938  0.309526  0.987891  0.0283718  
0.865188  0.257882  0.669283  0.555412  
0.669283  0.555412  0.865188  0.257882  
0.833938  0.309526  0.00597676  1.00125  
0.95477  0.0937128  0.573962  0.674301  
0.573962  0.674301  0.669283  0.555412  
0.279935  0.923373  0.741685  0.455952  
0.987891  0.0283718  0.820938  0.735033  
0.00597676  1.00125  0.455886  0.796639  
0.865188  0.257882  0.95477  0.0937128  
0.741685  0.455952  0.279935  0.923373  
0.455886  0.796639  0.987891  0.0283718  
0.00597676  1.00125  0.455886  0.796639  
0.833938  0.309526  0.741685  0.455952  
0.573962  0.674301  0.95477  0.0937128  
0.455886  0.796639  0.833938  0.309526  
0.669283  0.555412  0.987891  0.0283718  
0.279935  0.923373  0.00597676  1.00125  
0.741685  0.455952  0.669283  0.555412  
0.987891  0.0283718  0.299653  0.923373  
0.865188  0.257882  0.573962  0.674301  
0.95477  0.0937128  0.865188  0.257882  
0.279935  0.923373  0.95477  0.0937128  
0.669283  0.555412  0.00597676  1.00922  
0.95477  0.0937128  0.987891  0.0283718  
0.833938  0.309526  0.573962  0.674301  
0.987891  0.0283718  0.455886  0.796639  
0.573962  0.674301  0.865188  0.257882  
0.741685  0.455952  0.279935  0.923373  
0.455886  0.796639  0.741685  0.455952  
0.865188  0.257882  0.833938  0.309526  
0.00597676  1.00125  0.669283  0.555412  
0.669283  0.555412  0.741685  0.455952  
0.987891  0.0283718  0.95477  0.0937128  
0.865188  0.257882  0.00597676  1.00125  
0.573962  0.674301  0.669283  0.555412  
0.95477  0.0937128  0.833938  0.309526  
0.279935  0.923373  0.865188  0.257882  
0.00597676  1.00125  0.987891  0.0283718  
0.455886  0.796639  0.573962  0.674301  
0.741685  0.455952  0.461409  0.796639  
0.833938  0.309526  0.279935  0.923373  
0.00597676  1.00125  0.987891  0.0283718  
0.669283  0.555412  0.95477  0.0937128  
0.833938  0.309526  0.669283  0.555412  
0.865188  0.257882  0.279935  0.923373  
0.455886  0.796639  0.741685  0.455952  
0.279935  0.923373  0.592129  0.674301  
0.987891  0.0283718  0.865188  0.257882  
0.573962  0.674301  0.455886  0.796639  
0.95477  0.0937128  0.833938  0.309526  
0.741685  0.455952  0.00597676  1.00125  
0.741685  0.455952  0.455886  0.796639  
0.573962  0.674301  0.833938  0.309526  
0.00597676  1.00125  0.95477  0.0937128  
0.669283  0.555412  0.669283  0.564667  
0.455886  0.796639  0.573962  0.674301  
0.95477  0.0937128  0.865188  0.257882  
0.279935  0.923373  0.741685  0.455952  
0.987891  0.0283718  0.00597676  1.00125  
0.833938  0.309526  0.279935  0.923373  
0.865188  0.257882  0.987891  0.0283718  
0.833938  0.309526  0.669283  0.555412  
0.669283  0.555412  0.865188  0.257882  
0.95477  0.0937128  0.00597676  1.00125  
0.573962  0.674301  0.987891  0.0283718  
0.865188  0.257882  0.573962  0.674301  
0.987891  0.0283718  0.741685  0.455952  
0.00597676  1.00125  0.455886  0.796639  
0.279935  0.923373  0.833938  0.309526  
0.455886  0.796639  0.296237  0.923373  
0.741685  0.455952  0.95477  0.0937128  
0.95477  0.0937128  0.833938  0.309526  
0.00597676  1.00125  0.741685  0.455952  
0.833938  0.309526  0.47304  0.796639  
0.865188  0.257882  0.987891  0.0283718  
0.741685  0.455952  0.95477  0.0937128  
0.455886  0.796639  0.865188  0.257882  
0.573962  0.674301  0.00597676  1.00125  
0.669283  0.555412  0.669283  0.555412  
0.987891  0.0283718  0.573962  0.674301  
0.279935  0.923373  0.279935  0.923373  
0.00597676  1.00125  0.00597676  1.00125  
0.987891  0.0283718  0.741685  0.455952  
0.279935  0.923373  0.865188  0.257882  
0.573962  0.674301  0.573962  0.674301  
0.669283  0.555412  0.95477  0.0937128  
0.833938  0.309526  0.669283  0.555412  
0.741685  0.455952  0.833938  0.327648  
0.455886  0.796639  0.279935  0.923373  
0.95477  0.0937128  0.987891  0.0283718  
0.865188  0.257882  0.455886  0.796639  
0.455886  0.796639  1.00594  0.0283718  
0.95477  0.0937128  0.455886  0.796639  
0.00597676  1.00125  0.279935  0.923373  
0.865188  0.257882  0.865188  0.257882  
0.669283  0.555412  0.741685  0.455952  
0.573962  0.674301  0.669283  0.555412  
0.987891  0.0283718  0.95477  0.0937128  
0.741685  0.455952  0.573962  0.674301  
0.833938  0.309526  0.00597676  1.00125  
0.279935  0.923373  0.833938  0.309526  
0.573962  0.674301  0.865188  0.257882  
0.455886  0.796639  0.754309  0.455952  
0.669283  0.555412  0.95477  0.0937128  
0.279935  0.923373  0.00597676  1.00125  
0.833938  0.309526  0.987891  0.0283718  
0.00597676  1.00125  0.455886  0.796639  
0.865188  0.257882  0.669283  0.555412  
0.741685  0.455952  0.279935  0.923373  
0.987891  0.0283718  0.573962  0.674301  
0.95477  0.0937128  0.833938  0.309526  
