1.32054  0.828348  0.842307  0.381961  0.711235  1.84111  
0.0867758  0.097966  2.07412  0.500653  0.399658  1.62892  
0.651379  1.2789  1.07585  0.763212  1.27111  0.506908  
0.536656  0.231699  1.91795  0.797537  1.94766  0.645544  
0.141006  0.285199  1.97843  0.0923383  0.0691195  1.6685  
0.0156718  0.0279531  2.06044  1.03145  0.564889  1.48865  
0.417485  0.708506  1.7481  1.26808  0.845134  0.8646  
1.18825  1.01363  0.564153  0.329839  0.230667  1.85503  
0.828108  1.84356  0.822495  0.851436  0.699843  1.77405  
1.345  0.690921  0.799306  0.684626  0.691855  0.999127  
1.92218  1.07635  0.564202  1.13467  0.726432  1.57711  
0.263627  0.334373  1.30209  0.357006  0.183125  1.73882  
0.665241  1.23121  1.38262  1.56382  1.17826  0.812724  
0.972014  1.20534  1.07211  1.5061  0.859241  0.684314  
0.908314  0.341699  2.25067  1.50156  1.07132  1.4941  
0.123131  0.0692403  1.80939  1.1176  0.647376  1.36583  
0.382162  0.393896  1.45068  1.33822  0.868161  0.709277  
1.11543  1.6475  0.282077  0.929231  0.616858  1.08121  
0.294891  0.400276  2.03109  0.449362  0.585026  1.8092  
1.2559  1.64613  0.140405  0.344819  0.481402  1.50217  
1.12329  0.762583  0.0363779  0.676691  0.703434  1.45621  
0.898589  1.31932  0.453251  0.878378  0.975699  1.09688  
0.943832  1.41145  0.350242  1.05772  0.557987  1.39289  
0.766616  0.356184  1.79556  1.14447  0.965416  0.918851  
0.680252  0.615727  1.67957  0.902283  1.53827  1.41233  
0.137677  0.307806  1.89718  1.35378  0.798629  1.23361  
0.632484  1.49042  1.35048  0.287172  0.304248  1.7905  
1.47581  1.19923  0.0807405  0.886116  0.571281  1.22777  
0.689363  0.500742  1.77805  0.931636  1.76192  0.0817548  
1.12053  1.01902  0.5157  1.45623  0.984212  0.999259  
0.664656  0.281822  1.84079  0.74971  1.21131  1.00997  
1.09187  0.786955  0.261248  0.0752694  0.0539376  1.88726  
0.585041  1.05602  1.234  1.33884  1.45125  1.16838  
0.662028  0.657047  1.59255  1.22214  0.574347  1.18842  
0.610968  0.745788  1.31976  0.968153  1.43867  0.498749  
0.512815  0.224998  1.99657  0.843026  0.674855  1.53211  
0.295712  0.536416  1.91031  0.828191  1.36412  1.84381  
0.32499  0.50117  1.24769  0.848768  1.50857  0.669246  
1.40126  1.13771  0.0872855  0.276394  0.309779  2.0118  
0.907403  1.56563  0.416549  0.442279  0.27175  1.85947  
0.36025  0.904234  2.22219  0.959413  1.4343  0.989539  
1.03522  0.778495  1.72656  0.141821  0.32777  1.948  
0.295852  0.156004  1.67538  0.0806408  0.0891728  1.73267  
1.03157  0.749151  1.28518  0.865062  0.73258  1.69965  
1.17526  1.1275  0.0395323  0.635614  1.02315  1.85289  
1.78662  1.00635  0.392842  0.805096  0.547905  1.59086  
0.102992  0.0697274  2.13197  1.36973  1.20582  1.60738  
0.332971  0.693856  1.86347  1.08123  0.621267  1.33176  
0.230125  0.488064  1.77116  1.79727  0.884881  0.516727  
0.216717  0.134932  1.76062  0.87477  0.906649  1.0392  
0.678528  1.14069  0.804579  0.0358589  0.0274402  1.70956  
1.50682  1.5474  0.0250755  0.918139  1.92567  0.0252843  
2.11446  0.985484  0.0333353  0.686198  0.367823  1.57384  
0.162587  0.272183  1.50388  0.84615  1.73002  1.41977  
0.747828  0.755182  1.32025  0.99452  0.969021  0.926334  
0.405567  0.36802  1.43837  1.03795  0.974835  1.59816  
0.513257  0.249644  1.78645  0.6425  0.76933  1.92206  
0.0876415  0.172951  2.11815  0.313169  0.222959  2.11475  
0.658488  1.04431  1.35831  1.87562  1.14091  0.00112862  
0.528408  0.885846  1.42352  1.06545  0.864404  1.49324  
0.322572  0.283008  1.78608  0.277952  0.229159  1.75565  
0.821809  0.767018  1.715  0.928031  1.34924  0.764934  
0.871972  0.923696  1.73659  0.9665  1.24339  0.715046  
0.559457  0.29847  1.69754  1.14599  1.17516  0.449007  
0.741801  1.29963  1.3729  0.526701  0.703984  1.46053  
1.02629  1.5994  0.250563  0.0894052  0.153432  1.8749  
0.0116262  0.0175645  1.74954  0.155967  0.0889536  1.98651  
1.70722  1.40405  0.240761  1.36347  1.38878  0.326247  
0.641741  1.26852  1.09646  1.06805  1.50775  0.0838928  
0.118608  0.162837  2.05588  1.14772  1.02963  0.529477  
1.86157  0.763403  1.70606  0.776407  0.509005  2.04238  
0.9901  1.20993  0.80755  1.42453  1.38635  0.699595  
1.37485  1.34397  0.141855  1.48024  1.28328  0.0496038  
1.91838  0.859346  0.204896  1.0555  1.14227  0.556762  
1.60338  1.39126  0.0379651  1.00368  1.12256  1.39957  
0.355095  0.620667  1.38337  0.799837  1.05153  0.916034  
0.099322  0.10313  1.41186  0.31432  0.378015  1.71721  
1.38798  1.3809  0.415598  0.462173  1.07717  1.82145  
0.749408  1.41844  0.474166  1.05837  0.773784  1.06245  
0.74269  0.517859  1.65009  0.973497  1.14505  0.117424  
1.27546  0.995626  0.962029  0.0081356  0.00838939  1.80599  
0.173875  0.309369  1.55016  0.842579  0.800729  1.04155  
1.32515  1.48652  0.972911  1.58638  1.05967  0.431109  
0.858568  1.00545  1.21864  1.20568  0.642771  1.19768  
0.727087  0.573254  1.54696  0.315  0.669674  1.67282  
0.86276  0.531762  1.59534  0.907078  1.6153  0.309005  
1.14891  0.788556  1.46401  1.45784  1.13209  0.294934  
0.796532  0.723788  0.65617  0.0830883  0.181358  1.83847  
0.398897  0.740834  1.78618  0.907486  0.828991  1.3728  
0.0905933  0.0751062  1.72301  0.653705  0.424214  1.42882  
0.406412  0.712064  2.1211  1.04713  1.42659  1.32117  
1.19183  0.925846  0.487835  1.51205  1.14298  0.261758  
1.4255  0.890724  0.97333  1.00366  0.914314  0.903858  
1.51437  0.822994  0.261237  0.943443  1.85295  0.0783466  
0.20145  0.214753  2.18399  0.233474  0.132784  1.82127  
1.77283  0.780794  0.613463  0.82577  0.865436  1.65141  
0.0941949  0.125596  1.95946  0.666098  0.764001  1.50666  
0.221604  0.181276  1.81758  0.014865  0.0300474  1.80676  
0.386315  0.499832  1.81565  1.26386  0.820732  1.02452  
0.977409  1.60369  0.576299  0.825203  0.76981  1.91179  
0.438425  0.457683  1.67192  1.41711  0.754502  0.243133  
0.879448  0.988132  0.863506  0.791957  0.465524  1.45741  
0.829742  0.830935  1.36317  0.829742  0.830935  1.36317  
1.41711  0.754502  0.243133  0.0865249  0.0841268  1.56159  
0.647502  0.536026  1.12174  0.879448  0.988132  0.863506  
0.0310125  0.05051  1.76724  0.438425  0.457683  1.67192  
0.404414  0.40551  1.30607  0.647502  0.536026  1.12174  
1.3591  1.14255  0.188759  0.404414  0.40551  1.30607  
0.791957  0.465524  1.45741  0.0310125  0.05051  1.76724  
0.0865249  0.0841268  1.56159  1.3591  1.14255  0.188759  
0.594965  0.502327  1.46085  1.12596  1.52073  0.00115843  
0.00304355  0.00463378  1.92388  0.93326  0.727304  0.223275  
1.05895  0.587358  1.1526  0.00304355  0.00463378  1.92388  
1.12596  1.52073  0.00115843  0.594965  0.502327  1.46085  
0.712089  0.473304  1.12701  0.404809  0.576417  1.89431  
0.777857  0.718886  1.37881  0.712089  0.473304  1.12701  
0.404809  0.576417  1.89431  0.880513  1.35768  0.439023  
1.11081  1.03565  0.615068  1.05895  0.587358  1.1526  
0.93326  0.727304  0.223275  1.11081  1.03565  0.615068  
0.880513  1.35768  0.439023  0.777857  0.718886  1.37881  
0.103033  0.0895337  1.54964  0.103033  0.0895337  1.54964  
1.20466  1.10268  0.0259401  0.679923  0.7219  1.48874  
1.10846  1.07825  0.618898  1.20466  1.10268  0.0259401  
0.642808  0.982132  0.911071  0.483392  0.537816  1.65984  
0.759807  0.446253  1.23396  1.10846  1.07825  0.618898  
0.483392  0.537816  1.65984  0.642808  0.982132  0.911071  
1.20346  0.927527  1.23806  1.24627  1.10254  0.096932  
0.679923  0.7219  1.48874  1.11362  0.875684  1.15434  
0.847739  1.28019  0.327566  0.759807  0.446253  1.23396  
1.24627  1.10254  0.096932  0.847739  1.28019  0.327566  
0.569937  1.21956  1.24398  0.65009  0.380522  1.4501  
0.0129669  0.0137671  1.62999  0.799577  0.644958  1.7095  
1.03966  0.661265  1.41442  1.03966  0.661265  1.41442  
1.06003  1.38696  0.400226  0.0129669  0.0137671  1.62999  
0.417217  0.297657  1.87484  0.529356  0.713832  1.32556  
1.37675  1.11081  0.0529344  1.06003  1.38696  0.400226  
1.23109  1.07086  0.323538  0.569937  1.21956  1.24398  
0.76741  0.624251  1.64621  1.23109  1.07086  0.323538  
0.65009  0.380522  1.4501  1.37675  1.11081  0.0529344  
0.529356  0.713832  1.32556  0.417217  0.297657  1.87484  
1.67506  0.988413  0.712953  0.870214  1.25612  0.736022  
0.870214  1.25612  0.736022  1.67506  0.988413  0.712953  
0.542581  1.405  1.62131  1.60728  1.09588  0.416462  
0.868495  0.844101  1.67529  0.0208753  0.0123233  1.79066  
0.87663  0.457794  1.52119  0.965331  1.67212  1.25735  
0.0208753  0.0123233  1.79066  0.785108  0.947648  1.36762  
0.965331  1.67212  1.25735  0.87663  0.457794  1.52119  
1.60728  1.09588  0.416462  0.868495  0.844101  1.67529  
0.785108  0.947648  1.36762  0.542581  1.405  1.62131  
1.52168  1.46635  0.0207616  1.54007  1.48348  0.0210085  
0.699851  0.748343  1.89767  1.13724  0.879104  1.65389  
1.19771  1.89533  0.342639  0.0446622  0.055066  2.10345  
1.16862  0.836947  1.65389  1.06528  1.16241  1.40463  
1.26003  1.29188  0.551222  0.354794  0.249945  1.95556  
1.06528  1.16241  1.40463  1.12288  0.612769  1.66176  
0.0446622  0.055066  2.10345  1.51197  1.38895  0.395811  
1.12288  0.612769  1.66176  1.26003  1.29188  0.551222  
1.51197  1.38895  0.395811  1.19771  1.89533  0.342639  
1.69126  1.20768  0.440358  0.699851  0.748343  1.89767  
0.354794  0.249945  1.95556  1.69126  1.20768  0.440358  
0.707107  0.707108  0.000488876  0.19214  0.19214  0.962375  
0.639722  0.639723  0.426046  0.000121267  0.000121268  1  
0.66674  0.666741  0.333044  0.484758  0.484756  0.728029  
0.301288  0.301289  0.904685  0.66674  0.666741  0.333044  
0.000121267  0.000121268  1  0.408283  0.408284  0.816463  
0.577328  0.577327  0.577398  0.639722  0.639723  0.426046  
0.484758  0.484756  0.728029  0.707107  0.707108  0.000488876  
0.52963  0.529631  0.66256  0.534942  0.546078  0.676206  
0.408283  0.408284  0.816463  0.577328  0.577327  0.577398  
0.19214  0.19214  0.962375  0.301288  0.301289  0.904685  
0.0153608  0.00884542  1.7016  0.0153608  0.00884542  1.7016  
0.339156  0.182171  1.82798  0.73222  0.453232  1.22921  
0.73222  0.453232  1.22921  1.68749  0.775668  0.257004  
0.938569  1.47941  0.291216  0.329955  0.177567  1.5783  
0.329955  0.177567  1.5783  0.812119  1.34894  0.845427  
0.812119  1.34894  0.845427  0.938569  1.47941  0.291216  
1.54714  0.772877  0.323179  1.65058  1.21822  0.0739368  
1.65058  1.21822  0.0739368  0.339156  0.182171  1.82798  
1.61227  0.920757  0.139962  1.61227  0.920757  0.139962  
1.68749  0.775668  0.257004  1.54714  0.772877  0.323179  
0.328177  0.268296  2.06611  1.09312  0.779537  1.26358  
0.249631  0.234817  1.95592  1.27601  0.915828  0.315255  
1.51348  0.891899  0.524317  0.249631  0.234817  1.95592  
0.771507  0.817326  1.36517  0.871773  0.574118  1.7114  
0.871773  0.574118  1.7114  0.771507  0.817326  1.36517  
1.09312  0.779537  1.26358  0.0383085  0.0465297  2.02358  
1.27601  0.915828  0.315255  1.56346  0.992665  0.754491  
0.950236  1.404  0.769732  0.950236  1.404  0.769732  
0.0383085  0.0465297  2.02358  0.328177  0.268296  2.06611  
1.56346  0.992665  0.754491  1.51348  0.891899  0.524317  
1.25379  1.0192  1.33143  1.08511  0.964828  0.986702  
0.616567  0.40543  1.7852  0.612499  0.591739  1.62154  
0.656754  1.38482  1.35516  0.616567  0.40543  1.7852  
0.54534  0.356289  1.77286  1.25379  1.0192  1.33143  
0.687438  0.516207  1.54995  0.876629  0.947122  1.33795  
0.876629  0.947122  1.33795  0.656754  1.38482  1.35516  
0.897776  0.719193  1.49678  1.4601  1.03918  0.772287  
1.4601  1.03918  0.772287  0.897776  0.719193  1.49678  
1.08511  0.964828  0.986702  0.687438  0.516207  1.54995  
0.612499  0.591739  1.62154  0.54534  0.356289  1.77286  
1.16044  1.32667  0.305093  1.35402  0.883515  0.203044  
0.604277  0.576714  1.28747  0.070996  0.111237  1.72686  
0.678663  0.604143  1.28122  0.791048  1.36372  0.153881  
1.62332  0.774965  0.449757  0.0749893  0.103471  1.67432  
0.325367  0.336301  1.28726  0.891613  0.543537  1.28494  
0.0849782  0.194918  1.92139  0.142326  0.186054  1.70238  
0.875132  1.12497  0.386425  0.683785  0.725438  1.16649  
0.957416  1.34312  0.370888  1.34421  1.09313  0.100896  
1.02048  1.60877  0.556273  1.28253  1.34259  0.315349  
0.632037  0.98262  1.06027  1.12571  1.28189  0.195743  
0.370313  0.445393  1.57073  1.62332  0.774965  0.449757  
1.48858  1.03059  0.609557  0.678663  0.604143  1.28122  
0.97848  1.27909  1.17577  0.632037  0.98262  1.06027  
0.525438  0.542645  1.75874  0.875132  1.12497  0.386425  
1.47051  0.922453  0.564497  0.957416  1.34312  0.370888  
0.98331  1.52407  0.637405  1.16044  1.32667  0.305093  
0.912822  0.685389  1.07225  0.325367  0.336301  1.28726  
0.68605  0.412617  1.49734  0.604277  0.576714  1.28747  
0.780256  0.912081  1.41903  1.02048  1.60877  0.556273  
1.53419  0.662743  1.09367  0.0851683  0.201491  1.97665  
1.27698  0.950164  0.454862  0.525438  0.542645  1.75874  
0.396512  0.589227  1.44694  1.48858  1.03059  0.609557  
0.673848  0.680083  1.29403  0.68605  0.412617  1.49734  
0.741304  0.57591  1.50108  1.47051  0.922453  0.564497  
0.430486  0.82752  1.51747  0.912822  0.685389  1.07225  
1.1148  1.20263  1.19381  0.370313  0.445393  1.57073  
0.938462  1.44266  0.147978  0.98331  1.52407  0.637405  
0.909735  0.609485  1.63202  0.780256  0.912081  1.41903  
1.42938  0.66465  0.968389  0.97848  1.27909  1.17577  
0.649811  0.952414  0.985618  1.53419  0.662743  1.09367  
1.42565  0.724619  1.33489  1.3376  0.939335  0.446635  
1.10562  1.05843  0.328135  0.0139531  0.0122062  1.72533  
0.424167  0.220355  1.84483  0.979611  0.829631  0.930054  
0.749288  1.00731  1.32892  1.18399  0.867247  0.776551  
0.485955  0.733829  1.21931  1.05617  1.25928  0.0418106  
0.62034  0.954174  1.32666  1.18701  1.27269  0.350801  
1.12966  0.583961  1.05153  0.990732  0.918627  0.770057  
0.785193  1.36209  1.21748  0.655563  0.965164  0.701391  
1.33588  0.963991  0.450909  0.651965  0.865853  1.23022  
0.704081  0.879794  1.19088  0.37136  0.226078  1.65815  
0.734751  0.861929  0.0354763  0.396512  0.589227  1.44694  
0.00346556  0.00380046  1.07226  0.430486  0.82752  1.51747  
1.0167  0.675209  0.707609  0.909735  0.609485  1.63202  
0.133424  0.0879834  1.66179  0.673848  0.680083  1.29403  
0.715568  0.841334  0.398508  0.938462  1.44266  0.147978  
0.303801  0.357259  1.11371  1.27698  0.950164  0.454862  
0.0701702  0.0733679  1.0354  0.649811  0.952414  0.985618  
0.417564  0.450638  0.889536  1.07649  1.15812  1.15109  
0.627922  0.68498  0.513509  1.42938  0.66465  0.968389  
0.824311  0.524649  1.33197  0.741304  0.57591  1.50108  
0.000121267  0.000121267  1  0.744329  0.91965  0.0370589  
0.529938  0.529938  0.662066  0.133424  0.0879834  1.66179  
0.301525  0.301525  0.904525  0.824311  0.524649  1.33197  
0.639424  0.639423  0.426938  0.0701702  0.0733679  1.0354  
0.192468  0.192467  0.962244  0.715568  0.841334  0.398508  
0.707107  0.707107  6.86631e-05  0.417564  0.450638  0.889536  
0.485022  0.485022  0.727673  0.303801  0.357259  1.11371  
0.408283  0.408283  0.816462  1.0167  0.675209  0.707609  
0.666728  0.666728  0.333089  0.627922  0.68498  0.513509  
0.577327  0.577327  0.577397  0.00346556  0.00380046  1.07226  
1.05617  1.25928  0.0418106  0.192468  0.192467  0.962244  
0.0137778  0.0120791  1.70527  0.485022  0.485022  0.727673  
1.18701  1.27269  0.350801  0.666728  0.666728  0.333089  
1.18399  0.867247  0.776551  0.301525  0.301525  0.904525  
0.979611  0.829631  0.930054  0.707107  0.707107  6.86631e-05  
0.990732  0.918627  0.770057  0.577327  0.577327  0.577397  
0.37136  0.226078  1.65815  0.529938  0.529938  0.662066  
1.3376  0.939335  0.446635  0.000121267  0.000121267  1  
0.655563  0.965164  0.701391  0.639424  0.639423  0.426938  
0.651965  0.865853  1.23022  0.506396  0.418309  0.928773  
0.783624  0.430962  1.33224  0.62034  0.954174  1.32666  
1.14816  0.835697  0.501147  0.704081  0.879794  1.19088  
0.302612  0.281554  1.59435  1.12966  0.583961  1.05153  
0.468427  0.264891  1.60851  1.45953  0.731024  1.36254  
0.857309  1.23142  0.454783  1.10562  1.05843  0.328135  
1.04564  1.14596  0.167482  0.749288  1.00731  1.32892  
0.104053  0.0945317  1.51369  0.424167  0.220355  1.84483  
0.989423  1.00878  0.638154  0.485955  0.733829  1.21931  
0.704654  0.382794  1.53347  0.785193  1.36209  1.21748  
0.792507  1.40375  0.421629  1.33588  0.963991  0.450909  
1.34421  1.09313  0.100896  1.04564  1.14596  0.167482  
0.070996  0.111237  1.72686  0.792507  1.40375  0.421629  
0.683785  0.725438  1.16649  0.468427  0.264891  1.60851  
0.0749893  0.103471  1.67432  0.704654  0.382794  1.53347  
1.12571  1.28189  0.195743  0.302612  0.281554  1.59435  
1.35402  0.883515  0.203044  1.14816  0.835697  0.501147  
0.142326  0.186054  1.70238  0.783624  0.430962  1.33224  
0.891613  0.543537  1.28494  0.857309  1.23142  0.454783  
1.28253  1.34259  0.315349  0.989423  1.00878  0.638154  
0.788196  1.33734  0.151518  0.0983255  0.0902164  1.43681  
0.276083  0.211669  1.74086  0.374327  0.630454  1.39738  
1.07119  0.744079  1.39042  0.0429479  0.0319923  1.61369  
0.185162  0.141576  1.81326  0.181746  0.139737  1.78347  
0.0429479  0.0319923  1.61369  0.0189913  0.0267391  1.95046  
0.934016  0.506061  1.59994  0.839942  0.732693  0.944801  
0.941254  0.925497  0.939664  0.934016  0.506061  1.59994  
0.0189913  0.0267391  1.95046  1.07119  0.744079  1.39042  
0.839942  0.732693  0.944801  0.941254  0.925497  0.939664  
0.374327  0.630454  1.39738  0.276083  0.211669  1.74086  
0.599536  0.785606  1.1989  0.599536  0.785606  1.1989  
1.46805  1.50732  0.53502  1.3916  0.794871  0.20231  
0.340375  0.324864  1.23368  0.0885852  0.127588  1.53498  
0.763019  0.516489  1.18829  1.46805  1.50732  0.53502  
0.589488  0.480735  1.09948  0.841812  0.934269  0.178171  
0.845846  0.940951  0.179257  0.763019  0.516489  1.18829  
0.0885852  0.127588  1.53498  0.875194  0.624979  0.898447  
0.373823  0.534467  1.11544  0.373823  0.534467  1.11544  
0.467995  0.455684  1.31015  0.340375  0.324864  1.23368  
0.875194  0.624979  0.898447  0.467995  0.455684  1.31015  
1.3916  0.794871  0.20231  0.589488  0.480735  1.09948  
1.27617  0.729244  0.430646  0.433825  0.629994  1.0611  
1.03125  0.864979  0.499762  0.0541897  0.0602176  1.27173  
0.348358  0.427178  1.10559  0.714331  0.510284  0.937975  
0.0541897  0.0602176  1.27173  1.03125  0.864979  0.499762  
0.433825  0.629994  1.0611  1.27617  0.729244  0.430646  
0.743544  0.650521  0.759896  0.348358  0.427178  1.10559  
1.12259  0.784361  0.661689  0.743544  0.650521  0.759896  
0.953068  0.680828  0.527816  1.12259  0.784361  0.661689  
0.848473  0.834865  0.417084  0.435675  0.629785  1.0606  
0.435675  0.629785  1.0606  0.848473  0.834865  0.417084  
0.867876  0.649845  0.741951  0.92099  0.691676  0.648131  
0.464569  0.493787  1.25453  0.817979  0.933149  0.401073  
1.06544  0.790238  0.251988  1.06544  0.790238  0.251988  
0.92099  0.691676  0.648131  0.174816  0.107394  1.41359  
0.507114  0.397119  1.19468  0.867876  0.649845  0.741951  
0.174816  0.107394  1.41359  0.0754776  0.100304  1.28103  
0.753303  0.873742  0.170882  0.889244  0.634214  0.83651  
0.889244  0.634214  0.83651  0.753303  0.873742  0.170882  
0.817979  0.933149  0.401073  0.466844  0.496579  1.26118  
0.0754776  0.100304  1.28103  0.507114  0.397119  1.19468  
0.451618  0.236755  1.67866  0.124426  0.0839474  1.42709  
0.916437  1.01072  0.46209  0.915295  0.624883  1.05082  
0.245997  0.248949  1.27192  0.245997  0.248949  1.27192  
0.735047  0.523079  0.91815  1.1632  0.803684  0.011744  
0.124426  0.0839474  1.42709  0.735047  0.523079  0.91815  
0.996151  0.96273  0.629475  0.451618  0.236755  1.67866  
0.915295  0.624883  1.05082  0.751058  0.828329  0.908147  
0.574774  0.753886  0.753632  0.996151  0.96273  0.629475  
0.810813  0.807826  0.0285706  0.574774  0.753886  0.753632  
1.1632  0.803684  0.011744  0.810813  0.807826  0.0285706  
0.00124236  0.00111381  1.22595  0.718983  0.698874  0.185943  
0.718983  0.698874  0.185943  0.725868  0.792938  0.0164485  
0.628099  0.787508  0.823551  0.142838  0.137381  1.01375  
0.354383  0.358657  0.907957  0.651946  0.660229  0.396268  
0.610418  0.6021  0.533119  0.354383  0.358657  0.907957  
0.573017  0.500042  0.848132  0.610418  0.6021  0.533119  
0.725868  0.792938  0.0164485  0.00124236  0.00111381  1.22595  
0.581019  0.586053  0.582136  0.631068  0.796569  0.830861  
0.142838  0.137381  1.01375  0.581019  0.586053  0.582136  
0.651946  0.660229  0.396268  0.573017  0.500042  0.848132  
0.707107  0.707107  6.86631e-05  0.707107  0.707107  6.86631e-05  
0.000121267  0.000121267  1  0.192467  0.192467  0.962244  
0.485034  0.485034  0.727656  0.408283  0.408283  0.816462  
0.666651  0.666651  0.333395  0.529836  0.529836  0.662229  
0.529836  0.529836  0.662229  0.666651  0.666651  0.333395  
0.408283  0.408283  0.816462  0.577327  0.577327  0.577397  
0.639502  0.639502  0.426703  0.301525  0.301525  0.904525  
0.301525  0.301525  0.904525  0.000121267  0.000121267  1  
0.577327  0.577327  0.577397  0.5182  0.615736  0.853715  
0.192467  0.192467  0.962244  0.639502  0.639502  0.426703  
0.784988  0.765976  0.478005  0.0622499  0.0832951  1.39225  
0.692256  0.610183  0.805896  0.616414  0.550326  0.842135  
1.19384  0.91777  0.0489846  0.744136  0.865275  0.430748  
0.744136  0.865275  0.430748  1.19384  0.91777  0.0489846  
0.616414  0.550326  0.842135  0.000488828  0.000559836  1.11104  
0.0622499  0.0832951  1.39225  0.37003  0.52398  1.27489  
0.37003  0.52398  1.27489  0.10363  0.121142  1.39181  
0.109669  0.131792  1.49688  0.784988  0.765976  0.478005  
0.832224  0.625205  0.774319  0.832224  0.625205  0.774319  
0.000488828  0.000559836  1.11104  0.692256  0.610183  0.805896  
0.347157  0.278212  1.10919  0.702928  0.680795  0.558136  
0.200465  0.286616  1.3473  0.692688  0.732926  0.708355  
0.499133  0.652173  1.03401  0.347157  0.278212  1.10919  
0.748227  1.049  0.00160669  0.748227  1.049  0.00160669  
0.702928  0.680795  0.558136  0.0529981  0.0371121  1.31846  
0.0529981  0.0371121  1.31846  0.200465  0.286616  1.3473  
0.0935449  0.124749  1.2883  0.651341  0.59861  0.828427  
0.651341  0.59861  0.828427  0.7384  0.732514  0.860301  
0.692688  0.732926  0.708355  0.0935449  0.124749  1.2883  
0.775065  0.693604  0.860301  0.499133  0.652173  1.03401  
0.908063  0.816266  0.331931  0.908063  0.816266  0.331931  
0.632163  0.686102  0.964442  1.01963  0.835821  0.620077  
0.845125  1.14595  0.137809  0.833996  1.01684  0.234991  
1.16934  0.912492  0.69759  0.321687  0.308974  1.20436  
0.833996  1.01684  0.234991  0.632163  0.686102  0.964442  
0.515017  0.382205  1.17895  0.949656  0.868917  0.0295652  
0.949656  0.868917  0.0295652  0.845125  1.14595  0.137809  
0.321687  0.308974  1.20436  0.53754  0.522258  0.714759  
0.53754  0.522258  0.714759  0.0255322  0.0264408  1.14002  
0.0255322  0.0264408  1.14002  0.515017  0.382205  1.17895  
0.886339  0.736436  0.749861  0.930545  0.924855  0.340873  
0.032033  0.0394174  1.40977  0.886339  0.736436  0.749861  
0.768012  0.720011  0.68483  0.736243  0.948161  0.0333195  
0.720772  0.856457  0.681466  0.032033  0.0394174  1.40977  
0.375251  0.261929  1.33749  0.768012  0.720011  0.68483  
0.273133  0.370634  1.21821  0.813332  0.657207  1.05005  
0.736243  0.948161  0.0333195  0.720772  0.856457  0.681466  
0.167793  0.144833  1.44986  0.167793  0.144833  1.44986  
0.813332  0.657207  1.05005  0.273133  0.370634  1.21821  
0.930545  0.924855  0.340873  0.405534  0.268231  1.42106  
0.00970484  0.00872623  1.14013  0.649114  0.633619  0.532131  
0.72315  0.709464  0.144629  0.458359  0.492641  0.807084  
0.551458  0.575828  0.685614  0.809788  0.72391  0.114409  
0.427008  0.434831  0.816097  0.677988  0.823027  0.525354  
0.615699  0.619661  0.619505  1.09273  0.813757  0.105133  
0.484383  0.424551  0.935371  0.237621  0.190355  1.12293  
0.389736  0.344486  1.03913  0.237056  0.26307  1.01776  
0.00930344  0.00981279  1.06359  0.738355  0.663713  0.8141  
0.503296  0.486895  0.767874  0.214913  0.208257  1.28395  
0.236819  0.252284  1.08611  0.51092  0.525311  0.764127  
0.214913  0.208257  1.28395  0.00970484  0.00872623  1.14013  
0.51092  0.525311  0.764127  0.551458  0.575828  0.685614  
0.649114  0.633619  0.532131  0.72315  0.709464  0.144629  
0.237056  0.26307  1.01776  0.236819  0.252284  1.08611  
0.458359  0.492641  0.807084  0.00930344  0.00981279  1.06359  
0.738355  0.663713  0.8141  0.503296  0.486895  0.767874  
0.809788  0.72391  0.114409  0.615699  0.619661  0.619505  
0.677988  0.823027  0.525354  0.484383  0.424551  0.935371  
1.09273  0.813757  0.105133  0.427008  0.434831  0.816097  
0.237621  0.190355  1.12293  0.389736  0.344486  1.03913  
0.687557  0.68867  0.292984  0.716152  0.703729  0.15444  
0.540983  0.624176  0.740916  0.644795  0.649794  0.490957  
0.716152  0.703729  0.15444  0.687557  0.68867  0.292984  
0.601025  0.59581  0.569361  0.763849  0.768955  0.0143054  
0.801833  0.729788  0.117243  0.187344  0.207619  1.04446  
0.644795  0.649794  0.490957  0.801833  0.729788  0.117243  
0.315769  0.315518  0.897622  0.315769  0.315518  0.897622  
0.763849  0.768955  0.0143054  0.601025  0.59581  0.569361  
0.683038  0.649394  0.436453  0.683038  0.649394  0.436453  
0.187344  0.207619  1.04446  0.540983  0.624176  0.740916  
0.646126  0.699551  0.453414  0.145115  0.147972  1.0933  
0.0278821  0.027858  1.00373  0.330014  0.321352  0.929906  
0.7103  0.716669  0.0117234  0.0750402  0.0762244  1.03312  
0.304749  0.303439  0.977356  0.468555  0.484195  0.797192  
0.232334  0.227672  0.960075  0.637057  0.681188  0.510198  
0.58851  0.591126  0.558198  0.265314  0.244915  1.06577  
0.00752943  0.00650834  1.10669  0.471101  0.522586  0.904813  
0.672482  0.67254  0.31609  0.599873  0.637126  0.60864  
0.375204  0.374563  0.853269  0.604981  0.755384  0.782024  
0.492593  0.494944  0.721318  0.154919  0.173318  1.17574  
0.0929504  0.0938708  1.0368  0.349746  0.333622  0.932392  
0.833798  0.723408  0.0342132  0.126608  0.1266  0.983928  
0.612105  0.538797  0.720699  0.00202438  0.00202964  1.00175  
0.349746  0.333622  0.932392  0.612105  0.538797  0.720699  
0.00202438  0.00202964  1.00175  0.0947817  0.0961735  1.05976  
0.702168  0.740862  0.221704  0.833798  0.723408  0.0342132  
0.591499  0.591027  0.591335  0.702168  0.740862  0.221704  
0.126608  0.1266  0.983928  0.152661  0.172261  1.10103  
0.152661  0.172261  1.10103  0.591499  0.591027  0.591335  
0.594994  0.531367  0.724776  0.594994  0.531367  0.724776  
0.408283  0.408283  0.816462  0.646126  0.699551  0.453414  
0.666651  0.666651  0.333395  0.304749  0.303439  0.977356  
0.707107  0.707107  6.86631e-05  0.7103  0.716669  0.0117234  
0.301501  0.301501  0.904541  0.00752943  0.00650834  1.10669  
0.577327  0.577327  0.577397  0.232334  0.227672  0.960075  
0.000121267  0.000121267  1  0.672482  0.67254  0.31609  
0.485034  0.485034  0.727656  0.492593  0.494944  0.721318  
0.192467  0.192467  0.962244  0.375204  0.374563  0.853269  
0.529836  0.529836  0.662229  0.0278821  0.027858  1.00373  
0.639502  0.639502  0.426703  0.58851  0.591126  0.558198  
0.731006  0.623437  0.575669  0.192467  0.192467  0.962244  
0.0257946  0.0272563  1.18212  0.529836  0.529836  0.662229  
0.778865  0.712131  0.27555  0.485034  0.485034  0.727656  
0.525736  0.519718  0.752106  0.577327  0.577327  0.577397  
0.623475  0.633578  0.499161  0.666651  0.666651  0.333395  
0.446483  0.448083  0.80872  0.301501  0.301501  0.904541  
0.735295  0.748551  0.0713902  0.000121267  0.000121267  1  
0.298423  0.324463  1.00542  0.707107  0.707107  6.86631e-05  
0.631769  0.646076  0.72146  0.639502  0.639502  0.426703  
0.487491  0.481627  0.824279  0.408283  0.408283  0.816462  
0.679271  0.656806  0.462066  0.731006  0.623437  0.575669  
0.74248  0.714837  0.159262  0.623475  0.633578  0.499161  
0.721997  0.783537  0.0658318  0.298423  0.324463  1.00542  
0.309316  0.280941  0.988954  0.446483  0.448083  0.80872  
0.720494  0.71631  0.357424  0.778865  0.712131  0.27555  
0.851064  0.82034  0.337595  0.735295  0.748551  0.0713902  
0.854838  0.696685  0.360122  0.487491  0.481627  0.824279  
0.612002  0.602204  0.594979  0.631769  0.646076  0.72146  
0.159335  0.161229  0.99755  0.525736  0.519718  0.752106  
0.577108  0.598021  0.627333  0.0267711  0.0262979  1.18212  
0.333423  0.313842  1.18325  0.851064  0.82034  0.337595  
0.732951  0.622814  0.566106  0.686813  0.653174  0.656799  
0.535863  0.473271  1.03411  0.74248  0.714837  0.159262  
0.770446  0.586458  0.754676  0.577108  0.598021  0.627333  
0.229539  0.245828  1.0017  0.720494  0.71631  0.357424  
0.39835  0.323001  1.10887  0.309316  0.280941  0.988954  
0.531351  0.559773  0.689226  0.679271  0.656806  0.462066  
0.570979  0.538898  0.721017  0.159335  0.161229  0.99755  
0.13776  0.179653  1.24196  0.721997  0.783537  0.0658318  
0.0933917  0.0963095  1.16772  0.854838  0.696685  0.360122  
0.154919  0.173318  1.17574  0.570979  0.538898  0.721017  
0.265314  0.244915  1.06577  0.531351  0.559773  0.689226  
0.468555  0.484195  0.797192  0.770446  0.586458  0.754676  
0.145115  0.147972  1.0933  0.333423  0.313842  1.18325  
0.471101  0.522586  0.904813  0.13776  0.179653  1.24196  
0.604981  0.755384  0.782024  0.732951  0.622814  0.566106  
0.599873  0.637126  0.60864  0.0933917  0.0963095  1.16772  
0.330014  0.321352  0.929906  0.535863  0.473271  1.03411  
0.0750402  0.0762244  1.03312  0.229539  0.245828  1.0017  
0.637057  0.681188  0.510198  0.39835  0.323001  1.10887  
0.707107  0.707107  0.000147874  0.577327  0.577327  0.577397  
0.482293  0.482293  0.731292  0.482293  0.482293  0.731292  
0.408283  0.408283  0.816462  0.666684  0.666684  0.333262  
0.19243  0.19243  0.962259  0.639798  0.639798  0.425812  
0.301501  0.301501  0.904541  0.301501  0.301501  0.904541  
0.639798  0.639798  0.425812  0.19243  0.19243  0.962259  
9.64784e-05  9.64784e-05  1  9.64784e-05  9.64784e-05  1  
0.529836  0.529836  0.662229  0.707107  0.707107  0.000147874  
0.666684  0.666684  0.333262  0.408283  0.408283  0.816462  
0.577327  0.577327  0.577397  0.529836  0.529836  0.662229  
0.19243  0.19243  0.962259  0.408283  0.408283  0.816462  
0.577327  0.577327  0.577397  0.577327  0.577327  0.577397  
0.529836  0.529836  0.662229  0.529836  0.529836  0.662229  
0.707107  0.707107  0.000147874  0.707107  0.707107  0.000147874  
9.64784e-05  9.64784e-05  1  0.482293  0.482293  0.731292  
0.482293  0.482293  0.731292  0.301501  0.301501  0.904541  
0.408283  0.408283  0.816462  0.666684  0.666684  0.333262  
0.301501  0.301501  0.904541  0.639798  0.639798  0.425812  
0.639798  0.639798  0.425812  0.19243  0.19243  0.962259  
0.666684  0.666684  0.333262  9.64784e-05  9.64784e-05  1  
0.482293  0.482293  0.731292  0.301501  0.301501  0.904541  
0.639798  0.639798  0.425812  0.408283  0.408283  0.816462  
0.408283  0.408283  0.816462  0.19243  0.19243  0.962259  
9.64784e-05  9.64784e-05  1  0.639798  0.639798  0.425812  
0.529836  0.529836  0.662229  0.482293  0.482293  0.731292  
0.707107  0.707107  0.000147874  0.529836  0.529836  0.662229  
0.19243  0.19243  0.962259  0.707107  0.707107  0.000147874  
0.577327  0.577327  0.577397  9.64784e-05  9.64784e-05  1  
0.666684  0.666684  0.333262  0.666684  0.666684  0.333262  
0.301501  0.301501  0.904541  0.577327  0.577327  0.577397  
0.529836  0.529836  0.662229  0.301501  0.301501  0.904541  
0.666684  0.666684  0.333262  0.666684  0.666684  0.333262  
0.301501  0.301501  0.904541  9.64784e-05  9.64784e-05  1  
0.577327  0.577327  0.577397  0.482293  0.482293  0.731292  
0.482293  0.482293  0.731292  0.408283  0.408283  0.816462  
9.64784e-05  9.64784e-05  1  0.529836  0.529836  0.662229  
0.707107  0.707107  0.000147874  0.639798  0.639798  0.425812  
0.639798  0.639798  0.425812  0.707107  0.707107  0.000147874  
0.19243  0.19243  0.962259  0.577327  0.577327  0.577397  
0.408283  0.408283  0.816462  0.19243  0.19243  0.962259  
0.639798  0.639798  0.425812  0.408283  0.408283  0.816462  
0.19243  0.19243  0.962259  0.482293  0.482293  0.731292  
0.301501  0.301501  0.904541  0.529836  0.529836  0.662229  
0.577327  0.577327  0.577397  0.577327  0.577327  0.577397  
0.408283  0.408283  0.816462  0.19243  0.19243  0.962259  
0.529836  0.529836  0.662229  9.64784e-05  9.64784e-05  1  
0.666684  0.666684  0.333262  0.639798  0.639798  0.425812  
0.707107  0.707107  0.000147874  0.301501  0.301501  0.904541  
0.482293  0.482293  0.731292  0.666684  0.666684  0.333262  
9.64784e-05  9.64784e-05  1  0.707107  0.707107  0.000147874  
0.639798  0.639798  0.425812  0.529836  0.529836  0.662229  
0.19243  0.19243  0.962259  0.666684  0.666684  0.333262  
0.577327  0.577327  0.577397  0.19243  0.19243  0.962259  
0.666684  0.666684  0.333262  0.707107  0.707107  0.000147874  
0.482293  0.482293  0.731292  0.408283  0.408283  0.816462  
0.301501  0.301501  0.904541  0.482293  0.482293  0.731292  
0.408283  0.408283  0.816462  0.301501  0.301501  0.904541  
0.529836  0.529836  0.662229  0.577327  0.577327  0.577397  
0.707107  0.707107  0.000147874  9.64784e-05  9.64784e-05  1  
9.64784e-05  9.64784e-05  1  0.639798  0.639798  0.425812  
0.408283  0.408283  0.816462  0.482293  0.482293  0.731292  
0.577327  0.577327  0.577397  0.19243  0.19243  0.962259  
0.301501  0.301501  0.904541  0.639798  0.639798  0.425812  
0.482293  0.482293  0.731292  0.707107  0.707107  0.000147874  
0.707107  0.707107  0.000147874  0.301501  0.301501  0.904541  
9.64784e-05  9.64784e-05  1  0.666684  0.666684  0.333262  
0.19243  0.19243  0.962259  0.529836  0.529836  0.662229  
0.639798  0.639798  0.425812  0.577327  0.577327  0.577397  
0.666684  0.666684  0.333262  9.64784e-05  9.64784e-05  1  
0.529836  0.529836  0.662229  0.408283  0.408283  0.816462  
0.529836  0.529836  0.662229  0.666684  0.666684  0.333262  
0.19243  0.19243  0.962259  0.707107  0.707107  0.000147874  
0.707107  0.707107  0.000147874  0.639798  0.639798  0.425812  
9.64784e-05  9.64784e-05  1  0.19243  0.19243  0.962259  
0.666684  0.666684  0.333262  0.482293  0.482293  0.731292  
0.639798  0.639798  0.425812  0.301501  0.301501  0.904541  
0.482293  0.482293  0.731292  0.408283  0.408283  0.816462  
0.408283  0.408283  0.816462  0.529836  0.529836  0.662229  
0.577327  0.577327  0.577397  9.64784e-05  9.64784e-05  1  
0.301501  0.301501  0.904541  0.577327  0.577327  0.577397  
0.577327  0.577327  0.577397  0.577327  0.577327  0.577397  
9.64784e-05  9.64784e-05  1  0.19243  0.19243  0.962259  
0.19243  0.19243  0.962259  9.64784e-05  9.64784e-05  1  
0.301501  0.301501  0.904541  0.482293  0.482293  0.731292  
0.482293  0.482293  0.731292  0.408283  0.408283  0.816462  
0.666684  0.666684  0.333262  0.707107  0.707107  0.000147874  
0.529836  0.529836  0.662229  0.301501  0.301501  0.904541  
0.707107  0.707107  0.000147874  0.529836  0.529836  0.662229  
0.408283  0.408283  0.816462  0.639798  0.639798  0.425812  
0.639798  0.639798  0.425812  0.666684  0.666684  0.333262  
0.408283  0.408283  0.816462  0.666684  0.666684  0.333262  
0.19243  0.19243  0.962259  9.64784e-05  9.64784e-05  1  
0.577327  0.577327  0.577397  0.482293  0.482293  0.731292  
0.529836  0.529836  0.662229  0.408283  0.408283  0.816462  
0.639798  0.639798  0.425812  0.19243  0.19243  0.962259  
0.707107  0.707107  0.000147874  0.301501  0.301501  0.904541  
9.64784e-05  9.64784e-05  1  0.639798  0.639798  0.425812  
0.301501  0.301501  0.904541  0.577327  0.577327  0.577397  
0.482293  0.482293  0.731292  0.529836  0.529836  0.662229  
0.666684  0.666684  0.333262  0.707107  0.707107  0.000147874  
0.529836  0.529836  0.662229  0.577327  0.577327  0.577397  
0.482293  0.482293  0.731292  0.301501  0.301501  0.904541  
0.301501  0.301501  0.904541  0.666684  0.666684  0.333262  
9.64784e-05  9.64784e-05  1  9.64784e-05  9.64784e-05  1  
0.19243  0.19243  0.962259  0.482293  0.482293  0.731292  
0.666684  0.666684  0.333262  0.707107  0.707107  0.000147874  
0.707107  0.707107  0.000147874  0.19243  0.19243  0.962259  
0.577327  0.577327  0.577397  0.639441  0.639441  0.426883  
0.639441  0.639441  0.426883  0.408283  0.408283  0.816462  
0.408283  0.408283  0.816462  0.529836  0.529836  0.662229  
0.639441  0.639441  0.426883  0.639441  0.639441  0.426883  
9.64784e-05  9.64784e-05  1  0.482293  0.482293  0.731292  
0.707107  0.707107  0.000147874  0.301501  0.301501  0.904541  
0.482293  0.482293  0.731292  0.19243  0.19243  0.962259  
0.666684  0.666684  0.333262  0.577327  0.577327  0.577397  
0.577327  0.577327  0.577397  0.408283  0.408283  0.816462  
0.19243  0.19243  0.962259  9.64784e-05  9.64784e-05  1  
0.529836  0.529836  0.662229  0.707107  0.707107  0.000147874  
0.408283  0.408283  0.816462  0.666684  0.666684  0.333262  
0.301501  0.301501  0.904541  0.529836  0.529836  0.662229  
0.639441  0.639441  0.426883  0.301501  0.301501  0.904541  
0.707107  0.707107  0.000147874  0.482293  0.482293  0.731292  
0.482293  0.482293  0.731292  0.529836  0.529836  0.662229  
0.301501  0.301501  0.904541  9.64784e-05  9.64784e-05  1  
0.408283  0.408283  0.816462  0.408283  0.408283  0.816462  
0.19243  0.19243  0.962259  0.666684  0.666684  0.333262  
0.529836  0.529836  0.662229  0.707107  0.707107  0.000147874  
0.577327  0.577327  0.577397  0.19243  0.19243  0.962259  
0.666684  0.666684  0.333262  0.577327  0.577327  0.577397  
9.64784e-05  9.64784e-05  1  0.639441  0.639441  0.426883  
0.639441  0.639441  0.426883  0.577327  0.577327  0.577397  
0.408283  0.408283  0.816462  0.529836  0.529836  0.662229  
0.707107  0.707107  0.000147874  0.408283  0.408283  0.816462  
9.64784e-05  9.64784e-05  1  0.19243  0.19243  0.962259  
0.19243  0.19243  0.962259  0.639441  0.639441  0.426883  
0.301501  0.301501  0.904541  0.301501  0.301501  0.904541  
0.482293  0.482293  0.731292  0.707107  0.707107  0.000147874  
0.577327  0.577327  0.577397  9.64784e-05  9.64784e-05  1  
0.666684  0.666684  0.333262  0.666684  0.666684  0.333262  
0.529836  0.529836  0.662229  0.482293  0.482293  0.731292  
0.19243  0.19243  0.962259  0.666684  0.666684  0.333262  
0.639441  0.639441  0.426883  0.408283  0.408283  0.816462  
0.482293  0.482293  0.731292  0.707107  0.707107  0.000147874  
0.666684  0.666684  0.333262  0.577327  0.577327  0.577397  
0.529836  0.529836  0.662229  0.482293  0.482293  0.731292  
0.577327  0.577327  0.577397  9.64784e-05  9.64784e-05  1  
0.301501  0.301501  0.904541  0.529836  0.529836  0.662229  
0.408283  0.408283  0.816462  0.19243  0.19243  0.962259  
9.64784e-05  9.64784e-05  1  0.639441  0.639441  0.426883  
0.707107  0.707107  0.000147874  0.301501  0.301501  0.904541  
0.529836  0.529836  0.662229  0.666684  0.666684  0.333262  
0.707107  0.707107  0.000147874  0.529836  0.529836  0.662229  
0.666684  0.666684  0.333262  0.482293  0.482293  0.731292  
0.639441  0.639441  0.426883  0.408283  0.408283  0.816462  
9.64784e-05  9.64784e-05  1  9.64784e-05  9.64784e-05  1  
0.301501  0.301501  0.904541  0.301501  0.301501  0.904541  
0.408283  0.408283  0.816462  0.577327  0.577327  0.577397  
0.482293  0.482293  0.731292  0.707107  0.707107  0.000147874  
0.19243  0.19243  0.962259  0.639441  0.639441  0.426883  
0.577327  0.577327  0.577397  0.19243  0.19243  0.962259  
0.666684  0.666684  0.333262  0.707107  0.707107  0.000147874  
9.64784e-05  9.64784e-05  1  0.639441  0.639441  0.426883  
0.707107  0.707107  0.000147874  0.529836  0.529836  0.662229  
0.19243  0.19243  0.962259  9.64784e-05  9.64784e-05  1  
0.529836  0.529836  0.662229  0.301501  0.301501  0.904541  
0.577327  0.577327  0.577397  0.666684  0.666684  0.333262  
0.408283  0.408283  0.816462  0.577327  0.577327  0.577397  
0.639441  0.639441  0.426883  0.19243  0.19243  0.962259  
0.301501  0.301501  0.904541  0.408283  0.408283  0.816462  
0.482293  0.482293  0.731292  0.482293  0.482293  0.731292  
0.408283  0.408283  0.816462  0.19243  0.19243  0.962259  
0.639441  0.639441  0.426883  0.408283  0.408283  0.816462  
0.666684  0.666684  0.333262  9.64784e-05  9.64784e-05  1  
0.529836  0.529836  0.662229  0.529836  0.529836  0.662229  
0.482293  0.482293  0.731292  0.577327  0.577327  0.577397  
0.301501  0.301501  0.904541  0.707107  0.707107  0.000147874  
0.19243  0.19243  0.962259  0.301501  0.301501  0.904541  
9.64784e-05  9.64784e-05  1  0.482293  0.482293  0.731292  
0.577327  0.577327  0.577397  0.639441  0.639441  0.426883  
0.707107  0.707107  0.000147874  0.666684  0.666684  0.333262  
0.577327  0.577327  0.577397  0.577327  0.577327  0.577397  
0.529836  0.529836  0.662229  9.64784e-05  9.64784e-05  1  
0.707107  0.707107  0.000147874  0.19243  0.19243  0.962259  
0.19243  0.19243  0.962259  0.639441  0.639441  0.426883  
9.64784e-05  9.64784e-05  1  0.529836  0.529836  0.662229  
0.666684  0.666684  0.333262  0.707107  0.707107  0.000147874  
0.408283  0.408283  0.816462  0.482293  0.482293  0.731292  
0.639441  0.639441  0.426883  0.666684  0.666684  0.333262  
0.301501  0.301501  0.904541  0.408283  0.408283  0.816462  
0.482293  0.482293  0.731292  0.301501  0.301501  0.904541  
0.482293  0.482293  0.731292  0.408283  0.408283  0.816462  
0.529836  0.529836  0.662229  0.577327  0.577327  0.577397  
0.707107  0.707107  0.000147874  9.64784e-05  9.64784e-05  1  
0.666684  0.666684  0.333262  0.396293  0.396293  0.828193  
9.64784e-05  9.64784e-05  1  0.707107  0.707107  0.000147874  
0.301501  0.301501  0.904541  0.301501  0.301501  0.904541  
0.408283  0.408283  0.816462  0.639441  0.639441  0.426883  
0.639441  0.639441  0.426883  0.666684  0.666684  0.333262  
0.577327  0.577327  0.577397  0.529836  0.529836  0.662229  
0.19243  0.19243  0.962259  0.19243  0.19243  0.962259  
0.19243  0.19243  0.962259  0.639441  0.639441  0.426883  
0.301501  0.301501  0.904541  9.64784e-05  9.64784e-05  1  
0.707107  0.707107  0.000147874  0.666684  0.666684  0.333262  
9.64784e-05  9.64784e-05  1  0.408283  0.408283  0.816462  
0.666684  0.666684  0.333262  0.301501  0.301501  0.904541  
0.529836  0.529836  0.662229  0.482293  0.482293  0.731292  
0.577327  0.577327  0.577397  0.707107  0.707107  0.000147874  
0.482293  0.482293  0.731292  0.19243  0.19243  0.962259  
0.639441  0.639441  0.426883  0.577327  0.577327  0.577397  
0.408283  0.408283  0.816462  0.529836  0.529836  0.662229  
0.707107  0.707107  0.000147874  0.707107  0.707107  0.000147874  
0.639441  0.639441  0.426883  0.666684  0.666684  0.333262  
0.482293  0.482293  0.731292  9.64784e-05  9.64784e-05  1  
0.301501  0.301501  0.904541  0.301501  0.301501  0.904541  
0.19243  0.19243  0.962259  0.577327  0.577327  0.577397  
0.666684  0.666684  0.333262  0.529836  0.529836  0.662229  
0.529836  0.529836  0.662229  0.19243  0.19243  0.962259  
9.64784e-05  9.64784e-05  1  0.639441  0.639441  0.426883  
0.408283  0.408283  0.816462  0.408283  0.408283  0.816462  
0.577327  0.577327  0.577397  0.482293  0.482293  0.731292  
0.19243  0.19243  0.962259  9.64784e-05  9.64784e-05  1  
0.408283  0.408283  0.816462  0.707107  0.707107  0.000147874  
0.301501  0.301501  0.904541  0.19243  0.19243  0.962259  
0.707107  0.707107  0.000147874  0.577327  0.577327  0.577397  
9.64784e-05  9.64784e-05  1  0.301501  0.301501  0.904541  
0.666684  0.666684  0.333262  0.639441  0.639441  0.426883  
0.482293  0.482293  0.731292  0.408283  0.408283  0.816462  
0.577327  0.577327  0.577397  0.482293  0.482293  0.731292  
0.529836  0.529836  0.662229  0.666684  0.666684  0.333262  
0.639441  0.639441  0.426883  0.529836  0.529836  0.662229  
0.19243  0.19243  0.962259  0.577327  0.577327  0.577397  
0.577327  0.577327  0.577397  0.529836  0.529836  0.662229  
0.408283  0.408283  0.816462  0.408283  0.408283  0.816462  
0.482293  0.482293  0.731292  0.639441  0.639441  0.426883  
0.529836  0.529836  0.662229  0.666684  0.666684  0.333262  
0.639441  0.639441  0.426883  9.64784e-05  9.64784e-05  1  
0.707107  0.707107  0.000147874  0.19243  0.19243  0.962259  
0.301501  0.301501  0.904541  0.707107  0.707107  0.000147874  
9.64784e-05  9.64784e-05  1  0.482293  0.482293  0.731292  
0.666684  0.666684  0.333262  0.301501  0.301501  0.904541  
0.639441  0.639441  0.426883  0.19243  0.19243  0.962259  
0.482293  0.482293  0.731292  9.64784e-05  9.64784e-05  1  
0.707107  0.707107  0.000147874  0.555689  0.555689  0.618401  
0.408283  0.408283  0.816462  0.529836  0.529836  0.662229  
0.19243  0.19243  0.962259  0.666684  0.666684  0.333262  
0.301501  0.301501  0.904541  0.639441  0.639441  0.426883  
0.666684  0.666684  0.333262  0.707107  0.707107  0.000147874  
0.529836  0.529836  0.662229  0.482293  0.482293  0.731292  
0.577327  0.577327  0.577397  0.577327  0.577327  0.577397  
9.64784e-05  9.64784e-05  1  0.301501  0.301501  0.904541  
0.19243  0.19243  0.962259  0.639441  0.639441  0.426883  
0.639441  0.639441  0.426883  0.707107  0.707107  0.000147874  
0.482293  0.482293  0.731292  0.482293  0.482293  0.731292  
0.666684  0.666684  0.333262  0.301501  0.301501  0.904541  
0.529836  0.529836  0.662229  0.408283  0.408283  0.816462  
0.577327  0.577327  0.577397  0.19243  0.19243  0.962259  
0.301501  0.301501  0.904541  0.577327  0.577327  0.577397  
0.408283  0.408283  0.816462  9.64784e-05  9.64784e-05  1  
9.64784e-05  9.64784e-05  1  0.529836  0.529836  0.662229  
0.707107  0.707107  0.000147874  0.666684  0.666684  0.333262  
0.707107  0.707107  0.000147874  0.707107  0.707107  0.000147874  
0.482293  0.482293  0.731292  0.482293  0.482293  0.731292  
0.529836  0.529836  0.662229  9.64784e-05  9.64784e-05  1  
9.64784e-05  9.64784e-05  1  0.301501  0.301501  0.904541  
0.301501  0.301501  0.904541  0.529836  0.529836  0.662229  
0.19243  0.19243  0.962259  0.19243  0.19243  0.962259  
0.666684  0.666684  0.333262  0.639441  0.639441  0.426883  
0.639441  0.639441  0.426883  0.577327  0.577327  0.577397  
0.577327  0.577327  0.577397  0.666684  0.666684  0.333262  
0.408283  0.408283  0.816462  0.408283  0.408283  0.816462  
0.666684  0.666684  0.333262  9.64784e-05  9.64784e-05  1  
0.577327  0.577327  0.577397  0.301501  0.301501  0.904541  
0.639441  0.639441  0.426883  0.19243  0.19243  0.962259  
0.19243  0.19243  0.962259  0.408283  0.408283  0.816462  
9.64784e-05  9.64784e-05  1  0.639441  0.639441  0.426883  
0.482293  0.482293  0.731292  0.577327  0.577327  0.577397  
0.529836  0.529836  0.662229  0.666684  0.666684  0.333262  
0.408283  0.408283  0.816462  0.707107  0.707107  0.000147874  
0.301501  0.301501  0.904541  0.482293  0.482293  0.731292  
0.707107  0.707107  0.000147874  0.529836  0.529836  0.662229  
0.408283  0.408283  0.816462  0.639441  0.639441  0.426883  
9.64784e-05  9.64784e-05  1  0.482293  0.482293  0.731292  
0.482293  0.482293  0.731292  0.577327  0.577327  0.577397  
0.666684  0.666684  0.333262  0.666684  0.666684  0.333262  
0.639441  0.639441  0.426883  0.529836  0.529836  0.662229  
0.707107  0.707107  0.000147874  0.301501  0.301501  0.904541  
0.529836  0.529836  0.662229  9.64784e-05  9.64784e-05  1  
0.19243  0.19243  0.962259  0.707107  0.707107  0.000147874  
0.577327  0.577327  0.577397  0.408283  0.408283  0.816462  
0.301501  0.301501  0.904541  0.19243  0.19243  0.962259  
0.529836  0.529836  0.662229  0.408283  0.408283  0.816462  
0.666684  0.666684  0.333262  0.639441  0.639441  0.426883  
0.19243  0.19243  0.962259  0.19243  0.19243  0.962259  
0.707107  0.707107  0.000147874  0.707107  0.707107  0.000147874  
0.482293  0.482293  0.731292  0.482293  0.482293  0.731292  
9.64784e-05  9.64784e-05  1  0.577327  0.577327  0.577397  
0.639441  0.639441  0.426883  0.529836  0.529836  0.662229  
0.408283  0.408283  0.816462  9.64784e-05  9.64784e-05  1  
0.577327  0.577327  0.577397  0.301501  0.301501  0.904541  
0.301501  0.301501  0.904541  0.666684  0.666684  0.333262  
0.19243  0.19243  0.962259  9.64784e-05  9.64784e-05  1  
0.639441  0.639441  0.426883  0.707107  0.707107  0.000147874  
0.577327  0.577327  0.577397  0.639441  0.639441  0.426883  
0.408283  0.408283  0.816462  0.482293  0.482293  0.731292  
0.529836  0.529836  0.662229  0.19243  0.19243  0.962259  
9.64784e-05  9.64784e-05  1  0.666684  0.666684  0.333262  
0.666684  0.666684  0.333262  0.408283  0.408283  0.816462  
0.301501  0.301501  0.904541  0.577327  0.577327  0.577397  
0.707107  0.707107  0.000147874  0.301501  0.301501  0.904541  
0.482293  0.482293  0.731292  0.529836  0.529836  0.662229  
0.529836  0.529836  0.662229  0.482293  0.482293  0.731292  
0.482293  0.482293  0.731292  0.408283  0.408283  0.816462  
0.666684  0.666684  0.333262  9.64784e-05  9.64784e-05  1  
0.408283  0.408283  0.816462  0.707107  0.707107  0.000147874  
0.639441  0.639441  0.426883  0.19243  0.19243  0.962259  
0.19243  0.19243  0.962259  0.529836  0.529836  0.662229  
9.64784e-05  9.64784e-05  1  0.301501  0.301501  0.904541  
0.707107  0.707107  0.000147874  0.639441  0.639441  0.426883  
0.577327  0.577327  0.577397  0.577327  0.577327  0.577397  
0.301501  0.301501  0.904541  0.666684  0.666684  0.333262  
0.639441  0.639441  0.426883  0.19243  0.19243  0.962259  
0.666684  0.666684  0.333262  0.674838  0.674838  0.298642  
0.482293  0.482293  0.731292  0.639441  0.639441  0.426883  
0.301501  0.301501  0.904541  0.482293  0.482293  0.731292  
0.707107  0.707107  0.000147874  0.577327  0.577327  0.577397  
9.64784e-05  9.64784e-05  1  9.64784e-05  9.64784e-05  1  
0.19243  0.19243  0.962259  0.529836  0.529836  0.662229  
0.577327  0.577327  0.577397  0.666684  0.666684  0.333262  
0.408283  0.408283  0.816462  0.707107  0.707107  0.000147874  
0.529836  0.529836  0.662229  0.301501  0.301501  0.904541  
0.529836  0.529836  0.662229  0.639441  0.639441  0.426883  
0.707107  0.707107  0.000147874  0.19243  0.19243  0.962259  
0.19243  0.19243  0.962259  0.301501  0.301501  0.904541  
0.301501  0.301501  0.904541  9.64784e-05  9.64784e-05  1  
9.64784e-05  9.64784e-05  1  0.666684  0.666684  0.333262  
0.639441  0.639441  0.426883  0.408283  0.408283  0.816462  
0.482293  0.482293  0.731292  0.577327  0.577327  0.577397  
0.577327  0.577327  0.577397  0.529836  0.529836  0.662229  
0.408283  0.408283  0.816462  0.707107  0.707107  0.000147874  
0.666684  0.666684  0.333262  0.482293  0.482293  0.731292  
0.19243  0.19243  0.962259  0.639441  0.639441  0.426883  
0.639441  0.639441  0.426883  0.482293  0.482293  0.731292  
0.482293  0.482293  0.731292  9.64784e-05  9.64784e-05  1  
0.666684  0.666684  0.333262  0.408283  0.408283  0.816462  
0.529836  0.529836  0.662229  0.19243  0.19243  0.962259  
0.577327  0.577327  0.577397  0.301501  0.301501  0.904541  
0.301501  0.301501  0.904541  0.666684  0.666684  0.333262  
0.408283  0.408283  0.816462  0.577327  0.577327  0.577397  
9.64784e-05  9.64784e-05  1  0.707107  0.707107  0.000147874  
0.707107  0.707107  0.000147874  0.529836  0.529836  0.662229  
0.639441  0.639441  0.426883  0.482293  0.482293  0.731292  
0.482293  0.482293  0.731292  0.408283  0.408283  0.816462  
0.301501  0.301501  0.904541  0.529836  0.529836  0.662229  
0.408283  0.408283  0.816462  0.19243  0.19243  0.962259  
0.529836  0.529836  0.662229  0.666684  0.666684  0.333262  
0.707107  0.707107  0.000147874  0.707107  0.707107  0.000147874  
0.577327  0.577327  0.577397  9.64784e-05  9.64784e-05  1  
9.64784e-05  9.64784e-05  1  0.301501  0.301501  0.904541  
0.666684  0.666684  0.333262  0.577327  0.577327  0.577397  
0.19243  0.19243  0.962259  0.639441  0.639441  0.426883  
0.408283  0.408283  0.816462  0.482293  0.482293  0.731292  
0.482293  0.482293  0.731292  0.707107  0.707107  0.000147874  
0.666684  0.666684  0.333262  0.301501  0.301501  0.904541  
0.707107  0.707107  0.000147874  0.19243  0.19243  0.962259  
0.529836  0.529836  0.662229  0.408283  0.408283  0.816462  
0.577327  0.577327  0.577397  0.666684  0.666684  0.333262  
0.639441  0.639441  0.426883  0.639441  0.639441  0.426883  
0.19243  0.19243  0.962259  9.64784e-05  9.64784e-05  1  
9.64784e-05  9.64784e-05  1  0.529836  0.529836  0.662229  
0.301501  0.301501  0.904541  0.577327  0.577327  0.577397  
0.707107  0.707107  0.000147874  0.639441  0.639441  0.426883  
0.408283  0.408283  0.816462  0.707107  0.707107  0.000147874  
0.19243  0.19243  0.962259  0.301501  0.301501  0.904541  
0.577327  0.577327  0.577397  0.666684  0.666684  0.333262  
9.64784e-05  9.64784e-05  1  0.482293  0.482293  0.731292  
0.639441  0.639441  0.426883  0.19243  0.19243  0.962259  
0.301501  0.301501  0.904541  0.632966  0.632966  0.445766  
0.482293  0.482293  0.731292  9.64784e-05  9.64784e-05  1  
0.666684  0.666684  0.333262  0.408283  0.408283  0.816462  
0.529836  0.529836  0.662229  0.529836  0.529836  0.662229  
0.408283  0.408283  0.816462  0.666684  0.666684  0.333262  
0.666684  0.666684  0.333262  0.301501  0.301501  0.904541  
0.19243  0.19243  0.962259  0.482293  0.482293  0.731292  
0.707107  0.707107  0.000147874  0.408283  0.408283  0.816462  
9.64784e-05  9.64784e-05  1  0.577327  0.577327  0.577397  
0.482293  0.482293  0.731292  0.19243  0.19243  0.962259  
0.301501  0.301501  0.904541  9.64784e-05  9.64784e-05  1  
0.529836  0.529836  0.662229  0.529836  0.529836  0.662229  
0.577327  0.577327  0.577397  0.707107  0.707107  0.000147874  
0.639441  0.639441  0.426883  0.639441  0.639441  0.426883  
0.19243  0.19243  0.962259  0.639441  0.639441  0.426883  
0.577327  0.577327  0.577397  0.408283  0.408283  0.816462  
0.529836  0.529836  0.662229  0.529836  0.529836  0.662229  
0.482293  0.482293  0.731292  0.301501  0.301501  0.904541  
0.639441  0.639441  0.426883  0.707107  0.707107  0.000147874  
0.707107  0.707107  0.000147874  0.577327  0.577327  0.577397  
0.666684  0.666684  0.333262  0.482293  0.482293  0.731292  
9.64784e-05  9.64784e-05  1  0.19243  0.19243  0.962259  
0.301501  0.301501  0.904541  0.666684  0.666684  0.333262  
0.408283  0.408283  0.816462  9.64784e-05  9.64784e-05  1  
0.301501  0.301501  0.904541  0.529836  0.529836  0.662229  
0.482293  0.482293  0.731292  0.301501  0.301501  0.904541  
0.666684  0.666684  0.333262  0.482293  0.482293  0.731292  
0.707107  0.707107  0.000147874  0.577327  0.577327  0.577397  
0.19243  0.19243  0.962259  0.19243  0.19243  0.962259  
0.577327  0.577327  0.577397  0.707107  0.707107  0.000147874  
0.408283  0.408283  0.816462  0.408283  0.408283  0.816462  
9.64784e-05  9.64784e-05  1  0.639441  0.639441  0.426883  
0.639441  0.639441  0.426883  9.64784e-05  9.64784e-05  1  
0.529836  0.529836  0.662229  0.666684  0.666684  0.333262  
0.482293  0.482293  0.731292  0.408283  0.408283  0.816462  
0.301501  0.301501  0.904541  0.19243  0.19243  0.962259  
0.408283  0.408283  0.816462  0.707107  0.707107  0.000147874  
9.64784e-05  9.64784e-05  1  0.639441  0.639441  0.426883  
0.666684  0.666684  0.333262  0.666684  0.666684  0.333262  
0.19243  0.19243  0.962259  9.64784e-05  9.64784e-05  1  
0.577327  0.577327  0.577397  0.482293  0.482293  0.731292  
0.639441  0.639441  0.426883  0.301501  0.301501  0.904541  
0.707107  0.707107  0.000147874  0.577327  0.577327  0.577397  
0.529836  0.529836  0.662229  0.529836  0.529836  0.662229  
0.529836  0.529836  0.662229  0.529836  0.529836  0.662229  
9.64784e-05  9.64784e-05  1  0.482293  0.482293  0.731292  
0.408283  0.408283  0.816462  0.408283  0.408283  0.816462  
0.577327  0.577327  0.577397  0.301501  0.301501  0.904541  
0.666684  0.666684  0.333262  0.19243  0.19243  0.962259  
0.301501  0.301501  0.904541  0.577327  0.577327  0.577397  
0.707107  0.707107  0.000147874  0.666684  0.666684  0.333262  
0.19243  0.19243  0.962259  0.707107  0.707107  0.000147874  
0.639441  0.639441  0.426883  9.64784e-05  9.64784e-05  1  
0.482293  0.482293  0.731292  0.639441  0.639441  0.426883  
9.64784e-05  9.64784e-05  1  0.639441  0.639441  0.426883  
0.482293  0.482293  0.731292  0.301501  0.301501  0.904541  
0.577327  0.577327  0.577397  9.64784e-05  9.64784e-05  1  
0.19243  0.19243  0.962259  0.707107  0.707107  0.000147874  
0.301501  0.301501  0.904541  0.408283  0.408283  0.816462  
0.707107  0.707107  0.000147874  0.19243  0.19243  0.962259  
0.666684  0.666684  0.333262  0.577327  0.577327  0.577397  
0.529836  0.529836  0.662229  0.529836  0.529836  0.662229  
0.639441  0.639441  0.426883  0.666684  0.666684  0.333262  
0.408283  0.408283  0.816462  0.482293  0.482293  0.731292  
0.639441  0.639441  0.426883  0.577327  0.577327  0.577397  
9.64784e-05  9.64784e-05  1  0.408283  0.408283  0.816462  
0.707107  0.707107  0.000147874  0.19243  0.19243  0.962259  
0.666684  0.666684  0.333262  0.707107  0.707107  0.000147874  
0.301501  0.301501  0.904541  0.482293  0.482293  0.731292  
0.19243  0.19243  0.962259  0.529836  0.529836  0.662229  
0.482293  0.482293  0.731292  0.666684  0.666684  0.333262  
0.529836  0.529836  0.662229  0.639441  0.639441  0.426883  
0.408283  0.408283  0.816462  0.301501  0.301501  0.904541  
0.577327  0.577327  0.577397  9.64784e-05  9.64784e-05  1  
0.19243  0.19243  0.962259  0.529836  0.529836  0.662229  
0.639441  0.639441  0.426883  0.666684  0.666684  0.333262  
0.482293  0.482293  0.731292  0.707107  0.707107  0.000147874  
0.666684  0.666684  0.333262  0.577327  0.577327  0.577397  
0.529836  0.529836  0.662229  0.482293  0.482293  0.731292  
0.577327  0.577327  0.577397  0.639441  0.639441  0.426883  
0.301501  0.301501  0.904541  0.301501  0.301501  0.904541  
0.408283  0.408283  0.816462  9.64784e-05  9.64784e-05  1  
9.64784e-05  9.64784e-05  1  0.408283  0.408283  0.816462  
0.707107  0.707107  0.000147874  0.19243  0.19243  0.962259  
0.577327  0.577327  0.577397  0.529836  0.529836  0.662229  
0.408283  0.408283  0.816462  0.666684  0.666684  0.333262  
0.707107  0.707107  0.000147874  0.707107  0.707107  0.000147874  
9.64784e-05  9.64784e-05  1  0.577327  0.577327  0.577397  
0.19243  0.19243  0.962259  0.301501  0.301501  0.904541  
0.529836  0.529836  0.662229  9.64784e-05  9.64784e-05  1  
0.639441  0.639441  0.426883  0.19243  0.19243  0.962259  
0.482293  0.482293  0.731292  0.408283  0.408283  0.816462  
0.301501  0.301501  0.904541  0.482293  0.482293  0.731292  
0.666684  0.666684  0.333262  0.639441  0.639441  0.426883  
0.707107  0.707107  0.000147874  0.408283  0.408283  0.816462  
0.408283  0.408283  0.816462  0.639441  0.639441  0.426883  
0.666684  0.666684  0.333262  9.64784e-05  9.64784e-05  1  
0.301501  0.301501  0.904541  0.529836  0.529836  0.662229  
0.639441  0.639441  0.426883  0.301501  0.301501  0.904541  
0.529836  0.529836  0.662229  0.577327  0.577327  0.577397  
0.19243  0.19243  0.962259  0.707107  0.707107  0.000147874  
0.482293  0.482293  0.731292  0.482293  0.482293  0.731292  
0.577327  0.577327  0.577397  0.19243  0.19243  0.962259  
9.64784e-05  9.64784e-05  1  0.666684  0.666684  0.333262  
0.577327  0.577327  0.577397  0.577327  0.577327  0.577397  
0.529836  0.529836  0.662229  9.64784e-05  9.64784e-05  1  
0.408283  0.408283  0.816462  0.707107  0.707107  0.000147874  
9.64784e-05  9.64784e-05  1  0.639441  0.639441  0.426883  
0.639441  0.639441  0.426883  0.529836  0.529836  0.662229  
0.301501  0.301501  0.904541  0.408283  0.408283  0.816462  
0.707107  0.707107  0.000147874  0.666684  0.666684  0.333262  
0.19243  0.19243  0.962259  0.301501  0.301501  0.904541  
0.666684  0.666684  0.333262  0.482293  0.482293  0.731292  
0.482293  0.482293  0.731292  0.19243  0.19243  0.962259  
0.529836  0.529836  0.662229  0.482293  0.482293  0.731292  
0.19243  0.19243  0.962259  0.577327  0.577327  0.577397  
0.577327  0.577327  0.577397  0.529836  0.529836  0.662229  
0.408283  0.408283  0.816462  0.666684  0.666684  0.333262  
0.639441  0.639441  0.426883  0.639441  0.639441  0.426883  
0.482293  0.482293  0.731292  0.19243  0.19243  0.962259  
0.707107  0.707107  0.000147874  0.707107  0.707107  0.000147874  
0.666684  0.666684  0.333262  0.408283  0.408283  0.816462  
9.64784e-05  9.64784e-05  1  9.64784e-05  9.64784e-05  1  
0.301501  0.301501  0.904541  0.301501  0.301501  0.904541  
0.301501  0.301501  0.904541  0.529836  0.529836  0.662229  
0.19243  0.19243  0.962259  0.707107  0.707107  0.000147874  
0.529836  0.529836  0.662229  0.408283  0.408283  0.816462  
0.577327  0.577327  0.577397  0.482293  0.482293  0.731292  
0.482293  0.482293  0.731292  0.577327  0.577327  0.577397  
0.666684  0.666684  0.333262  0.639441  0.639441  0.426883  
0.408283  0.408283  0.816462  9.64784e-05  9.64784e-05  1  
0.639441  0.639441  0.426883  0.666684  0.666684  0.333262  
0.707107  0.707107  0.000147874  0.19243  0.19243  0.962259  
9.64784e-05  9.64784e-05  1  0.301501  0.301501  0.904541  
0.301501  0.301501  0.904541  0.639441  0.639441  0.426883  
0.529836  0.529836  0.662229  0.19243  0.19243  0.962259  
0.482293  0.482293  0.731292  0.482293  0.482293  0.731292  
0.666684  0.666684  0.333262  0.666684  0.666684  0.333262  
0.408283  0.408283  0.816462  0.577327  0.577327  0.577397  
0.577327  0.577327  0.577397  0.707107  0.707107  0.000147874  
0.639441  0.639441  0.426883  0.301501  0.301501  0.904541  
9.64784e-05  9.64784e-05  1  0.408283  0.408283  0.816462  
0.19243  0.19243  0.962259  0.529836  0.529836  0.662229  
0.707107  0.707107  0.000147874  9.64784e-05  9.64784e-05  1  
0.408283  0.408283  0.816462  9.64784e-05  9.64784e-05  1  
0.639441  0.639441  0.426883  0.482293  0.482293  0.731292  
9.64784e-05  9.64784e-05  1  0.301501  0.301501  0.904541  
0.577327  0.577327  0.577397  0.577327  0.577327  0.577397  
0.19243  0.19243  0.962259  0.529836  0.529836  0.662229  
0.707107  0.707107  0.000147874  0.666684  0.666684  0.333262  
0.301501  0.301501  0.904541  0.707107  0.707107  0.000147874  
0.666684  0.666684  0.333262  0.19243  0.19243  0.962259  
0.482293  0.482293  0.731292  0.408283  0.408283  0.816462  
0.529836  0.529836  0.662229  0.639441  0.639441  0.426883  
0.482293  0.482293  0.731292  0.666684  0.666684  0.333262  
0.577327  0.577327  0.577397  0.577327  0.577327  0.577397  
9.64784e-05  9.64784e-05  1  0.482293  0.482293  0.731292  
0.639441  0.639441  0.426883  0.529836  0.529836  0.662229  
0.19243  0.19243  0.962259  9.64784e-05  9.64784e-05  1  
0.408283  0.408283  0.816462  0.19243  0.19243  0.962259  
0.529836  0.529836  0.662229  0.639441  0.639441  0.426883  
0.666684  0.666684  0.333262  0.707107  0.707107  0.000147874  
0.301501  0.301501  0.904541  0.408283  0.408283  0.816462  
0.707107  0.707107  0.000147874  0.301501  0.301501  0.904541  
0.408283  0.408283  0.816462  0.577327  0.577327  0.577397  
0.301501  0.301501  0.904541  0.482293  0.482293  0.731292  
0.529836  0.529836  0.662229  0.529836  0.529836  0.662229  
0.482293  0.482293  0.731292  0.19243  0.19243  0.962259  
0.577327  0.577327  0.577397  0.707107  0.707107  0.000147874  
0.639441  0.639441  0.426883  0.301501  0.301501  0.904541  
0.19243  0.19243  0.962259  0.408283  0.408283  0.816462  
0.707107  0.707107  0.000147874  0.639441  0.639441  0.426883  
9.64784e-05  9.64784e-05  1  9.64784e-05  9.64784e-05  1  
0.666684  0.666684  0.333262  0.666684  0.666684  0.333262  
0.19243  0.19243  0.962259  0.666684  0.666684  0.333262  
0.639441  0.639441  0.426883  0.639441  0.639441  0.426883  
0.482293  0.482293  0.731292  9.64784e-05  9.64784e-05  1  
0.666684  0.666684  0.333262  0.707107  0.707107  0.000147874  
0.529836  0.529836  0.662229  0.482293  0.482293  0.731292  
0.577327  0.577327  0.577397  0.19243  0.19243  0.962259  
0.301501  0.301501  0.904541  0.577327  0.577327  0.577397  
0.408283  0.408283  0.816462  0.529836  0.529836  0.662229  
9.64784e-05  9.64784e-05  1  0.301501  0.301501  0.904541  
0.707107  0.707107  0.000147874  0.408283  0.408283  0.816462  
0.19243  0.19243  0.962259  0.482293  0.482293  0.731292  
0.666684  0.666684  0.333262  0.646879  0.646879  0.403852  
0.529836  0.529836  0.662229  0.408283  0.408283  0.816462  
0.482293  0.482293  0.731292  9.64784e-05  9.64784e-05  1  
0.639441  0.639441  0.426883  0.301501  0.301501  0.904541  
9.64784e-05  9.64784e-05  1  0.19243  0.19243  0.962259  
0.577327  0.577327  0.577397  0.529836  0.529836  0.662229  
0.408283  0.408283  0.816462  0.666684  0.666684  0.333262  
0.301501  0.301501  0.904541  0.577327  0.577327  0.577397  
0.707107  0.707107  0.000147874  0.707107  0.707107  0.000147874  
0.408283  0.408283  0.816462  0.482293  0.482293  0.731292  
0.707107  0.707107  0.000147874  0.301501  0.301501  0.904541  
0.639441  0.639441  0.426883  0.666684  0.666684  0.333262  
0.577327  0.577327  0.577397  0.529836  0.529836  0.662229  
0.301501  0.301501  0.904541  0.639441  0.639441  0.426883  
0.666684  0.666684  0.333262  0.408283  0.408283  0.816462  
0.529836  0.529836  0.662229  9.64784e-05  9.64784e-05  1  
0.482293  0.482293  0.731292  0.19243  0.19243  0.962259  
9.64784e-05  9.64784e-05  1  0.577327  0.577327  0.577397  
0.19243  0.19243  0.962259  0.707107  0.707107  0.000147874  
0.639441  0.639441  0.426883  0.577327  0.577327  0.577397  
0.301501  0.301501  0.904541  0.482293  0.482293  0.731292  
9.64784e-05  9.64784e-05  1  0.408283  0.408283  0.816462  
0.482293  0.482293  0.731292  0.707107  0.707107  0.000147874  
0.529836  0.529836  0.662229  0.639441  0.639441  0.426883  
0.19243  0.19243  0.962259  0.301501  0.301501  0.904541  
0.707107  0.707107  0.000147874  0.529836  0.529836  0.662229  
0.666684  0.666684  0.333262  9.64784e-05  9.64784e-05  1  
0.408283  0.408283  0.816462  0.666684  0.666684  0.333262  
0.577327  0.577327  0.577397  0.19243  0.19243  0.962259  
0.707107  0.707107  0.000147874  0.408283  0.408283  0.816462  
9.64784e-05  9.64784e-05  1  0.707107  0.707107  0.000147874  
0.408283  0.408283  0.816462  0.19243  0.19243  0.962259  
0.639441  0.639441  0.426883  9.64784e-05  9.64784e-05  1  
0.666684  0.666684  0.333262  0.301501  0.301501  0.904541  
0.482293  0.482293  0.731292  0.577327  0.577327  0.577397  
0.577327  0.577327  0.577397  0.666684  0.666684  0.333262  
0.529836  0.529836  0.662229  0.639441  0.639441  0.426883  
0.19243  0.19243  0.962259  0.529836  0.529836  0.662229  
0.301501  0.301501  0.904541  0.482293  0.482293  0.731292  
