1.773  1.12195  2.84566  2.24496  
1.90659  2.07709  1.98469  1.98941  
1.89902  1.3101  2.91996  1.72682  
1.86382  2.50062  1.88865  2.30979  
2.19231  0.899288  2.48176  2.70236  
3.23255  2.48445  3.65087  2.59196  
2.04852  1.5636  1.56183  1.19408  
1.33901  1.29905  2.00388  2.63775  
2.25862  2.72977  2.20171  2.08584  
2.79103  4.01902  3.51104  4.44805  
1.36599  1.11509  2.87154  3.74831  
1.48151  1.40066  3.20584  1.87538  
2.22344  1.56419  2.58693  2.0878  
1.49099  2.04812  1.78505  1.80402  
1.71451  1.53628  2.30061  1.87124  
1.73993  1.61552  1.31544  1.24761  
1.73744  3.43324  3.2185  1.44261  
3.25848  1.89092  1.91826  1.78242  
1.70172  1.39788  3.3744  2.00069  
2.95263  2.86829  1.77422  1.85629  
1.73806  1.37034  1.11656  2.1572  
1.80041  1.58067  3.21584  3.28328  
1.9099  2.51  1.60021  1.86218  
2.04391  1.96835  2.19053  1.54048  
1.5748  2.2015  1.64412  1.21726  
2.31766  1.34853  1.62687  1.40843  
1.10995  1.83556  2.65045  4.52156  
1.5046  1.02456  1.76721  1.14325  
1.53219  1.26594  2.15509  2.05116  
3.5909  1.94928  1.63065  2.05878  
1.81989  1.85485  1.63902  1.43999  
1.93982  1.49555  1.94184  1.78479  
1.92234  1.34679  1.84496  1.90672  
3.29414  3.89236  1.58104  1.93999  
1.53963  1.39007  4.1361  2.95756  
2.75254  2.92855  1.86188  1.36662  
1.85764  0.901165  1.78355  1.75289  
2.07755  3.11826  1.8255  1.45846  
3.44619  2.08284  1.82008  1.75584  
1.67036  1.31082  2.05746  1.37492  
2.14739  1.19873  2.1031  1.21147  
1.96444  1.25935  3.16632  2.90128  
1.635  0.848803  1.51038  2.9401  
1.88189  2.36228  1.68203  2.01998  
2.60899  1.735  1.42098  1.00942  
1.98266  1.13178  2.6697  2.15295  
2.37629  3.43818  1.18406  1.09697  
1.5462  1.29088  1.67394  2.0679  
1.49863  1.59743  1.39359  1.55444  
2.08591  3.62572  2.34749  1.56477  
4.42232  3.6697  2.30016  2.23867  
2.09876  1.97891  2.04957  2.55066  
3.26151  1.76237  2.15542  1.74146  
2.44481  1.159  1.63672  3.39506  
2.55706  3.93452  1.71395  2.20119  
1.67987  1.46787  1.83618  1.0336  
1.85902  1.5293  1.30694  1.41067  
2.2648  2.15725  1.66227  1.34768  
1.93237  0.89364  1.9184  2.8117  
1.63324  1.11836  2.24592  2.3263  
1.71538  1.25349  1.58676  1.57926  
2.08962  2.35658  1.73829  4.18105  
3.13456  2.10118  1.71997  1.47869  
3.28326  3.29768  1.9247  1.31766  
1.88906  1.81424  1.72735  1.19695  
1.9375  1.83914  3.37195  1.23338  
1.94206  1.38735  1.79507  1.33193  
1.8109  1.59581  1.81379  2.44758  
2.06875  1.81343  1.35161  1.04669  
2.10146  1.82297  1.16241  2.14445  
2.33888  2.94683  1.86128  1.52434  
2.42864  1.8335  1.56953  1.37194  
2.78022  1.74877  1.91436  1.50959  
1.679  1.91638  1.48108  2.53349  
1.61168  1.23093  1.77976  1.72089  
2.18893  3.86515  1.16776  2.25928  
2.47427  1.14186  3.87178  2.81498  
2.25772  1.75249  2.41464  1.56734  
2.34053  1.10815  1.77654  1.36955  
2.00887  1.98642  1.51675  1.3664  
2.21279  2.84356  2.19461  1.43098  
1.76839  1.10188  1.84695  1.5312  
2.03228  3.34816  1.94018  1.47228  
2.46953  1.20304  2.48998  1.27879  
1.86003  1.8926  3.22976  2.17016  
2.53154  3.93997  1.78281  2.97626  
1.51191  2.32894  1.62285  2.12499  
1.99211  3.24742  1.60662  1.37367  
3.03596  1.98549  1.97855  1.66135  
1.51852  2.84774  3.21085  2.56841  
1.72801  2.76192  4.21437  3.49607  
3.0406  2.9597  1.51449  1.62772  
2.11636  1.57011  1.73554  1.40538  
1.44846  1.37845  1.84942  1.69954  
2.01449  1.11522  1.82327  2.8968  
2.85797  2.62402  2.92369  2.41534  
1.93807  2.65568  1.92255  2.80519  
1.864  2.14325  2.76011  1.87537  
1.75675  1.12031  1.82051  1.43479  
1.5145  1.68251  2.90183  2.76292  
1.74415  1.50758  1.39927  1.11448  
2.09793  1.08901  2.86006  1.52619  
2.09707  1.14393  3.37696  3.21203  
2.07273  2.708  2.07273  2.708  
1.55387  1.63365  2.09793  1.08901  
3.37696  3.21203  1.89334  1.3833  
2.45323  1.38866  1.74415  1.50758  
1.55554  1.11448  2.09707  1.14393  
2.86006  1.52619  2.45323  1.38866  
1.89334  1.3833  1.55387  1.63365  
1.64094  1.62775  1.97053  1.91986  
1.27123  1.33883  2.56747  1.4346  
1.20349  1.63111  1.72286  2.52192  
2.97146  3.02046  1.74182  4.20937  
1.3876  1.91078  1.17836  1.27219  
4.77343  2.25581  4.2259  2.96093  
1.82871  1.15625  1.81598  1.72347  
2.08834  1.23674  2.78036  1.56439  
2.1137  2.89542  1.90093  2.11711  
1.44063  1.43204  3.25388  3.3305  
1.97053  1.91986  1.99316  1.49413  
4.2259  2.96093  0.84414  2.2023  
1.90093  2.11711  1.81102  2.27382  
1.81598  1.72347  1.53268  2.81014  
1.17836  1.27219  1.15028  0.854846  
1.74182  4.20937  1.36013  1.06272  
1.72286  2.52192  1.81376  1.16587  
2.78036  1.55823  2.0708  1.13014  
2.56747  1.4346  1.70803  2.77359  
3.25388  3.3305  1.53599  0.938536  
1.53268  2.81014  1.73353  2.75513  
1.15028  0.854846  2.61928  1.65156  
0.84414  2.2023  1.81022  1.20912  
1.99316  1.49413  1.72627  1.80296  
1.81376  1.16587  1.57186  2.85991  
1.81102  2.27382  1.8885  1.34312  
2.26674  1.13014  2.04245  2.01304  
1.36013  1.06272  3.4234  3.24125  
1.53599  0.938536  2.36601  1.2567  
1.70803  2.77359  1.04744  2.46532  
2.61928  1.65156  0.311446  0.450818  
1.72627  1.80296  0.501171  0.31897  
1.81022  1.20912  0.527282  0.319047  
1.04744  2.46532  0.793246  0.459695  
3.4234  3.24125  0.848524  0.118798  
1.73353  2.75513  0.528987  0.298458  
1.44587  2.85991  0.419515  0.366749  
2.04245  2.01304  0.769695  0.136536  
2.36601  1.2567  0.446517  0.411241  
1.8885  1.34312  0.025179  0.941496  
0.446517  0.411241  1.72385  1.23278  
0.486358  0.459695  2.01278  1.22268  
0.527282  0.319047  1.2796  1.75929  
0.025179  0.941496  1.73466  1.00828  
0.501171  0.31897  3.30685  2.86966  
0.769695  0.136536  1.48776  1.4734  
0.311446  0.450818  2.05524  2.15454  
0.848524  0.118798  1.91804  0.995086  
0.419515  0.366749  1.58684  1.34839  
0.528987  0.298458  2.14489  1.60542  
1.73466  1.00828  2.09793  1.08901  
2.03623  0.995086  2.86006  1.52619  
1.48776  1.4734  2.07273  3.06093  
3.30685  2.86966  3.37696  3.21203  
1.58684  1.34839  1.55387  1.63365  
1.2796  1.75929  1.74415  1.50758  
2.14489  1.60542  1.89334  1.3833  
2.01278  1.22268  1.55554  1.11395  
1.72385  1.23278  2.45323  1.38866  
2.05524  2.15454  2.09707  1.14393  
3.37696  3.21203  1.94311  3.03993  
2.45323  1.38866  4.44273  1.96512  
1.89334  1.3833  2.04826  2.07571  
1.55387  1.63365  2.91336  2.56316  
1.55554  1.11395  1.85811  1.85815  
2.09793  1.08901  2.11318  1.33968  
2.09707  1.14393  1.00381  1.51483  
2.86006  1.52619  1.88273  2.5406  
2.07273  2.708  1.51559  1.50356  
1.74415  1.50758  4.24368  2.55907  
1.85811  1.85815  4.77343  2.25581  
2.04826  2.07571  1.82871  1.15625  
2.91336  2.56316  2.08834  1.23674  
2.11318  1.33968  1.20349  1.63111  
1.00381  1.51483  1.64094  1.62775  
1.94311  3.03993  2.1137  2.89542  
1.51559  1.50356  1.3876  1.91078  
1.88273  2.5406  1.44063  1.43204  
4.09997  1.9437  2.97146  3.02046  
4.24368  2.55907  1.27123  1.36781  
4.39738  3.97953  1.83029  1.51392  
1.70756  1.93931  1.74964  2.09035  
1.74964  2.07862  3.06087  3.78248  
3.06087  3.78248  4.39738  3.97953  
2.85809  1.21834  1.53908  1.33616  
1.79729  1.44745  2.85809  1.21834  
2.42039  0.780986  1.79729  1.44745  
1.53908  1.33616  2.42039  0.780986  
1.75133  1.92221  1.75133  1.92221  
1.83029  1.51392  1.70756  1.93931  
1.71497  1.41126  1.08154  0.681292  
1.43448  0.660709  0.803569  0.77944  
1.08154  0.68867  1.57644  0.698699  
1.57644  0.698699  0.572905  1.18024  
1.11613  0.912728  1.71497  1.41126  
0.803569  0.77944  1.43448  0.660709  
1.16189  0.572211  1.16485  0.625215  
1.16485  0.625215  1.11613  0.912728  
1.11715  0.694486  1.16189  0.572211  
0.572905  1.18024  1.11715  0.694486  
1.71928  1.24754  1.10461  0.913471  
0.999499  1.57448  0.999499  1.57448  
0.799592  1.35905  1.46714  0.839496  
1.44224  0.80603  1.15225  1.16663  
1.45397  0.839335  1.2165  1.06284  
1.35858  0.904229  1.35858  0.904229  
1.46714  0.839496  0.820836  1.46352  
1.10461  0.913471  1.45397  0.839335  
1.15225  1.16663  1.71928  1.24754  
1.2165  1.06284  1.44224  0.80603  
1.64815  0.908083  1.24362  0.865496  
1.4036  1.70282  1.1095  1.38169  
1.1095  1.38169  1.4036  1.70282  
1.27349  1.16796  1.75692  1.44245  
2.14001  2.67247  1.43757  1.36298  
1.24362  0.907946  1.20549  1.90349  
1.20549  1.90349  1.37459  0.855619  
1.37459  0.855619  2.14001  2.67247  
1.75692  1.44245  1.64815  0.908083  
1.43757  1.36298  1.27349  1.16796  
1.48687  0.691387  1.27653  1.2179  
1.75124  1.50484  1.29027  0.862246  
1.27653  1.2179  1.36521  0.958312  
1.27924  0.698313  1.75124  1.50484  
1.36521  0.958312  1.26276  0.901333  
1.22813  0.924816  1.22813  0.899704  
1.29027  0.862246  1.27924  0.698313  
1.26276  0.901333  1.48687  0.691387  
0.778997  1.95485  0.929451  1.15748  
0.929451  1.15748  0.778997  1.95485  
0.500888  0.317262  1.49069  2.55641  
0.311187  0.450437  1.44235  0.925623  
0.0235807  0.940041  1.33483  1.09467  
0.84511  0.117964  1.45053  1.24662  
0.419014  0.36651  1.00094  1.07482  
0.484957  0.457979  1.24809  1.28723  
0.527041  0.298116  1.62778  1.0117  
0.445985  0.410573  1.82571  1.80615  
0.526249  0.318593  1.35345  1.09239  
0.769287  0.131241  1.55128  0.810383  
1.27299  1.24532  0.0235807  0.940041  
1.0198  1.22763  0.84511  0.117964  
1.27742  0.835321  0.500888  0.317262  
1.50347  0.72029  0.526249  0.318593  
1.02561  0.942792  0.419014  0.36651  
1.11014  1.57378  0.484957  0.457979  
1.65539  2.38707  0.527041  0.298116  
1.32854  1.0019  0.769287  0.131241  
0.984885  1.39756  0.445985  0.410573  
0.834998  1.57402  0.836714  0.450437  
1.36636  0.761534  1.27299  1.24532  
0.894384  1.16411  1.65539  2.38707  
1.07052  1.08113  1.02561  0.942792  
1.35039  1.08171  0.984885  1.39756  
1.30232  1.06591  1.0198  1.22763  
1.43633  0.900524  1.61447  0.72029  
0.901222  1.2146  1.11014  1.57378  
1.09348  1.0842  1.32854  1.0019  
1.05666  1.70445  1.27742  0.835321  
1.69911  0.903689  0.834998  1.57402  
2.363  1.63914  1.43633  0.900524  
1.38418  1.01472  1.07052  1.08113  
1.64707  0.582729  1.69911  0.903689  
1.24  1.2305  0.901222  1.2146  
1.89283  1.27576  1.05666  1.70445  
1.33093  1.12245  1.30232  1.06591  
1.76137  0.971672  1.36636  0.761534  
1.12538  0.971389  1.35039  1.04602  
1.65598  0.851862  1.09348  1.0842  
1.31863  2.47474  0.894384  1.16411  
1.00094  1.07482  1.76137  0.971672  
1.44235  0.925623  1.31863  2.47474  
1.82571  1.80615  1.64707  0.582729  
1.45053  1.24662  1.33093  1.12245  
1.55128  0.821665  1.38418  1.01472  
1.33483  1.09467  1.65598  0.851862  
1.35345  1.09239  1.24  1.2305  
1.24809  1.28723  1.12538  0.971389  
1.49069  2.55641  1.89283  1.27576  
1.62778  1.0117  2.57348  1.63914  
2.18348  1.412  2.23995  0.963221  
1.21036  1.15857  1.13859  0.849518  
0.973934  1.28348  1.65161  0.849385  
1.86469  0.909045  1.10075  1.28348  
1.65161  0.849385  2.18348  1.412  
2.23995  0.963221  1.35103  1.02182  
1.13859  0.849518  1.51703  0.773279  
1.35103  1.02182  1.86469  0.909045  
1.51703  0.773279  1.07035  1.22477  
1.07035  1.22477  1.21036  1.15857  
1.23868  1.36141  1.07163  0.69004  
1.0656  0.666461  0.917907  0.687253  
1.05411  0.762861  2.09473  1.00178  
0.841358  0.776323  1.31645  0.713536  
1.49624  1.25893  1.04902  1.39318  
1.20603  0.999903  1.16512  0.862649  
1.12451  0.816658  1.27962  0.693532  
2.35626  0.924728  1.08269  0.74434  
0.852149  1.1933  0.927072  0.715805  
1.23524  0.776368  1.27574  1.44539  
1.04818  1.39318  0.841358  0.776323  
2.09473  1.00178  1.0656  0.666461  
1.31645  0.713536  1.20603  0.999903  
1.08269  0.74434  2.35626  0.924728  
1.07163  0.69004  1.12451  0.816658  
1.27962  0.693532  1.23868  1.36141  
1.16512  0.862649  0.852149  1.1933  
1.27574  1.44539  1.01256  0.762861  
0.917907  0.687253  1.49624  1.25893  
0.927072  0.715805  1.23524  0.776368  
0.878072  0.833127  1.05972  0.688978  
0.925937  1.02019  1.0364  1.05001  
1.0364  1.05001  1.75493  1.33294  
1.0125  1.19893  1.01845  0.763223  
0.93893  0.774823  0.93893  0.774823  
0.97727  0.806118  0.97727  0.806118  
1.02699  0.908725  0.925937  1.02019  
1.75493  1.33294  1.07007  0.908725  
1.05972  0.688978  0.878072  0.833127  
1.01845  0.763223  1.0125  1.19893  
1.29956  1.23299  1.13031  0.758443  
1.08832  0.670727  1.51512  0.81677  
0.953211  0.741428  1.00522  0.594581  
1.05885  1.04119  1.16155  0.485366  
0.813357  0.863387  1.11961  0.523734  
1.50672  0.989919  0.879165  0.704298  
1.10922  0.63567  0.971923  0.569777  
1.12692  0.865149  1.06432  0.610861  
0.939793  0.81304  1.21265  0.713154  
0.892738  0.732578  0.539192  0.820833  
1.11961  0.523734  0.892738  0.732578  
0.971923  0.569777  1.29956  1.23299  
1.51512  0.81677  1.08832  0.670727  
1.00522  0.594581  0.939793  0.81304  
1.06432  0.610861  1.12692  0.871878  
1.08399  0.858663  0.953211  0.741428  
1.21265  0.713154  1.10922  0.63567  
0.539192  0.820833  1.05885  1.04119  
1.16155  0.485366  1.50672  0.989919  
0.879165  0.704298  0.813357  0.863387  
0.526165  0.318411  0.769232  0.131143  
0.527502  0.297813  0.0234675  0.939665  
0.845104  0.117919  0.526165  0.318411  
0.769232  0.131143  0.418757  0.366454  
0.445976  0.410505  0.445976  0.410505  
0.0234675  0.939665  0.750837  0.785856  
0.311117  0.450335  0.500318  0.317513  
0.484836  0.457902  0.527502  0.297813  
0.418757  0.366454  0.484836  0.457902  
0.500318  0.317513  0.845104  0.117919  
0.936738  0.759972  1.07791  0.65205  
1.20126  0.686386  0.984844  0.727946  
1.07791  0.65205  0.866207  0.933066  
1.22048  0.511762  0.817011  0.851986  
0.984844  0.727946  1.22048  0.511762  
0.817011  0.782128  0.614889  1.10588  
1.00394  0.678251  1.20126  0.686386  
0.868653  0.824729  0.936738  0.759972  
0.614889  1.10588  1.00394  0.678251  
0.866207  0.933066  0.868653  0.824729  
1.15735  0.680811  0.608599  1.69636  
0.999995  0.700512  0.999066  0.644493  
1.20985  0.623569  0.999995  0.700512  
1.11803  0.553299  0.767475  0.891271  
0.763912  1.12396  1.20985  0.623569  
0.767475  0.889225  1.11803  0.553299  
1.09179  0.525205  2.42635  1.16516  
0.999066  0.644493  1.09179  0.525205  
0.608599  1.69636  1.15735  0.680811  
2.42635  1.16516  0.763912  1.12396  
1.24044  0.598997  1.00807  0.871604  
0.876164  0.76181  0.951751  0.716628  
1.29192  0.6456  0.755397  1.09434  
0.951751  0.716628  0.876164  0.76181  
1.0043  0.871604  1.07068  0.593798  
1.17071  0.587445  1.17071  0.587445  
1.11698  0.604619  1.29192  0.6456  
0.755397  1.09434  1.11698  0.604619  
0.930314  0.765848  1.24044  0.598997  
1.07068  0.593798  0.930314  0.765848  
1.18667  0.690611  1.1016  0.733069  
1.0794  0.733069  1.14974  0.840653  
1.1509  0.556464  1.70073  0.693758  
1.0335  0.62869  0.890505  0.959896  
1.14974  0.840653  1.21619  0.526165  
1.01078  0.672685  0.923687  0.752947  
1.70073  0.693758  1.01078  0.672685  
1.21619  0.526165  1.0335  0.62869  
0.923687  0.752947  1.1509  0.556464  
0.890505  0.959896  1.18667  0.690611  
0.911576  0.79935  1.08273  0.752633  
0.898972  0.762095  0.794659  0.799847  
1.0435  0.752633  0.898972  0.762095  
0.723394  0.83092  0.723394  0.83092  
0.915615  0.595051  0.911576  0.79935  
1.9934  1.19345  0.674675  1.02276  
0.948363  0.679846  1.9934  1.19345  
0.794659  0.799847  0.915615  0.595051  
0.62668  1.19572  0.62668  1.19572  
0.674675  1.02276  0.948363  0.679846  
0.824856  0.711309  0.76955  0.625106  
0.649396  0.937395  1.04459  0.856039  
0.510603  1.10295  0.692324  0.787446  
0.692324  0.787446  0.510603  1.10295  
1.30298  0.592668  0.649396  0.937395  
0.595411  0.879023  0.878342  0.569972  
0.76955  0.625106  0.740367  0.688168  
1.04459  0.856039  1.30298  0.592668  
0.878342  0.552467  0.824856  0.711309  
0.740367  0.688168  0.595411  0.879023  
0.90201  0.561858  1.12395  0.516157  
0.8511  0.636095  0.8511  0.636095  
0.927034  0.546141  0.927034  0.546141  
0.783168  0.730198  0.923442  0.613019  
0.521378  0.981307  0.783168  0.730198  
1.12395  0.516157  0.594848  0.891147  
0.616746  0.896809  0.521378  0.981307  
0.594848  0.891147  0.780414  0.883778  
0.923442  0.613019  0.90201  0.561858  
0.643372  0.883778  0.616746  0.896809  
0.68028  0.731208  0.904629  0.580865  
0.904629  0.580865  0.736631  0.600199  
0.641201  0.700976  0.917905  0.451702  
0.557281  0.912482  0.497712  0.878292  
0.736631  0.600199  0.697871  0.687392  
0.917905  0.451702  0.557281  0.912482  
1.04509  0.459646  0.641201  0.700976  
0.697871  0.687392  0.874142  0.550332  
0.874142  0.550332  1.04741  0.459646  
0.497712  0.878292  0.68028  0.731208  
0.629539  0.335642  0.658142  0.225585  
0.215187  0.644792  0.767288  0.87414  
0.371278  0.448495  0.239503  0.588795  
0.0862484  1.04688  0.706547  0.275423  
0.239503  0.588795  0.0862484  1.04688  
0.424213  0.442415  0.16511  0.786489  
0.658142  0.225585  0.371278  0.448495  
0.706547  0.275423  0.629539  0.335642  
0.536792  0.350051  0.215187  0.644792  
0.16511  0.786489  0.536792  0.350051  
0.445452  0.411026  0.845099  0.117827  
0.526854  0.318055  0.0233835  1.81544  
0.311098  0.450243  0.484796  0.457904  
0.484796  0.457904  0.418639  0.366357  
0.500235  0.317221  0.527425  0.297695  
0.527425  0.297695  0.445452  0.411026  
0.845099  0.117827  0.311098  0.450243  
0.769187  0.131129  0.526854  0.318055  
0.0233835  0.939657  0.500235  0.317221  
0.418639  0.366357  0.769187  0.131129  
0.470828  0.473163  1.17894  0.225351  
0.979448  0.527734  0.470828  0.473163  
0.498809  0.702909  0.647517  0.618879  
0.743494  0.447481  0.498809  0.702909  
0.962204  0.551247  0.353111  1.22637  
0.353111  1.22637  0.433255  0.875449  
0.433255  0.875449  0.962204  0.551247  
0.647517  0.618879  0.984383  0.401595  
0.984383  0.401595  0.743494  0.582756  
1.17894  0.225351  0.979448  0.527734  
0.755804  0.667696  0.930888  0.615131  
0.911396  0.522067  0.911396  0.522067  
0.671107  0.785744  0.562998  0.789037  
0.724219  0.704373  0.449498  0.983527  
0.930888  0.615131  0.671107  0.785744  
0.449498  0.983527  0.755804  0.667696  
0.562998  0.789037  0.769701  0.591341  
0.769701  0.591341  1.22378  0.459837  
0.687658  0.853597  0.687658  0.853597  
1.07011  0.459837  0.724219  0.704373  
0.229841  0.879296  0.829188  0.978204  
0.827325  0.539577  0.967712  0.367293  
0.967712  0.367293  1.2117  0.436626  
0.608554  0.551006  0.746218  0.868675  
0.829188  0.978204  0.827325  0.539577  
0.746218  0.868675  0.229841  0.879296  
1.13649  0.436626  0.971562  0.45965  
1.06507  0.373067  1.06507  0.373067  
0.54122  0.626316  0.608554  0.551006  
0.971562  0.45965  0.54122  0.626316  
0.546842  0.719653  0.8723  0.60969  
0.885739  0.569336  1.1784  0.518357  
1.18571  0.526684  0.899142  0.524519  
0.367341  1.02287  0.57172  1.32228  
0.8723  0.60969  0.965441  0.596463  
0.57172  1.32228  0.367341  1.02287  
0.723831  0.665057  0.885739  0.569336  
0.899142  0.524519  1.18571  0.526684  
0.899752  0.596463  0.723831  0.665057  
1.1784  0.518357  0.546842  0.719653  
0.507688  0.402783  0.84508  0.117827  
0.84508  0.117827  0.507688  0.402783  
0.527408  0.317719  0.528054  0.297324  
0.310873  0.450482  0.527408  0.317719  
0.444982  0.411473  0.0232637  0.939723  
0.418624  0.366336  0.500183  0.317179  
0.528054  0.297324  0.768659  0.13166  
0.0232637  0.939723  0.418624  0.366336  
0.768659  0.13166  0.444982  0.411473  
0.500183  0.317179  0.310873  0.608539  
0.507688  0.402783  0.444982  0.411473  
0.310873  0.450482  0.458286  0.366336  
0.527408  0.317719  0.527408  0.317719  
0.444982  0.411473  0.84508  0.117827  
0.500183  0.317179  0.507688  0.402783  
0.528054  0.297324  0.500183  0.317179  
0.84508  0.117827  0.528054  0.297324  
0.768659  0.13166  0.768659  0.13166  
0.418624  0.366336  0.0232637  0.939723  
0.0232637  0.939723  0.310873  0.450482  
0.84508  0.117827  0.527408  0.317719  
0.500183  0.317179  0.507688  0.6975  
0.0232637  0.939723  0.0232637  0.939723  
0.768659  0.13166  0.418624  0.366336  
0.528054  0.297324  0.500183  0.317179  
0.527408  0.317719  0.768659  0.13166  
0.507688  0.402783  0.528054  0.297324  
0.310873  0.450482  0.444982  0.411473  
0.418624  0.366336  0.310873  0.450482  
0.444982  0.411473  0.84508  0.117827  
0.84508  0.117827  0.84508  0.117827  
0.444982  0.411473  0.444982  0.411473  
0.418624  0.366336  0.0232637  0.939723  
0.500183  0.317179  0.768659  0.13166  
0.528054  0.297324  0.507688  0.402783  
0.527408  0.317719  0.310873  0.450482  
0.507688  0.402783  0.527408  0.317719  
0.0232637  0.939723  0.528054  0.297324  
0.310873  0.450482  0.418624  0.366336  
0.768659  0.13166  0.500183  0.317179  
0.527408  0.317719  0.444982  0.411473  
0.444982  0.411473  0.0232637  0.939723  
0.507688  0.402783  0.84508  0.117827  
0.84508  0.117827  0.507688  0.402783  
0.418624  0.366336  0.418624  0.366336  
0.0232637  0.939723  0.768659  0.13166  
0.310873  0.450482  0.528054  0.297324  
0.768659  0.13166  0.527408  0.317719  
0.500183  0.317179  0.310873  0.450482  
0.528054  0.297324  0.500183  0.376625  
0.310873  0.450482  0.84508  0.117827  
0.500183  0.317179  0.444982  0.411473  
0.768659  0.13166  0.418624  0.366336  
0.528054  0.297324  0.500183  0.317179  
0.507688  0.402783  0.0232637  0.939723  
0.418624  0.366336  0.310873  0.450482  
0.0232637  0.939723  0.527408  0.317719  
0.84508  0.117827  0.528054  0.297324  
0.527408  0.317719  0.768659  0.13166  
0.444982  0.411473  0.507688  0.402783  
0.418624  0.366336  0.84508  0.117827  
0.507688  0.402783  0.527408  0.317719  
0.310873  0.450482  0.528054  0.297324  
0.84508  0.117827  0.0232637  0.939723  
0.768659  0.13166  0.310873  0.450482  
0.527408  0.317719  0.500183  0.317179  
0.500183  0.317179  0.418624  0.366336  
0.444982  0.411473  0.444982  0.411473  
0.528054  0.297324  0.507688  0.402783  
0.0232637  0.939723  0.768659  0.13166  
0.768659  0.13166  0.418624  0.366336  
0.500183  0.317179  0.84508  0.117827  
0.0232637  0.939723  0.528054  0.297324  
0.418624  0.366336  0.444982  0.411473  
0.528054  0.297324  0.0232637  0.939723  
0.507688  0.402783  0.527408  0.317719  
0.527408  0.317719  0.310873  0.450482  
0.444982  0.411473  0.500183  0.317179  
0.84508  0.117827  1.11205  0.475498  
0.310873  0.450482  0.507688  0.402783  
0.444982  0.411473  0.84508  0.117827  
0.527408  0.317719  0.507688  0.402783  
0.500183  0.317179  0.500183  0.317179  
0.84508  0.117827  0.528054  0.297324  
0.768659  0.13166  0.310873  0.450482  
0.507688  0.402783  0.0232637  0.939723  
0.528054  0.297324  0.78474  0.366336  
0.0232637  0.939723  0.768659  0.13166  
0.310873  0.450482  0.444982  0.411473  
0.418624  0.366336  0.527408  0.317719  
0.444982  0.411473  0.0232637  0.939723  
0.84508  0.117827  0.418624  0.366336  
0.528054  0.297324  0.84508  0.117827  
0.0232637  0.939723  0.528054  0.297324  
0.768659  0.13166  0.527408  0.317719  
0.500183  0.317179  0.310873  0.450482  
0.527408  0.317719  0.658264  0.402783  
0.418624  0.366336  0.768659  0.13166  
0.507688  0.402783  0.444982  0.411473  
0.310873  0.450482  0.500183  0.317179  
0.444289  0.411823  0.4014  0.36654  
0.309898  0.452066  0.406294  0.471818  
0.406294  0.403076  0.421272  0.365732  
0.768239  0.131834  0.499684  0.31756  
0.023172  0.910704  0.845758  0.117368  
0.845758  0.117368  0.768239  0.131834  
0.4014  0.36654  0.528272  0.297041  
0.499684  0.31756  0.023172  0.910704  
0.421272  0.365732  0.444289  0.411823  
0.528272  0.297041  0.309898  0.452066  
0.768239  0.131834  0.309898  0.452066  
0.406294  0.403076  0.444289  0.411823  
0.528272  0.297041  0.845758  0.117368  
0.845758  0.117368  0.4014  0.36654  
0.309898  0.452066  0.528272  0.297041  
0.4014  0.36654  0.421272  0.365732  
0.421272  0.365732  0.768239  0.131834  
0.444289  0.411823  0.406294  0.403076  
0.499684  0.31756  0.023172  0.910704  
0.023172  0.910704  0.694769  0.31756  
0.309898  0.452066  0.309898  0.452066  
0.768239  0.131834  0.421272  0.365732  
0.845758  0.117368  0.499684  0.31756  
0.528272  0.297041  0.768239  0.131834  
0.444289  0.411823  0.845758  0.117368  
0.499684  0.31756  0.528272  0.297041  
0.023172  0.910704  0.691846  0.894744  
0.421272  0.365732  0.4014  0.36654  
0.406294  0.403076  0.023172  0.910704  
0.4014  0.36654  0.406294  0.403076  
0.309898  0.452066  0.023172  0.910704  
0.444289  0.411823  0.528272  0.297041  
0.768239  0.131834  0.4014  0.36654  
0.023172  0.910704  0.845758  0.117368  
0.421272  0.365732  0.309898  0.452066  
0.528272  0.297041  0.444289  0.411823  
0.4014  0.36654  0.546383  0.365732  
0.845758  0.117368  0.499684  0.31756  
0.499684  0.31756  0.768239  0.131834  
0.406294  0.403076  0.406294  0.403076  
0.444289  0.411823  0.499684  0.31756  
0.406294  0.403076  0.768239  0.131834  
0.845758  0.117368  0.528272  0.297041  
0.528272  0.297041  0.023172  0.910704  
0.023172  0.910704  0.444289  0.411823  
0.499684  0.31756  0.421272  0.365732  
0.421272  0.365732  0.4014  0.36654  
0.768239  0.131834  0.309898  0.452066  
0.309898  0.452066  0.845758  0.117368  
0.4014  0.36654  0.406294  0.403076  
0.768239  0.131834  0.421272  0.365732  
0.499684  0.31756  0.4014  0.36654  
0.406294  0.403076  0.528272  0.297041  
0.421272  0.365732  0.444289  0.411823  
0.023172  0.910704  0.406294  0.403076  
0.845758  0.117368  0.830442  1.73166  
0.528272  0.297041  0.768239  0.131834  
0.309898  0.452066  0.845758  0.117368  
0.444289  0.411823  0.023172  0.910704  
0.4014  0.36654  0.499684  0.31756  
0.845758  0.117368  0.023172  0.910704  
0.444289  0.411823  0.845758  0.117368  
0.406294  0.403076  0.499684  0.31756  
0.768239  0.131834  0.421272  0.365732  
0.309898  0.452066  0.4014  0.36654  
0.421272  0.365732  0.444289  0.411823  
0.023172  0.910704  0.528272  0.297041  
0.499684  0.31756  0.768239  0.131834  
0.4014  0.36654  0.309898  0.774223  
0.528272  0.297041  0.406294  0.403076  
0.768239  0.131834  0.023172  0.910704  
0.421272  0.365732  0.406294  0.403076  
0.528272  0.297041  0.768239  0.131834  
0.309898  0.452066  3.12979  3.7537  
0.444289  0.411823  0.4014  0.36654  
0.4014  0.36654  0.528272  0.297041  
0.845758  0.117368  0.499684  0.31756  
0.406294  0.403076  0.309898  0.452066  
0.023172  0.910704  0.444289  0.411823  
0.499684  0.31756  0.421272  0.365732  
0.528272  0.297041  0.46642  0.452066  
0.499684  0.31756  0.023172  0.910704  
0.023172  0.910704  0.421272  0.365732  
0.444289  0.411823  0.528272  0.297041  
0.421272  0.365732  0.406294  0.403076  
0.4014  0.36654  0.845758  0.117368  
0.406294  0.403076  0.444289  0.411823  
0.309898  0.452066  0.499684  0.31756  
0.845758  0.117368  0.4014  0.36654  
0.768239  0.131834  0.768239  0.131834  
0.023172  0.910704  0.845758  0.117368  
0.421272  0.365732  0.421272  0.365732  
0.309898  0.452066  0.444289  0.411823  
0.499684  0.31756  0.406294  0.403076  
0.406294  0.403076  0.023172  0.910704  
0.444289  0.411823  0.768239  0.131834  
0.528272  0.297041  0.309898  0.452066  
0.768239  0.131834  0.528272  0.654817  
0.4014  0.36654  0.499684  0.31756  
0.845758  0.117368  0.4014  0.36654  
0.0229654  0.911437  0.405749  0.403244  
0.308903  0.452413  0.400894  0.366855  
0.499647  0.317525  0.421305  0.364307  
0.482221  0.419303  0.308903  0.452413  
0.405749  0.403244  0.0229654  0.911437  
0.421305  0.364307  0.768135  0.131763  
0.845648  0.117197  0.499647  0.317525  
0.768135  0.131763  0.845648  0.117197  
0.528223  0.296993  0.528223  0.296993  
0.400894  0.366855  0.482221  0.419303  
0.499647  0.317525  0.400894  0.366855  
0.482221  0.419303  0.528223  0.296993  
0.400894  0.366855  0.405749  0.403244  
0.421305  0.364307  0.482221  0.419303  
0.768135  0.131763  0.0229654  0.911437  
0.308903  0.452413  0.768135  0.131763  
0.0229654  0.911437  0.421305  0.364307  
0.405749  0.403244  0.308903  0.452413  
0.845648  0.117197  0.845648  0.117197  
0.528223  0.296993  0.499647  0.317525  
0.845648  0.117197  0.400894  0.366855  
0.482221  0.419303  0.0229654  0.911437  
0.0229654  0.911437  0.528223  0.296993  
0.528223  0.296993  0.845648  0.117197  
0.400894  0.366855  1.30459  0.131763  
0.308903  0.452413  0.308903  0.452413  
0.405749  0.403244  0.482221  0.419303  
0.499647  0.317525  0.405749  0.403244  
0.421305  0.364307  0.499647  0.317525  
0.768135  0.131763  0.421305  0.364307  
0.400894  0.366855  0.768135  0.131763  
0.421305  0.364307  0.308903  0.452413  
0.405749  0.403244  0.499647  0.317525  
0.528223  0.296993  0.845648  0.117197  
0.308903  0.452413  0.0229654  0.911437  
0.499647  0.317525  0.528223  0.296993  
0.768135  0.131763  0.405749  0.403244  
0.0229654  0.911437  0.482221  0.419303  
0.482221  0.419303  0.400894  0.366855  
0.845648  0.117197  0.421305  0.634997  
0.845648  0.117197  1.37982  0.131763  
0.421305  0.364307  0.421305  0.364307  
0.400894  0.366855  0.0229654  0.911437  
0.405749  0.403244  0.308903  0.452413  
0.768135  0.131763  0.400894  0.366855  
0.0229654  0.911437  0.405749  0.403244  
0.528223  0.296993  0.482221  0.419303  
0.482221  0.419303  0.845648  0.117197  
0.499647  0.317525  0.528223  0.296993  
0.308903  0.452413  0.499647  0.317525  
0.400894  0.366855  0.405749  0.403244  
0.768135  0.131763  0.0229654  0.911437  
0.845648  0.117197  0.308903  0.452413  
0.528223  0.296993  0.528223  0.296993  
0.308903  0.452413  0.499647  0.317525  
0.499647  0.317525  0.482221  0.64768  
0.482221  0.419303  0.400894  0.366855  
0.405749  0.403244  0.845648  0.117197  
0.421305  0.364307  0.421305  0.364307  
0.0229654  0.911437  0.768135  0.131763  
0.528223  0.296993  0.405749  0.403244  
0.845648  0.117197  0.482221  0.419303  
0.499647  0.317525  0.785048  0.452413  
0.482221  0.419303  0.421305  0.364307  
0.405749  0.403244  0.528223  0.296993  
0.0229654  0.911437  0.768135  0.131763  
0.400894  0.366855  0.499647  0.317525  
0.768135  0.131763  0.0229654  0.911437  
0.421305  0.364307  0.845648  0.117197  
0.308903  0.452413  0.400894  0.366855  
0.482221  0.419303  0.499647  0.317525  
0.768135  0.131763  0.0229654  0.911437  
0.308903  0.452413  0.308903  0.452413  
0.845648  0.117197  0.768135  0.131763  
0.528223  0.296993  0.528223  0.296993  
0.405749  0.403244  0.982576  0.41098  
0.0229654  0.911437  0.482221  0.419303  
0.421305  0.364307  0.421305  0.364307  
0.400894  0.366855  0.845648  0.117197  
0.499647  0.317525  0.400894  0.366855  
0.400894  0.366855  0.768135  0.131763  
0.499647  0.317525  0.0229654  0.911437  
0.308903  0.452413  0.482221  0.419303  
0.482221  0.419303  0.845648  0.117197  
0.768135  0.131763  0.308903  0.452413  
0.845648  0.117197  0.405749  0.403244  
0.421305  0.364307  0.400894  0.366855  
0.405749  0.403244  0.499647  0.317525  
0.0229654  0.911437  0.421305  0.364307  
0.528223  0.296993  0.528223  0.814394  
0.768135  0.131763  0.405749  0.403244  
0.528223  0.296993  0.499647  0.317525  
0.482221  0.419303  0.845648  0.117197  
0.0229654  0.911437  0.482221  0.419303  
0.845648  0.117197  0.528223  0.296993  
0.308903  0.452413  0.421305  0.364307  
0.499647  0.317525  0.768135  0.131763  
0.421305  0.364307  0.753908  0.894339  
0.400894  0.366855  0.400894  0.366855  
0.405749  0.403244  0.0229654  0.911437  
0.405745  0.403241  0.768135  0.131763  
0.845648  0.117196  0.421282  0.364307  
0.528223  0.296993  0.308897  0.452413  
0.400894  0.366855  0.405745  0.403241  
0.459546  0.411295  0.463284  0.411295  
0.421282  0.364307  0.528223  0.296993  
0.499647  0.317525  0.0229654  0.911437  
0.768135  0.131763  0.845648  0.117196  
0.0229654  0.911437  0.400894  0.366855  
0.308897  0.452413  0.499647  0.317525  
0.405745  0.403241  0.405745  0.403241  
0.400894  0.366855  0.528223  0.296993  
0.499647  0.317525  0.782762  0.452413  
0.459546  0.411295  0.845648  0.117196  
0.845648  0.117196  0.459546  0.411295  
0.0229654  0.911437  0.499647  0.317525  
0.421282  0.364307  0.0229654  0.911437  
0.768135  0.131763  0.400894  0.366855  
0.308897  0.452413  0.421282  0.364307  
0.528223  0.296993  0.768135  0.131763  
0.459546  0.411295  0.421282  0.364307  
0.0229654  0.911437  0.400894  0.366855  
0.308897  0.452413  0.308897  0.452413  
0.845648  0.117196  0.405745  0.403241  
0.499647  0.317525  0.845648  0.117196  
0.405745  0.403241  0.0229654  0.911437  
0.528223  0.296993  0.459546  0.411295  
0.421282  0.364307  0.528223  0.296993  
0.400894  0.366855  0.499647  0.317525  
0.768135  0.131763  0.768135  0.131763  
0.459546  0.411295  0.459546  0.411295  
0.768135  0.131763  0.845648  0.117196  
0.499647  0.317525  0.582226  0.364307  
0.845648  0.117196  0.400894  0.366855  
0.405745  0.403241  0.308897  0.452413  
0.0229654  0.911437  0.405745  0.403241  
0.400894  0.366855  0.768135  0.131763  
0.421282  0.364307  0.499647  0.317525  
0.528223  0.296993  0.528223  0.296993  
0.308897  0.452413  0.0229654  0.911437  
0.421282  0.364307  0.0229654  0.911437  
0.400894  0.366855  0.405745  0.403241  
0.845648  0.117196  0.421282  0.364307  
0.459546  0.411295  0.308897  0.452413  
0.0229654  0.911437  0.400894  0.366855  
0.499647  0.317525  0.845648  0.117196  
0.405745  0.403241  0.499647  0.317525  
0.528223  0.296993  0.934474  0.296993  
0.308897  0.452413  0.768135  0.131763  
0.768135  0.131763  0.459546  0.411295  
0.768135  0.131763  0.421282  0.364307  
0.405745  0.403241  0.845648  0.117196  
0.459546  0.411295  0.405745  0.403241  
0.421282  0.364307  0.0229654  1.30003  
0.845648  0.117196  0.459546  0.411295  
0.400894  0.366855  0.768135  0.131763  
0.308897  0.452413  0.308897  0.452413  
0.0229654  0.911437  0.528223  0.296993  
0.499647  0.317525  0.499647  0.317525  
0.528223  0.296993  0.400894  0.366855  
0.405745  0.403241  0.308897  0.452413  
0.528223  0.296993  0.400894  0.366855  
0.421282  0.364307  0.459546  0.411295  
0.499647  0.317525  0.768135  0.131763  
0.308897  0.452413  0.499647  0.317525  
0.400894  0.366855  0.0229654  0.911437  
0.845648  0.117196  0.405745  0.403241  
0.459546  0.411295  0.421282  0.364307  
0.768135  0.131763  0.845648  0.117196  
0.0229654  0.911437  0.528223  0.296993  
0.308897  0.452413  0.308897  0.452413  
0.400894  0.366855  0.0229654  0.911437  
0.528223  0.296993  0.405745  0.403241  
0.421282  0.364307  0.421282  0.364307  
0.459546  0.411295  0.768135  0.131763  
0.405745  0.403241  0.528223  0.296993  
0.499647  0.317525  0.499647  0.762897  
0.768135  0.131763  0.400894  0.366855  
0.0229654  0.911437  0.845648  0.117196  
0.845648  0.117196  0.459546  0.411295  
0.421282  0.364307  0.499647  0.317525  
0.768135  0.131763  0.421282  0.364307  
0.845648  0.117196  0.308897  0.452413  
0.499647  0.317525  0.528223  0.296993  
0.528223  0.296993  0.845648  0.117196  
0.308897  0.452413  0.405745  0.403241  
0.459546  0.411295  0.570107  0.411295  
0.0229654  0.911437  0.400894  0.366855  
0.400894  0.366855  0.768135  0.131763  
0.405745  0.403241  0.0229654  0.911437  
0.528223  0.296993  0.499647  0.317525  
0.845648  0.117196  0.914084  0.117196  
0.400894  0.366855  0.0229654  0.911437  
0.459546  0.411295  0.768135  0.131763  
0.421282  0.364307  0.405745  0.403241  
0.0229654  0.911437  0.459546  0.411295  
0.768135  0.131763  0.421282  0.364307  
0.499647  0.317525  0.308897  0.452413  
0.308897  0.452413  0.528223  0.296993  
0.405745  0.403241  0.400894  0.366855  
0.421282  0.364307  0.405745  0.403241  
0.459546  0.411295  0.400894  0.366855  
0.499647  0.317525  0.499647  0.317525  
0.768135  0.131763  0.308897  0.452413  
0.0229654  0.911437  0.845648  0.843666  
0.400894  0.366855  0.0229654  0.911437  
0.405745  0.403241  0.528223  0.296993  
0.308897  0.452413  0.768135  0.131763  
0.845648  0.117196  0.421282  0.364307  
0.528223  0.296993  0.459546  0.411295  
0.421282  0.364307  0.405745  0.403241  
0.459546  0.411295  0.308897  0.452413  
0.0229654  0.911437  0.0229654  0.911437  
0.308897  0.452413  0.845648  0.117196  
0.768135  0.131763  0.459546  0.411295  
0.528223  0.296993  0.400894  0.366855  
0.499647  0.317525  0.768135  0.131763  
0.405745  0.403241  0.421282  0.364307  
0.400894  0.366855  1.03995  0.296993  
0.845648  0.117196  0.499647  0.317525  
0.768135  0.131763  0.768135  0.131763  
0.845648  0.117196  0.459546  0.411295  
0.308897  0.452413  0.308897  0.452413  
0.499647  0.317525  0.528223  0.296993  
0.405745  0.403241  0.0229654  0.911437  
0.528223  0.296993  0.400894  0.366855  
0.459546  0.411295  0.405745  0.403241  
0.421282  0.364307  0.421282  0.364307  
0.0229654  0.911437  0.845648  0.117196  
0.400894  0.366855  0.729211  0.317525  
0.459546  0.411295  0.459546  0.411295  
0.845648  0.117196  0.421282  0.364307  
0.499647  0.317525  0.308897  0.452413  
0.405745  0.403241  0.0229654  0.911437  
0.768135  0.131763  0.405745  0.403241  
0.400894  0.366855  0.845648  0.117196  
0.528223  0.296993  0.528223  0.296993  
0.0229654  0.911437  0.768135  0.343429  
0.421282  0.364307  0.499647  0.317525  
0.308897  0.452413  0.400894  0.366855  
0.400894  0.366855  0.845648  0.117196  
0.0229654  0.911437  0.459546  0.411295  
0.845648  0.117196  0.528223  0.296993  
0.421282  0.364307  0.499647  0.317525  
0.308897  0.452413  0.421282  0.364307  
0.528223  0.296993  0.308897  0.452413  
0.459546  0.411295  0.400894  0.366855  
0.405745  0.403241  0.0229654  0.911437  
0.768135  0.131763  0.405745  0.403241  
0.499647  0.317525  0.768135  0.131763  
0.768135  0.131763  0.768135  0.131763  
0.459546  0.411295  0.459546  0.411295  
0.845648  0.117196  0.528223  0.296993  
0.405745  0.403241  0.40326  0.368847  
0.499647  0.317525  0.845648  0.117196  
0.528223  0.296993  0.0229654  0.911437  
0.308897  0.452413  0.308897  0.452413  
0.400894  0.366855  0.421282  0.364307  
0.421282  0.364307  0.405745  0.403241  
0.0229654  0.911437  0.499647  0.317525  
0.845648  0.117196  0.407896  0.403241  
0.0229654  0.911437  0.528223  0.296993  
0.405745  0.403241  0.845648  0.117196  
0.308897  0.452413  0.768135  0.131763  
0.499647  0.317525  0.459546  0.411295  
0.421282  0.364307  0.308897  0.452413  
0.768135  0.131763  0.0229654  0.911437  
0.528223  0.296993  0.499647  0.317525  
0.400894  0.366855  0.421282  0.364307  
0.459546  0.411295  0.400894  0.366855  
0.845648  0.117196  0.308897  0.452413  
0.768135  0.131763  0.499647  0.317525  
0.0229654  0.911437  0.768135  0.131763  
0.308897  0.452413  0.0229654  0.911437  
0.405745  0.403241  0.528223  0.296993  
0.499647  0.317525  0.459546  0.411295  
0.421282  0.364307  0.845648  0.117196  
0.400894  0.366855  0.400894  0.366855  
0.459546  0.411295  0.405745  0.403241  
0.528223  0.296993  0.422823  0.365801  
0.845648  0.117196  0.845648  0.117196  
0.459546  0.411295  0.0229654  0.911437  
0.528223  0.296993  0.308897  0.452413  
0.499647  0.317525  0.405745  0.403241  
0.400894  0.366855  0.768135  0.156762  
0.308897  0.452413  0.400894  0.366855  
0.421282  0.364307  0.421282  0.364307  
0.0229654  0.911437  0.499647  0.317525  
0.405745  0.403241  0.528223  0.296993  
0.768135  0.131763  0.459546  0.411295  
0.400894  0.366855  0.308897  0.452413  
0.845648  0.117196  0.845648  0.117196  
0.0229654  0.911437  0.0229654  0.911437  
0.528223  0.296993  0.996352  0.131763  
0.768135  0.131763  0.421282  0.364307  
0.499647  0.317525  0.499647  0.317525  
0.459546  0.411295  0.459546  0.411295  
0.421282  0.364307  0.400894  0.366855  
0.308897  0.452413  0.405745  0.403241  
0.405745  0.403241  0.528223  0.296993  
0.421282  0.364307  0.459546  0.411295  
0.0229654  0.911437  0.421282  0.364307  
0.459546  0.411295  0.0229654  0.911437  
0.400894  0.366855  0.845648  0.586282  
0.768135  0.131763  0.499647  0.317525  
0.308897  0.452413  0.400894  0.366855  
0.845648  0.117196  0.308897  0.452413  
0.528223  0.296993  0.405745  0.403241  
0.499647  0.317525  0.528223  0.296993  
0.405745  0.403241  0.768135  0.131763  
0.0229654  0.911437  0.459546  0.411295  
0.308897  0.452413  0.528223  0.296993  
0.499647  0.317525  0.0229654  0.911437  
0.405745  0.403241  0.768135  0.131763  
0.845648  0.117196  0.421282  0.364307  
0.459546  0.411295  0.308897  0.452413  
0.768135  0.131763  0.405745  0.403241  
0.400894  0.366855  0.528583  0.861485  
0.528223  0.296993  0.400894  0.366855  
0.421282  0.364307  0.845648  0.117196  
0.308897  0.452413  0.768135  0.131763  
0.400894  0.366855  0.405745  0.403241  
0.459546  0.411295  0.528223  0.296993  
0.499647  0.317525  0.845648  0.117196  
0.845648  0.117196  0.421282  0.364307  
0.768135  0.131763  0.459546  0.411295  
0.421282  0.364307  0.400894  0.366855  
0.528223  0.296993  0.308897  0.452413  
0.405745  0.403241  0.499647  0.848524  
0.0229654  0.911437  0.0229654  0.911437  
0.405745  0.403241  0.459546  0.411295  
0.400894  0.366855  0.405745  0.403241  
0.528223  0.296993  0.421282  0.364307  
0.845648  0.117196  0.528223  0.296993  
0.768135  0.131763  0.768135  0.131763  
0.421282  0.364307  0.845648  0.237683  
0.308897  0.452413  0.308897  0.452413  
0.0229654  0.911437  0.499647  0.317525  
0.459546  0.411295  0.400894  0.366855  
0.499647  0.317525  0.0229654  0.911437  
0.845648  0.117196  0.421282  0.364307  
0.459546  0.411295  0.768135  0.131763  
0.528223  0.296993  0.528223  0.296993  
0.499647  0.317525  0.499647  0.317525  
0.400894  0.366855  0.0229654  0.911437  
0.308897  0.452413  0.308897  0.452413  
0.421282  0.364307  0.400894  0.379427  
0.0229654  0.911437  0.405745  0.403241  
0.405745  0.403241  0.845648  0.117196  
0.768135  0.131763  0.459546  0.411295  
0.499647  0.317525  0.0229654  0.911437  
0.528223  0.296993  0.768135  0.131763  
0.845648  0.117196  0.459546  0.411295  
0.768135  0.131763  0.953994  0.364307  
0.405745  0.403241  0.845648  0.117196  
0.421282  0.364307  0.308897  0.452413  
0.0229654  0.911437  0.400894  0.366855  
0.400894  0.366855  0.528223  0.296993  
0.459546  0.411295  0.499647  0.317525  
0.308897  0.452413  0.405745  0.403241  
0.400894  0.366855  0.308897  0.452413  
0.0229654  0.911437  0.845648  0.117196  
0.845648  0.117196  0.459546  0.411295  
0.421282  0.364307  0.499647  0.317525  
0.308897  0.452413  0.0229654  0.911437  
0.528223  0.296993  0.421282  0.364307  
0.459546  0.411295  0.528223  0.296993  
0.405745  0.403241  0.405745  0.403241  
0.768135  0.131763  0.400894  0.695712  
0.499647  0.317525  0.768135  0.131763  
0.308897  0.452413  0.308897  0.452413  
0.845648  0.117196  0.405745  0.403241  
0.405745  0.403241  0.459546  0.411295  
0.768135  0.131763  0.845648  0.117196  
0.459546  0.411295  0.528223  0.296993  
0.499647  0.317525  0.0229654  0.911437  
0.421282  0.364307  0.421282  0.364307  
0.0229654  0.911437  0.768135  0.131763  
0.528223  0.296993  0.499647  0.317525  
0.400894  0.366855  0.400894  0.366855  
0.528223  0.296993  0.499647  0.830094  
0.405745  0.403241  0.405745  0.403241  
0.421282  0.364307  0.421282  0.364307  
0.845648  0.117196  0.845648  0.117196  
0.499647  0.317525  0.528223  0.296993  
0.459546  0.411295  0.400894  0.366855  
0.400894  0.366855  0.768135  0.131763  
0.308897  0.452413  0.308897  0.452413  
0.768135  0.131763  0.459546  0.411295  
0.0229654  0.911437  0.0229654  0.911437  
0.768135  0.131763  0.459546  0.411295  
0.845648  0.117196  0.308897  0.452413  
0.308897  0.452413  0.635387  0.296993  
0.0229654  0.911437  0.768135  0.131763  
0.400894  0.366855  0.845648  0.117196  
0.459546  0.411295  0.421282  0.364307  
0.528223  0.296993  0.0229654  0.911437  
0.421282  0.364307  0.499647  0.317525  
0.499647  0.317525  0.405745  0.403241  
0.405745  0.403241  0.400894  0.366855  
