1.8599  3.40606  0.776883  4.50799  
1.30542  4.37793  2.11483  2.68112  
1.46036  4.06277  0.905083  4.35  
1.36402  4.07108  1.65905  3.80389  
2.29178  2.00468  2.13345  2.68944  
0.978408  4.58927  1.92134  3.19614  
1.37206  4.15622  2.28323  2.32742  
1.67388  3.56409  2.17331  2.63062  
0.658444  4.51899  2.12315  2.59983  
1.313  4.29622  2.10534  2.99858  
1.13671  4.35482  1.93136  3.32389  
1.60969  3.7717  1.35389  4.38005  
1.2308  4.04898  1.72218  3.53213  
1.9394  3.07224  1.30249  4.17322  
0.609782  4.60428  0.628653  4.45919  
0.573428  4.55945  0.83348  4.56677  
1.7217  3.56073  0.591508  4.52135  
1.98948  2.93253  1.15889  4.30445  
1.75181  3.50631  0.617843  4.40443  
1.63883  3.87468  1.83302  3.4198  
1.45305  4.03034  1.84218  3.45225  
2.43968  2.41737  1.53969  3.81217  
1.87504  3.25046  0.899224  4.35968  
1.35473  4.26739  0.843681  4.40837  
2.05747  2.65515  0.96909  4.4522  
0.974818  4.50557  1.43697  4.07302  
0.531708  4.46792  1.63389  3.70095  
2.12784  2.73617  2.2826  2.467  
1.7911  3.46728  2.16819  2.42477  
1.50133  3.92598  1.20961  4.14374  
1.28193  4.32906  1.62801  3.79796  
1.61236  3.78536  2.3727  1.9856  
1.98524  2.63343  2.25158  2.57634  
1.71379  3.60635  2.02125  3.03437  
1.95934  3.40601  0.556609  4.52865  
0.52808  4.52806  2.06673  2.92286  
0.602511  4.50794  1.94652  3.17261  
1.63991  3.5556  1.04228  4.36325  
0.714515  4.50544  1.81444  3.56706  
2.29205  2.49392  1.80007  3.49468  
0.755128  4.53385  1.64738  3.66043  
1.93208  3.27555  2.00083  2.96999  
1.82627  3.45889  0.767741  4.61403  
0.956382  4.37193  1.34033  4.30689  
2.13347  2.38427  1.42368  3.93369  
1.39065  3.83787  1.64909  3.69338  
1.81259  3.80442  1.18016  4.16548  
2.19899  2.35455  1.78549  3.37928  
1.7423  3.617  1.99651  3.25976  
2.08175  3.23165  1.41611  4.00966  
1.46498  4.24162  0.906036  4.41214  
2.26391  1.99257  2.41652  1.6886  
0.785879  4.50107  1.47354  3.93548  
1.19685  4.46325  2.24083  2.45263  
1.86727  3.65852  1.78646  3.54771  
1.34764  3.92739  1.18195  3.99523  
1.77132  3.73446  1.61857  3.76322  
1.12109  4.48645  1.39333  4.08573  
1.55349  3.68429  0.968943  4.45535  
1.69503  3.4899  1.83671  3.64188  
1.81864  3.26678  2.28419  2.32593  
0.911589  4.49648  1.41078  4.04368  
1.5429  3.83684  1.52777  3.71823  
2.2712  2.41776  1.03886  4.43869  
1.84952  3.74952  1.88764  3.28502  
1.47618  3.81062  2.0551  2.8108  
1.88592  3.32502  0.639778  4.52218  
0.969378  4.42674  1.78401  3.49778  
2.27787  2.13967  1.25363  4.10579  
2.03796  3.42914  2.13048  2.75818  
0.780689  4.47766  1.7628  3.65667  
0.932388  4.46339  1.30274  4.08987  
0.789971  4.44608  1.88566  3.09453  
0.668561  4.48668  1.83126  3.533  
2.20381  2.69481  1.95956  2.81879  
2.07581  2.77178  0.548653  4.54533  
2.01217  3.32457  0.790003  4.49914  
1.15286  4.12472  2.0688  2.76619  
1.59596  3.85146  2.11464  2.45979  
0.472412  4.47237  0.673022  4.5245  
1.65459  3.50425  0.879611  4.3443  
0.715467  4.55114  1.97056  3.27521  
1.95443  3.23265  2.07752  2.88669  
2.24323  2.01141  2.34784  2.3504  
2.17047  2.43378  1.68701  3.87318  
1.63996  3.91762  0.643996  4.50175  
1.75442  3.64193  1.26902  4.24377  
0.608925  4.578  2.3126  2.09416  
0.808655  4.41826  2.01424  3.33296  
0.741981  4.65213  0.589195  4.51696  
0.686091  4.46353  1.1887  4.23649  
1.88281  3.49822  1.85035  3.39531  
2.04199  2.92872  0.579979  4.52451  
1.17481  4.30022  2.34044  1.95825  
1.84301  3.34069  1.10717  4.23838  
1.21565  4.27131  1.58983  3.63685  
1.71014  3.79311  1.21852  4.35703  
2.35458  2.40655  1.48877  4.12862  
1.61427  3.77789  1.43612  4.08893  
1.79297  3.37227  2.17701  2.62885  
1.7192  2.23794  1.83035  1.97485  
0.95646  3.70268  1.66626  2.53002  
1.97533  1.20778  1.06353  3.65324  
1.83035  1.97485  1.97533  1.20778  
1.92139  1.30003  1.56845  2.6129  
1.37529  3.13452  1.7192  2.23794  
1.56845  2.6129  1.03896  3.4956  
1.03896  3.4956  1.92139  1.30003  
1.66626  2.53002  1.38849  3.13297  
1.06353  3.65324  0.95646  3.70268  
0.446854  4.04245  1.64624  2.52937  
1.7192  2.23794  1.83035  1.97485  
1.56953  2.59962  1.03896  3.4956  
1.33697  3.14745  0.773131  3.83542  
1.97212  1.19932  1.7192  2.23794  
1.92139  1.30003  1.33697  3.14745  
1.03896  3.4956  1.97212  1.19932  
0.937939  3.73534  1.56953  2.59962  
1.83035  1.97485  1.92139  1.30003  
1.66626  2.53002  0.937939  3.73534  
1.33674  3.0427  2.06526  0.369016  
0.861622  3.71742  1.86872  1.75716  
1.93522  1.37299  1.93522  1.37299  
2.01824  0.332484  1.64705  2.39582  
1.51939  2.79461  1.43179  2.93598  
1.64705  2.39582  1.46994  2.90144  
1.43179  2.93598  1.33674  3.0427  
1.77882  2.04068  1.77882  2.04068  
1.21296  3.39365  1.21296  3.39365  
1.86872  1.75716  0.861622  3.71742  
1.74707  2.11789  1.47689  2.78038  
1.9803  1.3165  1.85954  1.8251  
0.987085  3.65345  1.36544  3.16093  
1.85954  1.8251  1.57865  2.66603  
0.561577  4.03566  1.75611  2.08788  
1.27643  3.24749  1.9803  1.3165  
1.47689  2.78038  2.03355  0.472338  
1.36544  3.16093  0.987085  3.65345  
2.03355  0.472338  0.561577  4.03566  
1.61926  2.60863  1.27643  3.24749  
2.03856  0.115093  1.87109  1.66687  
0.768355  3.75588  0.30503  4.08721  
0.986553  3.53175  2.03856  0.115093  
1.67791  2.45511  1.99279  0.814796  
1.87109  1.66687  1.54139  2.61903  
0.300432  4.06426  1.39329  3.00842  
1.17736  3.30463  1.67791  2.45511  
1.99279  0.814796  0.768355  3.75588  
1.39329  3.00842  0.986553  3.53175  
1.54139  2.61903  1.17736  3.30463  
1.16774  3.24893  2.00076  0.0151905  
0.0421247  4.00032  1.16774  3.24893  
1.69382  2.12996  0.0421247  4.00032  
2.00076  0.0151905  1.5431  2.54752  
1.37113  2.91544  1.69382  2.12996  
0.916477  3.557  1.82166  1.6553  
1.92722  1.0735  1.92722  1.0735  
1.82166  1.6553  0.611119  3.80993  
1.5431  2.54752  1.37113  2.91544  
0.611119  3.80993  1.02009  3.62293  
1.77882  2.0695  2.04766  0.156816  
1.86393  1.7119  0.290511  4.04043  
0.73132  3.76193  1.77882  2.0695  
0.290511  4.04043  0.73132  3.76193  
1.68684  2.28287  1.86393  1.7119  
2.04766  0.156816  1.68684  2.28287  
1.95063  1.17142  1.0913  3.47806  
1.50765  2.82721  1.51208  2.82676  
1.0913  3.47806  1.95063  1.17142  
1.34545  3.07905  1.34545  3.07905  
1.89142  1.64813  2.03701  0.516  
1.65042  2.43288  1.2111  3.25687  
0.863316  3.66277  1.98422  0.992302  
0.323321  4.06181  1.76956  2.13321  
1.95911  1.25414  1.83881  1.7717  
1.39983  3.01299  1.39583  3.02765  
1.76396  2.08941  1.93417  1.24318  
2.05372  0.287254  1.64795  2.40143  
1.52471  2.67874  1.48908  2.76225  
1.17494  3.33113  0.356051  4.02382  
2.03701  0.516  0.863316  3.66277  
1.76956  2.13321  0.536565  4.00251  
1.12046  3.44973  1.39983  3.01299  
1.98422  0.992302  1.95911  1.25414  
1.2111  3.25687  1.65042  2.43288  
1.93417  1.24318  2.05372  0.287254  
0.356051  4.02382  1.89142  1.64813  
1.83881  1.7717  1.76396  2.08941  
1.48908  2.76225  1.17494  3.33113  
1.64795  2.40143  1.52471  2.67874  
2.04827  0.59701  1.84778  1.74622  
1.64177  2.43067  1.03936  3.54439  
1.91724  1.65665  2.05073  0.600307  
1.2335  3.22929  1.88147  1.59361  
0.227772  4.02627  2.00087  0.946842  
2.00087  0.946842  0.227772  4.02627  
1.84778  1.74622  1.44778  2.87708  
0.873488  3.66743  0.873488  3.66743  
1.44778  2.87708  1.91724  1.65665  
1.03936  3.54439  1.2335  3.22929  
1.75432  1.97704  0.982412  3.56809  
1.35876  2.96506  1.08683  3.39286  
1.5694  2.53746  1.76574  1.98403  
0.550147  3.89047  1.50496  2.67888  
1.86621  1.53581  1.98255  0.669034  
1.93609  1.19203  1.90415  1.32458  
1.46303  2.75091  1.71678  2.1173  
1.65975  2.35396  1.13821  3.33901  
1.70617  2.1723  1.61384  2.39579  
1.19292  3.2657  1.22622  3.22761  
1.98255  0.669034  1.56615  2.58035  
1.90273  1.32553  1.2426  3.16768  
1.76574  1.98403  0.629272  3.9516  
1.71678  2.1173  1.95108  0.993992  
1.61384  2.39579  0.946866  3.56028  
1.08683  3.39286  1.34165  3.00089  
0.982412  3.56809  1.99399  0.657868  
1.50496  2.67888  1.65675  2.30911  
1.13821  3.33901  1.85661  1.56218  
1.22622  3.22761  1.81153  1.80063  
1.81153  1.80063  0.817345  3.68523  
1.99399  0.657868  1.56615  2.5065  
1.65675  2.30911  1.88742  1.41688  
1.52309  2.62675  0.949832  3.57409  
0.591366  3.92619  1.39326  2.90528  
1.95108  0.993992  1.9572  0.979126  
1.2426  3.16768  1.22469  3.19326  
1.34165  3.00089  0.671381  3.81254  
0.946866  3.56028  1.99444  0.583243  
1.85661  1.56218  1.74695  1.98089  
0.495589  3.90801  0.792581  3.70372  
0.817345  3.68523  1.07064  3.40617  
1.99444  0.583243  1.27855  3.10599  
1.9572  0.979126  1.44713  2.7872  
1.22469  3.19326  1.68763  2.18252  
0.949832  3.57409  1.82942  1.68068  
1.88742  1.41688  2.00274  0.275685  
1.39326  2.90528  1.58866  2.47439  
1.56615  2.5065  0.243798  4.02193  
1.74934  1.99834  1.93971  1.02848  
1.44713  2.7872  1.15455  3.26675  
1.27855  3.10599  0.612934  3.80799  
1.93971  1.02848  0.92177  3.55056  
1.58851  2.47273  0.0241252  4.00119  
1.68763  2.18252  1.81954  1.66709  
1.07064  3.40617  1.68828  2.14612  
2.00274  0.275685  2.00035  0.00517259  
0.792581  3.70372  1.35606  2.94088  
1.82942  1.68068  1.92457  1.09225  
0.243798  4.02193  1.53986  2.57111  
0.612934  3.80799  1.42732  2.8502  
2.00035  0.00517259  1.93527  1.0842  
1.92457  1.09225  1.84857  1.57975  
1.81954  1.66709  1.74823  1.99988  
0.0241252  4.00119  1.0292  3.47135  
1.53335  2.57211  1.58835  2.45412  
1.35606  2.94088  0.710449  3.76588  
1.15455  3.26675  0.224802  4.03006  
1.68828  2.14612  1.23625  3.17047  
0.92177  3.55056  2.00098  0.334621  
1.58835  2.45412  1.67927  2.24124  
1.93527  1.0842  1.14688  3.31096  
2.00098  0.334621  1.539  2.6126  
0.709824  3.7643  1.39289  2.93182  
1.74823  1.99988  1.92919  1.1264  
1.23625  3.17047  2.00278  0.410676  
1.42732  2.8502  0.919545  3.58858  
1.0292  3.47135  1.28805  3.09534  
1.84857  1.57975  0.480012  4.0081  
0.224802  4.03006  1.8144  1.73422  
1.8144  1.73422  1.43078  2.82156  
1.67927  2.24124  0.708817  3.76291  
1.92919  1.1264  1.60006  2.43021  
0.480012  4.0081  1.77642  1.89403  
1.39289  2.93182  1.86166  1.51019  
1.28805  3.09534  1.26263  3.13534  
0.919545  3.58858  2.00024  0.470639  
2.00278  0.410676  0.420515  4.06053  
1.539  2.6126  1.04424  3.43613  
1.14688  3.31096  1.9372  1.0981  
1.9372  1.0981  1.93609  1.19203  
2.00024  0.470639  0.550147  3.89047  
1.25848  3.13675  1.65975  2.35396  
0.708817  3.76291  1.46303  2.75091  
1.77642  1.89403  1.70617  2.1723  
1.43078  2.82156  1.75532  1.99523  
0.420515  4.06053  1.19292  3.2657  
1.86166  1.51019  1.5694  2.53746  
1.04424  3.43613  1.35876  2.96506  
1.60006  2.43021  1.86621  1.53581  
1.2907  3.10697  1.4372  2.81718  
1.66846  2.24947  1.1716  3.26965  
1.61917  2.41871  0.585734  3.87059  
1.90352  1.30523  1.60038  2.46802  
1.4372  2.81718  1.85679  1.56227  
1.98634  0.589892  1.2907  3.10697  
0.96732  3.57197  1.90352  1.30523  
1.85679  1.56227  1.66846  2.24947  
0.432969  3.99226  0.432969  3.99226  
1.17247  3.27197  1.98634  0.589892  
1.71778  2.06145  1.23459  3.15543  
1.73878  1.98219  1.60357  2.39833  
1.14541  3.28625  1.40607  2.85907  
0.572187  3.84859  1.43042  2.80179  
1.95368  0.869399  1.74556  1.95681  
1.55917  2.51672  1.83445  1.60706  
0.982632  3.54082  0.725627  3.73013  
1.46075  2.73771  1.00619  3.45866  
1.5946  2.42208  0.149772  4.00039  
1.79977  1.76073  1.9171  1.15839  
1.83445  1.60706  0.727791  3.75371  
0.149772  4.00039  1.56462  2.50478  
1.9171  1.15839  0.889249  3.59584  
1.43042  2.80179  1.7342  2.00117  
1.60237  2.3991  1.38548  2.89845  
1.85031  1.5258  1.95224  0.901539  
1.23459  3.15543  1.98886  0.475389  
1.74556  1.95681  1.88042  1.37593  
0.725627  3.73013  1.2349  3.15406  
1.00619  3.45866  1.62964  2.32866  
1.38548  2.89845  1.23369  3.15623  
1.88042  1.37593  1.33244  2.99973  
1.98886  0.475389  1.05211  3.41352  
0.889249  3.59584  1.98011  0.62128  
1.95224  0.901539  2.00802  0.262176  
1.62964  2.32866  1.41684  2.83508  
1.23497  3.15332  1.82811  1.71173  
0.727791  3.75371  1.4687  2.74581  
1.56462  2.50478  1.93121  1.06318  
1.7342  2.00117  0.901856  3.59796  
1.46861  2.74583  0.107019  4.00796  
1.98011  0.62128  1.99757  0.22625  
1.23369  3.15623  1.53028  2.58042  
0.901856  3.59796  1.74372  1.97403  
2.00802  0.262176  1.07746  3.37533  
1.82811  1.71173  1.91412  1.18564  
1.33244  2.99973  1.8162  1.68481  
1.41684  2.83508  0.731658  3.72491  
1.93121  1.06318  1.59774  2.42663  
1.05211  3.41352  1.313  3.02519  
1.53028  2.58042  1.92557  1.08218  
1.8162  1.68481  1.36241  2.92855  
1.313  3.02519  1.53746  2.5586  
1.91412  1.18564  2.00014  0.00496819  
1.07746  3.37533  1.81883  1.66403  
1.99757  0.22625  0.915188  3.55688  
0.731757  3.72425  0.018521  4.00005  
1.64899  2.27295  0.608294  3.81068  
1.74372  1.97403  1.68893  2.14289  
0.107019  4.00796  1.16061  3.26376  
1.53746  2.5586  1.46075  2.73771  
1.15971  3.25905  1.5946  2.42208  
1.68893  2.14289  0.572187  3.84859  
1.36241  2.92855  1.95368  0.869399  
1.81883  1.66403  1.73878  1.98219  
1.92557  1.08218  0.982632  3.54082  
0.608294  3.81068  1.79977  1.76073  
0.018521  4.00005  1.14541  3.28625  
0.915188  3.55688  1.7178  2.06164  
2.00014  0.00496819  1.55917  2.51672  
0.353538  3.9412  1.1061  3.34904  
0.24269  3.99083  1.07522  3.38563  
0.872948  3.60292  1.55588  2.52661  
1.07522  3.38563  1.43754  2.79016  
1.43754  2.79016  1.75798  1.92116  
2.00249  0.253325  2.00249  0.253325  
1.55588  2.52661  0.872948  3.60292  
0.928995  3.55108  1.29797  3.0539  
1.75798  1.92116  0.928995  3.55108  
1.29801  3.0533  1.57559  2.54108  
1.77895  1.8576  1.25113  3.12776  
0.727076  3.72997  1.77895  1.8576  
1.08504  3.37685  0.727076  3.72997  
1.25113  3.12776  1.39812  2.91014  
1.99181  0.410173  1.90296  1.25873  
1.39812  2.91014  1.99217  0.410372  
1.67242  2.21403  1.08504  3.37685  
1.90296  1.25873  0.188375  4.00091  
1.53142  2.58305  1.53142  2.58305  
0.188375  4.00091  1.67242  2.21403  
1.65434  2.26726  1.3437  2.9763  
0.567117  3.87339  1.71551  2.06341  
1.95365  0.869812  1.95365  0.869812  
1.9981  0.221883  1.65445  2.26709  
1.46073  2.73772  1.59464  2.42215  
1.59464  2.42215  1.9981  0.221883  
1.71551  2.06341  0.567117  3.87339  
1.80006  1.76772  1.46073  2.73772  
1.87738  1.40368  1.87738  1.40368  
1.3437  2.9763  1.80006  1.76772  
1.04282  3.45295  1.72496  2.05327  
1.72347  2.03718  1.97464  0.654609  
1.56489  2.49759  1.04282  3.45295  
1.97464  0.654609  1.61181  2.38661  
1.86422  1.46542  0.573992  3.84616  
1.17083  3.25137  1.86422  1.46542  
1.99207  0.397321  1.17083  3.25137  
0.573992  3.84616  1.99207  0.397321  
1.61181  2.38661  1.3632  2.93249  
1.41941  2.83299  1.41941  2.83299  
1.36699  2.91982  1.1317  3.29803  
1.68334  2.15998  1.66912  2.2037  
1.66912  2.2037  1.89412  1.28426  
1.89412  1.28426  1.25952  3.10718  
1.25952  3.10718  1.68334  2.15998  
1.1317  3.29803  0.736452  3.75151  
0.736452  3.75151  1.36699  2.91982  
1.55863  2.50655  1.4848  2.67986  
1.4848  2.67986  1.76406  1.88479  
1.79947  1.74576  1.55863  2.50655  
1.41387  2.82913  1.55282  2.52093  
1.95941  0.801831  1.95941  0.801831  
1.90148  1.24002  1.49864  2.64885  
0.74925  3.70871  1.02189  3.43847  
1.7994  1.74603  1.68334  2.15998  
1.02189  3.43847  0.74925  3.70871  
0.202495  3.98767  1.41387  2.82913  
1.26851  3.09251  1.7994  1.74603  
1.68334  2.15998  0.202496  3.98767  
1.49864  2.64885  1.90148  1.24002  
1.71183  2.06846  1.40556  2.84564  
0.806988  3.65994  1.71183  2.06846  
1.81747  1.6695  1.91707  1.13993  
1.99784  0.185912  0.806988  3.65994  
0.985509  3.48068  0.985509  3.48068  
1.40556  2.84564  1.20574  3.19136  
1.59481  2.41379  1.59481  2.41379  
1.20574  3.19136  0.529524  3.87804  
0.529524  3.87804  1.99784  0.185912  
1.91707  1.13993  1.81747  1.6695  
1.19854  3.20219  1.43027  2.85023  
1.98347  0.513264  0.129776  3.99929  
1.42402  2.80868  1.19854  3.20219  
0.464039  3.91324  1.98347  0.513264  
1.87744  1.37875  0.464039  3.91324  
1.92205  1.10595  1.76634  1.87627  
0.129776  3.99929  1.42402  2.80868  
1.62297  2.33752  1.01371  3.44814  
1.76634  1.87627  1.87744  1.37875  
1.01371  3.44814  1.92205  1.10595  
1.92693  1.07141  1.21637  3.17519  
1.70798  2.08115  1.41039  2.83605  
1.82422  1.63978  1.58034  2.45155  
0.916132  3.55568  1.9992  0.113059  
1.21637  3.17519  1.70798  2.08115  
0.0929446  4.01186  1.92693  1.07141  
1.58034  2.45155  1.82422  1.63978  
1.9992  0.113059  0.916132  3.55568  
1.41039  2.83605  0.639205  3.79021  
0.639205  3.79021  0.0929446  4.01186  
1.53962  2.55309  0.724125  3.72862  
0.91498  3.55686  0.214219  3.97699  
2  0.00208435  1.93843  0.984882  
1.69532  2.12218  1.85508  1.49493  
0.0142838  3.9999  1.27145  3.08766  
0.606497  3.81165  1.7483  1.94264  
1.36495  2.92364  1.03409  3.42384  
1.1597  3.25889  1.62038  2.34467  
1.92743  1.06774  1.4648  2.72351  
1.82566  1.63338  1.99913  0.117866  
1.27145  3.08766  1.53962  2.55309  
1.93843  0.984882  1.1597  3.25889  
1.4648  2.72351  2  0.00208435  
1.99913  0.117866  1.36495  2.92364  
1.7483  1.94264  1.69532  2.12218  
0.724125  3.72862  0.0142838  3.9999  
1.03409  3.42384  1.20634  3.19045  
0.214219  3.97699  1.92743  1.06774  
1.62038  2.34467  0.606497  3.81165  
1.85508  1.49493  1.82566  1.63338  
1.39615  2.86411  1.64025  2.28875  
2.00564  0.101685  1.2284  3.15661  
1.2284  3.15661  2.00564  0.101685  
1.52874  2.57913  1.77475  1.84423  
1.77475  1.84423  0.700771  3.76507  
0.316814  3.97307  1.52874  2.57913  
0.700771  3.76507  0.316814  3.97307  
1.91887  1.12778  1.30662  3.02836  
1.64025  2.28875  1.91887  1.12778  
1.01499  3.44663  1.39615  2.86411  
1.99782  0.186651  1.24399  3.13209  
0.250435  3.99377  0.250435  3.99377  
1.60719  2.38071  1.82334  1.6437  
1.01686  3.44443  1.60719  2.38071  
1.82334  1.6437  0.691187  3.75354  
1.90793  1.19969  1.44447  2.76661  
1.44447  2.76661  1.90793  1.19969  
1.24399  3.13209  1.01686  3.44443  
0.691187  3.75354  1.72877  2.01132  
1.72877  2.01132  1.99782  0.186651  
1.75673  1.91196  0.368568  3.9315  
0.85713  3.61405  0.85713  3.61405  
1.41613  2.82459  1.75673  1.91196  
1.65361  2.24996  1.41613  2.82459  
0.368568  3.9315  1.83362  1.59732  
1.99759  0.196542  1.92633  1.0757  
1.1725  3.24052  1.62344  2.33621  
1.53812  2.55671  1.99759  0.196542  
1.92633  1.0757  1.1725  3.24052  
1.83362  1.59732  1.53812  2.55671  
0.00795779  3.99997  1.35813  2.93631  
1.53821  2.55649  2  0.00070142  
0.912533  3.55937  1.69553  2.12149  
1.82218  1.64882  1.15465  3.26605  
0.608575  3.81032  0.912533  3.55937  
1.15465  3.26605  0.608575  3.81032  
1.69553  2.12149  1.92551  1.08148  
1.92551  1.08148  1.82218  1.64882  
2  0.00070142  1.53821  2.55649  
1.35813  2.93631  0.00795779  3.99997  
2  0.00070142  1.35813  2.93631  
0.608575  3.81032  0.608575  3.81032  
1.92551  1.08148  2  0.00070142  
0.912533  3.55937  1.53821  2.55649  
1.15465  3.26605  0.00795779  3.99997  
1.69553  2.12149  0.912533  3.55937  
1.53821  2.55649  1.92551  1.08148  
1.35813  2.93631  1.24783  3.12598  
1.82218  1.64882  1.82218  1.64882  
0.00795779  3.99997  1.15465  3.26605  
0.608575  3.81032  1.82218  1.64882  
1.15465  3.26605  1.53821  2.55649  
0.00795779  3.99997  1.92551  1.08148  
1.92551  1.08148  0.00795779  3.99997  
1.82218  1.64882  1.69553  2.12149  
1.53821  2.55649  1.35813  2.93631  
0.912533  3.55937  1.15465  3.26605  
1.69553  2.12149  0.912533  3.55937  
1.35813  2.93631  0.608575  3.81032  
2  0.00070142  2  0.00070142  
0.00795779  3.99997  1.92551  1.08148  
1.53821  2.55649  1.35813  2.93631  
0.608575  3.81032  0.608575  3.81032  
2  0.00070142  1.69553  2.12149  
1.82218  1.64882  1.15465  3.26605  
1.15465  3.26605  1.7445  1.95623  
1.69553  2.12149  0.912533  3.55937  
1.92551  1.08148  1.82218  1.64882  
0.912533  3.55937  0.00795779  3.99997  
1.35813  2.93631  1.53821  2.55649  
0.00795779  3.99997  1.92551  1.08148  
1.35813  2.93631  0.608575  3.81032  
1.82218  1.64882  2  0.00070142  
0.608575  3.81032  1.69553  2.12149  
1.53821  2.55649  1.68477  2.15549  
2  0.00070142  1.15465  3.26605  
0.912533  3.55937  1.35813  2.93631  
1.15465  3.26605  1.53821  2.55649  
1.92551  1.08148  0.00795779  3.99997  
1.69553  2.12149  0.912533  3.55937  
1.53821  2.55649  1.53821  2.55649  
1.92551  1.08148  0.608575  3.81032  
0.912533  3.55937  0.912533  3.55937  
1.15465  3.26605  1.92551  1.08148  
1.82218  1.64882  1.82218  1.64882  
0.00795779  3.99997  1.35813  2.93631  
1.69553  2.12149  1.69553  2.12149  
0.608575  3.81032  1.35813  2.93631  
1.35813  2.93631  2  0.00070142  
2  0.00070142  0.00795779  3.99997  
0.00795779  3.99997  1.92551  1.08148  
1.35813  2.93631  1.15465  3.26605  
1.69553  2.12149  1.53821  2.55649  
0.912533  3.55937  2  0.00070142  
1.53821  2.55649  0.608575  3.81032  
0.608575  3.81032  0.912533  3.55937  
2  0.00070142  0.00795779  3.99997  
1.15465  3.26605  1.69553  2.12149  
1.92551  1.08148  1.35813  2.93631  
1.82218  1.64882  1.82218  1.64882  
1.35813  2.93631  0.608575  3.81032  
2  0.00070142  1.92551  1.08148  
1.82218  1.64882  1.82218  1.64882  
0.608575  3.81032  0.00795779  3.99997  
0.912533  3.55937  1.16169  3.25605  
1.53821  2.55649  0.912533  3.55937  
1.15465  3.26605  2  0.00070142  
0.00795779  3.99997  1.15465  3.26605  
1.92551  1.08148  1.53821  2.55649  
1.69553  2.12149  0.856888  3.61427  
1.92551  1.08148  1.69553  2.12149  
0.608575  3.81032  1.82218  1.64882  
1.82218  1.64882  1.35813  2.93631  
0.00795779  3.99997  0.00795779  3.99997  
1.53821  2.55649  1.15465  3.26605  
1.35813  2.93631  1.53821  2.55649  
0.912533  3.55937  1.92551  1.08148  
1.69553  2.12149  2  0.00070142  
2  0.00070142  0.608575  3.81032  
1.15465  3.26605  0.912533  3.55937  
1.69553  2.12149  0.608575  3.81032  
2  0.00070142  1.15465  3.26605  
0.00795779  3.99997  0.00795779  3.99997  
0.912533  3.55937  2  0.00070142  
1.92551  1.08148  1.82218  1.64882  
1.53821  2.55649  0.912533  3.55937  
1.15465  3.26605  1.69553  2.12149  
1.82218  1.64882  1.53821  2.55649  
1.35813  2.93631  1.92551  1.08148  
0.608575  3.81032  1.70965  2.07568  
1.54065  2.5506  0.906427  3.56561  
0.00795779  3.99997  1.35934  2.93407  
1.15243  3.26919  1.69618  2.11941  
1.92674  1.07269  0.604135  3.81315  
1.35934  2.93407  1.82648  1.6297  
1.82648  1.6297  1.54065  2.5506  
1.69618  2.11941  0.00795779  3.99997  
0.604135  3.81315  1.92674  1.07269  
0.906427  3.56561  1.15243  3.26919  
2  0.00070142  2  0.00070142  
0.906427  3.56561  1.82648  1.6297  
1.15243  3.26919  0.00795779  3.99997  
0.604135  3.81315  2  0.00070142  
1.69618  2.11941  1.92674  1.07269  
0.00795779  3.99997  1.54065  2.5506  
2  0.00070142  1.15243  3.26919  
1.54065  2.5506  1.69618  2.11941  
1.82648  1.6297  0.604135  3.81315  
1.35934  2.93407  1.35934  2.93407  
1.92674  1.07269  0.906427  3.56561  
2  0.00070142  1.54065  2.5506  
1.82648  1.6297  2  0.00070142  
0.00795779  3.99997  1.15243  3.26919  
1.69618  2.11941  1.69618  2.11941  
0.604135  3.81315  0.604135  3.81315  
1.92674  1.07269  1.92674  1.07269  
1.35934  2.93407  0.906427  3.56561  
1.15243  3.26919  0.00795779  3.99997  
0.906427  3.56561  1.35934  2.93407  
1.54065  2.5506  1.82648  1.6297  
0.906427  3.56561  0.604135  3.81315  
1.35934  2.93407  2  0.00070142  
1.54065  2.5506  1.15243  3.26919  
0.604135  3.81315  1.35934  2.93407  
1.69618  2.11941  1.69618  2.11941  
0.00795779  3.99997  1.96346  0.761156  
1.92674  1.07269  0.906427  3.56561  
1.15243  3.26919  1.82648  1.6297  
1.82648  1.6297  0.00795779  3.99997  
2  0.00070142  1.54065  2.5506  
0.604135  3.81315  1.82648  1.6297  
1.92674  1.07269  1.35934  2.93407  
0.906427  3.56561  0.604135  3.81315  
1.54065  2.5506  1.92674  1.07269  
1.15243  3.26919  0.906427  3.56561  
2  0.00070142  1.15243  3.26919  
1.69618  2.11941  1.69618  2.11941  
1.35934  2.93407  1.54065  2.5506  
0.00795779  3.99997  0.00795779  3.99997  
1.82648  1.6297  2  0.00070142  
1.69618  2.11941  1.54065  2.5506  
1.15243  3.26919  2  0.00070142  
1.54065  2.5506  0.604135  3.81315  
1.92674  1.07269  1.15243  3.26919  
0.00795779  3.99997  1.92674  1.07269  
0.906427  3.56561  0.00795779  3.99997  
1.82648  1.6297  1.35934  2.93407  
0.604135  3.81315  1.69618  2.11941  
2  0.00070142  1.82648  1.6297  
1.35934  2.93407  0.00795779  3.99997  
1.82648  1.6297  1.15243  3.26919  
1.54065  2.5506  0.906427  3.56561  
2  0.00070142  1.92674  1.07269  
0.00795779  3.99997  1.54065  2.5506  
0.604135  3.81315  1.69618  2.11941  
0.906427  3.56561  0.00795779  3.99997  
1.15243  3.26919  0.604135  3.81315  
1.69618  2.11941  2  0.00070142  
1.35934  2.93407  1.82648  1.6297  
1.92674  1.07269  1.35934  2.93407  
1.15243  3.26919  0.908134  3.56387  
1.54065  2.5506  2  0.00070142  
2  0.00070142  1.35934  2.93407  
0.604135  3.81315  1.69618  2.11941  
1.35934  2.93407  0.00795779  3.99997  
0.00795779  3.99997  1.82648  1.6297  
0.906427  3.56561  0.906427  3.56561  
1.69618  2.11941  1.15243  3.26919  
1.92674  1.07269  1.54065  2.5506  
1.82648  1.6297  1.92674  1.07269  
1.92674  1.07269  0.604135  3.81315  
0.906427  3.56561  1.82648  1.6297  
2  0.00070142  2  0.00070142  
1.15243  3.26919  1.15243  3.26919  
1.69618  2.11941  0.00795779  3.99997  
1.35934  2.93407  1.35934  2.93407  
1.82648  1.6297  1.54065  2.5506  
0.00795779  3.99997  1.55873  2.50628  
1.54065  2.5506  1.92674  1.07269  
0.604135  3.81315  0.906427  3.56561  
1.82648  1.6297  1.15243  3.26919  
1.15243  3.26919  1.92674  1.07269  
1.69618  2.11941  1.35934  2.93407  
1.35934  2.93407  1.15243  3.26919  
1.92674  1.07269  1.82648  1.6297  
0.604135  3.81315  1.54065  2.5506  
0.906427  3.56561  0.906427  3.56561  
1.54065  2.5506  1.69618  2.11941  
0.00795779  3.99997  0.00795779  3.99997  
2  0.00070142  2  0.00070142  
0.00795779  3.99997  0.906427  3.56561  
1.92674  1.07269  1.69618  2.11941  
1.35934  2.93407  0.00795779  3.99997  
1.54065  2.5506  1.15243  3.26919  
0.604135  3.81315  1.92674  1.07269  
1.15243  3.26919  1.82648  1.6297  
2  0.00070142  2  0.00070142  
1.69618  2.11941  1.54065  2.5506  
1.82648  1.6297  0.604135  3.81315  
0.906427  3.56561  1.35934  2.93407  
0.00795779  3.99997  1.92674  1.07269  
1.82648  1.6297  1.82648  1.6297  
0.906427  3.56561  0.00795779  3.99997  
1.54065  2.5506  1.69618  2.11941  
2  0.00070142  0.906427  3.56561  
1.69618  2.11941  2  0.00070142  
1.15243  3.26919  1.15243  3.26919  
1.35934  2.93407  0.604135  3.81315  
0.604135  3.81315  1.35934  2.93407  
1.92674  1.07269  1.54065  2.5506  
1.15243  3.26919  1.92674  1.07269  
1.35934  2.93407  1.73896  1.97588  
1.54065  2.5506  1.15243  3.26919  
1.69618  2.11941  0.00795779  3.99997  
1.82648  1.6297  2  0.00070142  
1.92674  1.07269  0.604135  3.81315  
0.906427  3.56561  1.69618  2.11941  
0.00795779  3.99997  1.82648  1.6297  
2  0.00070142  0.906427  3.56561  
0.604135  3.81315  1.35934  2.93407  
1.92674  1.07269  0.906427  3.56561  
0.604135  3.81315  0.00795779  3.99997  
2  0.00070142  2  0.00070142  
1.15243  3.26919  1.92674  1.07269  
0.906427  3.56561  1.35934  2.93407  
0.00795779  3.99997  0.604135  3.81315  
1.54065  2.5506  1.54065  2.5506  
1.82648  1.6297  1.82648  1.6297  
1.69618  2.11941  1.15243  3.26919  
1.35934  2.93407  1.69618  2.11941  
0.906427  3.56561  0.604135  3.81315  
1.69618  2.11941  0.872013  3.59977  
2  0.00070142  1.69618  2.11941  
1.92674  1.07269  1.35934  2.93407  
1.54065  2.5506  2  0.00070142  
1.82648  1.6297  1.92674  1.07269  
1.15243  3.26919  1.54065  2.5506  
1.35934  2.93407  0.00795779  3.99997  
0.00795779  3.99997  0.906427  3.56561  
0.604135  3.81315  1.82648  1.6297  
0.00795779  3.99997  0.604135  3.81315  
1.82648  1.6297  0.906427  3.56561  
1.15243  3.26919  1.15243  3.26919  
1.35934  2.93407  1.92674  1.07269  
0.906427  3.56561  1.35934  2.93407  
2  0.00070142  1.54065  2.5506  
1.92674  1.07269  1.69618  2.11941  
1.54065  2.5506  2  0.00070142  
1.69618  2.11941  1.82648  1.6297  
0.604135  3.81315  0.00795779  3.99997  
1.69618  2.11941  1.35934  2.93407  
1.35934  2.93407  1.69618  2.11941  
1.82648  1.6297  1.92674  1.07269  
0.604135  3.81315  0.906427  3.56561  
0.906427  3.56561  1.15243  3.26919  
1.54065  2.5506  0.00795779  3.99997  
1.15243  3.26919  0.604135  3.81315  
1.92674  1.07269  2  0.00070142  
0.00795779  3.99997  1.54065  2.5506  
2  0.00070142  1.82648  1.6297  
1.82648  1.6297  1.82648  1.6297  
1.69618  2.11941  1.15243  3.26919  
0.906427  3.56561  1.54065  2.5506  
1.92674  1.07269  1.69618  2.11941  
0.604135  3.81315  1.92674  1.07269  
1.35934  2.93407  2  0.00070142  
2  0.00070142  1.35934  2.93407  
0.00795779  3.99997  0.604135  3.81315  
1.15243  3.26919  0.00795779  3.99997  
1.54065  2.5506  0.906427  3.56561  
0.604135  3.81315  0.906427  3.56561  
0.906427  3.56561  2  0.00070142  
1.69618  2.11941  0.604135  3.81315  
1.82648  1.6297  1.69618  2.11941  
1.35934  2.93407  0.00795779  3.99997  
1.15243  3.26919  1.92674  1.07269  
2  0.00070142  1.54065  2.5506  
1.92674  1.07269  1.15243  3.26919  
1.54065  2.5506  1.746  1.95087  
0.00795779  3.99997  1.82648  1.6297  
1.92674  1.07269  1.15243  3.26919  
0.00795779  3.99997  0.604135  3.81315  
0.906427  3.56561  0.00795779  3.99997  
1.15243  3.26919  0.906427  3.56561  
0.604135  3.81315  1.82648  1.6297  
1.69618  2.11941  1.35934  2.93407  
1.54065  2.5506  1.69618  2.11941  
1.35934  2.93407  1.92674  1.07269  
1.82648  1.6297  2  0.00070142  
2  0.00070142  1.54065  2.5506  
2  0.00070142  1.15243  3.26919  
1.35934  2.93407  2  0.00070142  
0.604135  3.81315  1.69618  2.11941  
1.15243  3.26919  0.604135  3.81315  
1.69618  2.11941  1.35934  2.93407  
1.82648  1.6297  0.906427  3.56561  
0.00795779  3.99997  1.82648  1.6297  
1.92675  1.07265  1.92675  1.07265  
0.906427  3.56561  1.54065  2.5506  
1.54065  2.5506  0.00795779  3.99997  
0.906427  3.56561  1.54065  2.5506  
0.00795779  3.99997  0.604135  3.81315  
1.35934  2.93407  0.00795779  3.99997  
1.82648  1.6297  0.906427  3.56561  
1.54065  2.5506  1.15243  3.26919  
1.15243  3.26919  1.69618  2.11941  
0.604135  3.81315  2  0.00070142  
1.69618  2.11941  1.82648  1.6297  
2  0.00070142  1.35934  2.93407  
1.92675  1.07265  1.92675  1.07265  
1.15243  3.26919  2  0.00070142  
1.35934  2.93407  1.54065  2.5506  
1.82648  1.6297  1.82648  1.6297  
1.69618  2.11941  1.69618  2.11941  
2  0.00070142  0.604135  3.81315  
0.604135  3.81315  0.906427  3.56561  
0.00795779  3.99997  1.92675  1.07265  
0.906427  3.56561  1.35934  2.93407  
1.54065  2.5506  1.15243  3.26919  
1.92675  1.07265  0.00795779  3.99997  
0.604135  3.81315  1.82648  1.6297  
1.69618  2.11941  1.92675  1.07265  
1.92675  1.07265  1.35934  2.93407  
1.15243  3.26919  1.84539  1.5421  
0.906427  3.56561  0.906427  3.56561  
2  0.00070142  1.69618  2.11941  
1.54065  2.5506  1.54065  2.5506  
1.35934  2.93407  0.00795779  3.99997  
1.82648  1.6297  1.15243  3.26919  
0.00795779  3.99997  0.604135  3.81315  
1.54065  2.5506  1.35934  2.93407  
1.82648  1.6297  0.906427  3.56561  
1.15243  3.26919  0.00795779  3.99997  
0.906427  3.56561  1.69618  2.11941  
2  0.00070142  0.763532  3.69704  
1.69618  2.11941  1.54065  2.5506  
1.92675  1.07265  1.92675  1.07265  
1.35934  2.93407  1.82648  1.6297  
0.00795779  3.99997  1.15243  3.26919  
0.604135  3.81315  2  0.00070142  
2  0.00070142  1.35934  2.93407  
1.35934  2.93407  0.906427  3.56561  
0.906427  3.56561  1.54065  2.5506  
1.92675  1.07265  2  0.00070142  
1.15243  3.26919  0.604135  3.81315  
1.82648  1.6297  1.92675  1.07265  
0.604135  3.81315  1.82648  1.6297  
1.54065  2.5506  1.15243  3.26919  
1.69618  2.11941  1.69618  2.11941  
0.00795779  3.99997  0.00795779  3.99997  
0.906427  3.56561  0.00795779  3.99997  
1.54065  2.5506  1.69618  2.11941  
2  0.00070142  1.35934  2.93407  
1.82648  1.6297  2  0.00070142  
0.604135  3.81315  0.906427  3.56561  
1.15243  3.26919  1.15243  3.26919  
1.35934  2.93407  1.82648  1.6297  
0.00795779  3.99997  1.54065  2.5506  
1.92675  1.07265  1.92675  1.07265  
1.69618  2.11941  0.604135  3.81315  
1.92675  1.07265  0.00795779  3.99997  
1.82648  1.6297  1.69618  2.11941  
0.00795779  3.99997  2  0.00070142  
1.15243  3.26919  1.82648  1.6297  
0.604135  3.81315  1.54065  2.5506  
0.906427  3.56561  1.15243  3.26919  
1.69618  2.11941  0.906427  3.56561  
2  0.00070142  1.35934  2.93407  
1.35934  2.93407  0.604135  3.81315  
1.54065  2.5506  1.92675  1.07265  
0.906427  3.56561  0.604135  3.81315  
1.15243  3.26919  0.906427  3.56561  
0.604135  3.81315  1.82648  1.6297  
1.82648  1.6297  2  0.00070142  
0.00795779  3.99997  1.92675  1.07265  
1.54065  2.5506  0.00795779  3.99997  
1.35934  2.93407  1.35934  2.93407  
2  0.00070142  1.69618  2.11941  
1.69618  2.11941  1.54065  2.5506  
1.92675  1.07265  1.15243  3.26919  
1.54065  2.5506  2  0.00070142  
1.82648  1.6297  1.15206  3.26972  
1.15243  3.26919  1.69618  2.11941  
0.00795779  3.99997  0.00795779  3.99997  
0.604135  3.81315  1.35934  2.93407  
2  0.00070142  1.92675  1.07265  
1.69618  2.11941  1.54065  2.5506  
1.35934  2.93407  0.604135  3.81315  
0.906427  3.56561  0.906427  3.56561  
1.92675  1.07265  1.82648  1.6297  
0.604135  3.81315  1.69618  2.11941  
0.00795779  3.99997  1.82648  1.6297  
1.15243  3.26919  0.604135  3.81315  
1.35934  2.93407  1.92675  1.07265  
1.54065  2.5506  2  0.00070142  
2  0.00070142  2  0.00070142  
1.82648  1.6297  1.54065  2.5506  
1.92675  1.07265  1.84209  1.55784  
1.69618  2.11941  1.15243  3.26919  
0.906427  3.56561  0.906427  3.56561  
1.92675  1.07265  1.35934  2.93407  
0.604135  3.81315  1.82648  1.6297  
1.35934  2.93407  2  0.00070142  
1.82648  1.6297  1.92675  1.07265  
2  0.00070142  0.00795779  3.99997  
0.00795779  3.99997  0.906427  3.56561  
1.69618  2.11941  1.15243  3.26919  
1.15243  3.26919  0.604135  3.81315  
1.54065  2.5506  1.69618  2.11941  
0.906427  3.56561  1.54065  2.5506  
1.92675  1.07265  1.82648  1.6297  
1.82648  1.6297  2  0.00070142  
0.604135  3.81315  0.604135  3.81315  
1.69618  2.11941  1.15243  3.26919  
1.15243  3.26919  0.00795779  3.99997  
1.54065  2.5506  1.35934  2.93407  
1.35934  2.93407  0.906427  3.56561  
0.00795779  3.99997  1.54065  2.5506  
2  0.00070142  1.92675  1.07265  
0.906427  3.56561  1.69618  2.11941  
0.604135  3.81315  2  0.00070142  
0.906427  3.56561  1.69618  2.11941  
1.92675  1.07265  1.82648  1.6297  
0.00795779  3.99997  0.906427  3.56561  
1.35934  2.93407  1.54065  2.5506  
1.15243  3.26919  1.15243  3.26919  
2  0.00070142  1.92675  1.07265  
1.54065  2.5506  2  0.00070142  
1.69618  2.11941  0.604135  3.81315  
1.82648  1.6297  1.35934  2.93407  
2  0.00070142  0.906427  3.56561  
1.35934  2.93407  1.92675  1.07265  
0.906427  3.56561  0.00795779  3.99997  
1.92675  1.07265  2  0.00070142  
1.15243  3.26919  1.54065  2.5506  
1.82648  1.6297  1.69618  2.11941  
0.604135  3.81315  1.15243  3.26919  
1.54065  2.5506  1.82648  1.6297  
1.69618  2.11941  1.35934  2.93407  
0.00795779  3.99997  0.845498  3.62499  
1.92675  1.07265  2  0.00070142  
2  0.00070142  1.54065  2.5506  
1.82648  1.6297  0.906427  3.56561  
1.15243  3.26919  1.35934  2.93407  
1.69618  2.11941  0.604135  3.81315  
0.604135  3.81315  1.92675  1.07265  
1.35934  2.93407  1.69618  2.11941  
1.54065  2.5506  1.35934  2.93407  
0.00795779  3.99997  1.15243  3.26919  
0.906427  3.56561  1.82648  1.6297  
1.69618  2.11941  1.92675  1.07265  
1.54065  2.5506  1.35934  2.93407  
1.82648  1.6297  1.15243  3.26919  
1.35934  2.93407  0.906427  3.56561  
1.92675  1.07265  0.604135  3.81315  
0.906427  3.56561  1.69618  2.11941  
0.00795779  3.99997  2  0.00070142  
1.15243  3.26919  0.00795779  3.99997  
2  0.00070142  1.82648  1.6297  
0.604135  3.81315  1.54065  2.5506  
1.82648  1.6297  0.00795779  3.99997  
1.35934  2.93407  1.35934  2.93407  
1.92675  1.07265  1.92675  1.07265  
0.604135  3.81315  1.49096  2.66612  
0.906427  3.56561  1.15243  3.26919  
2  0.00070142  0.604135  3.81315  
0.00795779  3.99997  1.82648  1.6297  
1.15243  3.26919  1.54065  2.5506  
1.54065  2.5506  0.906427  3.56561  
1.69618  2.11941  2  0.00070142  
0.906427  3.56561  0.00795779  3.99997  
1.82648  1.6297  1.77755  1.83336  
1.15243  3.26919  1.15243  3.26919  
1.92675  1.07265  1.54065  2.5506  
1.69618  2.11941  1.35934  2.93407  
2  0.00070142  1.69618  2.11941  
1.54065  2.5506  1.82648  1.6297  
1.35934  2.93407  0.906427  3.56561  
0.604135  3.81315  0.604135  3.81315  
0.00795779  3.99997  1.96214  0.774654  
1.92675  1.07265  1.82648  1.6297  
2  0.00070142  1.35934  2.93407  
0.604135  3.81315  0.00795779  3.99997  
1.35934  2.93407  1.69618  2.11941  
0.00795779  3.99997  0.604135  3.81315  
1.15243  3.26919  1.14833  3.27496  
1.54065  2.5506  0.906427  3.56561  
1.69618  2.11941  1.15243  3.26919  
0.906427  3.56561  2  0.00070142  
1.82648  1.6297  1.54065  2.5506  
0.906427  3.56561  1.54065  2.5506  
1.35934  2.93407  1.69618  2.11941  
1.92675  1.07265  1.82648  1.6297  
0.00795779  3.99997  1.92675  1.07265  
1.15243  3.26919  0.604135  3.81315  
2  0.00070142  0.00795779  3.99997  
1.69618  2.11941  1.35934  2.93407  
1.54065  2.5506  0.906427  3.56561  
0.604135  3.81315  1.35934  2.93407  
1.82648  1.6297  2  0.00070142  
2  0.00070142  1.69618  2.11941  
1.69618  2.11941  1.15243  3.26919  
1.35934  2.93407  1.35934  2.93407  
1.92675  1.07265  1.92675  1.07265  
0.604135  3.81315  1.82648  1.6297  
1.82648  1.6297  2  0.00070142  
1.54065  2.5506  0.906427  3.56561  
0.906427  3.56561  1.54065  2.5506  
1.15243  3.26919  0.604135  3.81315  
0.00795779  3.99997  0.00795779  3.99997  
1.15243  3.26919  0.00795779  3.99997  
0.00795779  3.99997  1.15243  3.26919  
1.92675  1.07265  2  0.00070142  
0.604135  3.81315  1.69618  2.11941  
1.82648  1.6297  0.604135  3.81315  
2  0.00070142  0.906427  3.56561  
1.69618  2.11941  1.54065  2.5506  
1.35934  2.93407  1.35934  2.93407  
1.54065  2.5506  1.92675  1.07265  
0.906427  3.56561  1.82648  1.6297  
1.54065  2.5506  1.82648  1.6297  
0.604135  3.81315  1.69618  2.11941  
1.69618  2.11941  1.54065  2.5506  
0.906427  3.56561  1.92675  1.07265  
0.00795779  3.99997  2  0.00070142  
1.35934  2.93407  1.35934  2.93407  
1.92675  1.07265  0.604135  3.81315  
2  0.00070142  1.15243  3.26919  
1.82648  1.6297  0.906427  3.56561  
1.15243  3.26919  0.00795779  3.99997  
1.35934  2.93407  0.906427  3.56561  
2  0.00070142  1.96346  0.7611  
1.54065  2.5506  1.35934  2.93407  
1.69618  2.11941  1.82648  1.6297  
1.15243  3.26919  1.54065  2.5506  
0.00795779  3.99997  2  0.00070142  
1.82648  1.6297  1.69618  2.11941  
0.906427  3.56561  1.15243  3.26919  
0.604135  3.81315  0.00795779  3.99997  
1.92675  1.07265  0.604135  3.81315  
2  0.00070142  0.906427  3.56561  
1.35934  2.93407  1.35934  2.93407  
0.906427  3.56561  1.69618  2.11941  
1.92675  1.07265  0.00795779  3.99997  
1.15243  3.26919  1.92675  1.07265  
1.82648  1.6297  1.54065  2.5506  
0.604135  3.81315  1.82648  1.6297  
1.54065  2.5506  0.70316  3.74463  
1.69618  2.11941  2  0.00070142  
0.00795779  3.99997  1.15243  3.26919  
0.604135  3.81315  1.92675  1.07265  
1.92675  1.07265  0.604135  3.81315  
0.906427  3.56561  1.15243  3.26919  
1.82648  1.6297  1.82648  1.6297  
1.35934  2.93407  1.69618  2.11941  
0.00795779  3.99997  2  0.00070142  
1.54065  2.5506  1.54065  2.5506  
1.69618  2.11941  0.906427  3.56561  
2  0.00070142  1.35934  2.93407  
1.15243  3.26919  0.00795779  3.99997  
1.92675  1.07265  0.00795779  3.99997  
2  0.00070142  0.906427  3.56561  
0.906427  3.56561  0.604135  3.81315  
1.35934  2.93407  1.82648  1.6297  
0.604135  3.81315  1.54065  2.5506  
1.54065  2.5506  2  0.00070142  
0.00795779  3.99997  1.15243  3.26919  
1.69618  2.11941  1.1858  3.2211  
1.82648  1.6297  1.92675  1.07265  
1.15243  3.26919  1.35934  2.93407  
0.906427  3.56561  0.00795779  3.99997  
1.54065  2.5506  1.69618  2.11941  
1.92675  1.07265  1.35934  2.93407  
1.15243  3.26919  1.94137  0.961442  
2  0.00070142  2  0.00070142  
0.00795779  3.99997  0.906427  3.56561  
0.604135  3.81315  1.15243  3.26919  
1.35934  2.93407  1.92675  1.07265  
1.69618  2.11941  1.82648  1.6297  
1.82648  1.6297  0.604135  3.81315  
1.15243  3.26919  1.92675  1.07265  
0.00795779  3.99997  1.69618  2.11941  
0.906427  3.56561  0.604135  3.81315  
1.92675  1.07265  0.00795779  3.99997  
1.69618  2.11941  1.6176  2.35233  
0.604135  3.81315  0.906427  3.56561  
2  0.00070142  1.82648  1.6297  
1.82648  1.6297  1.15243  3.26919  
1.35934  2.93407  1.35934  2.93407  
1.54065  2.5506  2  0.00070142  
