0.32774  0.448862  1.60065  0.0197527  0.0217148  1.55202  
0.55614  0.873824  1.06133  0.534632  0.602368  1.86067  
1.14184  0.728281  0.791069  0.852928  1.12307  0.470858  
0.866343  1.03919  0.453421  0.977217  0.85268  1.5361  
0.877285  1.28023  1.23818  0.0415984  0.054052  1.74402  
0.690823  0.36332  1.74542  0.617122  0.952569  1.42042  
0.140498  0.156318  1.79213  0.0170496  0.011093  1.72623  
0.975146  0.586905  1.30186  0.0295876  0.0243292  1.54508  
1.32763  0.77407  0.633659  0.812827  1.74136  0.74168  
0.951667  0.495669  1.64231  0.737673  0.856175  1.08664  
0.631871  0.451306  1.96364  0.739322  0.919364  0.97137  
0.742056  1.24344  0.592835  1.90258  0.821106  0.805309  
0.173902  0.0902436  1.65114  1.48393  1.48504  0.126518  
0.279311  0.284494  2.01433  0.559129  0.94193  1.82383  
0.529285  0.61987  1.29067  0.666999  1.75725  1.37008  
0.904924  1.103  0.753163  0.516276  0.751173  1.2421  
0.0236164  0.025927  1.8931  0.857985  1.12782  0.236764  
1.36096  1.4322  0.371023  0.221284  0.112268  2.01464  
0.229517  0.223435  1.56676  0.755701  0.908791  1.42155  
0.166349  0.279549  1.69109  0.374899  0.478683  1.35159  
0.707143  1.35919  1.50556  0.625813  0.53007  1.98872  
1.60137  0.983623  0.854784  0.344517  0.499292  1.52082  
1.2801  1.12976  0.463082  0.241378  0.319375  1.9691  
0.202674  0.165111  1.43473  0.553196  0.69742  2.0538  
0.238251  0.454636  1.6338  1.28184  0.935523  1.56778  
0.915005  1.0172  0.128238  0.975271  1.11751  1.07823  
1.42169  0.826458  0.761219  0.629562  1.34118  1.15213  
0.471343  0.85886  1.67326  1.28136  0.9053  0.499812  
1.16222  0.776532  1.41587  0.164913  0.226322  1.77866  
0.252917  0.290616  1.58526  0.284733  0.296993  2.07096  
0.692671  0.531453  1.5696  0.190532  0.173419  1.66611  
0.372757  0.976858  1.88543  1.0156  0.768285  1.10842  
0.191449  0.23207  2.14744  1.04701  1.45284  0.756489  
0.963332  1.21512  0.313446  0.974811  1.70002  0.785575  
0.229798  0.174276  1.6894  0.430365  0.344431  2.27445  
0.994458  1.08664  0.644457  0.435603  0.456817  1.43001  
0.980432  0.912729  0.0357726  0.0776981  0.0548315  2.01886  
0.876209  0.758484  1.33844  0.797663  0.537695  1.48375  
1.20656  1.10332  0.15347  0.144263  0.107163  1.47468  
0.154026  0.286841  1.87921  0.707181  1.69454  1.02026  
0.0603104  0.0329485  1.9136  0.784549  0.61327  1.6027  
0.938229  0.938343  0.630589  1.93477  1.15585  0.837207  
0.724194  0.35708  1.58913  0.658243  0.316007  1.78812  
1.4292  1.3132  0.407727  1.6201  1.18677  0.599079  
1.04655  0.58796  1.6289  1.62955  1.16094  0.583971  
0.593879  0.925728  1.66391  0.109428  0.219828  1.92184  
0.144041  0.195291  1.72872  1.30495  1.15022  0.416062  
0.788498  0.89738  0.86568  0.283384  0.389962  1.76272  
0.989331  1.04001  1.25677  0.096707  0.140205  1.73955  
0.222366  0.35498  1.7923  1.47544  0.688416  0.987533  
0.671936  0.874306  1.19424  1.34807  1.83303  0.420198  
0.241277  0.247413  1.62373  1.29591  0.954069  1.45137  
0.794981  0.865197  1.41655  1.24607  1.38986  0.250527  
1.24532  1.1961  0.116294  1.04843  0.596275  1.10953  
0.826295  0.957016  1.71531  0.0264652  0.0510039  1.8021  
0.573194  1.2132  1.21377  0.183121  0.24938  1.48878  
0.812652  1.57968  0.927873  1.16435  0.826762  0.962309  
0.539461  0.718056  1.41602  1.291  1.59935  0.556475  
0.260746  0.416844  1.73407  0.889722  0.491885  1.2015  
0.703489  0.322858  1.74646  0.601049  1.08467  1.38632  
1.65728  0.768392  0.146089  1.12372  0.591156  1.4839  
0.89232  1.35136  0.100806  0.690102  0.895445  1.58887  
0.134789  0.229369  2.33736  0.631219  0.849202  1.476  
0.307983  0.323715  1.87718  0.573981  1.10306  1.3082  
0.496732  0.325528  1.53533  0.41349  0.981932  1.69969  
1.00239  0.896786  1.2194  0.42084  0.734558  1.95843  
1.38374  1.04832  0.044085  0.317048  0.25617  1.70239  
0.755368  1.26689  0.11119  0.655496  0.611139  0.990121  
0.866995  1.69003  0.819383  0.323757  0.211855  1.66247  
1.92175  1.12209  0.586438  0.0133422  0.00981041  1.74711  
1.12592  0.813206  0.821178  0.551464  0.489976  1.44288  
0.910767  0.690797  2.03446  0.418514  0.62587  1.89236  
0.0310462  0.0154216  1.90169  0.417947  0.599213  1.58996  
0.782238  0.803062  1.03526  0.559615  0.241499  2.07031  
0.434498  0.305095  1.32864  0.163506  0.219088  1.80338  
0.465811  0.748597  1.69539  1.49918  0.816927  0.751043  
1.93934  0.926974  0.476335  0.882613  1.38562  0.763165  
1.20932  0.857553  1.40778  0.991004  0.608675  0.835222  
0.880774  0.767754  0.0653301  0.262671  0.190197  1.58945  
0.0191023  0.0149935  1.60138  1.80101  1.15169  0.860835  
1.83857  0.809417  0.215494  0.811005  1.36983  0.811764  
0.753202  0.985788  1.53153  0.852423  1.11389  1.09158  
0.809018  1.39171  0.647696  0.0676353  0.118861  2.11097  
1.20354  1.39828  1.21878  0.858572  0.986345  1.03881  
0.740819  0.878675  1.33157  0.0865396  0.190351  2.3105  
0.552298  0.956919  1.18687  0.740282  1.86302  0.619017  
0.289112  0.370884  1.81309  0.925437  0.78122  1.09558  
0.757152  1.06148  0.757697  0.13942  0.115775  2.10768  
0.966583  1.33686  0.574559  1.08991  0.725833  1.2541  
1.67477  1.13568  0.237321  1.63366  0.864439  0.472334  
0.776217  0.746679  1.11274  1.21862  0.608295  1.79208  
0.0404417  0.0319994  1.90097  1.53456  0.839068  0.610515  
0.746443  1.25407  0.511929  0.355918  0.257172  1.82064  
0.302659  0.52835  1.69682  0.507682  0.185602  2.36047  
0.845647  0.99701  0.615104  1.57316  1.08405  1.09923  
0.512859  0.550556  1.98627  1.01934  0.875321  1.19257  
1.71249  0.847887  0.38949  0.386824  0.425158  1.54574  
1.20063  0.860775  0.509711  0.0367942  0.0427782  1.57676  
0.291157  0.475479  1.53449  0.989805  1.22997  1.08432  
1.15044  1.42639  0.22359  0.909128  1.39874  0.737711  
0.508987  0.536304  0.742054  0.68022  0.666946  0.384288  
0.288155  0.32487  1.11055  0.508987  0.536304  0.742054  
0.684841  0.69376  0.611414  0.414734  0.428666  0.876092  
0.69774  0.718376  0.308653  0.288155  0.32487  1.11055  
0.414734  0.428666  0.876092  0.0219651  0.0232972  1.04976  
0.742335  0.82738  0.0830957  0.69774  0.718376  0.308653  
0.463093  0.540702  0.979001  0.742335  0.82738  0.0830957  
0.0219651  0.0232972  1.04976  0.360382  0.361529  0.90507  
0.360382  0.361529  0.90507  0.684841  0.69376  0.611414  
0.68022  0.666946  0.384288  0.463093  0.540702  0.979001  
0.802302  0.667701  0.627927  0.365602  0.36946  0.909571  
0.805626  0.882712  0.0592319  0.640254  0.631229  0.489958  
0.311437  0.211327  1.33611  0.805626  0.882712  0.0592319  
0.9771  0.827149  0.37547  0.9771  0.827149  0.37547  
0.784124  0.676751  0.497948  0.802302  0.667701  0.627927  
0.675955  0.714872  0.543208  0.47933  0.49527  0.802481  
0.365602  0.36946  0.909571  0.675955  0.714872  0.543208  
0.22102  0.253824  1.23756  0.311437  0.211327  1.33611  
0.640254  0.631229  0.489958  0.784124  0.676751  0.497948  
0.484157  0.504249  0.813909  0.22102  0.253824  1.23756  
0.693047  0.679381  0.299092  0.415716  0.428333  0.838897  
0.616147  0.604891  0.537062  0.22382  0.224024  0.954991  
0.4768  0.477123  0.739958  0.66179  0.680355  0.369933  
0.66179  0.680355  0.369933  0.286337  0.285039  0.918384  
0.415716  0.428333  0.838897  0.550075  0.550098  0.629626  
0.22382  0.224024  0.954991  0.00126349  0.00126384  1.00931  
0.00126349  0.00126384  1.00931  0.4768  0.477123  0.739958  
0.286337  0.285039  0.918384  0.693047  0.679381  0.299092  
0.550075  0.550098  0.629626  0.707653  0.70764  0.00165453  
0.707653  0.70764  0.00165453  0.616147  0.604891  0.537062  
0.790884  0.776817  0.0076636  0.70054  0.706237  0.26439  
0.70054  0.706237  0.26439  0.212231  0.209701  1.03687  
0.630879  0.643737  0.47373  0.291074  0.284013  0.944646  
0.717877  0.735824  0.246813  0.790884  0.776817  0.0076636  
0.446809  0.389303  0.987076  0.446809  0.389303  0.987076  
0.132662  0.142945  1.17261  0.630879  0.643737  0.47373  
0.759607  0.873892  0.232851  0.713196  0.690985  0.348313  
0.291074  0.284013  0.944646  0.717877  0.735824  0.246813  
0.212231  0.209701  1.03687  0.132662  0.142945  1.17261  
0.713196  0.690985  0.348313  0.759607  0.873892  0.232851  
0.180521  0.180521  0.966864  0.528191  0.528191  0.664853  
0.000258041  0.000258041  1  0.407903  0.407903  0.816842  
0.666743  0.666743  0.333027  0.577364  0.577364  0.577324  
0.407903  0.407903  0.816842  0.707107  0.707107  0.000184191  
0.577364  0.577364  0.577324  0.180521  0.180521  0.966864  
0.528191  0.528191  0.664853  0.673247  0.712594  0.461913  
0.707107  0.707107  0.000184191  0.485179  0.485179  0.727463  
0.301662  0.301662  0.904434  0.301662  0.301662  0.904434  
0.485179  0.485179  0.727463  0.000258041  0.000258041  1  
0.639658  0.639658  0.426235  0.666743  0.666743  0.333027  
0.159593  0.170141  1.02918  0.723276  0.748161  0.101005  
0.723276  0.748161  0.101005  0.713991  0.709423  0.200284  
0.315997  0.322703  0.942713  0.427571  0.418151  0.820439  
0.289816  0.299214  0.93238  0.0187846  0.018573  1.00783  
0.427571  0.418151  0.820439  0.615434  0.632076  0.609151  
0.615434  0.632076  0.609151  0.753165  0.83328  0.160934  
0.21237  0.191401  1.05981  0.21237  0.191401  1.05981  
0.0187846  0.018573  1.00783  0.289816  0.299214  0.93238  
0.713991  0.709423  0.200284  0.315997  0.322703  0.942713  
0.753165  0.83328  0.160934  0.159593  0.170141  1.02918  
0.649343  0.59984  0.69151  0.622647  0.676889  0.606369  
0.670632  0.71769  0.397878  0.498505  0.511619  0.751872  
0.737294  0.815158  0.159077  0.741837  0.72422  0.377562  
0.629081  0.637757  0.555412  0.204475  0.202642  0.970747  
0.77254  0.725139  0.307777  0.36875  0.381112  0.951379  
0.622647  0.676889  0.606369  0.630984  0.601144  1.01292  
0.630984  0.601144  1.01292  0.670632  0.71769  0.397878  
0.36875  0.381112  0.951379  0.649343  0.59984  0.69151  
0.498505  0.511619  0.751872  0.627219  0.63532  0.553526  
0.204475  0.202642  0.970747  0.737294  0.815158  0.159077  
0.836608  0.760176  0.199099  0.836608  0.760176  0.199099  
0.678805  0.674161  0.34276  0.759988  0.731927  0.0251287  
0.705697  0.732062  0.20721  0.705697  0.732062  0.20721  
0.759988  0.731927  0.0251287  0.890066  0.727871  0.0149603  
0.733332  0.808205  0.307361  0.678805  0.674161  0.34276  
0.359744  0.345787  0.930967  0.776382  0.863056  0.104807  
0.571301  0.55329  0.6414  0.186732  0.18614  1.01033  
0.890066  0.727871  0.0149603  0.733332  0.808205  0.307361  
0.186732  0.18614  1.01033  0.571301  0.55329  0.6414  
0.734528  0.770625  0.0961156  0.359744  0.345787  0.930967  
0.61712  0.656264  0.558605  0.806193  0.797371  0.0389985  
0.718181  0.715026  0.229228  0.392574  0.399208  1.00212  
0.543466  0.459242  1.02668  0.543466  0.459242  1.02668  
0.511924  0.546626  0.926797  0.857072  0.694864  0.529623  
1.07623  0.685087  0.544772  0.722438  0.703962  0.277427  
0.392574  0.399208  1.00212  0.718181  0.715026  0.229228  
0.857072  0.694864  0.529623  1.07623  0.685087  0.544772  
0.513554  0.535813  0.720183  0.511924  0.546626  0.926797  
0.806193  0.797371  0.0389985  0.61712  0.656264  0.558605  
0.722438  0.703962  0.277427  0.513554  0.535813  0.720183  
1.03466  0.840759  0.188927  0.242706  0.24191  0.956443  
0.0691061  0.0687091  1.03792  0.0691061  0.0687091  1.03792  
0.644611  0.645072  0.607667  0.526087  0.488839  0.909108  
0.242706  0.24191  0.956443  0.769299  0.656372  0.627004  
0.526087  0.488839  0.909108  0.473919  0.478619  0.759356  
0.70778  0.776677  0.161919  0.70778  0.776677  0.161919  
0.473919  0.478619  0.759356  0.644611  0.645072  0.607667  
0.0821128  0.0775195  1.14304  0.0821128  0.0775195  1.14304  
0.769299  0.656372  0.627004  0.636764  0.615608  0.57158  
0.636764  0.615608  0.57158  1.03466  0.840759  0.188927  
0.339114  0.367779  1.07954  0.631488  0.632359  0.454986  
0.408379  0.38827  0.902642  0.671582  0.644652  0.848586  
0.671582  0.644652  0.848586  0.339114  0.367779  1.07954  
0.774799  0.804386  0.129966  0.408379  0.38827  0.902642  
0.631488  0.632359  0.454986  0.449524  0.461422  0.807612  
0.587628  0.589156  0.559927  0.587628  0.589156  0.559927  
0.711429  0.705712  0.182753  0.711429  0.705712  0.182753  
0.449524  0.461422  0.807612  0.705678  0.704918  0.112982  
0.533052  0.503591  0.795468  0.774799  0.804386  0.129966  
0.705678  0.704918  0.112982  0.533052  0.503591  0.795468  
0.690649  0.603018  0.701873  0.661236  0.679234  0.427561  
0.656464  0.642966  0.459316  0.350358  0.344555  1.03313  
0.201763  0.185816  1.02445  0.744827  0.741497  0.295766  
0.383869  0.324797  1.02963  0.634567  0.670354  0.483028  
0.775786  0.753566  0.28516  0.551734  0.559343  0.664065  
0.144244  0.142966  1.02398  0.295315  0.296793  0.91299  
0.562848  0.684564  0.759071  0.761386  0.724127  0.135839  
0.599506  0.610588  0.579683  0.60922  0.653413  0.590059  
0.728942  0.743116  0.28812  0.687385  0.668721  0.416939  
0.571421  0.527323  0.717893  0.580736  0.597558  0.605744  
0.350358  0.344555  1.03313  0.73045  0.76416  0.104659  
0.634567  0.670354  0.483028  0.220124  0.188439  1.08224  
0.661236  0.679234  0.427561  0.598806  0.591867  0.599396  
0.761386  0.724127  0.135839  0.637814  0.677183  0.615562  
0.687385  0.668721  0.416939  0.90976  0.871547  0.0974717  
0.295315  0.296793  0.91299  0.760614  0.713265  0.0842401  
0.60922  0.653413  0.590059  0.74778  0.747873  0.408338  
0.580736  0.597558  0.605744  0.662049  0.645546  0.443153  
0.551734  0.559343  0.664065  0.70059  0.736955  0.297155  
0.744827  0.741497  0.295766  0.449659  0.410024  0.916829  
0.449659  0.410024  0.916829  0.690649  0.603018  0.701873  
0.70059  0.736955  0.297155  0.728942  0.743116  0.28812  
0.220124  0.188439  1.08224  0.144244  0.142966  1.02398  
0.74778  0.747873  0.408338  0.775786  0.753566  0.28516  
0.73045  0.76416  0.104659  0.201763  0.185816  1.02445  
0.637814  0.677183  0.615562  0.571421  0.527323  0.717893  
0.760614  0.713265  0.0842401  0.656464  0.642966  0.459316  
0.598806  0.591867  0.599396  0.599506  0.610588  0.579683  
0.662049  0.645546  0.443153  0.383869  0.324797  1.02963  
0.90976  0.871547  0.0974717  0.562848  0.684564  0.759071  
0.298298  0.298299  0.906665  0.707107  0.707107  0.000774806  
0.676269  0.67628  0.292816  0.523504  0.523504  0.672228  
0.707107  0.707107  0.000774806  0.189352  0.189332  0.963556  
0.639154  0.639153  0.42775  0.000240966  0.000240964  1.00001  
0.18934  0.18933  0.963521  0.471905  0.47191  0.744728  
0.576919  0.576924  0.578217  0.639154  0.639153  0.42775  
0.523504  0.523504  0.672228  0.576919  0.576924  0.578217  
0.000240966  0.000240964  1.00001  0.298298  0.298299  0.906665  
0.407409  0.40746  0.81741  0.676269  0.67628  0.292816  
0.471905  0.47191  0.744728  0.407409  0.40746  0.81741  
0.301611  0.301611  0.904467  0.301611  0.301611  0.904467  
0.407903  0.407903  0.816842  0.498633  0.488283  0.739916  
0.485179  0.485179  0.727463  0.577364  0.577363  0.577324  
0.531217  0.531217  0.660013  0.707107  0.707107  0.000184191  
0.18793  0.18793  0.964036  3.04325e-05  3.04325e-05  1  
0.707107  0.707107  0.000184191  0.666695  0.666695  0.333221  
0.666695  0.666695  0.333221  0.407903  0.407903  0.816842  
3.04325e-05  3.04325e-05  1  0.639573  0.639573  0.426489  
0.577364  0.577363  0.577324  0.18793  0.18793  0.964036  
0.639573  0.639573  0.426489  0.531217  0.531217  0.660013  
0.713167  0.738061  0.011455  0.713167  0.738061  0.011455  
0.781742  0.718015  0.0285523  0.69214  0.697894  0.214009  
0.687756  0.797893  0.414631  0.687756  0.797893  0.414631  
0.387698  0.387714  0.838825  0.387698  0.387714  0.838825  
0.541773  0.541655  0.643555  0.0177677  0.0177295  1.00332  
0.0177677  0.0177295  1.00332  0.668353  0.679976  0.350146  
0.668353  0.679976  0.350146  0.541773  0.541655  0.643555  
0.69214  0.697894  0.214009  0.32916  0.314188  0.931752  
0.611721  0.61091  0.508301  0.611721  0.61091  0.508301  
0.32916  0.314188  0.931752  0.781742  0.718015  0.0285523  
0.192144  0.192241  1.00012  0.893442  0.814017  5.49814e-05  
0.72707  0.768231  0.163685  0.0639101  0.0636476  1.03056  
0.72063  0.713152  0.0113541  0.6351  0.625292  0.486039  
0.605149  0.589182  0.626772  0.441125  0.451271  0.816442  
0.0935062  0.0930517  0.997322  0.605149  0.589182  0.626772  
0.441125  0.451271  0.816442  0.638299  0.60993  0.534748  
0.0639101  0.0636476  1.03056  0.72063  0.713152  0.0113541  
0.6351  0.625292  0.486039  0.0936806  0.0931249  0.998648  
0.893442  0.814017  5.49814e-05  0.72707  0.768231  0.163685  
0.638299  0.60993  0.534748  0.192144  0.192241  1.00012  
0.694021  0.69419  0.191876  0.684784  0.66802  0.369089  
0.0851538  0.0869043  1.0225  0.435364  0.436638  0.827883  
0.671902  0.780674  0.533457  0.369985  0.375044  0.87604  
0.61279  0.683367  0.63074  0.671902  0.780674  0.533457  
0.684784  0.66802  0.369089  0.61279  0.683367  0.63074  
0.435364  0.436638  0.827883  0.0709866  0.0730757  1.02589  
0.0709866  0.0730757  1.02589  0.616313  0.622036  0.545578  
0.757609  0.836074  0.123619  0.694021  0.69419  0.191876  
0.616313  0.622036  0.545578  0.0851614  0.0869202  1.02264  
0.369985  0.375044  0.87604  0.757609  0.836074  0.123619  
0.405966  0.385924  0.898341  0.696748  0.732617  0.277196  
0.096886  0.0894916  1.05457  0.203537  0.19686  1.01372  
0.0276979  0.0305542  1.1064  0.309738  0.306817  0.910949  
0.696813  0.687511  0.305738  0.405966  0.385924  0.898341  
0.535011  0.53519  0.684833  0.0276979  0.0305542  1.1064  
0.309738  0.306817  0.910949  0.696813  0.687511  0.305738  
0.438109  0.459646  0.835947  0.096886  0.0894916  1.05457  
0.61096  0.60234  0.539803  0.438109  0.459646  0.835947  
0.696748  0.732617  0.277196  0.61096  0.60234  0.539803  
0.203537  0.19686  1.01372  0.535011  0.53519  0.684833  
0.696321  0.747648  0.489727  0.397261  0.392687  0.846101  
0.387319  0.386809  0.839459  0.632844  0.630399  0.455529  
0.531616  0.531827  0.661499  0.696321  0.747648  0.489727  
0.566839  0.563713  0.642653  0.252164  0.254581  0.951286  
0.632844  0.630399  0.455529  0.531616  0.531827  0.661499  
0.252164  0.254581  0.951286  0.643816  0.632062  0.462639  
0.5694  0.570124  0.597867  0.566839  0.563713  0.642653  
0.326068  0.324552  0.892595  0.326068  0.324552  0.892595  
0.643816  0.632062  0.462639  0.5694  0.570124  0.597867  
0.397261  0.392687  0.846101  0.387319  0.386809  0.839459  
0.643816  0.632062  0.462639  0.387319  0.386809  0.839459  
0.387319  0.386809  0.839459  0.632844  0.630399  0.455529  
0.326068  0.324552  0.892595  0.643816  0.632062  0.462639  
0.397261  0.392687  0.846101  0.566839  0.563713  0.642653  
0.566839  0.563713  0.642653  0.5694  0.570124  0.597867  
0.632844  0.630399  0.455529  0.326068  0.324552  0.892595  
0.531616  0.531827  0.661499  0.252164  0.254581  0.951286  
0.751077  0.80644  0.26308  0.397261  0.392687  0.846101  
0.252164  0.254581  0.951286  0.532769  0.533327  0.66315  
0.5694  0.570124  0.597867  0.751077  0.80644  0.26308  
0.404927  0.406259  0.825125  0.539866  0.567761  0.707975  
0.196933  0.194512  0.971579  0.404927  0.406259  0.825125  
0.212531  0.212616  0.957705  0.196933  0.194512  0.971579  
0.654807  0.684191  0.581481  0.149574  0.149831  0.979068  
0.658076  0.658578  0.471936  0.0411681  0.0411867  1.00423  
0.500513  0.501386  0.718695  0.212531  0.212616  0.957705  
0.203848  0.204651  0.964068  0.658076  0.658578  0.471936  
0.0411681  0.0411867  1.00423  0.203848  0.204651  0.964068  
0.149574  0.149831  0.979068  0.654807  0.684191  0.581481  
0.539866  0.567761  0.707975  0.500513  0.501386  0.718695  
0.000864864  0.000864865  1  0.667129  0.667129  0.331481  
0.667129  0.667129  0.331481  0.408343  0.408344  0.816404  
0.528607  0.528607  0.664196  0.193368  0.193368  0.961883  
0.62442  0.624385  0.469378  0.300854  0.300855  0.904976  
0.193368  0.193368  0.961883  0.707105  0.707105  0.00201321  
0.578216  0.578216  0.575615  0.539481  0.538812  0.67744  
0.484402  0.484403  0.728499  0.000864864  0.000864865  1  
0.707105  0.707105  0.00201321  0.578216  0.578216  0.575615  
0.300854  0.300855  0.904976  0.484402  0.484403  0.728499  
0.408343  0.408344  0.816404  0.62442  0.624385  0.469378  
0.0149784  0.0149575  1.0018  0.452556  0.452162  0.772952  
0.400024  0.399025  0.828714  0.0829346  0.0829342  0.993101  
0.573843  0.573595  0.585321  0.257465  0.267031  0.972344  
0.293739  0.292007  0.914459  0.573843  0.573595  0.585321  
0.688292  0.688185  0.230224  0.0149784  0.0149575  1.0018  
0.257465  0.267031  0.972344  0.688292  0.688185  0.230224  
0.452556  0.452162  0.772952  0.400024  0.399025  0.828714  
0.0829346  0.0829342  0.993101  0.707812  0.707354  0.000517404  
0.636293  0.63619  0.437345  0.636293  0.63619  0.437345  
0.707812  0.707354  0.000517404  0.293739  0.292007  0.914459  
0.577363  0.577363  0.577324  0.192458  0.192458  0.962247  
0.301611  0.301611  0.904467  3.04325e-05  3.04325e-05  1  
0.192458  0.192458  0.962247  0.529862  0.529862  0.662188  
0.666695  0.666695  0.333221  0.484699  0.484699  0.728103  
0.529862  0.529862  0.662188  0.301611  0.301611  0.904467  
0.484699  0.484699  0.728103  0.707107  0.707107  0.000184191  
0.408343  0.408343  0.816402  0.666695  0.666695  0.333221  
3.04325e-05  3.04325e-05  1  0.408343  0.408343  0.816402  
0.639573  0.639573  0.426489  0.577363  0.577363  0.577324  
0.707107  0.707107  0.000184191  0.639573  0.639573  0.426489  
0.38915  0.389151  0.834985  0.490933  0.490898  0.7198  
0.707069  0.707069  0.0103599  0.687188  0.687189  0.236116  
0.458936  0.459128  0.763485  0.707069  0.707069  0.0103599  
0.687188  0.687189  0.236116  0.38915  0.389151  0.834985  
0.490933  0.490898  0.7198  0.458936  0.459128  0.763485  
0.651269  0.65127  0.389493  0.651269  0.65127  0.389493  
0.0015731  0.00157265  1.00079  0.237957  0.237957  0.941725  
0.237957  0.237957  0.941725  0.578482  0.578515  0.575624  
0.316971  0.316971  0.893902  0.316971  0.316971  0.893902  
0.578482  0.578515  0.575624  0.0015731  0.00157265  1.00079  
0.593003  0.591439  0.551551  0.665341  0.661313  0.412509  
0.737461  0.785622  0.0309165  0.616939  0.617779  0.489415  
0.665341  0.661313  0.412509  0.00904062  0.00904139  1.00007  
0.616939  0.617779  0.489415  0.698394  0.702988  0.165403  
0.421734  0.448774  0.862398  0.737461  0.785622  0.0309165  
0.698394  0.702988  0.165403  0.32669  0.330741  0.898655  
0.32669  0.330741  0.898655  0.263413  0.263471  0.928311  
0.00904062  0.00904139  1.00007  0.593003  0.591439  0.551551  
0.263413  0.263471  0.928311  0.421734  0.448774  0.862398  
0.713173  0.768124  0.0600504  0.713173  0.768124  0.0600504  
0.486927  0.489594  0.774994  0.486927  0.489594  0.774994  
0.327581  0.325288  0.923379  0.702896  0.701219  0.140714  
0.710235  0.721969  0.00346999  0.327581  0.325288  0.923379  
0.330578  0.350628  0.969369  0.710235  0.721969  0.00346999  
0.1881  0.188278  0.964565  0.330578  0.350628  0.969369  
0.706942  0.702266  0.143151  0.624325  0.618024  0.534126  
0.702896  0.701219  0.140714  0.577212  0.572738  0.592636  
0.686885  0.686525  0.265283  0.686885  0.686525  0.265283  
0.624325  0.618024  0.534126  0.706942  0.702266  0.143151  
0.577212  0.572738  0.592636  0.1881  0.188278  0.964565  
0.714002  0.728503  0.0648496  0.608491  0.609264  0.513906  
0.709509  0.707894  0.0631364  0.709509  0.707894  0.0631364  
0.325872  0.32532  0.890714  0.608635  0.579958  0.608539  
0.504683  0.50469  0.700432  0.504683  0.50469  0.700432  
0.655524  0.655528  0.374984  0.655524  0.655528  0.374984  
0.608635  0.579958  0.608539  0.714002  0.728503  0.0648496  
0.608491  0.609264  0.513906  0.310136  0.305494  0.926481  
0.310136  0.305494  0.926481  0.179124  0.179318  0.973353  
0.179124  0.179318  0.973353  0.711562  0.746449  0.0295893  
0.711562  0.746449  0.0295893  0.325872  0.32532  0.890714  
0.20872  0.208725  0.955468  0.490087  0.490086  0.720855  
0.700269  0.700269  0.138737  0.513626  0.513617  0.687333  
0.384914  0.384914  0.838858  0.20872  0.208725  0.955468  
0.491962  0.491958  0.718305  0.426303  0.426302  0.797833  
0.490087  0.490086  0.720855  0.676218  0.676218  0.292334  
0.513626  0.513617  0.687333  0.700269  0.700269  0.138737  
0.426303  0.426302  0.797833  0.491962  0.491958  0.718305  
0.698908  0.698908  0.15184  0.384914  0.384914  0.838858  
0.68105  0.681047  0.268997  0.68105  0.681047  0.268997  
0.676218  0.676218  0.292334  0.698908  0.698908  0.15184  
0.513626  0.513617  0.687333  0.491962  0.491958  0.718305  
0.676218  0.676218  0.292334  0.700269  0.700269  0.138737  
0.384914  0.384914  0.838858  0.384914  0.384914  0.838858  
0.700269  0.700269  0.138737  0.676218  0.676218  0.292334  
0.20872  0.208725  0.955468  0.426303  0.426302  0.797833  
0.490087  0.490086  0.720855  0.68105  0.681047  0.268997  
0.698908  0.698908  0.15184  0.698908  0.698908  0.15184  
0.68105  0.681047  0.268997  0.20872  0.208725  0.955468  
0.426303  0.426302  0.797833  0.490087  0.490086  0.720855  
0.491962  0.491958  0.718305  0.513626  0.513617  0.687333  
0.29771  0.29771  0.907049  0.29771  0.29771  0.907049  
0.323945  0.323945  0.888887  0.684264  0.684264  0.252124  
0.668717  0.668717  0.325015  0.668717  0.668717  0.325015  
0.706995  0.706995  0.0177926  0.706995  0.706995  0.0177926  
0.53655  0.53655  0.651328  0.519229  0.519229  0.678825  
0.694041  0.694041  0.191349  0.006708  0.006708  0.999955  
0.70686  0.70686  0.0264074  0.323945  0.323945  0.888887  
0.006708  0.006708  0.999955  0.53655  0.53655  0.651328  
0.684264  0.684264  0.252124  0.70686  0.70686  0.0264074  
0.519229  0.519229  0.678825  0.694041  0.694041  0.191349  
0.676218  0.676218  0.292334  0.698908  0.698908  0.15184  
0.65212  0.652119  0.386633  0.513626  0.513617  0.687333  
0.68105  0.681047  0.268997  0.68105  0.681047  0.268997  
0.6883  0.6883  0.229101  0.490087  0.490087  0.720855  
0.491962  0.491958  0.718305  0.676218  0.676218  0.292334  
0.513626  0.513617  0.687333  0.65212  0.652119  0.386633  
0.20872  0.208725  0.955468  0.707096  0.707096  0.00551306  
0.700269  0.700269  0.138737  0.20872  0.208725  0.955468  
0.707096  0.707096  0.00551306  0.491962  0.491958  0.718305  
0.490087  0.490087  0.720855  0.700269  0.700269  0.138737  
0.707093  0.707093  0.00620428  0.23541  0.23541  0.942955  
0.000468848  0.000468848  1  0.639384  0.639384  0.427056  
0.405184  0.405184  0.819544  0.707093  0.707093  0.00620428  
0.23541  0.23541  0.942955  0.405184  0.405184  0.819544  
0.456168  0.456168  0.764083  0.577169  0.577169  0.577712  
0.688134  0.688134  0.230092  0.456168  0.456168  0.764083  
0.486626  0.486626  0.725528  0.486626  0.486626  0.725528  
0.577169  0.577169  0.577712  0.346104  0.346104  0.872023  
0.639384  0.639384  0.427056  0.000468848  0.000468848  1  
0.346104  0.346104  0.872023  0.688134  0.688134  0.230092  
0.529817  0.529817  0.66226  0.577363  0.577363  0.577324  
0.484854  0.484854  0.727896  3.04325e-05  3.04325e-05  1  
0.408343  0.408343  0.816402  0.484854  0.484854  0.727896  
0.192458  0.192458  0.962247  0.639573  0.639573  0.426489  
0.639573  0.639573  0.426489  0.192458  0.192458  0.962247  
0.577363  0.577363  0.577324  0.707107  0.707107  0.000184191  
0.301541  0.301541  0.904514  0.408343  0.408343  0.816402  
0.707107  0.707107  0.000184191  0.301541  0.301541  0.904514  
3.04325e-05  3.04325e-05  1  0.529817  0.529817  0.66226  
0.666695  0.666695  0.333221  0.666695  0.666695  0.333221  
0.630856  0.630856  0.451711  0.630856  0.630856  0.451711  
0.576455  0.576455  0.579137  0.405878  0.405878  0.818857  
0.259988  0.259988  0.929953  0.00215079  0.00215079  0.999995  
0.706935  0.706935  0.0220448  0.259988  0.259988  0.929953  
0.405878  0.405878  0.818857  0.706935  0.706935  0.0220448  
0.652637  0.652637  0.384876  0.669229  0.669229  0.322901  
0.0658082  0.0658082  0.99566  0.576455  0.576455  0.579137  
0.00215079  0.00215079  0.999995  0.0658082  0.0658082  0.99566  
0.669229  0.669229  0.322901  0.652637  0.652637  0.384876  
0.504282  0.504282  0.700999  0.504282  0.504282  0.700999  
0.699595  0.699595  0.145372  0.59105  0.591043  0.548951  
0.607405  0.607404  0.511977  0.605206  0.605206  0.517158  
0.00254178  0.00254178  0.999994  0.408832  0.408832  0.815913  
0.629171  0.629166  0.456409  0.629171  0.629166  0.456409  
0.59105  0.591043  0.548951  0.699595  0.699595  0.145372  
0.408832  0.408832  0.815913  0.535416  0.535417  0.653199  
0.535416  0.535417  0.653199  0.607405  0.607404  0.511977  
0.639476  0.639476  0.426781  0.526324  0.526319  0.667828  
0.526324  0.526319  0.667828  0.639476  0.639476  0.426781  
0.605206  0.605206  0.517158  0.00254178  0.00254178  0.999994  
0.1499  0.1499  0.977272  0.601873  0.601873  0.52488  
0.116596  0.116596  0.986312  0.309873  0.309873  0.898865  
0.706902  0.706902  0.0240452  0.0739826  0.0739826  0.994512  
0.646388  0.646388  0.405421  0.696185  0.696203  0.175102  
0.481159  0.48116  0.732785  0.622825  0.622825  0.473473  
0.427767  0.427767  0.79626  0.164655  0.164655  0.972511  
0.322068  0.322068  0.89025  0.697057  0.697057  0.167998  
0.703116  0.703116  0.106101  0.402922  0.402922  0.821771  
0.111022  0.111023  0.987615  0.524433  0.524433  0.670776  
0.532021  0.532021  0.658717  0.693959  0.693959  0.191942  
0.696185  0.696203  0.175102  0.111022  0.111023  0.987615  
0.697057  0.697057  0.167998  0.427767  0.427767  0.79626  
0.0739826  0.0739826  0.994512  0.1499  0.1499  0.977272  
0.601873  0.601873  0.52488  0.706902  0.706902  0.0240452  
0.164655  0.164655  0.972511  0.703116  0.703116  0.106101  
0.693959  0.693959  0.191942  0.481159  0.48116  0.732785  
0.402922  0.402922  0.821771  0.532021  0.532021  0.658717  
0.524433  0.524433  0.670776  0.116596  0.116596  0.986312  
0.622825  0.622825  0.473473  0.322068  0.322068  0.89025  
0.309873  0.309873  0.898865  0.646388  0.646388  0.405421  
0.301508  0.301508  0.904536  0.00010093  0.00010093  1  
0.00010093  0.00010093  1  0.408235  0.408235  0.81651  
0.48507  0.48507  0.727609  0.48507  0.48507  0.727609  
0.707107  0.707107  0.000142227  0.529813  0.529813  0.662266  
0.577351  0.577351  0.577349  0.19245  0.19245  0.96225  
0.408235  0.408235  0.81651  0.301508  0.301508  0.904536  
0.666677  0.666677  0.333293  0.666677  0.666677  0.333293  
0.529813  0.529813  0.662266  0.639592  0.639592  0.426431  
0.19245  0.19245  0.96225  0.707107  0.707107  0.000142227  
0.639592  0.639592  0.426431  0.577351  0.577351  0.577349  
0.48507  0.48507  0.727609  0.00010093  0.00010093  1  
0.00010093  0.00010093  1  0.707107  0.707107  0.000142227  
0.666677  0.666677  0.333293  0.19245  0.19245  0.96225  
0.639592  0.639592  0.426431  0.408235  0.408235  0.81651  
0.707107  0.707107  0.000142227  0.301508  0.301508  0.904536  
0.408235  0.408235  0.81651  0.577351  0.577351  0.577349  
0.529813  0.529813  0.662266  0.529813  0.529813  0.662266  
0.301508  0.301508  0.904536  0.48507  0.48507  0.727609  
0.577351  0.577351  0.577349  0.639592  0.639592  0.426431  
0.19245  0.19245  0.96225  0.666677  0.666677  0.333293  
0.00010093  0.00010093  1  0.48507  0.48507  0.727609  
0.529813  0.529813  0.662266  0.301508  0.301508  0.904536  
0.301508  0.301508  0.904536  0.639592  0.639592  0.426431  
0.408235  0.408235  0.81651  0.19245  0.19245  0.96225  
0.19245  0.19245  0.96225  0.529813  0.529813  0.662266  
0.707107  0.707107  0.000142227  0.408235  0.408235  0.81651  
0.639592  0.639592  0.426431  0.577351  0.577351  0.577349  
0.666677  0.666677  0.333293  0.707107  0.707107  0.000142227  
0.577351  0.577351  0.577349  0.00010093  0.00010093  1  
0.48507  0.48507  0.727609  0.666677  0.666677  0.333293  
0.301508  0.301508  0.904536  0.48507  0.48507  0.727609  
0.48507  0.48507  0.727609  0.707107  0.707107  0.000142227  
0.00010093  0.00010093  1  0.529813  0.529813  0.662266  
0.19245  0.19245  0.96225  0.19245  0.19245  0.96225  
0.408235  0.408235  0.81651  0.639592  0.639592  0.426431  
0.707107  0.707107  0.000142227  0.577351  0.577351  0.577349  
0.529813  0.529813  0.662266  0.00010093  0.00010093  1  
0.639592  0.639592  0.426431  0.666677  0.666677  0.333293  
0.577351  0.577351  0.577349  0.301508  0.301508  0.904536  
0.666677  0.666677  0.333293  0.408235  0.408235  0.81651  
0.408235  0.408235  0.81651  0.408235  0.408235  0.81651  
0.00010093  0.00010093  1  0.639592  0.639592  0.426431  
0.301508  0.301508  0.904536  0.00010093  0.00010093  1  
0.707107  0.707107  0.000142227  0.707107  0.707107  0.000142227  
0.639592  0.639592  0.426431  0.577351  0.577351  0.577349  
0.577351  0.577351  0.577349  0.529813  0.529813  0.662266  
0.19245  0.19245  0.96225  0.301508  0.301508  0.904536  
0.529813  0.529813  0.662266  0.19245  0.19245  0.96225  
0.666677  0.666677  0.333293  0.666677  0.666677  0.333293  
0.48507  0.48507  0.727609  0.48507  0.48507  0.727609  
0.707107  0.707107  0.000142227  0.707107  0.707107  0.000142227  
0.48507  0.48507  0.727609  0.48507  0.48507  0.727609  
0.408235  0.408235  0.81651  0.577351  0.577351  0.577349  
0.577351  0.577351  0.577349  0.301508  0.301508  0.904536  
0.19245  0.19245  0.96225  0.666677  0.666677  0.333293  
0.529813  0.529813  0.662266  0.19245  0.19245  0.96225  
0.301508  0.301508  0.904536  0.00010093  0.00010093  1  
0.666677  0.666677  0.333293  0.529813  0.529813  0.662266  
0.639592  0.639592  0.426431  0.408235  0.408235  0.81651  
0.00010093  0.00010093  1  0.639592  0.639592  0.426431  
0.707107  0.707107  0.000142227  0.639592  0.639592  0.426431  
0.408235  0.408235  0.81651  0.611218  0.611218  0.502816  
0.19245  0.19245  0.96225  0.301508  0.301508  0.904536  
0.48507  0.48507  0.727609  0.707107  0.707107  0.000142227  
0.577351  0.577351  0.577349  0.577351  0.577351  0.577349  
0.666677  0.666677  0.333293  0.529813  0.529813  0.662266  
0.301508  0.301508  0.904536  0.19245  0.19245  0.96225  
0.529813  0.529813  0.662266  0.48507  0.48507  0.727609  
0.00010093  0.00010093  1  0.666677  0.666677  0.333293  
0.639592  0.639592  0.426431  0.408235  0.408235  0.81651  
0.639592  0.639592  0.426431  0.408235  0.408235  0.81651  
0.529813  0.529813  0.662266  0.301508  0.301508  0.904536  
0.408235  0.408235  0.81651  0.577351  0.577351  0.577349  
0.00010093  0.00010093  1  0.00010093  0.00010093  1  
0.577351  0.577351  0.577349  0.639592  0.639592  0.426431  
0.666677  0.666677  0.333293  0.19245  0.19245  0.96225  
0.707107  0.707107  0.000142227  0.529813  0.529813  0.662266  
0.48507  0.48507  0.727609  0.666677  0.666677  0.333293  
0.19245  0.19245  0.96225  0.48507  0.48507  0.727609  
0.301508  0.301508  0.904536  0.707107  0.707107  0.000142227  
0.19245  0.19245  0.96225  0.529813  0.529813  0.662266  
0.529813  0.529813  0.662266  0.639592  0.639592  0.426431  
0.408235  0.408235  0.81651  0.666677  0.666677  0.333293  
0.666677  0.666677  0.333293  0.301508  0.301508  0.904536  
0.707107  0.707107  0.000142227  0.577351  0.577351  0.577349  
0.577351  0.577351  0.577349  0.707107  0.707107  0.000142227  
0.00010093  0.00010093  1  0.48507  0.48507  0.727609  
0.301508  0.301508  0.904536  0.408235  0.408235  0.81651  
0.48507  0.48507  0.727609  0.19245  0.19245  0.96225  
0.639592  0.639592  0.426431  0.00010093  0.00010093  1  
0.48507  0.48507  0.727609  0.301508  0.301508  0.904536  
0.577351  0.577351  0.577349  0.48507  0.48507  0.727609  
0.529813  0.529813  0.662266  0.577351  0.577351  0.577349  
0.666677  0.666677  0.333293  0.707107  0.707107  0.000142227  
0.707107  0.707107  0.000142227  0.639592  0.639592  0.426431  
0.408235  0.408235  0.81651  0.00010093  0.00010093  1  
0.00010093  0.00010093  1  0.408235  0.408235  0.81651  
0.301508  0.301508  0.904536  0.529813  0.529813  0.662266  
0.639592  0.639592  0.426431  0.19245  0.19245  0.96225  
0.19245  0.19245  0.96225  0.666677  0.666677  0.333293  
0.00010093  0.00010093  1  0.00010093  0.00010093  1  
0.639592  0.639592  0.426431  0.48507  0.48507  0.727609  
0.707107  0.707107  0.000142227  0.707107  0.707107  0.000142227  
0.666677  0.666677  0.333293  0.639592  0.639592  0.426431  
0.48507  0.48507  0.727609  0.19245  0.19245  0.96225  
0.301508  0.301508  0.904536  0.408235  0.408235  0.81651  
0.408235  0.408235  0.81651  0.577351  0.577351  0.577349  
0.19245  0.19245  0.96225  0.301508  0.301508  0.904536  
0.529813  0.529813  0.662266  0.666677  0.666677  0.333293  
0.577351  0.577351  0.577349  0.529813  0.529813  0.662266  
0.19245  0.19245  0.96225  0.48507  0.48507  0.727609  
0.301508  0.301508  0.904536  0.666677  0.666677  0.333293  
0.529813  0.529813  0.662266  0.639592  0.639592  0.426431  
0.408235  0.408235  0.81651  0.00010093  0.00010093  1  
0.577351  0.577351  0.577349  0.408235  0.408235  0.81651  
0.639592  0.639592  0.426431  0.577351  0.577351  0.577349  
0.00010093  0.00010093  1  0.707107  0.707107  0.000142227  
0.48507  0.48507  0.727609  0.529813  0.529813  0.662266  
0.707107  0.707107  0.000142227  0.19245  0.19245  0.96225  
0.666677  0.666677  0.333293  0.301508  0.301508  0.904536  
0.707107  0.707107  0.000142227  0.666677  0.666677  0.333293  
0.639592  0.639592  0.426431  0.48507  0.48507  0.727609  
0.19245  0.19245  0.96225  0.639592  0.639592  0.426431  
0.301508  0.301508  0.904536  0.19245  0.19245  0.96225  
0.529813  0.529813  0.662266  0.577351  0.577351  0.577349  
0.00010093  0.00010093  1  0.529813  0.529813  0.662266  
0.48507  0.48507  0.727609  0.00010093  0.00010093  1  
0.666677  0.666677  0.333293  0.707107  0.707107  0.000142227  
0.408235  0.408235  0.81651  0.408235  0.408235  0.81651  
0.577351  0.577351  0.577349  0.301508  0.301508  0.904536  
0.19245  0.19245  0.96225  0.639592  0.639592  0.426431  
0.577351  0.577351  0.577349  0.529813  0.529813  0.662266  
0.666677  0.666677  0.333293  0.00010093  0.00010093  1  
0.639592  0.639592  0.426431  0.19245  0.19245  0.96225  
0.301508  0.301508  0.904536  0.408235  0.408235  0.81651  
0.48507  0.48507  0.727609  0.48507  0.48507  0.727609  
0.00010093  0.00010093  1  0.707107  0.707107  0.000142227  
0.529813  0.529813  0.662266  0.301508  0.301508  0.904536  
0.707107  0.707107  0.000142227  0.666677  0.666677  0.333293  
0.408235  0.408235  0.81651  0.577351  0.577351  0.577349  
0.707107  0.707107  0.000142227  0.666677  0.666677  0.333293  
0.48507  0.48507  0.727609  0.301508  0.301508  0.904536  
0.408235  0.408235  0.81651  0.408235  0.408235  0.81651  
0.639592  0.639592  0.426431  0.19245  0.19245  0.96225  
0.577351  0.577351  0.577349  0.639592  0.639592  0.426431  
0.00010093  0.00010093  1  0.529813  0.529813  0.662266  
0.666677  0.666677  0.333293  0.00010093  0.00010093  1  
0.19245  0.19245  0.96225  0.577351  0.577351  0.577349  
0.301508  0.301508  0.904536  0.48507  0.48507  0.727609  
0.529813  0.529813  0.662266  0.369115  0.369115  0.852941  
0.707107  0.707107  0.000142227  0.48507  0.48507  0.727609  
0.666677  0.666677  0.333293  0.301508  0.301508  0.904536  
0.301508  0.301508  0.904536  0.639592  0.639592  0.426431  
0.19245  0.19245  0.96225  0.00010093  0.00010093  1  
0.529813  0.529813  0.662266  0.577351  0.577351  0.577349  
0.577351  0.577351  0.577349  0.707107  0.707107  0.000142227  
0.408235  0.408235  0.81651  0.19245  0.19245  0.96225  
0.00010093  0.00010093  1  0.666677  0.666677  0.333293  
0.48507  0.48507  0.727609  0.529813  0.529813  0.662266  
0.639592  0.639592  0.426431  0.408235  0.408235  0.81651  
0.19245  0.19245  0.96225  0.639592  0.639592  0.426431  
0.301508  0.301508  0.904536  0.19245  0.19245  0.96225  
0.639592  0.639592  0.426431  0.48507  0.48507  0.727609  
0.707107  0.707107  0.000142227  0.408235  0.408235  0.81651  
0.48507  0.48507  0.727609  0.301508  0.301508  0.904536  
0.00010093  0.00010093  1  0.529813  0.529813  0.662266  
0.529813  0.529813  0.662266  0.666677  0.666677  0.333293  
0.666677  0.666677  0.333293  0.00010093  0.00010093  1  
0.408235  0.408235  0.81651  0.577351  0.577351  0.577349  
0.577351  0.577351  0.577349  0.707107  0.707107  0.000142227  
0.19245  0.19245  0.96225  0.577351  0.577351  0.577349  
0.577351  0.577351  0.577349  0.707107  0.707107  0.000142227  
0.529813  0.529813  0.662266  0.639592  0.639592  0.426431  
0.48507  0.48507  0.727609  0.48507  0.48507  0.727609  
0.00010093  0.00010093  1  0.301508  0.301508  0.904536  
0.301508  0.301508  0.904536  0.19245  0.19245  0.96225  
0.707107  0.707107  0.000142227  0.408235  0.408235  0.81651  
0.666677  0.666677  0.333293  0.666677  0.666677  0.333293  
0.408235  0.408235  0.81651  0.00010093  0.00010093  1  
0.639592  0.639592  0.426431  0.529813  0.529813  0.662266  
0.19245  0.19245  0.96225  0.666677  0.666677  0.333293  
0.666677  0.666677  0.333293  0.19245  0.19245  0.96225  
0.639592  0.639592  0.426431  0.00010093  0.00010093  1  
0.301508  0.301508  0.904536  0.577351  0.577351  0.577349  
0.408235  0.408235  0.81651  0.408235  0.408235  0.81651  
0.00010093  0.00010093  1  0.707107  0.707107  0.000142227  
0.577351  0.577351  0.577349  0.48507  0.48507  0.727609  
0.529813  0.529813  0.662266  0.639592  0.639592  0.426431  
0.707107  0.707107  0.000142227  0.529813  0.529813  0.662266  
0.48507  0.48507  0.727609  0.301508  0.301508  0.904536  
0.48507  0.48507  0.727609  0.666677  0.666677  0.333293  
0.408235  0.408235  0.81651  0.707107  0.707107  0.000142227  
0.00010093  0.00010093  1  0.301508  0.301508  0.904536  
0.577351  0.577351  0.577349  0.577351  0.577351  0.577349  
0.19245  0.19245  0.96225  0.529813  0.529813  0.662266  
0.707107  0.707107  0.000142227  0.48507  0.48507  0.727609  
0.639592  0.639592  0.426431  0.19245  0.19245  0.96225  
0.301508  0.301508  0.904536  0.00010093  0.00010093  1  
0.666677  0.666677  0.333293  0.408235  0.408235  0.81651  
0.529813  0.529813  0.662266  0.639592  0.639592  0.426431  
0.639592  0.639592  0.426431  0.00010093  0.00010093  1  
0.529813  0.529813  0.662266  0.529813  0.529813  0.662266  
0.48507  0.48507  0.727609  0.639592  0.639592  0.426431  
0.666677  0.666677  0.333293  0.408235  0.408235  0.81651  
0.00010093  0.00010093  1  0.301508  0.301508  0.904536  
0.408235  0.408235  0.81651  0.707107  0.707107  0.000142227  
0.19245  0.19245  0.96225  0.48507  0.48507  0.727609  
0.577351  0.577351  0.577349  0.19245  0.19245  0.96225  
0.707107  0.707107  0.000142227  0.666677  0.666677  0.333293  
0.301508  0.301508  0.904536  0.577351  0.577351  0.577349  
0.666677  0.666677  0.333293  0.48507  0.48507  0.727609  
0.48507  0.48507  0.727609  0.666677  0.666677  0.333293  
0.529813  0.529813  0.662266  0.19245  0.19245  0.96225  
0.19245  0.19245  0.96225  0.707107  0.707107  0.000142227  
0.577351  0.577351  0.577349  0.408235  0.408235  0.81651  
0.301508  0.301508  0.904536  0.529813  0.529813  0.662266  
0.00010093  0.00010093  1  0.00010093  0.00010093  1  
0.707107  0.707107  0.000142227  0.639592  0.639592  0.426431  
0.639592  0.639592  0.426431  0.577351  0.577351  0.577349  
0.408235  0.408235  0.81651  0.301508  0.301508  0.904536  
0.639592  0.639592  0.426431  0.00010093  0.00010093  1  
0.529813  0.529813  0.662266  0.707107  0.707107  0.000142227  
0.577351  0.577351  0.577349  0.48507  0.48507  0.727609  
0.48507  0.48507  0.727609  0.666677  0.666677  0.333293  
0.666677  0.666677  0.333293  0.529813  0.529813  0.662266  
0.301508  0.301508  0.904536  0.577351  0.577351  0.577349  
0.19245  0.19245  0.96225  0.19245  0.19245  0.96225  
0.707107  0.707107  0.000142227  0.301508  0.301508  0.904536  
0.408235  0.408235  0.81651  0.408235  0.408235  0.81651  
0.00010093  0.00010093  1  0.639592  0.639592  0.426431  
0.529813  0.529813  0.662266  0.707107  0.707107  0.000142227  
0.577351  0.577351  0.577349  0.48507  0.48507  0.727609  
0.19245  0.19245  0.96225  0.19245  0.19245  0.96225  
0.408235  0.408235  0.81651  0.00010093  0.00010093  1  
0.666677  0.666677  0.333293  0.577351  0.577351  0.577349  
0.48507  0.48507  0.727609  0.639592  0.639592  0.426431  
0.00010093  0.00010093  1  0.408235  0.408235  0.81651  
0.639592  0.639592  0.426431  0.529813  0.529813  0.662266  
0.301508  0.301508  0.904536  0.666677  0.666677  0.333293  
0.707107  0.707107  0.000142227  0.301508  0.301508  0.904536  
0.408235  0.408235  0.81651  0.301508  0.301508  0.904536  
0.666677  0.666677  0.333293  0.19245  0.19245  0.96225  
0.707107  0.707107  0.000142227  0.666677  0.666677  0.333293  
0.301508  0.301508  0.904536  0.408235  0.408235  0.81651  
0.48507  0.48507  0.727609  0.639592  0.639592  0.426431  
0.529813  0.529813  0.662266  0.00010093  0.00010093  1  
0.577351  0.577351  0.577349  0.577351  0.577351  0.577349  
0.19245  0.19245  0.96225  0.48507  0.48507  0.727609  
0.639592  0.639592  0.426431  0.707107  0.707107  0.000142227  
0.00010093  0.00010093  1  0.529813  0.529813  0.662266  
0.666677  0.666677  0.333293  0.707107  0.707107  0.000142227  
0.408235  0.408235  0.81651  0.00010093  0.00010093  1  
0.577351  0.577351  0.577349  0.577351  0.577351  0.577349  
0.301508  0.301508  0.904536  0.301508  0.301508  0.904536  
0.707107  0.707107  0.000142227  0.408235  0.408235  0.81651  
0.48507  0.48507  0.727609  0.639592  0.639592  0.426431  
0.00010093  0.00010093  1  0.19245  0.19245  0.96225  
0.19245  0.19245  0.96225  0.529813  0.529813  0.662266  
0.529813  0.529813  0.662266  0.666677  0.666677  0.333293  
0.639592  0.639592  0.426431  0.48507  0.48507  0.727609  
0.639592  0.639592  0.426431  0.19245  0.19245  0.96225  
0.529813  0.529813  0.662266  0.408235  0.408235  0.81651  
0.707107  0.707107  0.000142227  0.301508  0.301508  0.904536  
0.19245  0.19245  0.96225  0.707107  0.707107  0.000142227  
0.666677  0.666677  0.333293  0.00010093  0.00010093  1  
0.301508  0.301508  0.904536  0.577351  0.577351  0.577349  
0.408235  0.408235  0.81651  0.529813  0.529813  0.662266  
0.577351  0.577351  0.577349  0.48507  0.48507  0.727609  
0.00010093  0.00010093  1  0.666677  0.666677  0.333293  
0.48507  0.48507  0.727609  0.639592  0.639592  0.426431  
0.48507  0.48507  0.727609  0.00010093  0.00010093  1  
0.666677  0.666677  0.333293  0.707107  0.707107  0.000142227  
0.577351  0.577351  0.577349  0.408235  0.408235  0.81651  
0.19245  0.19245  0.96225  0.666677  0.666677  0.333293  
0.639592  0.639592  0.426431  0.639592  0.639592  0.426431  
0.707107  0.707107  0.000142227  0.48507  0.48507  0.727609  
0.408235  0.408235  0.81651  0.577351  0.577351  0.577349  
0.00010093  0.00010093  1  0.19245  0.19245  0.96225  
0.529813  0.529813  0.662266  0.301508  0.301508  0.904536  
0.301508  0.301508  0.904536  0.529813  0.529813  0.662266  
0.301508  0.301508  0.904536  0.00010093  0.00010093  1  
0.639592  0.639592  0.426431  0.408235  0.408235  0.81651  
0.577351  0.577351  0.577349  0.707107  0.707107  0.000142227  
0.00010093  0.00010093  1  0.666677  0.666677  0.333293  
0.48507  0.48507  0.727609  0.639592  0.639592  0.426431  
0.19245  0.19245  0.96225  0.529813  0.529813  0.662266  
0.408235  0.408235  0.81651  0.301508  0.301508  0.904536  
0.529813  0.529813  0.662266  0.19245  0.19245  0.96225  
0.707107  0.707107  0.000142227  0.48507  0.48507  0.727609  
0.666677  0.666677  0.333293  0.577351  0.577351  0.577349  
0.639592  0.639592  0.426431  0.00010093  0.00010093  1  
0.00010093  0.00010093  1  0.408235  0.408235  0.81651  
0.408235  0.408235  0.81651  0.48507  0.48507  0.727609  
0.666677  0.666677  0.333293  0.301508  0.301508  0.904536  
0.529813  0.529813  0.662266  0.639592  0.639592  0.426431  
0.19245  0.19245  0.96225  0.666677  0.666677  0.333293  
0.577351  0.577351  0.577349  0.577351  0.577351  0.577349  
0.301508  0.301508  0.904536  0.529813  0.529813  0.662266  
0.48507  0.48507  0.727609  0.19245  0.19245  0.96225  
0.707107  0.707107  0.000142227  0.707107  0.707107  0.000142227  
0.301508  0.301508  0.904536  0.529813  0.529813  0.662266  
0.408235  0.408235  0.81651  0.408235  0.408235  0.81651  
0.666677  0.666677  0.333293  0.19245  0.19245  0.96225  
0.707107  0.707107  0.000142227  0.707107  0.707107  0.000142227  
0.639592  0.639592  0.426431  0.577351  0.577351  0.577349  
0.19245  0.19245  0.96225  0.639592  0.639592  0.426431  
0.577351  0.577351  0.577349  0.666677  0.666677  0.333293  
0.529813  0.529813  0.662266  0.301508  0.301508  0.904536  
0.48507  0.48507  0.727609  0.00010093  0.00010093  1  
0.00010093  0.00010093  1  0.48507  0.48507  0.727609  
0.00010093  0.00010093  1  0.48507  0.48507  0.727609  
0.408235  0.408235  0.81651  0.301508  0.301508  0.904536  
0.707107  0.707107  0.000142227  0.19245  0.19245  0.96225  
0.48507  0.48507  0.727609  0.408235  0.408235  0.81651  
0.19245  0.19245  0.96225  0.639592  0.639592  0.426431  
0.666677  0.666677  0.333293  0.529813  0.529813  0.662266  
0.639592  0.639592  0.426431  0.577351  0.577351  0.577349  
0.577351  0.577351  0.577349  0.666677  0.666677  0.333293  
0.301508  0.301508  0.904536  0.707107  0.707107  0.000142227  
0.529813  0.529813  0.662266  0.00010093  0.00010093  1  
0.48507  0.48507  0.727609  0.529813  0.529813  0.662266  
0.577351  0.577351  0.577349  0.48507  0.48507  0.727609  
0.639592  0.639592  0.426431  0.19245  0.19245  0.96225  
0.529813  0.529813  0.662266  0.707107  0.707107  0.000142227  
0.19245  0.19245  0.96225  0.577351  0.577351  0.577349  
0.00010093  0.00010093  1  0.00010093  0.00010093  1  
0.301508  0.301508  0.904536  0.408235  0.408235  0.81651  
0.666677  0.666677  0.333293  0.666677  0.666677  0.333293  
0.408235  0.408235  0.81651  0.639592  0.639592  0.426431  
0.707107  0.707107  0.000142227  0.301508  0.301508  0.904536  
0.529813  0.529813  0.662266  0.666677  0.666677  0.333293  
0.577351  0.577351  0.577349  0.00010093  0.00010093  1  
0.666677  0.666677  0.333293  0.301508  0.301508  0.904536  
0.408235  0.408235  0.81651  0.408235  0.408235  0.81651  
0.19245  0.19245  0.96225  0.48507  0.48507  0.727609  
0.707107  0.707107  0.000142227  0.707107  0.707107  0.000142227  
0.301508  0.301508  0.904536  0.19245  0.19245  0.96225  
0.639592  0.639592  0.426431  0.529813  0.529813  0.662266  
0.48507  0.48507  0.727609  0.577351  0.577351  0.577349  
0.00010093  0.00010093  1  0.639592  0.639592  0.426431  
0.577351  0.577351  0.577349  0.19245  0.19245  0.96225  
0.529813  0.529813  0.662266  0.639592  0.639592  0.426431  
0.00010093  0.00010093  1  0.529813  0.529813  0.662266  
0.639592  0.639592  0.426431  0.00010093  0.00010093  1  
0.301508  0.301508  0.904536  0.707107  0.707107  0.000142227  
0.666677  0.666677  0.333293  0.48507  0.48507  0.727609  
0.707107  0.707107  0.000142227  0.408235  0.408235  0.81651  
0.408235  0.408235  0.81651  0.301508  0.301508  0.904536  
0.48507  0.48507  0.727609  0.577351  0.577351  0.577349  
0.19245  0.19245  0.96225  0.54821  0.54821  0.63161  
0.666677  0.666677  0.333293  0.48507  0.48507  0.727609  
0.408235  0.408235  0.81651  0.639592  0.639592  0.426431  
0.577351  0.577351  0.577349  0.666677  0.666677  0.333293  
0.301508  0.301508  0.904536  0.408235  0.408235  0.81651  
0.707107  0.707107  0.000142227  0.301508  0.301508  0.904536  
0.48507  0.48507  0.727609  0.00010093  0.00010093  1  
0.00010093  0.00010093  1  0.19245  0.19245  0.96225  
0.19245  0.19245  0.96225  0.577351  0.577351  0.577349  
0.529813  0.529813  0.662266  0.707107  0.707107  0.000142227  
0.639592  0.639592  0.426431  0.529813  0.529813  0.662266  
0.577351  0.577351  0.577349  0.529813  0.529813  0.662266  
0.48507  0.48507  0.727609  0.666677  0.666677  0.333293  
0.408235  0.408235  0.81651  0.00010093  0.00010093  1  
0.529813  0.529813  0.662266  0.577351  0.577351  0.577349  
0.639592  0.639592  0.426431  0.19245  0.19245  0.96225  
0.19245  0.19245  0.96225  0.707107  0.707107  0.000142227  
0.666677  0.666677  0.333293  0.639592  0.639592  0.426431  
0.707107  0.707107  0.000142227  0.301508  0.301508  0.904536  
0.301508  0.301508  0.904536  0.48507  0.48507  0.727609  
0.00010093  0.00010093  1  0.408235  0.408235  0.81651  
0.00010093  0.00010093  1  0.577351  0.577351  0.577349  
0.48507  0.48507  0.727609  0.48507  0.48507  0.727609  
0.639592  0.639592  0.426431  0.707107  0.707107  0.000142227  
0.301508  0.301508  0.904536  0.529813  0.529813  0.662266  
0.577351  0.577351  0.577349  0.00010093  0.00010093  1  
0.529813  0.529813  0.662266  0.666677  0.666677  0.333293  
0.707107  0.707107  0.000142227  0.301508  0.301508  0.904536  
0.666677  0.666677  0.333293  0.639592  0.639592  0.426431  
0.408235  0.408235  0.81651  0.408235  0.408235  0.81651  
0.19245  0.19245  0.96225  0.19245  0.19245  0.96225  
0.529813  0.529813  0.662266  0.00010093  0.00010093  1  
0.666677  0.666677  0.333293  0.666677  0.666677  0.333293  
0.639592  0.639592  0.426431  0.301508  0.301508  0.904536  
0.19245  0.19245  0.96225  0.19245  0.19245  0.96225  
0.00010093  0.00010093  1  0.48507  0.48507  0.727609  
0.408235  0.408235  0.81651  0.707107  0.707107  0.000142227  
0.48507  0.48507  0.727609  0.577351  0.577351  0.577349  
0.707107  0.707107  0.000142227  0.408235  0.408235  0.81651  
0.577351  0.577351  0.577349  0.639592  0.639592  0.426431  
0.301508  0.301508  0.904536  0.529813  0.529813  0.662266  
0.19245  0.19245  0.96225  0.48507  0.48507  0.727609  
0.48507  0.48507  0.727609  0.707107  0.707107  0.000142227  
0.408235  0.408235  0.81651  0.577351  0.577351  0.577349  
0.577351  0.577351  0.577349  0.639592  0.639592  0.426431  
0.666677  0.666677  0.333293  0.408235  0.408235  0.81651  
0.529813  0.529813  0.662266  0.19245  0.19245  0.96225  
0.707107  0.707107  0.000142227  0.666677  0.666677  0.333293  
0.639592  0.639592  0.426431  0.529813  0.529813  0.662266  
0.00010093  0.00010093  1  0.301508  0.301508  0.904536  
0.301508  0.301508  0.904536  0.00010093  0.00010093  1  
0.48507  0.48507  0.727609  0.301508  0.301508  0.904536  
0.529813  0.529813  0.662266  0.577351  0.577351  0.577349  
0.639592  0.639592  0.426431  0.707107  0.707107  0.000142227  
0.301508  0.301508  0.904536  0.666677  0.666677  0.333293  
0.00010093  0.00010093  1  0.00010093  0.00010093  1  
0.408235  0.408235  0.81651  0.408235  0.408235  0.81651  
0.666677  0.666677  0.333293  0.48507  0.48507  0.727609  
0.19245  0.19245  0.96225  0.639592  0.639592  0.426431  
0.577351  0.577351  0.577349  0.529813  0.529813  0.662266  
0.707107  0.707107  0.000142227  0.19245  0.19245  0.96225  
0.48507  0.48507  0.727609  0.529813  0.529813  0.662266  
0.666677  0.666677  0.333293  0.19245  0.19245  0.96225  
0.301508  0.301508  0.904536  0.00010093  0.00010093  1  
0.00010093  0.00010093  1  0.666677  0.666677  0.333293  
0.19245  0.19245  0.96225  0.707107  0.707107  0.000142227  
0.707107  0.707107  0.000142227  0.577351  0.577351  0.577349  
0.639592  0.639592  0.426431  0.639592  0.639592  0.426431  
0.408235  0.408235  0.81651  0.48507  0.48507  0.727609  
0.577351  0.577351  0.577349  0.301508  0.301508  0.904536  
0.529813  0.529813  0.662266  0.408235  0.408235  0.81651  
0.639592  0.639592  0.426431  0.301508  0.301508  0.904536  
0.666677  0.666677  0.333293  0.577351  0.577351  0.577349  
0.48507  0.48507  0.727609  0.48507  0.48507  0.727609  
0.301508  0.301508  0.904536  0.529813  0.529813  0.662266  
0.577351  0.577351  0.577349  0.00010093  0.00010093  1  
0.707107  0.707107  0.000142227  0.666677  0.666677  0.333293  
0.19245  0.19245  0.96225  0.408235  0.408235  0.81651  
0.529813  0.529813  0.662266  0.707107  0.707107  0.000142227  
0.408235  0.408235  0.81651  0.19245  0.19245  0.96225  
0.00010093  0.00010093  1  0.639592  0.639592  0.426431  
0.301508  0.301508  0.904536  0.00010093  0.00010093  1  
0.707107  0.707107  0.000142227  0.301508  0.301508  0.904536  
0.529813  0.529813  0.662266  0.48507  0.48507  0.727609  
0.408235  0.408235  0.81651  0.666677  0.666677  0.333293  
0.666677  0.666677  0.333293  0.639592  0.639592  0.426431  
0.00010093  0.00010093  1  0.707107  0.707107  0.000142227  
0.577351  0.577351  0.577349  0.577351  0.577351  0.577349  
0.639592  0.639592  0.426431  0.19245  0.19245  0.96225  
0.48507  0.48507  0.727609  0.408235  0.408235  0.81651  
0.19245  0.19245  0.96225  0.529813  0.529813  0.662266  
0.666677  0.666677  0.333293  0.707107  0.707107  0.000142227  
0.00010093  0.00010093  1  0.639592  0.639592  0.426431  
0.529813  0.529813  0.662266  0.666677  0.666677  0.333293  
0.301508  0.301508  0.904536  0.301508  0.301508  0.904536  
0.48507  0.48507  0.727609  0.48507  0.48507  0.727609  
0.707107  0.707107  0.000142227  0.577351  0.577351  0.577349  
0.577351  0.577351  0.577349  0.19245  0.19245  0.96225  
0.19245  0.19245  0.96225  0.00010093  0.00010093  1  
0.408235  0.408235  0.81651  0.408235  0.408235  0.81651  
0.639592  0.639592  0.426431  0.529813  0.529813  0.662266  
0.666677  0.666677  0.333293  0.529813  0.529813  0.662266  
0.408235  0.408235  0.81651  0.408235  0.408235  0.81651  
0.577351  0.577351  0.577349  0.707107  0.707107  0.000142227  
0.301508  0.301508  0.904536  0.00010093  0.00010093  1  
0.707107  0.707107  0.000142227  0.666677  0.666677  0.333293  
0.48507  0.48507  0.727609  0.639592  0.639592  0.426431  
0.00010093  0.00010093  1  0.577351  0.577351  0.577349  
0.19245  0.19245  0.96225  0.48507  0.48507  0.727609  
0.529813  0.529813  0.662266  0.19245  0.19245  0.96225  
0.639592  0.639592  0.426431  0.301508  0.301508  0.904536  
0.408235  0.408235  0.81651  0.707107  0.707107  0.000142227  
0.00010093  0.00010093  1  0.666677  0.666677  0.333293  
0.301508  0.301508  0.904536  0.529813  0.529813  0.662266  
0.639592  0.639592  0.426431  0.301508  0.301508  0.904536  
0.666677  0.666677  0.333293  0.639592  0.639592  0.426431  
0.19245  0.19245  0.96225  0.408235  0.408235  0.81651  
0.707107  0.707107  0.000142227  0.19245  0.19245  0.96225  
0.529813  0.529813  0.662266  0.577351  0.577351  0.577349  
0.48507  0.48507  0.727609  0.00010093  0.00010093  1  
0.577351  0.577351  0.577349  0.48507  0.48507  0.727609  
0.707107  0.707107  0.000142227  0.301508  0.301508  0.904536  
0.301508  0.301508  0.904536  0.00010093  0.00010093  1  
0.19245  0.19245  0.96225  0.639592  0.639592  0.426431  
0.577351  0.577351  0.577349  0.707107  0.707107  0.000142227  
0.408235  0.408235  0.81651  0.19245  0.19245  0.96225  
0.00010093  0.00010093  1  0.666677  0.666677  0.333293  
0.639592  0.639592  0.426431  0.577351  0.577351  0.577349  
0.529813  0.529813  0.662266  0.408235  0.408235  0.81651  
0.48507  0.48507  0.727609  0.48507  0.48507  0.727609  
0.666677  0.666677  0.333293  0.529813  0.529813  0.662266  
0.529813  0.529813  0.662266  0.577351  0.577351  0.577349  
0.00010093  0.00010093  1  0.666677  0.666677  0.333293  
0.707107  0.707107  0.000142227  0.639592  0.639592  0.426431  
0.301508  0.301508  0.904536  0.529813  0.529813  0.662266  
0.639592  0.639592  0.426431  0.48507  0.48507  0.727609  
0.666677  0.666677  0.333293  0.00010093  0.00010093  1  
0.577351  0.577351  0.577349  0.19245  0.19245  0.96225  
0.19245  0.19245  0.96225  0.301508  0.301508  0.904536  
0.48507  0.48507  0.727609  0.707107  0.707107  0.000142227  
0.408235  0.408235  0.81651  0.408235  0.408235  0.81651  
0.577351  0.577351  0.577349  0.707107  0.707107  0.000142227  
0.666677  0.666677  0.333293  0.00010093  0.00010093  1  
0.301508  0.301508  0.904536  0.666677  0.666677  0.333293  
0.19245  0.19245  0.96225  0.639592  0.639592  0.426431  
0.00010093  0.00010093  1  0.301508  0.301508  0.904536  
0.707107  0.707107  0.000142227  0.529813  0.529813  0.662266  
0.48507  0.48507  0.727609  0.19245  0.19245  0.96225  
0.639592  0.639592  0.426431  0.48507  0.48507  0.727609  
0.529813  0.529813  0.662266  0.577351  0.577351  0.577349  
0.408235  0.408235  0.81651  0.408235  0.408235  0.81651  
0.19245  0.19245  0.96225  0.48507  0.48507  0.727609  
0.707107  0.707107  0.000142227  0.577351  0.577351  0.577349  
0.577351  0.577351  0.577349  0.707107  0.707107  0.000142227  
0.00010093  0.00010093  1  0.666677  0.666677  0.333293  
0.529813  0.529813  0.662266  0.639592  0.639592  0.426431  
0.408235  0.408235  0.81651  0.301508  0.301508  0.904536  
0.666677  0.666677  0.333293  0.19245  0.19245  0.96225  
0.301508  0.301508  0.904536  0.408235  0.408235  0.81651  
0.639592  0.639592  0.426431  0.529813  0.529813  0.662266  
0.48507  0.48507  0.727609  0.00010093  0.00010093  1  
0.639592  0.639592  0.426431  0.707107  0.707107  0.000142227  
0.48507  0.48507  0.727609  0.00010093  0.00010093  1  
0.301508  0.301508  0.904536  0.577351  0.577351  0.577349  
0.408235  0.408235  0.81651  0.19245  0.19245  0.96225  
0.666677  0.666677  0.333293  0.301508  0.301508  0.904536  
0.707107  0.707107  0.000142227  0.48507  0.48507  0.727609  
0.19245  0.19245  0.96225  0.639592  0.639592  0.426431  
0.529813  0.529813  0.662266  0.408235  0.408235  0.81651  
0.577351  0.577351  0.577349  0.529813  0.529813  0.662266  
0.00010093  0.00010093  1  0.666677  0.666677  0.333293  
0.707107  0.707107  0.000142227  0.00010093  0.00010093  1  
0.301508  0.301508  0.904536  0.48507  0.48507  0.727609  
0.639592  0.639592  0.426431  0.666677  0.666677  0.333293  
0.408235  0.408235  0.81651  0.639592  0.639592  0.426431  
0.48507  0.48507  0.727609  0.577351  0.577351  0.577349  
0.529813  0.529813  0.662266  0.408235  0.408235  0.81651  
0.577351  0.577351  0.577349  0.707107  0.707107  0.000142227  
0.19245  0.19245  0.96225  0.301508  0.301508  0.904536  
0.00010093  0.00010093  1  0.529813  0.529813  0.662266  
0.666677  0.666677  0.333293  0.19245  0.19245  0.96225  
0.577351  0.577351  0.577349  0.19245  0.19245  0.96225  
0.19245  0.19245  0.96225  0.707107  0.707107  0.000142227  
0.666677  0.666677  0.333293  0.48507  0.48507  0.727609  
0.48507  0.48507  0.727609  0.639592  0.639592  0.426431  
0.408235  0.408235  0.81651  0.00010093  0.00010093  1  
0.00010093  0.00010093  1  0.408235  0.408235  0.81651  
0.707107  0.707107  0.000142227  0.529813  0.529813  0.662266  
0.529813  0.529813  0.662266  0.301508  0.301508  0.904536  
0.301508  0.301508  0.904536  0.577351  0.577351  0.577349  
0.639592  0.639592  0.426431  0.666677  0.666677  0.333293  
0.666677  0.666677  0.333293  0.19245  0.19245  0.96225  
0.408235  0.408235  0.81651  0.639592  0.639592  0.426431  
0.577351  0.577351  0.577349  0.48507  0.48507  0.727609  
0.301508  0.301508  0.904536  0.529813  0.529813  0.662266  
0.707107  0.707107  0.000142227  0.301508  0.301508  0.904536  
0.48507  0.48507  0.727609  0.408235  0.408235  0.81651  
0.00010093  0.00010093  1  0.707107  0.707107  0.000142227  
0.19245  0.19245  0.96225  0.577351  0.577351  0.577349  
0.529813  0.529813  0.662266  0.00010093  0.00010093  1  
0.639592  0.639592  0.426431  0.666677  0.666677  0.333293  
0.639592  0.639592  0.426431  0.00010093  0.00010093  1  
0.301508  0.301508  0.904536  0.666677  0.666677  0.333293  
0.408235  0.408235  0.81651  0.529813  0.529813  0.662266  
0.707107  0.707107  0.000142227  0.19245  0.19245  0.96225  
0.00010093  0.00010093  1  0.301508  0.301508  0.904536  
0.48507  0.48507  0.727609  0.577351  0.577351  0.577349  
0.666677  0.666677  0.333293  0.48507  0.48507  0.727609  
0.577351  0.577351  0.577349  0.408235  0.408235  0.81651  
0.19245  0.19245  0.96225  0.639592  0.639592  0.426431  
0.529813  0.529813  0.662266  0.707107  0.707107  0.000142227  
0.577351  0.577351  0.577349  0.301508  0.301508  0.904536  
0.00010093  0.00010093  1  0.19245  0.19245  0.96225  
0.48507  0.48507  0.727609  0.00010093  0.00010093  1  
0.639592  0.639592  0.426431  0.666677  0.666677  0.333293  
0.529813  0.529813  0.662266  0.529813  0.529813  0.662266  
0.301508  0.301508  0.904536  0.707107  0.707107  0.000142227  
0.707107  0.707107  0.000142227  0.577351  0.577351  0.577349  
0.19245  0.19245  0.96225  0.408235  0.408235  0.81651  
0.408235  0.408235  0.81651  0.48507  0.48507  0.727609  
0.666677  0.666677  0.333293  0.639592  0.639592  0.426431  
0.666677  0.666677  0.333293  0.529813  0.529813  0.662266  
0.639592  0.639592  0.426431  0.00010093  0.00010093  1  
0.408235  0.408235  0.81651  0.639592  0.639592  0.426431  
0.301508  0.301508  0.904536  0.666677  0.666677  0.333293  
0.00010093  0.00010093  1  0.48507  0.48507  0.727609  
0.19245  0.19245  0.96225  0.19245  0.19245  0.96225  
0.529813  0.529813  0.662266  0.577351  0.577351  0.577349  
0.707107  0.707107  0.000142227  0.707107  0.707107  0.000142227  
0.577351  0.577351  0.577349  0.408235  0.408235  0.81651  
0.48507  0.48507  0.727609  0.301508  0.301508  0.904536  
0.48507  0.48507  0.727609  0.707107  0.707107  0.000142227  
0.408235  0.408235  0.81651  0.00010093  0.00010093  1  
0.666677  0.666677  0.333293  0.666677  0.666677  0.333293  
0.529813  0.529813  0.662266  0.577351  0.577351  0.577349  
0.301508  0.301508  0.904536  0.529813  0.529813  0.662266  
0.639592  0.639592  0.426431  0.19245  0.19245  0.96225  
0.00010093  0.00010093  1  0.301508  0.301508  0.904536  
0.577351  0.577351  0.577349  0.48507  0.48507  0.727609  
0.707107  0.707107  0.000142227  0.408235  0.408235  0.81651  
0.19245  0.19245  0.96225  0.639592  0.639592  0.426431  
0.666677  0.666677  0.333293  0.666677  0.666677  0.333293  
0.707107  0.707107  0.000142227  0.529813  0.529813  0.662266  
0.00010093  0.00010093  1  0.639592  0.639592  0.426431  
0.48507  0.48507  0.727609  0.301508  0.301508  0.904536  
0.19245  0.19245  0.96225  0.577351  0.577351  0.577349  
0.529813  0.529813  0.662266  0.707107  0.707107  0.000142227  
0.639592  0.639592  0.426431  0.00010093  0.00010093  1  
0.577351  0.577351  0.577349  0.408235  0.408235  0.81651  
0.408235  0.408235  0.81651  0.19245  0.19245  0.96225  
0.301508  0.301508  0.904536  0.48507  0.48507  0.727609  
