2.63142  1.63013  1.50503  2.1298  
1.82527  1.01132  3.06084  1.74521  
2.78706  2.1753  2.82444  2.12154  
3.15755  2.5134  2.78268  1.96522  
3.05156  1.02679  2.02075  1.74136  
2.02612  1.06467  1.79896  2.41802  
2.50574  2.48353  2.99682  1.35608  
2.33218  2.62194  2.77265  2.21339  
2.54328  1.53925  2.56348  2.0491  
1.88351  1.76034  2.76279  1.94375  
1.79489  1.90948  2.29783  2.32154  
2.84382  2.3574  1.92005  1.74794  
2.40656  0.436852  2.51876  1.81194  
1.65382  2.67929  1.93359  2.46378  
2.67152  2.5058  2.22712  2.77836  
2.81572  2.12892  2.32114  1.262  
1.73407  2.34974  2.3916  2.30157  
2.08406  2.27202  2.39674  1.40128  
2.75702  1.02192  2.86365  2.11876  
2.77132  2.17328  2.68577  1.51684  
2.89796  1.79674  1.54399  2.1305  
2.3824  1.09146  2.03351  1.62556  
1.56131  2.49096  2.26661  1.59442  
2.17514  1.6969  2.55244  1.05555  
2.35981  1.55367  3.17374  2.33741  
2.12393  0.740314  3.06274  1.87834  
2.1664  1.80988  1.73434  2.33239  
2.09504  1.04035  2.7186  1.88274  
2.46951  1.64753  2.06065  0.7659  
2.69203  2.06123  2.42592  1.93932  
3.17895  1.73671  2.00065  2.10135  
1.86401  2.4936  3.57996  1.32596  
3.38958  1.57307  2.0284  1.64339  
2.82525  1.42965  2.59296  1.81782  
1.83498  1.87928  2.13268  1.77044  
2.8165  1.86318  2.74348  1.83792  
2.62738  1.44593  3.29097  1.22058  
2.87607  2.59138  2.52352  2.4801  
2.22383  0.842254  2.45547  1.64787  
2.34843  1.5156  2.15841  1.27039  
1.50019  1.72239  2.47384  2.78027  
2.6663  0.9755  2.77212  2.01975  
2.79422  1.58893  2.33637  1.89255  
3.33775  2.38404  2.58262  1.96719  
2.54166  1.43446  2.09114  2.30691  
2.74435  1.56261  3.16815  1.22218  
2.53577  1.66928  2.90901  2.00905  
2.37778  1.85302  2.08763  1.75645  
2.27461  2.17101  2.28198  2.14456  
2.34637  2.20822  2.53975  2.12964  
3.17247  2.41353  3.0915  0.923025  
2.41305  1.52181  3.01642  2.33867  
1.85966  1.4281  2.63844  1.4471  
2.99174  2.20298  1.49431  1.46391  
2.28065  2.02902  2.80759  1.64797  
1.50967  2.1852  2.68265  1.31571  
2.75352  2.24525  2.58698  1.72568  
2.9915  1.24923  2.63779  2.80512  
2.94099  1.663  2.33687  2.31564  
2.78602  1.29309  2.65694  2.27735  
3.41226  2.20324  2.37944  1.32959  
2.47589  1.72861  1.97757  2.11238  
2.13614  1.59455  2.27219  2.13712  
2.50703  1.83763  3.11123  2.09848  
3.4668  1.47193  1.78715  1.56262  
2.03354  1.03038  2.1613  1.7056  
2.52592  2.13408  1.87  2.05375  
2.58089  2.26199  1.78142  2.40939  
2.9669  2.1241  2.68593  2.17747  
2.71373  2.19758  2.23236  1.93413  
2.71711  1.58611  2.57887  1.88459  
3.03628  1.54383  2.1496  1.22366  
2.48534  1.5779  3.52409  1.19308  
2.3627  1.9814  2.86259  1.55853  
2.58938  1.6066  2.63688  2.01786  
1.56218  2.62655  1.77197  2.71262  
2.57673  0.915726  2.72554  1.97142  
2.46232  1.29265  2.73054  1.81108  
1.91579  1.85528  3.72701  1.7646  
2.50886  1.47748  1.87607  1.68856  
2.83358  1.48991  2.54122  1.63766  
2.37879  2.27062  2.84445  2.4562  
3.06338  1.75493  2.34447  2.05676  
2.30273  2.03939  1.92152  1.94527  
2.26555  1.3005  2.88923  2.17038  
1.90995  2.41176  2.66543  1.65913  
2.34403  2.10321  2.40902  1.40773  
2.61373  1.11536  2.57563  1.64476  
2.54442  1.28186  2.70429  2.10107  
2.39341  2.27685  2.66692  1.90183  
2.29469  1.8804  1.98434  1.586  
3.83841  1.40105  1.81261  1.79656  
1.90174  1.3059  2.91259  2.10713  
1.96401  1.31296  2.08051  1.60668  
1.56172  2.20926  2.95394  1.59548  
2.73411  1.55686  2.30144  1.56807  
1.81611  1.84069  2.26931  1.52108  
2.36253  1.66311  2.15771  0.975299  
3.97843  1.55964  2.53308  1.23456  
2.39062  2.66472  1.94787  1.50314  
0.936427  0.0776252  0.000277177  1.00436  
1.00161  0.000142651  2.74686  2.14712  
4.17782  3.14864  1.00161  0.000142651  
0.379253  0.624893  0.439239  0.579319  
0.439239  0.579319  2.93606  2.23367  
2.74686  2.14712  4.17782  3.14864  
0.000277177  1.00436  0.379253  0.624893  
0.573177  0.455858  0.941717  0.0781444  
0.183264  0.818367  0.573177  0.455858  
2.93606  2.23367  0.183264  0.818367  
1.00333  0.000445142  1.00333  0.000445142  
0.270453  0.733185  0.625759  0.488827  
0.625759  0.488827  0.558269  0.619952  
0.591107  0.636235  0.802115  0.20593  
0.000267796  1.00793  0.591107  0.636235  
0.558269  0.619952  0.270453  0.733185  
0.42356  0.593586  0.434646  0.602724  
0.928278  0.0769836  0.000267796  1.00793  
0.802115  0.20593  0.552426  0.465813  
0.552426  0.465813  0.935997  0.0815416  
1.04853  0.652002  0.0892624  0.912796  
0.631996  0.485793  0.515992  0.494266  
0.0892624  0.912796  0.000163654  1.00163  
1.00167  0.000205664  0.92597  0.0773408  
0.925714  0.0773719  0.631996  0.485793  
0.190634  0.810309  0.299355  0.706304  
0.000163654  1.00163  0.190634  0.810309  
0.299355  0.706304  1.00167  0.000205664  
0.515992  0.494266  0.799683  0.201306  
0.799683  0.201306  1.04853  0.652002  
0.239734  0.76211  0.526031  0.511009  
0.000238393  1.00086  0.928303  0.0755695  
0.526031  0.511009  1.00079  0.000111074  
0.119054  0.882059  0.119054  0.882059  
0.928303  0.0755695  0.457817  0.550896  
0.565547  0.44256  0.239734  0.76211  
1.00079  0.000111074  0.00298642  1.00221  
0.79938  0.20157  0.565547  0.44256  
0.37144  0.631148  0.79938  0.20157  
0.457817  0.550896  0.37144  0.631148  
0.249798  0.753202  1.00082  0.000209972  
0.467732  0.582147  0.478163  0.526583  
0.107287  0.893832  3.01249  2.05158  
0.554081  0.452414  0.467732  0.582147  
0.478163  0.526583  0.922113  0.0797608  
0.000155598  1.00156  0.107242  0.900427  
0.922113  0.0797608  0.380461  0.622079  
0.806881  0.198613  0.000155598  1.00156  
1.00082  0.000209972  0.806881  0.198613  
0.380461  0.622079  0.249798  0.753202  
0.918866  0.0815656  1.00027  0.000145131  
0.413724  0.588578  0.413724  0.588578  
0.217546  0.782803  0.217546  0.782803  
1.00027  0.000145131  0.00016199  0.999947  
0.32404  0.676185  0.600526  0.401296  
0.117255  0.882773  0.925673  0.0948588  
0.00016199  0.999947  0.506784  0.493683  
0.600526  0.401296  0.32404  0.676185  
0.800198  0.199855  0.117255  0.882773  
0.506784  0.493683  0.800198  0.199855  
0.34329  0.673525  0.449994  0.743775  
1.00597  0.00193814  0.817102  0.196327  
0.568822  0.455977  0.493891  0.527815  
0.180862  0.820867  0.34329  0.673525  
0.817102  0.196327  0.000251343  1.00352  
0.493891  0.527815  0.568822  0.455977  
1.10383  0.0941498  1.00597  0.00193814  
2.97237  1.79645  2.97237  1.79645  
0.000251343  1.00352  0.180862  0.820867  
0.373745  0.640038  1.10383  0.0941498  
1.00175  0.000153181  0.8701  0.251148  
0.430664  0.574569  0.324291  0.680149  
0.926302  0.076285  0.430664  0.574569  
0.194652  0.806434  0.000193147  1.0027  
0.512713  0.500674  1.00175  0.000153181  
0.802798  0.203019  0.194652  0.806434  
0.566371  0.469895  0.453981  0.578092  
0.000193147  1.0027  0.926302  0.076285  
0.324291  0.680149  0.512713  0.500674  
0.453981  0.578092  0.566371  0.469895  
0.801064  0.200813  0.401285  0.603597  
0.148199  0.881088  0.479831  0.527409  
0.401285  0.603597  0.857039  0.866485  
0.583742  0.427549  0.000166611  1.00119  
0.000166611  1.00119  0.148199  0.881088  
0.240092  0.762616  2.0306  0.965792  
0.479831  0.527409  0.240092  0.762616  
0.924484  0.0858843  0.801064  0.200813  
1.00211  0.000152668  0.583742  0.427549  
1.45549  0.930461  0.924484  0.0858843  
0.299796  0.704081  0.0021511  1.00817  
0.516566  0.490845  0.160022  0.841076  
0.925464  0.0779344  0.925464  0.0779344  
1.00147  0.00012533  0.299796  0.704081  
1.39569  0.267051  0.382716  0.640593  
0.160022  0.841076  1.39569  0.267051  
0.80158  0.202699  0.867925  0.202707  
0.00023889  1.00238  0.431019  0.577524  
0.431019  0.577524  0.516566  0.490845  
0.382716  0.640593  1.00147  0.00012533  
2.97499  1.89665  0.255084  0.747414  
0.432234  0.570404  1.00071  0.000122106  
0.796581  0.203962  0.796581  0.203962  
0.515767  0.487305  2.97499  1.89665  
0.926044  0.078862  0.130928  0.872024  
0.130928  0.872024  0.432234  0.570404  
0.0407776  1.06307  0.0407776  1.06307  
0.255084  0.747414  0.367334  0.634977  
0.367334  0.634977  0.927695  0.07915  
1.00071  0.000122106  0.515767  0.487305  
1.00901  0.00632307  0.399473  0.620211  
0.500484  0.501096  0.924373  0.0885341  
0.818337  0.235201  0.255155  0.747465  
0.000250596  1.00057  0.000250596  1.00057  
0.255155  0.747465  1.00901  0.00632307  
0.560411  0.444955  0.54903  0.476976  
0.54903  0.476976  0.500484  0.501096  
0.117891  0.882983  0.818337  0.235201  
0.399473  0.620211  0.117891  0.882983  
0.924373  0.0885341  0.563192  0.452499  
0.220172  0.780981  0.917729  0.304913  
0.921295  0.082438  0.00014823  1.0004  
1.00055  0.000131329  0.112852  0.887718  
0.490296  0.541465  0.490296  0.541465  
0.42583  0.576266  0.921295  0.082438  
0.00014823  1.0004  1.00055  0.000131329  
0.112852  0.887718  0.42583  0.576266  
0.835151  0.242573  0.835151  0.242573  
0.299225  0.705601  0.307972  0.710096  
0.493423  0.508528  0.220172  0.780981  
0.33029  0.671846  0.485921  0.526402  
0.485921  0.526402  0.112983  0.888768  
1.0009  0.000319877  0.33029  0.671846  
0.406976  0.594519  0.926016  0.0894682  
0.926016  0.0894682  0.800848  0.200808  
0.800848  0.200808  0.25398  0.74698  
0.25398  0.74698  1.02241  0.186271  
0.112983  0.888768  0.000157804  1.0016  
0.566656  0.440054  1.00063  0.0158671  
0.000157804  1.0016  0.566656  0.440054  
0.104608  0.895401  0.413679  0.586583  
0.80019  0.199829  0.599712  0.400576  
0.000149796  0.999865  0.104826  0.895562  
0.999922  0.000130686  0.313534  0.686622  
0.50667  0.493478  0.918656  0.0813852  
0.211127  0.788894  0.80019  0.199829  
0.313534  0.686622  0.000149796  0.999865  
0.413679  0.586583  0.50667  0.493478  
0.918656  0.0813852  0.211127  0.788894  
0.599712  0.400576  0.999922  0.000130686  
0.26249  0.738045  0.103531  0.89738  
0.103531  0.89738  0.159356  0.846208  
0.527564  0.485828  0.527564  0.485828  
0.36881  0.634134  0.384577  0.647075  
0.797757  0.20415  0.921397  0.0819858  
0.455478  0.548992  0.797757  0.20415  
0.921397  0.0819858  0.455478  0.548992  
1.00076  0.000212782  0.26249  0.738045  
0.159356  0.846208  0.000149984  1.00088  
0.000149984  1.00088  1.00076  0.000212782  
0.919254  0.0846398  2.77738  1.95952  
0.462594  0.557902  0.415092  0.628415  
1.31514  0.339332  0.284604  0.717759  
0.104924  0.896582  1.01266  0.0281262  
1.01266  0.0281262  0.366022  0.640867  
0.621362  0.566616  0.621362  0.566616  
0.284604  0.717759  1.00431  0.189671  
2.77738  1.95952  0.82423  0.26022  
0.82423  0.26022  0.104924  0.896582  
0.366022  0.640867  1.31514  0.339332  
1.0026  0.000944464  0.517858  0.487894  
0.457893  0.558306  0.169801  0.963531  
0.806003  0.198041  0.202218  0.799235  
0.517858  0.487894  0.362747  0.64027  
0.202218  0.799235  0.296692  0.705477  
0.362747  0.64027  1.0026  0.000944464  
0.000184308  1.00285  0.919783  0.0846093  
0.104706  0.895872  0.0136625  1.02859  
0.919783  0.0846093  0.457893  0.558306  
0.296692  0.705477  0.806003  0.198041  
0.438701  0.595901  1.00035  0.000108009  
0.920296  0.0810352  0.438701  0.595901  
0.361584  0.63975  0.20356  0.79688  
1.00035  0.000108009  2.20715  1.37394  
0.796965  0.204613  0.920296  0.0810352  
0.20356  0.79688  0.368936  0.644849  
0.455414  0.54664  0.577057  0.482582  
0.000142466  1.00049  0.000142466  1.00049  
0.577057  0.482582  0.796965  0.204613  
2.20715  1.37394  0.455414  0.54664  
0.00014479  1.0005  0.927865  0.0896225  
0.92886  0.0958396  0.112834  0.887734  
0.34907  0.655972  0.239672  0.761828  
0.804192  0.197668  1.00015  0.000900245  
0.535838  0.471472  0.420546  0.580798  
0.927865  0.0896225  0.924037  0.0899786  
1.00015  0.000900245  0.804192  0.197668  
0.112834  0.887734  0.34907  0.655972  
0.420546  0.580798  0.535838  0.471472  
0.239672  0.761828  0.000134556  1.00262  
0.000137751  1.00106  1.00077  0.000266124  
0.840562  0.878665  0.840562  0.878665  
1.00077  0.000266124  0.815525  0.195782  
0.741475  0.569003  0.190614  0.809798  
1.31118  0.655069  0.486948  0.551036  
0.799971  0.202579  1.31118  0.655069  
0.486948  0.551036  0.000137751  1.00106  
0.190614  0.809798  0.741475  0.569003  
1.4171  0.793724  1.62438  1.1067  
0.815525  0.195782  0.799971  0.202579  
0.805431  0.197544  0.000248864  1.00114  
0.000182511  1.00107  0.483924  0.549005  
0.931734  0.0947245  0.805431  0.197544  
0.859739  0.244686  1.1208  0.105689  
0.435072  0.594219  0.428097  0.579857  
0.332688  0.710892  1.01328  0.000218916  
1.1208  0.105689  0.332688  0.710892  
1.01328  0.000218916  0.859739  0.244686  
0.483924  0.549005  0.931734  0.0947245  
0.428097  0.579857  0.435072  0.594219  
1.21452  0.496354  1.00132  0.000914496  
0.000814054  1.00111  0.108327  0.892091  
0.222994  0.806337  0.919467  0.0846797  
0.315637  0.687944  0.222994  0.806337  
0.364471  0.641075  0.800526  0.203359  
1.00132  0.000914496  0.000814054  1.00111  
0.108327  0.892091  0.364471  0.641075  
0.800526  0.203359  0.448034  0.564494  
0.919467  0.0846797  0.315637  0.687944  
0.447709  0.563395  1.21452  0.496354  
0.4597  0.545727  1.00003  9.00409e-05  
0.000130004  1.00009  0.920577  0.0802857  
0.798761  0.203875  0.224882  0.775457  
0.323095  0.677525  0.000130004  1.00009  
0.123954  0.876343  0.798761  0.203875  
1.00003  9.00409e-05  0.380824  0.626014  
0.543979  0.461237  0.305297  0.700171  
0.380824  0.626014  0.543979  0.461237  
0.224882  0.775457  0.4597  0.545727  
0.920577  0.0802857  0.342603  0.685408  
0.999976  0.00011368  0.104603  0.895401  
0.313504  0.686532  0.918649  0.0813759  
0.000134661  0.999889  0.413672  0.586347  
0.506591  0.493524  0.000134661  0.999889  
0.413672  0.586347  0.209448  0.790554  
0.600705  0.399673  0.348741  0.757597  
0.800149  0.199864  0.999976  0.00011368  
0.209448  0.790554  0.600705  0.399673  
0.104603  0.895401  0.800149  0.199864  
0.918649  0.0813759  0.506591  0.493524  
0.328425  0.67394  0.329347  0.674351  
0.802569  0.199515  0.564539  0.442078  
0.794344  0.214659  0.920925  0.0796211  
0.000118946  1.00053  0.794344  0.214659  
0.564539  0.442078  1.00014  0.00010791  
0.527883  0.47722  0.527883  0.47722  
0.447046  0.559667  3.06454  2.07954  
0.163954  0.836249  0.447046  0.559667  
1.00014  0.00010791  0.163954  0.836249  
0.920925  0.0796211  0.000118946  1.00053  
0.216771  0.784327  0.0994938  0.900813  
0.36105  0.641642  0.5631  0.453948  
0.487749  0.52245  0.000134552  1.00057  
0.0994938  0.900813  0.36105  0.641642  
0.83362  0.231468  0.487749  0.52245  
0.000134552  1.00057  0.216771  0.784327  
0.5631  0.453948  0.802733  0.198408  
0.802733  0.198408  0.834851  0.23375  
0.922093  0.0785014  0.922093  0.0785014  
1.00066  6.47041e-05  1.00066  6.47041e-05  
0.321952  0.679153  0.453194  0.550862  
1.19866  0.298995  0.27676  0.78442  
0.453194  0.550862  0.321952  0.679153  
1.00026  0.00013407  0.114812  0.885552  
0.803836  0.19672  0.386759  0.617778  
0.114812  0.885552  0.803836  0.19672  
0.282654  0.9151  0.531013  0.476873  
0.216768  0.78442  1.19866  0.298995  
0.386759  0.617778  1.00026  0.00013407  
0.531013  0.476873  0.282654  0.928291  
0.482586  0.526887  0.381822  0.619695  
0.826442  0.18997  0.000142777  1  
0.920795  0.0794608  0.23654  0.764446  
1.00009  0.00011232  0.826442  0.18997  
0.000135679  1.0001  0.802307  0.19814  
0.540022  0.469315  1.00009  0.00011232  
0.23654  0.764446  0.117042  0.883184  
0.802307  0.19814  0.540022  0.469315  
0.381822  0.619695  0.482586  0.526887  
0.117042  0.883184  0.920795  0.0794608  
0.739683  0.703621  0.739683  0.703621  
0.41462  0.590299  1.00091  0.000233495  
0.530919  0.47272  0.293604  0.708871  
1.00101  0.000120458  0.530919  0.47272  
0.293604  0.708871  0.41462  0.590299  
0.923158  0.0800706  0.000122132  1.00019  
0.000122132  1.00019  0.807611  0.195687  
0.167466  0.832829  0.538551  0.550199  
0.538551  0.550199  0.167466  0.832829  
0.807611  0.195687  0.923158  0.0800706  
