1.06441  3.44037  1.45377  2.77137  
1.84087  1.91864  1.86472  1.79017  
1.53484  2.75834  1.66711  2.17173  
1.40431  2.66192  1.52349  2.39211  
1.81155  2.02913  2.02416  1.90947  
1.63404  2.50323  1.55746  2.51841  
1.38135  3.06552  1.10522  3.53773  
1.12459  3.66706  1.15618  3.38195  
1.77382  1.90296  2.00002  1.88664  
1.40349  2.81776  1.39646  2.521  
1.17947  3.14795  1.79192  1.8862  
1.77406  2.4878  1.21857  3.42514  
1.64803  2.3312  1.2272  3.24981  
2.08718  1.53339  2.00531  1.70978  
2.21496  1.70836  2.3466  0.790249  
1.33197  3.089  1.83557  1.79667  
1.46669  2.89891  1.36804  2.53811  
1.33738  2.74346  1.13283  3.53438  
1.62932  2.59798  1.2372  3.47831  
1.38062  2.75208  1.69712  2.33421  
1.96844  2.01673  1.95391  2.04969  
1.42244  2.72517  1.41692  2.78124  
1.62668  2.53094  1.56115  2.65139  
1.46943  2.84461  1.71841  2.26939  
1.71966  2.27299  1.46932  2.94341  
1.38635  3.07902  1.53817  2.49669  
1.43803  2.3986  1.57953  2.21274  
1.29312  3.19262  0.929515  3.64182  
1.58466  2.76504  1.32657  3.15355  
1.08152  3.39304  1.93455  1.97066  
1.48164  2.79004  1.63287  2.18763  
1.18049  3.53494  1.41511  2.93493  
1.73714  2.20629  1.68829  2.35433  
1.58602  2.53398  1.60136  2.55348  
1.75342  2.3682  1.97757  1.70977  
1.62827  2.63126  1.54156  2.3753  
1.87529  2.00481  1.57131  2.81216  
1.38434  2.80784  1.32567  3.11511  
1.47275  3.02306  1.87848  1.96251  
1.44418  2.78758  1.63261  2.63697  
1.48506  2.54873  1.5735  2.49487  
1.12249  3.29933  1.34966  2.97073  
1.73724  2.38276  1.64851  2.42725  
1.80504  2.24682  1.61102  2.38667  
1.23105  3.26406  2.02523  1.71915  
1.42145  2.87481  2.18167  1.27358  
1.6627  2.68444  2.0905  1.78923  
1.77457  1.75097  0.829668  3.5376  
1.72772  2.4709  1.49482  2.85226  
1.59931  2.46294  1.77618  2.29506  
1.50272  3.00407  2.08589  1.64095  
1.913  1.61984  1.63134  2.43393  
1.67953  2.117  1.24372  3.2224  
1.9039  1.92671  1.11496  3.34249  
1.42701  2.68247  1.72975  2.52853  
2.23031  1.08009  1.22972  3.20495  
1.63951  2.48001  1.9519  1.98609  
1.64987  2.1937  1.46076  2.79412  
1.60784  2.68525  1.8275  2.26608  
1.57515  2.53791  1.99445  2.03064  
1.4743  3.02538  1.45162  3.04495  
1.99984  1.27719  1.08896  3.45524  
1.52501  2.64584  1.49734  2.66928  
1.19195  3.13254  1.61967  2.59715  
1.70016  2.10758  1.17614  3.24588  
1.859  2.30477  1.81395  2.28633  
1.22729  3.24437  1.59428  2.54752  
1.78496  2.08735  1.77727  2.229  
2.4392  1.23449  1.18325  3.23288  
1.17884  3.27863  1.54203  2.71898  
1.41215  2.66986  1.43742  2.57654  
1.49556  2.71339  1.13119  3.07697  
1.5774  2.64152  1.54241  2.75883  
1.45518  3.11595  1.62381  2.71082  
1.29736  3.20306  1.58531  2.24721  
1.4819  2.48085  1.86195  2.01688  
1.83341  2.07375  1.45779  2.71061  
2.07929  1.45838  1.74118  2.11132  
1.43694  2.46794  1.10347  3.15914  
1.31664  2.83604  1.46047  2.44382  
0.774809  3.91382  1.91818  2.11935  
1.83561  2.06166  1.99105  1.52821  
1.45405  2.59399  1.89346  1.90116  
1.96365  1.59106  1.6462  2.31338  
1.3282  3.106  1.69378  2.27346  
1.56222  2.61339  1.8156  2.29374  
1.60349  2.60081  1.64795  2.60254  
1.49685  2.72626  1.29853  2.65679  
1.09761  3.2792  1.82235  1.99721  
1.27239  3.18072  1.2996  2.94229  
1.1246  3.40268  1.58258  2.49188  
1.28103  2.97876  1.48072  2.7626  
1.78621  2.12486  1.61677  2.41709  
1.33662  3.19398  1.31225  3.28986  
1.70919  2.02824  1.45207  2.60235  
0.994601  3.6965  2.06234  1.58979  
1.71222  2.15072  2.01878  1.97474  
0.928144  3.68715  1.64587  2.38013  
1.93494  1.99132  1.66685  2.4155  
1.90199  1.91192  1.318  2.89301  
0.135782  3.72844  0.896392  2.20722  
1.92302  0.153956  1.92302  0.153956  
1.73957  0.520862  1.26118  1.47765  
1.26118  1.47765  0.711416  2.57717  
1.40278  1.19444  1.73957  0.520862  
0.896392  2.20722  1.40278  1.19444  
1.55574  0.888512  0.521143  2.95771  
0.711416  2.57717  1.10588  1.78824  
0.521143  2.95771  0.135782  3.72844  
1.10588  1.78824  1.55574  0.888512  
0.454682  3.09064  1.62997  0.740054  
0.823869  2.35226  0.454682  3.09064  
0.635934  2.72813  0.635934  2.72813  
1.94423  0.111536  0.271835  3.45633  
1.62997  0.740054  0.060578  3.87884  
0.271835  3.45633  1.01196  1.97608  
0.060578  3.87884  0.823869  2.35226  
1.01196  1.97608  1.41028  1.17944  
1.41028  1.17944  1.27734  1.44533  
1.27734  1.44533  1.94423  0.111536  
0.0253181  3.94936  1.5871  0.825801  
1.78755  0.424898  0.943008  2.11398  
0.730467  2.53907  1.97725  0.0455013  
0.517225  2.96555  0.281283  3.43743  
1.97725  0.0455013  1.78755  0.424898  
1.5871  0.825801  0.517225  2.96555  
1.38319  1.23363  1.38319  1.23363  
0.943008  2.11398  0.0253181  3.94936  
1.17114  1.65772  1.17114  1.65772  
0.281283  3.43743  0.730467  2.53907  
1.36174  1.27652  0.710707  2.57859  
1.57101  0.857979  0.929656  2.14069  
1.77532  0.449359  1.97428  0.0514383  
0.929656  2.14069  1.57101  0.857979  
1.14674  1.70651  1.77532  0.449359  
0.261666  3.47667  1.36174  1.27652  
0.710707  2.57859  0.0213092  3.95738  
0.491276  3.01745  0.491276  3.01745  
0.0213092  3.95738  0.261666  3.47667  
1.97428  0.0514383  1.14674  1.70651  
1.61031  0.779389  0.959987  2.08003  
0.969816  2.06037  0.532804  2.93439  
0.737537  2.52493  0.289274  3.42145  
1.99954  0.000925211  1.36398  1.27203  
1.19109  1.61783  1.75252  0.494964  
0.25508  3.48984  1.15932  1.68137  
1.80899  0.382013  1.94532  0.109358  
0.497454  3.00509  0.0279783  3.94404  
1.40556  1.18888  0.753041  2.49392  
0.000924818  3.99815  1.55663  0.886747  
1.95787  0.0842603  1.40556  1.18888  
0.485619  3.02876  0.737537  2.52493  
1.09282  1.81437  1.80899  0.382013  
0.693234  2.61353  1.99954  0.000925211  
1.73028  0.53945  1.19109  1.61783  
0.26323  3.47354  1.61031  0.779389  
1.29611  1.40778  0.000924818  3.99815  
0.0423465  3.91531  0.497454  3.00509  
1.51201  0.975985  0.25508  3.48984  
0.898859  2.20228  0.969816  2.06037  
0.398612  3.20278  1.41621  1.16759  
1.33885  1.3223  1.53991  0.920173  
1.60046  0.799074  0.287474  3.42505  
1.47559  1.04882  0.697887  2.60423  
0.773444  2.45311  1.63839  0.723217  
1.2502  1.49961  0.237129  3.52574  
0.462253  3.07549  0.962339  2.07532  
0.711416  2.57717  1.25647  1.48706  
1.29778  1.40444  1.88687  0.226254  
0.572259  2.85548  0.561741  2.87652  
1.15184  1.69633  1.47559  1.04882  
0.933126  2.13375  1.60046  0.799074  
0.719907  2.56019  1.33885  1.3223  
0.0259373  3.94813  1.2502  1.49961  
1.37126  1.25749  0.462253  3.07549  
1.97577  0.0484553  1.29778  1.40444  
1.57694  0.846121  0.711416  2.57717  
1.77992  0.440155  0.572259  2.85548  
0.268556  3.46289  0.398612  3.20278  
0.497284  3.00543  0.773444  2.45311  
0.697887  2.60423  1.15184  1.69633  
0.237129  3.52574  0.0259373  3.94813  
0.287474  3.42505  0.719907  2.56019  
1.25647  1.48706  1.77992  0.440155  
0.561741  2.87652  0.497284  3.00543  
0.962339  2.07532  1.57694  0.846121  
1.63839  0.723217  1.97577  0.0484553  
1.88687  0.226254  0.933126  2.13375  
1.41621  1.16759  0.268556  3.46289  
1.53991  0.920173  1.37126  1.25749  
0.753041  2.49392  1.73028  0.53945  
0.532804  2.93439  1.29611  1.40778  
1.75252  0.494964  0.693234  2.61353  
0.959987  2.08003  0.339535  3.32093  
1.94532  0.109358  0.485619  3.02876  
0.0279783  3.94404  0.26323  3.47354  
1.36398  1.27203  0.898859  2.20228  
0.289274  3.42145  1.09282  1.81437  
1.15932  1.68137  1.51201  0.975985  
1.55663  0.886747  1.95787  0.0842603  
1.14854  1.70293  0.99397  2.01206  
0.861752  2.2765  1.38353  1.23294  
0.55424  2.89152  1.59252  0.814958  
0.740732  2.51854  0.0894653  3.82107  
1.88632  0.227364  0.55424  2.89152  
0.354727  3.29055  0.354727  3.29055  
1.38353  1.23294  1.14854  1.70293  
0.0894653  3.82107  0.740732  2.51854  
0.99397  2.01206  0.861752  2.2765  
1.59252  0.814958  1.88632  0.227364  
1.89178  0.216435  1.6587  0.6826  
1.16005  1.67989  0.0640885  3.87182  
1.6587  0.6826  0.5093  2.9814  
0.288362  3.42328  1.39597  1.20806  
0.769211  2.46158  0.613224  2.77355  
1.39597  1.20806  0.943466  2.11307  
0.613224  2.77355  0.769211  2.46158  
0.943466  2.11307  1.16005  1.67989  
0.5093  2.9814  0.288362  3.42328  
0.0640885  3.87182  1.89178  0.216435  
1.33856  1.32288  1.95705  0.0859072  
0.263217  3.47357  1.13695  1.7261  
0.952558  2.09488  0.952558  2.09488  
0.150115  3.69977  0.263217  3.47357  
0.577039  2.84592  0.150115  3.69977  
1.76843  0.46314  0.577039  2.84592  
0.756932  2.48614  1.57725  0.845493  
1.95705  0.0859072  1.76843  0.46314  
1.13695  1.7261  1.33856  1.32288  
1.57725  0.845493  0.756932  2.48614  
0.4977  3.0046  1.191  1.61801  
1.191  1.61801  0.737455  2.52509  
0.254952  3.4901  0.254952  3.4901  
1.4058  1.18841  1.99974  0.000522286  
1.61031  0.779389  1.80922  0.381561  
0.969798  2.0604  1.61031  0.779389  
1.80922  0.381561  0.969798  2.0604  
0.000737479  3.99853  1.4058  1.18841  
1.99974  0.000522286  0.000737479  3.99853  
0.737455  2.52509  0.4977  3.0046  
0.119277  3.76145  0.840567  2.31887  
1.5872  0.825598  1.81633  0.367343  
1.81633  0.367343  0.527846  2.94431  
1.10031  1.79937  0.356907  3.28619  
0.840567  2.31887  0.119277  3.76145  
0.527846  2.94431  1.10031  1.79937  
0.655987  2.68803  0.938857  2.12229  
0.938857  2.12229  0.655987  2.68803  
0.356907  3.28619  1.5872  0.825598  
1.30413  1.39173  1.30413  1.39173  
1.53055  0.938902  0.103307  3.79339  
0.424838  3.15032  1.96549  0.0690133  
0.103307  3.79339  1.31147  1.37707  
1.31147  1.37707  1.09701  1.80597  
1.74388  0.512233  1.53055  0.938902  
0.662406  2.67519  1.74388  0.512233  
0.87774  2.24452  0.424838  3.15032  
0.00726548  3.98547  0.87774  2.24452  
1.09701  1.80597  0.00726548  3.98547  
1.96549  0.0690133  0.662406  2.67519  
1.4058  1.18841  1.99974  0.000522286  
1.191  1.61801  0.000737479  3.99853  
0.254952  3.4901  0.737455  2.52509  
0.969798  2.0604  1.61031  0.779389  
1.61031  0.779389  0.254952  3.4901  
1.80922  0.381561  1.4058  1.18841  
0.000737479  3.99853  0.4977  3.0046  
0.4977  3.0046  1.191  1.61801  
1.99974  0.000522286  1.80922  0.381561  
0.737455  2.52509  0.969798  2.0604  
1.40401  1.19198  1.01519  1.96962  
0.799329  2.40134  0.365644  3.26871  
1.01519  1.96962  1.79583  0.408334  
1.2109  1.57819  1.40401  1.19198  
0.0251009  3.9498  1.2109  1.57819  
0.365644  3.26871  0.0251009  3.9498  
1.97971  0.0405704  0.799329  2.40134  
1.60301  0.79397  1.60301  0.79397  
1.79583  0.408334  0.594218  2.81156  
0.594218  2.81156  1.97971  0.0405704  
1.59616  0.807678  1.9566  0.0868029  
0.54454  2.91092  0.76482  2.47036  
1.40478  1.19043  0.0252742  3.94945  
1.00105  1.99791  1.59616  0.807678  
1.21185  1.5763  0.283196  3.43361  
0.0252742  3.94945  1.77767  0.444663  
0.283196  3.43361  1.21185  1.5763  
1.9566  0.0868029  0.54454  2.91092  
0.76482  2.47036  1.00105  1.99791  
1.77767  0.444663  1.40478  1.19043  
0.90712  2.18576  1.47373  1.05254  
0.296323  3.40735  0.90712  2.18576  
0.0909387  3.81812  0.296323  3.40735  
1.69908  0.601839  1.26941  1.46118  
1.94123  0.117532  1.69908  0.601839  
0.698495  2.60301  0.487557  3.02489  
0.487557  3.02489  1.94123  0.117532  
1.10428  1.79144  0.698495  2.60301  
1.47373  1.05254  1.10428  1.79144  
1.26941  1.46118  0.0909387  3.81812  
1.64216  0.71569  0.498072  3.00386  
0.254508  3.49098  1.16113  1.67773  
0.946248  2.1075  0.728036  2.54393  
1.72019  0.559617  1.72019  0.559617  
0.214748  3.5705  0.214748  3.5705  
1.37588  1.24824  1.58143  0.837146  
1.16113  1.67773  1.02299  1.95403  
0.498072  3.00386  0.254508  3.49098  
1.58143  0.837146  1.64216  0.71569  
0.728036  2.54393  1.37588  1.24824  
0.276131  3.44774  1.33262  1.33476  
1.55808  0.883843  1.14169  1.71662  
1.76991  0.460186  1.55808  0.883843  
0.513885  2.97223  1.76991  0.460186  
0.944578  2.11084  0.276131  3.44774  
1.33262  1.33476  0.734256  2.53149  
1.14169  1.71662  0.944578  2.11084  
0.734256  2.53149  0.513885  2.97223  
0.0291215  3.94176  0.0291215  3.94176  
1.97405  0.0519017  1.97405  0.0519017  
1.4058  1.18841  1.99981  0.000387434  
1.99981  0.000387434  0.737455  2.52509  
0.254836  3.49033  1.4058  1.18841  
0.969746  2.06051  0.254836  3.49033  
0.737455  2.52509  0.969746  2.06051  
1.80927  0.381457  1.19102  1.61795  
0.497502  3.005  1.61034  0.779328  
0.000556103  3.99889  1.80927  0.381457  
1.19102  1.61795  0.000556103  3.99889  
1.61034  0.779328  0.497502  3.005  
1.786  0.427996  0.0165023  3.967  
1.99373  0.012537  1.57557  0.848859  
1.3579  1.28419  0.461724  3.07655  
1.1399  1.7202  1.99373  0.012537  
0.0165023  3.967  1.3579  1.28419  
1.57557  0.848859  1.786  0.427996  
0.461724  3.07655  0.246974  3.50605  
0.681519  2.63696  1.1399  1.7202  
0.915594  2.16881  0.915594  2.16881  
0.246974  3.50605  0.681519  2.63696  
0.000556103  3.99889  0.000556103  3.99889  
1.99981  0.000387434  0.969746  2.06051  
0.254836  3.49033  1.4058  1.18841  
0.497502  3.005  1.80927  0.381457  
0.737455  2.52509  1.61034  0.779328  
0.969746  2.06051  0.497502  3.005  
1.4058  1.18841  0.254836  3.49033  
1.80927  0.381457  0.737455  2.52509  
1.19102  1.61795  1.19102  1.61795  
1.61034  0.779328  1.99981  0.000387434  
0.498072  3.00386  0.254508  3.49098  
1.99649  0.0070125  1.27584  1.44831  
0.254508  3.49098  0.946248  2.1075  
0.0145182  3.97096  0.728036  2.54393  
0.728036  2.54393  0.0145182  3.97096  
1.77892  0.442163  1.77892  0.442163  
1.58143  0.837146  0.498072  3.00386  
0.946248  2.1075  1.37588  1.24824  
1.16113  1.67773  1.58143  0.837146  
1.37588  1.24824  1.99649  0.0070125  
0.527314  2.94537  0.792362  2.41528  
1.32757  1.34486  1.92281  0.154376  
0.705727  2.58855  1.53689  0.926227  
0.0404853  3.91903  1.32757  1.34486  
1.11475  1.7705  0.348233  3.30353  
0.894086  2.21183  1.72757  0.544867  
1.53689  0.926227  0.527314  2.94537  
1.92281  0.154376  1.11475  1.7705  
0.348233  3.30353  0.894086  2.21183  
1.72757  0.544867  0.0404853  3.91903  
1.79485  0.410303  1.40761  1.18479  
0.275123  3.44975  1.98586  0.0282871  
1.60376  0.792479  0.987354  2.02529  
0.987354  2.02529  1.79485  0.410303  
0.0198862  3.96023  0.275123  3.44975  
1.40761  1.18479  1.20815  1.58371  
0.52189  2.95622  0.52189  2.95622  
0.763759  2.47248  0.763759  2.47248  
1.20815  1.58371  1.60376  0.792479  
1.98586  0.0282871  0.0198862  3.96023  
0.246016  3.50797  1.53061  0.938783  
0.0305993  3.9388  0.246016  3.50797  
1.07129  1.85743  0.857652  2.2847  
1.9732  0.0535986  0.459321  3.08136  
1.53061  0.938783  1.07129  1.85743  
0.459321  3.08136  1.31814  1.36372  
0.857652  2.2847  0.665484  2.66903  
1.31814  1.36372  1.74525  0.50951  
1.74525  0.50951  1.9732  0.0535986  
0.665484  2.66903  0.0305993  3.9388  
1.53721  0.925584  0.255435  3.48913  
1.9867  0.0265928  0.869454  2.26109  
1.08599  1.82802  1.08599  1.82802  
0.255435  3.48913  1.30802  1.38396  
0.0235789  3.95284  0.4661  3.0678  
0.869454  2.26109  0.0235789  3.95284  
0.670705  2.65859  1.76495  0.470109  
1.76495  0.470109  0.670705  2.65859  
0.4661  3.0678  1.9867  0.0265928  
1.30802  1.38396  1.53721  0.925584  
0.701699  2.5966  0.316522  3.36696  
0.316522  3.36696  0.522961  2.95408  
0.10536  3.78928  1.95196  0.0960701  
0.522961  2.95408  1.14764  1.70472  
1.14764  1.70472  1.32561  1.34879  
1.55652  0.886964  1.55652  0.886964  
1.7151  0.569808  0.701699  2.5966  
1.95196  0.0960701  0.10536  3.78928  
1.32561  1.34879  0.969569  2.06086  
0.969569  2.06086  1.7151  0.569808  
1.53521  0.929584  1.40053  1.19894  
0.349824  3.30035  1.00615  1.98769  
0.094406  3.81119  1.95639  0.0872165  
1.95639  0.0872165  0.835445  2.32911  
0.627214  2.74557  1.16709  1.66583  
0.835445  2.32911  0.627214  2.74557  
1.40053  1.19894  1.53521  0.929584  
1.00615  1.98769  0.094406  3.81119  
1.16709  1.66583  0.349824  3.30035  
1.7441  0.511801  1.7441  0.511801  
0.981204  2.03759  1.13761  1.72477  
1.97556  0.0488738  1.97556  0.0488738  
0.580484  2.83903  0.981204  2.03759  
1.13761  1.72477  1.7308  0.538408  
1.52507  0.949867  0.0619703  3.87606  
1.7308  0.538408  1.32782  1.34437  
1.32782  1.34437  0.764565  2.47087  
0.356921  3.28616  1.52507  0.949867  
0.764565  2.47087  0.356921  3.28616  
0.0619703  3.87606  0.580484  2.83903  
0.266961  3.46608  0.266961  3.46608  
1.17155  1.6569  0.0125733  3.97485  
0.745207  2.50959  1.98034  0.0393167  
0.503609  2.99278  0.965706  2.06859  
1.38478  1.23045  0.503609  2.99278  
0.0125733  3.97485  1.79385  0.412301  
1.79385  0.412301  1.17155  1.6569  
1.59521  0.809584  1.38478  1.23045  
1.98034  0.0393167  1.59521  0.809584  
0.965706  2.06859  0.745207  2.50959  
1.99869  0.00261852  1.43619  1.12762  
1.82134  0.357313  0.275657  3.44869  
0.77539  2.44922  1.99869  0.00261852  
0.529356  2.94129  1.22413  1.55173  
1.22413  1.55173  1.01133  1.97734  
1.62869  0.74262  0.00600048  3.988  
0.00600048  3.988  0.529356  2.94129  
1.01133  1.97734  1.62869  0.74262  
0.275657  3.44869  1.82134  0.357313  
1.43619  1.12762  0.77539  2.44922  
1.61047  0.779051  1.99978  0.000434553  
1.80929  0.381423  1.80929  0.381423  
0.737379  2.52524  0.969695  2.06061  
0.49742  3.00516  1.19102  1.61795  
0.969695  2.06061  1.4059  1.18821  
1.99978  0.000434553  0.000491496  3.99902  
0.000491496  3.99902  0.254724  3.49055  
0.254724  3.49055  1.61047  0.779051  
1.19102  1.61795  0.49742  3.00516  
1.4059  1.18821  0.737379  2.52524  
1.24952  1.50095  0.546393  2.90721  
0.546393  2.90721  0.797692  2.40462  
1.45232  1.09537  0.00703215  3.98594  
1.02543  1.94915  1.45232  1.09537  
1.81909  0.361825  0.276093  3.44781  
1.63844  0.723114  1.99387  0.0122676  
0.797692  2.40462  1.24952  1.50095  
0.276093  3.44781  1.81909  0.361825  
1.99387  0.0122676  1.02543  1.94915  
0.00703215  3.98594  1.63844  0.723114  
0.800543  2.39891  1.41309  1.17381  
1.21547  1.56906  0.303707  3.39259  
0.0144433  3.97111  1.9905  0.0190068  
0.555841  2.88832  0.555841  2.88832  
0.303707  3.39259  1.60169  0.796616  
1.60169  0.796616  1.79231  0.41538  
1.79231  0.41538  1.00909  1.98182  
1.41309  1.17381  0.800543  2.39891  
1.00909  1.98182  1.21547  1.56906  
1.9905  0.0190068  0.0144433  3.97111  
1.00019  1.99962  1.42263  1.15474  
0.274632  3.45074  0.000188777  3.99962  
0.764537  2.47093  1.61282  0.774365  
1.98582  0.0283536  1.22066  1.55869  
0.518601  2.9628  0.518601  2.9628  
1.42263  1.15474  0.764537  2.47093  
0.000188777  3.99962  1.98582  0.0283536  
1.22066  1.55869  1.00019  1.99962  
1.80687  0.38625  1.80687  0.38625  
1.61282  0.774365  0.274632  3.45074  
0.746595  2.50681  1.60974  0.780525  
1.60974  0.780525  0.286965  3.42607  
0.518099  2.9638  1.40224  1.19553  
1.40224  1.19553  0.0220157  3.95597  
1.80351  0.392988  0.518099  2.9638  
1.18737  1.62526  1.98956  0.0208795  
1.98956  0.0208795  0.971481  2.05704  
0.971481  2.05704  1.18737  1.62526  
0.286965  3.42607  1.80351  0.392988  
0.0220157  3.95597  0.746595  2.50681  
0.00033339  3.99933  0.522148  2.9557  
0.763695  2.47261  0.763695  2.47261  
1.41943  1.16115  1.99988  0.000232786  
0.522148  2.9557  1.81624  0.367524  
1.99988  0.000232786  1.21056  1.57888  
0.268172  3.46366  0.268172  3.46366  
1.6237  0.7526  1.6237  0.7526  
1.21056  1.57888  0.993014  2.01397  
1.81624  0.367524  0.00033339  3.99933  
0.993014  2.01397  1.41943  1.16115  
1.99988  0.000232786  1.81624  0.367524  
1.21056  1.57888  0.00033339  3.99933  
0.763695  2.47261  1.6237  0.7526  
1.81624  0.367524  1.41943  1.16115  
1.6237  0.7526  0.993014  2.01397  
0.522148  2.9557  0.268172  3.46366  
0.993014  2.01397  1.21056  1.57888  
0.268172  3.46366  0.522148  2.9557  
1.41943  1.16115  1.99988  0.000232786  
0.00033339  3.99933  0.763695  2.47261  
1.21056  1.57888  1.21056  1.57888  
1.6237  0.7526  0.522148  2.9557  
0.00033339  3.99933  0.00033339  3.99933  
0.522148  2.9557  1.41943  1.16115  
1.41943  1.16115  0.763695  2.47261  
0.268172  3.46366  1.81624  0.367524  
1.99988  0.000232786  1.6237  0.7526  
0.993014  2.01397  0.993014  2.01397  
1.81624  0.367524  0.268172  3.46366  
0.763695  2.47261  1.99988  0.000232786  
1.99988  0.000232786  1.21056  1.57888  
0.00033339  3.99933  0.763695  2.47261  
0.763695  2.47261  0.268172  3.46366  
1.21056  1.57888  0.00033339  3.99933  
0.268172  3.46366  1.99988  0.000232786  
0.522148  2.9557  0.522148  2.9557  
1.6237  0.7526  1.81624  0.367524  
1.41943  1.16115  0.993014  2.01397  
1.81624  0.367524  1.60844  0.783113  
0.993014  2.01397  1.41943  1.16115  
0.993014  2.01397  1.81624  0.367524  
0.268172  3.46366  0.993014  2.01397  
1.41943  1.16115  1.41943  1.16115  
0.522148  2.9557  1.99988  0.000232786  
1.21056  1.57888  1.21056  1.57888  
0.00033339  3.99933  0.00033339  3.99933  
1.99988  0.000232786  1.6237  0.7526  
1.6237  0.7526  0.268172  3.46366  
1.81624  0.367524  0.522148  2.9557  
0.763695  2.47261  0.763695  2.47261  
1.21056  1.57888  1.81624  0.367524  
1.6237  0.7526  0.993014  2.01397  
0.268172  3.46366  0.522148  2.9557  
0.522148  2.9557  1.21056  1.57888  
1.81624  0.367524  0.763695  2.47261  
0.763695  2.47261  1.41943  1.16115  
1.41943  1.16115  1.99988  0.000232786  
1.99988  0.000232786  0.00033339  3.99933  
0.00033339  3.99933  1.6237  0.7526  
0.993014  2.01397  0.268172  3.46366  
0.993014  2.01397  1.41943  1.16115  
1.81624  0.367524  0.993014  2.01397  
1.6237  0.7526  1.81624  0.367524  
0.00033339  3.99933  0.268172  3.46366  
1.21056  1.57888  1.6237  0.7526  
1.99988  0.000232786  0.763695  2.47261  
0.763695  2.47261  1.21056  1.57888  
0.522148  2.9557  1.99988  0.000232786  
0.268172  3.46366  0.522148  2.9557  
1.41943  1.16115  0.00033339  3.99933  
1.81624  0.367524  1.6237  0.7526  
0.763695  2.47261  0.522148  2.9557  
1.41943  1.16115  1.21056  1.57888  
1.21056  1.57888  1.41943  1.16115  
0.268172  3.46366  0.00033339  3.99933  
1.6237  0.7526  1.81624  0.367524  
0.00033339  3.99933  0.993014  2.01397  
1.99988  0.000232786  0.268172  3.46366  
0.522148  2.9557  1.99988  0.000232786  
0.993014  2.01397  0.763695  2.47261  
0.763695  2.47261  1.99988  0.000232786  
0.993014  2.01397  1.41943  1.16115  
0.268172  3.46366  1.81624  0.367524  
0.522148  2.9557  0.763695  2.47261  
1.99988  0.000232786  0.993014  2.01397  
1.81624  0.367524  0.522148  2.9557  
1.21056  1.57888  1.6237  0.7526  
1.41943  1.16115  0.268172  3.46366  
0.00033339  3.99933  0.00033339  3.99933  
1.6237  0.7526  1.21056  1.57888  
1.99988  0.000232786  1.41943  1.16115  
1.6237  0.7526  1.99988  0.000232786  
0.00033339  3.99933  1.21056  1.57888  
0.993014  2.01397  1.81624  0.367524  
0.522148  2.9557  1.6237  0.7526  
1.21056  1.57888  0.522148  2.9557  
1.41943  1.16115  0.268172  3.46366  
0.763695  2.47261  0.965621  2.06876  
1.81624  0.367524  0.00033339  3.99933  
0.268172  3.46366  0.763695  2.47261  
0.521759  2.95648  1.21056  1.57888  
1.21056  1.57888  1.99988  0.000232786  
0.000413915  3.99917  0.000413915  3.99917  
1.41937  1.16126  0.268681  3.46264  
1.81412  0.371762  0.763695  2.47261  
0.763695  2.47261  1.62181  0.756387  
0.992293  2.01541  0.992293  2.01541  
1.62181  0.756387  1.81412  0.371762  
0.268681  3.46264  1.41937  1.16126  
1.99988  0.000232786  0.521759  2.95648  
1.62181  0.756387  1.81412  0.371762  
1.99988  0.000232786  1.41937  1.16126  
1.21056  1.57888  0.521759  2.95648  
0.000413915  3.99917  0.268681  3.46264  
0.992293  2.01541  0.763695  2.47261  
1.81412  0.371762  1.99988  0.000232786  
1.41937  1.16126  1.21056  1.57888  
0.521759  2.95648  1.62181  0.756387  
0.268681  3.46264  0.000413915  3.99917  
0.763695  2.47261  0.992293  2.01541  
0.268681  3.46264  0.000413915  3.99917  
1.81412  0.371762  1.81412  0.371762  
0.000413915  3.99917  0.268681  3.46264  
1.21056  1.57888  1.62181  0.756387  
0.763695  2.47261  0.521759  2.95648  
1.41937  1.16126  0.992293  2.01541  
0.992293  2.01541  0.763695  2.47261  
1.62181  0.756387  1.21056  1.57888  
1.99988  0.000232786  1.99988  0.000232786  
0.521759  2.95648  1.41937  1.16126  
1.81412  0.371762  0.000413915  3.99917  
1.41937  1.16126  1.99988  0.000232786  
0.763695  2.47261  0.992293  2.01541  
0.000413915  3.99917  0.268681  3.46264  
0.992293  2.01541  0.521759  2.95648  
0.521759  2.95648  1.81412  0.371762  
1.21056  1.57888  1.62181  0.756387  
1.99988  0.000232786  1.41937  1.16126  
0.268681  3.46264  0.763695  2.47261  
1.62181  0.756387  1.21056  1.57888  
1.21056  1.57888  1.62181  0.756387  
0.000413915  3.99917  1.21056  1.57888  
1.41937  1.16126  1.41937  1.16126  
0.992293  2.01541  0.000413915  3.99917  
1.62181  0.756387  1.81412  0.371762  
0.268681  3.46264  1.99988  0.000232786  
0.763695  2.47261  0.992293  2.01541  
0.521759  2.95648  0.763695  2.47261  
1.99988  0.000232786  0.521759  2.95648  
1.81412  0.371762  0.268681  3.46264  
0.763695  2.47261  0.268681  3.46264  
0.992293  2.01541  0.521759  2.95648  
1.41937  1.16126  1.99988  0.000232786  
1.62181  0.756387  1.41937  1.16126  
1.21056  1.57888  1.62181  0.756387  
0.521759  2.95648  0.763695  2.47261  
0.268681  3.46264  0.000413915  3.99917  
0.000413915  3.99917  0.992293  2.01541  
1.81412  0.371762  1.81412  0.371762  
1.99988  0.000232786  1.21056  1.57888  
1.41937  1.16126  1.62181  0.756387  
1.99988  0.000232786  1.81412  0.371762  
0.992293  2.01541  0.000413915  3.99917  
1.81412  0.371762  0.521759  2.95648  
0.521759  2.95648  0.268681  3.46264  
0.000413915  3.99917  1.21056  1.57888  
0.268681  3.46264  1.99988  0.000232786  
0.763695  2.47261  0.763695  2.47261  
1.62181  0.756387  1.41937  1.16126  
1.21056  1.57888  0.992293  2.01541  
1.99988  0.000232786  1.41937  1.16126  
0.268681  3.46264  0.763695  2.47261  
0.763695  2.47261  1.81412  0.371762  
1.62181  0.756387  1.21056  1.57888  
0.521759  2.95648  0.000413915  3.99917  
0.000413915  3.99917  0.268681  3.46264  
1.81412  0.371762  1.62181  0.756387  
1.21056  1.57888  0.992293  2.01541  
1.41937  1.16126  1.99988  0.000232786  
0.992293  2.01541  0.521759  2.95648  
1.99988  0.000232786  0.268681  3.46264  
0.763695  2.47261  0.000413915  3.99917  
0.521759  2.95648  1.99988  0.000232786  
0.000413915  3.99917  1.41937  1.16126  
1.62181  0.756387  1.62181  0.756387  
0.268681  3.46264  1.21056  1.57888  
1.41937  1.16126  0.521759  2.95648  
1.21056  1.57888  1.81412  0.371762  
0.992293  2.01541  0.763695  2.47261  
1.81412  0.371762  0.992293  2.01541  
0.521759  2.95648  0.992293  2.01541  
0.268681  3.46264  0.000413915  3.99917  
1.41937  1.16126  1.81412  0.371762  
0.992293  2.01541  1.99988  0.000232786  
1.99988  0.000232786  0.521759  2.95648  
1.62181  0.756387  1.41937  1.16126  
1.21056  1.57888  0.268681  3.46264  
1.81412  0.371762  1.21056  1.57888  
0.000413915  3.99917  1.62181  0.756387  
0.763695  2.47261  0.763695  2.47261  
1.62181  0.756387  0.268681  3.46264  
1.41937  1.16126  0.000413915  3.99917  
0.763695  2.47261  1.62181  0.756387  
1.81412  0.371762  0.763695  2.47261  
1.21056  1.57888  1.41937  1.16126  
0.521759  2.95648  0.992293  2.01541  
0.992293  2.01541  1.21056  1.57888  
0.000413915  3.99917  1.99988  0.000232786  
0.268681  3.46264  1.81412  0.371762  
1.99988  0.000232786  0.521759  2.95648  
0.521759  2.95648  0.992293  2.01541  
0.268681  3.46264  0.000413915  3.99917  
0.763695  2.47261  1.99988  0.000232786  
0.992293  2.01541  1.41937  1.16126  
0.000413915  3.99917  1.81412  0.371762  
1.62181  0.756387  1.62181  0.756387  
1.21056  1.57888  0.521759  2.95648  
1.99988  0.000232786  1.21056  1.57888  
1.81412  0.371762  0.268681  3.46264  
1.41937  1.16126  0.763695  2.47261  
1.62181  0.756387  0.992293  2.01541  
1.99988  0.000232786  0.268681  3.46264  
1.81412  0.371762  1.62181  0.756387  
0.000413915  3.99917  1.81412  0.371762  
0.521759  2.95648  0.521759  2.95648  
1.41937  1.16126  0.763695  2.47261  
0.992293  2.01541  1.21056  1.57888  
1.21056  1.57888  1.99988  0.000232786  
0.268681  3.46264  1.41937  1.16126  
0.763695  2.47261  0.000413915  3.99917  
1.21056  1.57888  0.763695  2.47261  
1.41937  1.16126  0.000413915  3.99917  
1.81412  0.371762  1.21056  1.57888  
1.62181  0.756387  0.268681  3.46264  
0.763695  2.47261  1.41937  1.16126  
0.268681  3.46264  0.992293  2.01541  
1.99988  0.000232786  0.521759  2.95648  
0.000413915  3.99917  1.81412  0.371762  
0.992293  2.01541  1.62181  0.756387  
0.521759  2.95648  1.99988  0.000232786  
0.268681  3.46264  1.81412  0.371762  
1.81412  0.371762  1.21056  1.57888  
1.99988  0.000232786  1.62181  0.756387  
0.000413915  3.99917  0.268681  3.46264  
1.62181  0.756387  0.763695  2.47261  
0.521759  2.95648  1.99988  0.000232786  
1.41937  1.16126  1.41937  1.16126  
0.992293  2.01541  0.000413915  3.99917  
1.21056  1.57888  0.992293  2.01541  
0.763695  2.47261  0.521759  2.95648  
0.992293  2.01541  0.000413915  3.99917  
1.99988  0.000232786  1.81412  0.371762  
0.268681  3.46264  1.62181  0.756387  
0.000413915  3.99917  0.521759  2.95648  
1.21056  1.57888  0.268681  3.46264  
1.41937  1.16126  0.763695  2.47261  
1.62181  0.756387  1.41937  1.16126  
0.521759  2.95648  0.992293  2.01541  
0.763695  2.47261  1.21056  1.57888  
1.81412  0.371762  1.99988  0.000232786  
0.268681  3.46264  1.99988  0.000232786  
0.000413915  3.99917  0.268681  3.46264  
0.763695  2.47261  1.41937  1.16126  
0.992293  2.01541  1.21056  1.57888  
1.81412  0.371762  0.992293  2.01541  
0.521759  2.95648  1.81412  0.371762  
1.99988  0.000232786  1.62181  0.756387  
1.62181  0.756387  0.000413915  3.99917  
1.21056  1.57888  0.763695  2.47261  
1.41937  1.16126  0.521759  2.95648  
1.99988  0.000232786  0.268681  3.46264  
1.41937  1.16126  0.992293  2.01541  
0.521759  2.95648  0.763695  2.47261  
1.21056  1.57888  1.41937  1.16126  
0.763695  2.47261  0.000413915  3.99917  
0.268681  3.46264  1.81412  0.371762  
0.000413915  3.99917  1.21056  1.57888  
1.62181  0.756387  1.99988  0.000232786  
0.992293  2.01541  1.62181  0.756387  
1.81412  0.371762  0.521759  2.95648  
1.62181  0.756387  1.81412  0.371762  
0.268681  3.46264  0.992293  2.01541  
0.521759  2.95648  0.521759  2.95648  
0.763695  2.47261  0.000413915  3.99917  
1.21056  1.57888  0.268681  3.46264  
0.992293  2.01541  1.41937  1.16126  
0.000413915  3.99917  1.99988  0.000232786  
1.81412  0.371762  1.62181  0.756387  
1.41937  1.16126  0.763695  2.47261  
1.99988  0.000232786  1.21056  1.57888  
0.992293  2.01541  1.81412  0.371762  
0.268681  3.46264  1.99988  0.000232786  
1.62181  0.756387  1.21056  1.57888  
1.21056  1.57888  0.992293  2.01541  
1.41937  1.16126  0.763695  2.47261  
0.521759  2.95648  1.41937  1.16126  
1.81412  0.371762  0.521759  2.95648  
0.000413915  3.99917  1.62181  0.756387  
0.763695  2.47261  0.000413915  3.99917  
1.99988  0.000232786  0.268681  3.46264  
1.81412  0.371762  1.21056  1.57888  
1.21056  1.57888  0.521759  2.95648  
0.992293  2.01541  0.000413915  3.99917  
1.62181  0.756387  0.268681  3.46264  
0.763695  2.47261  1.81412  0.371762  
0.521759  2.95648  1.41937  1.16126  
1.99988  0.000232786  0.692865  2.61427  
1.41937  1.16126  1.62181  0.756387  
0.268681  3.46264  1.99988  0.000232786  
0.000413915  3.99917  0.992293  2.01541  
1.41937  1.16126  1.81412  0.371762  
1.81412  0.371762  0.521759  2.95648  
0.000413915  3.99917  0.268681  3.46264  
1.62181  0.756387  0.763695  2.47261  
0.763695  2.47261  1.21056  1.57888  
1.99988  0.000232786  1.41937  1.16126  
0.992293  2.01541  1.62181  0.756387  
0.521759  2.95648  1.99988  0.000232786  
1.21056  1.57888  0.992293  2.01541  
0.268681  3.46264  0.000413915  3.99917  
1.41937  1.16126  1.62181  0.756387  
0.521759  2.95648  1.99988  0.000232786  
0.000413915  3.99917  0.992293  2.01541  
1.99988  0.000232786  0.763695  2.47261  
1.62181  0.756387  0.268681  3.46264  
0.763695  2.47261  0.521759  2.95648  
1.81412  0.371762  1.81412  0.371762  
0.268681  3.46264  1.41937  1.16126  
0.992293  2.01541  1.21056  1.57888  
1.21056  1.57888  0.000413915  3.99917  
0.521759  2.95648  0.521759  2.95648  
1.21056  1.57888  1.41937  1.16126  
1.99988  0.000232786  0.268681  3.46264  
1.81412  0.371762  1.99988  0.000232786  
0.763695  2.47261  1.21056  1.57888  
1.41937  1.16126  1.62181  0.756387  
0.000413915  3.99917  0.992293  2.01541  
0.268681  3.46264  0.763695  2.47261  
0.992293  2.01541  1.81412  0.371762  
1.62181  0.756387  0.000413915  3.99917  
0.000413915  3.99917  1.21056  1.57888  
0.521759  2.95648  1.62181  0.756387  
1.81412  0.371762  1.41937  1.16126  
0.992293  2.01541  0.992293  2.01541  
0.268681  3.46264  1.05924  1.88152  
1.99988  0.000232786  0.521759  2.95648  
0.763695  2.47261  0.000413915  3.99917  
1.62181  0.756387  1.99988  0.000232786  
1.41937  1.16126  1.81412  0.371762  
1.21056  1.57888  0.268681  3.46264  
1.99988  0.000232786  1.81412  0.371762  
1.41937  1.16126  0.992293  2.01541  
0.992293  2.01541  1.62181  0.756387  
0.763695  2.47261  1.41937  1.16126  
1.21056  1.57888  0.268681  3.46264  
0.521759  2.95648  1.99988  0.000232786  
1.62181  0.756387  0.763695  2.47261  
1.81412  0.371762  0.521759  2.95648  
0.000413915  3.99917  0.000413915  3.99917  
0.268681  3.46264  1.21056  1.57888  
0.268681  3.46264  1.99988  0.000232786  
0.000413915  3.99917  0.992293  2.01541  
0.763695  2.47261  0.521759  2.95648  
0.992293  2.01541  1.41937  1.16126  
1.81412  0.371762  0.763695  2.47261  
0.521759  2.95648  0.268681  3.46264  
1.99988  0.000232786  1.21056  1.57888  
1.62181  0.756387  1.81412  0.371762  
1.21056  1.57888  0.000413915  3.99917  
1.41937  1.16126  1.62181  0.756387  
0.763695  2.47261  1.81412  0.371762  
1.81412  0.371762  0.000413915  3.99917  
0.268681  3.46264  1.21056  1.57888  
1.99988  0.000232786  0.763695  2.47261  
1.21056  1.57888  1.62181  0.756387  
0.992293  2.01541  0.268681  3.46264  
0.000413915  3.99917  1.41937  1.16126  
1.41937  1.16126  0.521759  2.95648  
0.521759  2.95648  1.99988  0.000232786  
1.62181  0.756387  0.992293  2.01541  
0.992293  2.01541  1.41937  1.16126  
0.000413915  3.99917  1.21056  1.57888  
1.41937  1.16126  0.521759  2.95648  
0.521759  2.95648  0.268681  3.46264  
0.268681  3.46264  1.81412  0.371762  
1.81412  0.371762  0.992293  2.01541  
1.21056  1.57888  0.763695  2.47261  
1.62181  0.756387  0.000413915  3.99917  
0.763695  2.47261  1.99988  0.000232786  
1.99988  0.000232786  1.62181  0.756387  
1.41937  1.16126  1.21056  1.57888  
0.521759  2.95648  0.268681  3.46264  
0.992293  2.01541  0.992293  2.01541  
1.99988  0.000232786  0.763695  2.47261  
1.21056  1.57888  1.62181  0.756387  
0.000413915  3.99917  0.000413915  3.99917  
0.268681  3.46264  1.99988  0.000232786  
1.81412  0.371762  1.81412  0.371762  
1.62181  0.756387  1.41937  1.16126  
0.763695  2.47261  0.521759  2.95648  
1.21056  1.57888  0.000413915  3.99917  
1.41937  1.16126  1.62181  0.756387  
0.992293  2.01541  1.41937  1.16126  
0.521759  2.95648  1.81412  0.371762  
1.81412  0.371762  1.99988  0.000232786  
0.000413915  3.99917  0.763695  2.47261  
0.763695  2.47261  0.521759  2.95648  
0.268681  3.46264  0.992293  2.01541  
1.62181  0.756387  1.21056  1.57888  
1.99988  0.000232786  0.268681  3.46264  
1.62181  0.756387  0.992293  2.01541  
0.268681  3.46264  0.763695  2.47261  
1.41937  1.16126  1.62181  0.756387  
0.763695  2.47261  1.41937  1.16126  
1.21056  1.57888  1.99988  0.000232786  
0.000413915  3.99917  1.81412  0.371762  
0.521759  2.95648  0.000413915  3.99917  
0.992293  2.01541  1.21056  1.57888  
1.81412  0.371762  0.268681  3.46264  
1.99988  0.000232786  0.521759  2.95648  
0.268681  3.46264  1.41937  1.16126  
1.81412  0.371762  1.99988  0.000232786  
1.62181  0.756387  0.521759  2.95648  
0.763695  2.47261  0.992293  2.01541  
0.000413915  3.99917  1.62181  0.756387  
1.41937  1.16126  0.000413915  3.99917  
0.992293  2.01541  0.268681  3.46264  
1.21056  1.57888  1.81412  0.371762  
1.99988  0.000232786  1.21056  1.57888  
0.521759  2.95648  0.763695  2.47261  
0.000413915  3.99917  0.992293  2.01541  
1.21056  1.57888  1.99988  0.000232786  
0.268681  3.46264  0.763695  2.47261  
0.992293  2.01541  1.62181  0.756387  
1.81412  0.371762  0.000413915  3.99917  
1.41937  1.16126  1.41937  1.16126  
1.99988  0.000232786  1.81412  0.371762  
0.521759  2.95648  0.521759  2.95648  
1.62181  0.756387  1.21056  1.57888  
0.763695  2.47261  0.268681  3.46264  
0.268681  3.46264  0.763695  2.47261  
1.41937  1.16126  0.268681  3.46264  
1.81412  0.371762  1.99988  0.000232786  
0.000413915  3.99917  1.21056  1.57888  
0.992293  2.01541  1.62181  0.756387  
0.763695  2.47261  0.521759  2.95648  
1.21056  1.57888  1.81412  0.371762  
1.62181  0.756387  0.992293  2.01541  
1.99988  0.000232786  0.000413915  3.99917  
0.521759  2.95648  1.41937  1.16126  
0.268681  3.46264  0.763695  2.47261  
0.000413915  3.99917  1.62181  0.756387  
0.763695  2.47261  0.992293  2.01541  
0.992293  2.01541  0.268681  3.46264  
1.81412  0.371762  1.81412  0.371762  
0.521759  2.95648  1.41937  1.16126  
1.99988  0.000232786  0.521759  2.95648  
1.62181  0.756387  1.21056  1.57888  
1.21056  1.57888  0.000413915  3.99917  
1.41937  1.16126  1.99988  0.000232786  
0.268681  3.46264  1.41937  1.16126  
1.21056  1.57888  0.992293  2.01541  
1.81412  0.371762  1.99988  0.000232786  
1.62181  0.756387  0.763695  2.47261  
1.41937  1.16126  0.268681  3.46264  
0.521759  2.95648  0.000413915  3.99917  
0.992293  2.01541  1.81412  0.371762  
1.99988  0.000232786  1.21056  1.57888  
0.763695  2.47261  0.521759  2.95648  
0.000413915  3.99917  1.62181  0.756387  
0.763695  2.47261  1.62181  0.756387  
1.99988  0.000232786  1.99988  0.000232786  
0.000413915  3.99917  1.41937  1.16126  
1.41937  1.16126  0.000413915  3.99917  
1.21056  1.57888  0.763695  2.47261  
0.268681  3.46264  1.21056  1.57888  
0.992293  2.01541  1.81412  0.371762  
1.62181  0.756387  0.268681  3.46264  
1.81412  0.371762  0.521759  2.95648  
0.521759  2.95648  0.992293  2.01541  
0.992293  2.01541  1.21056  1.57888  
0.268681  3.46264  0.268681  3.46264  
0.000413915  3.99917  1.99988  0.000232786  
0.763695  2.47261  0.763695  2.47261  
1.21056  1.57888  1.62181  0.756387  
1.41937  1.16126  1.81412  0.371762  
1.62181  0.756387  0.521759  2.95648  
0.521759  2.95648  0.000413915  3.99917  
1.99988  0.000232786  0.992293  2.01541  
1.81412  0.371762  1.41937  1.16126  
1.21056  1.57888  0.000413915  3.99917  
0.268681  3.46264  0.992293  2.01541  
1.41937  1.16126  0.763695  2.47261  
0.763695  2.47261  0.268681  3.46264  
1.81412  0.371762  1.21056  1.57888  
1.99988  0.000232786  1.62181  0.756387  
1.62181  0.756387  1.81412  0.371762  
0.000413915  3.99917  1.99988  0.000232786  
0.521759  2.95648  0.521759  2.95648  
0.992293  2.01541  1.41937  1.16126  
1.62181  0.756387  0.992293  2.01541  
0.992293  2.01541  1.62181  0.756387  
0.000413915  3.99917  1.81412  0.371762  
1.99988  0.000232786  0.268681  3.46264  
0.763695  2.47261  0.521759  2.95648  
1.41937  1.16126  0.000413915  3.99917  
1.21056  1.57888  1.21056  1.57888  
1.81412  0.371762  1.41937  1.16126  
0.521759  2.95648  0.763695  2.47261  
0.268681  3.46264  1.99988  0.000232786  
1.81412  0.371762  0.000413915  3.99917  
0.992293  2.01541  0.521759  2.95648  
0.000413915  3.99917  1.81412  0.371762  
0.763695  2.47261  1.21056  1.57888  
0.521759  2.95648  1.62181  0.756387  
1.41937  1.16126  1.99988  0.000232786  
1.99988  0.000232786  1.41937  1.16126  
1.21056  1.57888  0.763695  2.47261  
0.268681  3.46264  0.268681  3.46264  
1.62181  0.756387  0.992293  2.01541  
0.268681  3.46264  0.268681  3.46264  
0.763695  2.47261  0.992293  2.01541  
1.41937  1.16126  1.21056  1.57888  
1.99988  0.000232786  0.000413915  3.99917  
1.81412  0.371762  0.521759  2.95648  
1.21056  1.57888  1.62181  0.756387  
1.62181  0.756387  1.81412  0.371762  
0.992293  2.01541  1.99988  0.000232786  
0.521759  2.95648  0.763695  2.47261  
0.000413915  3.99917  1.41937  1.16126  
0.000413915  3.99917  1.21056  1.57888  
1.81412  0.371762  0.763695  2.47261  
0.268681  3.46264  0.521759  2.95648  
1.41937  1.16126  0.000413915  3.99917  
0.763695  2.47261  0.992293  2.01541  
1.21056  1.57888  1.62181  0.756387  
0.521759  2.95648  1.81412  0.371762  
0.992293  2.01541  0.268681  3.46264  
1.99988  0.000232786  1.99988  0.000232786  
1.62181  0.756387  1.41937  1.16126  
1.99988  0.000232786  1.62181  0.756387  
1.21056  1.57888  1.41937  1.16126  
1.41937  1.16126  1.81412  0.371762  
0.000413915  3.99917  0.268681  3.46264  
0.521759  2.95648  1.99988  0.000232786  
0.992293  2.01541  0.763695  2.47261  
0.268681  3.46264  0.521759  2.95648  
1.62181  0.756387  1.21056  1.57888  
1.81412  0.371762  0.992293  2.01541  
0.763695  2.47261  0.000413915  3.99917  
0.268681  3.46264  0.000413915  3.99917  
0.000413915  3.99917  0.992293  2.01541  
0.763695  2.47261  1.41937  1.16126  
0.992293  2.01541  1.81412  0.371762  
1.81412  0.371762  0.268681  3.46264  
0.521759  2.95648  1.99988  0.000232786  
1.99988  0.000232786  1.62181  0.756387  
1.62181  0.756387  0.763695  2.47261  
1.21056  1.57888  0.521759  2.95648  
1.41937  1.16126  1.21056  1.57888  
1.81412  0.371762  0.521759  2.95648  
1.21056  1.57888  0.992293  2.01541  
0.268681  3.46264  1.41937  1.16126  
0.992293  2.01541  1.62181  0.756387  
1.62181  0.756387  1.21056  1.57888  
0.763695  2.47261  0.000413915  3.99917  
1.41937  1.16126  0.268681  3.46264  
1.99988  0.000232786  1.81412  0.371762  
0.521759  2.95648  1.99988  0.000232786  
0.000413915  3.99917  0.763695  2.47261  
0.268681  3.46264  0.521759  2.95648  
0.000413915  3.99917  1.21056  1.57888  
1.99988  0.000232786  1.99988  0.000232786  
1.81412  0.371762  0.268681  3.46264  
0.763695  2.47261  0.992293  2.01541  
1.21056  1.57888  1.81412  0.371762  
1.41937  1.16126  0.763695  2.47261  
0.521759  2.95648  0.000413915  3.99917  
0.992293  2.01541  1.41937  1.16126  
1.62181  0.756387  1.62181  0.756387  
1.21056  1.57888  0.992293  2.01541  
0.763695  2.47261  1.62181  0.756387  
0.000413915  3.99917  0.268681  3.46264  
1.41937  1.16126  1.41937  1.16126  
1.99988  0.000232786  0.000413915  3.99917  
0.521759  2.95648  1.99988  0.000232786  
1.62181  0.756387  0.521759  2.95648  
0.268681  3.46264  1.81412  0.371762  
1.81412  0.371762  1.21056  1.57888  
0.992293  2.01541  0.763695  2.47261  
0.763695  2.47261  1.41937  1.16126  
0.992293  2.01541  0.000413915  3.99917  
0.268681  3.46264  0.268681  3.46264  
1.21056  1.57888  1.81412  0.371762  
1.41937  1.16126  0.992293  2.01541  
1.99988  0.000232786  1.62181  0.756387  
0.521759  2.95648  1.21056  1.57888  
1.62181  0.756387  1.99988  0.000232786  
1.81412  0.371762  0.763695  2.47261  
0.000413915  3.99917  0.521759  2.95648  
