2.07445  3.87782e-35  1.82429  4.27325e-34  
1.5555  3.22318e-59  1.44305  1.70023e-67  
1.65305  6.19269e-64  1.51744  1.30524e-14  
2.00446  1.33074e-05  2.23152  4.48398e-40  
1.70115  2.37569e-44  1.79129  1.76833e-68  
1.51154  1.36041e-05  1.79311  2.92054e-61  
2.02995  4.36657e-38  1.63169  1.70483e-06  
1.70224  6.16839e-52  1.96725  3.11316e-47  
1.79285  2.95899e-67  1.98742  3.97644e-104  
2.04071  8.64835e-09  2.05842  9.14519e-44  
1.31224  9.44899e-49  1.7191  7.82103e-13  
1.34012  0.0433915  1.63809  2.23446e-65  
1.50848  5.27913e-87  1.67818  2.55529e-10  
1.61616  5.36414e-62  1.99552  1.18561e-06  
2.13579  6.17236e-47  1.579  6.72586e-37  
1.83973  1.32371e-15  2.14529  2.87743e-167  
1.99808  5.3547e-20  1.73901  3.58451e-82  
1.32281  9.37896e-74  1.71328  1.09954e-21  
1.60766  2.19854e-145  2.14107  2.74494e-172  
2.15585  7.0283e-138  2.10942  2.92443e-30  
2.18119  1.5137e-97  1.65761  3.64632e-13  
1.92794  1.11343e-69  1.74605  2.32288e-122  
1.59517  1.10212e-224  1.72029  6.49215e-59  
2.0149  1.32104e-25  1.75486  2.01394e-17  
1.82428  0.00623746  1.4468  1.39828e-23  
1.77054  7.69011e-113  1.92127  1.23969e-09  
1.54278  0.0735044  1.19142  1.00455e-26  
1.87113  1.40159e-217  2.02296  1.17993e-34  
1.70657  1.21459e-21  1.92754  1.0549e-35  
1.95564  3.60144e-15  2.07653  1.67224e-66  
1.48169  3.85204e-18  1.64449  2.42853e-19  
1.86368  3.34273e-56  2.44511  6.45049e-24  
1.69817  5.1732e-57  2.18741  4.50053e-103  
1.68277  3.77685e-11  1.97008  2.38399e-40  
1.58742  0.460469  1.81824  0.167362  
1.73743  2.15915e-16  1.81306  0.00224913  
1.67798  5.5579e-06  1.86228  9.01276e-19  
2.01032  2.05819e-60  1.59276  3.25045e-58  
1.91495  1.02706e-12  1.76389  3.89187e-34  
1.37326  3.86146e-17  1.92705  1.29488e-16  
2.18344  1.80982e-31  1.62445  3.70966e-39  
1.28711  3.40196e-10  1.85225  1.54454e-27  
2.08385  1.06413e-12  1.61135  1.48529e-14  
2.09435  9.17076e-62  1.70304  3.83057e-33  
1.46648  7.03219e-183  1.78767  4.65039e-28  
2.32341  6.41626e-10  1.76088  8.72026e-24  
2.0344  2.21724e-26  1.75542  4.15784e-56  
2.22462  0.167665  2.02686  3.08873e-19  
1.57541  1.36592e-28  1.89542  3.39742e-22  
2.22582  1.72751e-10  2.00694  6.72981e-61  
1.72003  6.82828e-127  1.50614  6.85886e-50  
1.54001  2.50411e-13  1.45497  0.155991  
1.60676  1.17103e-51  1.60091  1.97825e-115  
1.88573  5.49381e-24  1.70896  8.85597e-40  
1.91382  1.92702e-88  2.05195  1.33109e-18  
1.70697  1.65509e-28  2.30609  1.27852e-21  
1.97958  3.62017e-33  1.84657  2.20114e-230  
1.96903  1.13616e-281  1.70097  9.9526e-98  
1.47926  2.34943e-22  1.85454  9.77831e-78  
1.89332  4.58011e-47  2.19332  8.45033e-67  
1.61952  4.43468e-55  2.0287  4.05549e-09  
1.94112  3.21266e-21  1.70193  1.17429e-12  
1.84451  7.55139e-23  2.35584  1.37827e-63  
1.69641  0.00100961  1.80621  7.94998e-184  
1.84595  6.31734e-67  1.81422  5.53704e-39  
1.81151  1.78222e-28  2.23119  2.87644e-19  
1.76224  4.88365e-106  1.89521  9.25492e-82  
1.09929  1.5395  1.43997  6.27309e-45  
1.84258  1.53494e-52  1.78469  0.00185064  
1.70294  0.0192296  1.5092  7.08477e-26  
1.38159  4.40931e-17  1.78119  1.64328e-70  
1.44755  1.23718e-05  1.75646  5.79401e-63  
1.85239  6.10145e-83  1.78322  1.22058e-46  
1.91787  1.91188e-41  1.83777  0.0733286  
1.59265  2.36937e-81  1.8512  4.96931e-43  
1.96404  8.85767e-83  1.84829  9.32555e-72  
1.83252  1.42079e-10  1.96888  0.17149  
2.28837  2.10815e-42  2.48754  2.32986e-79  
1.80595  1.16721e-107  1.86724  6.14264e-28  
1.82795  1.74228e-25  1.96428  1.29841e-31  
2.04056  3.21087e-13  1.56863  2.45738e-42  
1.89092  0.00222791  1.65191  7.82577e-46  
1.76501  2.95696e-89  2.05915  5.0196e-06  
2.13299  2.50057e-49  1.98566  4.89153e-36  
1.93762  6.83449e-146  1.64807  6.83448e-31  
2.01259  2.92054e-36  2.04777  9.58178e-36  
1.76339  1.74798e-86  1.69952  8.88348e-35  
1.93446  0.000588829  1.60504  1.11769e-30  
1.64515  2.57353e-31  2.15304  2.08143e-05  
1.48736  7.60324e-105  1.81145  4.04502e-72  
1.77797  1.16279e-10  2.03596  2.39891e-181  
1.73455  3.89984e-25  2.33772  9.07207e-34  
1.83793  1.3475e-97  1.73639  7.29388e-55  
1.71456  2.26306e-66  2.2224  2.40891e-27  
1.98273  0.0523557  1.43196  8.52332e-08  
1.97354  4.99099e-123  1.43377  2.04639e-32  
1.91108  7.77694e-21  1.535  4.84567e-47  
1.5116  2.49689e-05  2.16162  6.75689e-23  
1.78584  2.64946e-24  1.59673  3.55731e-125  
1.71831  1.35848e-55  1.68654  4.10316e-13  
1  1.24271e-57  1  9.27964e-16  
1.00007  6.99997e-25  1  8.72595e-06  
1.00023  0.0084732  1.00007  6.99997e-25  
1  9.15853e-12  1  2.97169e-20  
1  2.09872e-19  1.00012  1.57051e-30  
1.00061  1.88104e-91  1.00001  1.87992e-91  
1  9.27964e-16  1  9.15853e-12  
1  1.80832e-09  1  1.80832e-09  
1.00012  5.66213e-20  1  2.09872e-19  
1  6.63352e-11  0.999964  0.00847098  
1  9.15853e-12  0.978942  0.204139  
1  1.8799e-91  0.957244  0.289358  
1  8.72595e-06  0.999764  0.0218172  
1  9.27964e-16  0.990342  0.138649  
1.00007  6.99997e-25  1  1.15997e-06  
1  2.09872e-19  0.0165534  1.00004  
1  1.80832e-09  0.590131  0.807537  
1.00012  1.57051e-30  0.996449  0.0841951  
0.999964  0.00847098  0.834612  0.551145  
1  2.97169e-20  0.993843  0.110797  
1  1.80832e-09  1  9.27964e-16  
1.00007  6.99997e-25  1  9.15853e-12  
1  1.24271e-57  1  2.09872e-19  
1  9.27964e-16  1.00012  1.57051e-30  
1.00023  0.0084732  1  2.97169e-20  
1  9.15853e-12  0.999964  0.00847098  
1.00012  5.66213e-20  1.00007  6.99997e-25  
1  2.09872e-19  1  1.80832e-09  
1.00061  1.88104e-91  1.00001  1.87992e-91  
1  6.63352e-11  1  8.72595e-06  
1  1.15997e-06  0.590021  0.807388  
0.957244  0.289358  0.905335  0.424699  
0.0165534  1.00004  0.000852482  1  
0.993843  0.110797  0.329473  0.944165  
0.990342  0.138649  0.845065  0.534663  
0.978942  0.204139  0.67258  0.740025  
0.996449  0.0841951  1  9.88358e-05  
0.834612  0.551145  0.47806  0.878327  
0.590131  0.807537  0.780778  0.624808  
0.999764  0.0218172  0.959957  0.280147  
0.67258  0.740025  0.0165536  1.00005  
0.000852482  1  1  4.00724e-31  
0.780778  0.624808  0.995615  0.093544  
0.905335  0.424699  1.00007  8.32125e-57  
1  9.88358e-05  0.999995  0.00317933  
0.959957  0.280147  1  6.05163e-05  
0.329473  0.944165  1.00001  2.39281e-13  
0.47806  0.878327  0.999848  0.0174518  
0.590021  0.807388  0.988044  0.15417  
0.845065  0.534663  1  5.8399e-119  
1.00007  8.32125e-57  1.00012  5.66213e-20  
1  6.05163e-05  1  9.15853e-12  
0.0165536  1.00005  1  6.63352e-11  
0.999995  0.00317933  1.00007  6.99997e-25  
1  5.8399e-119  1  1.80832e-09  
0.999848  0.0174518  1  2.09872e-19  
0.995615  0.093544  1.00061  1.88104e-91  
1.00001  2.39281e-13  1  9.27964e-16  
1  4.00724e-31  1.00023  0.0084732  
0.988044  0.15417  1  1.24271e-57  
1  1.80832e-09  1  3.62434e-08  
1  9.27964e-16  1.0003  4.76207e-32  
1  2.09872e-19  0.932288  0.362056  
1.00061  1.88104e-91  1  1.6145e-07  
1.00023  0.0084732  1  3.36046e-49  
1  6.63352e-11  1  8.31617e-09  
1  9.15853e-12  1.00003  2.94462e-28  
1  1.24271e-57  1.00002  4.52476e-06  
1.00012  5.66213e-20  1  5.80392e-07  
1.00007  6.99997e-25  1.00001  1.33677e-56  
1.0003  4.76207e-32  1  1.8799e-91  
1.00003  2.94462e-28  0.996266  0.0863855  
1  8.31617e-09  1  3.98642e-18  
1  5.80392e-07  1  4.00637e-13  
1.00002  4.52476e-06  1  3.15189e-08  
1  1.6145e-07  1  6.9995e-25  
1  3.62434e-08  1  9.15851e-12  
1.00029  1.33716e-56  0.999964  0.00847098  
0.932288  0.362056  1  1.80832e-09  
1  3.36046e-49  1.00049  2.09974e-19  
1  1.80832e-09  1  2.97169e-20  
1  9.15851e-12  1.00007  6.99997e-25  
0.999964  0.00847098  1  8.72595e-06  
1  4.00637e-13  1  2.09872e-19  
1  6.9995e-25  1  9.27964e-16  
1  3.98642e-18  0.999964  0.00847098  
0.996266  0.0863855  1.00012  1.57051e-30  
1.00049  2.09974e-19  1.00001  1.87992e-91  
1  1.8799e-91  1  1.80832e-09  
1  3.15189e-08  1  9.15853e-12  
1.00001  1.87992e-91  1.00001  1.87992e-91  
1.00012  1.57051e-30  0.999964  0.00847098  
1.00007  6.99997e-25  1  9.27964e-16  
1  9.15853e-12  1  1.80832e-09  
1  1.80832e-09  1  2.97169e-20  
1  2.09872e-19  1  8.72595e-06  
1  8.72595e-06  1.00007  6.99997e-25  
1  2.97169e-20  1.00012  1.57051e-30  
0.999964  0.00847098  1  2.09872e-19  
1  9.27964e-16  1  9.15853e-12  
1.00037  1.70577e-46  1.00037  1.70577e-46  
1.00002  4.67901e-08  1  1.20411e-32  
1  1.20411e-32  1.00001  4.51891e-08  
1.00031  1.05863e-17  1  2.18561e-07  
1  2.7188e-09  1  9.59356e-09  
1  3.93008e-07  1.00002  4.67901e-08  
1  9.59356e-09  1  3.93008e-07  
1  4.51886e-08  1.00001  1.10307e-28  
1.00001  1.10307e-28  1  2.7188e-09  
1  2.18561e-07  1.00031  1.05863e-17  
1.00002  4.67901e-08  1.00006  1.44281e-07  
1.00018  3.93078e-07  1.00002  4.67901e-08  
1.00037  1.70577e-46  1  2.23476e-06  
1  1.20411e-32  1  2.18561e-07  
1.00083  4.70079e-38  1  1.20411e-32  
1  2.18561e-07  1  4.51886e-08  
1.0001  8.26248e-06  1.0001  8.26248e-06  
1  4.51886e-08  1.00083  4.70079e-38  
1  2.23476e-06  1.00037  1.70577e-46  
1.00006  1.44281e-07  1.00018  3.93078e-07  
0.990446  0.137901  1  4.51886e-08  
0.484418  0.874956  1.00002  4.67901e-08  
0.973844  0.227216  1  1.20411e-32  
0.957296  0.289111  1.00018  3.93078e-07  
0.982259  0.187529  1.00037  1.70577e-46  
0.998503  0.054696  1  2.23476e-06  
1  1.59589e-05  1.00006  1.44281e-07  
0.000852568  1.0001  1.00083  4.70079e-38  
0.830571  0.557031  1  2.18561e-07  
0.993758  0.111559  1.0001  8.26248e-06  
1.00002  4.67901e-08  0.998503  0.054696  
1.00031  1.05863e-17  0.830571  0.557031  
1  2.7188e-09  1  1.59589e-05  
1  2.18561e-07  0.993758  0.111559  
1.00037  1.70577e-46  0.957296  0.289111  
1  1.20411e-32  0.982259  0.187529  
1.00002  9.59373e-09  0.000852568  1.0001  
1.00001  1.10307e-28  0.990446  0.137901  
1  4.51886e-08  0.973844  0.227216  
1  3.93008e-07  0.484418  0.874956  
0.47806  0.878327  1.00002  9.59373e-09  
0.91007  0.414454  1  4.51886e-08  
0.696188  0.717859  1  2.7188e-09  
0.777349  0.629069  1.00037  1.70577e-46  
0.961183  0.275912  1  2.18561e-07  
0.590021  0.807388  1  1.20411e-32  
0.000852482  1  1  3.93008e-07  
0.320516  0.947243  1.00001  1.10307e-28  
0.848498  0.529199  1.00002  4.67901e-08  
1  9.88358e-05  1.00031  1.05863e-17  
0.999984  0.00563782  0.47806  0.878327  
1.00005  6.13586e-09  0.000852482  1  
1.00024  2.27731e-13  0.961183  0.275912  
0.999675  0.0254982  0.590021  0.807388  
1.00006  5.58371e-05  0.696188  0.717859  
1.00012  1.65693e-10  0.848498  0.529199  
1.00146  1.45701e-09  0.320516  0.947243  
1.00001  2.17955e-50  1  9.88358e-05  
1  4.67891e-08  0.777349  0.629069  
1  1.20411e-32  0.91007  0.414454  
1.00012  8.10521e-57  1  4.67891e-08  
0.997203  0.0747357  1.00012  1.65693e-10  
0.993233  0.116305  1.00005  6.13586e-09  
1  1.57101e-33  1.00006  5.58371e-05  
0.999934  0.0114674  1.00146  1.45701e-09  
1  4.95266e-10  0.999675  0.0254982  
0.998503  0.054696  1  1.20411e-32  
1  3.87007e-06  0.999984  0.00563782  
0.931019  0.36497  1.00001  2.17955e-50  
0.206454  0.978636  1.00024  2.27731e-13  
1  1.20411e-32  1  4.95266e-10  
1  2.23476e-06  1  1.57101e-33  
1.00002  4.67901e-08  0.999934  0.0114674  
1.00018  3.93078e-07  0.997203  0.0747357  
1.00083  4.70079e-38  0.993233  0.116305  
1  2.18561e-07  1  3.87007e-06  
1.00037  1.70577e-46  0.998503  0.054696  
1  4.51886e-08  0.931019  0.36497  
1.0001  8.26248e-06  0.206454  0.978636  
1.00006  1.44281e-07  1.00012  8.10521e-57  
1.0001  3.80807e-15  1.00004  3.4992e-05  
1.00004  3.4992e-05  1.00012  4.12621e-15  
1.00001  1.02122e-29  1  2.66509e-08  
0.97145  0.238129  0.97145  0.238129  
1  2.66509e-08  0.999985  0.00553571  
0.502306  0.865504  0.502306  0.865504  
1  0.000414543  1  0.000414543  
1.00012  4.12621e-15  1.0001  3.80807e-15  
1  9.08652e-05  1.00001  1.02122e-29  
0.999985  0.00553571  1  9.08652e-05  
1  1.20411e-32  1  2.18561e-07  
1.00031  1.05863e-17  1  2.7188e-09  
1.00002  4.67901e-08  1  1.20411e-32  
1  3.93008e-07  1.00002  4.67901e-08  
1  4.51886e-08  1  4.51886e-08  
1  2.18561e-07  1.00031  1.05863e-17  
1  2.7188e-09  1.00001  1.10307e-28  
1.00001  1.10307e-28  1  9.59356e-09  
1.00037  1.70577e-46  1.00037  1.70577e-46  
1  9.59356e-09  1  3.93008e-07  
1.00012  4.16482e-10  1.00004  3.22529e-07  
1.00029  8.5586e-15  1.00022  6.0419e-52  
1.00005  1.23262e-18  1.00005  1.23262e-18  
0.86911  0.494914  0.999995  0.00358836  
0.999995  0.00358836  1  3.35961e-09  
1.00022  6.0419e-52  1.00014  1.54575e-07  
1  3.35961e-09  1  4.16433e-10  
1.00014  1.54575e-07  1.00029  8.5586e-15  
1.00076  2.76855e-05  1.00011  0.000368601  
1.00011  0.000368601  1.00076  2.76855e-05  
1.00005  1.23262e-18  0.677472  0.735841  
1.00022  6.0419e-52  1.00044  0.00521708  
1.00014  1.54575e-07  1  0.000589922  
1.00076  2.76855e-05  1.0001  1.24854e-05  
0.999995  0.00358836  1.00014  1.23273e-18  
1  4.16433e-10  1.00031  2.10905e-24  
1.00011  0.000368601  1.00076  4.77622e-05  
1.00029  8.5586e-15  0.999883  0.0170142  
1  3.35961e-09  1  1.46342e-13  
1.00004  3.22529e-07  1.00023  1.68145e-19  
1.00029  8.5586e-15  1.00014  1.54575e-07  
1.00076  2.76855e-05  1.00029  8.5586e-15  
1.00014  1.54575e-07  1.00076  2.76855e-05  
1  3.35961e-09  0.86902  0.494863  
1.00022  6.0419e-52  1  4.16433e-10  
1.00011  0.000368601  1.00005  1.23262e-18  
1  4.16433e-10  1.00011  0.000368601  
0.86902  0.494863  1.00022  6.0419e-52  
1.00005  1.23262e-18  1  3.35961e-09  
0.999995  0.00358836  0.999995  0.00358836  
0.904533  0.426403  0.000852524  1.00005  
0.92957  0.368645  0.97491  0.222599  
1  9.88358e-05  0.821324  0.570461  
0.993041  0.11777  1  9.88358e-05  
0.000852524  1.00005  0.959265  0.282506  
0.959265  0.282506  0.997538  0.0701324  
0.821324  0.570461  0.993041  0.11777  
0.97491  0.222599  0.904533  0.426403  
0.943024  0.332724  0.92957  0.368645  
0.997538  0.0701324  0.943024  0.332724  
0.999891  0.0147497  0.91007  0.414454  
1  5.752e-09  0.000852482  1  
1  0.000124652  0.696188  0.717859  
0.960627  0.27829  0.961183  0.275912  
1  0.000875817  0.305708  0.952125  
0.999325  0.0367408  0.593238  0.805027  
0.996711  0.0810414  0.462336  0.886705  
0.998589  0.0540063  1  9.88358e-05  
1  2.26514e-11  0.777349  0.629069  
0.718125  0.695914  0.848498  0.529199  
1.00044  0.00521708  0.987702  0.156346  
0.999883  0.0170142  0.97781  0.209494  
1.0001  1.24854e-05  0.999768  0.0215448  
0.677472  0.735841  1  1.02976e-06  
1  0.000589922  0.999974  0.00716577  
1.00014  1.23273e-18  0.99561  0.0935965  
1.00076  4.77622e-05  0.999321  0.0368537  
1.00023  1.68145e-19  0.960002  0.279993  
1.00031  2.10905e-24  0.99846  0.05548  
1  1.46342e-13  0.0459927  0.998995  
0.848498  0.529199  1.00023  1.68145e-19  
0.91007  0.414454  1.00076  4.77622e-05  
1  9.88358e-05  0.677472  0.735841  
0.961183  0.275912  1  1.46342e-13  
0.000852482  1  1.0001  1.24854e-05  
0.305708  0.952125  0.999883  0.0170142  
0.462336  0.886705  1  0.000589922  
0.777349  0.629069  1.00044  0.00521708  
0.696188  0.717859  1.00031  2.10905e-24  
0.593238  0.805027  1.00014  1.23273e-18  
0.99561  0.0935965  1.00011  0.000368601  
0.97781  0.209494  0.86911  0.494914  
0.0459927  0.998995  0.999995  0.00358836  
0.987702  0.156346  1  3.35961e-09  
1  1.02976e-06  1.00029  8.5586e-15  
0.960002  0.279993  1.00022  6.0419e-52  
0.99846  0.05548  1  4.16433e-10  
0.999321  0.0368537  1.00076  2.76855e-05  
0.999768  0.0215448  1.00005  1.23262e-18  
0.999974  0.00716577  1.00014  1.54575e-07  
1  0.000102521  1  2.26514e-11  
1  9.41868e-10  1  0.000124652  
1.0001  1.24854e-05  0.960627  0.27829  
0.160874  0.987406  1  5.752e-09  
1  9.44182e-06  0.999325  0.0367408  
0.999997  0.00308941  1  0.000875817  
1.00076  3.02065e-22  0.999891  0.0147497  
1  1.68106e-19  0.718125  0.695914  
0.999855  0.0170137  0.996711  0.0810414  
0.999791  0.0204248  0.998589  0.0540063  
1.00014  1.23273e-18  1.00076  3.02065e-22  
1.00031  2.10905e-24  1  1.68106e-19  
1.00076  4.77622e-05  1  0.00475138  
0.677472  0.735841  1.0001  1.24854e-05  
1.00023  1.68145e-19  0.999855  0.0170137  
1.0001  1.24854e-05  0.999997  0.00308941  
1.00044  0.00521708  1  9.41868e-10  
0.999883  0.0170142  0.999791  0.0204248  
1  0.000589922  0.160874  0.987406  
1  1.46342e-13  1  9.44182e-06  
1.00005  0.000250771  1  0.000656377  
1  9.43881e-05  1  2.78277e-05  
1.00001  0.000608368  1.00008  1.1905e-06  
1  2.51027e-07  1  0.00044092  
1.00008  1.1905e-06  1  9.43881e-05  
0.999997  0.0051975  0.995033  0.0995478  
1  0.000656377  1.00004  2.47696e-05  
1.00002  5.28336e-07  1.00002  1.10579e-05  
1.00004  2.47696e-05  0.963151  0.269158  
1  3.27536e-05  0.912916  0.408166  
1.00004  2.47696e-05  1.00002  5.28336e-07  
0.995033  0.0995478  1.00001  0.000152975  
0.963151  0.269158  1  9.43881e-05  
1.00008  1.1905e-06  1  3.27536e-05  
0.912916  0.408166  1.00004  2.47696e-05  
1  0.000656377  1.00014  0.000250795  
1  2.78277e-05  0.999997  0.0051975  
1  9.43881e-05  1  2.51027e-07  
1  0.00044092  1.00008  1.1905e-06  
1.00002  1.10579e-05  1  0.000656377  
1  9.43881e-05  1  3.27536e-05  
1  2.51027e-07  1.00001  0.000608368  
1  0.00025076  1.00004  2.47696e-05  
0.999997  0.0051975  1.00002  5.28336e-07  
1.00008  1.1905e-06  1.00008  1.1905e-06  
1.00004  2.47696e-05  1.00014  0.000250795  
0.99739  0.0723018  0.999997  0.0051975  
1  3.27536e-05  1  9.43881e-05  
1  0.000656377  1  0.000656377  
1.00002  5.28336e-07  1  2.51027e-07  
0.998836  0.0482377  1  0.000656377  
0.848813  0.528693  1  3.27536e-05  
0.928857  0.370439  1  2.51027e-07  
0.251263  0.967932  1  9.43881e-05  
0.967854  0.251514  1.00004  2.47696e-05  
0.000852493  1.00001  1.00002  5.28336e-07  
0.654203  0.756319  1.00008  1.1905e-06  
0.896341  0.443366  0.999997  0.0051975  
0.988197  0.153187  0.99739  0.0723018  
1  9.99255e-05  1  0.00025076  
0.97625  0.216697  0.251263  0.967932  
0.999986  0.00519744  0.967854  0.251514  
1  8.72881e-08  0.654203  0.756319  
0.999766  0.0224978  0.896341  0.443366  
0.959749  0.280885  0.988197  0.153187  
1.00004  3.9839e-05  1  9.99255e-05  
0.992709  0.120648  0.848813  0.528693  
1  9.43881e-05  0.998836  0.0482377  
1.00001  0.0038235  0.000852493  1.00001  
0.687022  0.726637  0.928857  0.370439  
0.000852482  1  0.999766  0.0224978  
0.777349  0.629069  0.959749  0.280885  
0.462336  0.886705  0.687022  0.726637  
0.305708  0.952125  1  9.43881e-05  
0.696188  0.717859  0.999986  0.00519744  
0.593238  0.805027  1.00004  3.9839e-05  
0.91007  0.414454  1  8.72881e-08  
0.848498  0.529199  1.00001  0.0038235  
0.961977  0.27313  0.97625  0.216697  
1  9.99255e-05  0.992709  0.120648  
0.0167561  0.999869  0.696188  0.717859  
0.687662  0.726031  0.593238  0.805027  
0.887012  0.461746  0.777349  0.629069  
1  5.39807e-05  0.305708  0.952125  
0.999988  0.00494756  0.961977  0.27313  
0.991594  0.129387  0.462336  0.886705  
0.997274  0.0737891  1  9.99255e-05  
0.988741  0.149638  0.000852482  1  
0.964698  0.26336  0.848498  0.529199  
0.932205  0.36193  0.91007  0.414454  
1.00002  5.28336e-07  0.997274  0.0737891  
0.999997  0.0051975  0.991594  0.129387  
1  9.43881e-05  0.932205  0.36193  
1.00004  2.47696e-05  0.964698  0.26336  
1  2.51027e-07  0.887014  0.461747  
1  0.000656377  0.988741  0.149638  
1.00008  1.1905e-06  0.999988  0.00494756  
1.00001  0.000250762  1  5.39807e-05  
1.00001  0.000608368  0.0167561  0.999869  
1  3.27536e-05  0.687662  0.726031  
0.973789  0.227453  0.999498  0.0316741  
0.999498  0.0316741  0.360312  0.932878  
1  0.000474159  0.999971  0.0075653  
0.999998  0.00195357  0.999998  0.00195357  
1  6.04348e-06  1  6.04348e-06  
0.857211  0.514966  0.999991  0.00423979  
0.360312  0.932878  1  0.000474159  
0.990428  0.138028  0.857211  0.514966  
0.999991  0.00423979  0.990428  0.138028  
0.999971  0.0075653  0.973789  0.227453  
1.00004  2.47696e-05  0.993535  0.113525  
1  2.78277e-05  1.00008  1.1905e-06  
0.963151  0.269158  1  0.000656377  
1  0.00044092  0.963151  0.269158  
1.00008  1.1905e-06  1  9.43881e-05  
0.993535  0.113525  1.00004  2.47696e-05  
1  0.000656377  0.912916  0.408166  
0.912916  0.408166  1  0.00044092  
1  9.43881e-05  1  2.78277e-05  
1.00002  1.10579e-05  1.00002  1.10579e-05  
6.47855e-05  1  1  9.27621e-05  
0.847227  0.531231  0.300557  0.953764  
0.578283  0.815836  0.961539  0.274669  
0.300557  0.953764  0.578283  0.815836  
1  9.27621e-05  0.687052  0.726608  
0.961539  0.274669  0.90937  0.415989  
0.687052  0.726608  0.769365  0.638809  
0.454991  0.890496  0.454991  0.890496  
0.90937  0.415989  6.47855e-05  1  
0.769365  0.638809  0.847227  0.531231  
6.47855e-05  1  0.687052  0.726608  
0.961539  0.274669  0.454991  0.890496  
0.300557  0.953764  0.300557  0.953764  
0.454991  0.890496  1  9.27621e-05  
0.578283  0.815836  0.578283  0.815836  
0.687052  0.726608  0.847227  0.531231  
0.90937  0.415989  0.90937  0.415989  
0.769365  0.638809  0.769365  0.638809  
0.847227  0.531231  6.47855e-05  1  
1  9.27621e-05  0.961539  0.274669  
0.769365  0.638809  0.769365  0.638809  
0.454991  0.890496  0.961539  0.274669  
1  9.27621e-05  1  9.27621e-05  
0.687052  0.726608  6.47855e-05  1  
0.90937  0.415989  0.687052  0.726608  
0.300557  0.953764  0.454991  0.890496  
0.847227  0.531231  0.90937  0.415989  
6.47855e-05  1  0.847227  0.531231  
0.578283  0.815836  0.300557  0.953764  
0.961539  0.274669  0.578283  0.815836  
0.578283  0.815836  0.90937  0.415989  
1  9.27621e-05  0.454991  0.890496  
6.47855e-05  1  0.961539  0.274669  
0.687052  0.726608  0.300557  0.953764  
0.769365  0.638809  1  9.27621e-05  
0.961539  0.274669  6.47855e-05  1  
0.90937  0.415989  0.687052  0.726608  
0.847227  0.531231  0.847227  0.531231  
0.300557  0.953764  0.578283  0.815836  
0.454991  0.890496  0.769365  0.638809  
0.847227  0.531231  0.300557  0.953764  
6.47855e-05  1  1  9.27621e-05  
0.578283  0.815836  0.687052  0.726608  
0.687052  0.726608  0.578283  0.815836  
0.90937  0.415989  6.47855e-05  1  
0.300557  0.953764  0.454991  0.890496  
0.454991  0.890496  0.961539  0.274669  
1  9.27621e-05  0.90937  0.415989  
0.769365  0.638809  0.847227  0.531231  
0.961539  0.274669  0.769365  0.638809  
0.90937  0.415989  0.687052  0.726608  
0.300557  0.953764  0.769365  0.638809  
0.769365  0.638809  0.578283  0.815836  
0.687052  0.726608  0.90937  0.415989  
1  9.27621e-05  0.300557  0.953764  
0.961539  0.274669  6.47855e-05  1  
0.454991  0.890496  0.961539  0.274669  
0.847227  0.531231  1  9.27621e-05  
6.47855e-05  1  0.454991  0.890496  
0.578283  0.815836  0.847227  0.531231  
6.47855e-05  1  0.847227  0.531231  
0.847227  0.531231  1  9.27621e-05  
0.578283  0.815836  0.961539  0.274669  
1  9.27621e-05  0.454991  0.890496  
0.769365  0.638809  0.300557  0.953764  
0.687052  0.726608  0.769365  0.638809  
0.90937  0.415989  6.47855e-05  1  
0.454991  0.890496  0.90937  0.415989  
0.961539  0.274669  0.687052  0.726608  
0.300557  0.953764  0.578283  0.815836  
1  9.27621e-05  0.999204  0.0398839  
0.769365  0.638809  0.961539  0.274669  
6.47855e-05  1  6.47855e-05  1  
0.300557  0.953764  0.769365  0.638809  
0.847227  0.531231  0.847227  0.531231  
0.454991  0.890496  0.687052  0.726608  
0.961539  0.274669  0.578283  0.815836  
0.687052  0.726608  0.454991  0.890496  
0.90937  0.415989  0.90937  0.415989  
0.578283  0.815836  0.300557  0.953764  
0.769365  0.638809  0.454991  0.890496  
0.578283  0.815836  0.961539  0.274669  
0.300557  0.953764  0.578283  0.815836  
0.961539  0.274669  0.90937  0.415989  
0.90937  0.415989  0.847227  0.531231  
0.687052  0.726608  0.300557  0.953764  
6.47855e-05  1  0.769365  0.638809  
1  9.27621e-05  0.687052  0.726608  
0.847227  0.531231  6.47855e-05  1  
0.454991  0.890496  1  9.27621e-05  
0.847227  0.531231  0.961539  0.274669  
0.300557  0.953764  0.300557  0.953764  
0.90937  0.415989  0.90937  0.415989  
0.961539  0.274669  6.47855e-05  1  
0.578283  0.815836  0.454991  0.890496  
0.769365  0.638809  0.578283  0.815836  
0.687052  0.726608  0.847227  0.531231  
0.454991  0.890496  0.769365  0.638809  
6.47855e-05  1  1  9.27621e-05  
1  9.27621e-05  0.687052  0.726608  
0.763955  0.64527  0.904783  0.425873  
0.959157  0.282876  0.763955  0.64527  
1  9.27621e-05  0.444293  0.895881  
6.47855e-05  1  0.293562  0.95594  
0.675273  0.737568  1  9.27621e-05  
0.57068  0.821173  0.959157  0.282876  
0.84022  0.542245  0.675273  0.737568  
0.444293  0.895881  6.47855e-05  1  
0.293562  0.95594  0.84022  0.542245  
0.904783  0.425873  0.57068  0.821173  
0.904783  0.425873  0.57068  0.821173  
0.444293  0.895881  0.675273  0.737568  
0.959157  0.282876  0.293562  0.95594  
0.293562  0.95594  0.84022  0.542245  
0.84022  0.542245  0.444293  0.895881  
0.675273  0.737568  6.47855e-05  1  
0.763955  0.64527  0.904783  0.425873  
6.47855e-05  1  0.959157  0.282876  
0.57068  0.821173  1  9.27621e-05  
1  9.27621e-05  0.763955  0.64527  
0.763955  0.64527  0.57068  0.821173  
1  9.27621e-05  0.904783  0.425873  
0.57068  0.821173  1  9.27621e-05  
0.675273  0.737568  6.47855e-05  1  
0.444293  0.895881  0.763955  0.64527  
0.959157  0.282876  0.675273  0.737568  
0.84022  0.542245  0.84022  0.542245  
6.47855e-05  1  0.293562  0.95594  
0.904783  0.425873  0.444293  0.895881  
0.293562  0.95594  0.959157  0.282876  
1  9.27621e-05  1  9.27621e-05  
0.675273  0.737568  6.47855e-05  1  
0.959157  0.282876  0.57068  0.821173  
0.84022  0.542245  0.959157  0.282876  
0.763955  0.64527  0.444293  0.895881  
0.57068  0.821173  0.675273  0.737568  
0.444293  0.895881  0.293562  0.95594  
0.904783  0.425873  0.904783  0.425873  
6.47855e-05  1  0.763955  0.64527  
0.293562  0.95594  0.84022  0.542245  
0.293562  0.95594  6.47855e-05  1  
0.675273  0.737568  0.959157  0.282876  
1  9.27621e-05  0.293562  0.95594  
0.57068  0.821173  0.57068  0.821173  
0.959157  0.282876  0.84022  0.542245  
0.904783  0.425873  0.763955  0.64527  
6.47855e-05  1  0.904783  0.425873  
0.444293  0.895881  0.444293  0.895881  
0.84022  0.542245  0.675273  0.737568  
0.763955  0.64527  1  9.27621e-05  
0.84022  0.542245  0.959157  0.282876  
0.675273  0.737568  0.293562  0.95594  
6.47855e-05  1  1  9.27621e-05  
0.904783  0.425873  0.904783  0.425873  
0.57068  0.821173  0.444293  0.895881  
1  9.27621e-05  0.675273  0.737568  
0.763955  0.64527  0.763955  0.64527  
0.959157  0.282876  0.57068  0.821173  
0.293562  0.95594  0.84022  0.542245  
0.444293  0.895881  6.47855e-05  1  
1  9.27621e-05  0.444293  0.895881  
0.84022  0.542245  0.57068  0.821173  
0.57068  0.821173  0.293562  0.95594  
0.293562  0.95594  6.47855e-05  1  
0.763955  0.64527  0.959157  0.282876  
0.904783  0.425873  0.763955  0.64527  
0.675273  0.737568  0.84022  0.542245  
6.47855e-05  1  0.675273  0.737568  
0.444293  0.895881  0.904783  0.425873  
0.959157  0.282876  1  9.27621e-05  
1  9.27621e-05  0.84022  0.542245  
0.904783  0.425873  1  9.27621e-05  
0.293562  0.95594  0.293562  0.95594  
0.675273  0.737568  0.959157  0.282876  
0.763955  0.64527  0.904783  0.425873  
0.84022  0.542245  0.675273  0.737568  
0.57068  0.821173  0.444293  0.895881  
0.959157  0.282876  0.57068  0.821173  
0.444293  0.895881  0.763955  0.64527  
6.47855e-05  1  6.47855e-05  1  
0.444293  0.895881  0.763955  0.64527  
0.293562  0.95594  0.904783  0.425873  
0.675273  0.737568  0.293562  0.95594  
0.763955  0.64527  1  9.27621e-05  
0.959157  0.282876  0.57068  0.821173  
6.47855e-05  1  0.444293  0.895881  
1  9.27621e-05  0.675273  0.737568  
0.904783  0.425873  0.959157  0.282876  
0.57068  0.821173  0.84022  0.542245  
0.84022  0.542245  6.47855e-05  1  
0.57068  0.821173  0.675273  0.737568  
0.84022  0.542245  0.904783  0.425873  
0.293562  0.95594  0.57068  0.821173  
0.675273  0.737568  0.763955  0.64527  
1  9.27621e-05  6.47855e-05  1  
0.444293  0.895881  1  9.27621e-05  
0.959157  0.282876  0.444293  0.895881  
0.904783  0.425873  0.959157  0.282876  
6.47855e-05  1  0.84022  0.542245  
0.763955  0.64527  0.293562  0.95594  
0.84022  0.542245  0.763955  0.64527  
0.444293  0.895881  0.444293  0.895881  
1  9.27621e-05  6.47855e-05  1  
6.47855e-05  1  0.57068  0.821173  
0.293562  0.95594  0.675273  0.737568  
0.57068  0.821173  1  9.27621e-05  
0.675273  0.737568  0.293562  0.95594  
0.959157  0.282876  0.84022  0.542245  
0.904783  0.425873  0.904783  0.425873  
0.763955  0.64527  0.959157  0.282876  
1  9.27621e-05  0.57068  0.821173  
0.675273  0.737568  1  9.27621e-05  
0.444293  0.895881  0.84022  0.542245  
0.57068  0.821173  0.444293  0.895881  
0.293562  0.95594  6.47855e-05  1  
6.47855e-05  1  0.293562  0.95594  
0.84022  0.542245  0.904783  0.425873  
0.763955  0.64527  0.959157  0.282876  
0.904783  0.425873  0.763955  0.64527  
0.959157  0.282876  0.675273  0.737568  
0.763955  0.64527  1  9.27621e-05  
0.444293  0.895881  0.763955  0.64527  
0.84022  0.542245  0.293562  0.95594  
1  9.27621e-05  0.84022  0.542245  
0.959157  0.282876  0.904783  0.425873  
0.57068  0.821173  0.959157  0.282876  
0.675273  0.737568  0.57068  0.821173  
0.904783  0.425873  0.675273  0.737568  
6.47855e-05  1  6.47855e-05  1  
0.293562  0.95594  0.444293  0.895881  
0.675273  0.737568  0.763955  0.64527  
0.293562  0.95594  0.904783  0.425873  
6.47855e-05  1  0.900286  0.435299  
0.57068  0.821173  0.675273  0.737568  
0.84022  0.542245  6.47855e-05  1  
0.763955  0.64527  0.444293  0.895881  
1  9.27621e-05  1  9.27621e-05  
0.444293  0.895881  0.293562  0.95594  
0.959157  0.282876  0.57068  0.821173  
0.904783  0.425873  0.84022  0.542245  
0.675273  0.737568  0.444293  0.895881  
0.57068  0.821173  0.904783  0.425873  
6.47855e-05  1  6.47855e-05  1  
0.959157  0.282876  0.293562  0.95594  
0.84022  0.542245  0.763955  0.64527  
0.904783  0.425873  1  9.27621e-05  
0.444293  0.895881  0.57068  0.821173  
0.293562  0.95594  0.675273  0.737568  
1  9.27621e-05  0.959157  0.282876  
0.763955  0.64527  0.84022  0.542245  
0.84022  0.542245  0.84022  0.542245  
0.675273  0.737568  0.959157  0.282876  
6.47855e-05  1  1  9.27621e-05  
0.904783  0.425873  0.444293  0.895881  
0.57068  0.821173  0.57068  0.821173  
1  9.27621e-05  0.675273  0.737568  
0.763955  0.64527  0.763955  0.64527  
0.959157  0.282876  0.293562  0.95594  
0.293562  0.95594  0.904783  0.425873  
0.444293  0.895881  6.47855e-05  1  
0.57068  0.821173  0.763955  0.64527  
0.293562  0.95594  1  9.27621e-05  
0.959157  0.282876  0.444293  0.895881  
0.763955  0.64527  0.904783  0.425873  
0.444293  0.895881  0.57068  0.821173  
0.675273  0.737568  0.556278  0.830996  
0.84022  0.542245  0.675273  0.737568  
0.904783  0.425873  0.293562  0.95594  
6.47855e-05  1  0.84022  0.542245  
1  9.27621e-05  0.959157  0.282876  
0.57068  0.821173  0.959157  0.282876  
6.47855e-05  1  6.47855e-05  1  
0.959157  0.282876  0.444293  0.895881  
0.293562  0.95594  0.293562  0.95594  
1  9.27621e-05  0.904783  0.425873  
0.904783  0.425873  0.675273  0.737568  
0.675273  0.737568  1  9.27621e-05  
0.444293  0.895881  0.84022  0.542245  
0.763955  0.64527  0.57068  0.821173  
0.84022  0.542245  0.763955  0.64527  
0.675273  0.737568  0.904783  0.425873  
0.444293  0.895881  6.47855e-05  1  
0.84022  0.542245  0.444293  0.895881  
1  9.27621e-05  0.84022  0.542245  
6.47855e-05  1  1  9.27621e-05  
0.904783  0.425873  0.57068  0.821173  
0.57068  0.821173  0.675273  0.737568  
0.293562  0.95594  0.959157  0.282876  
0.959157  0.282876  0.763955  0.64527  
0.763955  0.64527  0.293562  0.95594  
0.57068  0.821173  6.47855e-05  1  
0.84022  0.542245  0.293562  0.95594  
0.763955  0.64527  0.763955  0.64527  
0.959157  0.282876  0.84022  0.542245  
0.444293  0.895881  0.959157  0.282876  
1  9.27621e-05  0.904783  0.425873  
0.293562  0.95594  0.57068  0.821173  
0.675273  0.737568  1  9.27621e-05  
6.47855e-05  1  0.444293  0.895881  
0.904783  0.425873  0.675273  0.737568  
0.444293  0.895881  0.84022  0.542245  
0.763955  0.64527  0.793939  0.607997  
0.904783  0.425873  0.763955  0.64527  
6.47855e-05  1  0.904783  0.425873  
1  9.27621e-05  0.959157  0.282876  
0.293562  0.95594  1  9.27621e-05  
0.675273  0.737568  0.444293  0.895881  
0.84022  0.542245  0.293562  0.95594  
0.959157  0.282876  0.675273  0.737568  
0.57068  0.821173  6.47855e-05  1  
0.763955  0.64527  6.47855e-05  1  
0.675273  0.737568  0.84022  0.542245  
0.444293  0.895881  0.763955  0.64527  
0.84022  0.542245  0.293562  0.95594  
0.293562  0.95594  0.675273  0.737568  
0.57068  0.821173  0.444293  0.895881  
1  9.27621e-05  0.57068  0.821173  
6.47855e-05  1  1  9.27621e-05  
0.904783  0.425873  0.959157  0.282876  
0.959157  0.282876  0.904783  0.425873  
0.675273  0.737568  0.904783  0.425873  
0.763955  0.64527  0.763955  0.64527  
0.959157  0.282876  0.57068  0.821173  
0.293562  0.95594  6.47855e-05  1  
0.444293  0.895881  1  9.27621e-05  
0.904783  0.425873  0.293562  0.95594  
1  9.27621e-05  0.675273  0.737568  
0.57068  0.821173  0.959157  0.282876  
6.47855e-05  1  0.444293  0.895881  
0.84022  0.542245  0.84022  0.542245  
0.959157  0.282876  6.47855e-05  1  
6.47855e-05  1  0.959157  0.282876  
0.904783  0.425873  0.675273  0.737568  
0.84022  0.542245  0.293562  0.95594  
1  9.27621e-05  0.763955  0.64527  
0.57068  0.821173  0.84022  0.542245  
0.293562  0.95594  0.904783  0.425873  
0.763955  0.64527  0.444293  0.895881  
0.444293  0.895881  1  9.27621e-05  
0.675273  0.737568  0.57068  0.821173  
0.293562  0.95594  0.57068  0.821173  
1  9.27621e-05  0.763955  0.64527  
0.675273  0.737568  0.959157  0.282876  
0.57068  0.821173  0.444293  0.895881  
6.47855e-05  1  0.84022  0.542245  
0.763955  0.64527  0.904783  0.425873  
0.84022  0.542245  0.675273  0.737568  
0.444293  0.895881  6.47855e-05  1  
0.904783  0.425873  0.293562  0.95594  
0.959157  0.282876  1  9.27621e-05  
0.84022  0.542245  0.84022  0.542245  
0.675273  0.737568  0.959157  0.282876  
6.47855e-05  1  0.675273  0.737568  
0.904783  0.425873  0.763955  0.64527  
0.57068  0.821173  0.904783  0.425873  
1  9.27621e-05  0.293562  0.95594  
0.763955  0.64527  1  9.27621e-05  
0.959157  0.282876  6.47855e-05  1  
0.293562  0.95594  0.444293  0.895881  
0.444293  0.895881  0.57068  0.821173  
0.675273  0.737568  6.47855e-05  1  
0.57068  0.821173  0.904783  0.425873  
0.959157  0.282876  0.763955  0.64527  
0.293562  0.95594  0.84022  0.542245  
0.84022  0.542245  1  9.27621e-05  
1  9.27621e-05  0.675273  0.737568  
0.904783  0.425873  0.57068  0.821173  
0.444293  0.895881  0.959157  0.282876  
0.763955  0.64527  0.444293  0.895881  
6.47855e-05  1  0.293562  0.95594  
6.47855e-05  1  0.904783  0.425873  
0.675273  0.737568  0.293562  0.95594  
0.763955  0.64527  0.57068  0.821173  
1  9.27621e-05  0.959157  0.282876  
0.904783  0.425873  0.84022  0.542245  
0.293562  0.95594  0.444293  0.895881  
0.84022  0.542245  0.763955  0.64527  
0.959157  0.282876  0.675273  0.737568  
0.57068  0.821173  1  9.27621e-05  
0.444293  0.895881  6.47855e-05  1  
0.84022  0.542245  0.675273  0.737568  
0.763955  0.64527  0.84022  0.542245  
0.904783  0.425873  0.763955  0.64527  
0.293562  0.95594  1  9.27621e-05  
0.57068  0.821173  0.293562  0.95594  
0.444293  0.895881  0.904783  0.425873  
1  9.27621e-05  0.444293  0.895881  
0.675273  0.737568  0.959157  0.282876  
0.959157  0.282876  6.47855e-05  1  
6.47855e-05  1  0.57068  0.821173  
0.84022  0.542245  1  9.27621e-05  
0.904783  0.425873  6.47855e-05  1  
6.47855e-05  1  0.763955  0.64527  
0.959157  0.282876  0.675273  0.737568  
1  9.27621e-05  0.57068  0.821173  
0.675273  0.737568  0.959157  0.282876  
0.763955  0.64527  0.293562  0.95594  
0.444293  0.895881  0.904783  0.425873  
0.57068  0.821173  0.444293  0.895881  
0.293562  0.95594  0.84022  0.542245  
6.47855e-05  1  0.84022  0.542245  
0.959157  0.282876  0.763955  0.64527  
0.763955  0.64527  0.444293  0.895881  
0.57068  0.821173  0.959157  0.282876  
0.675273  0.737568  0.293562  0.95594  
0.444293  0.895881  0.675273  0.737568  
0.904783  0.425873  6.47855e-05  1  
0.293562  0.95594  1  9.27621e-05  
1  9.27621e-05  0.904783  0.425873  
0.84022  0.542245  0.57068  0.821173  
0.444293  0.895881  0.904783  0.425873  
0.959157  0.282876  0.444293  0.895881  
0.675273  0.737568  0.959157  0.282876  
0.763955  0.64527  6.47855e-05  1  
0.904783  0.425873  1  9.27621e-05  
0.293562  0.95594  0.57068  0.821173  
0.57068  0.821173  0.675273  0.737568  
0.84022  0.542245  0.84022  0.542245  
6.47855e-05  1  0.293562  0.95594  
1  9.27621e-05  0.763955  0.64527  
6.47855e-05  1  0.904783  0.425873  
0.444293  0.895881  0.293562  0.95594  
0.84022  0.542245  6.47855e-05  1  
0.57068  0.821173  1  9.27621e-05  
0.293562  0.95594  0.675273  0.737568  
0.675273  0.737568  0.57068  0.821173  
0.904783  0.425873  0.959157  0.282876  
0.959157  0.282876  0.444293  0.895881  
0.763955  0.64527  0.84022  0.542245  
1  9.27621e-05  0.763955  0.64527  
0.57068  0.821173  0.959157  0.282876  
0.959157  0.282876  0.675273  0.737568  
6.47855e-05  1  0.904783  0.425873  
1  9.27621e-05  0.293562  0.95594  
0.84022  0.542245  1  9.27621e-05  
0.444293  0.895881  0.57068  0.821173  
0.293562  0.95594  0.763955  0.64527  
0.763955  0.64527  0.84022  0.542245  
0.675273  0.737568  6.47855e-05  1  
0.904783  0.425873  0.444293  0.895881  
0.293562  0.95594  0.904783  0.425873  
0.444293  0.895881  0.293562  0.95594  
0.84022  0.542245  0.84022  0.542245  
1  9.27621e-05  0.444293  0.895881  
6.47855e-05  1  0.57068  0.821173  
0.675273  0.737568  0.959157  0.282876  
0.904783  0.425873  6.47855e-05  1  
0.959157  0.282876  0.675273  0.737568  
0.763955  0.64527  0.934  0.357273  
0.57068  0.821173  1  9.27621e-05  
0.84022  0.542245  0.675273  0.737568  
0.675273  0.737568  6.47855e-05  1  
6.47855e-05  1  0.84022  0.542245  
0.904783  0.425873  0.57068  0.821173  
0.57068  0.821173  1  9.27621e-05  
1  9.27621e-05  0.763955  0.64527  
0.763955  0.64527  0.444293  0.895881  
0.959157  0.282876  0.904783  0.425873  
0.293562  0.95594  0.293562  0.95594  
0.444293  0.895881  0.959157  0.282876  
0.904783  0.425873  0.84022  0.542245  
0.84022  0.542245  0.904783  0.425873  
0.293562  0.95594  0.57068  0.821173  
0.675273  0.737568  0.763955  0.64527  
1  9.27621e-05  0.959157  0.282876  
0.57068  0.821173  0.675273  0.737568  
0.444293  0.895881  0.293562  0.95594  
6.47855e-05  1  1  9.27621e-05  
0.959157  0.282876  0.444293  0.895881  
0.763955  0.64527  6.47855e-05  1  
0.293562  0.95594  0.763955  0.64527  
0.959157  0.282876  0.57068  0.821173  
6.47855e-05  1  0.444293  0.895881  
0.763955  0.64527  0.959157  0.282876  
0.904783  0.425873  0.675273  0.737568  
0.84022  0.542245  6.47855e-05  1  
0.57068  0.821173  1  9.27621e-05  
1  9.27621e-05  0.84022  0.542245  
0.444293  0.895881  0.904783  0.425873  
0.675273  0.737568  0.293562  0.95594  
0.904783  0.425873  1  9.27621e-05  
0.444293  0.895881  0.904783  0.425873  
6.47855e-05  1  0.675273  0.737568  
0.57068  0.821173  0.959157  0.282876  
0.763955  0.64527  0.444293  0.895881  
0.959157  0.282876  6.47855e-05  1  
0.84022  0.542245  0.293562  0.95594  
0.675273  0.737568  0.84022  0.542245  
1  9.27621e-05  0.57068  0.821173  
0.293562  0.95594  0.763955  0.64527  
6.47855e-05  1  0.675273  0.737568  
0.444293  0.895881  0.763955  0.64527  
0.84022  0.542245  0.84022  0.542245  
0.293562  0.95594  1  9.27621e-05  
0.904783  0.425873  0.904783  0.425873  
0.763955  0.64527  0.444293  0.895881  
0.57068  0.821173  0.57068  0.821173  
0.959157  0.282876  0.293562  0.95594  
0.675273  0.737568  0.959157  0.282876  
1  9.27621e-05  6.47855e-05  1  
0.675273  0.737568  0.444293  0.895881  
0.57068  0.821173  1  9.27621e-05  
0.84022  0.542245  0.84022  0.542245  
0.904783  0.425873  6.47855e-05  1  
0.444293  0.895881  0.293562  0.95594  
6.47855e-05  1  0.57068  0.821173  
0.293562  0.95594  0.959157  0.282876  
0.763955  0.64527  0.763955  0.64527  
1  9.27621e-05  0.904783  0.425873  
0.959157  0.282876  0.675273  0.737568  
0.959157  0.282876  0.444293  0.895881  
0.57068  0.821173  0.57068  0.821173  
6.47855e-05  1  0.904783  0.425873  
0.444293  0.895881  1  9.27621e-05  
0.293562  0.95594  0.959157  0.282876  
0.763955  0.64527  0.293562  0.95594  
0.84022  0.542245  0.675273  0.737568  
0.904783  0.425873  6.47855e-05  1  
0.675273  0.737568  0.763955  0.64527  
1  9.27621e-05  0.84022  0.542245  
1  9.27621e-05  0.904783  0.425873  
0.444293  0.895881  0.293562  0.95594  
0.84022  0.542245  0.959157  0.282876  
0.675273  0.737568  0.444293  0.895881  
0.959157  0.282876  1  9.27621e-05  
6.47855e-05  1  0.57068  0.821173  
0.57068  0.821173  0.675273  0.737568  
0.293562  0.95594  0.84022  0.542245  
0.904783  0.425873  0.763955  0.64527  
0.763955  0.64527  6.47855e-05  1  
1  9.27621e-05  6.47855e-05  1  
0.84022  0.542245  0.675273  0.737568  
0.959157  0.282876  0.84022  0.542245  
0.444293  0.895881  0.444293  0.895881  
0.57068  0.821173  0.57068  0.821173  
6.47855e-05  1  1  9.27621e-05  
0.293562  0.95594  0.293562  0.95594  
0.763955  0.64527  0.763955  0.64527  
0.904783  0.425873  0.904783  0.425873  
0.675273  0.737568  0.959157  0.282876  
0.763955  0.64527  0.57068  0.821173  
0.84022  0.542245  0.904783  0.425873  
6.47855e-05  1  1  9.27621e-05  
0.293562  0.95594  0.763955  0.64527  
0.904783  0.425873  0.293562  0.95594  
0.57068  0.821173  0.675273  0.737568  
0.444293  0.895881  0.959157  0.282876  
1  9.27621e-05  0.444293  0.895881  
0.675273  0.737568  6.47855e-05  1  
0.959157  0.282876  0.84022  0.542245  
0.84022  0.542245  0.57068  0.821173  
0.675273  0.737568  0.904783  0.425873  
6.47855e-05  1  0.675273  0.737568  
0.904783  0.425873  0.763955  0.64527  
0.57068  0.821173  0.293562  0.95594  
1  9.27621e-05  0.444293  0.895881  
0.763955  0.64527  0.84022  0.542245  
0.959157  0.282876  1  9.27621e-05  
0.293562  0.95594  0.959157  0.282876  
0.444293  0.895881  6.47855e-05  1  
1  9.27621e-05  0.763955  0.64527  
0.904783  0.425873  0.904783  0.425873  
0.675273  0.737568  0.293562  0.95594  
0.293562  0.95594  6.47855e-05  1  
0.444293  0.895881  0.444293  0.895881  
0.959157  0.282876  0.959157  0.282876  
0.57068  0.821173  0.57068  0.821173  
6.47855e-05  1  0.675273  0.737568  
0.84022  0.542245  0.84022  0.542245  
0.763955  0.64527  1  9.27621e-05  
0.675273  0.737568  0.293562  0.95594  
0.293562  0.95594  0.84022  0.542245  
1  9.27621e-05  1  9.27621e-05  
0.84022  0.542245  0.959157  0.282876  
0.57068  0.821173  0.57068  0.821173  
0.959157  0.282876  6.47855e-05  1  
0.904783  0.425873  0.444293  0.895881  
0.444293  0.895881  0.675273  0.737568  
0.763955  0.64527  0.904783  0.425873  
6.47855e-05  1  0.763955  0.64527  
0.904783  0.425873  0.959157  0.282876  
0.959157  0.282876  0.84022  0.542245  
1  9.27621e-05  6.47855e-05  1  
0.293562  0.95594  0.444293  0.895881  
0.444293  0.895881  0.763955  0.64527  
0.57068  0.821173  1  9.27621e-05  
0.84022  0.542245  0.904783  0.425873  
6.47855e-05  1  0.293562  0.95594  
0.763955  0.64527  0.675273  0.737568  
0.675273  0.737568  0.57068  0.821173  
0.675273  0.737568  0.763955  0.64527  
0.763955  0.64527  0.904783  0.425873  
1  9.27621e-05  0.675273  0.737568  
0.293562  0.95594  6.47855e-05  1  
6.47855e-05  1  0.444293  0.895881  
0.444293  0.895881  0.84022  0.542245  
0.959157  0.282876  1  9.27621e-05  
0.57068  0.821173  0.959157  0.282876  
0.904783  0.425873  0.57068  0.821173  
0.84022  0.542245  0.293562  0.95594  
