303.433  102.489  104.018  92.9837  
238.386  89.1856  339.702  27.0236  
0.334472  365.821  48.5839  248.503  
49.4544  82.5258  47.0276  179.291  
57.3347  42.6576  132.09  61.9255  
107.556  102.77  98.6922  3.28489  
122.906  91.7755  21.1541  341.55  
89.8914  26.9692  192.548  55.992  
118.068  49.6494  41.4067  109.855  
83.8796  126.291  236.247  134.947  
111.494  46.2261  121.244  279.839  
97.6678  112.151  98.5537  84.0606  
57.054  124.155  168.864  137.453  
90.0728  51.0775  66.7797  131.805  
67.4515  225.834  119.216  233.237  
166.319  109.732  19.2733  120.317  
68.6446  165.871  149.463  29.2538  
271.89  74.4537  50.5636  161.198  
143.344  67.9828  275.35  8.48465  
240.776  43.6129  190.963  62.6301  
61.1053  365.243  78.0952  199.15  
115.854  113.098  73.291  181.776  
0.230208  269.402  213.277  8.45332  
45.7126  105.887  83.6392  50.2863  
321.036  48.1979  187.904  159.966  
74.8196  162.433  50.4618  231.465  
19.5252  143.451  59.4598  373.978  
240.362  96.2986  182.716  29.8761  
267.743  3.53716  62.0733  206.68  
83.7019  55.2656  25.6453  211.047  
111.132  29.6606  47.5945  121.021  
352.305  66.8197  196.078  72.8575  
27.2312  346.26  247.705  24.8816  
10.8685  226.188  83.0586  117.301  
44.6163  178.196  1.80887  332.386  
99.9653  200.219  92.4126  97.915  
189.091  130.625  144.656  148.971  
287.344  45.9469  145.154  53.8074  
62.3017  198.407  6.75039  284.876  
343.419  32.4873  92.5026  65.1867  
231.798  45.127  64.9918  148.549  
245.504  57.0877  102.653  85.5845  
375.808  25.6749  289.369  110.377  
138.416  173.6  210.045  17.2829  
128.305  193.469  189.106  49.5264  
378.039  54.21  49.0548  217.794  
182.38  219.246  86.1917  164.015  
123.931  145.404  87.9  149.916  
115.991  185.539  128.354  229.286  
28.802  16.4599  57.4015  146.42  
189.976  127.417  52.7861  271.098  
163.501  109.262  122.743  51.0223  
227.17  125.517  76.9946  225.871  
184.571  77.9385  166.807  141.578  
80.2798  190.335  163.974  2.8293  
33.5894  140.068  359.189  56.8598  
95.4339  216.327  125.14  128.226  
9.2633  304.116  80.1611  100.256  
142.833  180.953  252.265  81.9062  
53.8238  204.395  153.304  314.601  
139.017  177.882  95.7095  139.296  
171.69  116.808  51.9616  96.7922  
95.5102  212.71  56.8237  233.541  
148.516  121.417  224.576  35.2164  
320.362  68.3411  234.399  113.071  
111.882  205.533  224.182  40.6229  
56.0543  252.707  205.589  80.4934  
188.844  128.379  110.607  56.9026  
53.7409  258.321  22.0386  157.526  
94.5491  155.224  112.15  165.198  
337.897  140.536  103.876  215.046  
304.293  32.7376  238.397  4.3443  
138.645  155.423  30.796  326.329  
291.949  3.62803  72.0429  216.676  
251.842  76.1715  76.5321  148.236  
143.976  139.62  259.629  40.2634  
103.068  320.444  99.0601  134.357  
131.918  3.01547  40.6734  349.938  
28.9234  250.685  6.46934  263.554  
106.815  232.226  79.1133  8.3383  
2.89939  172.482  292.103  75.086  
245.512  78.7653  143.117  188.597  
9.41409  288.683  40.4746  49.3037  
275.076  6.30616  208.77  121.464  
172.782  119.133  100.428  183.365  
117.824  155.949  56.9701  173.069  
72.1931  257.978  114.337  142.397  
188.236  114.146  109.655  173.046  
3.38627  275.152  117.603  152.492  
234.856  77.8302  175.364  215.317  
55.1118  214.412  251.111  38.6822  
172.914  34.5632  356.302  38.0345  
23.4171  255.254  101.621  223.312  
48.4434  151.164  0.398892  281.668  
56.4894  147.396  114.152  247.502  
304.194  11.7273  214.127  141.598  
77.7538  222.33  26.1545  202.795  
120.971  129.917  206.953  22.7615  
131.488  129.048  137.419  269.828  
237.019  67.0884  96.5204  183.389  
15.1724  0.660034  15.1724  0.660034  
1.72137  52.826  172.238  15.8534  
2.22027  0.401834  1.72137  52.826  
0.879595  2.27389  3.61075  4.4602  
6.91853  1.59002  0.879595  2.27389  
3.61075  4.4602  6.91853  1.59002  
5.2592  130.114  3.00418  49.5587  
172.238  15.8534  2.66516  65.9368  
8.78126  24.3866  8.78126  24.3866  
3.00418  49.5587  2.22027  0.401834  
5.50378  61.1998  6.11656  2.42608  
56.6083  44.6957  5.13468  0.629176  
0.152869  13.0316  0.152869  13.0316  
6.11656  2.42608  25.6244  16.8116  
25.4626  3.08962  56.6083  44.6957  
13.575  4.8655  5.50378  61.1998  
1.48225  54.6746  25.4626  3.08962  
4.69988  51.343  1.48225  54.6746  
5.13468  0.629176  13.575  4.8655  
25.6244  16.8116  4.69988  51.343  
5.17374  56.5196  5.17374  56.5196  
5.72772  0.0773785  51.2197  1.86662  
0.238947  20.3694  5.72772  0.0773785  
53.8119  35.3048  2.94802  95.5493  
17.8539  24.7651  0.238947  20.3694  
2.94802  95.5493  53.8119  35.3048  
79.4962  28.4927  28.0689  83.0288  
51.2197  1.86662  79.4962  28.4927  
0.595972  18.2071  17.8539  24.7651  
28.0689  83.0288  0.595972  18.2071  
0.499089  0.00120492  4.13885  23.3699  
0.00285458  0.560297  74.8579  12.7695  
0.128686  2.88584  67.8763  26.9225  
1.53472  0.492001  4.29046  46.8703  
0.182213  0.364035  22.829  70.5102  
4.40653  3.61138  9.99162  4.87491  
0.0312147  1.02185  28.288  122.428  
0.00236292  1.00832  90.4648  48.3151  
0.000353266  1.24084  1.49489  156.046  
0.839761  0.171355  0.689922  0.325058  
4.29046  46.8703  0.000353266  1.24084  
0.965357  100.77  0.00236292  1.00832  
74.8579  12.7695  0.128686  2.88584  
4.13885  23.3699  0.00285458  0.560297  
28.288  122.428  0.839761  0.171355  
22.829  70.5102  1.53472  0.492001  
0.689922  0.325058  0.499089  0.00120492  
67.8763  26.9225  0.0312147  1.02185  
90.4648  48.3151  4.40653  3.61138  
9.99162  4.87491  8.25105  16.4844  
2.9576  11.8279  4.93131  0.171923  
4.93131  0.171923  2.9576  11.8279  
14.6728  14.122  97.037  0.291048  
1.64333  1.6537  5.93448  1.52846  
30.0111  3.29767  61.8893  8.20655  
5.93448  1.52846  1.06331  0.341811  
61.8893  8.20655  30.0111  3.29767  
97.037  0.291048  1.64333  1.6537  
1.06331  0.341811  14.6728  14.122  
0.555765  1.19106  0.555765  1.19106  
0.273909  0.226458  0.109219  0.390787  
6.25347e-05  0.500262  0.44268  0.0573215  
0.109219  0.390787  0.164872  0.335141  
0.218987  0.281021  0.054113  0.445924  
0.164872  0.335141  0.386083  0.113923  
0.44268  0.0573215  0.49995  5.62098e-05  
0.386083  0.113923  0.218987  0.281021  
0.49995  5.62098e-05  6.25347e-05  0.500262  
0.330128  0.169932  0.273909  0.226458  
0.054113  0.445924  0.330128  0.169932  
0.0247136  4.97868  0.672314  1.84955  
3.50318  0.0996862  7.26116  11.1609  
0.109382  0.390677  0.157778  4.84194  
0.00616912  8.38233  0.109382  0.390677  
7.26116  11.1609  1.03483  0.00120417  
0.0953264  0.905246  3.50318  0.0996862  
0.157778  4.84194  0.0247136  4.97868  
9.87158  0.00676214  9.87158  0.00676214  
1.03483  0.00120417  0.0953264  0.905246  
0.672314  1.84955  0.00616912  8.38233  
0.00977558  1.13587  8.06559  2.87707  
5.47992  5.13305  59.2975  38.3239  
59.2975  38.3239  2.77953  0.181178  
64.1795  18.1154  0.0995257  14.2908  
0.0305807  4.39104  64.1795  18.1154  
16.9797  0.279756  0.00977558  1.13587  
39.3848  37.6375  5.47992  5.13305  
5.6509  5.70069  5.6509  5.70069  
8.06559  2.87707  16.9797  0.279756  
2.77953  0.181178  39.3848  37.6375  
20.2363  0.0223773  0.22408  4.10292  
37.6058  18.9318  13.4089  12.7772  
0.0977892  9.26521  37.6058  18.9318  
0.391059  2.20532  20.2363  0.0223773  
0.567183  1.7186  38.8629  4.89277  
38.8629  4.89277  0.0977892  9.26521  
1.56204  6.74215  9.32583  18.8773  
3.89605  24.307  1.56204  6.74215  
0.22408  4.10292  0.567183  1.7186  
13.4089  12.7772  0.391059  2.20532  
2.55482  4.05266  48.8091  22.8212  
0.143523  33.0393  0.143523  33.0393  
83.5746  9.01743  7.86224  7.06333  
4.2637  8.95678  4.2637  8.95678  
56.4059  4.74551  0.349164  0.190856  
1.12598  4.25372  2.55482  4.05266  
7.86224  7.06333  1.12598  4.25372  
48.8091  22.8212  56.4059  4.74551  
0.347486  2.29953  0.347486  2.29953  
0.349164  0.190856  83.5746  9.01743  
80.8585  20.7623  95.6281  10.0684  
2.9136  11.3528  8.80047  8.87237  
5.09348  28.1461  2.9136  11.3528  
42.6963  18.0179  80.8585  20.7623  
34.6328  50.2264  6.51181  14.5156  
95.6281  10.0684  71.2633  19.3306  
6.51181  14.5156  42.6963  18.0179  
8.80047  8.87237  34.6328  50.2264  
2.44948  2.01458  2.44948  2.01458  
71.2633  19.3306  5.09348  28.1461  
77.8981  10.5871  24.2433  20.6258  
3.41814  1.17045  3.41814  1.17045  
1.12316  13.7356  3.46446  1.327  
24.2433  20.6258  2.62072  5.97347  
2.62072  5.97347  37.2041  25.6293  
18.041  54.94  77.8981  10.5871  
37.2041  25.6293  18.041  54.94  
3.46446  1.327  2.80955  56.2777  
2.80955  56.2777  1.12316  13.7356  
8.67833  12.2429  8.67833  12.2429  
43.5764  41.4795  5.44881  6.57446  
34.6412  3.51853  43.5764  41.4795  
7.12739  7.04804  36.3578  48.5013  
36.3578  48.5013  0.405864  23.4133  
20.5858  36.0297  34.6412  3.51853  
5.44881  6.57446  6.30501  35.4603  
64.1085  29.2756  20.5858  36.0297  
6.30501  35.4603  7.12739  7.04804  
1.55469  1.50484  1.55469  1.50484  
0.405864  23.4133  64.1085  29.2756  
0.00589489  0.515458  0.963343  84.2363  
0.537087  0.677259  2.24389  0.0968366  
0.930489  0.0952362  1.85157  0.00665658  
2.24389  0.0968366  0.00585952  2.29337  
0.0228339  0.544765  0.0228339  0.544765  
1.56431  0.0606507  0.508243  0.00285478  
0.00585952  2.29337  1.56431  0.0606507  
0.508243  0.00285478  0.930489  0.0952362  
0.459529  2.07354  0.459529  2.07354  
1.85157  0.00665658  0.537087  0.677259  
0.44289  0.0571101  0.499945  5.62093e-05  
0.164072  0.335928  0.164072  0.335928  
0.218998  0.281009  6.01202e-05  0.499943  
0.330967  0.169035  34.9016  17.8253  
0.499945  5.62093e-05  0.218998  0.281009  
6.01202e-05  0.499943  0.275016  0.224986  
0.275016  0.224986  0.109013  0.390987  
0.387033  0.112972  0.44289  0.0571101  
0.0540205  0.445982  0.387033  0.112972  
0.109013  0.390987  0.0540205  0.445982  
0.451106  2.75135  71.7235  5.43411  
2.80937  5.49856  3.73624  9.11433  
49.2296  47.651  28.4728  3.34056  
1.14992  0.318721  0.451106  2.75135  
1.10289  21.3006  2.80937  5.49856  
71.7235  5.43411  1.14992  0.318721  
28.4728  3.34056  49.2296  47.651  
0.645805  0.362837  1.10289  21.3006  
0.267149  0.232935  0.645805  0.362837  
3.73624  9.11433  0.267149  0.232935  
0.101056  0.914479  0.595985  0.293725  
1.41748  0.041819  9.05051  3.97859  
0.561608  0.440134  13.8937  26.0337  
7.50631  0.0226405  29.9986  7.57859  
2.95801  0.287647  8.05073  0.101937  
0.0796152  4.93047  0.454082  0.0459191  
0.150142  4.92343  0.582255  2.49587  
0.080098  1.83935  0.0761134  4.84918  
0.342332  10.4251  1.70104  3.95427  
5.99393  0.316113  0.951138  0.78618  
0.582255  2.49587  0.080098  1.83935  
0.454082  0.0459191  0.150142  4.92343  
8.05073  0.101937  7.50631  0.0226405  
0.871619  1.63321  0.342332  10.4251  
0.0761134  4.84918  0.101056  0.914479  
0.595985  0.293725  2.95801  0.287647  
0.951138  0.78618  1.41748  0.041819  
1.70104  3.95427  5.99393  0.316113  
29.9986  7.57859  0.561608  0.440134  
9.05051  3.97859  0.0796152  4.93047  
58.0705  37.3712  1.30351  11.4442  
15.2901  0.128952  7.01291  8.26295  
1.27472  38.1269  1.27472  38.1269  
7.01291  8.26295  2.15387  36.0552  
30.6375  71.0766  0.186423  0.317012  
2.22473  5.55814  30.6375  71.0766  
2.15387  36.0552  15.2901  0.128952  
0.186423  0.317012  2.22473  5.55814  
1.30351  11.4442  58.0705  37.3712  
22.9912  20.3265  22.9912  20.3265  
0.234284  4.12894  0.964616  0.168132  
2.36082  3.85083  18.1754  18.9387  
0.999662  0.00552999  0.234284  4.12894  
10.2103  0.14581  47.7962  9.60959  
47.7962  9.60959  0.999662  0.00552999  
18.1754  18.9387  30.4092  0.751933  
0.63625  0.0263635  0.63625  0.0263635  
12.2785  22.9983  2.36082  3.85083  
30.4092  0.751933  12.2785  22.9983  
0.964616  0.168132  10.2103  0.14581  
95.486  5.77793  2.27042  0.811309  
1.57077  4.62979  0.132583  2.80807  
18.9823  49.8461  0.323646  0.69867  
84.1032  16.0082  8.6258  1.28203  
7.70626  14.7159  71.4785  6.17926  
47.5492  33.3843  3.29467  31.6598  
19.187  68.1991  11.99  83.5149  
10.2348  49.4269  22.879  36.8969  
92.4964  7.37967  21.3723  78.7493  
2.35126  2.8738  21.2481  20.5837  
22.3057  21.9058  7.78414  2.5985  
13.5777  44.6278  87.3004  0.106557  
1.89905  1.01358  3.67282  1.1464  
1.18522  0.0762763  2.48339  7.90298  
0.798311  0.382953  69.2628  27.0598  
44.5245  53.301  2.5893  0.0786008  
16.8118  68.0027  3.26084  0.930155  
25.4061  22.6457  0.113383  1.83785  
87.8062  11.3208  3.39711  13.0335  
25.3722  76.2025  10.7539  2.37722  
0.000709674  1.00235  0.798311  0.382953  
0.300692  0.199308  87.8062  11.3208  
0.000598346  0.583103  1.89905  1.01358  
0.213589  0.28691  22.3057  21.9058  
0.015341  0.484867  25.3722  76.2025  
0.111416  0.388621  1.18522  0.0762763  
0.451052  0.548889  25.4061  22.6457  
0.421575  0.0833142  16.8118  68.0027  
0.501427  0.000161847  13.5777  44.6278  
1.00973  0.00296362  44.5245  53.301  
0.132583  2.80807  18.9823  49.8461  
8.6258  1.28203  47.5492  33.3843  
71.4785  6.17926  2.35126  2.8738  
11.99  83.5149  84.1032  16.0082  
21.2481  20.5837  95.486  5.77793  
21.3723  78.7493  7.70626  14.7159  
0.323646  0.69867  92.4964  7.37967  
22.879  36.8969  19.187  68.1991  
3.29467  31.6598  1.57077  4.62979  
2.27042  0.811309  10.2348  49.4269  
69.2628  27.0598  0.300692  0.199308  
2.48339  7.90298  0.451052  0.548889  
0.113383  1.83785  0.501427  0.000161847  
87.3004  0.106557  1.00973  0.00296362  
7.78414  2.5985  0.213589  0.28691  
3.67282  1.1464  0.015341  0.484867  
2.5893  0.0786008  0.000709674  1.00235  
3.26084  0.930155  0.000598346  0.583103  
10.7539  2.37722  0.421575  0.0833142  
3.39711  13.0335  21.279  74.2214  
0.219005  0.280995  0.219005  0.280995  
0.499944  5.62091e-05  0.388073  0.111927  
6.01198e-05  0.49994  0.164007  0.335993  
0.330987  0.169013  0.0548448  0.445155  
0.0548448  0.445155  0.330987  0.169013  
0.164007  0.335993  0.109013  0.390987  
0.44391  0.0560901  0.274989  0.225011  
0.274989  0.225011  0.499944  5.62091e-05  
0.109013  0.390987  6.01198e-05  0.49994  
0.388073  0.111927  0.44391  0.0560901  
6.86393  2.86016  33.2719  14.9001  
19.1746  3.67479  1.6169  1.12027  
0.947291  0.0551074  0.0150847  6.7301  
0.0150847  6.7301  0.947291  0.0551074  
1.6169  1.12027  0.328848  4.73941  
33.2719  14.9001  0.146596  0.701977  
0.146596  0.701977  0.653428  0.325734  
0.653428  0.325734  6.86393  2.86016  
0.199771  4.61447  0.199771  4.61447  
0.328848  4.73941  19.1746  3.67479  
4.69643  24.5666  35.9258  36.4737  
83.0007  0.713629  5.204  9.64798  
0.190448  0.313688  2.87062  51.8169  
1.44463  0.413129  0.593845  3.60002  
0.398899  1.03621  7.77638  0.0447317  
22.5405  1.11002  3.40481  1.96207  
0.000294902  6.15766  4.06963  4.44911  
3.90495  47.2455  37.3955  6.71199  
0.00339758  2.76967  60.9902  38.2681  
0.421729  0.639573  1.21183  0.152019  
7.77638  0.0447317  4.69643  24.5666  
4.06963  4.44911  1.44463  0.413129  
40.2532  14.4343  0.398899  1.03621  
1.21183  0.152019  3.90495  47.2455  
0.593845  3.60002  83.0007  0.713629  
35.9258  36.4737  0.000294902  6.15766  
5.204  9.64798  0.190448  0.313688  
3.40481  1.96207  0.00339758  2.76967  
37.3955  6.71199  0.421729  0.639573  
60.9902  38.2681  22.5405  1.11002  
0.9736  27.4158  2.53087  1.40971  
5.68193  49.3821  0.243793  1.27901  
2.53087  1.40971  0.9736  27.4158  
9.72061  2.35127  2.06209  45.302  
50.6513  6.81015  17.5708  2.99865  
17.5708  2.99865  5.68193  49.3821  
41.1405  24.7517  41.1405  24.7517  
2.06209  45.302  9.72061  2.35127  
4.16418  2.87676  4.16418  2.87676  
0.243793  1.27901  86.4605  11.6248  
0.451966  0.618325  0.241598  4.3114  
4.89921  3.50059  38.5924  11.747  
25.8047  1.96185  0.271386  2.33619  
22.9502  26.2057  2.30186  0.243615  
0.161397  2.64789  3.46159  22.3054  
0.737157  1.86131  31.0096  2.11805  
1.29631  95.8993  10.5395  4.82852  
5.05224  0.000500357  0.0425713  1.0791  
0.474538  0.029878  0.0944137  3.02916  
29.282  38.3665  0.245675  0.313143  
0.241598  4.3114  1.7504  26.4248  
2.30186  0.243615  16.4737  37.9196  
0.271386  2.33619  1.17266  0.276078  
10.5395  4.82852  5.87837  0.746306  
3.46159  22.3054  18.2179  1.92941  
0.0425713  1.0791  4.04049  101.241  
0.245675  0.313143  2.60214  0.120391  
0.0944137  3.02916  33.0026  1.75723  
38.5924  11.747  0.438177  0.160973  
31.0096  2.11805  0.0934587  1.19855  
0.239368  0.264811  9.3154e-05  0.509613  
1.77641  0.736361  0.0476591  0.48454  
0.317977  0.195973  0.239368  0.264811  
0.00193636  1.04499  0.498418  0.00218564  
0.402317  0.0986701  1.77641  0.736361  
0.129685  0.372064  0.735239  0.00820329  
0.498418  0.00218564  0.317977  0.195973  
0.735239  0.00820329  0.00193636  1.04499  
9.3154e-05  0.509613  0.402317  0.0986701  
0.0476591  0.48454  0.0954441  0.406305  
41.1405  24.7517  0.737157  1.86131  
5.68193  49.3821  5.05224  0.000500357  
4.16418  2.87676  4.89921  3.50059  
50.6513  6.81015  29.282  38.3665  
0.243793  1.27901  0.161397  2.64789  
0.9736  27.4158  22.9502  26.2057  
17.5708  2.99865  0.451966  0.618325  
0.763965  16.7835  0.474538  0.029878  
2.53087  1.40971  25.8047  1.96185  
9.72061  2.35127  1.29631  95.8993  
0.219005  0.280995  41.1405  24.7517  
6.01198e-05  0.49994  9.72061  2.35127  
0.274989  0.225011  0.243793  1.27901  
0.109013  0.390987  2.53087  1.40971  
0.44391  0.0560901  5.68193  49.3821  
0.0550028  0.444997  50.6513  6.81015  
0.164007  0.335993  0.9736  27.4158  
0.388  0.112  4.16418  2.87676  
0.330996  0.169004  0.763965  16.7835  
0.499944  5.62091e-05  17.5708  2.99865  
4.83432  0.160003  0.499944  5.62091e-05  
0.10818  1.37174  0.0550028  0.444997  
0.0265867  0.486517  0.109013  0.390987  
0.217902  4.80583  0.219005  0.280995  
2.47576  0.599917  0.164007  0.335993  
0.56106  0.000437007  0.330996  0.169004  
6.42739  0.281482  0.388  0.112  
0.28474  0.218277  6.01198e-05  0.49994  
0.275475  8.1779  0.274989  0.225011  
9.23587  3.27402  0.44391  0.0560901  
1.05698  1.44417  0.28474  0.218277  
1.77065  0.0588534  0.275475  8.1779  
0.0182486  2.71389  6.42739  0.281482  
5.36977  0.235623  10.2586  2.48582  
2.46766  0.0515539  0.10818  1.37174  
0.313259  0.194509  0.217902  4.80583  
0.00148919  2.50623  0.56106  0.000437007  
1.31351  3.23948  0.0265867  0.486517  
44.9399  0.00540903  9.23587  3.27402  
34.793  52.2045  4.83432  0.160003  
5.87837  0.746306  1.05698  1.44417  
33.0026  1.75723  0.0182486  2.71389  
18.2179  1.92941  1.77065  0.0588534  
1.17266  0.276078  34.793  52.2045  
1.7504  26.4248  1.31351  3.23948  
16.4737  37.9196  44.9399  0.00540903  
4.04049  101.241  2.46766  0.0515539  
0.438177  0.160973  0.313259  0.194509  
2.60214  0.120391  5.36977  0.235623  
0.0934587  1.19855  0.00148919  2.50623  
0.00540259  0.494624  0.0480882  1.84639  
2.45612  0.140697  0.064618  0.942612  
15.7661  0.954102  6.49662  2.17277  
0.0480882  1.84639  15.7661  0.954102  
1.13438  0.500382  16.003  5.29289  
0.064618  0.942612  18.4238  11.2945  
0.231723  2.18095  2.45612  0.140697  
6.49662  2.17277  0.00540259  0.494624  
16.003  5.29289  1.13438  0.500382  
18.4238  11.2945  0.231723  2.18095  
3.28896e-05  0.499967  0.499988  1.22794e-05  
0.219005  0.280995  0.0550028  0.444997  
0.499988  1.22794e-05  0.444007  0.0559925  
0.0550028  0.444997  0.388  0.112  
0.388  0.112  0.274989  0.225011  
0.274989  0.225011  0.330996  0.169004  
0.164007  0.335993  0.109013  0.390987  
0.109013  0.390987  0.164007  0.335993  
0.330996  0.169004  3.28896e-05  0.499967  
0.444007  0.0559925  0.219005  0.280995  
0.499988  1.22794e-05  3.28896e-05  0.499967  
0.388  0.112  0.164007  0.335993  
0.109013  0.390987  0.219005  0.280995  
0.219005  0.280995  0.274989  0.225011  
0.164007  0.335993  0.499988  1.22794e-05  
3.28896e-05  0.499967  0.444007  0.0559925  
0.330996  0.169004  0.330996  0.169004  
0.0550028  0.444997  0.109013  0.390987  
0.274989  0.225011  0.388  0.112  
0.444007  0.0559925  0.0550028  0.444997  
3.28896e-05  0.499967  3.28896e-05  0.499967  
0.330996  0.169004  0.164007  0.335993  
0.109013  0.390987  0.0550028  0.444997  
0.499988  1.22794e-05  0.274989  0.225011  
0.444007  0.0559925  0.109013  0.390987  
0.388  0.112  0.499988  1.22794e-05  
0.0550028  0.444997  0.330996  0.169004  
0.219005  0.280995  0.444007  0.0559925  
0.274989  0.225011  0.219005  0.280995  
0.164007  0.335993  0.388  0.112  
0.219005  0.280995  0.330996  0.169004  
0.444007  0.0559925  0.499988  1.22794e-05  
0.330996  0.169004  3.28896e-05  0.499967  
0.274989  0.225011  0.0550028  0.444997  
0.388  0.112  0.109013  0.390987  
0.164007  0.335993  0.219005  0.280995  
0.499988  1.22794e-05  0.388  0.112  
0.0550028  0.444997  0.444007  0.0559925  
3.28896e-05  0.499967  0.274989  0.225011  
0.109013  0.390987  0.164007  0.335993  
0.109013  0.390987  0.164007  0.335993  
0.274989  0.225011  0.388  0.112  
0.164007  0.335993  0.219005  0.280995  
0.444007  0.0559925  0.499988  1.22794e-05  
0.499988  1.22794e-05  0.330996  0.169004  
0.330996  0.169004  3.28896e-05  0.499967  
0.0550028  0.444997  0.109013  0.390987  
0.388  0.112  0.274989  0.225011  
0.219005  0.280995  0.444007  0.0559925  
3.28896e-05  0.499967  0.0550028  0.444997  
0.0550028  0.444997  0.274989  0.225011  
0.219005  0.280995  0.330996  0.169004  
0.274989  0.225011  0.109013  0.390987  
0.388  0.112  0.499988  1.22794e-05  
3.28896e-05  0.499967  0.219005  0.280995  
0.109013  0.390987  0.388  0.112  
0.330996  0.169004  0.0550028  0.444997  
0.164007  0.335993  0.164007  0.335993  
0.499988  1.22794e-05  0.444007  0.0559925  
0.444007  0.0559925  3.28896e-05  0.499967  
0.388  0.112  0.219005  0.280995  
0.109013  0.390987  3.28896e-05  0.499967  
0.444007  0.0559925  0.109013  0.390987  
0.0550028  0.444997  0.164007  0.335993  
0.330996  0.169004  0.274989  0.225011  
3.28896e-05  0.499967  0.330996  0.169004  
0.274989  0.225011  0.0550028  0.444997  
0.164007  0.335993  0.499988  1.22794e-05  
0.499988  1.22794e-05  0.444007  0.0559925  
0.219005  0.280995  0.388  0.112  
0.444007  0.0559925  0.388  0.112  
0.388  0.112  0.274989  0.225011  
0.109013  0.390987  0.219005  0.280995  
0.0550028  0.444997  0.109013  0.390987  
0.164007  0.335993  0.330996  0.169004  
0.219005  0.280995  0.164007  0.335993  
3.28896e-05  0.499967  0.444007  0.0559925  
0.330996  0.169004  3.28896e-05  0.499967  
0.274989  0.225011  0.0550028  0.444997  
0.499988  1.22794e-05  0.499988  1.22794e-05  
0.219005  0.280995  0.109013  0.390987  
0.164007  0.335993  0.274989  0.225011  
0.444007  0.0559925  0.219005  0.280995  
0.388  0.112  3.28896e-05  0.499967  
0.0550028  0.444997  0.444007  0.0559925  
0.109013  0.390987  0.164007  0.335993  
0.274989  0.225011  0.330996  0.169004  
0.499988  1.22794e-05  0.499988  1.22794e-05  
0.330996  0.169004  0.0550028  0.444997  
3.28896e-05  0.499967  0.388  0.112  
0.330996  0.169004  0.444007  0.0559925  
0.388  0.112  0.330996  0.169004  
0.219005  0.280995  0.274989  0.225011  
0.109013  0.390987  0.499988  1.22794e-05  
0.499988  1.22794e-05  0.388  0.112  
0.274989  0.225011  0.0550028  0.444997  
0.0550028  0.444997  0.164007  0.335993  
0.164007  0.335993  0.109013  0.390987  
0.444007  0.0559925  3.28896e-05  0.499967  
3.28896e-05  0.499967  3.28896e-05  0.499967  
0.444007  0.0559925  0.444007  0.0559925  
0.0550028  0.444997  3.28896e-05  0.499967  
0.109013  0.390987  0.499988  1.22794e-05  
3.28896e-05  0.499967  0.109013  0.390987  
0.274989  0.225011  0.330996  0.169004  
0.164007  0.335993  0.219005  0.280995  
0.388  0.112  0.0550028  0.444997  
0.499988  1.22794e-05  0.388  0.112  
0.219005  0.280995  0.274989  0.225011  
0.330996  0.169004  0.164007  0.335993  
0.164007  0.335993  0.499988  1.22794e-05  
0.274989  0.225011  0.330996  0.169004  
0.0550028  0.444997  0.109013  0.390987  
0.219005  0.280995  0.274989  0.225011  
0.499988  1.22794e-05  0.0550028  0.444997  
0.444007  0.0559925  0.388  0.112  
0.330996  0.169004  0.444007  0.0559925  
0.388  0.112  0.164007  0.335993  
3.28896e-05  0.499967  0.219005  0.280995  
0.109013  0.390987  3.28896e-05  0.499967  
3.28896e-05  0.499967  0.274989  0.225011  
0.109013  0.390987  0.388  0.112  
0.499988  1.22794e-05  3.28896e-05  0.499967  
0.219005  0.280995  0.330996  0.169004  
0.330996  0.169004  0.0550028  0.444997  
0.164007  0.335993  0.444007  0.0559925  
0.444007  0.0559925  0.109013  0.390987  
0.274989  0.225011  0.219005  0.280995  
0.388  0.112  0.164007  0.335993  
0.0550028  0.444997  0.499988  1.22794e-05  
0.388  0.112  0.499988  1.22794e-05  
0.499988  1.22794e-05  0.0550028  0.444997  
3.28896e-05  0.499967  0.444007  0.0559925  
0.444007  0.0559925  0.164007  0.335993  
0.0550028  0.444997  3.28896e-05  0.499967  
0.219005  0.280995  0.219005  0.280995  
0.330996  0.169004  0.274989  0.225011  
0.274989  0.225011  0.330996  0.169004  
0.164007  0.335993  0.109013  0.390987  
0.109013  0.390987  0.388  0.112  
0.219005  0.280995  0.109013  0.390987  
0.330996  0.169004  0.0550028  0.444997  
0.0550028  0.444997  0.330996  0.169004  
0.388  0.112  0.444007  0.0559925  
0.109013  0.390987  0.274989  0.225011  
3.28896e-05  0.499967  0.388  0.112  
0.164007  0.335993  0.499988  1.22794e-05  
0.499988  1.22794e-05  0.164007  0.335993  
0.274989  0.225011  0.219005  0.280995  
0.444007  0.0559925  3.28896e-05  0.499967  
0.0550028  0.444997  0.164007  0.335993  
0.219005  0.280995  0.274989  0.225011  
0.274989  0.225011  0.444007  0.0559925  
0.388  0.112  0.499988  1.22794e-05  
3.28896e-05  0.499967  0.330996  0.169004  
0.109013  0.390987  0.388  0.112  
0.330996  0.169004  0.219005  0.280995  
0.164007  0.335993  0.0550028  0.444997  
0.499988  1.22794e-05  0.109013  0.390987  
0.444007  0.0559925  3.28896e-05  0.499967  
0.0550028  0.444997  0.499988  1.22794e-05  
0.330996  0.169004  0.444007  0.0559925  
0.274989  0.225011  0.388  0.112  
0.499988  1.22794e-05  0.0550028  0.444997  
0.444007  0.0559925  0.330996  0.169004  
0.388  0.112  0.219005  0.280995  
0.109013  0.390987  0.164007  0.335993  
0.219005  0.280995  3.28896e-05  0.499967  
0.164007  0.335993  0.109013  0.390987  
3.28896e-05  0.499967  0.274989  0.225011  
0.219005  0.280995  0.388  0.112  
0.330996  0.169004  0.444007  0.0559925  
0.444007  0.0559925  0.274989  0.225011  
0.0550028  0.444997  0.499988  1.22794e-05  
3.28896e-05  0.499967  0.330996  0.169004  
0.274989  0.225011  0.0550028  0.444997  
0.109013  0.390987  0.109013  0.390987  
0.499988  1.22794e-05  0.219005  0.280995  
0.164007  0.335993  0.164007  0.335993  
0.388  0.112  3.28896e-05  0.499967  
0.109013  0.390987  0.499988  1.22794e-05  
0.219005  0.280995  0.109013  0.390987  
0.330996  0.169004  0.330996  0.169004  
3.28896e-05  0.499967  0.444007  0.0559925  
0.0550028  0.444997  0.388  0.112  
0.274989  0.225011  0.274989  0.225011  
0.388  0.112  0.164007  0.335993  
0.164007  0.335993  3.28896e-05  0.499967  
0.499988  1.22794e-05  0.219005  0.280995  
0.444007  0.0559925  0.0550028  0.444997  
0.274989  0.225011  0.444007  0.0559925  
0.219005  0.280995  0.2755  0.2245  
0.444007  0.0559925  0.499988  1.22794e-05  
0.330996  0.169004  0.274989  0.225011  
0.0550028  0.444997  0.330996  0.169004  
0.499988  1.22794e-05  0.164007  0.335993  
0.164007  0.335993  0.0550028  0.444997  
3.28896e-05  0.499967  0.109013  0.390987  
0.109013  0.390987  3.28896e-05  0.499967  
0.388  0.112  0.388  0.112  
0.164007  0.335993  0.0550028  0.444997  
0.330996  0.169004  3.28896e-05  0.499967  
0.499988  1.22794e-05  0.274989  0.225011  
0.444007  0.0559925  0.164007  0.335993  
0.388  0.112  0.388  0.112  
0.219005  0.280995  0.330996  0.169004  
0.109013  0.390987  0.219005  0.280995  
0.274989  0.225011  0.499988  1.22794e-05  
3.28896e-05  0.499967  0.444007  0.0559925  
0.0550028  0.444997  0.109013  0.390987  
0.164007  0.335993  0.0550028  0.444997  
0.330996  0.169004  3.28896e-05  0.499967  
0.499988  1.22794e-05  0.499988  1.22794e-05  
0.219005  0.280995  0.274989  0.225011  
0.109013  0.390987  0.330996  0.169004  
0.388  0.112  0.219005  0.280995  
3.28896e-05  0.499967  0.109013  0.390987  
0.444007  0.0559925  0.388  0.112  
0.274989  0.225011  0.164007  0.335993  
0.0550028  0.444997  0.444007  0.0559925  
0.0550028  0.444997  3.28896e-05  0.499967  
0.388  0.112  0.0550028  0.444997  
0.499988  1.22794e-05  0.444007  0.0559925  
0.330996  0.169004  0.388  0.112  
0.274989  0.225011  0.109013  0.390987  
3.28896e-05  0.499967  0.330996  0.169004  
0.444007  0.0559925  0.164007  0.335993  
0.164007  0.335993  0.274989  0.225011  
0.109013  0.390987  0.219005  0.280995  
0.219005  0.280995  0.499988  1.22794e-05  
0.388  0.112  0.0550028  0.444997  
0.499988  1.22794e-05  0.499988  1.22794e-05  
0.274989  0.225011  0.109013  0.390987  
0.0550028  0.444997  0.388  0.112  
0.109013  0.390987  0.274989  0.225011  
0.444007  0.0559925  0.330996  0.169004  
0.330996  0.169004  0.219005  0.280995  
3.28896e-05  0.499967  3.28896e-05  0.499967  
0.219005  0.280995  0.444007  0.0559925  
0.164007  0.335993  0.164007  0.335993  
0.274989  0.225011  0.499988  1.22794e-05  
0.499988  1.22794e-05  0.330996  0.169004  
0.388  0.112  0.164007  0.335993  
0.109013  0.390987  0.0550028  0.444997  
3.28896e-05  0.499967  3.28896e-05  0.499967  
0.219005  0.280995  0.274989  0.225011  
0.330996  0.169004  0.109013  0.390987  
0.164007  0.335993  0.219005  0.280995  
0.0550028  0.444997  0.388  0.112  
0.444007  0.0559925  0.444007  0.0559925  
0.0550028  0.444997  0.109013  0.390987  
0.219005  0.280995  0.164007  0.335993  
0.444007  0.0559925  0.0550028  0.444997  
3.28896e-05  0.499967  3.28896e-05  0.499967  
0.109013  0.390987  0.10624  0.39376  
0.164007  0.335993  0.388  0.112  
0.499988  1.22794e-05  0.274989  0.225011  
0.388  0.112  0.499988  1.22794e-05  
0.274989  0.225011  0.219005  0.280995  
0.330996  0.169004  0.444007  0.0559925  
0.0550028  0.444997  0.330996  0.169004  
0.219005  0.280995  0.388  0.112  
0.274989  0.225011  3.28896e-05  0.499967  
0.388  0.112  0.444007  0.0559925  
3.28896e-05  0.499967  0.164007  0.335993  
0.109013  0.390987  0.289008  0.210992  
0.330996  0.169004  0.499988  1.22794e-05  
0.164007  0.335993  0.109013  0.390987  
0.499988  1.22794e-05  0.0550028  0.444997  
0.444007  0.0559925  0.219005  0.280995  
0.499988  1.22794e-05  0.219005  0.280995  
0.164007  0.335993  0.388  0.112  
0.0550028  0.444997  0.274989  0.225011  
0.219005  0.280995  0.109013  0.390987  
0.330996  0.169004  0.164007  0.335993  
0.444007  0.0559925  0.499988  1.22794e-05  
0.109013  0.390987  0.330996  0.169004  
0.388  0.112  0.0550028  0.444997  
0.274989  0.225011  3.28896e-05  0.499967  
3.28896e-05  0.499967  0.444007  0.0559925  
0.274989  0.225011  3.28896e-05  0.499967  
0.109013  0.390987  0.0550028  0.444997  
0.164007  0.335993  0.330996  0.169004  
0.219005  0.280995  0.499988  1.22794e-05  
0.499988  1.22794e-05  0.274989  0.225011  
0.388  0.112  0.388  0.112  
0.330996  0.169004  0.164007  0.335993  
3.28896e-05  0.499967  0.444007  0.0559925  
0.0550028  0.444997  0.109013  0.390987  
0.444007  0.0559925  0.219005  0.280995  
3.28896e-05  0.499967  0.444007  0.0559925  
0.274989  0.225011  0.499988  1.22794e-05  
0.164007  0.335993  0.219005  0.280995  
0.499988  1.22794e-05  0.0550028  0.444997  
0.219005  0.280995  0.109013  0.390987  
0.330996  0.169004  0.388  0.112  
0.0550028  0.444997  0.330996  0.169004  
0.109013  0.390987  0.274989  0.225011  
0.444007  0.0559925  0.164007  0.335993  
0.388  0.112  3.28896e-05  0.499967  
0.274989  0.225011  0.0550028  0.444997  
0.109013  0.390987  0.388  0.112  
0.444007  0.0559925  0.274989  0.225011  
0.0550028  0.444997  0.109013  0.390987  
0.219005  0.280995  0.330996  0.169004  
3.28896e-05  0.499967  3.28896e-05  0.499967  
0.164007  0.335993  0.164007  0.335993  
0.330996  0.169004  0.444007  0.0559925  
0.388  0.112  0.499988  1.22794e-05  
0.499988  1.22794e-05  0.219005  0.280995  
0.444007  0.0559925  0.0550028  0.444997  
0.164007  0.335993  3.28896e-05  0.499967  
0.0550028  0.444997  0.109013  0.390987  
3.28896e-05  0.499967  0.444007  0.0559925  
0.330996  0.169004  0.330996  0.169004  
0.274989  0.225011  0.388  0.112  
0.499988  1.22794e-05  0.164007  0.335993  
0.109013  0.390987  0.219005  0.280995  
0.219005  0.280995  0.499988  1.22794e-05  
0.388  0.112  0.274989  0.225011  
0.274989  0.225011  0.499988  1.22794e-05  
0.164007  0.335993  0.388  0.112  
3.28896e-05  0.499967  0.0550028  0.444997  
0.388  0.112  0.164007  0.335993  
0.0550028  0.444997  0.330996  0.169004  
0.499988  1.22794e-05  0.135012  0.364988  
0.219005  0.280995  0.274989  0.225011  
0.109013  0.390987  3.28896e-05  0.499967  
0.330996  0.169004  0.109013  0.390987  
0.444007  0.0559925  0.444007  0.0559925  
0.499988  1.22794e-05  0.0550028  0.444997  
0.109013  0.390987  0.219005  0.280995  
0.274989  0.225011  0.274989  0.225011  
0.219005  0.280995  0.444007  0.0559925  
0.330996  0.169004  0.499988  1.22794e-05  
3.28896e-05  0.499967  0.109013  0.390987  
0.444007  0.0559925  0.164007  0.335993  
0.388  0.112  0.330996  0.169004  
0.164007  0.335993  3.28896e-05  0.499967  
0.0550028  0.444997  0.388  0.112  
0.499988  1.22794e-05  0.444007  0.0559925  
0.219005  0.280995  0.499988  1.22794e-05  
0.330996  0.169004  0.388  0.112  
0.164007  0.335993  0.164007  0.335993  
0.388  0.112  0.0550028  0.444997  
0.274989  0.225011  3.28896e-05  0.499967  
0.444007  0.0559925  0.109013  0.390987  
0.0550028  0.444997  0.219005  0.280995  
3.28896e-05  0.499967  0.330996  0.169004  
0.109013  0.390987  0.274989  0.225011  
0.0550028  0.444997  0.274989  0.225011  
0.219005  0.280995  0.444007  0.0559925  
0.274989  0.225011  0.388  0.112  
0.388  0.112  3.28896e-05  0.499967  
3.28896e-05  0.499967  0.330996  0.169004  
0.109013  0.390987  0.164007  0.335993  
0.330996  0.169004  0.109013  0.390987  
0.164007  0.335993  0.0550028  0.444997  
0.499988  1.22794e-05  0.444007  0.0559925  
0.444007  0.0559925  0.499988  1.22794e-05  
0.219005  0.280995  0.274989  0.225011  
0.330996  0.169004  0.164007  0.335993  
0.274989  0.225011  3.28896e-05  0.499967  
0.499988  1.22794e-05  0.0550028  0.444997  
0.444007  0.0559925  0.388  0.112  
0.109013  0.390987  0.444007  0.0559925  
0.164007  0.335993  0.499988  1.22794e-05  
0.0550028  0.444997  0.330996  0.169004  
0.388  0.112  0.109013  0.390987  
3.28896e-05  0.499967  0.219005  0.280995  
0.274989  0.225011  0.109013  0.390987  
3.28896e-05  0.499967  0.333014  0.166986  
0.499988  1.22794e-05  0.499988  1.22794e-05  
0.219005  0.280995  0.0550028  0.444997  
0.444007  0.0559925  0.219005  0.280995  
0.0550028  0.444997  0.164007  0.335993  
0.388  0.112  0.330996  0.169004  
0.330996  0.169004  0.444007  0.0559925  
0.164007  0.335993  0.274989  0.225011  
0.109013  0.390987  0.388  0.112  
0.499988  1.22794e-05  0.219005  0.280995  
0.274989  0.225011  3.28896e-05  0.499967  
0.388  0.112  0.0127882  0.487212  
0.109013  0.390987  0.0550028  0.444997  
0.164007  0.335993  0.444007  0.0559925  
0.219005  0.280995  0.388  0.112  
0.444007  0.0559925  0.274989  0.225011  
0.330996  0.169004  0.109013  0.390987  
3.28896e-05  0.499967  0.330996  0.169004  
0.0550028  0.444997  0.499988  1.22794e-05  
0.109013  0.390987  3.28896e-05  0.499967  
0.388  0.112  0.219005  0.280995  
3.28896e-05  0.499967  0.0550028  0.444997  
0.164007  0.335993  0.164007  0.335993  
0.330996  0.169004  0.499988  1.22794e-05  
0.274989  0.225011  0.388  0.112  
0.444007  0.0559925  0.109013  0.390987  
0.219005  0.280995  0.274989  0.225011  
0.0550028  0.444997  0.330996  0.169004  
0.499988  1.22794e-05  0.444007  0.0559925  
0.0550028  0.444997  0.388  0.112  
0.219005  0.280995  0.330996  0.169004  
3.28896e-05  0.499967  0.274989  0.225011  
0.274989  0.225011  0.219005  0.280995  
0.388  0.112  3.28896e-05  0.499967  
0.499988  1.22794e-05  0.499988  1.22794e-05  
0.109013  0.390987  0.164007  0.335993  
0.164007  0.335993  0.444007  0.0559925  
0.444007  0.0559925  0.109013  0.390987  
0.330996  0.169004  0.0550028  0.444997  
0.274989  0.225011  0.219005  0.280995  
0.219005  0.280995  0.109013  0.390987  
0.109013  0.390987  3.28896e-05  0.499967  
0.330996  0.169004  0.388  0.112  
0.388  0.112  0.274989  0.225011  
0.444007  0.0559925  0.330996  0.169004  
0.499988  1.22794e-05  0.164007  0.335993  
0.164007  0.335993  0.499988  1.22794e-05  
0.0550028  0.444997  0.0550028  0.444997  
3.28896e-05  0.499967  0.444007  0.0559925  
0.219005  0.280995  0.388  0.112  
0.499988  1.22794e-05  0.219005  0.280995  
0.330996  0.169004  3.28896e-05  0.499967  
0.164007  0.335993  0.0550028  0.444997  
0.109013  0.390987  0.330996  0.169004  
3.28896e-05  0.499967  0.444007  0.0559925  
0.0550028  0.444997  0.499988  1.22794e-05  
0.274989  0.225011  0.274989  0.225011  
0.388  0.112  0.164007  0.335993  
0.444007  0.0559925  0.109013  0.390987  
0.499988  1.22794e-05  0.219005  0.280995  
3.28896e-05  0.499967  0.0550028  0.444997  
0.164007  0.335993  0.330996  0.169004  
0.388  0.112  0.444007  0.0559925  
0.444007  0.0559925  0.274989  0.225011  
0.219005  0.280995  0.164007  0.335993  
0.274989  0.225011  0.388  0.112  
0.109013  0.390987  0.499988  1.22794e-05  
0.330996  0.169004  0.109013  0.390987  
0.0550028  0.444997  3.28896e-05  0.499967  
0.274989  0.225011  0.330996  0.169004  
0.164007  0.335993  0.109013  0.390987  
0.444007  0.0559925  0.109013  0.390987  
0.219005  0.280995  0.219005  0.280995  
0.109013  0.390987  0.274989  0.225011  
0.330996  0.169004  3.28896e-05  0.499967  
3.28896e-05  0.499967  0.499988  1.22794e-05  
0.0550028  0.444997  0.0550028  0.444997  
0.388  0.112  0.388  0.112  
0.499988  1.22794e-05  0.444007  0.0559925  
0.0550028  0.444997  0.219005  0.280995  
0.219005  0.280995  0.164007  0.335993  
0.274989  0.225011  0.0550028  0.444997  
0.388  0.112  0.499988  1.22794e-05  
3.28896e-05  0.499967  0.444007  0.0559925  
0.109013  0.390987  0.330996  0.169004  
0.330996  0.169004  0.274989  0.225011  
0.164007  0.335993  0.388  0.112  
0.499988  1.22794e-05  3.28896e-05  0.499967  
0.444007  0.0559925  0.109013  0.390987  
0.444007  0.0559925  0.444007  0.0559925  
0.219005  0.280995  0.219005  0.280995  
0.388  0.112  0.274989  0.225011  
0.0550028  0.444997  0.0550028  0.444997  
0.164007  0.335993  0.164007  0.335993  
0.109013  0.390987  0.388  0.112  
0.274989  0.225011  3.28896e-05  0.499967  
0.330996  0.169004  0.330996  0.169004  
3.28896e-05  0.499967  0.109013  0.390987  
0.499988  1.22794e-05  0.499988  1.22794e-05  
0.388  0.112  3.28896e-05  0.499967  
0.164007  0.335993  0.388  0.112  
0.444007  0.0559925  0.444007  0.0559925  
0.0550028  0.444997  0.109013  0.390987  
0.330996  0.169004  0.261256  0.238744  
3.28896e-05  0.499967  0.499988  1.22794e-05  
0.499988  1.22794e-05  0.0550028  0.444997  
0.274989  0.225011  0.164007  0.335993  
0.219005  0.280995  0.274989  0.225011  
0.109013  0.390987  0.219005  0.280995  
0.164007  0.335993  3.28896e-05  0.499967  
0.274989  0.225011  3.28896e-05  0.499967  
0.444007  0.0559925  0.109013  0.390987  
3.28896e-05  0.499967  0.444007  0.0559925  
0.499988  1.22794e-05  0.219005  0.280995  
0.388  0.112  0.330996  0.169004  
0.109013  0.390987  0.274989  0.225011  
0.219005  0.280995  0.499988  1.22794e-05  
0.330996  0.169004  0.388  0.112  
0.0550028  0.444997  0.164007  0.335993  
0.164007  0.335993  0.444007  0.0559925  
0.219005  0.280995  0.109013  0.390987  
0.0550028  0.444997  0.499988  1.22794e-05  
3.28896e-05  0.499967  0.274989  0.225011  
0.499988  1.22794e-05  0.164007  0.335993  
0.388  0.112  0.388  0.112  
0.109013  0.390987  0.0550028  0.444997  
0.444007  0.0559925  0.330996  0.169004  
0.274989  0.225011  3.28896e-05  0.499967  
0.330996  0.169004  0.219005  0.280995  
0.388  0.112  0.330996  0.169004  
3.28896e-05  0.499967  0.444007  0.0559925  
0.164007  0.335993  0.0550028  0.444997  
0.109013  0.390987  0.499988  1.22794e-05  
0.274989  0.225011  3.28896e-05  0.499967  
0.499988  1.22794e-05  0.109013  0.390987  
0.444007  0.0559925  0.164007  0.335993  
0.330996  0.169004  0.388  0.112  
0.0550028  0.444997  0.219005  0.280995  
0.219005  0.280995  0.274989  0.225011  
3.28896e-05  0.499967  0.109013  0.390987  
0.164007  0.335993  0.330996  0.169004  
0.388  0.112  0.274989  0.225011  
0.109013  0.390987  3.28896e-05  0.499967  
0.330996  0.169004  0.219005  0.280995  
0.499988  1.22794e-05  0.499988  1.22794e-05  
0.0550028  0.444997  0.164007  0.335993  
0.219005  0.280995  0.444007  0.0559925  
0.274989  0.225011  0.0550028  0.444997  
0.444007  0.0559925  0.388  0.112  
0.109013  0.390987  0.164007  0.335993  
0.499988  1.22794e-05  0.499988  1.22794e-05  
0.219005  0.280995  0.274989  0.225011  
0.330996  0.169004  0.109013  0.390987  
0.164007  0.335993  0.388  0.112  
0.0550028  0.444997  0.0550028  0.444997  
0.444007  0.0559925  0.219005  0.280995  
3.28896e-05  0.499967  3.28896e-05  0.499967  
0.274989  0.225011  0.330996  0.169004  
0.388  0.112  0.444007  0.0559925  
0.274989  0.225011  0.444007  0.0559925  
0.444007  0.0559925  3.28896e-05  0.499967  
0.164007  0.335993  0.0427857  0.457214  
3.28896e-05  0.499967  0.274989  0.225011  
0.109013  0.390987  0.499988  1.22794e-05  
0.330996  0.169004  0.330996  0.169004  
0.388  0.112  0.109013  0.390987  
0.219005  0.280995  0.164007  0.335993  
0.0550028  0.444997  0.0550028  0.444997  
0.499988  1.22794e-05  0.219005  0.280995  
0.444007  0.0559925  0.219005  0.280995  
0.274989  0.225011  3.28896e-05  0.499967  
0.219005  0.280995  0.109013  0.390987  
0.388  0.112  0.0550028  0.444997  
0.330996  0.169004  0.330996  0.169004  
0.109013  0.390987  0.388  0.112  
0.0550028  0.444997  0.274989  0.225011  
0.499988  1.22794e-05  0.499988  1.22794e-05  
3.28896e-05  0.499967  0.164007  0.335993  
0.164007  0.335993  0.444007  0.0559925  
0.0550028  0.444997  0.164007  0.335993  
0.219005  0.280995  0.444007  0.0559925  
0.274989  0.225011  0.219005  0.280995  
0.388  0.112  3.28896e-05  0.499967  
3.28896e-05  0.499967  0.499988  1.22794e-05  
0.109013  0.390987  0.330996  0.169004  
0.330996  0.169004  0.0550028  0.444997  
0.164007  0.335993  0.109013  0.390987  
0.499988  1.22794e-05  0.388  0.112  
0.444007  0.0559925  0.274989  0.225011  
0.274989  0.225011  0.0550028  0.444997  
0.164007  0.335993  0.444007  0.0559925  
3.28896e-05  0.499967  0.274989  0.225011  
0.0550028  0.444997  0.219005  0.280995  
0.330996  0.169004  0.388  0.112  
0.499988  1.22794e-05  0.109013  0.390987  
0.444007  0.0559925  0.499988  1.22794e-05  
0.219005  0.280995  0.219005  0.280995  
0.388  0.112  3.28896e-05  0.499967  
0.109013  0.390987  0.330996  0.169004  
0.388  0.112  0.109013  0.390987  
0.444007  0.0559925  0.0550028  0.444997  
0.219005  0.280995  0.499988  1.22794e-05  
0.499988  1.22794e-05  0.274989  0.225011  
0.0550028  0.444997  0.219005  0.280995  
0.109013  0.390987  3.28896e-05  0.499967  
0.274989  0.225011  0.444007  0.0559925  
3.28896e-05  0.499967  0.164007  0.335993  
0.164007  0.335993  0.330996  0.169004  
0.330996  0.169004  0.388  0.112  
0.330996  0.169004  0.444007  0.0559925  
0.444007  0.0559925  0.388  0.112  
0.499988  1.22794e-05  0.109013  0.390987  
0.164007  0.335993  0.330996  0.169004  
0.109013  0.390987  0.499988  1.22794e-05  
0.0550028  0.444997  0.164007  0.335993  
0.388  0.112  0.274989  0.225011  
0.274989  0.225011  0.219005  0.280995  
0.219005  0.280995  3.28896e-05  0.499967  
3.28896e-05  0.499967  0.0550028  0.444997  
0.330996  0.169004  3.28896e-05  0.499967  
0.388  0.112  0.388  0.112  
0.219005  0.280995  0.164007  0.335993  
0.274989  0.225011  0.444007  0.0559925  
0.164007  0.335993  0.0550028  0.444997  
3.28896e-05  0.499967  0.330996  0.169004  
0.0550028  0.444997  0.499988  1.22794e-05  
0.499988  1.22794e-05  0.219005  0.280995  
0.444007  0.0559925  0.274989  0.225011  
0.109013  0.390987  0.109013  0.390987  
