1.05396  4.17795  1.05651  4.07903  
2.00807  2.65425  1.44474  3.91917  
1.07874  4.27019  0.93658  4.20922  
0.920927  4.13554  1.4041  3.67018  
2.02314  2.75047  1.71007  3.25821  
1.66744  3.74763  1.50974  3.80553  
1.57142  3.41187  0.976795  4.152  
1.22126  3.76315  1.87378  2.90628  
1.22984  3.90643  1.89187  2.92876  
0.916337  4.17919  1.06273  4.07362  
1.62059  3.25713  1.55021  3.59838  
1.47013  3.6654  1.0649  4.12467  
1.33209  3.90705  1.11719  3.97764  
1.54375  3.83179  1.22994  4.08584  
0.747543  4.25684  0.742624  4.31838  
1.94358  2.72017  1.60556  3.53082  
1.17675  4.00045  1.61492  3.26347  
1.10187  4.18836  1.25826  3.90917  
0.985576  4.07877  1.735  3.4465  
1.71086  3.24379  1.12348  3.97112  
0.821365  4.20172  1.69301  3.43257  
1.26478  4.11225  1.01189  4.10846  
1.96065  2.90214  1.69764  3.42265  
1.48124  3.50183  1.83855  3.11664  
1.27215  3.81586  1.40878  3.71734  
1.77005  3.35823  1.2362  3.90383  
1.23629  3.77906  1.29336  4.14618  
0.938361  4.18218  0.612244  4.40349  
1.20012  3.91455  1.74688  3.11488  
1.5268  3.56723  0.742111  4.13108  
1.39174  3.82108  1.19071  4.05674  
1.62658  3.52234  2.11552  2.30696  
1.08826  4.3792  1.49329  3.393  
1.53972  3.61486  1.66774  3.17377  
1.26816  3.95564  1.00332  4.02771  
1.14647  3.97163  1.63452  3.49106  
1.56952  3.7095  1.23315  3.77777  
1.12096  4.20986  1.68203  3.21268  
1.57313  3.77927  0.877842  4.05842  
1.49251  3.73508  1.68059  3.26416  
1.38228  3.53452  1.63854  3.36371  
1.75396  3.13644  1.49488  4.00969  
1.05518  4.11114  0.905962  4.04351  
1.47018  3.6404  1.12359  3.95155  
0.869816  4.27283  1.76086  3.13691  
0.836656  4.11313  1.64193  3.46026  
1.36717  4.01688  1.93452  2.96483  
1.71914  3.34319  1.57683  3.51416  
1.5825  3.51971  1.52866  3.73542  
1.71984  3.3877  2.04944  2.13994  
1.40912  3.68679  1.09307  4.09607  
1.81905  3.08249  1.2163  3.93367  
0.950233  4.21054  1.39932  3.91827  
1.08565  4.02442  1.35772  3.89892  
1.42237  3.64115  1.63252  3.48556  
1.5051  3.92891  1.58646  3.62258  
1.37134  3.80828  0.848356  4.24335  
1.75849  3.43076  1.49144  3.77022  
1.05292  4.04018  0.84627  4.22414  
1.50119  3.67563  1.21827  3.7785  
1.90949  3.08995  1.80505  3.04917  
1.10634  3.82629  1.21957  3.88677  
1.54504  3.4269  1.7569  3.33359  
1.42431  3.39062  1.58527  3.51727  
2.05037  2.4386  1.33368  3.85041  
1.11676  4.04566  1.61968  3.51538  
1.03696  4.15718  1.31133  3.76761  
1.6255  3.37375  0.692263  4.26739  
1.74025  3.21753  1.61796  3.39206  
1.7553  3.38702  1.48889  3.68249  
1.70268  3.35366  1.53863  3.64968  
1.19523  4.11435  1.35633  3.63881  
1.32414  3.86807  1.67572  3.45774  
1.51686  3.80487  1.34353  3.75036  
2.07292  2.78997  1.14962  4.05747  
1.40403  3.64981  1.92122  2.90136  
1.41443  3.8874  1.46528  3.76102  
1.06205  4.09146  1.57848  3.58773  
1.88096  3.14617  1.82618  3.09847  
2.0608  2.35483  1.46296  3.84303  
1.47699  3.61678  1.61449  3.47918  
1.08606  3.80991  1.10107  4.05908  
1.25129  4.0562  1.41063  3.90404  
1.77102  3.27856  1.37043  3.82036  
0.991933  4.17719  1.4277  3.71169  
1.74039  3.24327  1.19332  4.09366  
1.01011  4.14698  1.07741  3.99747  
1.03996  4.15166  0.87646  4.05604  
1.34472  3.73566  1.09729  3.99549  
1.15196  4.16572  1.36861  3.85762  
1.43579  3.89161  1.72467  3.21427  
1.09568  4.05055  1.1977  4.0654  
0.764735  4.28269  1.19367  3.96646  
1.50526  3.34504  1.97363  2.89945  
1.15526  4.10204  1.57895  3.64373  
1.16945  3.9915  1.5497  3.75324  
1.01508  4.10102  1.57222  3.69756  
1.71102  3.31996  0.87775  4.40298  
0.881269  4.26629  1.21575  3.93947  
1.42878  3.95187  1.08716  4.17378  
2.03623  0.0363717  1.49839  2.74807  
1.07645  3.40515  1.5493  2.65487  
1.86758  1.62564  0.857102  3.65905  
1.75418  2.088  1.07645  3.40515  
0.857102  3.65905  2.03623  0.0363717  
0.0423627  4.04165  1.27989  3.15732  
1.49839  2.74807  1.90176  1.65982  
0.546118  3.88606  1.66078  2.41859  
1.27989  3.15732  0.0423627  4.04165  
1.66078  2.41859  0.546118  3.88606  
1.42785  2.8433  1.61679  2.46983  
1.24119  3.16615  1.89802  1.36667  
1.61679  2.46983  2.04052  0.0407873  
0.0206832  4.01997  0.82104  3.67452  
1.75309  1.98451  1.79725  2.02867  
0.82104  3.67452  1.42785  2.8433  
1.06749  3.41699  1.06749  3.41699  
0.63685  3.86  1.24119  3.16615  
1.89802  1.36667  0.63685  3.86  
2.04052  0.0407873  0.0206832  4.01997  
1.24553  3.15091  1.24553  3.15091  
1.87674  1.43939  1.87674  1.43939  
1.57029  2.5137  1.7218  2.09055  
1.41911  2.83829  0.517071  3.8939  
2.00829  0.00855224  1.41911  2.83829  
0.746203  3.73542  2.0148  0.0150655  
0.0120877  4.01138  0.746203  3.73542  
1.7218  2.09055  0.0120877  4.01138  
0.517071  3.8939  1.02382  3.46738  
1.02382  3.46738  1.57029  2.5137  
0.593408  3.82319  1.12766  3.30672  
1.51077  2.6259  0.889899  3.58542  
1.12766  3.30672  1.55293  2.66806  
1.66036  2.23635  0.00249903  4.00172  
1.91061  1.19011  1.91061  1.19011  
0.00249903  4.00172  1.33197  2.99113  
2.00142  0.00172412  1.66036  2.23635  
0.889899  3.58542  1.79278  1.78671  
1.33197  2.99113  0.593408  3.82319  
1.79278  1.78671  2.00142  0.00172412  
1.88191  1.39147  1.4058  2.87238  
2.01059  0.0107888  2.01059  0.0107888  
0.540137  3.86537  0.540137  3.86537  
1.23478  3.16906  0.0130211  4.01232  
0.809561  3.6729  0.809561  3.6729  
1.04699  3.42998  1.04699  3.42998  
1.55506  2.53908  1.94075  1.45031  
1.4058  2.87238  1.23478  3.16906  
0.0130211  4.01232  1.55506  2.53908  
1.73415  2.02426  1.73415  2.02426  
0.942348  3.56453  1.56415  2.52073  
0.691619  3.76181  1.88707  1.37143  
0.0189713  4.01824  0.691619  3.76181  
1.88707  1.37143  1.15963  3.3261  
1.15963  3.3261  0.471696  3.93263  
1.37003  2.92886  1.37003  2.92886  
2.00618  0.00623574  0.942348  3.56453  
1.73661  2.0463  2.00618  0.00623574  
0.473076  3.93401  0.0189713  4.01824  
1.56415  2.52073  1.73661  2.0463  
1.21757  3.3403  1.94238  1.07718  
1.65567  2.49667  1.55865  2.67075  
0.366327  3.95351  0.366327  3.95351  
1.94238  1.07718  1.01422  3.56506  
1.31195  3.18914  1.65567  2.49667  
1.40225  2.92861  1.80439  1.95703  
1.80439  1.95703  1.31195  3.18914  
1.71332  2.38524  1.40225  2.92861  
1.55865  2.67075  1.21585  3.33858  
1.01422  3.56506  1.81766  2.05664  
1.59811  2.62149  0.653743  3.80496  
0.975782  3.59237  1.42619  2.8638  
0.653743  3.80496  1.69728  2.26661  
1.861  1.51618  1.59811  2.62149  
2.01592  0.016041  1.14147  3.36464  
1.14147  3.36464  1.27283  3.11805  
1.69728  2.26661  0.975782  3.59237  
1.27283  3.11805  2.02967  0.0297884  
0.0193565  4.01865  0.0193565  4.01865  
1.42619  2.8638  1.861  1.51618  
1.0041  3.63253  2.06734  0.0674508  
0.630704  3.85743  1.24595  3.25887  
2.06734  0.0674508  0.630704  3.85743  
0.843931  3.75706  1.0074  3.63583  
1.67409  2.53393  1.72582  2.16297  
0.0142349  4.01353  0.843931  3.75706  
1.72582  2.16297  0.0142349  4.01353  
1.24595  3.25887  1.90772  1.41431  
1.46378  2.83832  1.67409  2.53393  
1.90772  1.41431  1.46378  2.83832  
1.36422  2.98312  2.0224  0.0226009  
2.0224  0.0226009  1.80041  1.91  
1.80041  1.91  1.22819  3.20131  
0.0209846  4.02022  1.36422  2.98312  
1.51034  2.72081  1.08284  3.40821  
1.60642  2.43642  1.13492  3.34816  
1.22819  3.20131  1.60642  2.43642  
0.519352  3.90455  0.519352  3.90455  
1.08284  3.40821  1.51034  2.72081  
0.809486  3.70099  0.0209846  4.02022  
0.182552  3.99389  1.78711  1.8531  
1.60948  2.38873  0.694541  3.75822  
1.31676  3.03165  1.19036  3.22947  
1.78711  1.8531  1.43632  2.85131  
0.694541  3.75822  1.68569  2.18544  
1.68569  2.18544  1.31676  3.03165  
0.890285  3.58331  0.182552  3.99389  
1.03947  3.42515  1.46311  2.74572  
1.19036  3.22947  1.60948  2.38873  
1.46311  2.74572  0.890358  3.58338  
1.85175  1.55746  0.616731  3.81365  
0.837294  3.65511  1.68056  2.19634  
1.59918  2.43471  0.511837  3.87908  
1.68056  2.19634  1.59918  2.43471  
1.16966  3.27389  1.85175  1.55746  
0.203883  3.98677  1.36999  2.93262  
1.46009  2.75366  1.16966  3.2739  
0.616731  3.81365  0.837294  3.65511  
1.05552  3.41035  1.05552  3.41035  
1.28358  3.07656  1.28358  3.07656  
1.46953  2.75136  1.11756  3.347  
0.62362  3.81704  0.768853  3.7141  
0.768853  3.7141  1.62937  2.33694  
1.11756  3.347  0.280713  3.97051  
0.905384  3.58399  0.905384  3.58399  
1.90625  1.35487  0.62362  3.81704  
0.280713  3.97051  0.964275  3.53155  
1.62937  2.33694  1.46953  2.75136  
0.964275  3.53155  1.26882  3.11379  
1.26882  3.11379  1.90625  1.35487  
1.08667  3.36938  0.962232  3.51898  
1.7799  1.85044  1.7799  1.85044  
0.962232  3.51898  1.21582  3.19991  
1.21582  3.19991  0.32187  3.95657  
1.43284  2.81054  1.90921  1.24516  
0.741281  3.7369  1.08667  3.36938  
1.90921  1.24516  1.67266  2.23945  
1.67266  2.23945  1.55452  2.54649  
1.55452  2.54649  1.43294  2.81064  
0.32187  3.95657  0.741281  3.7369  
0.688517  3.7597  1.45066  2.75435  
0.443741  3.90784  1.09229  3.3523  
1.45066  2.75435  1.27705  3.08996  
1.62597  2.33156  0.688517  3.7597  
1.09229  3.3523  0.0298059  4.00099  
1.27705  3.08996  0.903798  3.56892  
1.80349  1.73017  1.80349  1.73017  
0.0298059  4.00099  0.443741  3.90784  
2.0024  0.0645667  1.62597  2.33156  
0.903798  3.56892  2.0024  0.0645667  
1.67164  2.19661  1.3302  2.98726  
1.33019  2.98725  1.12648  3.30554  
1.80561  1.72054  1.51698  2.60715  
2.00005  0.000374473  0.592387  3.82075  
1.51698  2.60715  0.888356  3.58388  
0.888356  3.58388  1.67164  2.19661  
0.592387  3.82075  0.00131945  4.00009  
1.91843  1.13101  1.91843  1.13101  
0.00131945  4.00009  2.00005  0.000374473  
1.12648  3.30554  1.69028  2.16043  
0.877382  3.60301  2.00053  0.0718101  
1.07506  3.37982  1.41803  2.826  
1.58032  2.45665  0.556467  3.8459  
1.73815  1.9851  0.113509  3.99487  
1.41803  2.826  1.07506  3.37982  
0.556467  3.8459  1.59324  2.46957  
2.00053  0.0718101  1.73815  1.9851  
1.27343  3.09517  0.877382  3.60301  
0.113509  3.99487  1.27343  3.09517  
1.90105  1.24482  1.90105  1.24482  
1.23233  3.15211  0.0699363  3.99837  
0.55206  3.8474  1.7163  2.07692  
2.00102  0.269687  1.86876  1.42926  
1.86876  1.42926  1.57423  2.47422  
0.833938  3.63819  1.42093  2.8166  
1.03127  3.43286  1.72601  2.02285  
1.57423  2.47422  0.552059  3.84739  
0.0699363  3.99837  1.03127  3.43286  
1.72601  2.02285  1.23233  3.15211  
1.42093  2.8166  0.833938  3.63819  
1.39262  2.8817  1.22983  3.20206  
0.936031  3.53985  1.67071  2.21122  
0.56865  3.8382  0.56865  3.8382  
1.49237  2.67503  1.80977  1.71704  
0.0875511  4.00537  1.89805  1.26343  
1.80977  1.71704  1.20537  3.19931  
1.89805  1.26343  1.49237  2.67503  
1.20537  3.19931  0.936031  3.53985  
1.67071  2.21122  1.9957  0.31407  
1.9957  0.31407  0.0875511  4.00537  
1.45717  2.79849  0.647915  3.79378  
1.08221  3.36694  0.892514  3.59094  
1.75298  2.01363  1.65399  2.33336  
1.9481  1.00287  1.75298  2.01363  
0.724136  3.73898  1.9481  1.00287  
0.399784  3.92231  1.45717  2.79849  
1.20951  3.21999  1.22198  3.23246  
0.892514  3.59094  0.399784  3.92231  
0.647915  3.79378  1.08221  3.36694  
1.65399  2.33336  0.724136  3.73898  
0.866506  3.60509  1.17189  3.2414  
0.676107  3.76451  1.79355  1.76995  
1.35294  2.94589  0.519689  3.8626  
1.63597  2.30097  0.243341  3.97028  
1.90113  1.24208  0.866506  3.60509  
0.243341  3.97028  1.90113  1.24208  
1.79355  1.76995  0.792057  3.67295  
0.792057  3.67295  0.676107  3.76451  
0.519689  3.8626  1.35294  2.94589  
1.17189  3.2414  1.63597  2.30097  
0.925144  3.54633  0.925144  3.54633  
0.105762  3.9944  1.78939  1.78672  
1.78939  1.78672  1.96848  0.707299  
0.513317  3.86601  1.4049  2.84693  
1.4049  2.84693  0.105762  3.9944  
0.712078  3.73788  0.513317  3.86601  
1.52374  2.59092  0.712078  3.73788  
1.96848  0.707299  1.61804  2.35113  
1.22216  3.16628  1.52374  2.59092  
1.61804  2.35113  1.22216  3.16628  
0.556716  3.84191  1.65627  2.24211  
1.79533  1.76271  1.32358  2.99876  
1.11175  3.32507  0.556716  3.84191  
1.32358  2.99876  1.11175  3.32507  
1.65627  2.24211  1.904  1.22437  
0.111045  3.99383  1.98208  0.534278  
1.98208  0.534278  1.79533  1.76271  
0.854221  3.6168  0.111045  3.99383  
1.904  1.22437  0.854221  3.6168  
1.4907  2.66669  1.4907  2.66669  
1.82821  1.62193  1.54494  2.54021  
1.69921  2.10967  1.37116  2.91199  
0.0243284  3.9997  1.92832  1.06128  
0.620356  3.80271  0.921121  3.55051  
2  0.00029916  0.0243284  3.9997  
0.921121  3.55051  1.69921  2.10967  
1.54494  2.54021  1.82821  1.62193  
1.37116  2.91199  0.620356  3.80271  
1.16631  3.24944  2  0.00029916  
1.92832  1.06128  1.16631  3.24944  
1.80343  1.72934  0.398019  3.91999  
1.10325  3.33637  1.91651  1.14363  
1.31071  3.02129  1.49112  2.66576  
1.99999  0.00954212  1.65822  2.23635  
1.65822  2.23635  1.31071  3.02129  
1.91651  1.14363  0.057667  3.99834  
0.564218  3.83753  0.564218  3.83753  
0.871618  3.60016  1.80343  1.72934  
1.49112  2.66576  1.10325  3.33637  
0.057667  3.99834  1.99999  0.00954212  
0.59224  3.8206  0.59224  3.8206  
0.00146597  4  0.00146597  4  
0.886532  3.58556  1.81147  1.69538  
1.51761  2.60527  1.33718  2.97452  
2  0.00037107  0.886532  3.58556  
1.92142  1.11025  2  0.00037107  
1.81147  1.69538  1.92142  1.11025  
1.67545  2.18436  1.12639  3.3053  
1.33718  2.97452  1.51761  2.60527  
1.12639  3.3053  1.67545  2.18436  
1.99549  0.268609  0.835804  3.63397  
0.835804  3.63397  1.45606  2.74217  
0.564912  3.83712  1.0664  3.38395  
1.77054  1.86033  1.61776  2.3519  
1.61776  2.3519  0.564912  3.83712  
1.89989  1.2497  1.89989  1.2497  
1.0664  3.38395  1.96293  0.766555  
1.26118  3.10446  1.77054  1.86033  
0.0672787  3.99774  1.26118  3.10446  
1.45606  2.74217  0.0672787  3.99774  
1.17413  3.23816  1.17413  3.23816  
1.82608  1.63148  1.92322  1.09765  
0.185332  3.98279  1.53084  2.57412  
1.99403  0.30876  0.185332  3.98279  
1.68712  2.14814  1.36881  2.91641  
1.53084  2.57412  0.927232  3.54414  
0.662235  3.77436  1.82608  1.63148  
1.36881  2.91641  1.99403  0.30876  
0.927232  3.54414  0.662235  3.77436  
1.92322  1.09765  1.68712  2.14814  
0.775068  3.68742  0.534822  3.85433  
1.24416  3.13182  0.221622  3.97537  
1.72094  2.03802  1.90459  1.22072  
1.08103  3.36534  1.08103  3.36534  
1.59772  2.40607  0.939989  3.53068  
0.221622  3.97537  1.72094  2.03802  
0.534822  3.85433  0.775068  3.68742  
1.41326  2.83034  1.24416  3.13182  
1.90459  1.22072  1.59772  2.40607  
0.939989  3.53068  1.41326  2.83034  
1.5177  2.60506  1.9872  0.451744  
1.13266  3.29672  0.0590516  3.99826  
0.0590516  3.99826  1.13863  3.28848  
1.9872  0.451744  1.66789  2.20739  
0.904459  3.56761  1.5177  2.60506  
0.610468  3.80911  0.904459  3.56761  
1.89923  1.25367  1.34282  2.96434  
1.34282  2.96434  0.610468  3.80911  
1.66789  2.20739  1.13266  3.29672  
1.79326  1.77111  1.89923  1.25367  
1.69874  2.11118  1.41429  2.82828  
1.41429  2.82828  1.86336  1.45315  
1.5565  2.51182  0.877555  3.59438  
0.619523  3.80326  1.96609  0.733478  
0.877555  3.59438  1.07452  3.37367  
1.96609  0.733478  0.619523  3.80326  
1.24117  3.13656  1.69874  2.11118  
1.86336  1.45315  0.121192  3.99265  
0.121192  3.99265  1.5565  2.51182  
1.07452  3.37367  1.24117  3.13656  
0.859445  3.61184  1.09114  3.35226  
0.192913  3.98135  0.859445  3.61184  
0.588875  3.82268  0.588875  3.82268  
1.09114  3.35226  1.311  3.02078  
1.49933  2.64727  0.192913  3.98135  
1.98631  0.46723  1.89766  1.26317  
1.76419  1.8843  1.6436  2.27912  
1.311  3.02078  1.76419  1.8843  
1.89766  1.26317  1.98631  0.46723  
1.6436  2.27912  1.49933  2.64727  
1.92137  1.11058  0.959676  3.50943  
0.00982703  3.99995  0.00982703  3.99995  
0.591804  3.82087  1.33428  2.97972  
1.51708  2.60651  0.88734  3.58476  
1.33428  2.97972  1.51708  2.60651  
0.88734  3.58476  1.92137  1.11058  
1.12545  3.30657  0.591804  3.82087  
1.67545  2.18436  1.67545  2.18436  
2  0.000875475  1.12545  3.30657  
1.81341  1.68708  2  0.000875475  
0.920939  3.5507  2  0.000426587  
1.92655  1.07409  1.54488  2.54035  
1.37102  2.91225  0.920939  3.5507  
1.16648  3.2492  1.37102  2.91225  
0.61031  3.80921  0.61031  3.80921  
0.000690789  4  1.92655  1.07409  
2  0.000426587  1.16648  3.2492  
1.69915  2.10988  1.82594  1.6321  
1.54488  2.54035  1.69915  2.10988  
1.82594  1.6321  0.000690789  4  
0.605624  3.8122  1.12181  3.31153  
1.12181  3.31153  1.73477  1.99053  
1.97525  0.627304  0.605624  3.8122  
1.66013  2.23066  1.31577  3.01248  
0.849766  3.62099  1.66013  2.23066  
0.227908  3.97394  0.227908  3.97394  
1.73477  1.99053  0.849766  3.62099  
1.48851  2.67159  1.84075  1.56414  
1.84075  1.56414  1.48851  2.67159  
1.31577  3.01248  1.97525  0.627304  
1.07397  3.37437  1.55419  2.51753  
1.7913  1.77905  1.64267  2.28177  
1.46969  2.71293  1.26949  3.09089  
0.563713  3.83783  0.563713  3.83783  
1.64267  2.28177  0.0565533  3.9984  
0.824451  3.64433  0.824451  3.64433  
1.99955  0.0844806  1.99955  0.0844806  
0.0565533  3.9984  1.46969  2.71293  
1.90955  1.18931  1.07397  3.37437  
1.26949  3.09089  1.90955  1.18931  
0.0246824  3.9997  0.580896  3.82756  
1.64819  2.2658  1.10951  3.32805  
1.91246  1.17045  1.30385  3.03314  
0.869666  3.60204  0.869666  3.60204  
2  0.00487268  1.91246  1.17045  
1.78895  1.78845  2  0.00487268  
1.30385  3.03314  1.64819  2.2658  
0.580896  3.82756  1.78895  1.78845  
1.47651  2.69808  0.574304  3.83154  
1.10951  3.32805  1.47651  2.69808  
1.54518  2.53962  1.9995  0.0896256  
1.36379  2.9258  1.73436  1.99197  
1.9995  0.0896256  1.88218  1.35262  
1.1589  3.26004  0.727202  3.72622  
0.011948  3.99993  1.1589  3.26004  
1.73436  1.99197  1.54518  2.53962  
0.727202  3.72622  1.36379  2.9258  
1.88218  1.35262  0.011948  3.99993  
0.478023  3.88407  0.552333  3.84444  
0.956347  3.51306  0.956347  3.51306  
1.24092  3.13695  0.215649  3.97668  
1.94263  0.951186  1.57456  2.46639  
0.642399  3.78805  1.07335  3.37516  
1.07335  3.37516  1.94263  0.951186  
1.57456  2.46639  1.76891  1.8665  
1.46564  2.72168  1.69783  2.11411  
1.69783  2.11411  0.885321  3.58676  
0.215649  3.97668  0.642399  3.78805  
1.76891  1.8665  1.24092  3.13695  
0.885321  3.58676  1.46564  2.72168  
1.63726  2.29729  1.29486  3.0485  
1.7991  1.74728  0.107727  3.99419  
2  0.00809292  1.49534  2.65628  
1.49534  2.65628  0.590696  3.82156  
1.29486  3.0485  1.63726  2.29729  
1.92424  1.09054  1.92424  1.09054  
0.835085  3.63463  2  0.00809292  
0.590696  3.82156  0.835085  3.63463  
1.08405  3.36145  1.7991  1.74728  
0.107727  3.99419  1.08405  3.36145  
1.54458  2.54109  2  0.000426587  
0.000722024  4  1.8259  1.63228  
0.610221  3.80927  1.69904  2.11022  
1.16608  3.24977  1.92653  1.07419  
1.69904  2.11022  1.16608  3.24977  
0.921432  3.55019  1.37091  2.91245  
1.37091  2.91245  0.000722024  4  
1.92653  1.07419  0.921432  3.55019  
2  0.000426587  0.610221  3.80927  
1.8259  1.63228  1.54458  2.54109  
1.8259  1.63228  1.57976  2.45305  
0.000722024  4  2  0.000426587  
0.921432  3.55019  0.000722024  4  
1.92653  1.07419  1.54458  2.54109  
1.69904  2.11022  0.921432  3.55019  
1.54458  2.54109  1.69904  2.11022  
1.37091  2.91245  1.8259  1.63228  
0.610221  3.80927  1.92653  1.07419  
2  0.000426587  1.37091  2.91245  
1.16608  3.24977  0.610221  3.80927  
0.000722024  4  0.000722024  4  
1.8259  1.63228  0.921432  3.55019  
1.54458  2.54109  1.54458  2.54109  
2  0.000426587  1.69904  2.11022  
0.610221  3.80927  1.16608  3.24977  
0.921432  3.55019  1.8259  1.63228  
1.16608  3.24977  0.610221  3.80927  
1.69904  2.11022  1.92653  1.07419  
1.37091  2.91245  2  0.000426587  
1.92653  1.07419  1.37091  2.91245  
0.921432  3.55019  0.921432  3.55019  
1.8259  1.63228  1.54458  2.54109  
2  0.000426587  1.99007  0.39811  
0.000722024  4  1.16608  3.24977  
1.16608  3.24977  2  0.000426587  
0.610221  3.80927  1.37091  2.91245  
1.92653  1.07419  0.610221  3.80927  
1.37091  2.91245  1.69904  2.11022  
1.54458  2.54109  1.8259  1.63228  
1.69904  2.11022  0.000722024  4  
1.8259  1.63228  0.000722024  4  
1.69904  2.11022  0.921432  3.55019  
1.54458  2.54109  1.16608  3.24977  
1.37091  2.91245  2  0.000426587  
2  0.000426587  0.610221  3.80927  
0.610221  3.80927  1.69904  2.11022  
0.921432  3.55019  1.92653  1.07419  
1.16608  3.24977  1.54458  2.54109  
1.92653  1.07419  1.8259  1.63228  
0.000722024  4  1.3833  2.88894  
1.37091  2.91245  1.37091  2.91245  
0.610221  3.80927  1.69904  2.11022  
2  0.000426587  2  0.000426587  
1.69904  2.11022  0.000722024  4  
1.54458  2.54109  1.16608  3.24977  
0.921432  3.55019  1.54458  2.54109  
1.16608  3.24977  1.92653  1.07419  
1.8259  1.63228  0.921432  3.55019  
0.000722024  4  0.610221  3.80927  
1.92653  1.07419  0.524505  3.86  
1.54458  2.54109  1.54458  2.54109  
0.610221  3.80927  0.921432  3.55019  
1.8259  1.63228  0.610221  3.80927  
0.000722024  4  1.92653  1.07419  
1.69904  2.11022  1.69904  2.11022  
1.16608  3.24977  2  0.000426587  
0.921432  3.55019  0.000722024  4  
1.37091  2.91245  1.37091  2.91245  
2  0.000426587  1.16608  3.24977  
1.92653  1.07419  1.8259  1.63228  
0.000722024  4  1.69904  2.11022  
2  0.000426587  2  0.000426587  
1.92653  1.07419  1.8259  1.63228  
1.69904  2.11022  0.000722024  4  
1.16608  3.24977  1.37091  2.91245  
0.921432  3.55019  1.92653  1.07419  
0.610221  3.80927  1.54458  2.54109  
1.8259  1.63228  1.04956  3.40495  
1.54458  2.54109  0.610221  3.80927  
1.37091  2.91245  0.921432  3.55019  
1.8259  1.63228  1.16608  3.24977  
0.000722024  4  1.19847  3.2023  
1.16608  3.24977  1.69904  2.11022  
1.69904  2.11022  2  0.000426587  
0.610221  3.80927  1.54458  2.54109  
2  0.000426587  1.92653  1.07419  
1.54458  2.54109  0.921432  3.55019  
0.921432  3.55019  1.37091  2.91245  
1.92653  1.07419  1.8259  1.63228  
1.37091  2.91245  0.610221  3.80927  
1.54458  2.54109  1.92653  1.07419  
1.16608  3.24977  1.69904  2.11022  
1.8259  1.63228  0.921432  3.55019  
0.610221  3.80927  0.000722024  4  
1.37091  2.91245  1.16608  3.24977  
1.69904  2.11022  1.8259  1.63228  
1.92653  1.07419  1.20291  3.19563  
2  0.000426587  1.54458  2.54109  
0.000722024  4  2  0.000426587  
0.921432  3.55019  0.610221  3.80927  
1.54457  2.54111  1.92652  1.0743  
1.92652  1.0743  1.8259  1.63228  
1.69904  2.11022  1.69904  2.11022  
1.8259  1.63228  1.54457  2.54111  
1.16604  3.24983  0.921432  3.55019  
0.921432  3.55019  0.000745781  4  
2  0.000426587  0.709466  3.73987  
0.610221  3.80927  2  0.000426587  
0.000745781  4  1.16604  3.24983  
1.37091  2.91245  1.37091  2.91245  
1.69904  2.11022  1.16604  3.24983  
1.92652  1.0743  1.69904  2.11022  
1.54457  2.54111  1.37091  2.91245  
1.16604  3.24983  0.921432  3.55019  
1.37091  2.91245  1.92652  1.0743  
0.610221  3.80927  1.8259  1.63228  
0.000745781  4  1.54457  2.54111  
1.8259  1.63228  0.000745781  4  
0.921432  3.55019  1.82615  1.63118  
2  0.000426587  0.610221  3.80927  
1.69904  2.11022  1.16604  3.24983  
2  0.000426587  0.000745781  4  
1.54457  2.54111  1.37091  2.91245  
0.610221  3.80927  1.69904  2.11022  
1.92652  1.0743  1.8259  1.63228  
1.37091  2.91245  0.610221  3.80927  
1.8259  1.63228  1.92652  1.0743  
0.921432  3.55019  1.54457  2.54111  
1.16604  3.24983  0.921432  3.55019  
0.000745781  4  2  0.000426587  
1.16604  3.24983  0.000745781  4  
1.69904  2.11022  1.37091  2.91245  
1.92652  1.0743  1.8259  1.63228  
0.610221  3.80927  0.610221  3.80927  
2  0.000426587  0.921432  3.55019  
1.8259  1.63228  1.16604  3.24983  
1.37091  2.91245  2  0.000426587  
0.921432  3.55019  1.69904  2.11022  
0.000745781  4  1.92652  1.0743  
1.54457  2.54111  1.54457  2.54111  
0.921432  3.55019  1.69904  2.11022  
1.8259  1.63228  1.54457  2.54111  
1.92652  1.0743  0.921432  3.55019  
1.16604  3.24983  1.16604  3.24983  
0.000745781  4  1.37091  2.91245  
1.54457  2.54111  2  0.000426587  
0.610221  3.80927  0.000745781  4  
2  0.000426587  1.7569  1.91132  
1.69904  2.11022  0.610221  3.80927  
1.37091  2.91245  1.8259  1.63228  
0.000745781  4  0.610221  3.80927  
1.16604  3.24983  2  0.000426587  
0.610221  3.80927  1.8259  1.63228  
1.37091  2.91245  1.92652  1.0743  
1.92652  1.0743  0.000745781  4  
2  0.000426587  1.37091  2.91245  
0.921432  3.55019  1.69904  2.11022  
1.8259  1.63228  1.14147  3.28453  
1.54457  2.54111  1.54457  2.54111  
1.69904  2.11022  0.921432  3.55019  
1.69904  2.11022  1.8259  1.63228  
1.37091  2.91245  1.92652  1.0743  
2  0.000426587  0.000745781  4  
0.000745781  4  0.610221  3.80927  
1.8259  1.63228  1.69904  2.11022  
1.54457  2.54111  1.54457  2.54111  
1.16604  3.24983  2  0.000426587  
1.92652  1.0743  1.37091  2.91245  
0.921432  3.55019  0.921432  3.55019  
0.610221  3.80927  1.16604  3.24983  
1.69904  2.11022  1.54457  2.54111  
1.54457  2.54111  1.69904  2.11022  
1.37091  2.91245  1.37091  2.91245  
1.8259  1.63228  0.610221  3.80927  
0.000745781  4  0.921432  3.55019  
0.610221  3.80927  1.8259  1.63228  
1.16604  3.24983  1.92652  1.0743  
0.921432  3.55019  0.000745781  4  
1.92652  1.0743  1.16604  3.24983  
2  0.000426587  2  0.000426587  
0.000745781  4  1.8259  1.63228  
0.610221  3.80927  1.92652  1.0743  
1.8259  1.63228  2  0.000426587  
1.69904  2.11022  1.54457  2.54111  
1.54457  2.54111  1.37091  2.91245  
2  0.000426587  0.921432  3.55019  
1.92652  1.0743  1.69904  2.11022  
0.921432  3.55019  0.000745781  4  
1.16604  3.24983  0.610221  3.80927  
1.37091  2.91245  1.16604  3.24983  
1.69904  2.11022  0.000745781  4  
1.92652  1.0743  0.610221  3.80927  
1.37091  2.91245  1.69904  2.11022  
1.16604  3.24983  2  0.000426587  
1.8259  1.63228  0.921432  3.55019  
0.921432  3.55019  1.16604  3.24983  
0.000745781  4  1.54457  2.54111  
1.54457  2.54111  1.8259  1.63228  
0.610221  3.80927  1.92652  1.0743  
2  0.000426587  1.37091  2.91245  
2  0.000426587  2  0.000426587  
0.921432  3.55019  1.8259  1.63228  
1.16604  3.24983  0.000745781  4  
1.8259  1.63228  0.921432  3.55019  
1.54457  2.54111  1.37091  2.91245  
1.37091  2.91245  1.16604  3.24983  
0.610221  3.80927  1.69904  2.11022  
0.000745781  4  1.92652  1.0743  
1.69904  2.11022  1.54457  2.54111  
1.92652  1.0743  0.610221  3.80927  
1.92652  1.0743  1.16604  3.24983  
1.54457  2.54111  1.8259  1.63228  
0.000745781  4  0.000745781  4  
2  0.000426587  1.37091  2.91245  
1.69904  2.11022  0.921432  3.55019  
0.610221  3.80927  1.92652  1.0743  
0.921432  3.55019  1.54457  2.54111  
1.37091  2.91245  0.610221  3.80927  
1.8259  1.63228  1.69904  2.11022  
1.16604  3.24983  2  0.000426587  
1.54457  2.54111  1.8259  1.63228  
1.92652  1.0743  0.000745781  4  
0.610221  3.80927  0.610221  3.80927  
1.69904  2.11022  1.54457  2.54111  
0.921432  3.55019  1.37091  2.91245  
1.37091  2.91245  0.947607  3.52252  
2  0.000426587  1.92652  1.0743  
1.8259  1.63228  0.921432  3.55019  
1.16604  3.24983  2  0.000426587  
0.000745781  4  1.69904  2.11022  
0.000745781  4  1.69904  2.11022  
1.37091  2.91245  1.54457  2.54111  
1.16604  3.24983  1.37091  2.91245  
2  0.000426587  1.92652  1.0743  
0.921432  3.55019  0.921432  3.55019  
1.92652  1.0743  0.610221  3.80927  
1.8259  1.63228  1.8259  1.63228  
0.610221  3.80927  0.000745781  4  
1.69904  2.11022  2  0.000426587  
1.54457  2.54111  1.16604  3.24983  
1.8259  1.63228  1.8259  1.63228  
0.000745781  4  1.37091  2.91245  
1.92652  1.0743  1.92652  1.0743  
1.37091  2.91245  2  0.000426587  
1.54457  2.54111  1.69904  2.11022  
1.69904  2.11022  0.000745781  4  
0.921432  3.55019  0.610221  3.80927  
0.610221  3.80927  0.921432  3.55019  
1.16604  3.24983  1.54457  2.54111  
2  0.000426587  1.16604  3.24983  
0.000745781  4  0.679614  3.76198  
1.16604  3.24983  1.37091  2.91245  
0.610221  3.80927  0.540689  3.85105  
1.37091  2.91245  1.16604  3.24983  
1.92652  1.0743  0.921432  3.55019  
2  0.000426587  1.92652  1.0743  
0.921432  3.55019  2  0.000426587  
1.8259  1.63228  1.69904  2.11022  
1.54457  2.54111  1.54457  2.54111  
1.69904  2.11022  1.8259  1.63228  
2  0.000426587  0.610221  3.80927  
0.000745781  4  1.8259  1.63228  
0.610221  3.80927  1.37091  2.91245  
1.54457  2.54111  0.921432  3.55019  
1.92652  1.0743  1.69904  2.11022  
1.69904  2.11022  0.000745781  4  
1.16604  3.24983  1.92652  1.0743  
1.8259  1.63228  1.99034  0.392704  
0.921432  3.55019  1.16604  3.24983  
1.37091  2.91245  1.54457  2.54111  
1.16604  3.24983  2  0.000426587  
0.921432  3.55019  1.92652  1.0743  
2  0.000426587  0.610221  3.80927  
1.92652  1.0743  0.000745781  4  
0.000745781  4  1.8259  1.63228  
1.37091  2.91245  1.19705  3.20441  
1.54457  2.54111  0.921432  3.55019  
1.69904  2.11022  1.16604  3.24983  
0.610221  3.80927  1.37091  2.91245  
1.8259  1.63228  1.69904  2.11022  
2  0.000426587  1.16604  3.24983  
1.54457  2.54111  1.54457  2.54111  
1.37091  2.91245  1.52673  2.58386  
1.92652  1.0743  2  0.000426587  
1.8259  1.63228  1.37091  2.91245  
0.921432  3.55019  0.610221  3.80927  
0.000745781  4  1.69904  2.11022  
1.69904  2.11022  1.8259  1.63228  
0.610221  3.80927  0.000745781  4  
1.16604  3.24983  0.921432  3.55019  
1.37091  2.91245  1.69904  2.11022  
0.000745781  4  0.610221  3.80927  
0.921432  3.55019  1.92652  1.0743  
1.92652  1.0743  0.921432  3.55019  
1.54457  2.54111  1.54457  2.54111  
2  0.000426587  2  0.000426587  
0.610221  3.80927  1.18777  3.2182  
1.69904  2.11022  1.8259  1.63228  
1.16604  3.24983  0.000745781  4  
1.8259  1.63228  1.16604  3.24983  
1.54457  2.54111  0.000745781  4  
2  0.000426587  1.8259  1.63228  
1.69904  2.11022  0.504502  3.87065  
1.8259  1.63228  1.69904  2.11022  
0.921432  3.55019  1.92652  1.0743  
1.16604  3.24983  1.37091  2.91245  
1.37091  2.91245  0.610221  3.80927  
0.610221  3.80927  2  0.000426587  
0.000745781  4  1.16604  3.24983  
1.92652  1.0743  1.54457  2.54111  
1.8259  1.63228  0.921432  3.55019  
0.000745781  4  1.69904  2.11022  
0.921432  3.55019  1.37091  2.91245  
1.54457  2.54111  1.8259  1.63228  
1.37091  2.91245  2  0.000426587  
1.92652  1.0743  1.54457  2.54111  
0.610221  3.80927  1.92652  1.0743  
1.16604  3.24983  0.610221  3.80927  
1.69904  2.11022  1.16604  3.24983  
2  0.000426587  0.000745781  4  
1.8259  1.63228  1.37091  2.91245  
1.69904  2.11022  1.69904  2.11022  
2  0.000426587  1.8259  1.63228  
0.921432  3.55019  2  0.000426587  
1.16604  3.24983  1.92652  1.0743  
1.92652  1.0743  0.610221  3.80927  
0.000745781  4  1.16604  3.24983  
0.610221  3.80927  0.921432  3.55019  
1.54457  2.54111  0.000745781  4  
1.37091  2.91245  1.54457  2.54111  
0.921432  3.55019  0.921432  3.55019  
1.69904  2.11022  0.000745781  4  
0.000745781  4  1.92652  1.0743  
1.37091  2.91245  1.54457  2.54111  
2  0.000426587  1.37091  2.91245  
1.16604  3.24983  1.8259  1.63228  
1.8259  1.63228  1.16604  3.24983  
1.54457  2.54111  1.69904  2.11022  
0.610221  3.80927  2  0.000426587  
1.92652  1.0743  0.610221  3.80927  
1.69904  2.11022  1.8259  1.63228  
0.610221  3.80927  0.000745781  4  
1.8259  1.63228  0.610221  3.80927  
1.92652  1.0743  1.92652  1.0743  
1.16604  3.24983  1.37091  2.91245  
2  0.000426587  0.921432  3.55019  
0.000745781  4  2  0.000426587  
0.921432  3.55019  1.69904  2.11022  
1.54457  2.54111  1.54457  2.54111  
1.37091  2.91245  1.16604  3.24983  
1.92652  1.0743  1.37091  2.91245  
2  0.000426587  2  0.000426587  
1.69904  2.11022  0.921432  3.55019  
0.921432  3.55019  0.000745781  4  
1.16604  3.24983  1.69904  2.11022  
1.37091  2.91245  1.8259  1.63228  
0.610221  3.80927  1.16604  3.24983  
0.000745781  4  0.610221  3.80927  
1.54457  2.54111  1.92652  1.0743  
1.8259  1.63228  1.54457  2.54111  
0.000745781  4  0.921432  3.55019  
1.16604  3.24983  2  0.000426587  
0.610221  3.80927  1.69904  2.11022  
1.37091  2.91245  1.37091  2.91245  
1.92652  1.0743  1.54457  2.54111  
2  0.000426587  1.92652  1.0743  
0.921432  3.55019  0.000745781  4  
1.8259  1.63228  1.16604  3.24983  
1.54457  2.54111  0.610221  3.80927  
1.69904  2.11022  1.8259  1.63228  
1.8259  1.63228  0.000745781  4  
0.000745781  4  2  0.000426587  
1.92652  1.0743  0.921432  3.55019  
1.16604  3.24983  1.37091  2.91245  
0.921432  3.55019  1.54457  2.54111  
1.69904  2.11022  1.16604  3.24983  
0.610221  3.80927  1.8259  1.63228  
2  0.000426587  1.92652  1.0743  
1.54457  2.54111  0.70354  3.74435  
1.37091  2.91245  1.69904  2.11022  
1.54457  2.54111  1.69904  2.11022  
0.000745781  4  1.54457  2.54111  
1.37091  2.91245  1.39846  2.85958  
0.610221  3.80927  1.81397  1.68466  
1.92652  1.0743  1.8259  1.63228  
0.921432  3.55019  0.000745781  4  
1.8259  1.63228  2  0.000426587  
2  0.000426587  1.37091  2.91245  
1.69904  2.11022  0.610221  3.80927  
1.16604  3.24983  0.921432  3.55019  
1.54457  2.54111  2  0.000426587  
1.37091  2.91245  1.8259  1.63228  
0.921432  3.55019  1.37091  2.91245  
2  0.000426587  0.921432  3.55019  
1.92652  1.0743  1.16604  3.24983  
1.16604  3.24983  1.54457  2.54111  
0.000745781  4  0.610221  3.80927  
1.69904  2.11022  1.92652  1.0743  
1.8259  1.63228  1.69904  2.11022  
0.610221  3.80927  0.000745781  4  
1.92652  1.0743  0.921432  3.55019  
1.16604  3.24983  1.69904  2.11022  
1.54457  2.54111  1.37091  2.91245  
1.8259  1.63228  2  0.000426587  
2  0.000426587  0.000745781  4  
0.000745781  4  0.610221  3.80927  
0.610221  3.80927  1.8259  1.63228  
1.69904  2.11022  1.92652  1.0743  
0.921432  3.55019  1.16604  3.24983  
1.37091  2.91245  1.54457  2.54111  
1.92652  1.0743  1.8259  1.63228  
0.610221  3.80927  1.16604  3.24983  
1.16604  3.24983  1.37091  2.91245  
1.8259  1.63228  0.000745781  4  
0.000745781  4  2  0.000426587  
2  0.000426587  0.610221  3.80927  
1.69904  2.11022  1.54457  2.54111  
1.54457  2.54111  0.921432  3.55019  
0.921432  3.55019  1.92652  1.0743  
1.37091  2.91245  1.69904  2.11022  
0.610221  3.80927  1.16604  3.24983  
2  0.000426587  1.8259  1.63228  
1.37091  2.91245  0.000745781  4  
1.16604  3.24983  2  0.000426587  
0.921432  3.55019  1.69904  2.11022  
1.8259  1.63228  0.921432  3.55019  
1.54457  2.54111  1.92652  1.0743  
1.92652  1.0743  1.54457  2.54111  
0.000745781  4  1.37091  2.91245  
1.69904  2.11022  0.610221  3.80927  
1.92652  1.0743  1.92652  1.0743  
1.69904  2.11022  1.54457  2.54111  
1.16604  3.24983  0.000745781  4  
2  0.000426587  1.25089  3.12107  
1.8259  1.63228  0.921432  3.55019  
1.54457  2.54111  1.16604  3.24983  
0.000745781  4  0.610221  3.80927  
0.921432  3.55019  1.37091  2.91245  
1.37091  2.91245  1.8259  1.63228  
0.610221  3.80927  2  0.000426587  
1.92652  1.0743  1.82694  1.62762  
0.921432  3.55019  0.610221  3.80927  
0.000745781  4  1.37091  2.91245  
1.69904  2.11022  1.54457  2.54111  
1.37091  2.91245  1.16604  3.24983  
1.16604  3.24983  0.921432  3.55019  
1.54457  2.54111  1.69904  2.11022  
0.610221  3.80927  1.8259  1.63228  
1.8259  1.63228  0.000745781  4  
2  0.000426587  1.92652  1.0743  
1.92652  1.0743  2  0.000426587  
2  0.000426587  0.921432  3.55019  
0.000745781  4  1.16604  3.24983  
1.69904  2.11022  0.610221  3.80927  
0.610221  3.80927  0.000745781  4  
1.8259  1.63228  1.69904  2.11022  
1.54457  2.54111  1.8259  1.63228  
0.921432  3.55019  1.884  1.34246  
1.16604  3.24983  1.54457  2.54111  
1.37091  2.91245  1.37091  2.91245  
1.54457  2.54111  1.92652  1.0743  
1.69904  2.11022  1.54457  2.54111  
2  0.000426587  1.8259  1.63228  
1.37091  2.91245  1.37091  2.91245  
0.000745781  4  1.69904  2.11022  
1.92652  1.0743  0.610221  3.80927  
0.610221  3.80927  0.000745781  4  
1.16604  3.24983  2  0.000426587  
1.8259  1.63228  0.921432  3.55019  
0.921432  3.55019  1.16604  3.24983  
0.000745781  4  0.921432  3.55019  
1.16604  3.24983  1.37091  2.91245  
0.610221  3.80927  0.610221  3.80927  
1.37091  2.91245  0.98171  3.48496  
1.92652  1.0743  0.000745781  4  
2  0.000426587  1.92652  1.0743  
0.921432  3.55019  1.54457  2.54111  
1.8259  1.63228  1.8259  1.63228  
1.54457  2.54111  1.16604  3.24983  
1.69904  2.11022  1.85617  1.48949  
1.54457  2.54111  1.8259  1.63228  
1.37091  2.91245  0.921432  3.55019  
0.921432  3.55019  1.54457  2.54111  
0.000745781  4  2  0.000426587  
1.8259  1.63228  0.610221  3.80927  
1.16604  3.24983  1.46164  2.73028  
0.610221  3.80927  1.69904  2.11022  
1.92652  1.0743  0.000745781  4  
1.69904  2.11022  1.16604  3.24983  
2  0.000426587  1.37091  2.91245  
1.54457  2.54111  1.45215  2.75046  
0.921432  3.55019  1.16604  3.24983  
0.610221  3.80927  1.37091  2.91245  
2  0.000426587  0.921432  3.55019  
0.000745781  4  1.92652  1.0743  
1.8259  1.63228  1.8259  1.63228  
1.16604  3.24983  0.000745781  4  
1.92652  1.0743  2  0.000426587  
1.37091  2.91245  1.69904  2.11022  
1.69904  2.11022  0.610221  3.80927  
1.54457  2.54111  0.921432  3.55019  
1.69904  2.11022  1.37091  2.91245  
1.92652  1.0743  1.92652  1.0743  
2  0.000426587  1.69904  2.11022  
1.37091  2.91245  1.16604  3.24983  
1.16604  3.24983  0.610206  3.80928  
0.610206  3.80928  1.8259  1.63228  
0.000745781  4  1.54457  2.54111  
1.8259  1.63228  2  0.000426587  
0.921432  3.55019  0.000745781  4  
0.921432  3.55019  1.92652  1.0743  
1.54457  2.54111  1.69904  2.11022  
1.8259  1.63228  1.54457  2.54111  
0.000745781  4  2  0.000426587  
0.610206  3.80928  1.37091  2.91245  
1.16604  3.24983  0.633445  3.79407  
1.92652  1.0743  1.58557  2.43801  
1.69904  2.11022  1.8259  1.63228  
2  0.000426587  1.16604  3.24983  
1.37091  2.91245  0.610206  3.80928  
0.610206  3.80928  1.69904  2.11022  
1.16604  3.24983  0.921432  3.55019  
2  0.000426587  1.16604  3.24983  
1.37091  2.91245  1.8259  1.63228  
1.8259  1.63228  1.37091  2.91245  
1.69904  2.11022  2  0.000426587  
0.000745781  4  1.54457  2.54111  
0.921432  3.55019  0.610206  3.80928  
1.54457  2.54111  1.92652  1.0743  
1.92652  1.0743  0.000745781  4  
1.37091  2.91245  1.92652  1.0743  
0.921432  3.55019  0.610206  3.80928  
1.54457  2.54111  1.8259  1.63228  
1.92652  1.0743  1.69904  2.11022  
0.610206  3.80928  2  0.000426587  
1.16604  3.24983  0.000745781  4  
1.8259  1.63228  1.54457  2.54111  
1.69904  2.11022  1.16604  3.24983  
2  0.000426587  0.921432  3.55019  
0.000745781  4  1.37091  2.91245  
1.8259  1.63228  0.921432  3.55019  
1.54457  2.54111  1.8259  1.63228  
0.921432  3.55019  1.37091  2.91245  
0.000745781  4  0.000745781  4  
1.16604  3.24983  1.54457  2.54111  
1.92652  1.0743  1.16604  3.24983  
1.69904  2.11022  1.92652  1.0743  
0.610206  3.80928  1.69904  2.11022  
2  0.000426587  0.610206  3.80928  
1.37091  2.91245  2  0.000426587  
1.16604  3.24983  1.69904  2.11022  
0.921432  3.55019  0.000745781  4  
1.8259  1.63228  1.54457  2.54111  
1.37091  2.91245  0.610206  3.80928  
0.000745781  4  1.8259  1.63228  
1.92652  1.0743  2  0.000426587  
1.54457  2.54111  1.0986  3.3425  
0.610206  3.80928  0.921432  3.55019  
1.69904  2.11022  1.37091  2.91245  
2  0.000426587  1.92652  1.0743  
1.37091  2.91245  0.921432  3.55019  
2  0.000426587  1.16604  3.24983  
1.69904  2.11022  1.92652  1.0743  
1.8259  1.63228  0.000745781  4  
1.16604  3.24983  1.8259  1.63228  
0.610206  3.80928  1.54457  2.54111  
1.92652  1.0743  2  0.000426587  
0.000745781  4  0.610206  3.80928  
1.54457  2.54111  1.69904  2.11022  
0.921432  3.55019  1.37091  2.91245  
1.37091  2.91245  1.16604  3.24983  
1.54457  2.54111  2  0.000426587  
0.921432  3.55019  1.37091  2.91245  
1.8259  1.63228  1.92652  1.0743  
0.000745781  4  0.610206  3.80928  
0.610206  3.80928  1.69904  2.11022  
2  0.000426587  1.54457  2.54111  
1.16604  3.24983  0.000745781  4  
1.69904  2.11022  1.8259  1.63228  
1.92652  1.0743  0.921432  3.55019  
1.37091  2.91245  1.16604  3.24983  
1.16604  3.24983  1.8259  1.63228  
2  0.000426587  1.54457  2.54111  
0.921432  3.55019  1.69904  2.11022  
1.92652  1.0743  0.610206  3.80928  
1.69904  2.11022  1.37091  2.91245  
1.54457  2.54111  2  0.000426587  
0.610206  3.80928  0.921432  3.55019  
1.8259  1.63228  1.92652  1.0743  
0.000745781  4  0.000745781  4  
1.54457  2.54111  1.69904  2.11022  
2  0.000426587  2  0.000426587  
1.37091  2.91245  0.610206  3.80928  
1.92652  1.0743  1.8259  1.63228  
1.16604  3.24983  1.16604  3.24983  
0.610206  3.80928  1.37091  2.91245  
1.8259  1.63228  0.000745781  4  
1.69904  2.11022  1.92652  1.0743  
0.921432  3.55019  1.54457  2.54111  
0.000745781  4  0.921432  3.55019  
