1.59719  2.7124  1.99871  1.77946  
1.58975  2.41927  1.83733  2.17048  
2.13153  1.34153  1.1514  3.30275  
1.55391  2.31206  1.29498  2.92952  
1.51312  2.54343  2.05261  1.38875  
1.74899  2.15998  1.9418  1.61348  
1.76346  2.19332  1.58158  2.66186  
1.56767  2.50573  1.59957  2.88704  
1.97179  2.18494  1.25321  3.07208  
1.2604  3.35927  1.05619  3.51841  
1.5105  2.91686  1.32938  2.96486  
1.19583  3.48245  1.70825  2.46325  
1.7382  2.31012  1.50077  2.66199  
1.04572  3.58957  1.50208  2.66569  
1.27674  2.73493  1.18661  3.0907  
2.14858  1.42415  1.02387  3.25192  
1.5615  2.50525  1.45732  2.802  
1.19513  3.06531  1.64596  2.27336  
1.34565  2.43451  1.51733  2.689  
1.00471  3.55672  1.6101  2.58282  
1.78663  2.13256  1.54551  2.42619  
1.38838  3.18882  1.30784  2.91254  
1.51858  2.7067  1.26247  3.11244  
1.54663  2.38407  1.32009  2.8699  
1.50563  2.74975  1.34289  3.0184  
1.02567  3.9625  1.44389  2.81629  
1.53395  2.80255  1.60284  2.88982  
2.15902  1.44825  1.55141  2.65477  
1.45353  2.56764  2.24889  1.16637  
1.38622  2.76113  1.94367  2.33858  
1.79697  1.96313  1.79741  2.22687  
1.14002  3.2908  1.2601  3.22239  
1.60097  2.54956  1.21786  3.12912  
1.41466  2.84261  1.40653  2.89508  
1.86425  1.95774  1.56269  2.06882  
1.73773  2.16243  2.04036  1.99393  
1.29044  3.16165  1.3012  2.97416  
1.15856  2.93103  1.16815  3.31716  
1.6696  2.26938  1.26237  3.2798  
1.87019  1.71562  1.3938  3.15815  
1.45578  2.69297  1.18824  3.02271  
1.38358  2.98853  1.33055  2.86514  
1.48051  2.99301  1.77091  1.90305  
1.426  3.14981  1.99775  1.64207  
2.06691  1.51522  1.52556  2.55517  
1.35296  2.87272  1.82168  2.19632  
1.90587  1.89731  0.635723  4.18331  
1.83661  1.7589  1.53111  3.16166  
1.52206  2.84303  2.0062  1.50855  
1.8912  2.0956  1.49404  2.59065  
1.58236  2.82696  1.42313  2.72051  
1.96604  1.68825  1.25268  3.07691  
0.946227  4.01743  1.49582  2.43688  
1.487  2.69423  2.0227  1.71087  
1.7895  2.27378  1.11942  3.24759  
1.70986  2.56136  1.90444  1.5978  
1.75626  2.18293  1.83266  2.03313  
1.79095  2.01946  1.50407  2.57595  
1.53974  2.34149  1.42196  2.6513  
1.75065  2.18746  1.49344  2.98714  
2.21921  1.3713  1.46704  2.57658  
1.02239  3.40718  1.35932  2.6089  
1.46629  2.66527  2.00512  1.77703  
1.56185  2.54637  1.84379  2.01932  
1.70554  2.18891  2.07206  1.56043  
1.71803  2.51357  1.30413  3.02393  
2.0027  1.70876  1.52563  2.78269  
1.68294  2.13749  1.55366  2.63073  
1.76037  2.47387  1.39395  2.92069  
1.95646  1.5863  1.43078  2.63599  
1.53549  2.4258  1.44903  2.65134  
1.49473  2.50322  1.98879  1.40781  
1.55094  2.68208  1.45802  2.98293  
1.84177  1.85085  1.70648  2.41291  
1.36473  3.04858  2.13192  1.37159  
1.35295  2.66939  1.75542  2.18759  
0.994005  3.2248  1.27594  2.81072  
1.3794  2.73128  1.84198  2.1565  
1.04654  3.59007  1.09822  3.25256  
1.5434  2.83578  1.68251  2.60827  
1.74539  1.86925  1.67599  2.36633  
1.739  2.03562  1.79928  2.23825  
1.82016  2.00101  1.1406  3.26724  
1.698  1.99176  1.46556  2.76206  
1.47684  2.71216  1.56092  2.1691  
1.63714  2.54679  1.26972  3.17261  
1.08404  3.63496  1.80644  1.83835  
1.44909  2.4451  1.6654  1.89463  
1.33435  2.94614  1.5174  2.37823  
1.32905  2.85659  1.52416  2.74401  
1.33569  3.26347  1.62613  2.3972  
1.78632  2.39371  1.28859  2.76542  
1.79526  2.42789  1.33099  3.21815  
1.97328  1.8563  1.53422  2.56567  
1.3727  3.04778  1.97256  1.89514  
1.3182  3.16698  1.89018  1.66428  
1.2735  3.32215  1.00289  3.53399  
1.49565  2.45551  1.46297  2.67123  
1.56944  2.51318  1.16392  3.17808  
1.491  2.61222  1.97728  1.73866  
1.36603  2.88038  1.49241  2.76411  
1.49241  2.76411  1.49136  3.07725  
1.49345  2.64398  1.70993  2.49201  
1.77292  2.13752  1.36603  2.88038  
1.15776  3.45355  1.49345  2.64398  
1.53827  3.12416  1.77292  2.13752  
1.71273  2.08108  1.65518  2.336  
1.65518  2.336  1.15776  3.45355  
1.70993  2.49201  1.71273  2.08108  
1.48736  2.76491  1.48736  2.76491  
1.12208  3.32071  1.7753  1.83676  
1.87715  2.04732  1.89522  1.57769  
1.41895  2.54266  1.19884  3.09159  
1.19849  3.09124  1.51623  2.5381  
2.15863  1.32858  1.41895  2.54266  
1.18045  2.98108  1.12208  3.32071  
1.89522  1.57769  1.18045  2.98108  
1.7753  1.83676  1.74563  2.09364  
1.51623  2.5381  2.15863  1.32858  
1.74563  2.09364  1.87715  2.04732  
1.24724  2.99375  1.16969  3.22033  
1.79312  1.97608  1.38683  2.6441  
1.56622  2.38236  1.96042  1.70144  
2.20859  1.26183  1.70165  2.18536  
1.31369  3.10998  1.55  2.44591  
1.13261  3.22452  1.48571  2.75791  
1.56476  2.51838  1.5288  2.32136  
1.77719  1.9772  1.81441  1.99837  
1.16083  3.12936  1.32862  2.84079  
1.64124  2.39032  1.20856  3.33136  
1.96042  1.70144  1.94514  1.46993  
1.81441  1.99837  1.72077  1.80917  
1.5288  2.32136  1.36596  2.81035  
1.70165  2.18536  1.24151  2.66982  
1.32862  2.84079  1.43428  2.3595  
1.16969  3.22033  1.66452  2.07157  
1.20856  3.33136  2.10101  1.26191  
1.48571  2.75791  1.32425  2.62653  
1.55  2.44591  0.928912  3.49101  
1.01041  3.39693  1.08544  2.85389  
0.928912  3.49101  1.67593  2.02059  
1.43428  2.3595  1.95588  1.66184  
1.72077  1.80917  1.30604  3.28505  
1.32425  2.62653  1.32465  2.74203  
1.36596  2.81035  2.25556  1.39327  
1.66452  2.07157  1.57306  2.27921  
2.10101  1.26191  0.983258  3.81332  
1.94514  1.46993  1.07588  3.21719  
1.08544  2.85389  1.45189  2.40226  
1.24151  2.66982  1.91583  1.93444  
1.8558  0.430797  1.63428  0.792274  
0.817694  2.45368  1.25552  1.61488  
1.45476  1.25001  0.0293331  4.02369  
1.25552  1.61488  1.8558  0.430797  
2.02898  0.0619307  0.485448  3.64067  
0.0293331  4.02369  0.570462  2.93254  
1.63428  0.792274  1.04951  2.0245  
1.04951  2.0245  1.45476  1.25001  
0.302044  3.45727  2.02898  0.0619307  
0.570462  2.93254  0.817694  2.45368  
1.18355  2.93208  1.18355  2.93208  
2.012  1.46475  1.43327  2.68668  
1.62684  2.26765  2.012  1.46475  
1.51923  2.54296  1.38381  2.59858  
1.43327  2.68668  1.17472  3.10878  
1.51665  2.35289  1.41096  2.66834  
1.38381  2.59858  1.79886  2.03647  
1.79886  2.03647  1.62684  2.26765  
1.17472  3.10878  1.51665  2.35289  
1.41096  2.66834  1.51923  2.54296  
1.52448  2.70354  1.77547  2.14006  
1.73036  2.25802  1.52448  2.70354  
1.58801  2.86556  1.50651  2.65703  
1.38348  3.00695  1.58801  2.86556  
1.77547  2.14006  1.38348  3.00695  
1.55078  2.95564  1.48627  2.75797  
1.50651  2.65703  1.55078  2.95564  
1.63272  2.90474  1.63272  2.90474  
1.48627  2.75797  1.44597  3.00094  
1.44597  3.00094  1.73036  2.25802  
1.07588  3.21719  1.56476  2.51838  
1.57306  2.27921  1.13261  3.22452  
1.95588  1.66184  1.79312  1.97608  
1.91583  1.93444  1.77719  1.9772  
1.30604  3.28505  1.31369  3.10998  
0.983258  3.81332  1.64124  2.39032  
1.45189  2.40226  2.20859  1.26183  
2.25556  1.39327  1.16083  3.12936  
1.32465  2.74203  1.24724  2.99375  
1.67593  2.02059  1.56622  2.38236  
1.20286  2.96852  0.958639  3.63525  
1.45113  2.41116  1.27158  3.20472  
1.65298  2.44368  1.07367  3.40261  
1.39322  3.01511  1.39322  3.01511  
1.07367  3.40261  1.43576  2.44737  
1.27158  3.20472  1.62443  2.26738  
0.958639  3.63525  1.59521  2.03123  
1.62443  2.26738  1.46504  2.42507  
1.59521  2.03123  1.20286  2.96852  
1.43576  2.44737  1.65298  2.44368  
1.6779  1.98042  1.21742  2.89475  
1.25334  3.00415  1.22565  2.73441  
1.21167  2.88899  1.25334  3.00415  
1.22061  2.7803  1.22061  2.7803  
1.16688  2.71926  1.30534  3.01489  
1.55012  1.93205  1.55012  1.93205  
1.22565  2.73441  1.03443  3.24506  
1.30534  3.01489  1.2889  2.84039  
1.03443  3.24506  1.16688  2.71926  
1.2889  2.84039  1.6779  1.98042  
1.5175  2.15711  1.83174  1.70872  
1.14249  3.09297  1.14249  3.09297  
1.21932  2.77234  1.1458  2.70986  
1.06205  2.96186  1.29717  2.55496  
2.00393  1.48722  1.21932  2.77234  
1.72091  1.86566  1.72091  1.86566  
1.30719  2.63286  2.00053  1.48382  
1.29717  2.55496  1.06205  2.96186  
1.1458  2.70986  1.5175  2.15711  
1.83174  1.70872  1.30719  2.63286  
1.63546  2.02007  0.514471  3.84751  
1.82647  1.71943  0.896688  2.83344  
1.06606  3.16018  0.676769  3.34865  
0.824854  3.94072  0.349269  4.14753  
1.65286  1.86889  2.03493  0.723867  
1.74756  1.65939  1.72565  1.20505  
1.23173  2.64144  1.36328  2.00305  
1.49511  2.10195  1.14274  2.56086  
1.39467  2.36365  1.57837  1.76442  
1.29002  2.58811  1.29403  2.42263  
0.676769  3.34865  1.42815  2.07392  
1.57837  1.76442  0.895149  3.11688  
0.514471  3.84751  1.49078  2.28878  
0.898851  2.8356  1.72306  1.43214  
0.349269  4.14753  2.0032  0.9182  
1.14274  2.56086  1.70647  1.63066  
1.29403  2.42263  1.33075  2.06269  
1.72565  1.20505  0.816272  3.70381  
2.03493  0.723867  0.64427  3.68677  
1.36328  2.00305  1.15448  2.58446  
1.42815  2.07392  1.65286  1.86889  
1.49078  2.28878  1.23173  2.64144  
1.72306  1.43214  1.29002  2.58811  
1.15448  2.58446  1.74756  1.65939  
0.895149  3.11688  1.82647  1.71943  
0.816272  3.70381  0.824854  3.94072  
0.64427  3.68677  1.06606  3.16018  
1.33075  2.06269  1.39467  2.36365  
2.0032  0.9182  1.63546  2.02007  
1.39976  2.24408  1.49511  2.10195  
1.8341  0.385184  0.0185495  4.0119  
2.03005  0.035203  0.816629  2.50288  
1.62467  0.797127  1.02282  2.05959  
1.44636  1.23493  1.62467  0.797127  
0.0185495  4.0119  1.8341  0.385184  
0.789521  2.47577  1.22606  1.59991  
1.02282  2.05959  2.03005  0.035203  
0.286915  3.47861  0.543622  2.96557  
0.543622  2.96557  0.286915  3.47861  
1.22606  1.59991  1.44636  1.23493  
1.1417  2.68457  1.15443  2.55118  
0.948078  3.16071  0.954381  3.08803  
1.57746  1.62255  1.07255  2.95675  
1.57058  1.99456  1.57746  1.62255  
0.554115  3.79862  1.43228  2.10901  
1.07255  2.95675  1.57058  1.99456  
1.15443  2.55118  2.21165  0.658691  
2.21165  0.658691  1.1417  2.68457  
1.43228  2.10901  0.948078  3.16071  
0.954381  3.08803  0.554115  3.79862  
1.83224  1.37711  1.89954  1.53136  
1.37045  2.22518  1.37045  2.22518  
0.748436  3.69391  1.3333  2.53391  
1.67665  1.60082  1.83224  1.37711  
1.60818  1.79704  0.748436  3.69391  
1.65069  1.74474  2.01146  1.32982  
2.01146  1.32982  1.38259  2.38108  
1.66711  1.99621  1.65069  1.74474  
1.38259  2.38108  1.67665  1.60082  
1.3333  2.53391  1.60818  1.79704  
1.0867  3.2215  2.09558  1.31205  
1.56605  2.29512  1.48477  2.42379  
1.54413  2.189  0.831844  3.61187  
2.09965  1.31612  2.14997  1.1835  
0.831844  3.61187  1.54413  2.189  
1.21071  3.25179  1.21071  3.25179  
1.38403  2.52159  1.38403  2.52159  
1.79336  1.59193  1.79336  1.59193  
1.48477  2.42379  1.0867  3.2215  
2.14997  1.1835  1.56605  2.29512  
0.918223  3.53566  1.39508  2.49551  
1.39508  2.49551  1.22436  2.97518  
1.22436  2.97518  1.90961  1.49896  
1.90961  1.49896  1.05676  2.99259  
1.6725  1.74369  1.57416  2.12552  
1.16163  2.73896  1.23011  2.60345  
1.73657  1.87421  1.73657  1.87421  
1.57416  2.12552  1.6725  1.74369  
1.23011  2.60345  0.918223  3.53566  
1.05676  2.99259  1.16949  2.74682  
0.857749  2.84688  1.25089  2.13  
1.29892  2.12118  1.29892  2.12118  
1.20879  1.93368  1.61479  1.54784  
0.581753  3.4046  1.26811  2.30104  
1.61479  1.54784  0.937285  2.50072  
1.36679  1.81524  1.20879  1.93368  
1.26811  2.30104  1.36679  1.81524  
1.46595  1.69988  1.5637  1.58954  
0.937285  2.50072  0.581753  3.4046  
1.5637  1.58954  0.857749  2.84688  
1.13378  2.62468  1.12706  2.79514  
0.64532  3.60083  0.64532  3.60083  
1.76142  1.57831  0.931817  3.10571  
0.931817  3.10571  1.44556  1.89459  
1.17641  2.48125  1.76142  1.57831  
1.77152  1.45516  0.903603  2.99845  
0.903603  2.99845  1.62224  1.61483  
1.12706  2.79514  1.17641  2.48125  
1.44556  1.89459  1.13378  2.62468  
1.62224  1.61483  1.77486  1.4585  
1.53126  1.3456  1.52638  1.41378  
0.720449  3.31831  1.16643  2.2372  
1.07097  2.44361  0.632308  3.52404  
1.84958  1.00969  1.40755  1.80729  
1.31904  2.15226  0.835888  3.13647  
1.02933  2.68119  1.51038  1.5043  
1.26406  2.03969  1.06705  2.42862  
1.215  2.21944  0.961538  2.80582  
0.901537  2.81882  1.02249  2.5857  
1.47834  1.59433  1.61486  1.62229  
1.90503  0.542279  0.901537  2.81882  
0.686613  2.82939  1.07097  2.44361  
0.461069  3.48019  0.720449  3.31831  
1.56215  1.18464  1.47834  1.59433  
2.06113  0.207464  1.28714  2.06277  
0.980574  2.37675  1.84958  1.00969  
1.34581  1.54737  1.53126  1.3456  
1.15885  1.98518  1.215  2.21944  
0.228072  4.0786  1.02933  2.68119  
1.71931  0.949643  1.31904  2.15226  
0.739263  3.02285  1.15885  1.98518  
1.31971  1.85779  0.686613  2.82939  
1.27463  2.04024  0.980574  2.37675  
0.821568  2.86063  2.06113  0.207464  
1.80099  1.08309  1.56215  1.18464  
2.17521  0.323235  1.71931  0.949643  
1.48612  1.45465  0.228072  4.0786  
0.979391  2.51819  1.34581  1.54737  
0.635409  3.18354  0.461069  3.48019  
1.10469  2.19012  1.90503  0.542279  
0.278823  3.48448  0.821568  2.86063  
0.526929  2.9922  1.80099  1.08309  
0.0114403  4.00618  2.1772  0.325221  
1.62435  0.791306  1.48612  1.45465  
1.21366  1.59943  0.979391  2.51819  
2.01407  0.0182337  1.10469  2.19012  
0.985819  2.0533  0.739263  3.02285  
1.82048  0.389394  1.31971  1.85779  
0.758089  2.52728  1.27463  2.04024  
1.42904  1.18992  0.635409  3.18354  
1.22452  2.19564  0.985819  2.0533  
0.971102  2.3972  0.0114403  4.00618  
0.385353  3.94748  1.55852  0.913316  
1.32306  1.90821  1.21366  1.59943  
1.47777  1.46312  0.758089  2.52728  
1.42769  1.87064  2.01407  0.0182337  
0.74525  3.15122  0.278823  3.48448  
1.2641  2.09204  1.42904  1.18992  
1.99317  0.426591  0.526929  2.9922  
0.822777  2.9175  1.62435  0.791306  
1.38252  2.17595  1.47777  1.46312  
1.69705  1.60072  1.22452  2.19564  
1.44124  1.61208  0.971102  2.3972  
1.06521  2.74817  1.32306  1.90821  
1.13261  2.5658  0.385353  3.94748  
1.94761  1.11661  0.749867  3.15584  
0.872863  3.06532  1.2641  2.09204  
1.11478  2.41793  0.822777  2.9175  
0.586856  3.56919  1.42769  1.87064  
1.62028  1.76823  1.99317  0.426591  
1.16643  2.2372  1.98792  0.507888  
1.51038  1.5043  1.77949  1.08059  
1.02249  2.5857  0.988311  2.63828  
0.961538  2.80582  0.724034  3.25771  
1.40755  1.80729  1.07429  2.56982  
1.52638  1.41378  1.34735  2.00709  
1.61486  1.62229  0.963112  2.90187  
0.801938  3.10252  0.49225  3.69124  
1.06705  2.42862  1.1125  2.33278  
0.632308  3.52404  1.62682  1.42707  
1.98792  0.507888  1.13261  2.5658  
0.988311  2.63828  0.872863  3.06532  
0.963112  2.90187  1.62028  1.76823  
1.34735  2.00709  1.94761  1.11661  
0.724034  3.25771  1.44124  1.61208  
1.07429  2.56982  1.70619  1.60985  
0.472053  3.67104  0.586856  3.56919  
1.77949  1.08059  1.11478  2.41793  
1.1125  2.33278  1.06521  2.74817  
1.62682  1.42707  1.38252  2.17595  
1.44235  1.48341  0.588757  2.87934  
0.859734  2.39991  1.06347  2.06699  
0.588749  2.87934  1.12658  1.83614  
1.81135  0.586853  1.81135  0.586853  
1.64364  0.976095  1.44235  1.48341  
0.220422  3.77077  1.23209  1.63948  
1.06347  2.06699  0.859734  2.39991  
1.23209  1.63948  1.14464  1.81677  
1.14464  1.81677  0.220422  3.77077  
1.12658  1.83614  1.64364  0.976095  
1.13222  1.9781  1.31936  1.52073  
1.37137  1.53828  1.20595  1.89518  
1.20595  1.89518  0.792642  2.68471  
0.784666  2.67674  1.5522  1.22737  
1.31936  1.52073  1.17827  1.74101  
0.727455  2.85936  1.37137  1.53828  
1.5522  1.22737  0.841636  2.45221  
1.23796  1.76197  0.727455  2.85936  
0.841636  2.45221  1.13222  1.9781  
1.17827  1.74101  1.23796  1.76197  
1.51511  1.1335  0.610044  2.94709  
0.661428  2.83894  0.608618  3.13148  
1.3695  1.57225  0.686175  2.72145  
0.608618  3.13148  0.661428  2.83894  
0.783248  2.60682  1.2123  1.90303  
1.2381  1.67392  1.51541  1.1338  
1.35759  1.58775  1.3695  1.57225  
0.686175  2.72145  1.35759  1.58775  
0.610044  2.94709  0.783248  2.60682  
1.2123  1.90303  1.2381  1.67392  
0.624523  2.91416  0.832276  2.55788  
1.07311  2.04659  0.624523  2.91416  
0.845749  2.45972  0.998336  2.23824  
1.55766  1.15111  1.60443  1.05757  
0.832276  2.55788  1.52858  1.28163  
0.998336  2.23824  0.845749  2.45972  
1.88373  0.510359  1.27012  1.58729  
0.70135  2.75024  1.88373  0.510359  
1.27012  1.58729  1.07311  2.04659  
1.52858  1.28163  0.70135  2.75024  
1.9083  0.321677  1.65033  0.854135  
1.14609  1.85764  1.27011  1.52983  
0.99709  2.12194  0.699156  2.71022  
0.699156  2.71022  1.14609  1.85764  
1.45967  1.18156  0.339667  3.49479  
0.339667  3.49479  1.45967  1.18156  
1.27011  1.52983  1.00506  2.12991  
1.65033  0.854135  0.857084  2.41301  
0.857084  2.41301  0.546402  3.05245  
0.546402  3.05245  1.9083  0.321677  
1.19946  1.60752  0.976749  2.05718  
0.00510957  4.00016  0.269942  3.48073  
0.976749  2.05718  1.61454  0.782256  
0.266099  3.47689  1.41249  1.19085  
1.81493  0.376775  0.00510957  4.00016  
0.519587  2.97864  0.519587  2.97864  
1.61454  0.782256  1.81493  0.376775  
1.41249  1.19085  2.0063  0.010834  
0.753403  2.51618  0.753403  2.51618  
2.0063  0.010834  1.19946  1.60752  
0.384642  3.40257  0.456624  3.13454  
0.875324  2.4274  0.874608  2.42883  
1.00958  2.34515  1.5933  1.16523  
1.41482  1.32186  0.722837  2.6392  
0.722837  2.6392  0.384642  3.40257  
1.95845  0.407587  1.0003  2.1209  
1.29382  1.66871  1.95845  0.407587  
1.0003  2.1209  1.29382  1.66871  
0.456624  3.13454  1.41482  1.32186  
1.5933  1.16523  1.00958  2.34515  
1.62532  0.790493  0.951807  2.22648  
0.951807  2.22648  0.488102  3.2247  
1.22866  1.81136  0.166913  3.85381  
1.48856  1.30856  0.911201  2.38348  
0.895849  2.41418  1.62532  0.790493  
0.166913  3.85381  0.468282  3.53779  
0.488102  3.2247  1.48856  1.30856  
1.41125  1.39322  1.41125  1.39322  
0.734394  2.77143  1.22866  1.81136  
0.468282  3.53779  0.734394  2.77143  
0.995564  2.17389  0.585689  3.01772  
1.19056  1.85456  0.995566  2.17389  
0.585689  3.01772  0.788215  2.53366  
0.788215  2.53366  0.348743  3.41262  
1.67122  0.791047  1.19056  1.85456  
1.38061  1.35549  1.67122  0.791047  
1.50751  1.09316  1.38061  1.35549  
0.348743  3.41262  1.50751  1.09316  
1.29988  1.70962  1.80959  0.551784  
1.80959  0.551784  1.29988  1.70962  
0.556089  3.04423  1.13595  1.99106  
1.02295  2.04122  0.583924  2.92538  
1.41347  1.25965  1.02295  2.04122  
1.24654  1.75795  0.434786  3.22099  
0.891161  2.37758  1.16753  1.93254  
0.583924  2.92538  1.24654  1.75795  
1.7136  0.679382  0.556089  3.04423  
0.434786  3.22099  0.891161  2.37758  
1.16753  1.93254  1.41347  1.25965  
1.13594  1.99105  1.7136  0.679382  
1.4084  1.18321  1.19508  1.60983  
1.81083  0.378346  1.99874  0.00251687  
1.99874  0.00251687  1.81083  0.378346  
0.503455  2.99309  0.261995  3.47601  
0.974555  2.05089  1.4084  1.18321  
0.743952  2.5121  0.00091017  3.99818  
1.19508  1.60983  1.6124  0.775191  
0.00091017  3.99818  0.503455  2.99309  
1.6124  0.775191  0.974555  2.05089  
0.261995  3.47601  0.743952  2.5121  
1.99874  0.00251687  0.503455  2.99309  
0.743952  2.5121  0.743952  2.5121  
1.19508  1.60983  1.99874  0.00251687  
0.00091017  3.99818  1.4084  1.18321  
0.974555  2.05089  0.974555  2.05089  
0.261995  3.47601  1.19508  1.60983  
1.6124  0.775191  0.261995  3.47601  
1.81083  0.378346  0.00091017  3.99818  
1.4084  1.18321  1.6124  0.775191  
0.503455  2.99309  1.81083  0.378346  
0.743952  2.5121  1.19508  1.60983  
0.503455  2.99309  0.974555  2.05089  
1.6124  0.775191  0.261995  3.47601  
0.00091017  3.99818  1.6124  0.775191  
1.19508  1.60983  1.81083  0.378346  
0.261995  3.47601  0.503455  2.99309  
1.4084  1.18321  1.99874  0.00251687  
0.974555  2.05089  0.743952  2.5121  
1.81083  0.378346  0.00091017  3.99818  
1.99874  0.00251687  1.4084  1.18321  
0.743952  2.5121  0.503455  2.99309  
1.81083  0.378346  1.4084  1.18321  
1.99874  0.00251687  1.6124  0.775191  
1.4084  1.18321  0.00091017  3.99818  
0.261995  3.47601  1.19508  1.60983  
1.19508  1.60983  1.99874  0.00251687  
1.6124  0.775191  0.974555  2.05089  
0.00091017  3.99818  1.81083  0.378346  
0.503455  2.99309  0.743952  2.5121  
0.974555  2.05089  0.261995  3.47601  
0.261995  3.47601  1.81083  0.378346  
0.743952  2.5121  0.261995  3.47601  
1.81083  0.378346  1.6124  0.775191  
0.974555  2.05089  1.4084  1.18321  
0.00091017  3.99818  1.99874  0.00251687  
1.4084  1.18321  0.503455  2.99309  
1.19508  1.60983  0.974555  2.05089  
0.503455  2.99309  0.00091017  3.99818  
1.6124  0.775191  1.19508  1.60983  
1.99874  0.00251687  0.743952  2.5121  
1.4084  1.18321  0.503455  2.99309  
1.6124  0.775191  0.743952  2.5121  
1.19508  1.60983  1.81083  0.378346  
0.261995  3.47601  0.00091017  3.99818  
1.81083  0.378346  1.6124  0.775191  
0.503455  2.99309  1.99874  0.00251687  
1.99874  0.00251687  1.19508  1.60983  
0.00091017  3.99818  1.4084  1.18321  
0.974555  2.05089  0.261995  3.47601  
0.743952  2.5121  0.974555  2.05089  
1.19508  1.60983  1.6124  0.775191  
0.261995  3.47601  1.19508  1.60983  
0.00091017  3.99818  1.81083  0.378346  
1.4084  1.18321  0.261995  3.47601  
1.81083  0.378346  0.743952  2.5121  
1.99874  0.00251687  1.4084  1.18321  
0.974555  2.05089  0.503455  2.99309  
0.503455  2.99309  0.974555  2.05089  
0.743952  2.5121  1.99874  0.00251687  
1.6124  0.775191  0.00091017  3.99818  
1.19508  1.60983  1.81083  0.378346  
0.261995  3.47601  0.743952  2.5121  
0.974555  2.05089  1.99874  0.00251687  
1.6124  0.775191  1.4084  1.18321  
1.4084  1.18321  0.503455  2.99309  
0.00091017  3.99818  0.261995  3.47601  
0.743952  2.5121  1.19508  1.60983  
0.503455  2.99309  0.00091017  3.99818  
1.99874  0.00251687  1.6124  0.775191  
1.81083  0.378346  0.974555  2.05089  
1.99874  0.00251687  0.974555  2.05089  
1.81083  0.378346  0.503455  2.99309  
0.503455  2.99309  0.00091017  3.99818  
0.974555  2.05089  1.81083  0.378346  
0.00091017  3.99818  1.19508  1.60983  
1.4084  1.18321  0.743952  2.5121  
1.19508  1.60983  1.4084  1.18321  
0.261995  3.47601  0.261995  3.47601  
1.6124  0.775191  1.6124  0.775191  
0.743952  2.5121  1.99874  0.00251687  
0.503455  2.99309  1.19508  1.60983  
1.81083  0.378346  1.99874  0.00251687  
1.99874  0.00251687  0.00091017  3.99818  
1.19508  1.60983  0.261995  3.47601  
0.974555  2.05089  0.974555  2.05089  
0.00091017  3.99818  0.503455  2.99309  
0.261995  3.47601  1.81083  0.378346  
1.4084  1.18321  0.743952  2.5121  
1.6124  0.775191  1.6124  0.775191  
0.743952  2.5121  1.4084  1.18321  
0.261995  3.47601  1.19473  1.61054  
1.81132  0.377367  0.261995  3.47601  
0.742782  2.51444  1.81132  0.377367  
0.00091017  3.99818  0.00091017  3.99818  
1.19473  1.61054  1.61311  0.773776  
1.99951  0.000978297  1.99951  0.000978297  
1.61311  0.773776  0.504072  2.99186  
0.504072  2.99186  0.742782  2.51444  
1.40892  1.18217  1.40892  1.18217  
0.974096  2.05181  0.974096  2.05181  
1.19473  1.61054  0.974096  2.05181  
0.974096  2.05181  1.19473  1.61054  
0.00091017  3.99818  0.00091017  3.99818  
1.81132  0.377367  1.61311  0.773776  
0.504072  2.99186  0.504072  2.99186  
1.40892  1.18217  0.261995  3.47601  
0.261995  3.47601  0.742782  2.51444  
0.742782  2.51444  1.99951  0.000978297  
1.99951  0.000978297  1.40892  1.18217  
1.61311  0.773776  1.81132  0.377367  
0.00091017  3.99818  0.974096  2.05181  
1.99951  0.000978297  0.504072  2.99186  
1.81132  0.377367  1.99951  0.000978297  
0.504072  2.99186  0.742782  2.51444  
1.40892  1.18217  1.61311  0.773776  
0.742782  2.51444  1.40892  1.18217  
0.261995  3.47601  0.261995  3.47601  
0.974096  2.05181  1.81132  0.377367  
1.19473  1.61054  1.19473  1.61054  
1.61311  0.773776  0.00091017  3.99818  
0.261995  3.47601  0.261995  3.47601  
0.742782  2.51444  0.00091017  3.99818  
1.19473  1.61054  1.61311  0.773776  
0.00091017  3.99818  0.504072  2.99186  
0.504072  2.99186  1.81132  0.377367  
1.61311  0.773776  0.974096  2.05181  
1.40892  1.18217  1.40892  1.18217  
0.974096  2.05181  1.19473  1.61054  
1.81132  0.377367  1.99951  0.000978297  
1.99951  0.000978297  0.742782  2.51444  
0.261995  3.47601  1.61311  0.773776  
1.19473  1.61054  0.974096  2.05181  
0.00091017  3.99818  0.00091017  3.99818  
1.40892  1.18217  1.19473  1.61054  
1.81132  0.377367  1.81132  0.377367  
0.504072  2.99186  0.742782  2.51444  
1.99951  0.000978297  0.504072  2.99186  
0.742782  2.51444  1.40892  1.18217  
0.974096  2.05181  0.261995  3.47601  
1.61311  0.773776  1.99951  0.000978297  
1.19473  1.61054  0.742782  2.51444  
1.99951  0.000978297  0.261995  3.47601  
0.261995  3.47601  1.40892  1.18217  
0.00091017  3.99818  1.61311  0.773776  
1.81132  0.377367  1.81132  0.377367  
0.742782  2.51444  0.00091017  3.99818  
0.974096  2.05181  0.974096  2.05181  
0.504072  2.99186  1.19473  1.61054  
1.61311  0.773776  1.99951  0.000978297  
1.40892  1.18217  0.504072  2.99186  
1.61311  0.773776  1.61311  0.773776  
1.40892  1.18217  0.504072  2.99186  
0.00091017  3.99818  0.261995  3.47601  
0.974096  2.05181  0.742782  2.51444  
1.99951  0.000978297  1.99951  0.000978297  
1.19473  1.61054  1.81132  0.377367  
0.261995  3.47601  0.00091017  3.99818  
0.742782  2.51444  1.19473  1.61054  
1.81132  0.377367  1.40892  1.18217  
0.504072  2.99186  0.974096  2.05181  
0.974096  2.05181  1.99951  0.000978297  
1.40892  1.18217  0.261995  3.47601  
0.742782  2.51444  0.00091017  3.99818  
1.19473  1.61054  1.81132  0.377367  
0.00091017  3.99818  1.40892  1.18217  
1.61311  0.773776  1.19473  1.61054  
1.99951  0.000978297  0.742782  2.51444  
0.504072  2.99186  0.504072  2.99186  
0.261995  3.47601  1.61311  0.773776  
1.81132  0.377367  0.974096  2.05181  
1.19473  1.61054  1.19473  1.61054  
0.261995  3.47601  1.99951  0.000978297  
1.40892  1.18217  0.742782  2.51444  
1.81132  0.377367  1.61311  0.773776  
1.99951  0.000978297  1.81132  0.377367  
0.742782  2.51444  0.504072  2.99186  
1.61311  0.773776  1.40892  1.18217  
0.974096  2.05181  0.974096  2.05181  
0.504072  2.99186  0.261995  3.47601  
0.00091017  3.99818  0.00091017  3.99818  
0.974096  2.05181  1.19473  1.61054  
0.504072  2.99186  1.61311  0.773776  
0.261995  3.47601  1.99951  0.000978297  
0.742782  2.51444  0.974096  2.05181  
1.81132  0.377367  0.261995  3.47601  
1.61311  0.773776  1.40892  1.18217  
1.19473  1.61054  0.742782  2.51444  
1.40892  1.18217  0.504072  2.99186  
1.99951  0.000978297  0.00091017  3.99818  
0.00091017  3.99818  1.81132  0.377367  
0.00091017  3.99818  0.504072  2.99186  
1.40892  1.18217  1.40892  1.18217  
1.19487  1.61026  1.99951  0.000978297  
0.504072  2.99186  0.742782  2.51444  
0.742782  2.51444  1.81132  0.377367  
0.261995  3.47601  0.00091017  3.99818  
1.99951  0.000978297  1.19487  1.61026  
1.81132  0.377367  1.61311  0.773776  
0.974278  2.05144  0.974278  2.05144  
1.61311  0.773776  0.261995  3.47601  
1.99951  0.000978297  0.504072  2.99186  
0.261995  3.47601  1.99951  0.000978297  
1.40892  1.18217  0.742782  2.51444  
1.81132  0.377367  1.40892  1.18217  
0.00091017  3.99818  0.261995  3.47601  
0.504072  2.99186  0.974278  2.05144  
0.974278  2.05144  1.81132  0.377367  
0.742782  2.51444  1.61311  0.773776  
1.61311  0.773776  1.19487  1.61026  
1.19487  1.61026  0.00091017  3.99818  
0.504072  2.99186  0.00091017  3.99818  
0.742782  2.51444  1.40892  1.18217  
1.99951  0.000978297  1.81132  0.377367  
1.61311  0.773776  1.61311  0.773776  
0.00091017  3.99818  0.504072  2.99186  
1.40892  1.18217  0.261995  3.47601  
1.81132  0.377367  1.19487  1.61026  
0.261995  3.47601  0.742782  2.51444  
0.974278  2.05144  0.974278  2.05144  
1.19487  1.61026  1.99951  0.000978297  
0.261995  3.47601  0.504072  2.99186  
1.99951  0.000978297  0.742782  2.51444  
1.40892  1.18217  0.261995  3.47601  
1.81132  0.377367  1.61311  0.773776  
0.742782  2.51444  1.81132  0.377367  
1.19487  1.61026  1.19487  1.61026  
0.974278  2.05144  0.974278  2.05144  
1.61311  0.773776  0.00091017  3.99818  
0.00091017  3.99818  1.40892  1.18217  
0.504072  2.99186  1.99951  0.000978297  
1.99951  0.000978297  1.81132  0.377367  
0.504072  2.99186  0.742782  2.51444  
0.00091017  3.99818  0.504072  2.99186  
1.40892  1.18217  0.261995  3.47601  
0.261995  3.47601  0.974278  2.05144  
1.81132  0.377367  1.40892  1.18217  
1.19487  1.61026  1.99951  0.000978297  
0.974278  2.05144  1.19487  1.61026  
0.742782  2.51444  0.00091017  3.99818  
1.61311  0.773776  1.61311  0.773776  
0.974278  2.05144  1.61311  0.773776  
1.81132  0.377367  1.19487  1.61026  
0.261995  3.47601  0.974278  2.05144  
1.19487  1.61026  0.261995  3.47601  
0.504072  2.99186  0.742782  2.51444  
1.99951  0.000978297  1.81132  0.377367  
1.40892  1.18217  0.504072  2.99186  
0.00091017  3.99818  0.00091017  3.99818  
1.61311  0.773776  1.99951  0.000978297  
0.742782  2.51444  1.40892  1.18217  
1.81132  0.377367  0.261995  3.47601  
1.40892  1.18217  0.974278  2.05144  
0.00091017  3.99818  1.99951  0.000978297  
0.974278  2.05144  1.40892  1.18217  
1.19487  1.61026  1.61311  0.773776  
0.742782  2.51444  1.12659  1.74683  
1.99951  0.000978297  1.81132  0.377367  
0.504072  2.99186  0.742782  2.51444  
1.61311  0.773776  1.19487  1.61026  
0.261995  3.47601  0.00091017  3.99818  
0.974278  2.05144  0.261995  3.47601  
0.742782  2.51444  1.19487  1.61026  
0.504072  2.99186  1.81132  0.377367  
0.261995  3.47601  0.504072  2.99186  
1.61311  0.773776  1.99951  0.000978297  
1.19487  1.61026  1.61311  0.773776  
1.40892  1.18217  1.40892  1.18217  
0.00091017  3.99818  0.00091017  3.99818  
1.81132  0.377367  0.974278  2.05144  
1.99951  0.000978297  0.742782  2.51444  
1.19487  1.61026  0.504072  2.99186  
1.99951  0.000978297  1.19487  1.61026  
0.504072  2.99186  0.00091017  3.99818  
0.974278  2.05144  1.40892  1.18217  
1.61311  0.773776  1.61311  0.773776  
1.40892  1.18217  0.974278  2.05144  
1.81132  0.377367  0.742782  2.51444  
0.261995  3.47601  1.81132  0.377367  
0.742782  2.51444  0.612547  2.77491  
0.00091017  3.99818  1.99951  0.000978297  
1.61311  0.773776  0.742782  2.51444  
0.261995  3.47601  1.81132  0.377367  
0.742782  2.51444  1.99951  0.000978297  
1.99951  0.000978297  0.974278  2.05144  
1.19487  1.61026  1.19487  1.61026  
0.504072  2.99186  0.504072  2.99186  
1.40892  1.18217  1.61311  0.773776  
1.81132  0.377367  0.261995  3.47601  
0.974278  2.05144  0.00091017  3.99818  
0.00091017  3.99818  1.40892  1.18217  
1.19487  1.61026  1.81132  0.377367  
1.81132  0.377367  1.99951  0.000978297  
0.504072  2.99186  0.261995  3.47601  
1.40892  1.18217  1.40892  1.18217  
1.61311  0.773776  0.00091017  3.99818  
0.974278  2.05144  0.742782  2.51444  
0.00091017  3.99818  1.61311  0.773776  
0.742782  2.51444  0.504072  2.99186  
0.261995  3.47601  0.974278  2.05144  
1.99951  0.000978297  1.19487  1.61026  
0.504072  2.99186  1.19487  1.61026  
1.40892  1.18217  1.61311  0.773776  
0.742782  2.51444  0.504072  2.99186  
0.974278  2.05144  1.99951  0.000978297  
1.81132  0.377367  0.742782  2.51444  
1.99951  0.000978297  0.00091017  3.99818  
0.261995  3.47601  0.261995  3.47601  
1.19487  1.61026  1.40892  1.18217  
0.00091017  3.99818  0.974278  2.05144  
1.61311  0.773776  1.81132  0.377367  
0.974278  2.05144  1.40892  1.18217  
1.81132  0.377367  0.261995  3.47601  
0.261995  3.47601  1.99951  0.000978297  
1.61311  0.773776  0.974278  2.05144  
0.742782  2.51444  0.00091017  3.99818  
1.40892  1.18217  0.742782  2.51444  
1.99951  0.000978297  1.19487  1.61026  
0.00091017  3.99818  1.61311  0.773776  
1.19487  1.61026  1.81132  0.377367  
0.504072  2.99186  0.504072  2.99186  
0.742782  2.51444  0.504072  2.99186  
0.504072  2.99186  1.99951  0.000978297  
1.40892  1.18217  0.742782  2.51444  
1.19487  1.61026  0.261995  3.47601  
0.974278  2.05144  1.19487  1.61026  
0.261995  3.47601  0.00091017  3.99818  
0.00091017  3.99818  1.81132  0.377367  
1.81132  0.377367  0.974278  2.05144  
1.61311  0.773776  1.61311  0.773776  
1.99951  0.000978297  1.40892  1.18217  
1.99951  0.000978297  0.974278  2.05144  
0.504072  2.99186  1.61311  0.773776  
0.00091017  3.99818  0.00091017  3.99818  
1.40892  1.18217  1.40892  1.18217  
0.261995  3.47601  1.53125  0.937506  
1.81132  0.377367  0.742782  2.51444  
1.19487  1.61026  1.99951  0.000978297  
0.974278  2.05144  1.81132  0.377367  
0.742782  2.51444  0.261995  3.47601  
1.61311  0.773776  0.504072  2.99186  
0.742782  2.51444  1.19487  1.61026  
0.974278  2.05144  0.00091017  3.99818  
1.81132  0.377367  0.311901  3.3762  
1.40892  1.18217  1.99951  0.000978297  
0.00091017  3.99818  0.742782  2.51444  
1.99951  0.000978297  1.61311  0.773776  
0.504072  2.99186  0.974278  2.05144  
1.19487  1.61026  1.81132  0.377367  
0.261995  3.47601  1.40892  1.18217  
1.61311  0.773776  0.504072  2.99186  
1.19487  1.61026  0.261995  3.47601  
1.99951  0.000978297  0.504072  2.99186  
0.974278  2.05144  0.00091017  3.99818  
0.00091017  3.99818  1.61311  0.773776  
1.40892  1.18217  0.742782  2.51444  
1.61311  0.773776  1.81132  0.377367  
0.742782  2.51444  1.40892  1.18217  
1.81132  0.377367  1.99951  0.000978297  
0.261995  3.47601  0.974278  2.05144  
0.504072  2.99186  1.19487  1.61026  
0.261995  3.47601  0.974278  2.05144  
0.974278  2.05144  1.81132  0.377367  
1.40892  1.18217  1.19487  1.61026  
1.19487  1.61026  0.261995  3.47601  
1.61311  0.773776  0.504072  2.99186  
0.742782  2.51444  0.00091017  3.99818  
0.504072  2.99186  1.40892  1.18217  
1.99951  0.000978297  0.742782  2.51444  
1.81132  0.377367  1.99951  0.000978297  
0.00091017  3.99818  1.61311  0.773776  
1.99951  0.000978297  0.261995  3.47601  
1.61311  0.773776  1.61311  0.773776  
1.19487  1.61026  1.19487  1.61026  
0.504072  2.99186  1.40892  1.18217  
0.742782  2.51444  1.81132  0.377367  
1.81132  0.377367  1.99951  0.000978297  
0.974278  2.05144  0.504072  2.99186  
0.00091017  3.99818  0.742782  2.51444  
0.261995  3.47601  0.974278  2.05144  
1.40892  1.18217  0.00091017  3.99818  
0.261995  3.47601  0.00091017  3.99818  
0.504072  2.99186  1.61311  0.773776  
1.40892  1.18217  0.974278  2.05144  
1.61311  0.773776  0.504072  2.99186  
0.742782  2.51444  0.261995  3.47601  
1.99951  0.000978297  0.742782  2.51444  
0.00091017  3.99818  1.19487  1.61026  
0.974278  2.05144  1.81132  0.377367  
1.81132  0.377367  1.99951  0.000978297  
1.19487  1.61026  1.40892  1.18217  
0.504072  2.99186  1.61311  0.773776  
0.742782  2.51444  0.504072  2.99186  
1.40892  1.18217  1.81132  0.377367  
1.99951  0.000978297  1.99951  0.000978297  
0.261995  3.47601  0.00091017  3.99818  
1.19487  1.61026  0.742782  2.51444  
0.974278  2.05144  0.261995  3.47601  
1.81132  0.377367  1.19487  1.61026  
1.61311  0.773776  0.974278  2.05144  
0.00091017  3.99818  1.40892  1.18217  
0.504072  2.99186  1.61311  0.773776  
1.61311  0.773776  0.504072  2.99186  
0.261995  3.47601  1.81132  0.377367  
1.99951  0.000978297  0.00091017  3.99818  
0.974278  2.05144  0.742782  2.51444  
1.40892  1.18217  1.99951  0.000978297  
0.00091017  3.99818  0.261995  3.47601  
1.81132  0.377367  0.974278  2.05144  
1.19487  1.61026  1.19487  1.61026  
0.742782  2.51444  1.40892  1.18217  
0.974278  2.05144  1.40892  1.18217  
1.61311  0.773776  0.00091017  3.99818  
0.261995  3.47601  0.261995  3.47601  
1.19487  1.61026  0.974278  2.05144  
1.40892  1.18217  0.504072  2.99186  
0.742782  2.51444  1.81132  0.377367  
0.00091017  3.99818  1.61311  0.773776  
1.81132  0.377367  0.742782  2.51444  
1.99951  0.000978297  1.19487  1.61026  
0.504072  2.99186  1.99951  0.000978297  
0.974278  2.05144  1.40892  1.18217  
1.19487  1.61026  0.974278  2.05144  
0.261995  3.47601  1.08639  1.82721  
0.504072  2.99186  0.504072  2.99186  
0.742782  2.51444  1.19487  1.61026  
1.81132  0.377367  1.61311  0.773776  
1.61311  0.773776  1.81132  0.377367  
1.40892  1.18217  0.261995  3.47601  
1.99951  0.000978297  1.99951  0.000978297  
0.00091017  3.99818  0.00091017  3.99818  
1.40892  1.18217  0.742782  2.51444  
1.61311  0.773776  0.504072  2.99186  
0.974278  2.05144  0.974278  2.05144  
0.261995  3.47601  1.61311  0.773776  
1.19487  1.61026  1.40892  1.18217  
0.742782  2.51444  0.261995  3.47601  
0.504072  2.99186  1.99951  0.000978297  
1.81132  0.377367  1.81132  0.377367  
0.00091017  3.99818  1.19487  1.61026  
1.99951  0.000978297  0.00091017  3.99818  
1.99951  0.000978297  0.261995  3.47601  
0.504072  2.99186  0.504072  2.99186  
0.00091017  3.99818  0.974278  2.05144  
1.40892  1.18217  1.81132  0.377367  
0.261995  3.47601  0.00091017  3.99818  
1.81132  0.377367  0.742782  2.51444  
1.19487  1.61026  1.40892  1.18217  
0.974278  2.05144  1.19487  1.61026  
0.742782  2.51444  1.99951  0.000978297  
1.61311  0.773776  1.61311  0.773776  
1.19487  1.61026  1.40892  1.18217  
0.00091017  3.99818  0.261995  3.47601  
0.742782  2.51444  1.19487  1.61026  
0.974278  2.05144  1.61311  0.773776  
1.40892  1.18217  0.974278  2.05144  
0.261995  3.47601  0.742782  2.51444  
1.61311  0.773776  0.504072  2.99186  
1.99951  0.000978297  1.99951  0.000978297  
1.81132  0.377367  1.81132  0.377367  
0.504072  2.99186  0.00091017  3.99818  
0.504072  2.99186  1.19487  1.61026  
0.974278  2.05144  1.40892  1.18217  
1.99951  0.000978297  1.61311  0.773776  
0.00091017  3.99818  1.99951  0.000978297  
1.61311  0.773776  0.261995  3.47601  
1.19487  1.61026  0.742782  2.51444  
1.40892  1.18217  1.81132  0.377367  
0.742782  2.51444  0.974278  2.05144  
1.81132  0.377367  0.504072  2.99186  
0.261995  3.47601  0.00091017  3.99818  
0.504072  2.99186  0.504072  2.99186  
0.00091017  3.99818  1.40892  1.18217  
1.81132  0.377367  1.81132  0.377367  
1.40892  1.18217  1.63176  0.736481  
0.261995  3.47601  1.19487  1.61026  
0.742782  2.51444  1.99951  0.000978297  
1.99951  0.000978297  0.742782  2.51444  
1.61311  0.773776  0.974278  2.05144  
1.19487  1.61026  0.00091017  3.99818  
0.974278  2.05144  0.261995  3.47601  
1.40892  1.18217  1.61311  0.773776  
0.974278  2.05144  1.81132  0.377367  
1.19487  1.61026  0.261995  3.47601  
0.504072  2.99186  0.00091017  3.99818  
0.261995  3.47601  0.742782  2.51444  
1.61311  0.773776  0.504072  2.99186  
1.99951  0.000978297  1.99951  0.000978297  
0.742782  2.51444  1.19487  1.61026  
1.81132  0.377367  0.974278  2.05144  
0.00091017  3.99818  1.40892  1.18217  
0.261995  3.47601  0.974278  2.05144  
1.40892  1.18217  1.19487  1.61026  
0.00091017  3.99818  0.261995  3.47601  
0.974278  2.05144  0.742782  2.51444  
0.504072  2.99186  1.99951  0.000978297  
0.742782  2.51444  1.81132  0.377367  
1.61311  0.773776  1.61311  0.773776  
1.81132  0.377367  0.504072  2.99186  
1.99951  0.000978297  1.40892  1.18217  
1.19487  1.61026  0.00091017  3.99818  
1.81132  0.377367  1.81132  0.377367  
0.974278  2.05144  1.19487  1.61026  
1.40892  1.18217  1.40892  1.18217  
1.99951  0.000978297  1.61311  0.773776  
1.19487  1.61026  0.261995  3.47601  
0.742782  2.51444  1.99951  0.000978297  
0.00091017  3.99818  0.504072  2.99186  
0.261995  3.47601  0.974278  2.05144  
0.504072  2.99186  0.742782  2.51444  
1.61311  0.773776  0.00091017  3.99818  
1.19487  1.61026  0.261995  3.47601  
0.261995  3.47601  0.504072  2.99186  
1.99951  0.000978297  1.81132  0.377367  
0.504072  2.99186  0.742782  2.51444  
1.81132  0.377367  1.61311  0.773776  
0.742782  2.51444  1.40892  1.18217  
1.40892  1.18217  0.00091017  3.99818  
0.00091017  3.99818  0.974278  2.05144  
0.974278  2.05144  1.19487  1.61026  
1.61311  0.773776  1.99951  0.000978297  
0.974278  2.05144  1.40892  1.18217  
1.19487  1.61026  1.99951  0.000978297  
1.40892  1.18217  0.504072  2.99186  
1.81132  0.377367  1.61311  0.773776  
0.742782  2.51444  1.19487  1.61026  
0.261995  3.47601  1.81132  0.377367  
0.00091017  3.99818  1.03284  1.93433  
1.99951  0.000978297  0.742782  2.51444  
1.61311  0.773776  0.00091017  3.99818  
0.504072  2.99186  0.261995  3.47601  
1.99951  0.000978297  1.99951  0.000978297  
0.00091017  3.99818  0.974278  2.05144  
1.40892  1.18217  0.261995  3.47601  
1.19487  1.61026  0.00091017  3.99818  
1.61311  0.773776  1.61311  0.773776  
0.261995  3.47601  0.504072  2.99186  
1.81132  0.377367  1.19487  1.61026  
0.504072  2.99186  0.742782  2.51444  
0.742782  2.51444  1.40892  1.18217  
0.974278  2.05144  1.81132  0.377367  
1.99951  0.000978297  0.742782  2.51444  
0.504072  2.99186  0.504072  2.99186  
0.00091017  3.99818  1.81132  0.377367  
1.40892  1.18217  0.261995  3.47601  
0.261995  3.47601  1.19487  1.61026  
1.81132  0.377367  1.61311  0.773776  
1.19487  1.61026  0.00091017  3.99818  
0.974278  2.05144  1.40892  1.18217  
0.742782  2.51444  0.974278  2.05144  
1.61311  0.773776  1.99951  0.000978297  
1.99951  0.000978297  1.99951  0.000978297  
0.261995  3.47601  0.261995  3.47601  
0.00091017  3.99818  0.974278  2.05144  
1.81132  0.377367  1.61311  0.773776  
1.61311  0.773776  1.81132  0.377367  
1.40892  1.18217  1.40892  1.18217  
1.19487  1.61026  0.742782  2.51444  
0.974278  2.05144  1.19487  1.61026  
0.504072  2.99186  0.00091017  3.99818  
0.742782  2.51444  0.504072  2.99186  
0.261995  3.47601  1.40892  1.18217  
0.974278  2.05144  1.19487  1.61026  
0.00091017  3.99818  1.61311  0.773776  
1.40892  1.18217  1.99951  0.000978297  
1.99951  0.000978297  0.742782  2.51444  
1.61311  0.773776  0.261995  3.47601  
0.504072  2.99186  0.974278  2.05144  
1.19487  1.61026  0.00091017  3.99818  
0.742782  2.51444  0.504072  2.99186  
1.81132  0.377367  1.81132  0.377367  
0.261995  3.47601  0.00091017  3.99818  
0.974278  2.05144  0.504072  2.99186  
0.504072  2.99186  0.261995  3.47601  
1.19487  1.61026  0.742782  2.51444  
0.00091017  3.99818  0.974278  2.05144  
1.40892  1.18217  1.99951  0.000978297  
1.99951  0.000978297  1.61311  0.773776  
1.81132  0.377367  1.19487  1.61026  
1.61311  0.773776  1.40892  1.18217  
0.742782  2.51444  1.81132  0.377367  
0.974278  2.05144  0.261995  3.47601  
0.504072  2.99186  1.81132  0.377367  
0.261995  3.47601  0.742782  2.51444  
1.81132  0.377367  0.504072  2.99186  
1.40892  1.18217  1.61311  0.773776  
1.19487  1.61026  1.99951  0.000978297  
1.61311  0.773776  1.40892  1.18217  
0.00091017  3.99818  0.974278  2.05144  
1.99951  0.000978297  0.00091017  3.99818  
0.742782  2.51444  1.19487  1.61026  
