1.30083  1.26179  1.0699  1.2666  
0.661901  1.3041  1.54498  0.89367  
0.907092  1.1567  1.28428  1.25076  
0.857958  1.03999  1.25509  1.08992  
1.62747  1.19846  1.14228  1.08661  
0.75391  1.39888  1.0552  1.07456  
1.24609  1.37037  2.44202  1.43085  
1.9308  1.08439  1.56646  0.843932  
1.28436  0.826177  0.56104  1.39164  
2.14681  1.32746  1.5363  1.25051  
1.74037  0.776061  1.6149  0.948844  
0.994609  0.862169  1.7879  0.614938  
0.932972  1.26882  1.56986  0.834198  
1.47046  1.28867  1.3692  1.07445  
1.86525  0.636913  1.24215  1.01011  
0.893731  1.3551  1.43612  1.3011  
1.14774  1.75846  2.33845  0.558968  
1.42218  1.0611  0.982172  1.54677  
1.58406  0.831473  1.18203  1.0321  
0.493983  1.47094  2.44604  0.598162  
1.18107  1.01425  0.887456  1.71887  
1.10922  1.20573  2.06244  1.2582  
1.39451  0.847777  0.6867  1.50426  
1.04521  1.03966  0.662756  1.40421  
0.758521  1.34247  1.0656  1.04079  
1.51803  0.751336  2.05944  0.974269  
0.990998  1.45336  1.50065  0.728709  
1.327  1.01501  0.917615  1.09398  
0.778341  1.32119  0.776192  1.09973  
1.11502  0.904033  0.87059  0.942576  
0.731878  1.64479  1.51563  0.72794  
1.12045  0.977207  0.796736  1.31881  
2.04674  0.466374  1.28346  1.10841  
1.07845  1.32183  2.21458  1.43152  
1.61003  1.16597  1.1415  1.21749  
1.34972  0.660457  1.06551  0.72034  
1.93953  0.979762  1.06501  1.00058  
1.83323  0.898502  1.04222  0.996301  
1.64478  0.829074  0.644933  1.4716  
0.879117  1.29222  0.743464  1.1225  
0.845483  1.55184  2.32939  1.32554  
0.919646  1.24554  1.58397  1.32723  
1.53212  1.23545  1.26056  1.05485  
1.72241  0.69945  1.66736  0.94876  
1.65672  1.47638  1.53311  1.22037  
0.918194  1.56997  2.1718  1.26334  
0.638156  1.30622  1.02132  1.13858  
2.15462  0.965753  1.56001  1.18073  
1.64153  0.782531  1.43913  1.23089  
1.69251  1.16064  0.795681  1.22702  
1.81677  0.342564  1.96785  1.05567  
1.56663  1.00019  1.13804  1.01404  
0.558427  1.58502  1.31149  0.994982  
0.963901  1.25483  1.26749  1.24129  
0.578409  1.45221  0.94895  0.842644  
1.75583  0.8322  1.05845  1.64261  
2.41997  1.05906  1.86814  1.17563  
0.892677  1.18516  1.7357  0.890835  
1.49956  0.754524  1.02341  1.28074  
1.57388  1.39685  1.50047  1.19733  
0.524911  1.09995  1.10639  0.901703  
0.886722  1.52351  0.807226  1.63254  
1.09928  1.31591  1.2567  1.37821  
0.870932  1.37288  1.18416  1.18634  
1.31602  1.17719  0.716915  1.48691  
1.62952  0.908219  1.25311  0.724524  
1.47208  0.851454  1.74103  0.293808  
1.20124  1.25751  1.2452  0.978341  
0.95832  1.13266  1.41353  0.927955  
1.21093  1.07402  0.857138  1.00466  
1.33403  0.74803  1.38163  0.919546  
1.15249  1.38964  1.25007  0.949415  
1.93636  0.829159  0.660529  1.56414  
1.37032  1.42714  1.47298  0.857938  
1.13666  0.972489  1.03333  1.16416  
1.32216  0.944313  1.11217  0.657287  
1.68865  1.00851  1.2829  1.15556  
1.25559  0.972708  0.963345  1.20036  
0.828246  0.922344  1.577  0.891403  
0.567588  1.74498  1.45969  0.95242  
0.986062  1.17446  1.37376  0.771103  
2.18021  0.94566  1.58033  1.04432  
1.16846  0.99998  2.21568  0.823706  
1.66731  0.911007  1.07325  1.28187  
0.773889  1.57784  2.4441  1.25258  
0.912993  1.03212  0.899419  0.928936  
1.21005  1.05241  0.613728  1.26186  
1.4089  1.41038  1.66902  1.36396  
1.58101  1.08158  0.578727  1.77474  
0.768981  1.57531  1.50364  1.22987  
2.25244  0.643547  0.646879  1.33721  
1.76736  0.786401  0.975777  1.40696  
2.00441  1.16121  0.936022  1.35414  
1.53242  1.51865  1.4833  1.06897  
1.30723  1.40865  0.752373  1.17828  
0.763086  1.29229  1.63087  0.603026  
1.26451  1.14184  1.47298  1.1039  
2.07929  1.34948  1.30986  0.770541  
1.14918  1.12513  2.26938  1.41545  
1.27517  1.39614  1.6952  1.43245  
0.488887  0.310069  0.000132425  0.992425  
1.02167  0.441808  0.391983  0.559123  
0.232419  0.543908  0.488887  0.310069  
0.666415  0.23334  0.232419  0.543908  
0.181944  0.591133  0.392612  0.380302  
0.0685922  0.740295  0.666415  0.23334  
0.614723  0.379642  1.06926  0.430101  
0.391983  0.559123  0.0685922  0.740295  
0.000132425  0.992425  0.614723  0.379642  
0.392612  0.380302  0.181944  0.591133  
0.20771  0.732045  0.221766  0.546124  
0.552296  0.265236  0.000197389  0.994981  
0.107127  0.673332  0.552296  0.265236  
0.252175  0.526232  0.107127  0.673332  
0.000197389  0.994981  0.20771  0.732045  
1.00094  0.000467322  1.00094  0.000467322  
0.23561  0.591224  0.880494  0.160372  
0.221766  0.546124  0.252175  0.526232  
0.371027  0.393147  0.23561  0.591224  
0.880494  0.160372  0.372493  0.487246  
0.552296  0.26616  0.842134  0.347862  
0.210581  0.550637  0.00029413  0.992243  
0.802316  0.152323  0.85363  0.118565  
0.273652  0.518266  0.210581  0.550637  
0.318018  0.447786  0.273652  0.518266  
0.371027  0.393147  1.00021  0.000119247  
0.0773344  0.726878  0.552296  0.26616  
0.00029413  0.992243  0.371027  0.393147  
0.85363  0.118565  0.318018  0.447786  
1.00021  0.000119247  0.0773344  0.726878  
0.0465036  0.785624  0.217268  0.53694  
0.392612  0.380302  0.000115193  0.992904  
0.286109  0.467446  1.001  0.000130065  
0.000115193  0.992904  0.488887  0.310069  
0.155946  0.60858  0.392612  0.380302  
0.100677  0.68627  0.286109  0.467446  
0.217268  0.53694  0.0465036  0.785624  
1.001  0.000130065  0.100677  0.68627  
0.488887  0.310069  0.653287  0.232385  
0.653287  0.232385  0.158603  0.627316  
0.0484386  0.780664  0.822457  0.174574  
0.26318  0.49023  0.582725  0.239712  
0.713265  0.161177  0.337548  0.422889  
0.337548  0.422889  9.71176e-05  0.992393  
0.403391  0.368904  0.132321  0.637543  
0.208313  0.548154  1.00024  0.000103316  
9.71176e-05  0.992393  0.208313  0.548154  
0.132321  0.637543  0.265203  0.492429  
1.00024  0.000103316  0.0484386  0.780664  
0.582725  0.239712  0.403391  0.368904  
0.0440747  0.794178  0.256459  0.528552  
0.763963  0.139316  0.357533  0.409929  
0.357533  0.409929  0.999971  0.000102415  
0.581357  0.255746  0.763963  0.139316  
0.123307  0.65208  1.04636  0.0827538  
0.229327  0.527505  0.558315  0.383969  
0.558315  0.383969  0.581357  0.255746  
1.04636  0.0827538  0.000112967  0.992074  
0.000112967  0.992074  0.123307  0.65208  
0.999971  0.000102415  0.0440747  0.794178  
0.355852  0.403758  0.574497  0.242768  
0.0442251  0.789846  0.288302  0.463274  
0.48478  0.303885  0.355852  0.403758  
0.755395  0.131085  0.755395  0.131085  
0.202499  0.550195  0.132933  0.675656  
0.999882  8.85368e-05  9.32281e-05  0.992174  
0.119465  0.654606  0.999882  8.85368e-05  
9.32281e-05  0.992174  0.48478  0.303885  
0.288302  0.463274  0.0442251  0.789846  
0.574497  0.242768  0.202499  0.550195  
0.160484  0.601822  0.383191  0.388237  
0.338467  0.430092  0.75569  0.131065  
0.275947  0.476228  0.275947  0.476228  
0.75569  0.131065  0.160484  0.601822  
0.110365  0.669325  0.338467  0.430092  
1.00024  0.000113949  0.0427257  0.794387  
0.000100794  0.9938  1.11603  0.1052  
0.538998  0.289162  0.538998  0.289162  
0.0427257  0.794387  0.110365  0.669325  
0.383191  0.388237  0.000100794  0.9938  
0.533509  0.393342  0.260941  0.492854  
0.000113115  0.99296  0.332963  0.427938  
0.72023  0.164815  0.000113115  0.99296  
0.478028  0.321096  0.0500039  0.777745  
0.582828  0.242077  1.00018  0.000134297  
0.12145  0.665489  0.582828  0.242077  
0.0500039  0.777745  0.807745  0.181466  
0.260941  0.492854  0.533509  0.393342  
1.00018  0.000134297  0.12145  0.665489  
0.332963  0.427938  0.478028  0.321096  
0.37446  0.39123  0.715774  0.164298  
0.715774  0.164298  0.610578  0.526999  
0.168547  0.594775  0.168547  0.594775  
0.0871029  0.705897  0.255562  0.500408  
0.464857  0.330356  0.0871029  0.705897  
0.00011705  0.992397  0.464857  0.330356  
0.350602  0.410539  0.37446  0.39123  
0.590195  0.240023  0.350602  0.410539  
1.00035  9.99062e-05  1.00035  9.99062e-05  
0.255562  0.500408  0.00011705  0.992397  
0.848602  0.156608  0.782766  0.254872  
1.00155  0.000267462  0.486404  0.323147  
0.0351654  0.825038  1.00155  0.000267462  
0.232124  0.535053  0.673981  0.206375  
0.113421  0.673029  0.000113531  0.992427  
0.673981  0.206375  0.390079  0.411308  
0.782766  0.254872  0.0351654  0.825038  
0.000113531  0.992427  0.113421  0.673029  
0.486404  0.323147  0.239905  0.538013  
0.390079  0.411308  0.848602  0.156608  
0.817664  0.115169  0.184494  0.589594  
0.298291  0.466878  1.16392  0.365231  
0.0777779  0.841357  1.00065  9.36591e-05  
0.49389  0.316386  0.298291  0.466878  
0.409577  0.377663  0.808665  0.10405  
4.98831e-05  0.994672  0.0777779  0.841357  
1.16392  0.365231  0.599645  0.233664  
1.00065  9.36591e-05  0.49389  0.316386  
0.184494  0.589594  4.98831e-05  0.994672  
0.599645  0.233664  0.409577  0.377663  
0.191129  0.56724  0.132832  0.639213  
0.132832  0.639213  0.830011  0.115391  
0.300885  0.459376  0.191129  0.56724  
0.394495  0.390681  0.300885  0.459376  
0.000123105  0.991764  0.394495  0.390681  
0.491447  0.308848  0.00552452  0.991764  
0.830011  0.115391  0.0524533  0.772024  
0.660933  0.226397  0.491447  0.308848  
0.999962  0.000165109  0.660933  0.226397  
0.0524533  0.772024  0.999962  0.000165109  
0.290172  0.464057  1.00137  0.000103584  
0.755751  0.133497  0.533861  0.299318  
0.415405  0.361197  0.0510119  0.774807  
0.0510119  0.774807  0.113528  0.664735  
0.113528  0.664735  0.290172  0.464057  
0.188209  0.568151  0.000117685  0.996036  
1.00137  0.000103584  0.415405  0.361197  
0.49385  0.299318  0.188209  0.568151  
0.000117685  0.996036  0.755751  0.133497  
0.594581  0.238843  0.594581  0.238843  
0.275277  0.476563  0.372537  0.391348  
0.496264  0.296984  0.197161  0.556662  
9.15906e-05  0.992758  0.275277  0.476563  
0.809682  0.10172  0.496264  0.296984  
0.197161  0.556662  1.00002  9.65208e-05  
0.111844  0.666247  0.111844  0.666247  
0.603225  0.225713  0.619521  0.227882  
0.0418151  0.79559  9.15906e-05  0.992758  
0.372537  0.391348  0.809682  0.10172  
1.00002  9.65208e-05  0.0418151  0.79559  
0.385116  0.397879  0.0415008  0.796805  
0.294936  0.458852  0.294936  0.458852  
0.191673  0.563024  0.191673  0.563024  
1.00063  9.7692e-05  1.00063  9.7692e-05  
0.642026  0.204815  0.00010745  0.992472  
0.00010745  0.992472  0.642026  0.204815  
0.453229  0.335651  0.858221  0.296676  
0.811366  0.104643  0.113298  0.664159  
0.113298  0.664159  0.385116  0.397879  
0.0415008  0.796805  0.453229  0.335651  
0.456034  0.50809  0.594581  0.238843  
0.113559  0.665133  0.188102  0.568151  
0.0416126  0.796942  1.08501  0.00673788  
0.314249  0.479254  0.93421  0.236716  
0.93421  0.236716  0.314249  0.479254  
0.594581  0.238843  0.0416126  0.796942  
1.00137  0.000103584  0.113559  0.665133  
0.188102  0.568151  0.49385  0.299318  
0.49385  0.299318  1.07842  0.395048  
1.07842  0.395048  0.456034  0.50809  
0.809681  0.102122  0.17021  0.589967  
0.655813  0.209748  1.14973  0.139859  
0.400301  0.383515  0.809681  0.102122  
0.0998221  0.68509  0.470211  0.323776  
0.240037  0.517595  0.000117114  0.991696  
0.17021  0.589967  0.240037  0.517595  
0.0319433  0.822223  0.0998221  0.68509  
0.000117114  0.991696  0.0319433  0.822223  
0.470211  0.322642  0.400301  0.383515  
1.00026  0.000111245  0.655813  0.209748  
0.171635  0.592416  0.645822  0.200284  
0.220814  0.538338  0.0428249  0.794626  
8.35821e-05  0.994007  0.106734  0.674853  
0.811488  0.102879  0.261313  0.62453  
1.00066  0.000432357  0.360348  0.44847  
0.106734  0.674853  1.00066  0.000432357  
0.0428249  0.794626  8.35821e-05  0.994007  
0.360348  0.416301  0.171635  0.592416  
0.466959  0.318695  0.220814  0.538338  
0.645822  0.200284  0.811488  0.102879  
0.184494  0.589594  0.0428569  0.795996  
0.298291  0.466878  0.49389  0.316386  
0.49389  0.316386  0.184494  0.589594  
0.0428569  0.795996  0.817664  0.115169  
0.111152  0.667574  0.409577  0.377663  
4.98831e-05  0.994672  0.298291  0.466878  
0.817664  0.115169  0.599645  0.233664  
0.409577  0.377663  4.98831e-05  0.994672  
0.599645  0.233664  0.111152  0.667574  
1.00065  9.36591e-05  1.59079  0.0803659  
0.029081  0.830108  0.999879  0.00012058  
0.440457  0.34354  0.0856101  0.707692  
0.0929704  0.718066  0.153185  0.637227  
0.317209  0.438138  0.317209  0.438138  
0.000117826  0.990798  0.797525  0.11021  
0.153185  0.637227  0.220702  0.530786  
0.524645  0.278209  0.029081  0.830108  
0.999879  0.00012058  0.000117826  0.990798  
0.797525  0.11021  0.440457  0.34354  
0.220702  0.530786  0.524645  0.278209  
0.220702  0.530786  0.641804  0.303336  
0.797525  0.11021  0.440457  0.34354  
1.26326  0.300754  0.220702  0.530786  
0.999879  0.00012058  0.14695  0.617452  
0.440457  0.34354  0.770588  0.283387  
0.14695  0.617452  1.26326  0.300754  
0.641804  0.303336  0.999879  0.00012058  
0.770588  0.266592  0.797525  0.11021  
0.0290765  0.830146  0.346771  0.440253  
0.346771  0.440253  0.210376  0.685776  
0.0856886  0.707683  0.0207577  0.856993  
1.00024  0.000174282  0.311677  0.502437  
0.491726  0.303972  1.00024  0.000174282  
0.176837  0.583661  0.357488  0.405812  
0.959285  0.211339  0.959285  0.211339  
0.357488  0.405812  0.0856886  0.707683  
0.0207577  0.856993  0.706522  0.163971  
0.587938  0.244201  0.176837  0.583661  
0.273168  0.484657  0.491726  0.303972  
0.706522  0.163971  0.587938  0.244201  
0.180096  0.5765  0.180096  0.5765  
0.113405  0.663778  0.999973  9.05013e-05  
0.33076  0.42618  0.240501  0.511019  
0.000103827  0.992646  0.706475  0.16215  
0.240501  0.511019  0.33076  0.42618  
0.604573  0.223141  0.53992  0.548905  
0.0418481  0.795543  0.113405  0.663778  
0.999973  9.05013e-05  0.0418481  0.795543  
0.706475  0.16215  0.000103827  0.992646  
0.500653  0.296542  0.604573  0.223141  
0.601521  0.224539  0.601521  0.224539  
0.371476  0.39056  0.371795  0.61616  
0.808965  0.100669  0.808965  0.100669  
0.49558  0.296145  0.371476  0.39056  
0.279061  0.471851  0.999856  0.000117655  
0.0408508  0.797895  0.112569  0.724059  
0.999856  0.000117655  0.000104923  0.990793  
0.195342  0.558084  0.279061  0.471851  
0.11171  0.665791  0.0408508  0.797895  
0.000104923  0.990793  0.49558  0.296145  
0.0365432  0.80902  0.353996  0.409032  
0.000113384  0.992021  1.4824  0.62072  
0.097038  0.688924  0.153838  0.60959  
0.999995  0.000111981  0.999995  0.000111981  
0.153838  0.60959  0.000113384  0.992021  
0.713523  0.161324  0.0365432  0.80902  
0.528508  0.279551  0.097038  0.688924  
0.353996  0.409032  0.713523  0.161324  
0.272883  0.48392  0.272883  0.48392  
0.214964  0.539274  0.214964  0.539274  
1.24282  0.170126  0.214665  0.539611  
0.214665  0.539611  0.0217116  0.853727  
0.287082  0.492036  0.287082  0.492036  
0.097038  0.688924  0.680936  0.545393  
0.0217116  0.853727  0.727027  0.216521  
1.17261  0.00761167  1.24282  0.170126  
0.528508  0.279551  1.17261  0.00761167  
0.727027  0.216521  0.097038  0.689093  
0.354754  0.40885  0.354754  0.40885  
0.680936  0.545393  0.528508  0.279551  
0.429814  0.348322  0.0532352  0.842959  
0.657394  0.196442  0.657394  0.196442  
0.999947  0.000112133  0.144908  0.61986  
0.369941  0.394426  0.372689  0.393864  
0.244173  0.506891  0.0560317  0.76362  
0.000106429  0.993372  0.538584  0.269306  
0.538584  0.269306  0.000106429  0.993372  
0.144908  0.61986  0.712129  0.163199  
0.712129  0.163199  0.429814  0.348322  
0.0560317  0.76362  0.999947  0.000112133  
0.357488  0.405812  0.0275103  0.834628  
0.492331  0.304297  0.547826  0.444703  
0.0275103  0.834628  0.588568  0.242372  
0.0856505  0.707681  0.482715  0.515984  
0.000120819  0.991981  0.731276  0.178514  
0.999927  0.000103264  0.271701  0.482293  
0.731276  0.178514  0.999927  0.000103264  
0.588568  0.242372  0.000120819  0.991981  
0.271701  0.482293  0.175943  0.582847  
0.175943  0.582847  0.0856505  0.707681  
0.718143  0.167749  0.999932  0.000111981  
0.27284  0.582314  0.337398  0.612875  
0.353815  0.408732  0.718143  0.167749  
0.521204  0.326983  0.27284  0.532704  
0.0561997  0.764807  0.430032  0.622676  
0.999932  0.000111981  0.0561997  0.764807  
0.153899  0.609835  0.521204  0.326983  
0.430032  0.622676  0.00131949  1.04864  
0.00131949  1.04864  0.153899  0.609835  
1.48754  0.0531693  1.48754  0.0531693  
0.0246404  0.878906  0.000171073  0.990489  
0.65824  0.243277  1.00916  0.00128346  
0.251992  0.526307  0.813215  0.289285  
0.077289  0.733631  0.65824  0.243277  
0.000171073  0.990489  0.251992  0.526307  
0.52727  0.322255  0.963812  0.187007  
0.327092  0.484144  0.52727  0.322255  
0.813215  0.289285  0.101107  0.738184  
1.00916  0.00128346  0.327092  0.484144  
0.963812  0.187007  0.0246404  0.878906  
0.407956  0.36838  0.336736  0.424605  
0.262998  0.488983  0.266454  0.681646  
0.179972  0.576748  0.262998  0.488983  
0.10327  0.679262  0.000109066  0.990212  
0.999855  9.10094e-05  0.407956  0.36838  
0.336736  0.424605  0.999855  9.10094e-05  
0.0402241  0.799631  0.0402241  0.799631  
0.000109066  0.990212  0.496882  0.296436  
0.672311  0.188143  0.672311  0.188143  
0.496882  0.296436  0.179972  0.576748  
0.27803  0.473567  0.186881  0.568361  
0.10656  0.673982  0.105338  0.991179  
0.376562  0.389149  0.10656  0.673982  
0.999886  0.000101125  0.0401906  0.799626  
0.496151  0.298053  0.999886  0.000101125  
0.186881  0.568361  0.62178  0.211596  
0.62178  0.211596  0.27803  0.473567  
0.00011031  0.989821  0.496151  0.298053  
0.808405  0.100906  0.808405  0.100906  
0.0401906  0.799626  0.376562  0.389149  
0.808351  0.100933  0.109955  0.66857  
0.0408666  0.797851  0.000113149  0.989921  
0.109955  0.66857  0.279084  0.471835  
0.999856  9.83231e-05  0.209018  0.775777  
0.495566  0.296094  0.0408666  0.797851  
0.279084  0.471835  0.999856  9.83231e-05  
0.000113149  0.989921  0.372593  0.389662  
0.372593  0.389662  0.154435  0.895677  
0.193769  0.559891  0.808351  0.100933  
0.621627  0.211661  0.495566  0.296094  
0.196447  0.557091  0.808354  0.100947  
0.388771  0.380327  0.999864  0.000116667  
0.114169  0.66256  0.493223  0.300607  
0.62264  0.211067  0.000110422  0.990015  
0.000110422  0.990015  0.196447  0.557091  
0.493223  0.300607  0.388771  0.380327  
0.0423345  0.794341  0.0423345  0.794341  
0.304062  0.452551  0.11739  0.664768  
0.999864  0.000116667  0.304062  0.452551  
0.808354  0.100947  1.597  1.01032  
0.999886  0.000101125  0.999886  0.000101125  
0.10656  0.673982  0.692161  0.230669  
0.692161  0.230669  0.720675  0.234851  
0.186881  0.568361  0.808405  0.100906  
1.58104  0.343361  0.376562  0.389149  
0.0401906  0.799626  0.496151  0.298053  
0.496151  0.298053  0.0401906  0.799626  
0.376562  0.389149  0.188391  0.569519  
0.27803  0.473567  0.27803  0.473567  
0.808405  0.100906  0.10656  0.673982  
0.0409045  0.797909  0.128488  0.647959  
0.128488  0.647959  0.0409045  0.797909  
0.49332  0.300303  0.000113083  0.990207  
0.181652  0.578218  0.621789  0.212927  
0.621789  0.212927  0.999881  0.000105115  
0.000113083  0.990207  0.181652  0.578796  
0.809591  0.104983  0.809591  0.104983  
0.999881  0.000105115  0.49332  0.300303  
0.256112  0.499257  0.256112  0.499257  
0.337053  0.423722  0.337053  0.423722  
0.999871  0.000103208  0.488975  0.377199  
0.258909  0.497235  0.999871  0.000103208  
0.16165  0.602665  0.808336  0.100968  
0.486764  0.310086  0.621716  0.211686  
0.621716  0.211686  0.105782  0.718413  
0.086235  0.70751  0.0357079  0.811647  
0.393731  0.379323  0.486764  0.310086  
0.808336  0.100968  0.16165  0.602665  
0.000120009  0.990335  0.000120009  0.990335  
0.0357079  0.811647  0.258909  0.497235  
0.34333  0.418176  0.34333  0.418176  
0.499202  0.299106  0.00010749  0.990085  
0.00010749  0.990085  0.499202  0.299106  
0.621802  0.211629  0.0307434  0.824936  
0.0307434  0.824936  0.189004  0.585522  
0.27571  0.476821  0.406625  0.367628  
0.0949899  0.692244  0.27571  0.476821  
0.999877  0.000103425  0.621802  0.211629  
0.406625  0.367628  0.999877  0.000103425  
0.177292  0.581003  0.0949899  0.692244  
0.831623  0.0916333  0.0347492  0.813742  
0.621574  0.211678  0.000112927  0.990257  
0.99986  0.000111837  0.434043  0.343425  
0.093284  0.695179  0.093284  0.695179  
0.179944  0.576509  0.290839  0.468483  
0.434043  0.343425  0.35971  0.402506  
0.0347492  0.813742  0.179944  0.576509  
0.000112927  0.990257  0.99986  0.000111837  
0.35971  0.402506  0.621574  0.211678  
0.287183  0.466  1.71229  0.658241  
0.103931  0.677676  0.624775  0.209604  
0.00011522  0.989323  0.386359  0.379471  
0.496832  0.29518  0.0323212  0.82023  
0.394273  0.372754  0.267576  0.483157  
0.808312  0.10094  0.0946034  0.69249  
0.0355558  0.811446  0.999779  0.000118554  
0.625756  0.209093  0.411313  0.895872  
0.300858  0.452024  0.16954  0.588636  
0.191066  0.563299  0.000117111  0.989334  
0.999782  0.000118198  0.60033  0.47266  
0.495531  0.296087  0.808312  0.10094  
0.0383491  0.804178  0.394273  0.372754  
0.999794  0.000115122  0.191066  0.563299  
0.808345  0.10092  0.0355558  0.811446  
0.00011678  0.98935  0.496832  0.29518  
0.190101  0.564098  0.105451  0.684  
0.279064  0.471771  1.42548  0.285595  
0.625303  0.209301  0.999782  0.000118198  
0.107667  0.671897  0.625756  0.209093  
0.37695  0.389054  0.300858  0.452024  
0.496832  0.29518  0.267576  0.483157  
0.808312  0.10094  0.16954  0.588636  
0.103931  0.677676  0.000117111  0.989334  
0.0355558  0.811446  0.386359  0.379471  
0.625756  0.209093  0.624775  0.209604  
0.190865  0.563188  0.0323212  0.82023  
0.999782  0.000118198  0.0946034  0.69249  
0.00011522  0.989323  0.495358  0.296222  
0.394273  0.372754  0.808333  0.100927  
0.300858  0.452024  0.999779  0.000118554  
0.808345  0.10092  0.279064  0.471771  
0.107667  0.671897  0.999794  0.000115122  
0.495531  0.296087  0.625303  0.209301  
0.999795  0.000111988  0.00011678  0.98935  
0.00011678  0.98935  0.107667  0.671897  
0.37503  0.38768  0.0383491  0.804178  
0.192706  0.564098  0.808345  0.10092  
0.0383491  0.804178  0.495531  0.296087  
0.279064  0.471771  0.501535  0.593178  
0.625303  0.209301  0.190101  0.564098  
0.495531  0.296087  0.190865  0.563188  
0.808345  0.10092  0.394273  0.372754  
0.999795  0.000111988  0.496832  0.29518  
0.0383491  0.804178  0.103931  0.677676  
0.107667  0.671897  0.808312  0.10094  
0.279064  0.471771  0.625756  0.209093  
0.625303  0.209301  0.300858  0.452024  
0.00011678  0.98935  0.0355558  0.811446  
0.37503  0.38768  0.00011522  0.989323  
0.190101  0.564028  1.00251  0.000290138  
0.999795  0.000111988  0.107667  0.671897  
0.808345  0.10092  0.999795  0.000111988  
0.279064  0.471771  0.00011678  0.98935  
0.37503  0.38768  0.625303  0.209301  
0.107667  0.671897  0.200801  0.650623  
0.625303  0.209301  0.495531  0.296087  
0.0383491  0.804178  0.37503  0.38768  
0.00011678  0.98935  0.279064  0.471771  
0.190101  0.564028  0.0383491  0.804178  
0.495531  0.296087  0.808345  0.10092  
0.999795  0.000111988  0.972114  1.10332  
0.107667  0.671897  0.625303  0.209301  
0.0383491  0.804178  0.00011678  0.98935  
0.00011678  0.98935  0.107667  0.671897  
0.190101  0.564098  0.0383491  0.804178  
0.279064  0.471771  0.192706  0.564098  
0.808345  0.10092  0.808345  0.10092  
0.625303  0.209301  0.279064  0.471771  
0.495531  0.296087  0.37503  0.38768  
0.37503  0.38768  0.504989  0.611378  
0.625303  0.209301  0.00011678  0.98935  
0.00011678  0.98935  0.107667  0.671897  
0.0386375  0.804948  0.190101  0.564098  
0.37503  0.38768  0.0383491  0.804178  
0.808345  0.10092  0.279064  0.471771  
0.495531  0.296087  0.495531  0.296087  
0.107667  0.671897  0.391001  0.448988  
0.999795  0.000111988  0.808345  0.10092  
0.279064  0.471771  0.625303  0.209301  
0.190101  0.564028  0.999795  0.000111988  
0.279064  0.471771  0.625303  0.209301  
0.999795  0.000111988  0.0386375  0.804948  
0.37503  0.38768  0.495531  0.296087  
0.808345  0.10092  0.999795  0.000111988  
0.625303  0.209301  0.107667  0.671897  
0.107667  0.671897  0.285482  0.472739  
0.190101  0.564028  0.00011678  0.98935  
0.00011678  0.98935  0.808345  0.10092  
0.495531  0.296087  0.190101  0.564028  
0.0390921  0.804327  0.37503  0.38768  
0.495531  0.296087  0.37503  0.38768  
0.00011678  0.98935  0.495531  0.296087  
0.999795  0.000111988  0.625303  0.209301  
0.0386765  0.804958  0.107667  0.671897  
0.107667  0.671897  0.00011678  0.98935  
0.37503  0.38768  0.999795  0.000111988  
0.625303  0.209301  0.279064  0.471771  
0.190101  0.564028  0.130516  0.856285  
0.808345  0.10092  0.808345  0.10092  
0.279064  0.471771  0.190101  0.564028  
0.278724  0.472061  0.999795  0.000111988  
0.106149  0.674201  0.106149  0.674201  
0.808345  0.10092  0.495522  0.29607  
0.495522  0.29607  0.625236  0.209289  
0.00011678  0.98935  0.808345  0.10092  
0.37601  0.386818  0.0383481  0.804176  
0.187039  0.567535  0.37601  0.386818  
0.625236  0.209289  0.00011678  0.98935  
0.0383481  0.804176  0.324926  0.494588  
0.999795  0.000111988  0.187039  0.567535  
0.00011678  0.98935  0.625236  0.209289  
0.0383481  0.804176  0.376272  0.388864  
0.625236  0.209289  0.999795  0.000111988  
0.106149  0.674201  0.495522  0.29607  
0.37601  0.386818  0.0383481  0.804176  
0.999795  0.000111988  0.00011678  0.98935  
0.495522  0.29607  0.808345  0.10092  
0.187039  0.567535  0.278724  0.472061  
0.808345  0.10092  0.187039  0.567535  
0.278724  0.472061  0.106149  0.674201  
0.625236  0.209289  0.37601  0.386818  
0.999795  0.000111988  0.278724  0.472061  
0.0383481  0.804176  0.106149  0.674201  
0.808345  0.10092  0.0383481  0.804176  
0.495522  0.29607  0.999795  0.000111988  
0.00011678  0.98935  0.0027253  1.00293  
0.278724  0.472061  0.625236  0.209289  
0.106149  0.674201  0.561503  0.302324  
0.37601  0.386818  0.808345  0.10092  
0.187039  0.567535  0.187039  0.567535  
0.625236  0.209289  0.106149  0.674201  
0.00011678  0.98935  0.495522  0.29607  
0.0383481  0.804176  0.187039  0.567535  
0.187039  0.567535  0.808345  0.10092  
0.106149  0.674201  0.37601  0.386818  
0.495522  0.29607  1.73797  0.0904488  
0.278724  0.472061  0.00011678  0.98935  
0.37601  0.386818  0.0383481  0.804176  
0.808345  0.10092  0.625236  0.209289  
0.999795  0.000111988  0.278724  0.472061  
0.999795  0.000111988  0.808345  0.10092  
0.808345  0.10092  0.00011678  0.98935  
0.106149  0.674201  0.625236  0.209289  
0.0383481  0.804176  0.37601  0.386818  
0.278724  0.472061  0.999795  0.000111988  
0.495522  0.29607  0.106149  0.674201  
0.37601  0.386818  0.495522  0.29607  
0.00011678  0.98935  0.242765  0.580165  
0.187039  0.567535  0.278724  0.472061  
0.625236  0.209289  0.0383481  0.804176  
0.37601  0.386818  0.37601  0.386818  
0.0383481  0.804176  0.187039  0.567535  
0.625236  0.209289  0.495522  0.309827  
0.278724  0.472061  0.106149  0.674201  
0.106149  0.674201  0.999795  0.000111988  
0.187039  0.567535  0.808345  0.10092  
0.808345  0.10092  0.0383481  0.804176  
0.00011678  0.98935  0.278724  0.472061  
0.999795  0.000111988  0.00011678  0.98935  
0.495522  0.29607  0.625236  0.209289  
0.808345  0.10092  0.278724  0.472061  
0.999795  0.000111988  0.999795  0.000111988  
0.495522  0.29607  0.106149  0.674201  
0.0383481  0.804176  0.495522  0.29607  
0.37601  0.386818  0.00011678  0.98935  
0.278724  0.472061  0.808345  0.10092  
0.625236  0.209289  0.23219  0.581338  
0.106149  0.674201  0.37601  0.386818  
0.00011678  0.98935  0.0383481  0.804176  
0.187039  0.567535  0.625236  0.209289  
0.625236  0.209289  0.0383481  0.804176  
0.0383481  0.804176  0.625236  0.209289  
0.37601  0.386818  0.37601  0.386818  
0.495522  0.29607  0.187039  0.567535  
0.278724  0.472061  0.278724  0.472061  
0.999795  0.000111988  0.106149  0.674201  
0.106149  0.674201  0.999795  0.000111988  
0.00011678  0.98935  0.00011678  0.98935  
0.187039  0.567535  0.808345  0.10092  
0.808345  0.10092  0.495522  0.29607  
0.999795  0.000111988  0.625236  0.209289  
0.187039  0.567535  0.999795  0.000111988  
0.625236  0.209289  0.00011678  0.98935  
0.278724  0.472061  0.37601  0.386818  
0.37601  0.386818  0.495546  0.306622  
0.0383481  0.804176  0.187039  0.567535  
0.495522  0.29607  0.0383481  0.804176  
0.00011678  0.98935  0.278724  0.472061  
0.808345  0.10092  0.808345  0.10092  
0.106149  0.674201  0.106149  0.674201  
0.278724  0.472061  0.0383481  0.804176  
0.00011678  0.98935  0.278724  0.472061  
0.495522  0.29607  0.187039  0.567535  
0.999795  0.000111988  0.999795  0.000111988  
0.37601  0.386818  0.106149  0.674201  
0.187039  0.567535  0.49707  0.301162  
0.808345  0.10092  0.00011678  0.98935  
0.0383481  0.804176  0.808345  0.10092  
0.625236  0.209289  0.625236  0.209289  
0.106149  0.674201  0.37601  0.386818  
0.106147  0.674199  0.999795  0.000111988  
0.999795  0.000111988  0.278722  0.472061  
0.278722  0.472061  0.376007  0.386811  
0.495519  0.29607  0.00011678  0.98935  
0.00011678  0.98935  0.808345  0.10092  
0.187034  0.56753  0.187034  0.56753  
0.376007  0.386811  0.625232  0.209286  
0.0383479  0.804176  0.0383479  0.804176  
0.808345  0.10092  0.495519  0.29607  
0.625232  0.209286  0.297176  0.950423  
0.625232  0.209286  0.808345  0.10092  
0.00011678  0.98935  1.20425  0.48269  
0.495519  0.29607  0.187034  0.56753  
0.187034  0.56753  0.278722  0.472061  
0.278722  0.472061  0.0383479  0.804176  
0.0383479  0.804176  0.00011678  0.98935  
0.376007  0.386811  0.106147  0.674199  
0.808345  0.10092  0.376007  0.386811  
0.106147  0.674199  0.495519  0.29607  
0.999795  0.000111988  0.625232  0.209286  
0.495519  0.29607  0.376007  0.386811  
0.625232  0.209286  0.278722  0.472061  
0.00011678  0.98935  0.0383479  0.804176  
0.0383479  0.804176  0.625232  0.209286  
0.999795  0.000111988  0.808345  0.10092  
0.106147  0.674199  0.106147  0.674199  
0.278722  0.472061  0.999795  0.000111988  
0.808345  0.10092  0.495519  0.29607  
0.376007  0.386811  0.187034  0.56753  
0.187034  0.56753  0.00011678  0.989364  
0.00011678  0.98935  0.278722  0.472061  
0.999795  0.000111988  0.808345  0.10092  
0.625232  0.209286  0.106147  0.674199  
0.278722  0.472061  0.0126927  0.98935  
0.106147  0.674199  0.376007  0.386811  
0.495519  0.29607  0.999795  0.000111988  
0.0383479  0.804176  0.187034  0.56753  
0.808345  0.10092  0.0383479  0.804176  
0.376007  0.386811  0.495519  0.29607  
0.187034  0.56753  0.625232  0.209286  
0.00011678  0.98935  1.18838  0.318262  
0.187034  0.56753  0.106147  0.674199  
0.999795  0.000111988  0.808345  0.10092  
0.278722  0.472061  0.278722  0.472061  
0.495519  0.29607  0.187034  0.56753  
0.0383479  0.804176  0.376007  0.386811  
0.625232  0.209286  0.495519  0.29607  
0.808345  0.10092  0.0383479  0.804191  
0.376007  0.386811  0.00011678  0.98935  
0.106147  0.674199  0.999795  0.000111988  
0.625232  0.209286  0.106147  0.674199  
0.106147  0.674199  0.808345  0.10092  
0.00011678  0.98935  0.278722  0.472061  
0.0383479  0.804176  0.495519  0.29607  
0.999795  0.000111988  0.999795  0.000111988  
0.808345  0.10092  0.0383479  0.804176  
0.376007  0.386811  0.625232  0.209286  
0.278722  0.472061  0.376007  0.386811  
0.187034  0.56753  0.00011678  0.98935  
0.495519  0.29607  0.187034  0.56753  
0.376007  0.386811  0.495519  0.29607  
0.999795  0.000111988  0.142612  0.732213  
0.106147  0.674199  0.808345  0.10092  
0.625232  0.209286  0.00970825  0.901684  
0.187034  0.56753  0.278722  0.472061  
0.278722  0.472061  0.0383479  0.804176  
0.0383479  0.804176  0.376007  0.386811  
0.00011678  0.98935  0.187034  0.56753  
0.495519  0.29607  0.999795  0.000111988  
0.808345  0.10092  0.625232  0.209286  
0.625232  0.209286  0.376007  0.386811  
0.999795  0.000111988  0.495519  0.29607  
0.187034  0.56753  0.187034  0.56753  
0.808345  0.10092  0.999795  0.000111988  
0.278722  0.472061  0.278722  0.472061  
0.376007  0.386811  0.000553093  0.995686  
0.0383479  0.804176  0.0383479  0.804176  
0.106147  0.674199  0.808345  0.10092  
0.495519  0.29607  0.625232  0.209286  
0.00011678  0.98935  0.106147  0.674199  
0.376007  0.386811  0.376007  0.386811  
0.495519  0.29607  0.999795  0.000111988  
0.187034  0.56753  0.625232  0.209286  
0.999795  0.000111988  0.00011678  0.98935  
0.625232  0.209286  0.106147  0.674199  
0.278722  0.472061  0.278722  0.472061  
0.0383479  0.804176  0.81531  0.106309  
0.00011678  0.98935  0.495519  0.29607  
0.808345  0.10092  0.187034  0.56753  
0.106147  0.674199  0.0383479  0.804176  
0.187034  0.56753  0.0031827  1.00392  
0.495519  0.29607  0.808345  0.10092  
0.00011678  0.98935  0.0383479  0.804176  
0.0383479  0.804176  0.278722  0.472061  
0.278722  0.472061  0.495519  0.29607  
0.376007  0.386811  0.376007  0.386811  
0.999795  0.000111988  0.625232  0.209286  
0.106147  0.674199  0.680612  1.02825  
0.808345  0.10092  0.999795  0.000111988  
0.625232  0.209286  0.106147  0.674199  
0.27871  0.472071  0.106147  0.674199  
0.495519  0.29607  0.625232  0.209286  
0.106147  0.674199  0.376006  0.386809  
0.187034  0.567529  0.495519  0.29607  
0.625232  0.209286  0.187034  0.567529  
0.999795  0.00011455  0.999795  0.00011455  
0.000116617  0.98935  0.27871  0.472071  
0.808345  0.10092  0.000116617  0.98935  
0.0383477  0.804176  1.40518  0.447742  
0.376006  0.386809  0.0383477  0.804176  
0.000116617  0.98935  0.625232  0.209286  
0.27871  0.472071  0.187034  0.567529  
0.999795  0.00011455  0.0383477  0.804176  
0.808345  0.10092  0.376006  0.386809  
0.187034  0.567529  0.808345  0.10092  
0.0383477  0.804176  0.495519  0.29607  
0.495519  0.29607  0.000116617  0.98935  
0.376006  0.386809  0.27871  0.472071  
0.625232  0.209286  1.0008  0.00011455  
0.106147  0.674199  0.10618  0.713736  
0.999795  0.00011455  1.47369  0.391857  
0.27871  0.472071  0.27871  0.472071  
0.495519  0.29607  0.0600172  0.833323  
0.000116617  0.98935  0.495519  0.29607  
0.376006  0.386809  0.000116617  0.98935  
0.625232  0.209286  0.187034  0.567529  
0.187034  0.567529  0.625232  0.209286  
0.0383477  0.804176  0.106147  0.674199  
0.808345  0.10092  0.999795  0.00011455  
0.106147  0.674199  0.376006  0.386809  
0.0383477  0.804176  0.376006  0.386809  
0.495519  0.29607  0.49928  0.296116  
0.999795  0.00011455  0.808345  0.10092  
0.376006  0.386809  0.625232  0.209286  
0.625232  0.209286  0.106147  0.674199  
0.106147  0.674199  0.999795  0.00011455  
0.187034  0.567529  0.187034  0.567529  
0.27871  0.472071  0.000116617  0.98935  
0.808345  0.10092  0.27871  0.472071  
0.000116617  0.98935  0.0383477  0.804176  
0.625232  0.209286  0.808345  0.10092  
0.000116617  0.98935  0.27871  0.472071  
0.106147  0.674199  0.000116617  0.98935  
0.187034  0.567529  0.376006  0.386809  
0.495519  0.29607  0.187034  0.567529  
0.999795  0.00011455  0.625232  0.209286  
0.0383477  0.804176  0.106147  0.674199  
0.808345  0.10092  0.0383477  0.809301  
0.27871  0.472071  0.999795  0.00011455  
0.376006  0.386809  0.495519  0.29607  
0.187034  0.567529  0.376006  0.386809  
0.106147  0.674199  0.000570127  0.990027  
0.0383477  0.804176  0.187034  0.567529  
0.376006  0.386809  0.808345  0.10092  
0.495519  0.29607  0.999795  0.00011455  
0.625232  0.209286  0.0383477  0.804176  
0.999795  0.00011455  0.625232  0.209286  
0.27871  0.472071  0.495519  0.29607  
0.808345  0.10092  0.106147  0.674199  
0.000116617  0.98935  0.27871  0.472071  
0.495519  0.29607  0.106147  0.674199  
0.187034  0.567529  0.808345  0.10092  
0.625232  0.209286  0.187034  0.567529  
0.999795  0.00011455  0.27871  0.472071  
0.000116617  0.98935  0.173142  0.612425  
0.27871  0.472071  0.495519  0.29607  
0.0383477  0.804176  0.0383477  0.804176  
0.808345  0.10092  0.376006  0.386809  
0.376006  0.386809  0.625232  0.209286  
0.106147  0.674199  0.999795  0.00011455  
0.106147  0.674199  0.106147  0.674199  
0.999795  0.00011455  0.187034  0.567529  
0.187034  0.567529  0.999795  0.0154203  
0.495519  0.29607  0.000116617  0.98935  
0.000116617  0.98935  0.808345  0.10092  
0.27871  0.472071  0.0383477  0.804176  
0.625232  0.209286  0.27871  0.472071  
0.808345  0.10092  0.625232  0.209286  
0.0383477  0.804176  0.376006  0.386809  
0.376006  0.386809  0.495519  0.29607  
0.808345  0.10092  0.27871  0.472071  
0.495519  0.29607  0.379439  0.388008  
0.625232  0.209286  0.0383477  0.804176  
0.000116617  0.98935  0.495519  0.29607  
0.0383477  0.804176  0.000116617  0.98935  
0.376006  0.386809  0.999795  0.00011455  
0.187034  0.567529  0.106147  0.674199  
0.106147  0.674199  0.808345  0.10092  
0.999795  0.00011455  0.425903  0.517919  
0.27871  0.472071  0.625232  0.209286  
0.187034  0.567529  0.495519  0.29607  
0.0383477  0.804176  0.376006  0.386809  
0.808345  0.10092  0.808345  0.10092  
0.106147  0.674199  0.27871  0.472071  
0.376006  0.386809  0.625232  0.209286  
0.000116617  0.98935  0.0383477  0.804176  
0.27871  0.472071  0.999795  0.00011455  
0.999795  0.00011455  0.000116617  0.98935  
0.495519  0.29607  0.106147  0.674199  
0.625232  0.209286  0.218708  0.626474  
0.187034  0.567529  0.106147  0.674199  
0.495519  0.29607  0.187034  0.567529  
0.106147  0.674199  0.376005  0.386809  
0.999795  0.00011455  0.808345  0.10092  
0.625231  0.209286  0.27871  0.472071  
0.000116617  0.98935  0.0383477  0.804176  
0.0383477  0.804176  1.16678  0.0730996  
0.27871  0.472071  0.000116617  0.98935  
0.376005  0.386809  0.625231  0.209286  
0.808345  0.10092  0.495519  0.29607  
0.625231  0.209286  0.187034  0.567529  
0.999795  0.00011455  0.000116617  0.98935  
0.000116617  0.98935  0.106147  0.674199  
0.495519  0.29607  0.495519  0.29607  
0.808345  0.10092  0.376005  0.386809  
0.376005  0.386809  0.27871  0.472071  
0.106147  0.674199  0.999795  0.00011455  
0.0383477  0.804176  0.625231  0.209286  
0.27871  0.472071  0.0383477  0.804176  
0.187034  0.567529  0.808345  0.10092  
0.999795  0.00011455  0.49893  0.29704  
0.27871  0.472071  0.106147  0.674199  
0.495519  0.29607  0.999795  0.00011455  
0.808345  0.10092  0.0383477  0.804176  
0.0383477  0.804176  0.376005  0.386809  
0.000116617  0.98935  0.000116617  0.98935  
0.625231  0.209286  0.808345  0.10092  
0.376005  0.386809  0.187034  0.567529  
0.106147  0.674199  0.625231  0.209286  
0.187034  0.567529  0.27871  0.472071  
0.27871  0.472071  0.808345  0.10092  
0.000116617  0.98935  0.27871  0.472071  
0.0383477  0.804176  0.376005  0.386809  
0.106147  0.674199  0.0383477  0.804176  
0.808345  0.10092  0.187034  0.567529  
0.376005  0.386809  0.106147  0.674199  
0.495519  0.29607  0.999795  0.00011455  
0.625231  0.209286  0.495519  0.29607  
0.999795  0.00011455  0.625231  0.209286  
0.187034  0.567529  0.000168491  0.991066  
0.808345  0.10092  0.106147  0.674199  
0.625231  0.209286  0.187034  0.567529  
0.27871  0.472071  0.0383477  0.804176  
0.999795  0.00011455  0.00239839  0.991668  
0.000116617  0.98935  0.625231  0.209286  
0.0383477  0.804176  0.27871  0.472071  
0.495519  0.29607  0.999795  0.00011455  
0.106147  0.674199  0.376005  0.386809  
0.187034  0.567529  0.808345  0.10092  
0.376005  0.386809  0.495519  0.29607  
0.999795  0.00011455  0.808345  0.10092  
0.106147  0.674199  0.0383477  0.804176  
0.808345  0.10092  0.000116617  0.98935  
0.27871  0.472071  0.614447  0.583808  
0.495519  0.29607  0.625231  0.209286  
0.000116617  0.98935  0.376005  0.386809  
0.376005  0.386809  0.999795  0.00011455  
0.187034  0.567529  0.106147  0.674199  
0.625231  0.209286  0.284419  0.473075  
0.0383477  0.804176  0.187034  0.567529  
0.495519  0.29607  0.381596  0.576864  
0.187034  0.567529  0.106147  0.674199  
0.625231  0.209286  0.0383477  0.804176  
0.808345  0.10092  0.699314  0.259523  
0.376005  0.386809  0.937197  0.223247  
0.000116617  0.98935  0.999795  0.00011455  
0.106147  0.674199  0.187034  0.567529  
0.0383477  0.804176  0.27871  0.472071  
0.27871  0.472071  0.000116617  0.98935  
0.999795  0.00011455  0.495519  0.29607  
0.625231  0.209286  0.625231  0.209286  
0.0383477  0.804176  0.0427897  1.01136  
0.808345  0.10092  0.27871  0.472071  
0.27871  0.472071  0.0383477  0.804176  
0.187034  0.567529  0.999795  0.00011455  
0.495519  0.29607  0.187034  0.567529  
0.000116617  0.98935  0.106147  0.674199  
0.376005  0.386809  0.495519  0.29607  
0.999795  0.00011455  0.376005  0.386809  
0.106147  0.674199  0.808345  0.10092  
0.625231  0.209286  0.495519  0.29607  
0.27871  0.472071  0.0383477  0.804176  
0.0383477  0.804176  0.187034  0.567529  
0.106147  0.674199  0.000116617  0.98935  
0.187034  0.567529  0.27871  0.472071  
0.376005  0.386809  0.106147  0.674199  
0.000116617  0.98935  0.625231  0.209286  
0.999795  0.00011455  0.376005  0.386809  
0.495519  0.29607  0.999795  0.00011455  
0.808345  0.10092  0.80983  0.101749  
0.808345  0.10092  0.27871  0.472071  
0.106147  0.674199  0.625231  0.209286  
0.0383477  0.804176  0.0383477  0.804176  
0.000116617  0.98935  0.376005  0.386809  
0.376005  0.386809  0.495519  0.29607  
0.27871  0.472071  0.000116617  0.98935  
0.495519  0.29607  0.999795  0.00011455  
0.999795  0.00011455  0.106147  0.674199  
0.625231  0.209286  0.808345  0.10092  
0.187034  0.567529  0.187034  0.567529  
0.106147  0.674199  0.999795  0.00011455  
0.000117041  0.98935  0.625231  0.209286  
0.808345  0.10092  0.495519  0.29607  
0.0383477  0.804176  0.810673  0.262662  
0.999795  0.00011455  0.376005  0.386809  
0.27871  0.472071  0.0383477  0.804176  
0.187034  0.567529  0.27871  0.472071  
0.376005  0.386809  0.187034  0.567529  
0.495519  0.29607  0.106147  0.674199  
0.625231  0.209286  0.000117041  0.98935  
0.495519  0.29607  0.0383477  0.804176  
0.187034  0.567529  0.106147  0.674199  
0.106147  0.674199  0.0290711  0.830604  
0.999795  0.00011455  0.625231  0.209286  
0.27871  0.472071  0.495519  0.29607  
0.376005  0.386809  0.808345  0.10092  
0.000117041  0.98935  0.187034  0.567529  
0.0383477  0.804176  0.27871  0.472071  
0.625231  0.209286  0.376005  0.386809  
0.808345  0.10092  0.999795  0.00011455  
0.106147  0.674199  0.000117041  0.98935  
0.625231  0.209286  0.495519  0.29607  
0.999795  0.00011455  0.376005  0.386809  
0.000117041  0.98935  0.442465  0.599459  
0.187034  0.567529  0.999795  0.00011455  
0.808345  0.10092  0.0383477  0.804176  
0.376005  0.386809  0.106147  0.674199  
0.495519  0.29607  0.808345  0.10092  
0.0383477  0.804176  0.187034  0.567529  
0.27871  0.472071  0.625231  0.209286  
0.495519  0.29607  0.000117041  0.98935  
0.000117041  0.98935  0.495519  0.29607  
0.376005  0.386809  0.376005  0.386809  
0.187034  0.567529  1.30735  1.09082  
0.625231  0.209286  0.808345  0.10092  
0.999795  0.00011455  0.747203  0.24561  
0.808345  0.10092  0.106147  0.674199  
0.27871  0.472071  0.0383477  0.804176  
0.0383477  0.804176  0.187034  0.567529  
0.106147  0.674199  0.27871  0.472071  
0.625231  0.209286  0.808345  0.10092  
0.187034  0.567529  1.27761  0.282746  
0.495519  0.29607  0.187034  0.567529  
0.376005  0.386809  0.000117041  0.98935  
0.000117041  0.98935  0.0383477  0.804176  
0.999795  0.00011455  0.106147  0.674199  
0.0383477  0.804176  0.376005  0.386809  
0.27871  0.472071  0.27871  0.472071  
0.106147  0.674199  0.495519  0.29607  
0.808345  0.10092  0.625231  0.209286  
0.106147  0.674199  0.106147  0.674199  
0.495519  0.29607  0.27871  0.472071  
0.999795  0.00011455  0.495519  0.29607  
0.625231  0.209286  0.0383477  0.804176  
0.376005  0.386809  0.808345  0.10092  
0.187034  0.567529  0.999795  0.00011455  
0.000117041  0.98935  0.384373  0.387832  
0.27871  0.472071  0.625231  0.209286  
0.0383477  0.804176  0.187034  0.567529  
0.808345  0.10092  0.000117041  0.98935  
0.999795  0.00011455  0.625231  0.209286  
0.106147  0.674199  0.138491  0.867551  
0.808345  0.10092  0.00561084  1.07341  
0.0383477  0.804176  0.495519  0.29607  
0.000117041  0.98935  0.376005  0.386809  
0.187034  0.567529  0.187034  0.567529  
0.625231  0.209286  0.808345  0.10092  
0.27871  0.472071  0.27871  0.472071  
0.495519  0.29607  0.106147  0.674199  
0.376005  0.386809  0.999795  0.00011455  
0.27871  0.472071  0.625231  0.209286  
0.187034  0.567529  0.281739  0.500534  
0.808345  0.10092  0.0383477  0.804176  
0.000117041  0.98935  0.106147  0.674199  
0.625231  0.209286  0.000117041  0.98935  
0.999795  0.00011455  0.495519  0.29607  
0.106147  0.674199  0.808345  0.10092  
0.0383477  0.804176  0.999795  0.00011455  
0.376005  0.386809  0.0465854  0.81928  
0.495519  0.29607  0.376005  0.386809  
0.999795  0.00011455  0.187034  0.567529  
0.27871  0.472071  0.106147  0.674199  
0.625231  0.209286  0.625231  0.209286  
0.187034  0.567529  0.415936  0.698349  
0.376005  0.386809  0.515668  0.302458  
0.106147  0.674199  0.808345  0.10092  
0.495519  0.29607  0.376005  0.386809  
0.0383477  0.804176  0.27871  0.472071  
0.808345  0.10092  0.999795  0.00011455  
0.000117041  0.98935  0.000117041  0.98935  
0.000117041  0.98935  0.625231  0.209286  
0.0383477  0.804176  0.000117041  0.98935  
0.187034  0.567529  0.0383477  0.804176  
0.495519  0.29607  0.187034  0.567529  
0.376005  0.386809  0.376005  0.386809  
0.625231  0.209286  0.808345  0.10092  
0.106147  0.674199  0.27871  0.472071  
0.808345  0.10092  0.999795  0.00011455  
0.27871  0.472071  0.495519  0.29607  
0.999795  0.00011455  0.106147  0.674199  
