1.02027  0.720698  6.1715  0.682794  0.971233  6.09579  
0.504337  1.61229  6.49711  0.614064  2.32317  6.40484  
0.888868  2.36304  2.77602  0.59489  1.21717  6.13011  
0.517766  2.56969  2.82854  0.533597  0.66019  6.41448  
0.842104  0.718947  3.68396  0.668688  1.12789  6.43568  
0.953394  0.89183  3.96559  1.6435  0.789034  5.24176  
0.899372  0.589797  4.49884  0.793456  1.12483  5.63314  
1.33576  0.695094  1.79496  0.616063  1.12617  5.2793  
0.612483  0.975678  4.0826  0.769105  1.21583  6.66802  
0.700265  0.680183  6.5771  0.977707  0.614223  3.14054  
0.888378  1.46433  2.42798  0.637969  1.8467  5.11262  
1.34748  0.753481  4.86406  0.826019  0.614903  6.58715  
0.680496  1.27968  4.90164  0.808097  0.936244  5.5246  
0.747057  0.789533  6.51323  0.631252  2.23686  5.85415  
0.649911  1.00225  6.33916  0.499538  0.682625  5.2864  
0.719545  1.12169  4.42806  0.504837  0.526073  6.43258  
1.48909  0.841032  3.73831  1.10953  0.63918  4.15525  
0.581091  0.642064  6.23991  0.859367  0.637367  4.8041  
0.575401  0.492076  5.89287  0.627015  0.713963  4.84921  
0.968154  0.719616  3.8704  0.773199  1.43473  5.42427  
0.597489  0.708755  6.09638  1.04046  1.51209  2.02575  
0.997347  0.968852  6.51328  1.17072  1.52635  6.57799  
0.547569  0.89033  4.87736  0.508123  0.545138  6.07072  
0.958024  1.48826  3.11093  0.592126  2.41085  5.57364  
0.519313  2.41993  5.64832  0.617957  1.55416  5.56295  
0.535827  0.563199  6.25938  0.613844  0.566206  5.67192  
0.732035  1.27936  4.71693  0.796943  0.941882  4.36057  
0.555406  1.29418  2.83809  0.944895  0.775735  4.29522  
0.986376  0.722976  6.43201  0.505207  1.21244  4.41352  
0.83938  1.05255  3.05038  0.585575  0.55604  5.84728  
1.20216  0.631743  2.97155  0.710806  1.15252  6.32564  
0.596344  0.606058  5.52887  0.697204  2.05441  5.62127  
1.14217  0.700812  6.46572  2.01885  0.667067  6.49831  
1.02835  1.11983  4.44967  0.770812  1.12094  6.25903  
0.472807  0.995291  4.71598  1.06931  0.687892  6.42654  
1.31697  0.680806  4.64899  1.17115  0.762338  6.5485  
0.592864  2.54864  2.93997  0.585134  0.836484  5.6386  
0.498769  0.675573  4.88744  1.25671  0.958432  1.83842  
1.31512  0.77152  3.31623  0.699006  0.638563  5.77904  
0.562727  0.600492  6.26433  0.586411  1.02511  3.05414  
0.625835  0.665742  6.54068  0.827514  1.29341  3.53252  
0.596265  1.43936  3.02532  0.769803  0.625225  4.14246  
0.68715  1.56229  5.76741  0.587895  0.676056  5.34971  
0.651657  0.98579  5.6766  0.664975  0.941253  6.644  
0.693028  0.672646  6.19475  0.584055  0.660497  6.49761  
0.508601  0.699568  5.99188  0.781765  0.656654  4.47787  
0.615375  0.775273  4.23036  0.870624  1.2  3.10055  
0.965388  0.808847  2.9583  0.796548  1.37663  4.51975  
0.610883  0.914846  4.73358  0.783407  0.587264  4.19927  
0.835197  1.86059  5.0365  0.504353  1.25745  4.58272  
0.56692  1.43132  5.30318  0.579964  0.750054  5.91548  
0.664654  0.613504  5.83653  0.925482  0.596462  6.52223  
0.997979  0.661644  3.05156  1.32367  0.726504  2.6626  
1.36064  0.768519  6.63182  0.693595  1.9585  5.19037  
0.612208  0.570165  5.55538  0.602684  1.32051  4.48953  
0.528518  1.59605  5.54552  0.530183  2.79189  6.24518  
0.525739  2.5422  3.90878  0.856704  0.619293  6.50156  
0.969248  0.927678  3.00966  1.75705  0.629304  1.87048  
0.802872  0.620098  6.61393  0.830158  0.617591  5.43971  
0.632475  1.44089  6.41561  1.02771  1.79543  4.93062  
0.523212  0.899346  6.50425  0.824213  0.726635  6.67876  
0.713116  0.996877  5.05918  0.681913  0.659512  4.10803  
0.539281  0.57037  6.04031  0.601217  1.33036  5.80079  
0.566108  0.583058  5.62367  0.857895  0.674849  4.36498  
0.656661  0.801718  4.29192  0.898612  0.912779  5.27007  
0.631774  0.52742  5.65481  0.732732  0.815731  5.02117  
0.530208  0.569737  5.33662  0.781865  0.593334  6.10137  
0.705091  1.0626  4.27557  0.574267  0.917373  6.51124  
1.31497  0.632032  6.53884  0.856392  0.71722  5.93985  
0.671159  1.18282  6.35316  1.11169  1.24353  4.34673  
0.61233  0.670566  4.0632  0.597364  0.720959  5.71467  
0.623114  0.677673  6.28437  0.685499  0.706101  6.24846  
0.641959  0.766411  5.47946  0.832755  0.958666  3.27884  
1.48782  0.73787  3.55196  0.588643  1.13899  6.29534  
0.416709  0.490347  6.18479  0.582986  1.05481  4.14886  
0.69062  1.15452  4.24769  0.745796  1.50658  3.7639  
0.566818  2.54426  4.47207  0.745944  1.60851  4.1581  
0.676584  0.555489  6.46408  0.680099  0.990525  4.413  
0.816557  0.732124  5.44559  0.819945  0.679949  4.21022  
0.630273  0.869194  6.16565  0.713522  0.806061  4.25946  
0.661312  0.804092  5.48731  0.568633  0.873257  4.27652  
0.5347  0.707781  6.43172  0.536555  0.583659  5.28571  
0.728603  1.26734  6.5484  0.681312  0.635802  5.4209  
0.680345  1.30907  5.42296  0.803649  0.930718  3.16872  
0.660029  1.32797  5.81394  0.650575  0.842649  4.77714  
0.583167  1.12138  4.21538  1.08062  1.79709  6.49438  
1.05577  0.902263  3.47343  0.945097  0.673722  6.57677  
1.04341  0.683846  6.54157  0.711869  1.8178  1.72907  
1.3318  1.08881  5.20764  1.22047  0.754189  3.60844  
0.811191  1.30721  3.26695  0.715217  0.909434  4.49547  
0.838484  0.693337  2.87264  0.696723  0.415056  3.99471  
0.582401  0.671593  6.39682  0.756738  0.516715  4.78837  
0.579049  0.568639  5.31243  0.543421  1.19345  4.14981  
0.476501  0.728083  4.1265  0.813405  0.570515  4.77622  
0.528782  0.562729  6.27236  0.66078  0.783383  4.14619  
0.926433  0.720683  2.98764  0.847789  1.24684  6.15042  
0.584884  0.705135  6.27821  0.587061  0.585309  6.44872  
0.675887  0.811267  6.42888  0.677701  0.695139  5.63543  
0.801398  0.732737  6.02518  0.523245  0.530501  6.51578  
0.860078  1.32826  2.37782  0.988838  0.985531  4.73784  
0.536972  0.489953  5.71244  0.565107  0.97595  4.66455  
0.449209  0.532939  5.22509  1.01844  0.644192  3.38811  
0.833707  0.69911  6.53568  0.483477  1.77578  3.99249  
0.573512  0.469851  5.85148  0.611957  0.906822  6.42789  
1.01844  0.644192  3.38811  0.536972  0.489953  5.71244  
0.483477  1.77578  3.99249  0.449209  0.532939  5.22509  
0.54906  0.648897  6.38093  0.573512  0.469851  5.85148  
0.544774  0.955617  4.64422  0.833707  0.69911  6.53568  
0.611957  0.906822  6.42789  2.04213  0.465293  6.16923  
2.04213  0.465293  6.16923  0.54906  0.648897  6.38093  
0.605023  0.651398  4.34166  0.48523  1.15952  4.3844  
0.719206  1.70278  6.44159  1.20739  0.515206  4.0523  
0.556226  2.79665  1.75769  0.69334  0.630643  4.10968  
0.816824  1.86993  3.66129  0.435157  0.44896  6.03968  
0.690188  0.70768  5.73563  1.32009  0.701118  3.4475  
0.596117  0.729117  4.78147  0.629885  1.8982  6.28608  
0.852578  0.946252  3.00223  0.781302  0.521347  4.10424  
0.678227  1.2076  3.38227  1.18932  0.954288  3.03846  
0.771533  1.46888  3.09327  0.627459  1.90426  2.32373  
0.640217  0.813814  6.58599  0.765669  0.696715  5.54364  
0.435157  0.44896  6.03968  0.816824  1.86993  3.66129  
0.69334  0.630643  4.10968  0.640217  0.813814  6.58599  
1.20739  0.515206  4.0523  0.678227  1.2076  3.38227  
0.765669  0.696715  5.54364  0.771533  1.46888  3.09327  
0.48523  1.15952  4.3844  0.719206  1.70278  6.44159  
1.32009  0.701118  3.4475  0.690188  0.70768  5.73563  
1.18932  0.954288  3.03846  0.596117  0.729117  4.78147  
0.44002  3.08223  2.32373  0.852578  0.946252  3.00223  
0.781302  0.521347  4.10424  0.556226  2.79665  1.75769  
0.629885  1.8982  6.28608  0.605023  0.651398  4.34166  
0.569821  0.973485  3.55709  0.643744  0.731388  4.23647  
0.324579  0.391198  5.56938  0.569821  0.973485  3.55709  
0.504823  1.17367  5.19499  0.484216  1.24361  6.37236  
0.648232  0.488932  4.01125  0.498692  0.579521  5.66395  
0.561241  0.70753  4.7548  0.504823  1.17367  5.19499  
0.484216  1.24361  6.37236  0.561241  0.70753  4.7548  
0.643744  0.731388  4.23647  0.648232  0.488932  4.01125  
0.498692  0.579521  5.66395  0.490329  0.383116  5.27355  
0.44811  0.45135  6.29483  0.324579  0.391198  5.56938  
0.490329  0.383116  5.27355  0.44811  0.45135  6.29483  
0.580722  0.7312  4.06291  0.512916  0.526018  5.80897  
0.59609  0.970457  4.70336  0.940394  0.792779  3.47314  
0.723749  0.566894  4.08263  0.723749  0.566894  4.08263  
0.801094  0.662465  4.70127  0.580722  0.7312  4.06291  
0.796873  0.591461  6.04884  0.796873  0.591461  6.04884  
0.666038  0.897367  2.82575  0.589603  0.61885  6.23777  
0.940394  0.792779  3.47314  0.666038  0.897367  2.82575  
0.512916  0.526018  5.80897  0.535353  1.72619  2.93929  
0.535353  1.72619  2.93929  0.801094  0.662465  4.70127  
0.589603  0.61885  6.23777  0.59609  0.970457  4.70336  
0.151092  0.831897  2.45595  1.0293  0.961175  5.61811  
0.363176  0.975571  1.22133  0.666845  0.809246  6.35912  
0.133593  1.77544  1.22674  0.601966  0.901289  6.11624  
0.789368  0.874375  0.113406  0.516363  0.803253  6.27883  
1.10696  0.110666  1.23284  0.765746  1.32631  3.70163  
0.709877  0.432728  1.25132  0.617635  1.13104  4.18646  
2.01372  0.0395504  0.0688004  0.775925  2.02476  4.26167  
0.0564778  3.97722  0.0601803  0.670491  0.725488  6.57625  
0.263106  0.12758  3.63085  0.740213  0.72641  4.4911  
0.0182318  0.0179426  5.89742  0.71664  1.41135  4.78195  
0.670491  0.725488  6.57625  2.01372  0.0395504  0.0688004  
0.601966  0.901289  6.11624  0.363176  0.975571  1.22133  
0.775925  2.02476  4.26167  1.10696  0.110666  1.23284  
0.516363  0.803253  6.27883  0.133593  1.77544  1.22674  
0.765746  1.32631  3.70163  0.151092  0.831897  2.45595  
0.740213  0.72641  4.4911  0.789368  0.874375  0.113406  
0.71664  1.41135  4.78195  0.0564778  3.97722  0.0601803  
0.617635  1.13104  4.18646  0.263106  0.12758  3.63085  
1.0293  0.961175  5.61811  0.0194913  0.0192022  5.89868  
0.661432  0.803833  6.35371  0.709877  0.432728  1.25132  
0.6484  0.556196  4.76757  0.475811  0.476342  5.36005  
0.920866  0.503515  6.46865  0.920866  0.503515  6.46865  
0.631656  0.764114  4.41488  0.630082  1.10622  6.54445  
0.475811  0.476342  5.36005  0.681165  1.26924  6.39122  
0.701278  1.72574  1.97957  0.551318  0.865152  5.82167  
0.359158  0.418714  5.23849  0.631656  0.764114  4.41488  
0.630082  1.10622  6.54445  0.635524  0.54332  4.7547  
0.681165  1.26924  6.39122  0.701278  1.72574  1.97957  
0.551318  0.865152  5.82167  0.359158  0.418714  5.23849  
0.456346  0.461116  6.20854  0.456346  0.461116  6.20854  
0.722143  0.713812  5.29917  0.722143  0.713812  5.29917  
0.83139  0.673266  5.49996  0.791789  0.738061  4.08799  
0.645999  0.88645  4.20015  0.512986  0.96389  6.42101  
0.51775  0.537661  5.25485  0.502098  0.551672  5.27053  
0.512986  0.96389  6.42101  0.83139  0.673266  5.49996  
0.684636  0.887936  4.53962  0.645999  0.88645  4.20015  
0.675622  1.79332  2.01642  0.649066  1.0447  3.63694  
0.649066  1.0447  3.63694  0.675622  1.79332  2.01642  
0.502098  0.551672  5.27053  0.51775  0.537661  5.25485  
0.791789  0.738061  4.08799  0.684636  0.887936  4.53962  
0.710102  0.708436  5.86782  0.698573  0.787536  6.36352  
0.580988  0.840888  4.1606  0.630209  0.639413  5.5948  
0.698573  0.787536  6.36352  0.710102  0.708436  5.86782  
0.610259  0.601446  5.75143  0.912307  1.33968  6.62402  
0.912307  1.33968  6.62402  0.626339  1.34145  3.77515  
0.626339  1.34145  3.77515  0.581306  0.721365  5.27214  
1.11668  0.557038  3.74295  0.610259  0.601446  5.75143  
0.630209  0.639413  5.5948  0.587254  0.696662  5.56467  
0.587254  0.696662  5.56467  1.11668  0.557038  3.74295  
0.581306  0.721365  5.27214  0.580988  0.840888  4.1606  
0.582453  0.423001  6.25356  0.264259  0.399143  5.03968  
0.546282  0.341337  3.90242  0.740363  0.410102  5.08084  
0.739788  0.409527  5.08027  0.308712  0.308673  6.27218  
0.717731  0.400838  3.98712  0.546282  0.341337  3.90242  
1.27154  0.517241  1.57526  0.582453  0.423001  6.25356  
0.264259  0.399143  5.03968  0.717731  0.400838  3.98712  
0.65369  0.412623  5.29485  0.65369  0.412623  5.29485  
0.308712  0.308673  6.27218  1.27154  0.517241  1.57526  
0.407355  1.32608  2.726  0.407355  1.32608  2.726  
0.29737  0.693242  4.06707  0.29737  0.693242  4.06707  
0.722111  0.613368  4.10761  0.90748  0.701154  3.70488  
0.724729  0.600751  6.33177  0.88463  1.49402  2.62114  
0.934403  0.61444  4.41681  0.555484  1.46982  6.28557  
0.555484  1.46982  6.28557  0.78244  0.668115  6.33304  
0.910263  0.543822  4.19007  0.934403  0.61444  4.41681  
0.807945  0.549502  6.45361  0.910263  0.543822  4.19007  
0.88463  1.49402  2.62114  0.724729  0.600751  6.33177  
0.57322  0.56834  6.48401  0.807945  0.549502  6.45361  
0.78244  0.668115  6.33304  0.57322  0.56834  6.48401  
0.584449  0.724838  5.95298  0.584449  0.724838  5.95298  
0.519098  0.472726  5.25433  0.519098  0.472726  5.25433  
0.399052  1.19997  2.69872  0.451413  0.600038  5.42338  
0.670707  0.522846  4.87359  0.615968  1.05906  3.90723  
0.615968  1.05906  3.90723  0.633412  0.432631  5.13555  
0.459923  0.485927  5.69164  0.670707  0.522846  4.87359  
0.633412  0.432631  5.13555  0.881429  0.484048  2.82243  
0.37075  0.473434  5.59212  0.37075  0.473434  5.59212  
0.796778  0.498822  4.78628  0.459923  0.485927  5.69164  
0.451413  0.600038  5.42338  0.399052  1.19997  2.69872  
0.881429  0.484048  2.82243  0.811986  0.51403  4.80149  
0.528789  0.536821  2.59342  1.29191  0.661436  0.660498  
0.49728  0.318371  5.84025  0.136512  0.141449  6.11054  
0.330961  0.499127  4.13659  0.210114  0.903109  3.79305  
1.29191  0.661436  0.660498  0.49728  0.318371  5.84025  
1.05866  0.394993  2.12679  0.346079  0.514246  4.15171  
0.272433  0.194924  4.96381  0.454217  0.242198  3.78309  
0.239365  0.486447  6.21313  0.239365  0.486447  6.21313  
0.136512  0.141449  6.11054  0.528789  0.536821  2.59342  
0.210114  0.903109  3.79305  0.272433  0.194924  4.96381  
0.454217  0.242198  3.78309  1.05866  0.394993  2.12679  
0.456948  0.778117  1.21566  0.174568  0.168257  3.65908  
0.135725  1.70975  1.22115  0.267574  0.506616  2.41864  
0.0237986  4.00154  0.0278334  1.3708  0.0202932  1.2681  
0.851953  0.254976  1.21293  0.0237986  4.00154  0.0278334  
1.3708  0.0202932  1.2681  0.135725  1.70975  1.22115  
2.01298  0.0259017  0.0327801  0.456948  0.778117  1.21566  
0.768238  0.897993  0.0905254  0.768238  0.897993  0.0905254  
0.0172517  0.0172559  5.89049  0.851953  0.254976  1.21293  
0.267574  0.506616  2.41864  2.01298  0.0259017  0.0327801  
0.174568  0.168257  3.65908  0.0172517  0.0172559  5.89049  
0.248539  0.2678  5.9027  0.492484  0.71399  5.94232  
0.556182  0.321671  4.13192  0.282056  0.523004  5.9631  
0.282056  0.523004  5.9631  0.283192  0.317273  5.02989  
0.904541  0.629928  6.21304  0.556182  0.321671  4.13192  
0.731598  0.28614  6.18815  1.18293  0.494086  1.52466  
0.492484  0.71399  5.94232  0.35487  0.417648  3.86555  
0.283192  0.317273  5.02989  0.248539  0.2678  5.9027  
0.805919  0.45329  2.76202  0.805919  0.45329  2.76202  
1.18293  0.494086  1.52466  0.731598  0.28614  6.18815  
0.346257  0.409034  3.85693  0.904541  0.629928  6.21304  
0.33108  0.321586  6.1966  0.410321  0.917552  3.58485  
1.25234  0.450459  1.49844  0.334824  0.723876  4.1322  
0.62634  0.306001  4.1876  0.241691  0.346142  5.41627  
0.410321  0.917552  3.58485  0.33108  0.321586  6.1966  
0.335129  0.313976  5.3634  0.298987  0.349862  5.73601  
0.241691  0.346142  5.41627  1.25234  0.450459  1.49844  
0.334824  0.723876  4.1322  0.389796  0.354463  5.13234  
0.240106  0.84654  3.85734  0.335129  0.313976  5.3634  
0.396687  0.361354  5.13923  0.240106  0.84654  3.85734  
0.298987  0.349862  5.73601  0.62634  0.306001  4.1876  
0.582757  1.18268  6.47109  0.473261  0.508958  6.03042  
0.507378  1.92469  6.32921  0.507378  1.92469  6.32921  
0.434481  0.540949  5.86856  0.673315  1.11047  5.11727  
0.503214  0.88871  4.98507  0.591121  2.06763  5.3465  
0.591121  2.06763  5.3465  0.406394  0.512862  5.84048  
0.551802  0.464075  6.38712  0.503214  0.88871  4.98507  
0.542107  1.073  5.06449  0.542107  1.073  5.06449  
0.473261  0.508958  6.03042  0.551802  0.464075  6.38712  
0.673315  1.11047  5.11727  0.582757  1.18268  6.47109  
0.426136  0.42438  6.31461  0.426136  0.42438  6.31461  
1.09288  0.666425  3.54281  0.434344  1.17178  4.72816  
0.708625  0.64297  4.11936  0.461404  0.846297  6.31961  
0.498946  0.93805  4.81487  0.838511  1.4543  2.03515  
0.461404  0.846297  6.31961  0.457623  0.726551  4.09567  
0.714535  0.679028  4.23631  0.708625  0.64297  4.11936  
0.414143  0.618466  6.38021  0.407732  0.371157  5.14949  
0.487879  0.756807  4.12592  0.714535  0.679028  4.23631  
0.434344  1.17178  4.72816  0.498946  0.93805  4.81487  
0.838511  1.4543  2.03515  1.09288  0.666425  3.54281  
0.407732  0.371157  5.14949  0.414143  0.618466  6.38021  
0.651042  0.556918  4.95877  0.357872  0.498211  5.23994  
0.584938  0.594027  4.66059  0.711681  1.29168  2.44426  
0.47958  0.477158  4.09899  0.46678  0.431615  6.01965  
0.475113  0.385178  5.46371  0.738884  0.475967  6.32147  
0.711681  1.29168  2.44426  0.467986  0.598306  6.35449  
0.599274  0.391343  3.929  0.47958  0.477158  4.09899  
0.46678  0.431615  6.01965  0.584938  0.594027  4.66059  
0.357872  0.498211  5.23994  0.651042  0.556918  4.95877  
0.467986  0.598306  6.35449  0.475113  0.385178  5.46371  
0.738884  0.475967  6.32147  0.599274  0.391343  3.929  
0.373346  0.692901  5.52448  0.408777  1.16388  3.89119  
0.538984  0.352481  5.00922  0.431176  0.279661  4.39003  
0.406635  0.331865  5.80223  0.52629  0.292286  4.19227  
0.621888  1.02721  5.80548  0.2768  0.754702  4.08295  
0.792297  0.600152  3.65281  0.314232  0.546307  5.9195  
0.340905  1.1094  2.8368  0.997205  0.695786  3.14102  
0.840624  0.48865  3.58644  0.231063  0.2237  5.27804  
0.237319  1.71344  2.65529  0.436774  0.440113  5.87833  
0.261921  0.290863  5.52105  1.08889  0.21139  5.86826  
0.210488  0.471919  6.18336  0.339868  0.403593  4.62479  
0.257582  0.515967  5.22288  0.792297  0.600152  3.65281  
0.279362  0.282607  6.18513  0.540161  0.353657  5.0104  
0.871189  0.326265  6.29135  0.210488  0.471919  6.18336  
0.472213  0.366248  4.93134  0.373346  0.692901  5.52448  
0.255036  0.312658  5.17672  0.406635  0.331865  5.80223  
0.467803  0.884598  2.67528  0.840624  0.48865  3.58644  
0.72158  0.476003  2.67336  0.340905  1.1094  2.8368  
0.231695  0.228743  6.07182  0.261921  0.290863  5.52105  
0.517303  1.0168  5.9938  0.621888  1.02721  5.80548  
0.959914  0.3834  3.09876  0.237319  1.71344  2.65529  
0.839241  0.431496  1.41916  0.257582  0.515967  5.22288  
0.0511739  0.201227  4.82099  0.517303  1.0168  5.9938  
1.90662  0.199398  0.229385  0.231695  0.228743  6.07182  
0.696539  0.167465  2.54269  0.72158  0.476003  2.67336  
0.224328  1.74394  1.33149  0.279362  0.282607  6.18513  
0.169114  1.233  2.60955  0.255036  0.312658  5.17672  
0.0619243  0.062041  5.98797  0.871189  0.326265  6.29135  
0.286593  0.142142  3.91311  0.472213  0.366248  4.93134  
0.1639  0.585882  3.72529  0.972887  0.396373  3.11173  
0.20316  0.179524  5.51137  0.467803  0.884598  2.67528  
0.133974  1.68411  1.21517  0.839241  0.431496  1.41916  
0.749752  0.909852  0.083638  0.20316  0.179524  5.51137  
0.0121418  3.99315  0.0161835  1.90662  0.199398  0.229385  
1.40174  0.0145725  1.20709  0.1639  0.585882  3.72529  
0.404976  0.859297  1.20781  0.224328  1.74394  1.33149  
0.0116947  0.0116796  5.88468  0.0511739  0.201227  4.82099  
0.781054  0.303219  1.21425  0.286593  0.142142  3.91311  
0.169732  0.182264  3.61887  0.169114  1.233  2.60955  
1.97647  0.016666  0.0229236  0.696539  0.167465  2.54269  
0.548997  0.121462  2.41217  0.0619243  0.062041  5.98797  
1.00943  0.358385  1.36813  0.749752  0.909852  0.083638  
0.174512  0.228271  4.92145  0.781054  0.303219  1.21425  
0.21201  0.164387  5.38449  0.0116947  0.0116796  5.88468  
0.326721  0.279375  5.32314  1.40174  0.0145725  1.20709  
0.216882  0.606229  4.58255  0.229524  0.242056  3.67866  
0.357379  0.94558  2.85486  0.133974  1.68411  1.21517  
0.212713  0.204088  5.98839  1.97647  0.016666  0.0229236  
0.406491  0.238323  3.75794  0.404976  0.859297  1.20781  
0.141807  0.150065  6.00719  0.0121418  3.99315  0.0161835  
0.38973  1.44593  1.47155  0.548997  0.121462  2.41217  
0.593265  0.306938  2.63943  0.216882  0.606229  4.58255  
0.162873  0.156477  6.0162  1.00943  0.358385  1.36813  
0.357696  0.507796  4.21992  0.326721  0.279375  5.32314  
0.138977  0.430321  3.6643  0.21201  0.164387  5.38449  
0.196751  0.645501  4.33142  0.38973  1.44593  1.47155  
1.11833  0.812373  0.443335  0.357379  0.94558  2.85486  
0.408127  2.11381  0.967851  0.212713  0.204088  5.98839  
0.449215  0.331353  5.82659  0.141807  0.150065  6.00719  
0.756611  0.215395  2.88227  0.430765  0.262598  3.78222  
0.176916  1.56847  2.65738  0.174512  0.228271  4.92145  
0.650293  0.693386  2.73378  0.449215  0.331353  5.82659  
0.197378  0.382937  4.97564  0.408127  2.11381  0.967851  
0.2549  0.495805  3.92061  0.357696  0.507796  4.21992  
0.606473  0.30636  3.88401  0.138977  0.430321  3.6643  
0.616031  0.369714  5.82353  1.11833  0.812373  0.443335  
0.259414  0.584188  3.79063  0.176916  1.56847  2.65738  
0.17793  0.198894  5.06851  0.162873  0.156477  6.0162  
0.413817  0.423846  6.15512  0.756611  0.215395  2.88227  
0.272325  0.283704  5.00479  0.197107  0.645857  4.33177  
0.398124  1.70269  1.60161  0.593265  0.306938  2.63943  
0.427052  0.322785  6.25626  0.272325  0.283704  5.00479  
0.995833  0.653282  1.58225  0.17793  0.198894  5.06851  
0.307979  0.570332  5.83096  0.413817  0.423846  6.15512  
0.391708  0.37227  3.94389  0.255592  0.496497  3.9213  
0.300224  0.334315  3.804  0.616031  0.369714  5.82353  
0.399773  0.499841  4.57708  0.398124  1.70269  1.60161  
0.278093  0.278767  6.15504  0.650293  0.693386  2.73378  
0.318866  0.307266  6.04365  0.197378  0.382937  4.97564  
0.395213  0.348949  4.12532  0.606473  0.30636  3.88401  
0.241878  1.44824  2.77596  0.259414  0.584188  3.79063  
0.431176  0.279661  4.39003  0.399773  0.499841  4.57708  
1.08889  0.21139  5.86826  0.300224  0.334315  3.804  
0.997205  0.695786  3.14102  0.278093  0.278767  6.15504  
0.339868  0.403593  4.62479  0.434266  0.329998  6.26348  
0.314232  0.546307  5.9195  0.391708  0.37227  3.94389  
0.546777  0.312773  4.21275  0.241878  1.44824  2.77596  
0.436774  0.440113  5.87833  0.318866  0.307266  6.04365  
0.231063  0.2237  5.27804  0.995833  0.653282  1.58225  
0.2768  0.754702  4.08295  0.307979  0.570332  5.83096  
0.408777  1.16388  3.89119  0.395213  0.348949  4.12532  
0.387398  0.254318  4.92266  0.293598  0.497732  3.88992  
0.234237  2.49683  2.27923  0.342679  1.18277  2.73565  
0.22501  0.152434  4.91884  0.387398  0.254318  4.92266  
0.256929  0.317385  5.49147  0.46388  0.120745  3.8945  
0.342679  1.18277  2.73565  0.22501  0.152434  4.91884  
0.46388  0.120745  3.8945  0.234237  2.49683  2.27923  
0.346843  0.551199  3.86821  0.346843  0.551199  3.86821  
0.293598  0.497732  3.88992  0.256929  0.317385  5.49147  
0.812506  0.297356  2.68416  0.786959  0.271809  2.65861  
0.445803  0.603849  2.80633  0.445803  0.603849  2.80633  
0.53515  0.0932034  6.06076  0.0155375  0.0134949  5.8746  
0.590917  0.39798  4.16633  0.59083  0.232928  3.4979  
0.0874943  0.110571  5.03039  0.446441  0.866673  1.24485  
0.208249  0.172338  4.09067  0.298601  1.32547  1.2805  
0.358316  0.698682  5.48627  0.132857  0.0387596  4.83203  
0.202605  0.213598  5.90894  0.135976  1.35527  5.25893  
0.107854  0.579612  4.0275  0.177485  0.169144  3.6154  
0.492801  0.964476  2.7047  0.356499  0.477474  2.72778  
0.224086  0.810636  2.75393  0.231864  1.49121  1.3906  
0.312897  0.48405  2.46764  0.850338  0.345791  1.37932  
0.0565892  0.582781  3.7779  0.508945  0.225958  2.45101  
0.0900197  0.0480724  5.76406  0.0915631  0.31327  4.75754  
0.388604  0.102426  4.92237  0.204184  0.0865602  5.934  
0.548962  0.0942444  5.81532  0.0516349  0.204446  5.01495  
0.106976  2.06372  1.58648  0.737313  0.0848565  2.51092  
0.475816  0.22861  2.85256  0.449876  0.834704  1.22952  
0.119027  0.430175  3.72167  0.271967  0.609496  3.04666  
0.924462  0.379441  1.52667  0.19988  0.732851  2.81947  
0.348216  0.204481  6.03971  0.422107  0.0528253  3.76588  
0.235534  1.08236  5.57487  0.0928845  0.0977301  4.94844  
1.00296  0.0627375  5.56496  0.590917  0.39798  4.16633  
0.0707821  0.0696471  6.05649  0.492801  0.964476  2.7047  
0.269818  0.154312  3.80019  0.312897  0.48405  2.46764  
0.946134  0.221113  1.2713  0.0874943  0.110571  5.03039  
0.0544986  1.32196  3.54715  0.53515  0.0932034  6.06076  
0.168696  0.149212  3.93808  0.358316  0.698682  5.48627  
0.113873  0.113184  5.96398  0.107854  0.579612  4.0275  
0.149753  0.22219  4.90924  0.224086  0.810636  2.75393  
0.0997096  0.11765  4.94706  0.208249  0.172338  4.09067  
0.40312  0.478236  3.07089  0.20262  0.213613  5.90895  
0.0182735  0.0138404  5.86555  0.388604  0.102426  4.92237  
0.0842532  0.0595188  5.77022  0.475816  0.22861  2.85256  
0.927991  0.15477  1.74856  0.106976  2.06372  1.58648  
0.135862  0.30125  3.80711  0.119027  0.430175  3.72167  
1.09382  0.441479  0.0506966  0.357912  0.214176  6.04941  
0.167082  0.162252  4.4015  0.0900197  0.0480724  5.76406  
0.402861  0.0296757  3.6173  0.0565892  0.582781  3.7779  
0.132252  0.895145  2.41985  0.924462  0.379441  1.52667  
0.388431  0.281632  2.40817  0.548962  0.0942444  5.81532  
0.248713  1.27188  1.69546  0.235534  1.08236  5.57487  
0.00363406  3.92821  0.00762419  0.388431  0.281632  2.40817  
0.280209  1.10322  1.2059  0.0182735  0.0138404  5.86555  
0.158968  0.152466  3.61954  0.0842532  0.0595188  5.77022  
1.36018  0.00181804  1.21327  1.09422  0.441887  0.051104  
0.763993  0.842195  0.0647291  0.135862  0.30125  3.80711  
0.829086  0.236484  1.21168  0.248713  1.27188  1.69546  
0.126633  1.6226  1.2025  0.402861  0.0296757  3.6173  
1.99894  0.00612199  0.0093542  0.167082  0.162252  4.4015  
0.00461156  0.00465324  5.97931  0.132252  0.895145  2.41985  
0.556025  0.560404  1.19681  0.927991  0.15477  1.74856  
1.32533  0.104164  1.43073  0.00461156  0.00465324  5.97931  
0.629969  0.529476  1.22615  1.36018  0.00181804  1.21327  
0.219474  0.0255651  6.01991  1.99894  0.00612199  0.0093542  
0.189972  0.160921  4.34156  0.00363406  3.92821  0.00762419  
0.164239  0.577713  5.92744  0.829086  0.236484  1.21168  
0.0438448  0.0491191  5.78055  0.126633  1.6226  1.2025  
0.242402  0.0574521  5.98717  0.764159  0.842361  0.064895  
0.201091  0.25254  3.67686  0.280209  1.10322  1.2059  
0.0211059  0.117108  5.34938  0.556025  0.560404  1.19681  
0.31676  1.18696  1.66621  0.158968  0.152466  3.61954  
0.132857  0.0387596  4.83203  0.403154  0.478269  3.07092  
0.0155375  0.0134949  5.8746  0.168696  0.149212  3.93808  
0.298601  1.32547  1.2805  0.0997096  0.11765  4.94706  
0.135976  1.35527  5.25893  0.0707821  0.0696471  6.05649  
0.446441  0.866673  1.24485  0.149753  0.22219  4.90924  
0.59083  0.232928  3.4979  0.946134  0.221113  1.2713  
0.177485  0.169144  3.6154  0.269818  0.154312  3.80019  
0.232433  1.49178  1.39116  0.0544986  1.32196  3.54715  
0.850338  0.345791  1.37932  1.00296  0.0627375  5.56496  
0.356499  0.477474  2.72778  0.113873  0.113184  5.96398  
0.388656  0.0408422  3.62662  0.0438448  0.0491191  5.78055  
0.147048  0.412119  5.31983  0.219474  0.0255651  6.01991  
0.530369  0.683384  1.24815  0.31676  1.18696  1.66621  
0.292344  0.119741  4.01742  0.0878996  0.385868  4.34156  
0.471373  0.13997  4.33049  0.201091  0.25254  3.67686  
0.0269274  0.0964444  5.75611  0.0211059  0.117108  5.34938  
0.192439  0.270741  4.06809  0.629969  0.529476  1.22615  
0.647904  0.0926735  2.58939  1.32533  0.104164  1.43073  
0.0723429  0.0905538  5.98191  0.164239  0.577713  5.92744  
0.248711  0.328568  5.82106  0.242402  0.0574521  5.98717  
0.102683  0.0545161  5.51493  0.520853  0.166829  4.74846  
0.029131  0.0291351  6.00159  0.290147  0.762397  5.54847  
0.456964  0.205181  2.99575  0.0900031  0.543323  3.64549  
0.672467  0.638492  1.42168  0.456964  0.205181  2.99575  
0.290147  0.762397  5.54847  0.029131  0.0291351  6.00159  
0.409419  0.949225  1.53051  0.409419  0.949225  1.53051  
0.0900031  0.543323  3.64549  0.0718717  0.0720273  6.01108  
0.377134  0.800423  5.8407  0.102683  0.0545161  5.51493  
0.520216  0.166191  4.74783  0.377134  0.800423  5.8407  
0.0718717  0.0720273  6.01108  0.672467  0.638492  1.42168  
0.0516349  0.204446  5.01495  0.388656  0.0408422  3.62662  
0.271967  0.609496  3.04666  0.530503  0.683517  1.24829  
0.422111  0.0528302  3.76589  0.248711  0.328568  5.82106  
0.204184  0.0865602  5.934  0.292344  0.119741  4.01742  
0.449876  0.834704  1.22952  0.647904  0.0926735  2.58939  
0.737313  0.0848565  2.51092  0.0723429  0.0905538  5.98191  
0.508945  0.225958  2.45101  0.147048  0.412119  5.31983  
0.0928845  0.0977301  4.94844  0.0269274  0.0964444  5.75611  
0.19988  0.732851  2.81947  0.471373  0.13997  4.33049  
0.0915631  0.31327  4.75754  0.192439  0.270741  4.06809  
0.000571972  0.000551314  5.87588  0.241188  0.485465  2.39644  
0.0004396  3.91428  0.00193059  0.114202  1.66964  1.19437  
0.151276  0.149264  3.6247  0.000571972  0.000551314  5.87588  
0.764063  0.840363  0.0587163  0.349184  0.933659  1.19326  
0.114202  1.66964  1.19437  1.97797  0.000218666  0.00233291  
0.241188  0.485465  2.39644  1.04173  0.0872515  1.19337  
1.04173  0.0872515  1.19337  0.151276  0.149264  3.6247  
0.682765  0.379853  1.20002  0.0004396  3.91428  0.00193059  
1.97797  0.000218666  0.00233291  0.682765  0.379853  1.20002  
0.349184  0.933659  1.19326  0.764063  0.840363  0.0587163  
0.764063  0.840363  0.0587163  0.114202  1.66964  1.19437  
0.682765  0.379853  1.20002  0.151276  0.149264  3.6247  
0.151276  0.149264  3.6247  0.000571972  0.000551314  5.87588  
0.241188  0.485465  2.39644  0.764063  0.840363  0.0587163  
1.04173  0.0872515  1.19337  0.241188  0.485465  2.39644  
0.349184  0.933659  1.19326  1.04173  0.0872515  1.19337  
0.000571972  0.000551314  5.87588  0.0004396  3.91428  0.00193059  
0.0004396  3.91428  0.00193059  1.97797  0.000218666  0.00233291  
1.97797  0.000218666  0.00233291  0.349184  0.933659  1.19326  
0.114202  1.66964  1.19437  0.682765  0.379853  1.20002  
0.000571972  0.000551314  5.87588  0.151276  0.149264  3.6247  
1.97797  0.000218666  0.00233291  0.0004396  3.91428  0.00193059  
1.04173  0.0872515  1.19337  0.241188  0.485465  2.39644  
0.114202  1.66964  1.19437  0.000571972  0.000551314  5.87588  
0.0004396  3.91428  0.00193059  1.04173  0.0872515  1.19337  
0.764063  0.840363  0.0587163  0.764063  0.840363  0.0587163  
0.151276  0.149264  3.6247  1.97797  0.000218666  0.00233291  
0.682765  0.379853  1.20002  0.682765  0.379853  1.20002  
0.241188  0.485465  2.39644  0.349184  0.933659  1.19326  
0.349184  0.933659  1.19326  0.114202  1.66964  1.19437  
1.04173  0.0872515  1.19337  0.151276  0.149264  3.6247  
0.151276  0.149264  3.6247  0.241188  0.485465  2.39644  
0.682765  0.379853  1.20002  0.682765  0.379853  1.20002  
0.349184  0.933659  1.19326  1.97797  0.000218666  0.00233291  
1.97797  0.000218666  0.00233291  0.000571972  0.000551314  5.87588  
0.000571972  0.000551314  5.87588  0.114202  1.66964  1.19437  
0.0004396  3.91428  0.00193059  0.764063  0.840363  0.0587163  
0.114202  1.66964  1.19437  1.04173  0.0872515  1.19337  
0.764063  0.840363  0.0587163  0.349184  0.933659  1.19326  
0.241188  0.485465  2.39644  0.0004396  3.91428  0.00193059  
0.682765  0.379853  1.20002  0.349184  0.933659  1.19326  
1.97797  0.000218666  0.00233291  0.151276  0.149264  3.6247  
0.349184  0.933659  1.19326  0.241188  0.485465  2.39644  
0.0004396  3.91428  0.00193059  1.97797  0.000218666  0.00233291  
0.000571972  0.000551314  5.87588  0.682765  0.379853  1.20002  
0.114202  1.66964  1.19437  1.04173  0.0872515  1.19337  
0.151276  0.149264  3.6247  0.764063  0.840363  0.0587163  
0.764063  0.840363  0.0587163  0.0004396  3.91428  0.00193059  
1.04173  0.0872515  1.19337  0.000571972  0.000551314  5.87588  
0.241188  0.485465  2.39644  0.114202  1.66964  1.19437  
1.04173  0.0872515  1.19337  0.241188  0.485465  2.39644  
0.114202  1.66964  1.19437  0.682765  0.379853  1.20002  
1.97797  0.000218666  0.00233291  1.15951  0.000128184  5.19845  
0.241188  0.485465  2.39644  0.349184  0.933659  1.19326  
0.000571972  0.000551314  5.87588  0.0004396  3.91428  0.00193059  
0.682765  0.379853  1.20002  0.151276  0.149264  3.6247  
0.151276  0.149264  3.6247  0.764063  0.840363  0.0587163  
0.0004396  3.91428  0.00193059  0.000571972  0.000551314  5.87588  
0.764063  0.840363  0.0587163  0.114202  1.66964  1.19437  
0.349184  0.933659  1.19326  1.04173  0.0872515  1.19337  
1.97797  0.000218666  0.00233291  0.349184  0.933659  1.19326  
0.682765  0.379853  1.20002  0.682765  0.379853  1.20002  
1.04173  0.0872515  1.19337  0.000571972  0.000551314  5.87588  
0.241188  0.485465  2.39644  0.0004396  3.91428  0.00193059  
0.000571972  0.000551314  5.87588  0.764063  0.840363  0.0587163  
0.0004396  3.91428  0.00193059  0.241188  0.485465  2.39644  
0.114202  1.66964  1.19437  1.97797  0.000218666  0.00233291  
0.764063  0.840363  0.0587163  0.151276  0.149264  3.6247  
0.349184  0.933659  1.19326  1.04173  0.0872515  1.19337  
0.151276  0.149264  3.6247  0.114202  1.66964  1.19437  
0.0004396  3.91428  0.00193059  0.349184  0.933659  1.19326  
0.114202  1.66964  1.19437  1.97797  0.000218666  0.00233291  
0.000571972  0.000551314  5.87588  0.0004396  3.91428  0.00193059  
0.151276  0.149264  3.6247  1.04173  0.0872515  1.19337  
0.764063  0.840363  0.0587163  0.114202  1.66964  1.19437  
0.682765  0.379853  1.20002  0.682765  0.379853  1.20002  
0.241188  0.485465  2.39644  0.000571972  0.000551314  5.87588  
1.97797  0.000218666  0.00233291  0.241188  0.485465  2.39644  
1.04173  0.0872515  1.19337  0.151276  0.149264  3.6247  
0.349184  0.933659  1.19326  0.764063  0.840363  0.0587163  
0.241188  0.485465  2.39644  0.114202  1.66964  1.19437  
0.0004396  3.91428  0.00193059  0.0004396  3.91428  0.00193059  
1.04173  0.0872515  1.19337  1.04173  0.0872515  1.19337  
0.151276  0.149264  3.6247  0.682765  0.379853  1.20002  
0.114202  1.66964  1.19437  0.241188  0.485465  2.39644  
0.000571972  0.000551314  5.87588  0.151276  0.149264  3.6247  
1.97797  0.000218666  0.00233291  0.000571972  0.000551314  5.87588  
0.349184  0.933659  1.19326  1.97797  0.000218666  0.00233291  
0.764063  0.840363  0.0587163  0.764063  0.840363  0.0587163  
0.682765  0.379853  1.20002  0.349184  0.933659  1.19326  
0.114202  1.66964  1.19437  0.349184  0.933659  1.19326  
0.151276  0.149264  3.6247  0.114202  1.66964  1.19437  
0.241188  0.485465  2.39644  0.0004396  3.91428  0.00193059  
1.04173  0.0872515  1.19337  0.151276  0.149264  3.6247  
0.0004396  3.91428  0.00193059  1.04173  0.0872515  1.19337  
0.349184  0.933659  1.19326  0.000571972  0.000551314  5.87588  
0.682765  0.379853  1.20002  1.97797  0.000218666  0.00233291  
1.97797  0.000218666  0.00233291  0.241188  0.485465  2.39644  
0.000571972  0.000551314  5.87588  0.764063  0.840363  0.0587163  
0.764063  0.840363  0.0587163  0.682765  0.379853  1.20002  
0.000585994  0.000575021  5.87452  0.257493  1.158  1.19888  
0.000382519  3.92123  0.000535858  0.129251  2.58492  0.000535858  
0.257493  1.158  1.19888  0.000382519  3.92123  0.000535858  
0.154825  0.149879  3.59958  1.98059  0.000183138  0.000535858  
1.16274  0.367173  0.000535858  1.16274  0.367173  0.000535858  
1.02582  0.0929332  1.20196  0.000585994  0.000575021  5.87452  
1.98059  0.000183138  0.000535858  0.154825  0.149879  3.59958  
0.553394  0.553203  1.19757  1.02582  0.0929332  1.20196  
0.129251  2.58492  0.000535858  0.553394  0.553203  1.19757  
0.607494  1.1285  0.000535858  0.607494  1.1285  0.000535858  
1.98059  0.000183138  0.000535858  0.257493  1.158  1.19888  
0.154825  0.149879  3.59958  0.607494  1.1285  0.000535858  
0.257493  1.158  1.19888  1.16274  0.367173  0.000535858  
0.000585994  0.000575021  5.87452  1.98059  0.000183138  0.000535858  
0.000382519  3.92123  0.000535858  0.129251  2.58492  0.000535858  
0.129251  2.58492  0.000535858  0.553394  0.553203  1.19757  
1.16274  0.367173  0.000535858  0.154825  0.149879  3.59958  
0.607494  1.1285  0.000535858  0.000382519  3.92123  0.000535858  
1.02582  0.0929332  1.20196  1.02582  0.0929332  1.20196  
0.553394  0.553203  1.19757  0.000585994  0.000575021  5.87452  
0.000382519  3.92123  0.000535858  0.607494  1.1285  0.000535858  
1.98059  0.000183138  0.000535858  0.000585994  0.000575021  5.87452  
0.154825  0.149879  3.59958  0.129251  2.58492  0.000535858  
1.16274  0.367173  0.000535858  0.976244  0.088442  1.90891  
0.000585994  0.000575021  5.87452  0.257493  1.158  1.19888  
0.553394  0.553203  1.19757  0.000382519  3.92123  0.000535858  
1.02582  0.0929332  1.20196  0.154825  0.149879  3.59958  
0.257493  1.158  1.19888  0.553394  0.553203  1.19757  
0.607494  1.1285  0.000535858  1.98059  0.000183138  0.000535858  
0.129251  2.58492  0.000535858  1.16274  0.367173  0.000535858  
1.02582  0.0929332  1.20196  1.98059  0.000183138  0.000535858  
0.257493  1.158  1.19888  1.16274  0.367173  0.000535858  
0.129251  2.58492  0.000535858  0.154825  0.149879  3.59958  
1.16274  0.367173  0.000535858  1.02582  0.0929332  1.20196  
1.98059  0.000183138  0.000535858  0.607494  1.1285  0.000535858  
0.154825  0.149879  3.59958  0.553394  0.553203  1.19757  
0.607494  1.1285  0.000535858  0.000382519  3.92123  0.000535858  
0.000585994  0.000575021  5.87452  0.257493  1.158  1.19888  
0.553394  0.553203  1.19757  0.000585994  0.000575021  5.87452  
0.000382519  3.92123  0.000535858  0.129251  2.58492  0.000535858  
1.98059  0.000183138  0.000535858  1.02582  0.0929332  1.20196  
1.02582  0.0929332  1.20196  0.000585994  0.000575021  5.87452  
0.000585994  0.000575021  5.87452  0.607494  1.1285  0.000535858  
0.553394  0.553203  1.19757  0.129251  2.58492  0.000535858  
0.257493  1.158  1.19888  0.257493  1.158  1.19888  
0.607494  1.1285  0.000535858  1.16274  0.367173  0.000535858  
0.000382519  3.92123  0.000535858  0.000382519  3.92123  0.000535858  
0.154825  0.149879  3.59958  0.154825  0.149879  3.59958  
0.129251  2.58492  0.000535858  1.98059  0.000183138  0.000535858  
1.16274  0.367173  0.000535858  0.553394  0.553203  1.19757  
1.16274  0.367173  0.000535858  0.154825  0.149879  3.59958  
1.02582  0.0929332  1.20196  0.000382519  3.92123  0.000535858  
0.154825  0.149879  3.59958  1.02582  0.0929332  1.20196  
0.129251  2.58492  0.000535858  1.16274  0.367173  0.000535858  
0.000382519  3.92123  0.000535858  0.607494  1.1285  0.000535858  
0.000585994  0.000575021  5.87452  0.257493  1.158  1.19888  
0.607494  1.1285  0.000535858  0.129251  2.58492  0.000535858  
0.257493  1.158  1.19888  0.553394  0.553203  1.19757  
1.98059  0.000183138  0.000535858  1.98059  0.000183138  0.000535858  
0.553394  0.553203  1.19757  0.000585994  0.000575021  5.87452  
1.16274  0.367173  0.000535858  0.607494  1.1285  0.000535858  
0.000585994  0.000575021  5.87452  0.000585994  0.000575021  5.87452  
0.000382519  3.92123  0.000535858  1.16274  0.367173  0.000535858  
1.02582  0.0929332  1.20196  0.553394  0.553203  1.19757  
0.553394  0.553203  1.19757  0.129251  2.58492  0.000535858  
0.257493  1.158  1.19888  0.000382519  3.92123  0.000535858  
0.129251  2.58492  0.000535858  0.257493  1.158  1.19888  
0.154825  0.149879  3.59958  1.02582  0.0929332  1.20196  
0.607494  1.1285  0.000535858  1.98059  0.000183138  0.000535858  
1.98059  0.000183138  0.000535858  0.154825  0.149879  3.59958  
0.553394  0.553203  1.19757  0.257493  1.158  1.19888  
1.02582  0.0929332  1.20196  0.129251  2.58492  0.000535858  
0.257493  1.158  1.19888  1.02582  0.0929332  1.20196  
0.129251  2.58492  0.000535858  1.98059  0.000183138  0.000535858  
0.607494  1.1285  0.000535858  0.154825  0.149879  3.59958  
1.16274  0.367173  0.000535858  1.16274  0.367173  0.000535858  
0.000382519  3.92123  0.000535858  0.607494  1.1285  0.000535858  
0.154825  0.149879  3.59958  0.000585994  0.000575021  5.87452  
1.98059  0.000183138  0.000535858  0.634251  0.440702  1.19757  
0.000585994  0.000575021  5.87452  0.000382519  3.92123  0.000535858  
1.98059  0.000183138  0.000535858  0.000585994  0.000575021  5.87452  
0.257493  1.158  1.19888  1.16274  0.367173  0.000535858  
0.000382519  3.92123  0.000535858  0.154825  0.149879  3.59958  
0.553394  0.553203  1.19757  0.257493  1.158  1.19888  
0.000585994  0.000575021  5.87452  0.000382519  3.92123  0.000535858  
1.16274  0.367173  0.000535858  0.553394  0.553203  1.19757  
0.129251  2.58492  0.000535858  0.607494  1.1285  0.000535858  
0.154825  0.149879  3.59958  1.02582  0.0929332  1.20196  
1.02582  0.0929332  1.20196  0.129251  2.58492  0.000535858  
0.607494  1.1285  0.000535858  1.98059  0.000183138  0.000535858  
1.16274  0.367173  0.000535858  0.129251  2.58492  0.000535858  
0.154825  0.149879  3.59958  0.607494  1.1285  0.000535858  
1.98059  0.000183138  0.000535858  1.16274  0.367173  0.000535858  
0.000585994  0.000575021  5.87452  0.154825  0.149879  3.59958  
0.000382519  3.92123  0.000535858  0.000382519  3.92123  0.000535858  
0.553394  0.553203  1.19757  0.257493  1.158  1.19888  
1.02582  0.0929332  1.20196  0.000585994  0.000575021  5.87452  
0.257493  1.158  1.19888  1.98059  0.000183138  0.000535858  
0.607494  1.1285  0.000535858  1.02582  0.0929332  1.20196  
0.129251  2.58492  0.000535858  0.610243  0.610033  3.25606  
0.607494  1.1285  0.000535858  1.02582  0.0929332  1.20196  
0.553393  0.553205  1.19757  0.000382519  3.92123  0.000535858  
0.000585994  0.000575021  5.87452  0.129251  2.58492  0.000535858  
0.257493  1.158  1.19888  0.257493  1.158  1.19888  
1.02582  0.0929332  1.20196  0.553393  0.553205  1.19757  
1.16274  0.367173  0.000535858  0.000585994  0.000575021  5.87452  
1.97996  0.000195447  0.000535858  0.154825  0.149879  3.59958  
0.129251  2.58492  0.000535858  0.607494  1.1285  0.000535858  
0.000382519  3.92123  0.000535858  1.16274  0.367173  0.000535858  
0.154825  0.149879  3.59958  1.97996  0.000195447  0.000535858  
1.02582  0.0929332  1.20196  0.607494  1.1285  0.000535858  
1.97996  0.000195447  0.000535858  0.154825  0.149879  3.59958  
0.553393  0.553205  1.19757  0.000382519  3.92123  0.000535858  
1.16274  0.367173  0.000535858  0.000585994  0.000575021  5.87452  
0.000585994  0.000575021  5.87452  1.16274  0.367173  0.000535858  
0.257493  1.158  1.19888  0.129251  2.58492  0.000535858  
0.607494  1.1285  0.000535858  1.97996  0.000195447  0.000535858  
0.129251  2.58492  0.000535858  0.553393  0.553205  1.19757  
0.154825  0.149879  3.59958  0.257493  1.158  1.19888  
0.000382519  3.92123  0.000535858  1.02582  0.0929332  1.20196  
1.16274  0.367173  0.000535858  0.000382519  3.92123  0.000535858  
1.02582  0.0929332  1.20196  1.16274  0.367173  0.000535858  
0.257493  1.158  1.19888  0.257493  1.158  1.19888  
0.553393  0.553205  1.19757  0.553393  0.553205  1.19757  
0.154825  0.149879  3.59958  1.02582  0.0929332  1.20196  
0.607494  1.1285  0.000535858  0.607494  1.1285  0.000535858  
0.129251  2.58492  0.000535858  0.129251  2.58492  0.000535858  
1.97996  0.000195447  0.000535858  0.000585994  0.000575021  5.87452  
0.000382519  3.92123  0.000535858  0.154825  0.149879  3.59958  
0.000585994  0.000575021  5.87452  1.97996  0.000195447  0.000535858  
0.154825  0.149879  3.59958  0.000585994  0.000575021  5.87452  
0.000585994  0.000575021  5.87452  1.02582  0.0929332  1.20196  
1.02582  0.0929332  1.20196  0.129251  2.58492  0.000535858  
0.553393  0.553205  1.19757  0.154825  0.149879  3.59958  
1.16274  0.367173  0.000535858  1.16274  0.367173  0.000535858  
0.607494  1.1285  0.000535858  0.553393  0.553205  1.19757  
0.000382519  3.92123  0.000535858  1.97996  0.000195447  0.000535858  
1.97996  0.000195447  0.000535858  0.607494  1.1285  0.000535858  
0.129251  2.58492  0.000535858  0.000382519  3.92123  0.000535858  
0.257493  1.158  1.19888  0.257493  1.158  1.19888  
0.000382519  3.92123  0.000535858  0.607494  1.1285  0.000535858  
0.000585994  0.000575021  5.87452  1.97996  0.000195447  0.000535858  
0.553393  0.553205  1.19757  0.553393  0.553205  1.19757  
0.607494  1.1285  0.000535858  0.257493  1.158  1.19888  
1.97996  0.000195447  0.000535858  0.154825  0.149879  3.59958  
1.02582  0.0929332  1.20196  0.000382519  3.92123  0.000535858  
1.16274  0.367173  0.000535858  0.129251  2.58492  0.000535858  
0.154825  0.149879  3.59958  1.16274  0.367173  0.000535858  
0.129251  2.58492  0.000535858  1.02582  0.0929332  1.20196  
0.257493  1.158  1.19888  0.000585994  0.000575021  5.87452  
0.129251  2.58492  0.000535858  1.97996  0.000195447  0.000535858  
0.000382519  3.92123  0.000535858  1.02582  0.0929332  1.20196  
0.553393  0.553205  1.19757  0.000585994  0.000575021  5.87452  
1.97996  0.000195447  0.000535858  0.154825  0.149879  3.59958  
0.000585994  0.000575021  5.87452  1.16274  0.367173  0.000535858  
0.154825  0.149879  3.59958  0.257493  1.158  1.19888  
1.16274  0.367173  0.000535858  0.000382519  3.92123  0.000535858  
1.02582  0.0929332  1.20196  0.129251  2.58492  0.000535858  
0.257493  1.158  1.19888  0.553393  0.553205  1.19757  
0.607494  1.1285  0.000535858  0.607494  1.1285  0.000535858  
0.154825  0.149879  3.59958  1.97996  0.000195447  0.000535858  
0.000585994  0.000575021  5.87452  0.000585994  0.000575021  5.87452  
0.553393  0.553205  1.19757  0.607494  1.1285  0.000535858  
0.607494  1.1285  0.000535858  1.16274  0.367173  0.000535858  
0.257493  1.158  1.19888  1.02582  0.0929332  1.20196  
0.129251  2.58492  0.000535858  0.553393  0.553205  1.19757  
1.02582  0.0929332  1.20196  0.257493  1.158  1.19888  
1.97996  0.000195447  0.000535858  0.129251  2.58492  0.000535858  
0.000382519  3.92123  0.000535858  0.000382519  3.92123  0.000535858  
1.16274  0.367173  0.000535858  0.154825  0.149879  3.59958  
0.607494  1.1285  0.000535858  1.02582  0.0929332  1.20196  
1.16274  0.367173  0.000535858  0.257493  1.158  1.19888  
0.257493  1.158  1.19888  1.16274  0.367173  0.000535858  
0.129251  2.58492  0.000535858  0.553393  0.553205  1.19757  
0.000382519  3.92123  0.000535858  0.000585994  0.000575021  5.87452  
1.97996  0.000195447  0.000535858  1.97996  0.000195447  0.000535858  
1.02582  0.0929332  1.20196  0.000382519  3.92123  0.000535858  
0.000585994  0.000575021  5.87452  0.154825  0.149879  3.59958  
0.154825  0.149879  3.59958  0.607494  1.1285  0.000535858  
0.553393  0.553205  1.19757  0.129251  2.58492  0.000535858  
0.000585994  0.000575021  5.87452  1.02582  0.0929332  1.20196  
0.553393  0.553205  1.19757  0.154825  0.149879  3.59958  
1.97996  0.000195447  0.000535858  0.000585994  0.000575021  5.87452  
1.02582  0.0929332  1.20196  0.553393  0.553205  1.19757  
0.257493  1.158  1.19888  0.000382519  3.92123  0.000535858  
0.129251  2.58492  0.000535858  1.16274  0.367173  0.000535858  
0.154825  0.149879  3.59958  0.607494  1.1285  0.000535858  
1.16274  0.367173  0.000535858  0.129251  2.58492  0.000535858  
0.000382519  3.92123  0.000535858  1.97996  0.000195447  0.000535858  
0.607494  1.1285  0.000535858  0.257493  1.158  1.19888  
0.000382519  3.92123  0.000535858  0.154825  0.149879  3.59958  
0.129251  2.58492  0.000535858  1.16274  0.367173  0.000535858  
0.000585994  0.000575021  5.87452  1.02582  0.0929332  1.20196  
0.154825  0.149879  3.59958  1.97996  0.000195447  0.000535858  
1.02582  0.0929332  1.20196  0.257493  1.158  1.19888  
0.553393  0.553205  1.19757  0.607494  1.1285  0.000535858  
1.16274  0.367173  0.000535858  0.000382519  3.92123  0.000535858  
0.257493  1.158  1.19888  0.129251  2.58492  0.000535858  
1.97996  0.000195447  0.000535858  0.000585994  0.000575021  5.87452  
0.607494  1.1285  0.000535858  0.553393  0.553205  1.19757  
1.97996  0.000195447  0.000535858  0.607494  1.1285  0.000535858  
1.02582  0.0929332  1.20196  0.154825  0.149879  3.59958  
1.16274  0.367173  0.000535858  1.02582  0.0929332  1.20196  
0.129251  2.58492  0.000535858  0.000382519  3.92123  0.000535858  
0.257493  1.158  1.19888  0.000585994  0.000575021  5.87452  
0.000585994  0.000575021  5.87452  1.97996  0.000195447  0.000535858  
0.553393  0.553205  1.19757  0.553393  0.553205  1.19757  
0.154825  0.149879  3.59958  0.129251  2.58492  0.000535858  
0.607494  1.1285  0.000535858  1.16274  0.367173  0.000535858  
0.000382519  3.92123  0.000535858  0.257493  1.158  1.19888  
1.97996  0.000195447  0.000535858  0.607494  1.1285  0.000535858  
0.000585994  0.000575021  5.87452  1.02582  0.0929332  1.20196  
0.000382519  3.92123  0.000535858  1.97996  0.000195447  0.000535858  
0.257493  1.158  1.19888  0.553393  0.553205  1.19757  
0.129251  2.58492  0.000535858  0.225167  2.15571  0.000535858  
1.02582  0.0929332  1.20196  0.154825  0.149879  3.59958  
1.16274  0.367173  0.000535858  1.16274  0.367173  0.000535858  
0.607494  1.1285  0.000535858  0.129251  2.58492  0.000535858  
0.553393  0.553205  1.19757  0.000585994  0.000575021  5.87452  
0.154825  0.149879  3.59958  0.257493  1.158  1.19888  
1.16274  0.367173  0.000535858  0.000382519  3.92123  0.000535858  
0.000382519  3.92123  0.000535858  0.000585994  0.000575021  5.87452  
1.02582  0.0929332  1.20196  0.154825  0.149879  3.59958  
0.000585994  0.000575021  5.87452  0.607494  1.1285  0.000535858  
0.154825  0.149879  3.59958  1.16274  0.367173  0.000535858  
0.607494  1.1285  0.000535858  1.97996  0.000195447  0.000535858  
0.129251  2.58492  0.000535858  0.129251  2.58492  0.000535858  
0.257493  1.158  1.19888  0.553393  0.553205  1.19757  
0.553393  0.553205  1.19757  1.02582  0.0929332  1.20196  
1.97996  0.000195447  0.000535858  0.257493  1.158  1.19888  
0.000585994  0.000575021  5.87452  0.553393  0.553205  1.19757  
1.16274  0.367173  0.000535858  0.257493  1.158  1.19888  
0.553393  0.553205  1.19757  0.129251  2.58492  0.000535858  
1.97996  0.000195447  0.000535858  0.000585994  0.000575021  5.87452  
0.607494  1.1285  0.000535858  1.97996  0.000195447  0.000535858  
0.257493  1.158  1.19888  1.16274  0.367173  0.000535858  
1.02582  0.0929332  1.20196  0.154825  0.149879  3.59958  
0.154825  0.149879  3.59958  0.607494  1.1285  0.000535858  
0.000382519  3.92123  0.000535858  0.000382519  3.92123  0.000535858  
0.129251  2.58492  0.000535858  1.02582  0.0929332  1.20196  
1.02582  0.0929332  1.20196  1.02582  0.0929332  1.20196  
0.257493  1.158  1.19888  1.97996  0.000195447  0.000535858  
0.129251  2.58492  0.000535858  0.129251  2.58492  0.000535858  
0.000585994  0.000575021  5.87452  0.553393  0.553205  1.19757  
1.16274  0.367173  0.000535858  0.000382519  3.92123  0.000535858  
0.154825  0.149879  3.59958  0.154825  0.149879  3.59958  
1.97996  0.000195447  0.000535858  0.000585994  0.000575021  5.87452  
0.607494  1.1285  0.000535858  0.607494  1.1285  0.000535858  
0.000382519  3.92123  0.000535858  0.257493  1.158  1.19888  
0.553393  0.553205  1.19757  1.16274  0.367173  0.000535858  
0.154825  0.149879  3.59958  0.129251  2.58492  0.000535858  
0.257493  1.158  1.19888  0.154825  0.149879  3.59958  
0.000585994  0.000575021  5.87452  0.257493  1.158  1.19888  
0.553393  0.553205  1.19757  1.02582  0.0929332  1.20196  
0.000382519  3.92123  0.000535858  1.16274  0.367173  0.000535858  
1.16274  0.367173  0.000535858  1.97996  0.000195447  0.000535858  
1.02582  0.0929332  1.20196  0.000585994  0.000575021  5.87452  
1.97996  0.000195447  0.000535858  0.553393  0.553205  1.19757  
0.607494  1.1285  0.000535858  0.000382519  3.92123  0.000535858  
0.129251  2.58492  0.000535858  0.607494  1.1285  0.000535858  
0.553393  0.553205  1.19757  0.000585994  0.000575021  5.87452  
0.000382519  3.92123  0.000535858  0.553393  0.553205  1.19757  
0.257493  1.158  1.19888  0.607494  1.1285  0.000535858  
1.02582  0.0929332  1.20196  1.02582  0.0929332  1.20196  
1.16274  0.367173  0.000535858  0.129251  2.58492  0.000535858  
0.607494  1.1285  0.000535858  0.154825  0.149879  3.59958  
0.154825  0.149879  3.59958  1.16274  0.367173  0.000535858  
1.97996  0.000195447  0.000535858  0.257493  1.158  1.19888  
0.000585994  0.000575021  5.87452  1.97996  0.000195447  0.000535858  
0.129251  2.58492  0.000535858  0.000382519  3.92123  0.000535858  
0.257493  1.158  1.19888  1.16274  0.367173  0.000535858  
0.553393  0.553205  1.19757  0.154825  0.149879  3.59958  
0.129251  2.58492  0.000535858  0.607494  1.1285  0.000535858  
0.000382519  3.92123  0.000535858  1.02582  0.0929332  1.20196  
0.607494  1.1285  0.000535858  0.257493  1.158  1.19888  
0.154825  0.149879  3.59958  1.97996  0.000195447  0.000535858  
1.16274  0.367173  0.000535858  0.000382519  3.92123  0.000535858  
1.02582  0.0929332  1.20196  0.553393  0.553205  1.19757  
1.97996  0.000195447  0.000535858  0.000585994  0.000575021  5.87452  
0.000585994  0.000575021  5.87452  0.129251  2.58492  0.000535858  
1.97996  0.000195447  0.000535858  0.000382519  3.92123  0.000535858  
0.000585994  0.000575021  5.87452  0.129251  2.58492  0.000535858  
1.02582  0.0929332  1.20196  0.607494  1.1285  0.000535858  
0.129251  2.58492  0.000535858  0.553393  0.553205  1.19757  
0.000382519  3.92123  0.000535858  1.97996  0.000195447  0.000535858  
0.154825  0.149879  3.59958  1.02582  0.0929332  1.20196  
0.257493  1.158  1.19888  1.16274  0.367173  0.000535858  
1.16274  0.367173  0.000535858  0.000585994  0.000575021  5.87452  
0.553393  0.553205  1.19757  0.154825  0.149879  3.59958  
0.607494  1.1285  0.000535858  0.257493  1.158  1.19888  
1.16274  0.367173  0.000535858  0.257493  1.158  1.19888  
0.257493  1.158  1.19888  0.000382519  3.92123  0.000535858  
0.129251  2.58492  0.000535858  0.129251  2.58492  0.000535858  
0.000382519  3.92123  0.000535858  1.02582  0.0929332  1.20196  
0.607494  1.1285  0.000535858  0.000585994  0.000575021  5.87452  
1.02582  0.0929332  1.20196  1.97996  0.000195447  0.000535858  
0.154825  0.149879  3.59958  0.154825  0.149879  3.59958  
1.97996  0.000195447  0.000535858  0.607494  1.1285  0.000535858  
0.553393  0.553205  1.19757  0.553393  0.553205  1.19757  
0.000585994  0.000575021  5.87452  1.16274  0.367173  0.000535858  
0.154825  0.149879  3.59958  0.000382519  3.92123  0.000535858  
1.16274  0.367173  0.000535858  1.16274  0.367173  0.000535858  
1.97996  0.000195447  0.000535858  0.257493  1.158  1.19888  
0.257493  1.158  1.19888  1.97996  0.000195447  0.000535858  
1.02582  0.0929332  1.20196  1.02582  0.0929332  1.20196  
0.553393  0.553205  1.19757  0.607494  1.1285  0.000535858  
0.607494  1.1285  0.000535858  0.000585994  0.000575021  5.87452  
0.000382519  3.92123  0.000535858  0.154825  0.149879  3.59958  
0.000585994  0.000575021  5.87452  0.129251  2.58492  0.000535858  
0.129251  2.58492  0.000535858  0.553393  0.553205  1.19757  
1.97996  0.000195447  0.000535858  0.129251  2.58492  0.000535858  
0.000585994  0.000575021  5.87452  1.97996  0.000195447  0.000535858  
0.607494  1.1285  0.000535858  0.000382519  3.92123  0.000535858  
0.000382519  3.92123  0.000535858  0.000585994  0.000575021  5.87452  
1.16274  0.367173  0.000535858  0.154825  0.149879  3.59958  
0.257493  1.158  1.19888  0.553393  0.553205  1.19757  
0.553393  0.553205  1.19757  1.02582  0.0929332  1.20196  
0.154825  0.149879  3.59958  0.607494  1.1285  0.000535858  
1.02582  0.0929332  1.20196  0.257493  1.158  1.19888  
0.129251  2.58492  0.000535858  1.16274  0.367173  0.000535858  
1.16274  0.367173  0.000535858  0.607494  1.1285  0.000535858  
1.02582  0.0929332  1.20196  1.36493  0.000134736  1.2084  
1.97996  0.000195447  0.000535858  0.553393  0.553205  1.19757  
0.553393  0.553205  1.19757  0.000585994  0.000575021  5.87452  
0.257493  1.158  1.19888  0.000382519  3.92123  0.000535858  
0.000585994  0.000575021  5.87452  0.257493  1.158  1.19888  
0.607494  1.1285  0.000535858  1.16274  0.367173  0.000535858  
0.129251  2.58492  0.000535858  1.02582  0.0929332  1.20196  
0.000382519  3.92123  0.000535858  0.154825  0.149879  3.59958  
0.154825  0.149879  3.59958  0.129251  2.58492  0.000535858  
0.000382519  3.92123  0.000535858  0.257493  1.158  1.19888  
1.16274  0.367173  0.000535858  0.154825  0.149879  3.59958  
0.607494  1.1285  0.000535858  0.000382519  3.92123  0.000535858  
1.97996  0.000195447  0.000535858  0.607494  1.1285  0.000535858  
0.154825  0.149879  3.59958  1.16274  0.367173  0.000535858  
0.129251  2.58492  0.000535858  1.97996  0.000195447  0.000535858  
0.553393  0.553205  1.19757  0.129251  2.58492  0.000535858  
1.02582  0.0929332  1.20196  0.000585994  0.000575021  5.87452  
0.000585994  0.000575021  5.87452  1.02582  0.0929332  1.20196  
0.257493  1.158  1.19888  0.553393  0.553205  1.19757  
0.000585994  0.000575021  5.87452  0.607494  1.1285  0.000535858  
0.154825  0.149879  3.59958  0.257493  1.158  1.19888  
0.257493  1.158  1.19888  0.553393  0.553205  1.19757  
1.02582  0.0929332  1.20196  0.000382519  3.92123  0.000535858  
0.553393  0.553205  1.19757  1.02582  0.0929332  1.20196  
1.97996  0.000195447  0.000535858  1.97996  0.000195447  0.000535858  
0.607494  1.1285  0.000535858  1.16274  0.367173  0.000535858  
0.129251  2.58492  0.000535858  0.154825  0.149879  3.59958  
1.16274  0.367173  0.000535858  0.129251  2.58492  0.000535858  
0.000382519  3.92123  0.000535858  0.000585994  0.000575021  5.87452  
0.553393  0.553205  1.19757  0.553393  0.553205  1.19757  
0.607494  1.1285  0.000535858  0.000382519  3.92123  0.000535858  
0.000585994  0.000575021  5.87452  1.02582  0.0929332  1.20196  
0.000382519  3.92123  0.000535858  0.257493  1.158  1.19888  
1.02582  0.0929332  1.20196  1.16274  0.367173  0.000535858  
0.154825  0.149879  3.59958  0.154825  0.149879  3.59958  
1.16274  0.367173  0.000535858  0.000585994  0.000575021  5.87452  
0.129251  2.58492  0.000535858  1.97996  0.000195447  0.000535858  
0.257493  1.158  1.19888  0.129251  2.58492  0.000535858  
1.97996  0.000195447  0.000535858  0.607494  1.1285  0.000535858  
0.154825  0.149879  3.59958  0.000382519  3.92123  0.000535858  
0.607494  1.1285  0.000535858  0.257493  1.158  1.19888  
0.000585994  0.000575021  5.87452  0.553393  0.553205  1.19757  
0.257493  1.158  1.19888  0.000585994  0.000575021  5.87452  
1.97996  0.000195447  0.000535858  1.97996  0.000195447  0.000535858  
0.553393  0.553205  1.19757  0.129251  2.58492  0.000535858  
1.16274  0.367173  0.000535858  0.607494  1.1285  0.000535858  
0.000382519  3.92123  0.000535858  1.16274  0.367173  0.000535858  
0.129251  2.58492  0.000535858  0.154825  0.149879  3.59958  
1.02582  0.0929332  1.20196  1.02582  0.0929332  1.20196  
0.607494  1.1285  0.000535858  1.02582  0.0929332  1.20196  
0.129251  2.58492  0.000535858  0.553393  0.553205  1.19757  
1.02582  0.0929332  1.20196  0.000585994  0.000575021  5.87452  
0.000382519  3.92123  0.000535858  1.16274  0.367173  0.000535858  
0.000585994  0.000575021  5.87452  0.607494  1.1285  0.000535858  
0.257493  1.158  1.19888  0.154825  0.149879  3.59958  
1.16274  0.367173  0.000535858  0.257493  1.158  1.19888  
0.553393  0.553205  1.19757  0.129251  2.58492  0.000535858  
0.154825  0.149879  3.59958  1.97996  0.000195447  0.000535858  
1.97996  0.000195447  0.000535858  0.000382519  3.92123  0.000535858  
0.000382519  3.92123  0.000535858  0.154825  0.149879  3.59958  
0.000585994  0.000575021  5.87452  0.000382519  3.92123  0.000535858  
0.257493  1.158  1.19888  0.257493  1.158  1.19888  
0.553393  0.553205  1.19757  1.02582  0.0929332  1.20196  
1.02582  0.0929332  1.20196  1.97996  0.000195447  0.000535858  
1.16274  0.367173  0.000535858  0.000585994  0.000575021  5.87452  
0.607494  1.1285  0.000535858  0.610242  0.610035  3.25606  
0.129251  2.58492  0.000535858  0.607494  1.1285  0.000535858  
0.154825  0.149879  3.59958  0.129251  2.58492  0.000535858  
1.97996  0.000195447  0.000535858  1.16274  0.367173  0.000535858  
0.154825  0.149879  3.59958  0.257493  1.158  1.19888  
0.257493  1.158  1.19888  1.97996  0.000195447  0.000535858  
0.000382519  3.92123  0.000535858  0.553393  0.553205  1.19757  
0.553393  0.553205  1.19757  0.607494  1.1285  0.000535858  
0.607494  1.1285  0.000535858  1.16274  0.367173  0.000535858  
1.97996  0.000195447  0.000535858  1.02582  0.0929332  1.20196  
1.16274  0.367173  0.000535858  0.000382519  3.92123  0.000535858  
0.129251  2.58492  0.000535858  0.000585994  0.000575021  5.87452  
0.000585994  0.000575021  5.87452  0.154825  0.149879  3.59958  
1.02582  0.0929332  1.20196  0.129251  2.58492  0.000535858  
1.16274  0.367173  0.000535858  0.118672  2.37334  3.35728  
0.607494  1.1285  0.000535858  0.607494  1.1285  0.000535858  
0.000382519  3.92123  0.000535858  1.16274  0.367173  0.000535858  
1.02582  0.0929332  1.20196  1.97996  0.000195447  0.000535858  
0.553393  0.553205  1.19757  0.553393  0.553205  1.19757  
1.97996  0.000195447  0.000535858  0.000585994  0.000575021  5.87452  
0.129251  2.58492  0.000535858  0.000382519  3.92123  0.000535858  
0.257493  1.158  1.19888  0.154825  0.149879  3.59958  
0.154825  0.149879  3.59958  0.257493  1.158  1.19888  
0.000585994  0.000575021  5.87452  1.02582  0.0929332  1.20196  
0.553393  0.553205  1.19757  0.000382519  3.92123  0.000535858  
0.000382519  3.92123  0.000535858  1.02582  0.0929332  1.20196  
0.154825  0.149879  3.59958  1.16274  0.367173  0.000535858  
0.257493  1.158  1.19888  0.129251  2.58492  0.000535858  
1.97996  0.000195447  0.000535858  0.553393  0.553205  1.19757  
1.16274  0.367173  0.000535858  0.257493  1.158  1.19888  
1.02582  0.0929332  1.20196  0.000585994  0.000575021  5.87452  
0.000585994  0.000575021  5.87452  1.97996  0.000195447  0.000535858  
0.129251  2.58492  0.000535858  0.607494  1.1285  0.000535858  
0.607494  1.1285  0.000535858  0.154825  0.149879  3.59958  
0.129251  2.58492  0.000535858  0.000585994  0.000575021  5.87452  
0.154825  0.149879  3.59958  0.154825  0.149879  3.59958  
1.02582  0.0929332  1.20196  0.129251  2.58492  0.000535858  
0.257493  1.158  1.19888  1.97996  0.000195447  0.000535858  
0.607494  1.1285  0.000535858  0.257493  1.158  1.19888  
1.16274  0.367173  0.000535858  0.000382519  3.92123  0.000535858  
1.97996  0.000195447  0.000535858  0.607494  1.1285  0.000535858  
0.000382519  3.92123  0.000535858  1.02582  0.0929332  1.20196  
0.000585994  0.000575021  5.87452  1.16274  0.367173  0.000535858  
0.553393  0.553205  1.19757  0.553393  0.553205  1.19757  
0.607494  1.1285  0.000535858  0.129251  2.58492  0.000535858  
0.000382519  3.92123  0.000535858  1.02582  0.0929332  1.20196  
1.16274  0.367173  0.000535858  0.553393  0.553205  1.19757  
0.000585994  0.000575021  5.87452  0.000585994  0.000575021  5.87452  
0.154825  0.149879  3.59958  0.607494  1.1285  0.000535858  
0.553393  0.553205  1.19757  1.97996  0.000195447  0.000535858  
1.02582  0.0929332  1.20196  1.16274  0.367173  0.000535858  
0.129251  2.58492  0.000535858  0.257493  1.158  1.19888  
1.97996  0.000195447  0.000535858  0.000382519  3.92123  0.000535858  
0.257493  1.158  1.19888  0.154825  0.149879  3.59958  
0.000585994  0.000575021  5.87452  1.97996  0.000195447  0.000535858  
0.257493  1.158  1.19888  0.553393  0.553205  1.19757  
1.16274  0.367173  0.000535858  0.000585994  0.000575021  5.87452  
0.607494  1.1285  0.000535858  1.02582  0.0929332  1.20196  
0.154825  0.149879  3.59958  0.154825  0.149879  3.59958  
0.000382519  3.92123  0.000535858  0.607494  1.1285  0.000535858  
0.129251  2.58492  0.000535858  0.257493  1.158  1.19888  
1.02582  0.0929332  1.20196  1.16274  0.367173  0.000535858  
1.97996  0.000195447  0.000535858  0.129251  2.58492  0.000535858  
0.553393  0.553205  1.19757  0.000382519  3.92123  0.000535858  
0.553393  0.553205  1.19757  0.607494  1.1285  0.000535858  
0.607494  1.1285  0.000535858  0.154825  0.149879  3.59958  
0.000585994  0.000575021  5.87452  1.02582  0.0929332  1.20196  
0.000382519  3.92123  0.000535858  0.000585994  0.000575021  5.87452  
1.02582  0.0929332  1.20196  0.000382519  3.92123  0.000535858  
0.154825  0.149879  3.59958  0.129251  2.58492  0.000535858  
1.16274  0.367173  0.000535858  1.16274  0.367173  0.000535858  
0.129251  2.58492  0.000535858  0.257493  1.158  1.19888  
0.257493  1.158  1.19888  0.553393  0.553205  1.19757  
1.97996  0.000195447  0.000535858  1.97996  0.000195447  0.000535858  
1.97996  0.000195447  0.000535858  1.16274  0.367173  0.000535858  
0.257493  1.158  1.19888  0.000585994  0.000575021  5.87452  
1.16274  0.367173  0.000535858  0.000382519  3.92123  0.000535858  
0.607494  1.1285  0.000535858  1.97996  0.000195447  0.000535858  
0.000382519  3.92123  0.000535858  1.02582  0.0929332  1.20196  
0.553393  0.553205  1.19757  0.607494  1.1285  0.000535858  
0.129251  2.58492  0.000535858  0.257493  1.158  1.19888  
1.02582  0.0929332  1.20196  0.154825  0.149879  3.59958  
0.154825  0.149879  3.59958  0.129251  2.58492  0.000535858  
0.000585994  0.000575021  5.87452  0.553393  0.553205  1.19757  
1.02582  0.0929332  1.20196  0.129251  2.58492  0.000535858  
0.553393  0.553205  1.19757  0.000585994  0.000575021  5.87452  
0.000382519  3.92123  0.000535858  1.16274  0.367173  0.000535858  
1.16274  0.367173  0.000535858  0.257493  1.158  1.19888  
0.000585994  0.000575021  5.87452  0.607494  1.1285  0.000535858  
0.257493  1.158  1.19888  0.154825  0.149879  3.59958  
1.97996  0.000195447  0.000535858  1.97996  0.000195447  0.000535858  
0.129251  2.58492  0.000535858  1.02582  0.0929332  1.20196  
0.607494  1.1285  0.000535858  0.553393  0.553205  1.19757  
0.154825  0.149879  3.59958  0.000382519  3.92123  0.000535858  
1.02582  0.0929332  1.20196  1.97996  0.000195447  0.000535858  
0.553393  0.553205  1.19757  0.257493  1.158  1.19888  
0.129251  2.58492  0.000535858  0.607494  1.1285  0.000535858  
0.257493  1.158  1.19888  0.000585994  0.000575021  5.87452  
1.16274  0.367173  0.000535858  1.02582  0.0929332  1.20196  
0.154825  0.149879  3.59958  0.154825  0.149879  3.59958  
1.97996  0.000195447  0.000535858  0.553393  0.553205  1.19757  
0.607494  1.1285  0.000535858  0.129251  2.58492  0.000535858  
0.000382519  3.92123  0.000535858  0.000382519  3.92123  0.000535858  
0.000585994  0.000575021  5.87452  1.16274  0.367173  0.000535858  
0.154825  0.149879  3.59958  0.257493  1.158  1.19888  
1.16274  0.367173  0.000535858  1.16274  0.367173  0.000535858  
0.257493  1.158  1.19888  0.000382519  3.92123  0.000535858  
0.607494  1.1285  0.000535858  0.553393  0.553205  1.19757  
1.97996  0.000195447  0.000535858  0.154825  0.149879  3.59958  
0.000382519  3.92123  0.000535858  1.97996  0.000195447  0.000535858  
1.02582  0.0929332  1.20196  1.02582  0.0929332  1.20196  
0.129251  2.58492  0.000535858  0.000585994  0.000575021  5.87452  
0.000585994  0.000575021  5.87452  0.129251  2.58492  0.000535858  
0.553393  0.553205  1.19757  0.607494  1.1285  0.000535858  
