1.19654  3.77988  1.42082  3.73227  
1.30973  4.11658  1.67006  3.43751  
1.73479  3.5451  1.18494  4.00578  
1.59966  3.36309  1.15014  4.18372  
1.96597  2.70992  1.56876  3.60763  
1.70421  3.33709  1.51249  3.54364  
1.91448  2.60674  0.870817  4.20826  
1.34083  3.88406  1.16179  3.94415  
1.65869  3.11294  1.44214  3.54134  
1.14575  3.90545  1.63135  3.63787  
0.806715  4.25876  1.30304  3.88168  
1.51998  3.38177  1.38096  3.88828  
2.09566  2.66708  1.40596  3.91712  
1.64391  3.26184  1.16701  3.99262  
1.05041  4.23226  1.40123  3.67652  
1.44495  3.71491  1.27343  3.99718  
0.891477  4.14202  2.31403  1.98504  
1.06094  4.19659  1.51071  3.87773  
0.858559  4.11091  1.53474  3.61185  
1.75851  3.12438  1.53256  3.80255  
1.75837  3.23168  0.668937  4.35034  
1.00866  4.03748  1.42076  3.69527  
1.35532  3.64661  1.597  3.62132  
1.63775  3.37107  1.16435  4.23158  
1.44769  3.38661  1.8478  2.76122  
1.41702  3.71561  1.8867  2.99599  
1.28198  4.08599  1.40165  3.78114  
1.4571  3.63504  1.71835  3.49857  
1.24687  3.95322  1.09031  4.23339  
1.88841  2.97758  1.19662  3.72481  
2.20444  2.24497  1.40189  3.84752  
0.901368  4.17844  1.68171  3.16488  
1.44408  3.70632  1.58687  3.37432  
1.35757  3.85952  1.37449  3.76075  
1.93409  2.4819  0.801297  4.29025  
1.0657  4.18018  1.58009  3.66391  
1.34605  4.01854  1.18359  4.01869  
1.02573  4.18625  1.20514  4.1284  
1.94542  2.58891  1.66502  3.3078  
1.16228  4.04917  1.24387  3.70885  
1.29979  3.91477  1.49676  3.5193  
1.57769  3.33023  1.36354  3.88162  
1.59498  3.52933  1.36822  3.99638  
1.16506  4.1422  1.73402  3.22875  
1.62598  3.07648  1.5898  3.55074  
1.49359  3.59457  0.918919  4.10195  
2.00768  2.80759  0.981938  4.21356  
1.42218  3.63333  1.81639  2.97003  
1.91153  2.6582  1.42109  3.50426  
1.83119  3.24385  1.33752  3.8018  
0.867211  4.07811  1.03961  4.10061  
1.78715  3.37916  1.68738  3.47459  
1.7789  3.26145  1.01111  3.99462  
1.68371  3.35711  1.3631  3.80056  
1.11749  4.02648  1.53177  3.55509  
1.45594  3.43031  1.71486  3.47538  
1.96981  2.93976  2.1329  2.68078  
1.24227  4.07636  1.69365  3.54262  
0.90214  4.19849  1.81845  3.2335  
1.49814  3.95511  1.21284  3.91416  
2.20152  2.8447  1.2679  4.00277  
1.54193  3.41458  1.56999  3.52595  
1.50933  3.47871  1.1949  3.97714  
1.84356  3.41967  1.47804  3.88234  
1.36259  3.90081  2.02238  2.68509  
2.14245  2.59635  1.39778  3.73173  
1.76817  3.50806  1.47384  3.58617  
1.133  3.92722  1.70476  3.43667  
1.53215  3.51812  1.62646  3.36176  
1.62204  3.38236  1.68449  3.58579  
1.3491  3.75345  1.5978  3.43806  
1.29644  3.84687  1.38606  4.01148  
1.31683  3.73723  1.89482  2.89097  
1.62419  3.47395  1.65439  3.39725  
1.1484  4.04757  1.4734  3.52893  
1.08865  4.10855  2.0993  2.15206  
1.54483  3.39046  1.80215  3.08486  
1.80961  3.02438  1.7003  3.30669  
1.76114  3.09936  1.32781  4.06323  
1.60061  3.25703  1.30494  4.02252  
0.698198  4.23276  1.42706  3.74608  
1.57581  3.44402  1.35841  3.74496  
1.14993  4.14011  1.90269  2.47178  
1.10116  4.34222  1.75814  3.06729  
1.39189  3.95783  0.893648  4.10532  
1.45149  3.56088  1.56958  3.59905  
1.24657  4.00156  1.33642  3.76238  
1.2136  3.7561  1.66245  3.43116  
1.08572  3.8834  1.47099  3.83267  
1.35074  3.99074  2.07808  2.74394  
1.27049  4.02047  1.5865  3.41238  
1.16585  4.09833  1.64239  3.13587  
1.45634  3.8371  1.02319  4.29758  
2.01274  2.95283  1.72332  3.1009  
1.60967  3.72304  1.2466  3.84189  
1.69691  3.31072  1.63508  3.52201  
1.18932  3.89288  1.31134  3.9598  
0.760277  4.20901  1.15478  4.04602  
1.22316  3.93535  1.25138  3.72082  
1.56221  3.80001  1.51307  3.56132  
1.41696  3.06457  1.41696  3.06457  
1.10968  3.45944  0.958989  3.69503  
0.401538  4.06896  0.401538  4.06896  
0.493479  4.02877  0.818515  3.82995  
0.818515  3.82995  1.31019  3.26683  
0.643134  3.9523  1.10968  3.45944  
1.31019  3.26683  1.5833  2.66212  
1.5833  2.66212  0.493479  4.02877  
0.957857  3.6939  1.82187  1.9049  
1.82187  1.9049  0.643134  3.9523  
1.61193  2.58784  1.61193  2.58784  
0.267992  4.0463  1.54555  2.81907  
1.27273  3.27252  1.95417  1.70071  
1.95417  1.70071  1.74152  2.14227  
1.74152  2.14227  1.27273  3.27252  
0.831619  3.73844  1.45636  2.98111  
0.98968  3.57577  0.839605  3.74643  
1.45636  2.98111  1.01355  3.55458  
0.580576  3.93302  0.267992  4.0463  
1.54555  2.81907  0.580576  3.93302  
0.801998  3.79911  1.45567  2.936  
1.70542  2.37321  1.79111  1.98627  
1.56577  2.69297  0.214383  4.0456  
1.38452  3.04766  1.02907  3.55172  
0.508399  3.98733  0.801998  3.79911  
1.02907  3.55172  1.70542  2.37321  
1.99152  1.22132  1.99152  1.22132  
1.79111  1.98627  1.25631  3.30623  
1.25631  3.30623  0.508399  3.98733  
0.214383  4.0456  1.38452  3.04766  
1.29622  3.17643  0.825425  3.7339  
0.825425  3.7339  1.29622  3.17643  
0.996358  3.58476  1.1381  3.43605  
1.1381  3.43605  1.84581  1.82769  
1.67021  2.49843  2.07874  0.410372  
0.548006  3.9  1.45601  2.88869  
1.84581  1.82769  0.548006  3.9  
2.05039  0.382023  0.0918357  4.05531  
0.0918357  4.05531  0.996358  3.58476  
1.45601  2.88869  1.67021  2.49843  
1.916  1.1617  0.585437  3.96111  
1.4874  2.68032  2.00221  0.607485  
1.65005  2.26834  0.774273  3.81029  
0.00533219  4.00287  1.25158  3.29523  
1.0834  3.36807  0.94397  3.60923  
0.856248  3.62192  1.56398  2.69374  
1.79472  1.78258  1.35191  3.24932  
2.00192  0.0642792  1.0868  3.44556  
1.28622  3.07117  1.79975  1.90012  
0.561905  3.84268  1.46828  2.86061  
1.82488  1.83075  0.561905  3.84268  
2.0247  0.549335  1.28622  3.07117  
0.181204  4.04397  2.00192  0.0642792  
0.817083  3.76305  0.87418  3.63985  
1.37851  3.12531  1.4874  2.68032  
1.14274  3.41237  0.00533219  4.00287  
1.0404  3.57739  1.65005  2.26834  
1.57223  2.67855  1.79472  1.78258  
0.521977  3.95487  1.916  1.1617  
1.73481  2.29449  1.0834  3.36807  
1.25158  3.29523  2.0247  0.549335  
1.56398  2.69374  1.82488  1.83075  
1.46828  2.86061  1.14274  3.41237  
2.00221  0.607485  1.57984  2.68616  
0.94397  3.60923  0.181204  4.04397  
1.79975  1.90012  1.73481  2.29449  
1.34962  3.24704  1.0404  3.57739  
0.509849  3.96677  0.521977  3.95487  
0.774273  3.81029  0.817083  3.76305  
0.585437  3.96111  1.37851  3.12531  
1.73899  2.26035  1.3416  3.10074  
0.91192  3.70634  0.161485  4.05034  
1.40622  3.0035  1.93473  1.46965  
1.1437  3.42112  0.578998  3.8906  
0.209851  4.05652  1.39853  2.9734  
0.794169  3.78398  1.26714  3.30666  
1.99441  1.15388  1.60636  2.53568  
0.570331  3.93105  0.807698  3.74735  
1.63643  2.49807  1.81827  1.90701  
1.31265  3.26936  1.02889  3.49963  
1.93996  1.47487  1.11537  3.46231  
0.578998  3.8906  0.648307  3.94419  
1.81827  1.90701  0.240284  4.07742  
0.161485  4.05034  1.88195  1.9661  
1.39853  2.9734  1.36308  3.11326  
1.60636  2.53568  1.57679  2.65561  
1.26714  3.30666  0.843488  3.7526  
1.3416  3.10074  1.47689  2.95447  
0.807698  3.74735  1.00381  3.6264  
1.02889  3.49963  2.02465  1.05663  
1.87905  1.9632  0.794169  3.78398  
2.02465  1.05663  0.209851  4.05652  
1.57679  2.65561  1.31652  3.27323  
0.843488  3.7526  1.63643  2.49807  
1.00381  3.6264  1.40622  3.0035  
1.47689  2.95447  0.570331  3.93105  
0.648307  3.94419  1.1437  3.42112  
1.36308  3.11326  1.48164  3.10758  
0.240284  4.07742  1.55301  2.80503  
1.11537  3.46231  1.99441  1.15388  
1.6624  2.461  0.994132  3.61799  
0.726796  3.85837  1.39164  3.14379  
1.39164  3.14379  1.48082  3.04845  
0.994132  3.61799  1.49047  2.92658  
1.47947  3.0471  0.726796  3.85837  
0.434148  4.02294  1.28614  3.2417  
1.28614  3.2417  1.12611  3.42932  
1.0759  3.62907  1.6624  2.461  
1.12611  3.42932  1.0759  3.62907  
1.49047  2.92658  0.533054  3.98265  
0.702166  3.83374  1.36766  3.0311  
0.91746  3.65196  0.715367  3.84694  
1.23364  3.27572  1.23364  3.27572  
1.36766  3.0311  1.62749  2.46169  
1.10786  3.43505  1.48282  2.81574  
1.99585  1.06933  0.123134  4.02982  
1.81818  1.90862  1.81818  1.90862  
0.123134  4.02982  0.91746  3.65196  
1.48282  2.81574  1.99585  1.06933  
1.62749  2.46169  1.10786  3.43505  
0.462709  3.92834  1.33608  3.10175  
1.86606  1.76835  2.03884  0.209919  
0.092764  4.01496  1.69343  2.25749  
1.44692  2.83648  0.092764  4.01496  
1.69343  2.25749  0.983685  3.54471  
0.983685  3.54471  1.86606  1.76835  
1.14428  3.36828  1.44692  2.83648  
1.58029  2.60327  0.462709  3.92834  
2.03884  0.209919  1.19604  3.31961  
1.33608  3.10175  1.19468  3.41868  
1.1396  3.3522  1.41714  3.21152  
0.717162  3.86321  1.18099  3.48592  
0.644879  3.92081  2.06066  0.0629745  
1.41714  3.21152  0.644879  3.92081  
1.52447  2.7846  0.717162  3.86321  
2.06066  0.0629745  1.74628  2.22407  
1.74628  2.22407  0.932611  3.61628  
0.186313  4.07121  0.855663  3.74597  
0.855663  3.74597  0.186313  4.07121  
1.17979  3.48471  1.52447  2.7846  
0.0468582  4.01704  1.87839  1.66334  
1.38034  2.92925  0.82444  3.66771  
0.82444  3.66771  1.2284  3.18645  
1.73882  2.00943  0.570083  3.86768  
0.570083  3.86768  1.58166  2.48285  
1.58166  2.48285  1.73882  2.00943  
1.85686  1.64182  1.03638  3.45115  
1.2284  3.18645  1.38034  2.92925  
1.03638  3.45115  2.00402  0.00737104  
2.00402  0.00737104  0.0468582  4.01704  
1.7988  1.75329  0.896318  3.61592  
0.878266  3.59787  1.49951  2.65109  
1.32337  3.00322  1.32337  3.00322  
1.11523  3.32463  1.91652  1.14954  
1.49951  2.65109  1.66239  2.22648  
2.00117  0.00375009  0.00368728  4.00123  
0.593487  3.82195  1.11523  3.32463  
1.66239  2.22648  1.7988  1.75329  
1.91652  1.14954  2.00117  0.00375009  
0.00368728  4.00123  0.593487  3.82195  
2.03713  0.0573079  0.0472219  4.02969  
0.0472219  4.02969  1.25826  3.19251  
0.558219  3.87367  1.42572  2.92906  
1.52979  2.7163  1.69491  2.21506  
1.88707  1.50349  0.558219  3.87367  
1.25826  3.19251  1.65788  2.61703  
0.796314  3.71931  1.58391  2.77042  
1.01137  3.52248  2.03713  0.0573079  
1.42572  2.92906  1.01137  3.52248  
1.69491  2.21506  0.796314  3.71931  
2.02036  0.0226431  0.593176  3.85471  
1.41473  2.83961  1.59262  2.48434  
1.23595  3.19807  1.27199  3.23411  
1.89289  1.3276  1.7362  2.06395  
1.03268  3.45861  0.836184  3.66802  
0.0988938  4.01117  1.41473  2.83961  
0.593176  3.85471  1.64184  2.77636  
0.836184  3.66802  0.0988938  4.01117  
1.7362  2.06395  1.02089  3.47244  
1.59262  2.48434  2.02036  0.0226431  
0.693715  3.79849  2.02827  0.0496927  
1.01537  3.59963  1.42882  2.91838  
1.5632  2.73771  1.22472  3.32628  
1.65129  2.40115  1.91526  1.38307  
1.91526  1.38307  0.1605  4.03244  
1.27513  3.16287  0.693715  3.79849  
2.02827  0.0496927  1.01537  3.59963  
1.22472  3.32628  1.65129  2.40115  
1.76813  2.03077  1.5632  2.73771  
0.1605  4.03244  1.27513  3.16287  
1.46632  2.84337  0.159984  4.05143  
1.59291  2.54679  1.88664  1.8043  
0.426112  3.96651  1.01367  3.54362  
2.04718  0.0687405  1.46632  2.84337  
1.22379  3.25671  0.426112  3.96651  
1.01367  3.54362  0.713486  3.79485  
0.159984  4.05143  1.22379  3.25671  
1.861  1.77867  1.59291  2.54679  
1.7409  2.12296  2.04718  0.0687405  
0.713486  3.79485  1.7409  2.12296  
1.50731  2.75875  1.24635  3.1739  
1.24635  3.1739  0.842995  3.72555  
1.07629  3.46518  1.66452  2.28886  
1.87436  1.51601  0.998235  3.55143  
0.582944  3.91716  0.582944  3.91716  
0.483997  3.90836  1.07629  3.46518  
1.3947  2.95305  0.483997  3.90836  
0.0190827  4.01831  1.87436  1.51601  
1.66452  2.28886  0.0190827  4.01831  
0.828759  3.71131  1.3947  2.95305  
1.38397  3.02334  1.63048  2.58804  
1.15386  3.47799  0.608492  3.90331  
0.604359  3.89918  0.0611191  4.06035  
1.63048  2.58804  0.784529  3.82045  
0.799315  3.76359  1.38397  3.02334  
1.85702  1.93458  0.799315  3.76359  
1.95561  1.33214  1.95561  1.33214  
0.784529  3.82045  1.85702  1.93458  
0.0611191  4.06035  1.15386  3.47799  
1.5695  2.77721  1.5695  2.77721  
1.2349  3.21157  1.42222  2.91242  
0.728851  3.7642  1.06841  3.456  
1.60473  2.46928  1.2349  3.21157  
0.532639  3.93477  1.60473  2.46928  
2.02689  0.0269195  0.728851  3.7642  
0.0397647  4.03895  2.02837  0.0283956  
1.06841  3.456  0.0397647  4.03895  
1.7654  2.09462  1.7654  2.09462  
1.88885  1.60295  1.88885  1.60295  
1.42222  2.91242  0.532639  3.93477  
1.24074  3.2278  2.02671  0.0267404  
1.71754  2.16398  1.47136  2.78849  
2.02671  0.0267404  0.0395861  4.03878  
1.88251  1.49153  1.88251  1.49153  
0.0395861  4.03878  1.58332  2.52589  
0.728132  3.78873  0.730659  3.79126  
1.47136  2.78849  1.71754  2.16398  
1.0385  3.51208  1.24074  3.2278  
1.58332  2.52589  0.534311  3.91486  
0.534311  3.91486  1.0385  3.51208  
0.529552  3.86537  1.75984  1.93886  
0.795977  3.68255  1.95554  1.31642  
2.00719  0.00721667  2.00719  0.00721667  
0.00721845  4.00651  1.2296  3.16888  
1.40545  2.86529  1.58332  2.47874  
1.2296  3.16888  0.00721845  4.00651  
1.90431  1.26518  0.795977  3.68255  
1.02975  3.44572  0.529552  3.86537  
1.58332  2.47874  1.40545  2.86529  
1.75984  1.93886  1.02975  3.44572  
1.67844  2.17819  1.67844  2.17819  
1.5186  2.60492  0.906676  3.56709  
0.600006  3.82656  2.01416  0.0142161  
0.00124081  4.00046  1.12677  3.30984  
1.33633  2.97781  1.5186  2.60492  
1.91999  1.12296  0.600006  3.82656  
1.12677  3.30984  1.33633  2.97781  
0.906676  3.56709  1.91999  1.12296  
1.8101  1.70501  0.00124081  4.00046  
2.00071  0.000759284  1.8101  1.70501  
1.18848  3.23695  0.00917422  4.00847  
1.78384  1.88019  1.18848  3.23695  
0.960674  3.53105  2.0141  0.0141241  
1.63449  2.33968  1.38654  2.92552  
2.0141  0.0141241  0.67617  3.83682  
0.00917422  4.00847  1.63449  2.33968  
1.90784  1.24709  1.78384  1.88019  
1.4924  2.75495  1.4924  2.75495  
1.38654  2.92552  0.960674  3.53105  
0.639497  3.80015  1.90784  1.24709  
0.582944  3.91716  1.3947  2.95305  
1.66452  2.28886  1.87436  1.51601  
0.867183  3.66287  1.24635  3.1739  
1.87436  1.51601  1.66452  2.28886  
2.0177  0.0177389  0.867183  3.66287  
1.04798  3.43686  0.582944  3.91716  
1.3947  2.95305  0.983752  3.65949  
0.0190827  4.01831  0.0190827  4.01831  
1.24635  3.1739  1.50731  2.75875  
1.50731  2.75875  2.03078  0.0308125  
2.01127  0.0113085  1.34109  2.99361  
1.51168  2.65157  1.17813  3.26912  
1.17813  3.26912  1.51168  2.65157  
0.542258  3.86782  0.990931  3.49225  
0.990931  3.49225  0.557043  3.88261  
1.34109  2.99361  2.01127  0.0113085  
0.0155521  4.01481  0.0155521  4.01481  
0.770723  3.72143  1.89153  1.38353  
1.72208  2.09216  0.770723  3.72143  
1.89153  1.38353  1.72208  2.09216  
1.62519  2.42947  1.47355  2.80342  
0.629205  3.86437  0.629205  3.86437  
1.47355  2.80342  0.0204735  4.01966  
1.33292  3.0513  1.14785  3.36411  
0.0204735  4.01966  1.33292  3.0513  
0.903999  3.61414  1.91345  1.29234  
1.82042  1.85442  2.01338  0.0134142  
1.14785  3.36411  1.82042  1.85442  
1.91345  1.29234  0.918138  3.62828  
2.01338  0.0134142  1.62519  2.42947  
1.42223  2.84125  1.38024  2.90694  
0.798921  3.67164  1.9328  1.05865  
0.8829  3.5949  1.25773  3.14685  
1.42941  2.84138  0.976863  3.50565  
0.474372  3.88797  1.09316  3.35466  
0.226173  3.98335  1.53019  2.58852  
1.30147  3.06796  0.210062  3.98208  
1.79085  1.79744  0.595084  3.82438  
1.51246  2.64204  0.351844  3.94796  
0.63232  3.80375  0.678658  3.76978  
1.53019  2.58852  0.8829  3.5949  
1.09316  3.35466  1.51246  2.64204  
1.38024  2.90694  1.42941  2.84138  
1.9328  1.05865  1.42223  2.84125  
0.351844  3.94796  1.79085  1.79744  
1.25773  3.14685  0.226173  3.98335  
0.976863  3.50565  0.63232  3.80375  
0.678658  3.76978  0.798921  3.67164  
0.761527  3.70492  0.474372  3.88797  
0.210062  3.98208  1.30147  3.06796  
0.63232  3.80375  1.73126  2.00872  
1.76071  1.89794  1.20277  3.19621  
1.42941  2.84138  1.56693  2.49167  
1.0688  3.40262  0.571114  3.83479  
1.30101  3.0675  0.829526  3.64319  
0.457619  3.89597  0.216702  3.97664  
0.798921  3.67164  1.03466  3.43775  
1.50542  2.63499  1.43554  2.78983  
0.220929  3.97811  1.9705  0.691805  
1.96863  0.744967  1.87803  1.42364  
0.571114  3.83479  0.220929  3.97811  
1.73126  2.00872  1.76071  1.89794  
1.87803  1.42364  1.96863  0.744967  
1.03466  3.43775  0.457619  3.89597  
0.829526  3.64319  1.42941  2.84138  
1.9705  0.691805  1.0688  3.40262  
1.43554  2.78983  1.50542  2.63499  
0.216702  3.97664  0.798921  3.67164  
1.56693  2.49167  0.63232  3.80375  
1.20277  3.19621  1.30147  3.06796  
1.23604  3.14857  0.550481  3.84599  
1.02911  3.4305  1.60413  2.39092  
1.90145  1.24178  1.40898  2.84532  
1.60413  2.39092  2.0002  0.00376007  
0.0411791  3.99943  1.23604  3.14857  
2.0002  0.00376007  0.805661  3.66182  
0.805661  3.66182  1.02911  3.4305  
1.76669  1.87747  0.0411791  3.99943  
1.40711  2.84344  1.90145  1.24178  
0.550481  3.84599  1.76669  1.87747  
1.22539  3.16227  0.541594  3.85341  
0.0592125  3.99859  1.77571  1.85631  
1.60936  2.38261  0.849353  3.62648  
1.05894  3.39957  0.0592125  3.99859  
1.41671  2.82557  1.99172  0.397905  
1.99172  0.397905  1.41671  2.82557  
0.541594  3.85341  1.05894  3.39957  
1.77571  1.85631  1.22539  3.16227  
1.88954  1.32328  1.60936  2.38261  
0.849353  3.62648  1.88954  1.32328  
1.52311  2.59267  2.00001  5.63567e-05  
0.89516  3.5771  1.67976  2.17185  
0.592152  3.82075  1.13465  3.29414  
1.81381  1.68539  1.52874  2.5983  
1.92293  1.09983  0.401058  3.91883  
2.00001  5.63567e-05  1.81381  1.68539  
1.67976  2.17185  0.00109422  4.00002  
1.34407  2.96211  1.34407  2.96211  
1.13465  3.29414  1.92293  1.09983  
0.00109422  4.00002  1.42938  2.83997  
1.3993  2.86474  1.66068  2.24476  
1.49299  2.66588  1.49299  2.66588  
1.84809  1.53535  0.0775187  3.9979  
1.07489  3.37776  1.3993  2.86474  
1.66068  2.24476  0.851924  3.61967  
0.851924  3.61967  0.576083  3.83941  
1.95992  0.803135  1.95992  0.803135  
1.28959  3.06482  1.28959  3.06482  
0.0775187  3.9979  1.84809  1.53535  
0.576083  3.83941  1.07489  3.37776  
1.9993  0.119551  0.497961  3.88361  
0.0186983  4.00018  0.936461  3.53489  
1.15848  3.26323  1.9993  0.119551  
1.34277  2.96502  1.61776  2.35403  
1.52565  2.59059  1.52565  2.59059  
0.731593  3.72323  0.731593  3.72323  
1.61776  2.35403  1.15848  3.26323  
0.497961  3.88361  0.0186983  4.00018  
0.936461  3.53489  1.34277  2.96502  
1.71402  2.06392  1.71402  2.06392  
0.670876  3.77117  0.0851987  3.99686  
1.83638  1.5919  0.466958  3.8917  
1.62313  2.35224  0.670876  3.77117  
0.466958  3.8917  1.99148  0.395405  
1.04187  3.42392  1.44404  2.76848  
0.851473  3.62031  1.24203  3.13755  
0.0851987  3.99686  1.83638  1.5919  
1.44404  2.76848  1.04187  3.42392  
1.99148  0.395405  1.62313  2.35224  
1.24203  3.13755  0.851473  3.62031  
1.14275  3.28275  0.601301  3.81494  
1.92285  1.10025  1.35086  2.9497  
2  0.000166775  0.903922  3.56815  
0.601301  3.81494  2  0.000166775  
1.52879  2.579  1.52879  2.579  
1.35086  2.9497  1.92285  1.10025  
0.903922  3.56815  0.00123093  4  
1.81616  1.67518  1.68374  2.15873  
1.68374  2.15873  1.81616  1.67518  
0.00123093  4  1.14275  3.28275  
1.35086  2.9497  1.68374  2.15873  
1.92285  1.10025  1.35086  2.9497  
1.81616  1.67518  0.601301  3.81494  
1.52879  2.579  1.81616  1.67518  
2  0.000166775  1.14275  3.28275  
1.14275  3.28275  1.52879  2.579  
0.00123093  4  0.364007  3.93319  
0.601301  3.81494  2  0.000166775  
0.903922  3.56815  0.903922  3.56815  
1.68374  2.15873  1.92285  1.10025  
0.00123093  4  0.00123093  4  
1.81616  1.67518  1.14275  3.28275  
1.14275  3.28275  1.92285  1.10025  
0.903922  3.56815  0.903922  3.56815  
1.68374  2.15873  1.81616  1.67518  
2  0.000166775  1.68374  2.15873  
1.52879  2.579  2  0.000166775  
1.35086  2.9497  1.35086  2.9497  
1.92285  1.10025  1.52879  2.579  
0.601301  3.81494  0.601301  3.81494  
2  0.000166775  1.68374  2.15873  
0.601301  3.81494  1.81616  1.67518  
1.81616  1.67518  0.903922  3.56815  
0.00123093  4  1.52879  2.579  
1.52879  2.579  1.35086  2.9497  
1.35086  2.9497  1.92285  1.10025  
0.903922  3.56815  1.14275  3.28275  
1.14275  3.28275  0.00123093  4  
1.92285  1.10025  0.601301  3.81494  
1.68374  2.15873  2  0.000166775  
0.601301  3.81494  2  0.000166775  
1.14275  3.28275  1.68374  2.15873  
1.52879  2.579  1.52879  2.579  
1.81616  1.67518  1.81616  1.67518  
1.35086  2.9497  1.35086  2.9497  
1.68374  2.15873  1.14275  3.28275  
0.00123093  4  1.92285  1.10025  
1.92285  1.10025  0.903922  3.56815  
0.903922  3.56815  0.00123093  4  
2  0.000166775  0.601301  3.81494  
1.14275  3.28275  1.14275  3.28275  
1.35086  2.9497  1.92285  1.10025  
1.81616  1.67518  0.903922  3.56815  
0.903922  3.56815  1.52879  2.579  
1.68374  2.15873  2  0.000166775  
0.601301  3.81494  1.81616  1.67518  
1.52879  2.579  0.00123093  4  
1.92285  1.10025  1.35086  2.9497  
2  0.000166775  0.601301  3.81494  
0.00123093  4  1.68374  2.15873  
1.35086  2.9497  2  0.000166775  
0.601301  3.81494  1.92285  1.10025  
1.52879  2.579  1.68374  2.15873  
1.68374  2.15873  1.52879  2.579  
0.00123093  4  0.601301  3.81494  
2  0.000166775  0.903922  3.56815  
0.903922  3.56815  1.81616  1.67518  
1.92285  1.10025  1.14275  3.28275  
1.14275  3.28275  0.00123093  4  
1.81616  1.67518  1.35086  2.9497  
0.903922  3.56815  1.92285  1.10025  
1.35086  2.9497  2  0.000166775  
1.52879  2.579  0.903922  3.56815  
1.68374  2.15873  1.14275  3.28275  
1.92285  1.10025  1.68374  2.15873  
0.00123093  4  0.601301  3.81494  
1.14275  3.28275  1.81616  1.67518  
1.81616  1.67518  0.00123093  4  
0.601301  3.81494  1.52879  2.579  
2  0.000166775  1.35086  2.9497  
1.14275  3.28275  1.52879  2.579  
0.00123093  4  1.14275  3.28275  
1.81616  1.67518  0.00123093  4  
0.903922  3.56815  1.68374  2.15873  
1.52879  2.579  1.92285  1.10025  
0.601301  3.81494  0.903922  3.56815  
1.68374  2.15873  2  0.000166775  
2  0.000166775  0.601301  3.81494  
1.35086  2.9497  1.35086  2.9497  
1.92285  1.10025  1.81616  1.67518  
0.00123093  4  0.601301  3.81494  
1.81616  1.67518  1.14275  3.28275  
1.35086  2.9497  1.68374  2.15873  
1.52879  2.579  1.81616  1.67518  
1.68374  2.15873  1.52879  2.579  
1.92285  1.10025  0.903922  3.56815  
0.903922  3.56815  1.35086  2.9497  
0.601301  3.81494  1.82505  1.6361  
1.14275  3.28275  0.00123093  4  
2  0.000166775  1.92285  1.10025  
1.81616  1.67518  1.52865  2.57932  
1.92412  1.09132  1.68368  2.1589  
0.00123093  4  2  0.000166775  
1.68368  2.1589  1.35094  2.94955  
1.52865  2.57932  0.903922  3.56815  
2  0.000166775  1.92412  1.09132  
0.903922  3.56815  1.81616  1.67518  
1.35094  2.94955  0.00123093  4  
1.14238  3.28327  0.601342  3.81491  
0.601342  3.81491  1.14238  3.28327  
1.68368  2.1589  1.52865  2.57932  
2  0.000166775  1.35094  2.94955  
0.601342  3.81491  0.00123093  4  
1.81616  1.67518  2  0.000166775  
0.00123093  4  1.65915  2.23359  
1.35094  2.94955  0.903922  3.56815  
1.92412  1.09132  0.601342  3.81491  
1.14238  3.28327  1.92412  1.09132  
1.52865  2.57932  1.14238  3.28327  
0.903922  3.56815  1.81616  1.67518  
1.52865  2.57932  1.92412  1.09132  
0.903922  3.56815  1.68368  2.1589  
1.92412  1.09132  1.52865  2.57932  
0.00123093  4  0.903922  3.56815  
1.14238  3.28327  0.00123093  4  
2  0.000166775  1.14238  3.28327  
1.81616  1.67518  0.601342  3.81491  
1.35094  2.94955  2  0.000166775  
0.601342  3.81491  1.55512  2.51523  
1.68368  2.1589  1.35094  2.94955  
1.68368  2.1589  1.81616  1.67518  
2  0.000166775  1.35094  2.94955  
0.601342  3.81491  2  0.000166775  
1.52865  2.57932  1.52865  2.57932  
1.92412  1.09132  0.601342  3.81491  
1.14238  3.28327  1.92412  1.09132  
0.903922  3.56815  0.719936  3.73186  
1.35094  2.94955  1.14238  3.28327  
0.00123093  4  1.68368  2.1589  
1.81616  1.67518  0.00123093  4  
2  0.000166775  0.601342  3.81491  
0.601342  3.81491  0.00123093  4  
1.92412  1.09132  0.903922  3.56815  
1.81616  1.67518  1.92412  1.09132  
0.903922  3.56815  1.14238  3.28327  
1.68368  2.1589  1.35094  2.94955  
1.14238  3.28327  2  0.000166775  
0.00123093  4  1.68368  2.1589  
1.52865  2.57932  1.52865  2.57932  
1.35094  2.94955  1.81616  1.67518  
1.92412  1.09132  1.52865  2.57932  
1.14238  3.28327  0.972554  3.49522  
1.81616  1.67518  0.903922  3.56815  
1.52865  2.57932  0.00123093  4  
1.35094  2.94955  1.92412  1.09132  
1.68368  2.1589  1.35094  2.94955  
0.601342  3.81491  2  0.000166775  
2  0.000166775  1.68368  2.1589  
0.903922  3.56815  1.14238  3.28327  
0.00123093  4  1.81616  1.67518  
2  0.000166775  1.92412  1.09132  
0.601342  3.81491  1.52865  2.57932  
1.92412  1.09132  1.14238  3.28327  
0.903922  3.56815  0.601342  3.81491  
1.52865  2.57932  0.00123093  4  
1.35094  2.94955  1.68368  2.1589  
1.81616  1.67518  0.903922  3.56815  
1.14238  3.28327  2  0.000166775  
1.68368  2.1589  1.35094  2.94955  
0.00123093  4  1.81616  1.67518  
2  0.000166775  1.68368  2.1589  
1.81616  1.67518  1.52865  2.57932  
0.601342  3.81491  0.422013  3.90994  
1.52865  2.57932  2  0.000166775  
1.14238  3.28327  0.903922  3.56815  
1.92412  1.09132  1.92412  1.09132  
0.903922  3.56815  1.81616  1.67518  
1.35094  2.94955  1.35094  2.94955  
0.00123093  4  1.14238  3.28327  
1.68368  2.1589  0.601342  3.81491  
1.52865  2.57932  1.14238  3.28327  
1.68368  2.1589  2  0.000166775  
1.81616  1.67518  1.68368  2.1589  
0.00123093  4  1.35094  2.94955  
2  0.000166775  0.00123093  4  
0.601342  3.81491  0.601342  3.81491  
1.35094  2.94955  1.52865  2.57932  
0.903922  3.56815  0.903922  3.56815  
1.92412  1.09132  1.81616  1.67518  
1.14238  3.28327  1.92412  1.09132  
1.68368  2.1589  1.92412  1.09132  
1.52865  2.57932  0.601342  3.81491  
0.903922  3.56815  1.52865  2.57932  
1.35094  2.94955  1.30803  3.02593  
1.92412  1.09132  0.00123093  4  
2  0.000166775  0.903922  3.56815  
0.00123093  4  1.81616  1.67518  
0.601342  3.81491  1.14238  3.28327  
1.81616  1.67518  1.68368  2.1589  
1.14238  3.28327  2  0.000166775  
1.35094  2.94955  0.601342  3.81491  
1.52865  2.57932  2  0.000166775  
1.14238  3.28327  0.00123093  4  
1.81616  1.67518  1.68368  2.1589  
0.903975  3.5681  1.81616  1.67518  
1.92412  1.09132  0.903975  3.5681  
1.68368  2.1589  1.52865  2.57932  
0.00123093  4  1.35094  2.94955  
0.601342  3.81491  1.14238  3.28327  
2  0.000166775  1.92412  1.09132  
2  0.000166775  1.35094  2.94955  
0.00123093  4  1.14238  3.28327  
1.52865  2.57932  1.52865  2.57932  
1.35094  2.94955  1.92412  1.09132  
0.601342  3.81491  1.81616  1.67518  
1.81616  1.67518  0.193987  3.98114  
1.14238  3.28327  1.68368  2.1589  
1.92412  1.09132  2  0.000166775  
0.903975  3.5681  0.903975  3.5681  
1.68368  2.1589  0.601342  3.81491  
0.601342  3.81491  1.14238  3.28327  
1.35094  2.94955  1.35094  2.94955  
1.14238  3.28327  0.00123093  4  
1.52865  2.57932  0.601342  3.81491  
1.68368  2.1589  1.68368  2.1589  
2  0.000166775  1.81616  1.67518  
0.00123093  4  1.92412  1.09132  
1.81616  1.67518  0.903975  3.5681  
1.92412  1.09132  1.52865  2.57932  
0.903975  3.5681  2  0.000166775  
0.00123093  4  0.601342  3.81491  
1.52865  2.57932  1.14238  3.28327  
1.14238  3.28327  0.00123093  4  
1.92412  1.09132  2  0.000166775  
2  0.000166775  0.903975  3.5681  
0.903975  3.5681  1.52865  2.57932  
1.68368  2.1589  1.81616  1.67518  
0.601342  3.81491  1.35094  2.94955  
1.81616  1.67518  1.68368  2.1589  
1.35094  2.94955  1.92412  1.09132  
0.00123093  4  1.11536  3.32022  
1.52865  2.57932  0.00123093  4  
1.68368  2.1589  1.81616  1.67518  
1.92412  1.09132  1.52865  2.57932  
1.81616  1.67518  1.92412  1.09132  
1.35094  2.94955  2  0.000166775  
2  0.000166775  0.601342  3.81491  
1.14238  3.28327  1.35094  2.94955  
0.601342  3.81491  0.903975  3.5681  
0.903975  3.5681  1.14238  3.28327  
1.35094  2.94955  0.00123093  4  
0.601342  3.81491  1.92412  1.09132  
1.14238  3.28327  1.81616  1.67518  
1.52865  2.57932  1.14238  3.28327  
1.68368  2.1589  0.903975  3.5681  
1.81616  1.67518  1.68368  2.1589  
0.903975  3.5681  1.35094  2.94955  
0.00123093  4  0.601342  3.81491  
2  0.000166775  2  0.000166775  
1.92412  1.09132  1.52865  2.57932  
1.14238  3.28327  1.35094  2.94955  
1.81616  1.67518  1.14238  3.28327  
1.68368  2.1589  0.00123093  4  
1.52865  2.57932  0.903975  3.5681  
0.903975  3.5681  1.81616  1.67518  
0.601342  3.81491  2  0.000166775  
0.00123093  4  1.92412  1.09132  
1.92412  1.09132  0.601342  3.81491  
2  0.000166775  1.68368  2.1589  
1.35094  2.94955  1.52865  2.57932  
0.00123093  4  1.81616  1.67518  
1.14238  3.28327  1.35065  2.95008  
0.903975  3.5681  1.92412  1.09132  
1.35094  2.94955  0.903975  3.5681  
1.68368  2.1589  1.35094  2.94955  
1.92412  1.09132  2  0.000166775  
0.601342  3.81491  0.601342  3.81491  
2  0.000166775  0.00123093  4  
1.81616  1.67518  1.52865  2.57932  
1.52865  2.57932  1.68368  2.1589  
1.81616  1.67518  0.00123093  4  
1.68368  2.1589  1.52865  2.57932  
0.00123093  4  1.14238  3.28327  
0.601342  3.81491  2  0.000166775  
0.903975  3.5681  1.81616  1.67518  
1.14238  3.28327  1.35094  2.94955  
1.52865  2.57932  0.601342  3.81491  
2  0.000166775  0.903975  3.5681  
1.92412  1.09132  1.68368  2.1589  
1.35094  2.94955  1.92412  1.09132  
0.903975  3.5681  0.00123093  4  
1.68368  2.1589  1.52865  2.57932  
1.52865  2.57932  1.35094  2.94955  
1.14238  3.28327  1.92412  1.09132  
0.00123093  4  1.14238  3.28327  
2  0.000166775  1.68368  2.1589  
1.81616  1.67518  0.601342  3.81491  
1.92412  1.09132  2  0.000166775  
0.601342  3.81491  0.903975  3.5681  
1.35094  2.94955  1.81616  1.67518  
0.903975  3.5681  1.14238  3.28327  
1.92412  1.09132  1.81616  1.67518  
1.35092  2.94959  1.35092  2.94959  
1.81616  1.67518  1.92412  1.09132  
1.52865  2.57932  2  0.000166775  
0.601342  3.81491  1.68368  2.1589  
1.68368  2.1589  0.903975  3.5681  
2  0.000166775  1.52865  2.57932  
0.00123093  4  0.00123093  4  
1.14238  3.28327  0.601342  3.81491  
0.00123093  4  1.94666  0.917614  
2  0.000166775  0.601342  3.81491  
0.903975  3.5681  1.92412  1.09132  
1.92412  1.09132  0.903975  3.5681  
1.52865  2.57932  1.14238  3.28327  
0.601342  3.81491  1.52865  2.57932  
1.35092  2.94959  1.68368  2.1589  
1.81616  1.67518  0.00123093  4  
1.14238  3.28327  1.35092  2.94959  
1.68368  2.1589  1.81616  1.67518  
1.81616  1.67518  2  0.000166775  
1.68368  2.1589  1.81616  1.67518  
1.35092  2.94959  1.92412  1.09132  
1.14238  3.28327  0.00123093  4  
1.92412  1.09132  1.35092  2.94959  
0.601342  3.81491  1.52865  2.57932  
2  0.000166775  0.601342  3.81491  
1.52865  2.57932  1.14238  3.28327  
0.903975  3.5681  0.903975  3.5681  
0.00123093  4  1.68368  2.1589  
1.14238  3.28327  1.35092  2.94959  
2  0.000166775  0.00123093  4  
1.35092  2.94959  1.92412  1.09132  
1.68368  2.1589  2  0.000166775  
1.81616  1.67518  0.903975  3.5681  
1.92412  1.09132  1.14238  3.28327  
0.601342  3.81491  0.903975  3.5681  
0.903975  3.5681  1.81616  1.67518  
0.00123093  4  1.52865  2.57932  
1.52865  2.57932  1.68368  2.1589  
1.52865  2.57932  1.52865  2.57932  
2  0.000166775  0.903975  3.5681  
1.35092  2.94959  1.68368  2.1589  
1.92412  1.09132  2  0.000166775  
0.903975  3.5681  1.81616  1.67518  
1.81616  1.67518  1.92412  1.09132  
1.14238  3.28327  0.601342  3.81491  
0.601342  3.81491  1.14238  3.28327  
1.68368  2.1589  0.00123093  4  
0.00123093  4  1.35092  2.94959  
1.68368  2.1589  1.92412  1.09132  
1.14238  3.28327  2  0.000166775  
2  0.000166775  1.12939  3.3012  
1.52865  2.57932  0.00123093  4  
1.92412  1.09132  0.903975  3.5681  
0.00123093  4  1.35092  2.94959  
1.81616  1.67518  1.52865  2.57932  
0.601342  3.81491  0.601342  3.81491  
0.903975  3.5681  1.81616  1.67518  
1.35092  2.94959  1.68368  2.1589  
1.68368  2.1589  0.903975  3.5681  
1.35092  2.94959  1.14238  3.28327  
0.601342  3.81491  0.601342  3.81491  
1.52865  2.57932  1.81616  1.67518  
1.92412  1.09132  1.92412  1.09132  
2  0.000166775  0.00123093  4  
1.81616  1.67518  1.35092  2.94959  
1.14238  3.28327  1.68368  2.1589  
0.903975  3.5681  1.52865  2.57932  
0.00123093  4  2  0.000166775  
0.601342  3.81491  1.52865  2.57932  
1.81616  1.67518  0.903975  3.5681  
0.903975  3.5681  0.601342  3.81491  
0.00123093  4  0.00123093  4  
1.35092  2.94959  1.14238  3.28327  
1.52865  2.57932  2  0.000166775  
1.92412  1.09132  1.92412  1.09132  
1.68368  2.1589  1.81616  1.67518  
2  0.000166775  1.68368  2.1589  
1.14238  3.28327  1.35092  2.94959  
1.81616  1.67518  2  0.000166775  
0.903975  3.5681  0.903975  3.5681  
0.00123093  4  1.81346  1.68687  
0.601342  3.81491  0.601342  3.81491  
2  0.000166775  1.35092  2.94959  
1.52865  2.57932  1.14238  3.28327  
1.14238  3.28327  1.81616  1.67518  
1.35092  2.94959  1.52865  2.57932  
1.92412  1.09132  1.68368  2.1589  
1.68368  2.1589  0.00123093  4  
0.601342  3.81491  1.14238  3.28327  
1.81616  1.67518  0.903975  3.5681  
1.92412  1.09132  1.4441  2.76735  
2  0.000166775  1.52865  2.57932  
1.52865  2.57932  1.68368  2.1589  
0.00123093  4  1.35092  2.94959  
1.35092  2.94959  0.601342  3.81491  
1.68368  2.1589  2  0.000166775  
0.903975  3.5681  0.00123093  4  
1.14238  3.28327  1.81616  1.67518  
1.35092  2.94959  0.00123093  4  
1.81616  1.67518  1.81616  1.67518  
1.92412  1.09132  0.601342  3.81491  
2  0.000166775  1.52865  2.57932  
1.52865  2.57932  1.68368  2.1589  
0.601342  3.81491  2  0.000166775  
0.903975  3.5681  1.14238  3.28327  
1.68368  2.1589  1.35092  2.94959  
1.14238  3.28327  0.903975  3.5681  
0.00123093  4  1.92412  1.09132  
0.903975  3.5681  1.52865  2.57932  
1.68368  2.1589  2  0.000166775  
1.14238  3.28327  1.92412  1.09132  
0.00123093  4  0.399791  3.91927  
2  0.000166775  1.81616  1.67518  
1.35092  2.94959  0.903975  3.5681  
1.52865  2.57932  1.35092  2.94959  
0.601342  3.81491  0.601342  3.81491  
1.92412  1.09132  0.00123093  4  
1.81616  1.67518  1.68368  2.1589  
1.14238  3.28327  1.35092  2.94959  
0.601342  3.81491  1.14238  3.28327  
1.68368  2.1589  1.92412  1.09132  
1.52865  2.57932  1.68368  2.1589  
1.35092  2.94959  0.903975  3.5681  
1.92412  1.09132  1.81616  1.67518  
2  0.000166775  2  0.000166775  
1.81616  1.67518  0.00123093  4  
0.903975  3.5681  0.601342  3.81491  
0.00123093  4  1.52865  2.57932  
0.903975  3.5681  0.601342  3.81491  
1.92412  1.09132  1.14238  3.28327  
1.35092  2.94959  1.81616  1.67518  
1.68368  2.1589  0.903975  3.5681  
1.52865  2.57932  1.68368  2.1589  
0.601342  3.81491  0.00123093  4  
2  0.000166775  1.52865  2.57932  
1.14238  3.28327  2  0.000166775  
1.81616  1.67518  1.35092  2.94959  
0.00123093  4  1.92412  1.09132  
0.903975  3.5681  1.92412  1.09132  
0.00123093  4  1.35092  2.94959  
1.35092  2.94959  0.903975  3.5681  
1.52865  2.57932  0.601342  3.81491  
0.601342  3.81491  1.81616  1.67518  
1.68368  2.1589  1.68368  2.1589  
1.92412  1.09132  1.52865  2.57932  
2  0.000166775  1.14238  3.28327  
1.14238  3.28327  0.601342  3.81491  
1.81616  1.67518  2  0.000166775  
1.92412  1.09132  2  0.000166775  
1.68368  2.1589  1.52865  2.57932  
0.903975  3.5681  1.35092  2.94959  
0.00123093  4  0.601342  3.81491  
1.35092  2.94959  1.92412  1.09132  
2  0.000166775  1.81616  1.67518  
1.81616  1.67518  0.00123093  4  
1.52865  2.57932  0.903975  3.5681  
1.14238  3.28327  1.14238  3.28327  
0.601342  3.81491  1.68368  2.1589  
0.601342  3.81491  2  0.000166775  
0.903975  3.5681  1.81616  1.67518  
1.14238  3.28327  1.52865  2.57932  
1.68368  2.1589  0.903975  3.5681  
2  0.000166775  1.92412  1.09132  
0.00123093  4  1.68368  2.1589  
1.81616  1.67518  0.00123093  4  
1.52865  2.57932  1.35092  2.94959  
1.92412  1.09132  0.601342  3.81491  
1.35092  2.94959  1.14238  3.28327  
0.00123093  4  0.00123093  4  
1.68368  2.1589  1.68368  2.1589  
1.35092  2.94959  1.35092  2.94959  
1.81616  1.67518  0.903975  3.5681  
1.92412  1.09132  1.14238  3.28327  
1.52865  2.57932  2  0.000166775  
0.903975  3.5681  0.601342  3.81491  
1.14238  3.28327  1.81616  1.67518  
0.601342  3.81491  1.52865  2.57932  
2  0.000166775  1.98062  0.555482  
0.601342  3.81491  0.00123093  4  
1.81616  1.67518  1.35092  2.94959  
0.903975  3.5681  0.601342  3.81491  
0.00123093  4  2  0.000166775  
1.35092  2.94959  1.68368  2.1589  
1.52865  2.57932  1.14238  3.28327  
1.92412  1.09132  1.92412  1.09132  
1.68368  2.1589  1.80608  1.71823  
2  0.000166775  1.52865  2.57932  
1.14238  3.28327  0.903975  3.5681  
2  0.000166775  0.903975  3.5681  
1.52865  2.57932  1.81616  1.67518  
0.00123093  4  1.92412  1.09132  
1.35092  2.94959  0.837881  3.63206  
1.81616  1.67518  1.14238  3.28327  
0.903975  3.5681  0.00123093  4  
1.68368  2.1589  1.35092  2.94959  
1.92412  1.09132  1.52865  2.57932  
0.601342  3.81491  2  0.000166775  
1.14238  3.28327  1.68368  2.1589  
0.903975  3.5681  1.68368  2.1589  
1.92412  1.09132  1.81616  1.67518  
2  0.000166775  0.601342  3.81491  
1.52865  2.57932  0.903975  3.5681  
1.14238  3.28327  1.35092  2.94959  
1.81616  1.67518  1.92412  1.09132  
1.35092  2.94959  1.14238  3.28327  
0.00123093  4  0.903975  3.5681  
0.601342  3.81491  1.52865  2.57932  
1.68368  2.1589  2  0.000166775  
2  0.000166775  0.601342  3.81491  
1.68368  2.1589  1.81616  1.67518  
0.00123093  4  1.68368  2.1589  
1.92412  1.09132  1.35092  2.94959  
1.35092  2.94959  2  0.000166775  
0.601342  3.81491  1.14238  3.28327  
1.52865  2.57932  1.92412  1.09132  
1.81616  1.67518  1.52865  2.57932  
1.14238  3.28327  0.00123093  4  
0.903975  3.5681  0.903975  3.5681  
1.68368  2.1589  1.35092  2.94959  
0.00123093  4  1.52865  2.57932  
1.92412  1.09132  0.462  3.89181  
1.35092  2.94959  2  0.000166775  
1.52865  2.57932  0.903975  3.5681  
0.903975  3.5681  0.00123093  4  
1.81616  1.67518  1.81616  1.67518  
2  0.000166775  0.601342  3.81491  
0.601342  3.81491  1.14238  3.28327  
1.14238  3.28327  1.92412  1.09132  
0.903975  3.5681  0.601342  3.81491  
1.68368  2.1589  1.14238  3.28327  
1.14238  3.28327  2  0.000166775  
2  0.000166775  0.836338  3.63348  
0.601342  3.81491  0.00123093  4  
1.81616  1.67518  1.35092  2.94959  
1.52865  2.57932  1.92412  1.09132  
1.35092  2.94959  1.68368  2.1589  
1.92412  1.09132  1.69718  2.11622  
0.00123093  4  1.52865  2.57932  
1.52865  2.57932  1.81616  1.67518  
0.601342  3.81491  1.92412  1.09132  
2  0.000166775  1.52865  2.57932  
0.00123093  4  0.00123093  4  
0.903975  3.5681  2  0.000166775  
1.81616  1.67518  0.903975  3.5681  
1.92412  1.09132  0.601342  3.81491  
1.14238  3.28327  1.35092  2.94959  
1.68368  2.1589  1.14238  3.28327  
1.35092  2.94959  1.68368  2.1589  
0.601342  3.81491  1.52865  2.57932  
1.68368  2.1589  1.35092  2.94959  
0.00123093  4  1.92412  1.09132  
1.81616  1.67518  2  0.000166775  
1.14238  3.28327  0.601342  3.81491  
1.52865  2.57932  1.14238  3.28327  
1.92412  1.09132  1.81616  1.67518  
2  0.000166775  1.62345  2.33616  
1.35092  2.94959  0.00123093  4  
0.903975  3.5681  0.903975  3.5681  
0.00123093  4  1.68368  2.1589  
1.14238  3.28327  1.52865  2.57932  
1.35092  2.94959  2  0.000166775  
0.601342  3.81491  1.12519  3.30693  
1.81616  1.67518  0.601342  3.81491  
1.52865  2.57932  1.14238  3.28327  
1.68368  2.1589  1.81616  1.67518  
0.903975  3.5681  0.903975  3.5681  
2  0.000166775  0.00123093  4  
1.92412  1.09132  1.92412  1.09132  
0.601342  3.81491  0.601342  3.81491  
1.81616  1.67518  2  0.000166775  
0.903975  3.5681  1.68368  2.1589  
0.00123093  4  1.81616  1.67518  
1.35092  2.94959  1.92412  1.09132  
1.52865  2.57932  0.903975  3.5681  
1.92412  1.09132  1.35092  2.94959  
1.68368  2.1589  1.14238  3.28327  
2  0.000166775  0.00123093  4  
1.14238  3.28327  1.52865  2.57932  
1.68368  2.1589  1.52865  2.57932  
2  0.000166775  0.903975  3.5681  
1.52865  2.57932  1.92412  1.09132  
0.903975  3.5681  1.35092  2.94959  
0.00123093  4  0.601342  3.81491  
1.81616  1.67518  1.81616  1.67518  
1.14238  3.28327  2  0.000166775  
1.92412  1.09132  0.00123093  4  
1.35092  2.94959  1.14238  3.28327  
0.601342  3.81491  1.68368  2.1589  
1.92412  1.09132  1.81616  1.67518  
1.35092  2.94959  0.903975  3.5681  
1.14238  3.28327  2  0.000166775  
2  0.000166775  1.92412  1.09132  
0.903975  3.5681  0.561452  3.83915  
1.52865  2.57932  1.35092  2.94959  
1.81616  1.67518  1.68368  2.1589  
1.68368  2.1589  0.601342  3.81491  
0.601342  3.81491  1.52865  2.57932  
0.00123093  4  1.14238  3.28327  
