2.48877  1.27735  3.05874  1.23783  
2.54571  1.22803  2.5959  1.1495  
2.60278  1.3163  3.1785  1.99182  
2.48699  1.02662  2.27512  1.41764  
2.69135  0.996924  1.78686  1.70789  
2.75685  1.50979  2.58618  1.88488  
2.63816  2.31625  2.78927  2.25805  
1.84188  1.86343  3.40639  0.929189  
1.89246  2.58521  2.17015  2.41974  
1.86079  2.1718  2.74097  2.02531  
2.33128  1.55077  2.14323  2.52933  
2.37061  2.15845  2.32686  1.61242  
1.66942  2.95353  2.69894  2.32445  
2.62191  2.03869  2.36487  2.43582  
2.04449  1.80118  2.29591  1.87726  
2.33273  1.70205  2.601  1.79384  
2.41725  2.91833  1.97345  1.34056  
2.38202  0.968885  2.57289  2.52261  
2.20819  1.64413  2.33781  2.25887  
2.94374  2.33347  1.99632  2.14475  
1.38837  2.06303  1.46322  1.73043  
2.72907  1.94531  2.08998  2.44092  
2.23284  1.80663  2.78783  2.41925  
2.67608  1.95335  2.81029  2.22187  
3.81414  1.3153  2.6076  1.4667  
2.53418  1.96569  2.50582  1.42209  
3.09831  1.6542  2.45102  1.33424  
2.53074  1.82527  2.09868  2.13211  
2.64968  1.52591  2.38047  1.35498  
3.19204  1.41947  1.82018  1.15711  
2.43322  1.92027  3.05311  2.29869  
2.46674  1.56869  2.43426  2.35659  
2.65111  1.62124  2.08875  1.9274  
2.98959  2.74698  2.11936  2.06392  
2.26073  1.53041  3.3182  1.21476  
2.58262  1.9035  2.78098  1.49047  
1.69717  1.15328  1.79806  1.38522  
3.26683  2.45576  2.48921  1.45486  
2.43769  1.99484  2.84827  2.11949  
2.90282  1.61183  1.9654  2.07857  
2.95358  1.68588  1.81731  1.27125  
2.72238  1.32492  3.39155  1.86524  
1.96134  1.05134  3.01589  0.762846  
2.23887  1.92248  2.79864  2.01473  
2.13875  2.69056  2.63631  2.93762  
3.23207  1.39061  2.57089  1.5979  
2.03594  2.85064  3.40266  1.30841  
2.74889  1.19768  2.8478  1.91931  
2.14199  1.89614  1.82012  1.52699  
1.58074  1.74628  2.47178  1.35779  
1.03048  2.4166  2.36781  2.25347  
3.11524  2.21301  2.12639  1.81414  
2.23266  1.51358  2.77465  2.53003  
2.33588  1.82722  2.54152  1.90775  
2.23337  2.11417  2.09655  1.40456  
2.20845  1.22414  2.47267  0.918818  
2.72172  1.63492  1.67399  1.84478  
3.25139  1.26366  2.69177  1.65206  
2.7743  1.07729  1.50811  1.82049  
1.88475  0.915765  1.62757  1.8643  
1.91178  2.57367  2.21497  1.79429  
2.93665  2.02116  3.03323  2.46422  
2.33249  1.57443  2.86711  1.88822  
1.91842  1.9307  2.85504  1.60659  
1.83951  1.85094  2.179  1.27055  
3.32806  1.6545  2.58089  2.04997  
2.24564  1.47738  2.68043  2.41652  
2.89492  2.45257  1.94457  1.88542  
2.48436  2.55858  1.99231  1.41356  
2.96511  2.38964  1.55492  2.87453  
2.28906  2.68136  2.8023  1.83363  
2.39221  1.83552  2.69283  1.09506  
2.81054  1.25419  2.50809  3.0155  
1.3544  1.46203  3.13717  1.4073  
2.1096  2.38176  2.25817  2.28972  
2.59663  1.68693  2.22837  2.15156  
2.26286  1.82191  2.60156  2.68551  
2.80812  1.56278  2.4273  1.73585  
2.89741  2.31954  2.55902  1.64064  
2.20522  1.61861  2.83989  2.74853  
2.41087  2.00198  2.63725  1.73985  
3.00597  1.90593  2.46083  2.27933  
1.81396  2.19947  1.86343  1.66094  
1.8948  2.23255  2.06878  1.63426  
2.8078  1.76697  2.54658  2.02616  
1.7532  1.44854  2.00759  2.07415  
2.5725  1.7667  2.35863  1.13775  
1.98267  2.33044  2.7412  1.63031  
2.11663  0.938462  3.20461  2.23768  
2.90591  1.69482  1.90526  1.3999  
1.93561  2.44972  1.08599  2.2964  
2.81049  1.51564  1.4621  1.71391  
2.12196  2.12083  3.21654  1.39492  
2.57124  2.07935  3.20885  2.0317  
1.66456  0.887957  1.96505  2.50734  
2.1955  2.28598  2.93794  1.26383  
2.17309  2.15881  2.39382  1.86368  
2.59208  1.09377  2.79302  2.27915  
2.17308  1.51702  2.54621  1.04261  
2.19192  2.71669  2.64568  2.1553  
1.09987  0.00488442  2.31157  1.23419  
0.808034  0.230665  1.56385  0.71274  
0.635826  0.907082  0.808034  0.230665  
1.42548  0.135011  1.15087  0.164608  
0.150527  0.879475  0.298364  0.743821  
1.56385  0.71274  0.460684  0.558863  
2.31157  1.23419  1.42548  0.135011  
1.15087  0.164608  1.09987  0.00488442  
1.18881  1.06396  1.18881  1.06396  
0.460684  0.558863  0.635826  0.907082  
0.925418  0.0933394  0.925418  0.0933394  
1.01665  0.0379782  0.0721673  1.03855  
1.03717  0.0105832  1.28449  0.843375  
1.28449  0.843375  1.03717  0.0105832  
0.40571  0.611244  2.97905  2.45539  
1.38382  0.450694  1.38382  0.450694  
2.27367  1.26013  0.40571  0.611244  
0.281514  0.737505  2.372  1.25916  
2.97905  2.45539  1.01665  0.0379782  
0.0721673  1.03855  0.281514  0.737505  
0.933373  0.0841871  0.974512  0.124085  
1.14459  0.399903  2.16309  2.05273  
3.74582  0.713599  0.447709  0.579337  
0.447709  0.579337  1.14459  0.399903  
0.128578  0.944421  1.01744  0.00360895  
0.964439  0.133613  0.333032  0.721691  
0.333032  0.721691  3.74582  0.713599  
1.01744  0.00360895  0.933373  0.0841871  
1.03344  0.025409  1.03344  0.025409  
2.16309  2.05273  0.135934  0.972729  
1.0531  0.10664  1.0531  0.10664  
0.594586  0.818593  1.05122  0.0141959  
1.05122  0.0141959  1.31479  1.19478  
1.99509  1.21325  0.500171  0.576234  
1.31479  1.19478  1.00966  0.00585092  
0.00699258  1.04487  0.245493  0.791051  
1.02425  0.00201161  1.35484  0.172866  
1.00966  0.00585092  0.00699258  1.04487  
0.500171  0.576234  1.99509  1.21325  
0.245493  0.791051  0.594586  0.818593  
0.273604  0.752734  0.483888  0.524198  
1.00997  0.00163233  1.7474  1.29954  
1.00418  0.00836066  0.798661  0.218141  
0.00151144  1.0328  0.273604  0.752734  
0.475427  0.67448  1.00997  0.00163233  
0.798661  0.218141  2.80334  1.11238  
2.80334  1.11238  0.475427  0.67448  
1.7474  1.18418  1.00418  0.00836066  
0.923921  0.0877566  0.923921  0.0877566  
0.483888  0.524198  0.00151144  1.0328  
1.0531  0.10664  0.250799  0.749427  
0.594586  0.818593  0.918508  0.0818151  
1.00658  0.00475433  0.505137  0.496433  
1.99509  1.21325  1.31207  0.589778  
0.245493  0.791051  0.135454  0.983923  
0.00699258  1.04487  0.793108  0.20759  
1.02425  0.00201161  0.00121983  0.998944  
1.05122  0.0141959  0.426688  0.573624  
1.31479  1.19478  0.999721  0.000930372  
0.500171  0.576234  0.342562  0.657793  
0.805934  0.194185  0.384497  0.644852  
0.999721  0.000930372  1.02498  0.0119827  
0.00121983  0.998944  0.816884  0.206073  
0.918508  0.0818151  1.60544  0.978659  
0.426688  0.573624  1.11607  0.0021227  
0.342562  0.657793  1.18053  0.718283  
0.505137  0.496433  0.456934  0.573701  
0.250799  0.749427  0.00225399  1.05533  
0.793108  0.20759  1.00139  0.979341  
0.135454  0.864688  0.221453  0.810699  
1.60544  0.978659  1.24873  0.951841  
0.384497  0.644852  0.00208493  1.03882  
1.02498  0.0119827  0.512727  0.508501  
0.816884  0.206073  1.63481  0.449485  
0.558484  0.483323  1.04184  0.00252039  
0.00225399  1.05533  0.374949  0.722636  
0.221453  0.810699  0.259257  0.775666  
1.18053  0.718283  0.944841  0.0880309  
0.456934  0.573701  1.67351  1.07744  
1.11607  0.0021227  0.816489  0.19408  
0.512727  0.508501  0.412748  0.617033  
1.67351  1.07744  1.27472  0.526742  
0.259257  0.775666  0.00222663  1.04148  
0.374949  0.722636  0.554861  0.50531  
0.816489  0.19408  0.833668  0.787867  
0.00208493  1.03882  1.11783  0.30256  
1.04184  0.00252039  0.378437  0.851519  
1.24873  0.951841  0.809687  0.212964  
1.63481  0.449485  1.04186  0.00359438  
0.926251  0.0837783  0.93753  0.0910848  
1.11783  0.30256  1.05122  0.0141959  
0.805116  0.212707  1.31479  1.19478  
0.93753  0.0910848  4.16491  3.1794  
0.833668  0.787867  1.0944  0.0806591  
0.554861  0.50531  1.02425  0.00201161  
0.00222663  1.04148  0.00699258  1.04487  
1.04186  0.00359438  0.245493  0.791051  
0.378437  0.851519  0.500171  0.576234  
1.27472  0.526742  1.0531  0.10664  
0.412748  0.617033  0.594586  0.818593  
0.26629  0.751842  1.01928  0.00282493  
0.849543  0.277724  0.231789  0.790633  
1.34445  0.8045  0.849543  0.277724  
1.62716  0.450998  0.26629  0.751842  
0.425049  0.595753  1.34445  0.8045  
0.231789  0.790633  0.87567  0.253771  
0.87567  0.253771  0.95198  0.158849  
1.01928  0.00282493  0.878825  0.374943  
0.878825  0.374943  0.425049  0.595753  
0.95198  0.158849  1.62716  0.450998  
1.11501  0.0718588  0.801072  0.226513  
1.05576  0.00518679  0.414481  0.608788  
0.131086  0.894512  0.591172  0.53387  
0.591172  0.53387  0.52064  0.551971  
0.801072  0.226513  0.277853  0.736787  
1.1787  0.113684  1.30055  0.0737412  
0.52064  0.551971  1.05576  0.00518679  
0.414481  0.608788  0.131086  0.894512  
1.36888  0.528869  1.11501  0.0718588  
0.277853  0.736787  1.36888  0.528869  
0.00122981  1.02562  0.427  0.714692  
0.548615  0.471878  0.941978  0.0864919  
0.818022  0.209343  0.818022  0.209343  
3.64412  2.99621  0.00122981  1.02562  
1.03492  0.00537646  0.509056  0.587749  
0.347278  0.670209  1.08739  0.00537646  
0.509056  0.587749  0.347278  0.670209  
0.941978  0.0864919  3.64412  2.99621  
0.225621  0.790246  0.225621  0.790246  
0.427  0.714692  0.548615  0.471878  
0.25015  0.769808  2.37412  1.2927  
0.831768  0.197632  1.01715  0.00201146  
1.0073  0.0225464  0.831768  0.197632  
1.01007  0.17214  0.940164  0.0828566  
0.00230634  1.03606  1.0073  0.0225464  
1.01715  0.00201146  0.354424  0.679624  
2.37412  1.2927  0.53912  0.481291  
0.53912  0.481291  0.00230634  1.03606  
0.940164  0.0828566  0.25015  0.769808  
0.335267  0.679624  1.01007  0.17214  
0.940359  0.0879616  0.410921  0.59421  
0.527454  0.483903  1.0288  0.00100042  
0.00121714  1.0174  0.940359  0.0879616  
0.807573  0.196772  0.369053  0.639931  
0.155989  0.859279  0.834655  0.276695  
1.0288  0.00100042  0.807573  0.196772  
0.369053  0.639931  0.260321  0.755098  
0.410921  0.59421  0.536477  0.489143  
0.260321  0.755098  0.00121714  1.0174  
0.834655  0.276695  0.155989  0.859279  
0.54538  0.477936  0.499725  0.579636  
0.00131311  1.01434  0.54538  0.477936  
0.816859  0.213737  0.816859  0.213737  
0.351504  0.660638  0.406942  0.61074  
0.406942  0.61074  0.351504  0.660638  
0.830953  0.200991  1.00921  0.00292913  
0.499725  0.579636  0.830953  0.200991  
0.951915  0.107306  0.951915  0.107306  
1.00921  0.00292913  0.496864  1.07025  
0.172652  0.842532  0.00131311  1.01434  
0.342365  0.657703  0.258405  0.742192  
0.00121464  0.99891  0.223456  0.897343  
0.523184  0.478755  0.999147  0.000905823  
0.112663  0.887437  0.426595  0.573478  
0.18634  0.813826  0.00121464  0.99891  
0.258405  0.742192  0.793075  0.207053  
0.999147  0.000905823  0.112663  0.887437  
0.918373  0.081673  0.523184  0.478755  
0.793075  0.207053  0.918373  0.081673  
0.426595  0.573478  0.342365  0.657703  
0.244372  0.773136  0.931072  0.10195  
0.333348  0.681303  0.425749  0.596677  
0.425749  0.596677  0.800824  0.207695  
0.960875  0.166773  0.00136189  1.01437  
1.06185  0.00143227  0.333348  0.681303  
0.00126254  1.01437  0.960875  0.166773  
0.931072  0.10195  0.26549  0.747362  
0.26549  0.747362  0.554984  0.473752  
0.800824  0.207695  0.244372  0.773136  
0.554984  0.473752  1.06185  0.00143227  
0.558594  0.475261  0.397646  0.675669  
0.00150412  1.01573  0.155829  0.858504  
0.338559  0.676355  0.00150412  1.01573  
0.231394  0.783985  0.231861  0.784004  
0.155829  0.858504  0.393464  0.627255  
0.393464  0.627255  0.492933  0.556309  
0.492933  0.556309  1.01408  0.00218006  
0.8221  0.201534  0.338559  0.676355  
0.397646  0.675669  0.8221  0.201534  
1.01408  0.00218006  0.558594  0.475261  
0.922999  0.0899677  0.345595  0.6686  
0.821496  0.205859  0.821496  0.205859  
1.27123  0.831907  0.829809  0.217213  
0.903644  0.237941  0.109418  1.11358  
0.221362  0.796253  0.922999  0.0899677  
1.0279  0.00191668  1.27123  0.831907  
0.345595  0.6686  0.903644  0.237941  
0.829809  0.217213  0.221362  0.796253  
0.519703  0.505836  1.0279  0.00191668  
0.00134279  1.01956  0.519703  0.505836  
0.524189  0.567658  0.161563  0.845608  
0.367133  0.716602  0.00104589  1.04133  
0.00104589  1.04133  0.360911  0.666329  
4.3567  3.34422  4.3567  3.34422  
0.815175  0.20284  1.04209  0.0136604  
0.161563  0.845608  0.815175  0.20284  
0.680001  0.64425  0.524189  0.567658  
0.360911  0.666329  0.680001  0.64425  
1.03973  0.0123724  1.18125  0.256174  
1.18125  0.256174  0.367133  0.716602  
0.446659  0.601619  0.50472  0.517094  
0.943613  0.126173  0.943613  0.126173  
2.25143  1.91878  2.25143  1.91878  
0.111922  0.893413  0.446659  0.601619  
0.282387  0.737391  0.282387  0.737391  
1.25142  0.454703  0.000722439  1.00774  
0.797504  0.220785  1.25142  0.454703  
0.50472  0.517094  0.797504  0.220785  
0.000722439  1.00774  0.111922  0.893413  
1.01317  0.00897395  1.01092  0.00903599  
0.300135  0.710544  0.931394  0.0928327  
0.801499  0.216233  0.00109862  1.05088  
0.00109862  1.05088  1.78779  1.6643  
0.399797  0.624882  1.37444  0.0446891  
1.03375  0.152192  0.399797  0.624882  
0.931394  0.0928327  1.03375  0.152192  
1.78779  1.6643  0.801499  0.216233  
1.0326  0.00173258  0.300135  0.710544  
1.37444  0.0446891  1.03263  0.00699034  
0.502663  0.5346  0.502663  0.5346  
0.796835  0.221556  0.246552  0.767629  
0.125971  0.88129  1.01126  0.000841804  
0.520646  0.491692  0.928177  0.0796237  
0.465502  0.550239  0.125971  0.88129  
0.246552  0.767629  0.465502  0.550239  
0.928177  0.0796237  0.359435  0.647561  
0.359435  0.647561  0.520646  0.491692  
0.000933802  1.00937  0.988849  0.879189  
1.01126  0.000841804  0.796835  0.221556  
0.988849  0.879189  0.00119215  1.01476  
1.00004  0.000172105  5.06493  4.29638  
0.919223  0.0811443  0.572939  0.429555  
0.172874  0.827291  0.816398  0.198472  
0.289125  0.711371  0.39023  0.610359  
0.572939  0.429555  0.289125  0.711371  
0.0898089  0.912444  0.0898089  0.912444  
0.811624  0.188635  1.00004  0.000172105  
0.000904704  1.00034  0.492191  0.508371  
0.492191  0.508371  0.919223  0.0811443  
0.39023  0.610359  0.172874  0.827291  
0.831598  0.19415  0.686913  0.5265  
0.490615  0.526148  0.137827  0.868649  
0.000751327  1.00884  0.00092788  1.02046  
0.800117  0.213005  0.298065  0.709143  
0.423565  0.604699  1.01894  0.000873652  
0.298065  0.709143  0.800117  0.213005  
0.137827  0.868649  0.925711  0.0827907  
0.686913  0.5265  0.831598  0.19415  
0.925711  0.0827907  0.423565  0.604699  
1.01894  0.000873652  0.490615  0.526148  
0.502849  0.507348  0.000929925  1.00674  
0.410973  0.612192  0.410973  0.612192  
0.247714  0.762464  2.11262  1.5215  
2.93435  2.06197  0.817581  0.192905  
0.817581  0.192905  1.01665  0.000278362  
0.927964  0.0896495  0.502849  0.507348  
1.60286  0.590224  1.19002  0.238004  
0.000929925  1.00674  0.247714  0.762464  
1.19002  0.238004  2.93435  2.06197  
1.01665  0.000278362  0.927964  0.0896495  
0.537843  0.486894  0.807416  0.227139  
0.244909  0.763769  0.00105231  1.02649  
1.05559  0.188837  0.263513  0.804139  
1.01132  0.00122426  0.810105  0.200508  
0.953925  0.887369  1.05559  0.188837  
0.00105231  1.02649  0.469601  0.561944  
0.807416  0.227139  0.930695  0.0814428  
0.930695  0.0814428  1.01132  0.00122426  
0.810105  0.200508  0.537843  0.486894  
0.469601  0.561944  0.953925  0.887369  
0.511174  0.511559  0.927964  0.0896495  
1.05318  0.0322891  1.19444  0.926312  
3.15751  1.87951  0.511174  0.511559  
1.22713  0.262869  1.22713  0.262869  
0.185855  1.58694  0.410973  0.612192  
0.410973  0.612192  2.63889  1.8276  
1.19444  0.926312  2.81951  2.07483  
0.927964  0.0896495  0.185855  1.58694  
2.63889  1.8276  1.05318  0.146495  
2.81951  2.07483  3.08982  2.32426  
0.262458  0.745292  0.000686545  1.00598  
1.45684  0.263317  1.14503  0.964545  
0.803834  0.211233  0.35209  0.654789  
0.35209  0.654789  1.04735  0.00170796  
0.000686545  1.00598  1.45684  0.263317  
1.04735  0.00170796  0.262458  0.745292  
0.48947  0.532875  2.0301  0.709064  
2.0301  0.709064  0.803834  0.211233  
1.14503  1.2011  1.89499  0.982135  
0.548829  0.491101  0.48947  0.532875  
1.00859  0.00292722  0.934361  0.0825798  
0.594764  0.460961  1.00859  0.00292722  
0.276852  0.739913  0.44326  0.567972  
0.826061  0.204116  0.477137  0.627987  
0.44326  0.567972  0.826061  0.204116  
0.477137  0.627987  0.822319  0.210913  
1.18982  0.696817  1.18982  0.696817  
0.000687019  1.00521  0.000687019  1.00521  
0.822319  0.210913  0.276852  0.739913  
0.934361  0.0825798  0.594764  0.460961  
0.546668  0.587863  0.537793  0.598499  
1.0031  0.00125601  1.03828  0.0342203  
0.529174  0.499208  1.06235  0.00751311  
0.805693  0.205751  0.259941  0.74474  
0.000143787  1.02358  0.529174  0.499208  
1.03828  0.0342203  0.39115  0.624746  
0.259941  0.74474  3.21886  2.46254  
0.616365  0.475078  0.000143787  1.02358  
1.06235  0.00751311  0.616365  0.475078  
0.39115  0.624746  0.805693  0.205751  
0.213575  0.808681  1.38335  0.386468  
1.00407  0.00119582  0.292088  0.72758  
0.000541865  1.00138  0.580971  0.441534  
1.38335  0.386468  0.000541865  1.00138  
1.48715  0.922581  1.00407  0.00119582  
0.814351  0.209771  0.886749  0.301862  
0.292088  0.72758  0.403672  0.606673  
0.886749  0.301862  0.213575  0.808681  
0.403672  0.606673  0.814351  0.209771  
0.580971  0.441534  1.49773  0.943769  
0.544119  0.465718  0.000204451  1.00164  
0.000204451  1.00164  0.392616  0.676072  
1.84261  1.35686  1.84261  1.35686  
0.392616  0.676072  1.08834  0.00124164  
1.08834  0.00124164  1.17855  0.178658  
0.808366  0.210258  1.09502  0.916037  
0.379916  0.625062  0.379916  0.625062  
1.17855  0.178658  1.00236  0.0250533  
1.00236  0.0250533  0.808366  0.210258  
0.213273  0.788554  0.213273  0.788554  
1.00167  0.000132001  0.588165  0.417238  
0.924905  0.0761982  0.389549  0.61372  
0.000177662  1.00175  0.924905  0.0761982  
0.250201  0.751355  0.120124  0.881635  
0.794974  0.207165  0.516057  0.488868  
1.04838  0.482345  1.00167  0.000132001  
0.588165  0.417238  0.000177662  1.00175  
0.389549  0.61372  0.250201  0.751355  
0.516057  0.488868  0.794974  0.207165  
0.120124  0.881635  1.19557  1.1692  
0.0894211  0.910595  0.0894376  0.910656  
0.811461  0.188637  0.999997  0.000135451  
0.390068  0.610041  0.919156  0.0808907  
0.999997  0.000135451  0.839105  0.244999  
0.288913  0.711154  0.571945  0.428403  
0.571945  0.428403  0.491905  0.508258  
0.919156  0.0808907  0.180089  0.819939  
0.491905  0.508258  0.288913  0.711154  
0.180089  0.819939  0.000178239  0.999912  
0.000178239  0.999912  0.390068  0.610041  
0.000180214  1.00306  1.12029  0.133763  
0.56178  0.445911  0.376517  0.625914  
0.802944  0.201861  0.522398  0.492709  
0.142721  0.859606  0.802944  0.201861  
0.522398  0.492709  0.000180214  1.00306  
0.263433  0.739309  0.921273  0.0857559  
1.00146  0.000185234  0.263433  0.739309  
1.01615  0.145373  0.142721  0.859606  
0.376517  0.625914  1.01615  0.145373  
0.921273  0.0857559  0.56178  0.445911  
0.135169  0.868615  1.23361  0.682935  
0.28416  0.717954  0.000122415  1.00246  
0.385165  0.636  0.4446  0.560638  
0.928504  0.0752344  0.809744  0.196118  
0.809744  0.196118  0.941687  0.0833064  
1.23361  0.682935  0.135169  0.868615  
0.000122415  1.00246  0.385165  0.636  
0.4446  0.560638  1.01337  0.000407142  
1.01337  0.000407142  0.28416  0.717954  
0.5769  0.43554  0.5769  0.43554  
0.200416  0.801926  0.12424  0.877342  
0.394872  0.609805  1.87795  1.54248  
1.87795  1.54248  0.588654  0.416975  
0.588654  0.416975  0.513581  0.497086  
0.80397  0.201402  0.80397  0.201402  
1.01018  0.000619664  0.520471  0.734759  
0.000249836  1.0062  1.01018  0.000619664  
0.12424  0.877342  0.000249836  1.0062  
0.513581  0.497086  0.286221  0.717355  
0.286221  0.717355  0.200416  0.801926  
0.616142  0.417824  0.800685  0.210785  
0.000194161  1.00349  0.215946  0.78624  
1.00413  0.000458434  0.920739  0.0867261  
0.82949  0.238805  0.375284  0.634922  
0.920739  0.0867261  0.856632  0.208114  
0.402974  0.61434  1.00413  0.000458434  
0.856632  0.208114  0.402974  0.61434  
0.800685  0.210785  0.616142  0.417824  
0.375284  0.634922  0.000603848  1.0111  
0.215946  0.78624  0.82949  0.238805  
0.506669  0.494258  0.117198  0.882804  
7.83915e-05  0.999946  0.999975  0.000101048  
0.921312  0.0788099  0.32141  0.678709  
0.417911  0.582199  0.80353  0.196551  
0.117198  0.882804  0.506669  0.494258  
0.616242  0.388345  0.417911  0.582199  
0.80353  0.196551  7.83915e-05  0.999946  
0.222381  0.777649  0.862761  0.686956  
0.999975  0.000101048  0.222381  0.777649  
0.32141  0.678709  0.921312  0.0788099  
0.32141  0.678709  0.80353  0.196551  
0.999975  0.000101048  0.117198  0.882804  
0.616242  0.388345  0.921312  0.0788099  
0.417911  0.582199  0.222593  0.777821  
0.117198  0.882804  0.616242  0.388345  
0.506669  0.494258  0.999975  0.000101048  
0.222381  0.777649  0.506669  0.494258  
0.80353  0.196551  0.32141  0.678709  
0.921312  0.0788099  0.417911  0.582199  
7.83915e-05  0.999946  7.83915e-05  0.999946  
0.32141  0.678709  7.83915e-05  0.999946  
0.616242  0.388345  0.506669  0.494258  
7.83915e-05  0.999946  0.616242  0.388345  
0.506669  0.494258  0.117579  0.883344  
0.80353  0.196551  0.999975  0.000101048  
0.921312  0.0788099  0.32141  0.678709  
0.222381  0.777649  0.921312  0.0788099  
0.117198  0.882804  0.80353  0.196551  
0.999975  0.000101048  0.417911  0.582199  
0.417911  0.582199  0.222381  0.777649  
0.417911  0.582199  0.422148  0.585065  
0.80353  0.196551  7.83915e-05  0.999946  
0.921312  0.0788099  0.222381  0.777649  
0.32141  0.678709  0.117198  0.882804  
0.616242  0.388345  0.921312  0.0788099  
0.506669  0.494258  0.80353  0.196551  
7.83915e-05  0.999946  0.999973  9.77668e-05  
0.999973  9.77668e-05  0.32141  0.678709  
0.222381  0.777649  0.616242  0.388345  
0.117198  0.882804  0.506669  0.494258  
0.417911  0.582199  0.32141  0.678709  
0.80353  0.196551  0.117198  0.882804  
0.999973  8.81714e-05  0.887267  0.883989  
0.921312  0.0788099  0.417911  0.582199  
0.117198  0.882804  0.999973  8.81714e-05  
0.616242  0.388345  0.921312  0.0788099  
0.32141  0.678709  7.83915e-05  0.999946  
0.222381  0.777649  0.80353  0.196551  
7.83915e-05  0.999946  0.222381  0.777649  
0.506669  0.494258  0.616242  0.388345  
0.222381  0.777649  0.117198  0.882804  
0.417911  0.582199  0.417911  0.582199  
0.999973  8.81714e-05  0.506669  0.494258  
0.32141  0.678709  0.80353  0.196551  
0.80353  0.196551  0.999973  8.81714e-05  
0.506669  0.494258  0.32141  0.678709  
0.117198  0.882804  0.616242  0.388345  
7.83915e-05  0.999946  0.222381  0.777649  
0.921312  0.0788099  0.946528  0.106754  
0.616242  0.388345  0.0782226  1.07703  
0.921312  0.0788099  0.317309  0.687069  
0.117198  0.882804  7.83915e-05  0.999946  
0.999973  8.81714e-05  0.117198  0.882804  
0.616242  0.388345  0.406198  0.803345  
0.80353  0.196551  0.417911  0.582199  
7.83915e-05  0.999946  0.999973  8.81714e-05  
0.32141  0.678709  0.506669  0.494258  
0.222381  0.777649  0.80353  0.196551  
0.506669  0.494258  0.921312  0.0788099  
0.417911  0.582199  0.616242  0.388345  
0.417911  0.582199  0.999973  8.81714e-05  
0.32141  0.678709  0.322837  0.680491  
0.117198  0.882804  0.417911  0.582199  
0.616242  0.388345  0.616242  0.388345  
7.83915e-05  0.999946  0.921312  0.0788099  
0.80353  0.196551  0.222381  0.777649  
0.999973  8.81714e-05  0.117198  0.882804  
0.222381  0.777649  0.506669  0.494258  
0.506669  0.494258  0.80353  0.196551  
0.921312  0.0788099  7.83915e-05  0.999946  
0.117198  0.882804  0.32141  0.678709  
7.83915e-05  0.999946  0.117198  0.882804  
0.222381  0.777649  0.506669  0.494258  
0.417911  0.582199  0.80353  0.196551  
0.80353  0.196551  0.222381  0.777649  
0.32141  0.678709  1.09533  9.77668e-05  
0.921312  0.0788099  0.417911  0.582199  
0.999973  9.77668e-05  0.921312  0.0788099  
0.616242  0.388345  7.83915e-05  0.999946  
0.506669  0.494258  0.616242  0.388345  
0.999973  9.77668e-05  0.616242  0.388345  
7.83915e-05  0.999946  0.921312  0.0788099  
0.417911  0.582199  0.000983069  1.00112  
0.32141  0.678709  0.999973  9.77668e-05  
0.921312  0.0788099  0.222381  0.777649  
0.80353  0.196551  0.80353  0.196551  
0.222381  0.777649  0.117198  0.882804  
0.117198  0.882804  0.32141  0.678709  
0.616242  0.388345  2.70527  2.36808  
0.506669  0.494258  0.506669  0.494258  
0.309995  0.690006  0.609271  0.411876  
0.999957  9.63958e-05  0.80078  0.199239  
0.921117  0.078885  0.104458  0.895542  
0.409374  0.590628  0.309995  0.690006  
0.509687  0.490318  8.11441e-05  0.999945  
0.619722  0.380298  0.413717  0.594506  
0.104458  0.895542  0.20842  0.79158  
8.11441e-05  0.999945  0.999957  9.63958e-05  
0.80078  0.199239  0.921117  0.078885  
0.20842  0.79158  3.50527  2.60921  
0.619722  0.380298  0.409374  0.590628  
0.309995  0.690006  0.921117  0.078885  
8.11441e-05  0.999945  8.11441e-05  0.999945  
0.921117  0.078885  0.80078  0.199239  
0.104458  0.895542  0.999957  9.63958e-05  
0.409374  0.590628  0.20842  0.79158  
0.80078  0.199239  0.309995  0.690006  
0.509687  0.490318  0.509687  0.490318  
0.20842  0.79158  0.619722  0.380298  
0.999957  9.63958e-05  0.104458  0.895542  
0.309995  0.690006  0.509687  0.490318  
0.921117  0.078885  0.999957  9.63958e-05  
0.20842  0.79158  0.409374  0.590628  
0.80078  0.199239  0.80078  0.199239  
8.11441e-05  0.999945  0.20842  0.79158  
0.409374  0.590628  0.551857  0.644847  
0.104458  0.895542  8.11441e-05  0.999945  
0.619722  0.380298  0.921117  0.078885  
0.509687  0.490318  0.104458  0.895542  
0.999957  9.63958e-05  1.40601  1.33829  
0.409374  0.590628  0.409374  0.590628  
0.999957  9.63958e-05  0.619722  0.380298  
0.619722  0.380298  8.11441e-05  0.999945  
0.509687  0.490318  0.309995  0.690006  
0.309995  0.690006  0.509687  0.661063  
0.104458  0.895542  0.921117  0.078885  
8.11441e-05  0.999945  0.999957  9.63958e-05  
0.80078  0.199239  0.104458  0.895542  
0.20842  0.79158  0.80078  0.199239  
0.921117  0.078885  0.20842  0.79158  
0.309995  0.690006  0.104458  0.895542  
0.80078  0.199239  0.999957  9.63958e-05  
0.509687  0.490318  0.309995  0.690006  
0.20842  0.79158  0.20842  0.79158  
8.11441e-05  0.999945  0.921171  0.0789321  
0.409374  0.590628  0.409374  0.590628  
0.104458  0.895542  0.921117  0.078885  
0.619722  0.380298  0.538132  0.519114  
0.999957  9.63958e-05  8.11441e-05  0.999945  
0.921117  0.078885  0.619722  0.380298  
8.11441e-05  0.999945  0.80078  0.199239  
0.921117  0.078885  0.509687  0.490318  
0.80078  0.199239  0.999957  9.63958e-05  
0.999957  9.63958e-05  0.409374  0.590628  
0.20842  0.79158  0.309995  0.690006  
0.619722  0.380298  0.104458  0.895542  
0.409374  0.590628  8.11441e-05  0.999945  
0.309995  0.690006  0.921117  0.078885  
0.104458  0.895542  0.619722  0.380298  
0.509687  0.490318  0.209562  0.792721  
0.409374  0.590628  0.509687  0.490318  
0.509687  0.490318  0.104458  0.895542  
0.104458  0.895542  0.619722  0.380298  
8.11441e-05  0.999945  8.11441e-05  0.999945  
0.999957  9.63958e-05  0.409374  0.590628  
0.309995  0.690006  0.309995  0.690006  
0.921117  0.078885  0.999957  9.63958e-05  
0.619722  0.380298  0.921117  0.078885  
0.80078  0.199239  0.80078  0.199239  
0.20842  0.79158  0.290978  0.857175  
8.11441e-05  0.999945  0.309995  0.690006  
0.409374  0.590628  0.409374  0.590628  
0.921117  0.078885  0.509687  0.613248  
0.619722  0.380298  0.619722  0.380298  
0.104458  0.895542  0.80078  0.199239  
0.509687  0.490318  0.921117  0.078885  
0.80078  0.199239  0.104458  0.895542  
0.20842  0.79158  0.999957  9.63958e-05  
0.999957  9.63958e-05  8.11441e-05  0.999945  
0.309995  0.690006  0.208812  0.791963  
0.921117  0.078885  8.11441e-05  0.999945  
8.11441e-05  0.999945  0.3103  0.690446  
0.80078  0.199239  0.80078  0.199239  
0.409374  0.590628  0.619722  0.380298  
0.309995  0.690006  0.999957  9.63958e-05  
0.509687  0.490318  0.509687  0.490318  
0.20842  0.79158  0.104458  0.895542  
0.999957  9.63958e-05  0.20842  0.79158  
0.619722  0.380298  0.921117  0.078885  
0.104458  0.895542  0.409374  0.590628  
0.509687  0.490318  0.999957  9.63958e-05  
0.409374  0.590628  0.921117  0.078885  
8.11441e-05  0.999945  0.20842  0.79158  
0.309995  0.690006  0.104458  0.895542  
0.80078  0.199239  0.409374  0.590628  
0.921117  0.078885  8.11441e-05  0.999945  
0.619722  0.380298  0.80078  0.199239  
0.104458  0.895542  0.509687  0.490318  
0.20842  0.79158  0.626743  0.404214  
0.999957  9.63958e-05  0.309995  0.690006  
0.921031  0.0789692  0.624839  0.375243  
0.512477  0.487536  0.20842  0.791581  
0.798782  0.201229  0.104458  0.895542  
0.104458  0.895542  0.798782  0.201229  
0.624839  0.375243  0.99995  9.50581e-05  
0.309994  0.690006  0.512477  0.487536  
0.409837  0.590165  0.329289  0.695377  
6.07971e-05  0.999945  6.07971e-05  0.999945  
0.99995  9.50581e-05  0.409837  0.590165  
0.20842  0.791581  0.921031  0.0789692  
0.921031  0.0789692  0.512477  0.487536  
0.99995  9.50581e-05  0.624839  0.375243  
0.409837  0.590165  0.798782  0.201229  
0.20842  0.791581  0.309994  0.690006  
0.624839  0.375243  0.921031  0.0789692  
0.512477  0.487536  0.99995  9.50581e-05  
0.798782  0.201229  0.20842  0.791581  
0.104458  0.895542  6.07971e-05  0.999945  
0.309994  0.690006  0.104501  0.895601  
6.07971e-05  0.999945  0.409837  0.590165  
0.798782  0.201229  0.99995  9.50581e-05  
0.99995  9.50581e-05  6.07971e-05  0.999945  
0.20842  0.791581  0.104458  0.895542  
0.624839  0.375243  0.921031  0.0789692  
0.512477  0.487536  0.409837  0.590165  
0.409837  0.590165  0.798782  0.201229  
6.07971e-05  0.999945  0.512477  0.487536  
0.309994  0.690006  0.20842  0.791581  
0.921031  0.0789692  0.309994  0.690006  
0.104458  0.895542  0.624839  0.375243  
0.309994  0.690006  0.309994  0.690006  
0.624839  0.375243  0.409837  0.590165  
0.20842  0.791581  0.99995  9.50581e-05  
0.104458  0.895542  6.07971e-05  0.999945  
0.798782  0.201229  0.798782  0.201229  
0.99995  9.50581e-05  0.512477  0.487536  
0.409837  0.590165  0.921031  0.0839791  
6.07971e-05  0.999945  0.20842  0.791581  
0.512477  0.487536  0.624839  0.375243  
0.921031  0.0789692  0.110789  0.902553  
0.624839  0.375243  0.610392  0.606493  
0.99995  9.50581e-05  0.309994  0.690006  
0.512477  0.487536  6.07971e-05  0.999945  
0.309994  0.690006  0.409837  0.590165  
0.409837  0.590165  0.798782  0.201229  
0.20842  0.791581  0.921031  0.0789692  
6.07971e-05  0.999945  0.104458  0.895542  
0.921031  0.0789692  2.58018  1.75796  
0.104458  0.895542  0.99995  9.50581e-05  
0.798782  0.201229  0.20842  0.791581  
0.921031  0.0789692  0.512477  0.487536  
0.104458  0.895542  0.921031  0.0789692  
0.409837  0.590165  0.99995  9.50581e-05  
6.07971e-05  0.999945  0.309994  0.690006  
0.20842  0.791581  0.624839  0.375243  
0.99995  9.50581e-05  0.104458  0.895542  
0.309994  0.690006  6.07971e-05  0.999945  
0.512477  0.487536  0.539129  0.719671  
0.624839  0.375243  0.798782  0.201229  
0.798782  0.201229  0.20842  0.791581  
0.798782  0.201229  6.07971e-05  0.999945  
0.624839  0.375243  0.104458  0.895542  
0.921031  0.0789692  0.309994  0.690006  
0.309994  0.690006  0.409837  0.590165  
6.07971e-05  0.999945  0.20842  0.791581  
0.99995  9.50581e-05  0.99995  9.50581e-05  
0.104458  0.895542  0.624839  0.375243  
0.409837  0.590165  0.512477  0.487536  
0.512477  0.487536  0.798782  0.201229  
0.20842  0.791581  0.921031  0.0789692  
0.99995  9.50581e-05  0.20842  0.791581  
0.921031  0.0789692  0.309994  0.690006  
0.624839  0.375243  0.409837  0.590165  
0.512477  0.487536  0.934229  0.0911168  
0.309994  0.690006  0.798782  0.201229  
0.798782  0.201229  0.512477  0.487536  
6.07971e-05  0.999945  6.07971e-05  0.999945  
0.104458  0.895542  0.104458  0.895542  
0.409837  0.590165  0.624839  0.375243  
0.20842  0.791581  1.00432  0.0016192  
0.409837  0.590165  6.07971e-05  0.999945  
0.104458  0.895542  0.624839  0.375243  
6.07971e-05  0.999945  0.99995  9.50581e-05  
0.624839  0.375243  0.798782  0.201229  
0.512477  0.487536  0.309994  0.690006  
0.798782  0.201229  0.20842  0.791581  
0.99995  9.50581e-05  0.104458  0.895542  
0.921031  0.0789692  0.921031  0.078999  
0.20842  0.791581  0.409837  0.590165  
0.309994  0.690006  0.512477  0.487536  
0.921031  0.0789692  0.99995  9.50581e-05  
0.309994  0.690006  0.512477  0.487536  
6.07971e-05  0.999945  0.624839  0.375243  
0.798782  0.201229  0.309994  0.690006  
0.104458  0.895542  0.798782  0.201229  
0.512477  0.487536  0.921031  0.0789692  
0.409837  0.590165  5.46069e-05  0.999945  
0.99995  9.50581e-05  0.409837  0.590165  
0.20842  0.791581  0.20842  0.791581  
0.624839  0.375243  6.07971e-05  0.999945  
0.104458  0.895542  0.629399  0.384941  
0.410102  0.589901  0.515965  0.484124  
0.999937  9.64917e-05  0.104458  0.895542  
0.309994  0.690006  0.20842  0.79158  
0.798036  0.20197  0.309994  0.690006  
0.920707  0.0792958  0.410102  0.589901  
0.20842  0.79158  0.798036  0.20197  
5.4626e-05  0.999945  0.920707  0.0792958  
0.628298  0.37177  0.999937  9.64917e-05  
0.515965  0.484124  5.4626e-05  0.999945  
0.309994  0.690006  0.628298  0.37177  
0.798036  0.20197  0.104458  0.895542  
0.104458  0.895542  0.309994  0.690006  
0.410102  0.589901  0.20842  0.79158  
0.628298  0.37177  0.798036  0.20197  
5.46007e-05  0.999945  0.410102  0.589901  
0.920707  0.0792958  0.920707  0.0792958  
0.20842  0.79158  0.999937  9.64917e-05  
0.515965  0.484124  0.620108  0.619405  
0.999937  9.64917e-05  5.4626e-05  0.999945  
0.628298  0.37177  0.20842  0.79158  
0.410102  0.589901  0.104458  0.895542  
0.309994  0.690006  5.4626e-05  0.999945  
5.4626e-05  0.999945  0.628298  0.37177  
0.999937  9.64917e-05  0.920707  0.0792958  
0.104458  0.895542  0.999937  9.64917e-05  
0.920707  0.0792958  0.309994  0.690006  
0.515965  0.484124  0.798036  0.20197  
0.20842  0.79158  0.454746  0.560422  
0.798036  0.20197  0.515965  0.484124  
0.309994  0.690006  0.316146  0.697428  
0.920707  0.0792958  0.454524  0.637507  
5.4626e-05  0.999945  0.798036  0.20197  
0.798036  0.20197  0.515965  0.484124  
0.410102  0.589901  0.20842  0.79158  
0.104458  0.895542  2.93798  2.03558  
0.20842  0.79158  0.628298  0.37177  
0.628298  0.37177  0.999937  9.64917e-05  
0.999937  9.64917e-05  0.104458  0.895542  
0.515965  0.484124  0.410102  0.589901  
5.4626e-05  0.999945  0.309994  0.690006  
0.999937  9.64917e-05  0.104458  0.895542  
0.628298  0.37177  5.4626e-05  0.999945  
0.104458  0.895542  0.20842  0.79158  
0.798036  0.20197  0.628298  0.37177  
0.920707  0.0792958  0.920707  0.0792958  
0.20842  0.79158  0.999937  9.64917e-05  
0.515965  0.484124  0.798036  0.20197  
0.309994  0.690006  0.515965  0.484124  
0.410102  0.589901  0.410102  0.589901  
0.515965  0.484124  0.415792  0.595132  
0.798036  0.20197  0.309994  0.690006  
0.999937  9.64917e-05  5.4626e-05  0.999945  
0.104458  0.895542  0.628298  0.37177  
0.628298  0.37177  0.920707  0.0792958  
5.4626e-05  0.999945  0.515965  0.484124  
0.309994  0.690006  0.293164  0.708419  
0.920707  0.0792958  0.798036  0.20197  
0.410102  0.589901  0.104458  0.895542  
0.20842  0.79158  0.999937  9.64917e-05  
0.999937  9.64917e-05  0.309994  0.690006  
0.104458  0.895542  0.515965  0.484124  
0.309994  0.690006  0.798036  0.20197  
0.920707  0.0792958  0.20842  0.79158  
0.798036  0.20197  0.920707  0.0792958  
0.20842  0.79158  0.410102  0.589901  
0.515965  0.484124  5.4626e-05  0.999945  
0.628298  0.37177  0.628298  0.37177  
5.4626e-05  0.999945  0.999937  9.64917e-05  
0.410102  0.589901  0.104458  0.895542  
0.999937  9.64917e-05  0.920707  0.0792958  
0.920707  0.0792958  0.999937  9.64917e-05  
0.798036  0.20197  0.515965  0.484124  
0.20842  0.79158  0.798036  0.20197  
5.4626e-05  0.999945  0.309994  0.690006  
0.104458  0.895542  0.419283  0.594217  
0.515965  0.484124  0.628298  0.37177  
0.309994  0.690006  5.4626e-05  0.999945  
0.410102  0.589901  0.104458  0.895542  
0.628298  0.37177  0.20842  0.79158  
0.104458  0.895542  0.410102  0.589901  
0.309994  0.690006  5.46007e-05  0.999945  
0.798036  0.20197  0.320914  0.703211  
0.920707  0.0792958  0.104458  0.895542  
0.999937  9.64917e-05  0.628298  0.37177  
0.628298  0.37177  0.20842  0.79158  
0.515965  0.484124  0.515965  0.484124  
5.4626e-05  0.999945  0.999937  9.64917e-05  
0.410102  0.589901  0.920707  0.0792958  
0.20842  0.79158  3.36185  2.57337  
0.999937  9.64917e-05  0.798036  0.20197  
0.309994  0.690006  0.104458  0.895542  
5.46007e-05  0.999945  0.410102  0.589901  
0.920707  0.0792958  0.515965  0.484124  
0.104458  0.895542  0.999937  9.64917e-05  
0.628298  0.37177  0.920707  0.0792958  
0.798036  0.20197  5.46007e-05  0.999945  
0.20842  0.79158  0.272521  0.859046  
0.410102  0.589901  0.628298  0.37177  
0.515965  0.484124  0.309994  0.690006  
0.104458  0.895542  0.104458  0.895542  
0.309994  0.690006  0.000109345  0.999945  
0.999935  8.03397e-05  0.411971  0.58803  
0.796718  0.203295  0.516131  0.483874  
0.63068  0.369453  0.920617  0.0793847  
0.516131  0.483874  0.63068  0.369453  
0.411971  0.58803  0.796718  0.203295  
0.20842  0.79158  0.20842  0.79158  
0.920617  0.0793847  0.309994  0.690006  
0.000109316  0.999945  0.999935  0.0450794  
0.309994  0.690006  0.999935  8.03397e-05  
0.000109345  0.999945  0.678338  0.609902  
0.516131  0.483874  0.309994  0.690006  
0.796718  0.203295  0.000110492  0.999945  
0.63068  0.369453  0.20842  0.79158  
0.999935  8.03397e-05  0.920617  0.0793847  
0.411971  0.58803  0.104458  0.895542  
0.20842  0.79158  0.63068  0.369453  
0.104458  0.895542  0.796718  0.203295  
0.920617  0.0793847  0.411971  0.58803  
0.516131  0.483874  0.411971  0.58803  
0.999935  8.03397e-05  0.000109316  0.999945  
0.63068  0.369453  0.63068  0.369453  
0.000110492  0.999945  0.104458  0.895542  
0.104458  0.895542  0.20842  0.79158  
0.20842  0.79158  0.920617  0.0793847  
0.411971  0.58803  0.315429  0.700165  
0.309994  0.690006  0.796718  0.203295  
0.920617  0.0793847  0.516131  0.483874  
0.796718  0.203295  0.999935  8.03397e-05  
0.796718  0.203295  0.796718  0.203295  
0.999935  8.03397e-05  0.000109345  1.00906  
0.63068  0.369453  0.104458  0.895542  
0.104458  0.895542  0.999935  8.03397e-05  
0.516131  0.483874  0.516131  0.483874  
0.411971  0.58803  0.411971  0.58803  
0.309994  0.690006  0.920617  0.0793847  
0.20842  0.79158  0.63068  0.369453  
0.920617  0.0793847  0.309994  0.690006  
0.000109345  0.999945  0.20842  0.79158  
0.999935  8.03397e-05  0.309994  0.690006  
0.516131  0.483874  0.999935  8.03397e-05  
0.796718  0.203295  0.838517  0.797967  
0.920617  0.0793847  0.000109316  0.999945  
0.104458  0.895542  0.20842  0.79158  
0.309994  0.690006  3.02073  2.16648  
0.000109316  0.999945  0.104458  0.895542  
0.63068  0.369453  0.920617  0.0793847  
0.20842  0.79158  0.411971  0.58803  
0.411971  0.58803  0.63068  0.369453  
0.411971  0.58803  0.920617  0.0793847  
0.516131  0.483874  1.0667  8.03397e-05  
0.000110492  0.999945  0.104458  0.895542  
0.309994  0.690006  0.796718  0.203295  
0.796718  0.203295  0.309994  0.690006  
0.920617  0.0793847  0.411971  0.58803  
0.63068  0.369453  0.63068  0.369453  
0.20842  0.79158  0.516131  0.483874  
0.999935  8.03397e-05  0.20842  0.79158  
0.104458  0.895542  0.000110492  0.999945  
0.000109316  0.999945  0.63068  0.369453  
0.104458  0.895542  0.208422  0.791583  
0.411971  0.58803  0.516131  0.483874  
0.796718  0.203295  0.920617  0.0793847  
0.920617  0.0793847  0.309994  0.690006  
0.999935  8.03397e-05  0.796718  0.203295  
0.20842  0.79158  0.999935  8.03397e-05  
0.63068  0.369453  0.411971  0.58803  
0.516131  0.483874  0.000109316  0.999945  
0.309994  0.690006  0.104458  0.895542  
0.000109316  0.999945  0.999935  8.03397e-05  
0.999935  8.03397e-05  0.516131  0.483874  
0.104458  0.895542  0.000109316  0.999945  
0.411971  0.58803  1.01467  0.680993  
0.516131  0.483874  0.309994  0.690006  
0.63068  0.369453  0.104458  0.895542  
0.309994  0.690006  0.796718  0.203295  
0.796718  0.203295  0.920617  0.0793847  
0.920617  0.0793847  0.411971  0.58803  
0.20842  0.79158  0.20842  0.79158  
0.309994  0.690006  0.796718  0.203295  
0.999935  8.03397e-05  0.20842  0.79158  
0.63068  0.369453  0.63068  0.369453  
0.411971  0.58803  0.516131  0.483874  
0.000109345  0.999945  0.000109345  0.999945  
0.796718  0.203295  1.00215  0.00111992  
0.104458  0.895542  0.411971  0.58803  
0.20842  0.79158  0.309994  0.690006  
0.516131  0.483874  0.920617  0.0793847  
0.920617  0.0793847  0.104458  0.895542  
0.104458  0.895542  0.920617  0.0793847  
0.999935  8.03397e-05  0.309994  0.690006  
0.000109316  0.999945  0.104458  0.895542  
0.516131  0.483874  0.796718  0.203295  
0.920617  0.0793847  0.411971  0.58803  
0.20842  0.79158  0.516131  0.483874  
0.796718  0.203295  0.000109316  0.999945  
0.309994  0.690006  0.790152  0.50591  
0.63068  0.369453  0.999935  8.03397e-05  
0.411971  0.58803  0.20842  0.79158  
0.51613  0.483873  1.8389  1.70067  
0.000119714  0.999945  0.000119714  0.999945  
0.920452  0.0795495  0.51613  0.483873  
0.20842  0.791581  0.411971  0.58803  
0.309994  0.690006  0.920452  0.0795495  
0.795225  0.204785  0.209034  0.792218  
0.411971  0.58803  0.309994  0.690006  
0.632915  0.367161  0.104458  0.895542  
0.104458  0.895542  0.999935  9.91354e-05  
0.999935  9.91354e-05  0.795225  0.204785  
0.51613  0.483873  0.104458  0.895542  
0.000119714  0.999945  0.51613  0.483873  
0.999935  9.91354e-05  0.921525  0.0814458  
0.104458  0.895542  0.795225  0.204785  
0.411971  0.58803  0.999935  9.91354e-05  
0.920452  0.0795495  0.20842  0.791581  
0.795225  0.204785  0.000119714  0.999945  
0.20842  0.791581  0.411971  0.58803  
0.632915  0.367161  0.309994  0.690006  
0.309994  0.690006  0.632915  0.367161  
0.920452  0.0795495  0.104458  0.895542  
0.411971  0.58803  0.795225  0.204785  
0.999935  9.91354e-05  0.20842  0.791581  
0.309994  0.690006  0.611327  0.563304  
0.104458  0.895542  0.000119714  0.999945  
0.51613  0.483873  0.999935  9.91354e-05  
0.000119714  0.999945  0.309994  0.690006  
0.632915  0.367161  0.411971  0.58803  
0.795225  0.204785  0.920452  0.0795495  
0.20842  0.791581  0.632915  0.367161  
0.104458  0.895542  0.309996  0.690091  
0.795225  0.204785  0.51613  0.483873  
0.51613  0.483873  0.104458  0.895542  
0.20842  0.791581  0.000119714  0.999945  
0.632915  0.367161  0.20842  0.791581  
0.411971  0.58803  0.411971  0.58803  
0.309994  0.690006  0.795225  0.204785  
0.000119714  0.999945  0.999935  9.91354e-05  
0.999935  9.91354e-05  0.920452  0.0795495  
0.920452  0.0795495  0.632915  0.367161  
0.411971  0.58803  0.920452  0.0795495  
0.632915  0.367161  0.632915  0.367161  
0.20842  0.791581  0.51613  0.483873  
0.920452  0.0795495  0.000119714  0.999945  
0.309994  0.690006  0.795225  0.204785  
0.000119714  0.999945  0.309994  0.690006  
0.795225  0.204785  0.20842  0.791581  
0.51613  0.483873  0.999935  9.91354e-05  
0.999935  9.91354e-05  0.104458  0.895542  
0.104458  0.895542  0.411971  0.58803  
0.795225  0.204785  0.20842  0.791581  
0.999935  9.91354e-05  0.000119714  0.999945  
0.51613  0.483873  0.411971  0.58803  
0.309994  0.690006  0.920452  0.0795495  
0.411971  0.58803  0.795225  0.204785  
0.000119714  0.999945  0.999935  9.91354e-05  
0.104458  0.895542  0.51613  0.483873  
0.920452  0.0795495  0.758221  0.573586  
0.632915  0.367161  0.310917  0.690974  
0.20842  0.791581  0.104458  0.895542  
0.309994  0.690006  0.293695  0.707695  
0.51613  0.483873  0.999935  9.91354e-05  
0.632915  0.367161  0.000119714  0.999945  
0.795225  0.204785  0.632915  0.367161  
0.920452  0.0795495  0.411971  0.58803  
0.104458  0.895542  0.795225  0.204785  
0.000119714  0.999945  0.104458  0.895542  
0.999935  9.91354e-05  0.51613  0.483873  
0.20842  0.791581  0.920858  0.0799367  
0.411971  0.58803  0.309994  0.690006  
0.920452  0.0795495  0.999935  9.91354e-05  
0.000119714  0.999945  0.411971  0.58803  
0.795225  0.204785  0.795225  0.204785  
0.51613  0.483873  0.51613  0.483873  
0.309994  0.690006  0.104458  0.895542  
0.632915  0.367161  0.20842  0.791581  
0.411971  0.58803  0.309994  0.690006  
0.999935  9.91354e-05  0.652944  0.381099  
0.104458  0.895542  0.000119714  0.999945  
0.20842  0.791581  0.920452  0.0795495  
0.632915  0.367161  0.000119714  1.00088  
0.795225  0.204785  0.920452  0.0795495  
0.411971  0.58803  0.795225  0.204785  
0.20842  0.791581  0.411971  0.58803  
0.000119714  0.999945  0.632915  0.367161  
0.999935  9.91354e-05  0.309994  0.690006  
0.51613  0.483873  0.20842  0.791581  
0.104458  0.895542  0.110697  0.907516  
0.920452  0.0795495  0.51613  0.483873  
0.309994  0.690006  0.999935  9.91354e-05  
0.999935  9.91354e-05  0.309994  0.690006  
0.795225  0.204785  0.632915  0.367161  
0.20842  0.791581  0.000119714  0.999945  
0.104458  0.895542  0.208434  0.791598  
0.51613  0.483873  0.795225  0.204785  
0.632915  0.367161  0.999935  9.91354e-05  
0.000119714  0.999945  0.828884  0.695496  
0.309994  0.690006  0.495118  0.518534  
0.411971  0.58803  0.920452  0.0795495  
0.920452  0.0795495  0.411971  0.58803  
