2.16499  1.66678  1.49665  1.48463  
3.44014  1.36623  1.71458  1.20244  
3.13253  2.2631  2.2337  1.74376  
2.77818  2.00931  2.9566  1.44502  
2.21511  1.92599  2.31879  1.45469  
1.79518  3.01618  1.81045  1.57775  
2.36901  1.06028  2.17507  1.85224  
3.5637  1.37222  2.44072  1.43918  
2.96085  2.02231  2.28596  2.30023  
3.16568  1.60718  2.00865  1.68106  
2.75503  2.02143  2.84726  2.26974  
1.98782  2.59969  1.45462  1.88336  
2.1283  2.47954  1.67751  1.96238  
1.64791  1.70159  2.05803  2.18234  
2.92953  2.51561  2.38678  1.41183  
0.719934  2.38982  2.68972  1.7538  
1.83741  2.20551  1.87725  2.49553  
2.15365  2.73811  1.73915  1.12119  
3.35209  2.22277  2.35141  1.51621  
1.37557  2.32512  1.47047  1.79054  
2.37413  2.32004  2.12561  1.77216  
3.08495  1.90875  1.54698  1.95432  
2.89418  1.81421  1.3168  1.30511  
0.935107  2.32131  1.74345  1.63523  
1.58102  2.14436  2.04928  2.65344  
2.04218  2.66451  1.86871  2.07965  
1.95125  2.22708  1.71411  1.63796  
1.78264  2.03936  1.58215  2.48922  
2.31391  2.49304  2.1225  1.87224  
1.58105  1.61736  1.68981  1.37382  
1.91074  2.69152  1.6807  2.35451  
2.24254  1.63377  1.69854  2.67477  
2.01762  1.93527  2.0555  1.70375  
1.69558  2.15163  3.01012  1.98706  
3.01431  1.66633  2.7498  1.566  
3.10862  2.34578  2.542  0.81835  
2.63107  1.60674  3.82518  1.49187  
1.72299  1.42996  2.36618  2.67377  
2.17938  1.34768  2.01699  1.60823  
2.47941  1.98779  2.31616  1.91195  
1.81713  2.22798  2.62247  2.9667  
2.18426  2.27962  1.49604  1.49459  
2.7363  2.08236  2.49914  2.25163  
2.82524  2.33339  1.71148  2.88214  
2.82968  2.39929  2.91013  1.95511  
2.58033  1.05158  2.80623  1.89629  
2.20859  1.9561  2.56436  1.03601  
1.685  1.77902  1.74298  1.63502  
2.96567  1.81525  1.82599  1.92958  
3.05552  2.28986  2.21051  1.56752  
2.03103  1.95403  2.38349  2.17065  
2.49209  1.21589  2.44962  1.84304  
1.81982  1.76384  2.43156  1.17855  
1.97072  2.05804  1.89654  1.94686  
2.34566  2.03775  2.87111  2.06061  
2.83506  1.30073  1.83215  3.11681  
2.04135  1.56752  1.76307  2.7816  
2.05186  1.07264  1.80992  1.71516  
2.64504  1.73344  1.22999  2.83253  
1.40838  2.47818  2.16713  2.16692  
2.31532  2.93692  1.81732  1.37198  
1.8289  2.56192  1.13554  2.68738  
3.05638  1.65833  2.27497  2.04701  
2.54783  1.95508  2.18134  2.4994  
2.63485  2.43918  2.10806  2.30766  
1.76595  1.38672  2.84281  1.247  
2.13365  2.41836  3.24893  1.84015  
1.82409  2.04359  1.34565  1.77365  
2.85942  2.1909  2.66675  1.29234  
1.58811  1.69262  2.92508  2.02196  
3.17165  1.02616  2.44566  2.32008  
2.27261  1.20252  3.14588  1.83938  
2.1196  1.93697  2.63157  2.54168  
2.89244  1.69195  1.9719  2.28893  
1.33296  1.65804  1.77229  2.03955  
3.08901  0.990693  1.55427  2.26654  
2.35372  2.65226  2.31503  1.72002  
2.46108  2.489  2.17528  1.59151  
1.94579  2.35246  2.54076  1.31381  
2.20671  1.34264  2.78599  1.73806  
1.52204  2.23113  1.49869  1.82858  
1.00813  1.76136  3.06462  1.66297  
2.33143  2.38176  2.11226  2.40315  
2.53298  2.10069  2.66371  1.34635  
2.05299  1.53026  1.93817  2.22581  
2.60902  2.14219  2.4647  1.63252  
1.6553  3.17775  2.554  1.82498  
1.17593  2.9322  1.74513  1.47468  
1.63949  1.87285  1.41855  1.30289  
1.53666  2.33026  2.46179  2.40174  
1.68028  1.99875  1.87035  2.0736  
1.80356  2.52557  1.57015  1.49856  
1.6149  1.66026  2.41201  1.53613  
1.62295  1.14275  1.69827  1.8864  
1.60112  1.56516  2.60091  1.39541  
2.51767  1.15759  2.76838  1.88183  
2.91385  1.32233  2.16307  1.60642  
2.47048  1.51338  2.1082  2.44342  
1.8079  1.22988  2.20385  2.53467  
3.3346  2.19246  1.91283  3.00507  
0.860463  1.50598  1.18264  0.731874  
1.16201  0.0281367  0.409928  0.483786  
0.882994  0.346099  0.882994  0.346099  
1.11099  0.0455819  0.0952858  1.00344  
0.0671261  1.00272  0.860463  1.50598  
1.08587  0.0735561  0.617758  1.11972  
0.617758  1.11972  1.08587  0.0735561  
1.18264  0.731874  0.064268  0.87353  
0.409928  0.483786  1.11099  0.0455819  
0.064268  0.87353  1.16201  0.0281367  
0.286529  1.00099  0.485871  0.407863  
0.282737  0.51294  0.0293048  1.05735  
1.07743  0.0262354  1.05228  0.0364443  
0.0293048  1.05735  0.286529  1.00099  
0.485871  0.407863  0.817985  1.73171  
0.817985  1.73171  0.720657  0.244176  
1.05228  0.0364443  2.41076  2.60952  
0.0769202  0.837287  1.07743  0.0262354  
2.41076  2.60952  0.282737  0.51294  
0.724464  0.21002  0.0769202  0.837287  
0.72783  0.196683  0.366834  0.524852  
0.291815  0.643317  1.04576  0.0290393  
0.382791  0.443479  0.72783  0.196683  
0.0174705  0.951244  0.382791  0.443479  
1.02594  1.72349  0.0853283  0.910859  
0.602466  1.26085  0.0174705  0.951244  
1.04576  0.0290393  1.09218  0.0360995  
0.366834  0.524852  0.602466  1.26085  
1.09218  0.0360995  1.03423  1.77271  
0.0853283  0.910859  0.291815  0.643317  
0.112989  0.922299  1.0586  0.00772009  
0.533105  0.362285  0.382337  0.440203  
0.00433477  0.996867  1.01023  0.0304432  
0.146035  0.673114  1.22127  1.27248  
0.382337  0.440203  0.738241  0.167703  
0.671231  0.219707  0.112989  0.922299  
1.01023  0.0304432  0.533105  0.362285  
1.22127  1.27248  0.00433477  0.996867  
0.738241  0.167703  1.2891  1.66933  
1.0586  0.00772009  0.671231  0.219707  
0.0464584  0.785107  0.71084  0.157313  
0.252581  0.499626  0.758929  0.130759  
0.758929  0.130759  1.00154  0.000201764  
0.132606  0.636589  0.000471663  0.99073  
0.372222  0.390309  0.372222  0.390309  
1.00154  0.000201764  0.132606  0.636589  
0.000471663  0.99073  0.252581  0.499626  
0.455712  0.32589  0.455712  0.32589  
0.71084  0.157313  0.0464584  0.785107  
0.679628  0.176136  0.79677  0.238216  
0.776448  0.703313  0.0912801  0.899015  
0.0121313  1.07789  1.04734  0.00184506  
0.0546996  0.804822  1.13976  0.29392  
0.366768  0.417558  0.769756  0.175971  
0.769756  0.175971  0.0121313  1.07789  
0.0912801  0.899015  0.672129  0.201723  
1.10693  0.262626  0.776448  0.703313  
1.00263  0.00770796  0.366768  0.417558  
0.672129  0.201723  0.0546996  0.804822  
1.04734  0.00184506  1.26023  0.628745  
0.372222  0.390309  0.683305  0.185258  
4.02581  3.83769  0.252581  0.499626  
0.0464584  0.785107  0.372222  0.390309  
0.71084  0.157313  0.455712  0.32589  
0.132606  0.636589  0.132606  0.636589  
1.067  0.00482909  0.71084  0.157313  
0.679628  0.185258  0.758929  0.130759  
0.252581  0.499626  1.067  0.00482909  
0.455712  0.32589  0.0464584  0.785107  
0.758929  0.130759  4.02581  3.83769  
0.0163288  1.00385  0.184106  0.737721  
0.101775  0.951875  0.0163288  1.00385  
1.24773  1.10763  2.15755  1.29333  
1.03106  0.00583479  1.52168  1.18334  
0.184106  0.737721  0.702019  0.235562  
2.15755  1.29333  1.03106  0.00583479  
0.702019  0.235562  1.11426  0.0202518  
1.11426  0.0202518  0.552602  0.392642  
0.71797  0.188974  0.169613  0.982272  
0.552602  0.392642  0.71797  0.188974  
1.54085  0.560138  0.825102  1.22852  
2.6454  2.03275  1.08743  0.0218827  
0.0533099  1.05343  0.969553  0.658937  
0.969553  0.658937  0.773148  1.37423  
0.825102  1.22852  2.6454  2.03275  
0.883051  0.196756  0.754708  0.284307  
0.773148  1.37423  1.54085  0.560138  
0.754708  0.284307  0.914265  1.49144  
1.08743  0.0218827  0.0533099  1.05343  
0.914265  1.49144  0.883051  0.196756  
0.478587  0.36844  0.692217  0.187431  
0.197242  0.882201  1.07333  0.0108477  
1.00879  0.0191778  0.257723  0.715306  
0.0233778  1.01159  1.23281  0.627926  
0.0446026  0.827627  0.334176  0.471502  
0.334176  0.471502  0.197242  0.882201  
0.257723  0.715306  0.478587  0.36844  
0.776335  0.140495  0.0233778  1.01159  
0.692217  0.187431  1.00879  0.0191778  
1.07333  0.0108477  0.0446026  0.827627  
0.999075  0.307001  0.0945309  0.713788  
1.04198  0.318894  1.47084  0.774453  
0.853412  0.548046  0.410869  0.368748  
1.74344  1.31253  0.719934  0.16113  
1.14632  1.63953  1.39416  0.208408  
0.813209  0.351199  0.766188  0.142575  
0.713599  1.44225  1.0134  0.869712  
0.102345  0.847737  0.127985  0.650655  
1.20837  0.550599  1.01479  8.89579e-05  
2.66435  1.89538  1.21075  1.11765  
0.719934  0.16113  1.20837  0.550599  
1.47084  0.774453  0.713599  1.44225  
0.0945309  0.713788  1.10717  0.41417  
1.01479  8.89579e-05  0.999075  0.307001  
0.247326  0.549231  1.74344  1.31253  
0.766188  0.142575  2.66435  1.89538  
1.39416  0.208408  0.813209  0.351199  
0.410869  0.368748  1.14632  1.63953  
0.127985  0.650655  0.853412  0.548046  
1.0134  0.869712  0.102345  0.847737  
1.46045  0.73599  1.5293  0.762331  
0.114848  0.821421  0.242623  0.761233  
0.777636  0.283371  0.114848  0.821421  
1.30321  0.818561  0.0820162  1.04469  
1.33955  0.614104  1.30321  0.818561  
0.0820162  1.04469  1.33955  0.614104  
1.02052  0.000160228  0.353222  0.503872  
0.505645  0.82896  0.505645  0.82896  
0.353222  0.503872  0.777636  0.283371  
0.242623  0.761233  1.02052  0.000160228  
1.01479  8.89579e-05  1.00766  0.967228  
0.127985  0.650655  1.39416  0.208408  
0.410869  0.368748  0.0011743  0.994301  
0.247326  0.549231  0.247326  0.549231  
0.766188  0.142575  1.01479  0.0132256  
1.00766  0.967228  0.410869  0.368748  
0.0011743  0.994301  0.766188  0.142575  
0.0945309  0.713788  0.719934  0.16113  
1.39416  0.208408  0.127985  0.650655  
0.719934  0.16113  0.0945309  0.713788  
0.71756  0.602709  2.41602  1.00065  
1.06651  0.325364  2.17391  1.7592  
0.915487  1.46345  1.06651  0.325364  
1.76301  1.47286  0.915487  1.46345  
2.41602  1.00065  0.763501  1.75656  
0.557093  0.684852  0.254121  0.770276  
0.880735  0.766769  0.71756  0.602709  
2.17391  1.7592  0.780406  1.19819  
0.254121  0.770276  1.76301  1.47286  
0.763501  1.75656  0.880735  0.766769  
0.777312  0.132415  0.370759  0.407852  
0.0274327  0.849374  2.6407  0.728799  
1.01234  0.00683221  0.00951233  0.936546  
0.693925  0.174903  0.546021  0.291055  
0.332336  0.443662  0.332336  0.443662  
0.00951233  0.936546  0.693925  0.174903  
0.653537  0.718788  0.653537  0.718788  
0.546021  0.291055  0.158411  0.673409  
0.158411  0.673409  0.777312  0.132415  
0.370759  0.407852  0.0870224  0.888585  
0.455493  0.325557  0.455493  0.325557  
0.000251337  0.984759  0.0464399  0.784978  
0.372184  0.390081  0.252126  0.498651  
0.252126  0.498651  0.710803  0.157001  
0.710803  0.157001  0.132511  0.63653  
0.0464399  0.784978  0.372184  0.390081  
0.132511  0.63653  0.67939  0.175997  
1.0001  0.000152951  1.0001  0.000152951  
0.757182  0.130144  0.000251337  0.985308  
0.67939  0.175997  0.757182  0.130144  
0.398188  0.383788  0.685294  0.185611  
0.123548  0.661132  0.123548  0.661132  
0.0314845  0.854717  0.00129983  0.990018  
0.312261  0.44778  0.55143  0.694876  
0.685294  0.185611  0.312261  0.44778  
1.00895  0.00271945  0.959922  0.413025  
0.00129983  0.990018  0.0314845  0.854717  
0.55143  0.694876  0.398188  0.383788  
0.75449  0.149072  1.00895  0.00271945  
0.0122477  0.911714  2.50544  1.61103  
0.00234152  1.03523  1.02258  0.0112271  
0.402505  0.403679  0.0155191  0.93204  
1.02258  0.0112271  0.702725  0.178887  
1.20265  0.390539  0.335958  0.82362  
0.280263  0.589198  0.00234152  1.03523  
0.335958  0.82362  1.20265  0.50523  
0.0691758  0.871506  1.45638  1.77551  
1.45638  1.77551  0.0691758  0.871506  
0.702725  0.178887  0.402505  0.403679  
0.0155191  0.93204  3.96599  2.95617  
0.455493  0.325557  1.04053  0.0399675  
1.04053  0.0399675  0.710803  0.157001  
0.67939  0.175997  0.67939  0.175997  
0.710803  0.157001  0.455493  0.325557  
0.372184  0.390081  0.252126  0.498651  
2.22081  2.48328  0.0464399  0.784978  
0.252126  0.498651  0.372184  0.390081  
0.0464399  0.784978  2.4859  2.88078  
0.132511  0.63653  0.000251337  0.984759  
0.000251337  0.984759  0.132511  0.63653  
0.733489  0.177777  1.01963  0.00147783  
0.366893  0.39874  0.183747  0.991844  
0.0773475  0.73132  0.522794  0.390344  
0.17668  0.613801  0.314151  0.471309  
2.30598  2.16044  0.366893  0.39874  
0.744925  0.140435  0.0773475  0.73132  
0.314151  0.471309  3.78384  2.91104  
1.01963  0.00147783  0.744925  0.140435  
0.0406614  0.810479  2.30598  2.16044  
0.481687  0.355591  0.17668  0.613801  
1.03614  0.883061  0.204703  0.606442  
0.117455  0.694575  1.46884  1.0102  
0.204703  0.606442  3.83717  3.98589  
0.389234  0.392292  0.804561  0.156954  
0.804561  0.156954  0.117455  0.694575  
1.00656  0.00106602  1.03614  0.883061  
0.668469  0.196184  0.389234  0.392292  
0.360366  0.414428  1.00656  0.00106602  
0.0130819  1.00445  0.0130819  1.00445  
0.0402151  0.812769  0.0402151  0.812769  
0.178278  0.591283  0.359419  0.417994  
0.000147576  1.00306  0.291283  0.484854  
0.1729  0.826595  1.68059  2.16399  
0.0491434  0.786336  0.1729  0.826595  
0.359419  0.417994  0.447626  0.342153  
1.00743  0.00660514  1.00743  0.00660514  
0.447626  0.342153  0.649986  0.2088  
0.649986  0.2088  0.575361  0.928988  
0.291283  0.484854  0.000147576  1.00306  
1.37782  1.99129  0.0491434  0.786336  
0.0427  0.809268  1.01317  0.0014035  
1.01317  0.0014035  0.749311  0.148622  
0.459402  0.352439  0.377608  0.822748  
0.377608  0.822748  0.365627  0.422551  
0.365627  0.422551  0.0941632  0.743273  
0.0941632  0.743273  1.09985  0.454585  
0.000178599  1.01554  0.0427  0.809268  
0.332645  0.440302  0.332645  0.440302  
1.09985  0.454585  0.459402  0.352439  
0.749311  0.148622  0.000178599  1.01554  
0.456045  0.325044  0.679357  0.218686  
0.0466332  0.784237  0.710802  0.157254  
0.000157071  0.99069  0.456045  0.325044  
0.372173  0.390011  0.372173  0.390011  
0.132396  0.636301  1.17514  1.85392  
0.251928  0.498414  0.0466332  0.784237  
0.710802  0.157254  3.25822  3.67043  
1.00006  0.000135  0.000157071  0.99069  
3.25822  3.67043  0.138018  0.681827  
0.679357  0.218686  1.00006  0.000135  
0.0466332  0.784237  0.000157071  0.99069  
0.251928  0.498414  0.679357  0.175875  
0.000157071  0.99069  0.456045  0.325044  
0.132396  0.636301  0.710802  0.157254  
0.456045  0.325044  0.372173  0.390011  
0.710802  0.157254  0.757074  0.130076  
0.372173  0.390011  0.0588004  0.801963  
1.00006  0.000135  0.251928  0.498414  
0.679357  0.175875  1.00006  0.000135  
0.757074  0.130076  0.132396  0.636301  
0.0302558  0.83454  1.01264  0.00011367  
0.00014448  0.998576  0.00014448  0.998576  
0.800757  0.112719  0.0302558  0.83454  
0.37073  0.39425  0.800757  0.112719  
1.01264  0.00011367  0.849101  1.6409  
0.0687998  0.746766  0.37073  0.39425  
0.174377  0.597491  0.493663  0.974122  
0.795104  0.119408  0.467894  0.320603  
0.467894  0.320603  0.66721  0.184132  
0.66721  0.184132  0.795104  0.119408  
0.0406614  0.810479  0.000164353  1.04914  
0.460439  0.332116  0.0773475  0.73132  
0.000164353  1.04914  0.0406614  0.810479  
0.744925  0.140435  0.314151  0.471309  
0.366893  0.39874  0.366893  0.39874  
0.0773475  0.73132  0.17668  0.613801  
0.733489  0.177777  0.733489  0.177777  
1.01963  0.00147783  1.33124  1.77701  
0.17668  0.613801  1.01963  0.00147783  
0.314151  0.471309  0.744925  0.140435  
0.000147576  1.00306  0.291283  0.485381  
0.99703  0.00275494  0.0491434  0.786336  
0.0491434  0.786336  0.823047  0.215321  
0.110738  0.695594  0.110738  0.695594  
0.291283  0.485381  0.176787  0.591283  
0.447626  0.342153  0.649986  0.2088  
0.176787  0.591283  0.35985  0.408259  
0.35985  0.408259  0.447626  0.342153  
0.649986  0.2088  0.000147576  1.00306  
0.740867  0.151106  0.99703  0.00275494  
0.0302558  0.83454  0.00014448  0.998576  
0.00014448  0.998576  0.0302558  0.83454  
0.800757  0.112719  0.66721  0.184132  
0.37073  0.39425  3.61139  2.90017  
0.467894  0.320603  0.800757  0.112719  
2.03263  1.85539  0.746972  1.53361  
0.66721  0.184132  0.467894  0.320603  
1.01264  0.00011367  2.03263  1.85539  
0.795104  0.119408  1.55597  0.433952  
0.746972  1.53361  0.37073  0.39425  
1.16457  0.161274  0.169626  0.717379  
0.0412725  0.855334  0.611895  0.613127  
0.611895  0.613127  1.90383  2.04496  
2.7553  2.45585  2.7553  2.45585  
0.691568  0.176332  0.691568  0.176332  
1.90383  2.04496  3.60388  3.57048  
3.60388  3.57048  1.12883  0.0460814  
0.169626  0.717379  1.16457  0.161274  
2.00395  2.45391  0.0412725  0.855334  
1.12883  0.0460814  2.57876  3.07848  
0.0471215  0.79263  0.0471215  0.801557  
1.39981  1.28837  0.812651  0.145667  
0.581681  0.662407  0.0320893  0.929121  
0.490363  0.365181  0.389054  0.401237  
0.812651  0.145667  0.490363  0.365181  
1.00332  0.000452203  0.220768  1.40886  
2.13312  0.300597  0.581681  0.662407  
0.0320893  0.929121  1.00332  0.000452203  
0.220768  1.40886  1.39981  1.28837  
0.389054  0.401237  2.13312  0.300597  
1.00017  6.85163e-05  0.0187427  0.878379  
0.0187427  0.878379  0.867591  1.16264  
0.758146  0.188575  1.16015  0.2267  
0.585866  1.66062  1.341  0.563088  
0.474366  0.954607  0.474366  0.954607  
0.770659  0.440293  1.00551  0.0110748  
1.341  0.563088  0.758146  0.188575  
0.862958  1.0879  0.770659  0.440293  
1.16015  0.2267  0.862958  1.0879  
0.867591  1.16264  0.585866  1.66062  
0.0274535  0.84499  0.359903  0.421022  
0.386038  0.394904  0.118102  0.665629  
1.58304  1.3914  0.71221  0.157708  
0.359903  0.421022  0.386038  0.394904  
0.118102  0.665629  0.453241  0.333723  
0.453241  0.333723  1.31909  1.20075  
0.000269189  0.995045  0.000269189  0.995045  
1.00171  0.000106953  1.58304  1.3914  
0.322881  0.447376  1.00171  0.000106953  
0.71221  0.157708  0.0274535  0.84499  
0.046608  0.784191  0.455705  0.325018  
0.372167  0.389999  0.000125584  0.990677  
0.710758  0.156996  0.757072  0.13001  
0.999964  0.000109852  0.710758  0.156996  
0.757072  0.13001  0.679094  0.175967  
0.000125584  0.990677  0.372167  0.389999  
0.679094  0.175967  0.999964  0.000109852  
0.455705  0.325018  0.132375  0.636287  
0.251914  0.498337  0.251914  0.498337  
0.132375  0.636287  0.046608  0.784191  
1.70411  1.41273  0.000125584  0.990677  
0.710758  0.156996  0.298047  0.784191  
0.679094  0.175967  2.3851  2.21267  
0.999964  0.000109852  0.710758  0.156996  
1.54635  1.82425  1.54635  1.82425  
0.372167  0.389999  0.999964  0.000109852  
0.455705  0.325018  0.372167  0.389999  
0.000125584  0.990677  1.70411  1.41273  
0.046608  0.784191  0.455705  0.325018  
0.757072  0.13001  0.679094  0.175967  
0.556033  1.32542  0.556033  1.32542  
0.0551392  0.777908  0.0578506  0.899609  
0.0578506  0.899609  1.0101  0.000123055  
1.0101  0.000123055  0.0551392  0.777908  
0.901347  0.289677  0.431519  0.375485  
0.896587  0.141321  2.31499  1.98527  
0.835639  0.125756  0.896587  0.141321  
0.431519  0.375485  0.363634  0.599985  
0.363634  0.599985  0.00104437  1.09785  
0.00104437  1.09785  0.835639  0.125756  
1.06182  0.0605583  0.257817  1.31193  
0.360749  0.420876  0.994741  1.0581  
0.257817  1.31193  4.13908  3.30918  
0.00277985  0.99952  0.837517  1.14234  
0.994741  1.0581  1.16314  0.740264  
0.837517  1.14234  0.360749  0.420876  
1.16314  0.740264  1.02678  0.00357241  
0.343173  0.556425  1.06182  0.0605583  
0.945951  0.302145  0.00277985  0.99952  
1.02678  0.00357241  0.521681  0.716816  
0.378664  0.420649  0.0412725  0.849433  
0.178561  0.613053  1.01096  0.0229322  
0.175658  0.717379  0.47065  0.538561  
1.68227  1.84944  0.691568  0.176332  
0.0412725  0.849433  0.378664  0.420649  
0.493362  0.320562  1.00913  0.00358074  
0.049922  0.836587  0.178561  0.613053  
0.691568  0.176332  1.68227  1.84944  
1.01096  0.0229322  0.175658  0.717379  
1.00913  0.00358074  1.46991  1.19026  
0.788151  0.228584  0.812474  0.137373  
0.0306747  0.925179  0.788151  0.228584  
1.00887  0.000116924  0.0180488  0.931072  
0.812474  0.137373  0.460967  0.938096  
0.0180488  0.931072  0.129066  1.00174  
0.460967  0.938096  0.0306747  0.925179  
0.408723  0.380961  0.408723  0.380961  
0.132772  1.2589  0.132772  1.2589  
0.129066  0.830421  1.19808  0.639428  
1.33605  0.215987  1.00887  0.000116924  
0.676267  0.17834  0.710755  0.156957  
0.710755  0.156957  0.000117119  0.990316  
0.372166  0.389982  0.782952  0.144364  
0.132358  0.636272  0.455674  0.325007  
0.0465993  0.784173  0.999911  9.73327e-05  
0.455674  0.325007  0.676267  0.17834  
0.999911  9.73327e-05  0.446865  0.752551  
0.251905  0.498213  0.132358  0.636272  
0.000117119  0.990316  0.372166  0.389982  
0.757016  0.129978  0.0465993  0.784173  
0.999911  9.73327e-05  0.372166  0.389982  
0.676267  0.17834  0.251905  0.498213  
0.132358  0.636272  0.455674  0.325007  
0.372166  0.389982  0.710755  0.156957  
0.455674  0.325007  0.0465993  0.784173  
0.251905  0.498213  0.676267  0.17834  
0.0465993  0.784173  0.132358  0.636272  
0.000117119  0.990316  2.23103  2.99366  
0.710755  0.156957  0.999911  9.73327e-05  
0.757016  0.129978  0.757016  0.129978  
0.0465993  0.784173  0.0465993  0.784173  
0.710755  0.156957  2.36144  2.04104  
0.132358  0.636272  0.710755  0.156957  
0.999911  9.73327e-05  0.372166  0.389982  
0.372166  0.389982  0.757016  0.129978  
0.757016  0.129978  0.676267  0.17834  
0.000117119  0.990316  0.999911  9.73327e-05  
0.455674  0.325007  0.132358  0.636272  
0.676267  0.17834  0.000117119  0.990316  
0.251905  0.498213  0.251905  0.498213  
0.000117119  0.990316  0.999911  9.73327e-05  
0.710755  0.156957  0.132358  0.636272  
0.132358  0.636272  0.251905  0.498213  
0.372166  0.389982  0.0465993  0.784173  
0.676267  0.17834  0.455674  0.325007  
0.455674  0.325007  0.757016  0.129978  
0.0465993  0.784173  0.676267  0.17834  
0.999911  9.73327e-05  0.372166  0.389982  
0.757016  0.129978  0.71162  0.1578  
0.251905  0.498213  0.000117119  0.990316  
0.372166  0.389982  0.710755  0.156957  
0.000117119  0.990316  0.676267  0.17834  
0.999911  9.73327e-05  0.0465993  0.784173  
0.251905  0.498213  0.000117119  0.990316  
0.455674  0.325007  0.372166  0.389982  
0.132358  0.636272  0.455674  0.325007  
0.757016  0.129978  0.132358  0.636272  
0.710755  0.156957  0.999911  9.73327e-05  
0.676267  0.17834  0.251905  0.498213  
0.0465993  0.784173  0.757016  0.129978  
0.372166  0.389982  0.455674  0.325007  
0.251905  0.498213  0.676267  0.17834  
0.0465993  0.784173  0.000117119  0.990316  
0.455674  0.325007  0.0465993  0.784173  
0.999911  9.73327e-05  0.999911  9.73327e-05  
0.000117119  0.990316  0.251905  0.498213  
0.710755  0.156957  0.3726  0.397439  
0.676267  0.17834  0.132358  0.636272  
0.757016  0.129978  0.710755  0.156957  
0.132358  0.636272  0.757016  0.129978  
0.000117119  0.990316  0.251905  0.498213  
0.757016  0.129978  0.757016  0.129978  
0.676267  0.17834  0.710755  0.156957  
0.0465993  0.784173  0.676267  0.17834  
0.999911  9.73327e-05  0.000117119  0.990316  
0.455674  0.325007  0.0465993  0.784173  
0.710755  0.156957  0.455674  0.325007  
0.132358  0.636272  0.372166  0.389982  
0.251905  0.498213  0.999911  9.73327e-05  
0.372166  0.389982  0.132358  0.636272  
0.999911  9.73327e-05  0.999911  9.73327e-05  
0.676267  0.17834  0.372166  0.389982  
0.757016  0.129978  0.251905  0.498213  
0.710755  0.156957  0.132358  0.636272  
0.251905  0.498213  0.757016  0.129978  
0.372166  0.389982  0.455674  0.325007  
0.000117119  0.990316  0.000117119  0.990316  
0.0465993  0.784173  0.710755  0.156957  
0.455674  0.325007  0.0465993  0.784173  
0.132358  0.636272  0.676267  0.17834  
0.132358  0.636272  0.757016  0.129978  
0.251905  0.498213  0.372166  0.389982  
0.455674  0.325007  0.132358  0.636272  
0.0465993  0.784173  0.251905  0.498213  
0.000117119  0.990316  0.676267  0.17834  
0.372166  0.389982  0.000117119  0.990316  
0.757016  0.129978  0.455674  0.325007  
0.999911  9.73327e-05  0.710755  0.156957  
0.676267  0.17834  0.999911  9.73327e-05  
0.710755  0.156957  0.0465993  0.784173  
0.132358  0.636272  1.00496  0.00781264  
0.455674  0.325007  0.757016  0.129978  
0.0465993  0.784173  0.455674  0.325007  
0.000117119  0.990316  0.000117119  0.990316  
0.372166  0.389982  0.0465993  0.784173  
0.251905  0.498213  0.710755  0.156957  
0.757016  0.129978  0.676267  0.17834  
0.676267  0.17834  0.372166  0.389982  
0.999911  9.73327e-05  0.251905  0.498213  
0.710755  0.156957  0.132358  0.636272  
0.757456  0.129709  0.999911  9.46733e-05  
0.455666  0.324981  0.0477082  0.782392  
0.0477082  0.782392  0.000105979  0.990312  
0.675617  0.178049  0.0117279  0.891777  
0.0117279  0.891777  0.757456  0.129709  
0.372145  0.389993  3.22636  3.62189  
0.999911  9.46733e-05  0.251859  0.498152  
0.251859  0.498152  3.60334  4.18135  
0.132332  0.636236  2.87943  2.20157  
0.000105979  0.990312  0.675617  0.178049  
0.999911  9.46733e-05  0.180597  0.997047  
0.757456  0.129709  0.455666  0.324981  
0.000105979  0.990312  0.132332  0.636236  
0.675617  0.178049  0.251859  0.498152  
0.0117279  0.891777  0.0477082  0.782392  
0.251859  0.498152  0.999911  9.46733e-05  
0.132332  0.636236  0.757456  0.129709  
0.455666  0.324981  0.675617  0.178049  
0.372145  0.389993  0.000105979  0.990312  
0.0477082  0.782392  0.372145  0.389993  
0.455666  0.324981  0.0477082  0.782392  
0.251859  0.498152  0.455666  0.324981  
0.000105979  0.990312  0.372145  0.389993  
0.999911  9.46733e-05  0.132332  0.636236  
0.132332  0.636236  0.000111327  0.990328  
0.757456  0.129709  0.757456  0.129709  
0.0117279  0.891777  0.0117279  0.891777  
0.372145  0.389993  0.251859  0.498152  
0.675617  0.178049  0.999911  9.46733e-05  
0.0477082  0.782392  0.675617  0.178049  
0.000105979  0.990312  0.0117279  0.891777  
0.132332  0.636236  0.132332  0.636236  
0.0477082  0.782392  0.251859  0.498152  
0.372145  0.389993  0.999911  9.46733e-05  
0.0117279  0.891777  0.000105979  0.990312  
0.251859  0.498152  0.455666  0.324981  
0.675617  0.178049  0.372145  0.389993  
0.757456  0.129709  0.0477082  0.782392  
0.999911  9.46733e-05  0.675617  0.178049  
0.455666  0.324981  1.26193  0.829336  
0.0117279  0.891777  0.000105979  0.990312  
0.455666  0.324981  2.33603  1.53819  
0.251859  0.498152  0.455666  0.324981  
0.000105979  0.990312  0.999911  9.46733e-05  
0.132332  0.636236  0.0477082  0.782392  
0.999911  9.46733e-05  0.132332  0.636236  
0.372145  0.389993  0.675617  0.178049  
0.675617  0.178049  0.372145  0.389993  
0.0477082  0.782392  0.251859  0.498152  
0.757456  0.129709  1.60198  2.23052  
0.757456  0.129709  0.500481  0.398065  
0.000105979  0.990312  0.675617  0.178049  
0.251859  0.498152  0.000105979  0.990312  
0.455666  0.324981  0.999911  9.46733e-05  
0.0117279  0.891777  0.757456  0.129709  
0.0477082  0.782392  0.132332  0.636236  
0.999911  9.46733e-05  0.251859  0.498152  
0.132332  0.636236  0.372145  0.389993  
0.372145  0.389993  3.24334  3.48899  
0.675617  0.178049  0.0117279  0.891777  
0.455666  0.324981  0.132332  0.636236  
0.251859  0.498152  0.455666  0.324981  
0.675617  0.178049  0.851205  0.392799  
0.0117279  0.891777  0.0117279  0.891777  
0.0477082  0.782392  0.0477082  0.782392  
0.999911  9.46733e-05  2.64624  2.05953  
0.372145  0.389993  0.372145  0.389993  
0.000105979  0.990312  0.757456  0.129709  
0.757456  0.129709  0.999911  9.46733e-05  
0.132332  0.636236  0.251859  0.498152  
0.0477082  0.782392  0.455666  0.324981  
0.455666  0.324981  0.372145  0.389993  
0.999911  9.46733e-05  0.0117279  0.891777  
0.372145  0.389993  1.55915  0.84664  
0.0117279  0.891777  0.251859  0.498152  
0.132332  0.636236  0.999911  9.46733e-05  
0.675617  0.178049  0.0477082  0.782392  
0.757456  0.129709  0.867351  0.333607  
0.251859  0.498152  0.675617  0.178049  
0.000105979  0.990312  0.000105979  0.990312  
0.251859  0.498152  0.0117279  0.891777  
0.455666  0.324981  0.999911  9.46733e-05  
0.0117279  0.891777  0.000105979  0.990312  
0.372145  0.389993  0.132332  0.636236  
0.999911  9.46733e-05  0.675617  0.178049  
0.000105979  0.990312  0.251859  0.498152  
0.132332  0.636236  0.757456  0.129709  
0.675617  0.178049  0.372145  0.389993  
0.0477082  0.782392  0.455666  0.324981  
0.757456  0.129709  0.0477082  0.782392  
0.0477082  0.782392  0.0477082  0.782392  
0.251859  0.498152  0.999911  9.46733e-05  
0.372145  0.389993  0.455666  0.324981  
0.455666  0.324981  0.757456  0.129709  
0.0117279  0.891777  0.132332  0.640641  
0.132332  0.636236  0.251859  0.498152  
0.999911  9.46733e-05  0.0117279  0.891777  
0.757456  0.129709  0.675617  0.178049  
0.000105979  0.990312  0.000105979  0.990312  
0.675617  0.178049  0.372145  0.389993  
0.660376  0.187416  0.660376  0.187416  
0.000109768  0.990312  0.132333  0.636235  
0.0153552  0.876122  0.999911  9.34618e-05  
0.999911  9.34618e-05  0.0484204  0.780018  
0.75742  0.129707  0.455663  0.324979  
0.455663  0.324979  0.0153552  0.876122  
0.251857  0.498149  0.75742  0.129707  
0.0484204  0.780018  0.372143  0.389973  
0.132333  0.636235  0.000109768  0.990312  
0.372143  0.389973  0.251857  0.498149  
0.455663  0.324979  0.372143  0.389973  
0.999911  9.34618e-05  0.0484204  0.780018  
0.75742  0.129707  0.75742  0.129707  
0.000109768  0.990312  0.0153552  0.876122  
0.372143  0.389973  2.29806  2.28955  
0.660376  0.187416  0.251857  0.498149  
0.0484204  0.780018  0.132333  0.636235  
0.0153552  0.876122  0.0446072  1.04549  
0.251857  0.498149  0.999911  9.34618e-05  
0.132333  0.636235  0.455663  0.324979  
0.0153552  0.876122  0.0153552  0.876122  
0.251857  0.498149  0.75742  0.129707  
0.455663  0.324979  0.660376  0.187416  
0.75742  0.129707  0.999911  9.34618e-05  
0.132333  0.636235  0.372143  0.389973  
0.372143  0.389973  0.0788271  0.797671  
0.000109768  0.990312  0.000109768  0.990312  
0.660376  0.187416  0.132333  0.636235  
0.0484204  0.780018  0.251857  0.498149  
0.999911  9.34618e-05  0.455663  0.324979  
0.132333  0.636235  0.0153552  0.876122  
0.0484204  0.780018  0.455663  0.324979  
0.372143  0.389973  0.000109768  0.990312  
0.999911  9.34618e-05  4.44122  3.30331  
0.000109768  0.990312  0.0484204  0.780018  
0.75742  0.129707  0.251857  0.498149  
0.660376  0.187416  0.660376  0.187416  
0.251857  0.498149  1.27112  0.39303  
0.0153552  0.876122  0.75742  0.129707  
0.455663  0.324979  0.132333  0.636235  
0.660376  0.187416  0.999911  9.34618e-05  
0.132333  0.636235  0.0153552  0.876122  
0.75742  0.129707  0.818234  0.225891  
0.0484204  0.780018  0.455663  0.324979  
0.0153552  0.876122  0.132333  0.636235  
0.372143  0.389973  0.251857  0.498149  
0.999911  9.34618e-05  0.0484204  0.780018  
0.000109768  0.990312  0.000109768  0.990312  
0.455663  0.324979  0.660376  0.187416  
0.251857  0.498149  0.429056  0.418813  
0.660376  0.187416  0.0153552  0.876122  
0.0153552  0.876122  0.132333  0.636235  
0.372143  0.389973  0.455663  0.324979  
0.251857  0.498149  0.251857  0.498149  
0.000109768  0.990312  0.000109768  0.990312  
0.0484204  0.780018  0.75742  0.129707  
0.75742  0.129707  0.372143  0.389973  
0.132333  0.636235  1.10077  0.0539803  
0.999911  9.34618e-05  0.0484204  0.780018  
0.455663  0.324979  0.660376  0.187416  
0.0153552  0.876122  0.0153552  0.876122  
0.0484204  0.780018  0.660376  0.187416  
0.132333  0.636235  0.999911  9.34618e-05  
0.660376  0.187416  0.0563767  0.783251  
0.372143  0.389973  0.251857  0.498149  
0.75742  0.129707  0.000109768  0.990312  
0.999911  9.34618e-05  0.455663  0.324979  
0.000109768  0.990312  0.75742  0.134574  
0.251857  0.498149  0.132333  0.636235  
0.455663  0.324979  0.372143  0.389973  
0.251857  0.498149  0.132333  0.636235  
0.132333  0.636235  0.0153552  0.876122  
0.660376  0.187416  0.75742  0.129707  
0.000109768  0.990312  0.000109768  0.990312  
0.0153552  0.876122  0.251857  0.498149  
0.75742  0.129707  0.455663  0.324979  
0.455663  0.324979  0.0484204  0.780018  
0.999911  9.34618e-05  0.372143  0.389973  
0.372143  0.389973  0.660376  0.21682  
0.0484204  0.780018  0.999911  9.34618e-05  
0.75742  0.129707  0.0484204  0.780018  
0.999911  9.34618e-05  0.660376  0.187416  
0.0153552  0.876122  0.455663  0.324979  
0.660376  0.187416  0.0153552  0.876122  
0.000109768  0.990312  0.840663  1.255  
0.372143  0.389973  0.372143  0.389973  
0.132333  0.636235  0.000109768  0.990312  
0.251857  0.498149  0.132333  0.636235  
0.0484204  0.780018  0.75742  0.129707  
0.455663  0.324979  0.999911  9.34618e-05  
0.0484204  0.780018  0.660376  0.187416  
0.0153552  0.876122  0.365541  1.16238  
0.455663  0.324979  0.0153552  0.876122  
0.000109768  0.990312  0.132333  0.636235  
0.660376  0.187416  0.372143  0.389973  
0.132333  0.636235  0.000109768  0.990312  
0.999911  9.34618e-05  0.455663  0.324979  
0.75742  0.129707  0.999911  9.34618e-05  
0.372143  0.389973  0.75742  0.129707  
0.251857  0.498149  0.251857  0.498149  
0.132329  0.636235  0.757417  0.129707  
0.660073  0.187589  0.000114394  0.990312  
0.45566  0.324979  0.132329  0.636235  
0.99991  9.34618e-05  0.660073  0.187589  
0.372143  0.389971  0.0484159  0.780002  
0.000114394  0.990312  0.0153522  0.876122  
0.0153522  0.876122  0.45566  0.324979  
0.0484159  0.780002  0.372143  0.389971  
0.757417  0.129707  0.287433  0.522752  
0.251857  0.498149  0.99991  9.34618e-05  
0.000114394  0.990312  0.372143  0.389971  
0.757417  0.129707  0.251857  0.498149  
0.372143  0.389971  0.757417  0.129707  
0.660073  0.187589  1.35453  1.70914  
0.0484159  0.780002  0.000114394  0.990312  
0.99991  9.34618e-05  0.660073  0.187589  
0.251857  0.498149  0.0153522  0.876122  
0.0153522  0.876122  0.99991  9.34618e-05  
0.132329  0.636235  3.8117  2.85207  
0.45566  0.324979  0.0484159  0.780002  
0.99991  9.34618e-05  0.0484159  0.780002  
0.0153522  0.876122  0.0153522  0.876122  
0.757417  0.129707  0.660073  0.187589  
0.251857  0.498149  0.132329  0.636235  
0.0484159  0.780002  0.372143  0.389971  
0.132329  0.636235  0.000114394  0.990312  
0.000114394  0.990312  0.251857  0.498149  
0.372143  0.389971  0.99991  9.34618e-05  
0.660073  0.187589  0.45566  0.324979  
0.45566  0.324979  0.757417  0.129707  
0.0153522  0.876122  0.757417  0.129707  
0.372143  0.389971  0.45566  0.324979  
0.132329  0.636235  0.0153522  0.876122  
0.45566  0.324979  0.251857  0.498149  
0.0484159  0.780002  0.000114394  0.990312  
0.000114394  0.990312  4.65972  3.64404  
0.757417  0.129707  0.372143  0.389971  
0.251857  0.498149  0.660073  0.187589  
0.99991  9.34618e-05  0.0484159  0.780002  
0.660073  0.187589  0.132329  0.636235  
0.372143  0.389971  0.372143  0.389971  
0.251857  0.498149  0.757417  0.129707  
0.0153522  0.876122  0.45566  0.324979  
0.99991  9.34618e-05  0.132329  0.636235  
0.132329  0.636235  0.251857  0.498149  
0.45566  0.324979  2.107  1.28665  
0.0484159  0.780002  0.0153522  0.876122  
0.000114394  0.990312  0.0484159  0.780002  
0.660073  0.187589  0.70851  0.248298  
0.757417  0.129707  0.000114394  0.990312  
0.99991  9.34618e-05  0.660073  0.187589  
0.132329  0.636235  0.99991  9.34618e-05  
0.0484159  0.780002  0.0484159  0.780002  
0.372143  0.389971  0.757417  0.129707  
0.0153522  0.876122  0.132329  0.636235  
0.251857  0.498149  0.251857  0.498149  
0.000114394  0.990312  0.372143  0.389971  
0.757417  0.129707  0.0153522  0.876122  
0.660073  0.187589  0.45566  0.324979  
0.45566  0.324979  0.000114394  0.990312  
0.0153522  0.876122  0.000114394  0.990312  
0.132329  0.636235  0.99991  9.34618e-05  
0.251857  0.498149  0.372143  0.389971  
0.660073  0.187589  0.0153522  0.876122  
0.45566  0.324979  0.757442  0.129707  
0.000114394  0.990312  0.660073  0.187589  
0.99991  9.34618e-05  0.251857  0.498149  
0.0484159  0.780002  0.0484159  0.780002  
0.757417  0.129707  0.45566  0.324979  
0.372143  0.389971  0.132329  0.636235  
0.45566  0.324979  0.0153522  0.876122  
0.757417  0.129707  0.757417  0.129707  
0.132329  0.636235  0.0484159  0.780002  
0.372143  0.389971  0.000114394  0.990312  
0.0484159  0.780002  0.99991  0.0298012  
0.99991  9.34618e-05  0.132329  0.636235  
0.251857  0.498149  0.372143  0.389971  
0.660073  0.187589  0.45566  0.324979  
0.0153522  0.876122  0.251857  0.498149  
0.000114394  0.990312  0.660073  0.187589  
0.45566  0.324979  0.0484159  0.780002  
0.0484159  0.780002  0.251857  0.498149  
0.000114394  0.990312  0.000114394  0.990312  
0.132329  0.636235  0.45566  0.324979  
0.372143  0.389971  0.660073  0.187589  
0.757417  0.129707  0.99991  9.34618e-05  
0.251857  0.498149  0.132329  0.636235  
0.660073  0.187589  0.0153522  0.876122  
0.0153522  0.876122  0.372143  0.389971  
0.99991  9.34618e-05  0.757417  0.129707  
0.99991  9.34618e-05  0.0484159  0.780002  
0.660073  0.187589  0.0153522  0.876122  
0.000114394  0.990312  0.660073  0.187589  
0.0153522  0.876122  0.45566  0.324979  
0.372143  0.389971  0.132329  0.636235  
0.45566  0.324979  0.757417  0.129707  
0.132329  0.636235  0.251857  0.498149  
0.757417  0.129707  0.719074  0.872149  
0.251857  0.498149  0.000114394  0.990312  
0.0484159  0.780002  0.99991  9.34618e-05  
0.251857  0.498148  0.372143  0.389971  
0.757415  0.129707  0.327198  0.611359  
0.0484154  0.780001  0.757415  0.129707  
0.99991  9.42087e-05  0.132328  0.636235  
0.0153517  0.876119  0.66005  0.187577  
0.455658  0.324978  0.0153517  0.876119  
0.66005  0.187577  0.99991  9.42087e-05  
0.132328  0.636235  0.0484154  0.780001  
0.372143  0.389971  0.000114394  0.990312  
0.000114394  0.990312  0.455658  0.324978  
0.372143  0.389971  0.0484154  0.780001  
0.251857  0.498148  0.757519  0.150832  
0.0153517  0.876119  0.66005  0.187577  
0.000114394  0.990312  0.0153517  0.876119  
0.0484154  0.780001  0.99991  9.42087e-05  
0.757415  0.129707  0.455658  0.324978  
0.455658  0.324978  0.000114394  0.990312  
0.99991  9.42087e-05  0.372143  0.389971  
0.132328  0.636235  0.251857  0.498148  
0.66005  0.187577  0.132328  0.636235  
0.757415  0.129707  0.132328  0.636235  
0.99991  9.42087e-05  0.455658  0.324978  
0.0484154  0.780001  0.0484154  0.780001  
0.66005  0.187577  0.251857  0.498148  
0.0153517  0.876119  0.000114394  0.990312  
0.251857  0.498148  0.372143  0.389971  
0.372143  0.389971  0.66005  0.187577  
0.000114394  0.990312  0.0153517  0.876119  
0.455658  0.324978  0.99991  9.42087e-05  
0.132328  0.636235  0.757415  0.129707  
0.0153517  0.876119  0.0153517  0.876119  
0.0484154  0.780001  0.000114394  0.990312  
0.455658  0.324978  0.365936  0.672398  
0.372143  0.389971  0.757415  0.129707  
0.132328  0.636235  0.455658  0.324978  
0.000114394  0.990312  0.99991  9.42087e-05  
0.757415  0.129707  0.132328  0.636235  
0.99991  9.42087e-05  0.0484154  0.780001  
0.251857  0.498148  0.66005  0.187577  
0.66005  0.187577  0.372143  0.389971  
0.0153517  0.876119  0.99991  9.42087e-05  
0.757415  0.129707  0.0484154  0.780001  
0.000114394  0.990312  0.0153517  0.876119  
0.455658  0.324978  0.66005  0.187577  
0.0484154  0.780001  0.757415  0.129707  
0.66005  0.187577  0.455658  0.324978  
0.132328  0.636235  0.251857  0.498148  
0.99991  9.42087e-05  1.66352  1.73478  
0.251857  0.498148  0.132328  0.636235  
0.372143  0.389971  0.000114394  0.990312  
0.132328  0.636235  0.99991  9.42087e-05  
0.0153517  0.876119  0.0484154  0.780001  
0.455658  0.324978  0.455658  0.324978  
0.251857  0.498148  1.74385  2.19811  
0.99991  9.42087e-05  0.757415  0.129707  
0.372143  0.389971  0.372143  0.389971  
0.66005  0.187577  0.132328  0.636235  
0.000114394  0.990312  0.66005  0.187577  
0.0484154  0.780001  0.000114394  0.990312  
0.757415  0.129707  0.251857  0.498148  
0.99991  9.42087e-05  0.99991  9.42087e-05  
0.757415  0.129707  0.0153517  0.876119  
0.455658  0.324978  0.000114394  0.990312  
0.372143  0.389971  0.455658  0.324978  
0.251857  0.498148  0.146719  0.667755  
0.000114394  0.990312  0.37477  0.391952  
0.0484154  0.780001  0.251857  0.498148  
0.132328  0.636235  0.66005  0.187577  
0.66005  0.187577  0.0484154  0.780001  
0.0153517  0.876119  0.757415  0.129707  
0.455658  0.324978  0.0153517  0.876119  
0.757415  0.129707  0.863186  0.777225  
0.99991  9.42087e-05  0.251857  0.498148  
0.372143  0.389971  0.132328  0.636235  
0.132328  0.636235  0.000114394  0.990312  
0.0153517  0.876119  0.372143  0.389971  
0.251857  0.498148  0.919854  0.333277  
0.0484154  0.780001  0.757415  0.129707  
0.000114394  0.990312  0.99991  9.42087e-05  
0.66005  0.187577  0.66005  0.187577  
0.0484154  0.780001  0.000114394  0.990312  
0.132328  0.636235  0.372143  0.389971  
0.0153517  0.876119  0.757415  0.129707  
0.000114394  0.990312  0.0484154  0.780001  
0.251857  0.498148  0.455658  0.324978  
0.757415  0.129707  0.66005  0.187577  
0.66005  0.187577  0.655275  1.4282  
0.455658  0.324978  0.99991  9.42087e-05  
0.372143  0.389971  0.132328  0.636235  
0.99991  9.42087e-05  0.251857  0.498148  
0.251857  0.498148  0.0153517  0.876119  
0.132328  0.636235  0.0484154  0.780001  
0.99991  9.42087e-05  0.99991  9.42087e-05  
0.0153517  0.876119  0.000114394  0.990312  
0.757415  0.129707  0.757415  0.129707  
0.372143  0.389971  0.455658  0.324978  
0.455658  0.324978  0.251857  0.498148  
0.66005  0.187577  0.132328  0.938614  
0.0484154  0.780001  0.372143  0.389971  
0.000114394  0.990312  0.66005  0.187577  
0.0484157  0.779998  0.0484157  0.779998  
0.0153515  0.876119  0.251857  0.498148  
0.660048  0.187574  0.99991  0.0590461  
0.372143  0.389971  0.372143  0.389971  
0.251857  0.498148  0.730121  0.508542  
0.455657  0.324978  0.660048  0.187574  
0.000112163  0.990312  0.0153515  0.876119  
0.757414  0.129706  0.757414  0.129706  
0.99991  9.42087e-05  0.000112163  0.990312  
0.132328  0.636234  0.132328  0.636234  
0.132328  0.636234  0.372143  0.389971  
0.251857  0.498148  0.99991  9.42087e-05  
0.372143  0.389971  0.455657  0.324978  
0.757414  0.129706  0.757414  0.129706  
0.660048  0.187574  0.0153515  0.876119  
0.455657  0.324978  0.000112163  0.990312  
0.000112163  0.990312  0.251857  0.498148  
0.0484157  0.779998  0.660048  0.187574  
0.99991  9.42087e-05  0.132328  0.636234  
0.0153515  0.876119  0.0484157  0.779998  
0.757414  0.129706  0.000112163  0.990312  
0.455657  0.324978  0.132328  0.636234  
0.660048  0.187574  0.757414  0.129706  
0.132328  0.636234  0.99991  9.42087e-05  
0.0484157  0.779998  0.455657  0.324978  
0.99991  9.42087e-05  0.0484157  0.779998  
0.251857  0.498148  0.0153515  0.876119  
0.0153515  0.876119  0.660048  0.187574  
0.000112163  0.990312  0.251857  0.498148  
0.372143  0.389971  1.28045  1.06691  
0.0484157  0.779998  0.757414  0.129706  
0.000112163  0.990312  0.251857  0.498148  
0.660048  0.187574  0.372143  0.389971  
0.0153515  0.876119  0.455657  0.324978  
0.757414  0.129706  0.000112163  0.990312  
0.251857  0.498148  0.132328  0.636234  
0.132328  0.636234  0.99991  9.42087e-05  
0.455657  0.324978  0.11386  0.816429  
0.372143  0.389971  0.0153515  0.876119  
0.99991  9.42087e-05  0.660048  0.187574  
0.455657  0.324978  0.455657  0.325421  
0.757414  0.129706  0.660048  0.187574  
0.251857  0.498148  0.251857  0.498148  
0.99991  9.42087e-05  0.757414  0.129706  
0.132328  0.636234  0.372143  0.389971  
0.372143  0.389971  0.132328  0.636234  
0.0153515  0.876119  0.0153515  0.876119  
0.0484157  0.779998  0.0484157  0.779998  
0.000112163  0.990312  0.000112163  0.990312  
0.660048  0.187574  0.99991  9.42087e-05  
0.660048  0.187574  0.660048  0.187574  
0.251857  0.498148  0.757414  0.129706  
0.0153515  0.876119  0.455657  0.324978  
0.455657  0.324978  0.251857  0.498148  
0.000112163  0.990312  0.372143  0.389971  
0.99991  9.42087e-05  0.0153515  0.876119  
0.372143  0.389971  0.99991  9.42087e-05  
0.132328  0.636234  2.16392  2.55859  
0.757414  0.129706  0.000112163  0.990312  
0.0484157  0.779998  0.0484157  0.779998  
0.251857  0.498148  0.757414  0.129706  
0.757414  0.129706  0.455657  0.324978  
0.132328  0.636234  0.947161  1.46572  
0.0484157  0.779998  0.99991  9.42087e-05  
0.0153515  0.876119  0.000112163  0.990312  
0.455657  0.324978  0.0153515  1.16679  
0.99991  9.42087e-05  0.372143  0.389971  
0.660048  0.187574  0.0484157  0.779998  
0.000112163  0.990312  0.660048  0.187574  
0.372143  0.389971  0.132328  0.636234  
0.0484157  0.779998  0.99991  9.42087e-05  
0.0153515  0.876119  0.757414  0.129706  
0.757414  0.129706  0.455657  0.324978  
0.132328  0.636234  0.0153515  0.876119  
0.000112163  0.990312  0.000112163  0.990312  
0.660048  0.187574  0.0484157  0.779998  
0.372143  0.389971  0.660048  0.187574  
0.251857  0.498148  0.372143  0.389971  
0.455657  0.324978  0.132328  0.636234  
0.99991  9.42087e-05  0.251857  0.498148  
0.132328  0.636234  0.757414  0.129706  
0.660048  0.187574  0.0484157  0.779998  
0.372143  0.389971  0.455657  0.324978  
0.0484157  0.779998  0.372143  0.389971  
0.455657  0.324978  0.0153515  0.876119  
0.000112163  0.990312  0.000112163  0.990312  
0.251857  0.498148  0.132328  0.636234  
0.99991  9.42087e-05  0.251857  0.498148  
0.0153515  0.876119  3.79495  4.14144  
0.757414  0.129706  0.99991  9.42087e-05  
0.132328  0.636234  0.99991  9.42087e-05  
0.660048  0.187574  0.757414  0.129706  
0.0153515  0.876119  0.000112163  0.990312  
0.251857  0.498148  0.0484157  0.779998  
0.455657  0.324978  0.132328  0.636234  
0.99991  9.42087e-05  0.251857  0.498148  
0.000112163  0.990312  0.0153515  0.876119  
0.372143  0.389971  0.455657  0.324978  
0.757414  0.129706  0.660048  0.187574  
0.0484157  0.779998  0.372143  0.389971  
