2.71769  2.38054  2.40941  1.94536  
2.00167  2.39108  2.1527  2.95916  
2.71688  2.07278  1.63798  1.22437  
1.435  2.35166  1.66993  1.18788  
1.52929  2.43104  2.14367  2.30452  
2.44006  2.6795  1.57239  2.74098  
2.12065  2.39389  2.23986  1.93777  
2.30763  2.10106  1.79719  1.92907  
2.8474  2.77313  2.35591  1.88037  
1.77055  2.35304  1.72602  2.33716  
2.87928  1.6568  3.18317  2.28942  
2.5235  1.73374  1.41609  2.65047  
3.04865  1.17356  2.62615  1.43374  
2.42957  1.97623  1.86158  1.71044  
2.37877  0.760323  1.87089  2.1991  
1.94119  1.83574  2.39312  1.42119  
2.16679  1.58841  1.91998  2.19286  
1.75686  2.21236  2.99562  2.71666  
2.53596  1.55484  3.0009  1.62198  
2.69868  0.967793  1.52218  1.98992  
1.74454  1.47416  1.44046  2.63658  
2.58709  1.63034  1.98471  1.92667  
2.26787  1.66554  1.70251  2.15735  
1.70039  2.53008  1.76528  2.56399  
2.85039  1.68029  1.601  2.33157  
1.16949  2.66293  1.7751  2.0157  
2.64613  2.20273  3.13353  2.34242  
2.37076  2.07171  2.30034  1.64006  
2.56281  2.08701  2.16242  1.82531  
2.09475  1.24694  2.97834  1.74578  
0.687825  1.80814  1.57047  2.02993  
2.6571  1.85631  3.26096  2.09949  
2.89914  1.23488  2.1401  2.2206  
2.22952  2.72569  1.29479  1.90536  
2.99926  1.48865  1.59296  2.46733  
1.5317  0.889719  2.16119  1.21947  
0.601762  2.14641  2.19114  2.84316  
1.75488  3.08326  2.8499  1.44511  
2.09765  1.56502  1.91113  2.32215  
2.2455  1.66782  2.42538  2.04339  
1.82418  2.69915  1.81987  1.8748  
1.83694  2.51436  2.07779  2.17076  
2.37534  2.03869  2.20783  2.34684  
1.5124  1.49374  1.28212  3.18618  
2.03919  2.38597  2.48737  1.70372  
2.64302  2.50126  2.10147  2.18509  
1.67894  2.51455  2.6684  1.67214  
1.49349  2.33752  3.06627  1.54564  
1.97221  1.74504  2.07139  2.84477  
2.10405  1.02518  2.34372  1.57969  
1.72598  1.68259  2.17317  2.59279  
1.7055  2.5632  1.7843  1.74024  
1.82813  2.13723  2.30645  2.32297  
2.60021  2.85774  1.34474  1.73971  
2.94577  1.49194  2.53262  1.90059  
1.76378  2.50035  2.20767  1.67845  
2.36686  2.4793  1.85155  1.76976  
2.75694  2.00397  1.41701  2.27877  
2.50832  1.70995  2.37493  1.46154  
1.55308  1.59965  1.12868  1.35529  
1.75435  1.37226  1.92148  1.83532  
3.14313  1.48393  1.94936  1.91397  
2.60228  1.16033  2.25553  2.05067  
2.29034  1.48473  3.30552  1.69569  
2.13691  1.80106  2.2533  2.46046  
2.58339  1.56466  3.16473  2.34425  
2.3431  1.75775  0.800123  3.17555  
2.64194  1.99038  3.12329  2.50606  
2.18748  2.22577  1.85301  2.54822  
1.72879  2.11234  2.37578  2.27887  
2.36801  1.29532  2.01004  1.9667  
2.36273  1.47956  3.08093  2.13796  
1.74161  2.38072  2.24981  2.45903  
2.11381  2.23158  2.4026  2.33234  
1.59024  1.627  1.22126  2.7105  
1.79724  2.34512  2.85328  1.67961  
2.88188  2.28354  2.73317  1.76694  
1.8896  2.32759  2.08221  1.82677  
1.35572  2.31911  3.02569  1.66535  
1.69104  1.84866  1.27341  2.18082  
3.02315  2.27798  2.17952  1.54343  
1.90814  2.04369  1.91976  1.93893  
2.83643  1.59872  1.52354  2.60013  
1.21901  2.79807  3.04354  2.21167  
2.51917  1.90449  2.63187  2.09205  
2.44038  1.32826  1.55704  2.0726  
2.08912  1.74313  1.99077  3.04853  
3.84517  1.47102  1.58152  1.79243  
2.78918  2.59972  1.39266  3.08715  
1.67423  1.37291  3.33052  1.67668  
1.80953  2.37369  2.56241  1.757  
2.40704  1.476  2.26583  2.46722  
3.18684  2.27547  2.54495  2.72236  
1.5401  2.53967  2.66489  2.50651  
3.29125  1.9458  2.41544  2.59245  
2.17098  2.37958  3.02119  1.79813  
2.56193  2.42345  1.27855  3.05904  
1.48722  2.57594  2.18659  2.42341  
1.40641  2.35832  1.43476  1.82967  
1.95009  1.70153  2.0563  1.61677  
1.19982  1.05872  0.513465  0.531022  
2.99344  2.3302  2.28141  1.45425  
0.761805  0.568829  1.19982  1.05872  
2.28141  1.45425  0.905541  1.38267  
0.905541  1.38267  2.23407  1.07872  
0.237914  1.57367  0.237914  1.57367  
1.80408  2.11446  1.80408  2.11446  
0.513465  0.531022  2.99344  2.40358  
2.23407  1.07872  0.761805  0.568829  
1.16021  1.6634  1.16021  1.6634  
0.711261  0.360058  0.000123932  0.99272  
1.8731  1.42214  0.348155  0.41843  
2.01411  1.11943  2.01411  1.02138  
0.395558  0.374463  0.643415  0.490681  
1.12287  1.58663  1.02788  0.225955  
0.0983622  0.701418  1.12287  1.58663  
0.643415  0.490681  0.851735  0.0808241  
0.348155  0.41843  1.8731  1.42214  
0.851735  0.0808241  0.711261  0.360058  
0.000123932  0.99272  0.0983622  0.701418  
0.530752  0.335978  0.0204964  1.00622  
0.237644  0.582308  0.864639  0.954411  
1.0229  0.00643014  1.42552  0.299233  
0.35244  0.771047  0.11767  0.821092  
1.08545  0.0159698  1.0229  0.00643014  
0.772515  0.295294  0.530752  0.335978  
0.0204964  1.00622  0.35244  0.771047  
0.11767  0.821092  0.941808  0.697312  
0.941808  0.697312  0.237644  0.582308  
0.864639  0.954411  0.772515  0.295294  
0.0987265  0.701418  0.0129719  0.898776  
0.395558  0.374463  0.299994  0.455823  
0.155869  0.608758  0.851134  0.0808241  
0.299994  0.455823  0.000120898  0.992646  
1.00046  0.000127622  0.711261  0.160236  
0.851134  0.0808241  0.395558  0.374463  
0.0129719  0.898776  0.0987265  0.701418  
0.523345  0.277473  0.523345  0.277473  
0.711261  0.160236  0.155869  0.608758  
0.000120898  0.992646  1.00046  0.000127622  
1.00223  0.000199106  0.218201  1.54808  
0.554131  0.29211  0.345738  0.423014  
0.345738  0.423014  0.0999751  0.701743  
0.744346  0.190127  0.00011115  0.992878  
0.0999751  0.701743  1.00223  0.000199106  
0.218201  1.54808  0.744346  0.190127  
0.682855  0.216882  0.867316  0.104473  
0.487604  0.538234  0.554131  0.29211  
0.867316  0.104473  0.687543  0.216882  
0.00011115  0.992878  0.487604  0.538234  
0.053642  0.769321  0.153107  0.609312  
0.667551  0.183276  0.224345  0.647973  
0.250035  0.500859  0.000113445  0.992414  
0.34375  0.414181  0.823452  0.093069  
0.190117  0.565527  0.053642  0.769321  
0.999919  0.000140099  0.516619  0.282274  
0.823452  0.093069  0.999919  0.000140099  
0.516619  0.282274  0.667551  0.183276  
0.000113445  0.992414  0.34375  0.414181  
0.153107  0.609312  0.250035  0.500859  
0.053642  0.769321  0.000113445  1.07862  
0.667551  0.183276  0.34375  0.414181  
0.999919  0.000140099  4.11403  3.77641  
0.000113445  1.07862  0.190117  0.565527  
0.516619  0.282274  0.823452  0.093069  
0.34375  0.414181  0.516619  0.282274  
0.823452  0.093069  0.053642  0.769321  
0.190117  0.565527  4.91311  4.00049  
4.94053  4.17415  0.999919  0.000140099  
0.250035  0.500859  0.667551  0.183276  
0.0413816  0.844065  0.165902  0.638541  
0.39357  0.407671  1.00484  0.0832697  
1.00079  9.85593e-05  1.40124  0.397352  
0.668962  0.18376  0.0413816  0.844065  
1.40124  0.397352  0.39357  0.407671  
0.868165  0.0900805  1.05614  1.11693  
0.257264  0.557296  0.356988  0.637283  
0.356988  0.637283  0.868165  0.0900805  
0.165902  0.638541  0.000141733  0.992412  
0.000141733  0.992412  0.257264  0.557296  
1.08784  1.63702  0.79943  1.35373  
0.440543  0.415009  0.440543  0.415009  
0.643415  0.497212  0.643415  0.497212  
2.28141  1.65194  1.12631  1.02183  
2.16524  1.29672  2.26228  2.12918  
0.79943  1.35373  0.771725  0.321759  
1.12631  1.02183  1.08784  1.63702  
2.67845  1.81962  2.28141  1.65194  
1.01638  0.351221  2.67845  1.81962  
0.0629154  1.05497  2.16524  1.29672  
0.524146  0.311333  9.71402e-05  0.993868  
0.207098  0.596942  1.02855  0.000150179  
0.668574  0.184239  0.399495  0.416873  
0.399495  0.416873  0.768248  0.199363  
0.768248  0.199363  0.207098  0.596942  
0.841311  0.921426  0.841311  0.921426  
0.59222  1.01447  0.127381  1.57615  
9.71402e-05  0.993868  0.59222  1.01447  
0.127381  1.57615  0.668574  0.184239  
1.02855  0.000150179  4.01195  3.89933  
0.601348  0.239224  0.508388  0.292831  
0.685518  0.176635  0.353754  0.409046  
0.000117775  0.991408  0.650298  0.281308  
1.53249  2.16821  0.819086  0.135732  
1.22094  0.415523  1.53249  2.16821  
0.353754  0.409046  0.000117775  0.991408  
0.0369671  0.817089  0.815887  0.354348  
0.171392  0.590147  1.22094  0.415523  
0.508388  0.292831  0.0369671  0.817089  
0.819086  0.135732  0.171392  0.590147  
0.508388  0.292831  0.171392  0.590147  
0.353754  0.409046  2.2447  2.68594  
0.819086  0.135732  0.353754  0.42802  
1.53249  2.16821  0.0369671  0.817089  
0.685518  0.176635  0.601348  0.239224  
0.000117775  0.991408  0.000117775  0.991408  
0.898407  0.0644344  0.685518  0.176635  
0.601348  0.239224  0.508388  0.292831  
0.0369671  0.817089  1.53249  2.16821  
0.171392  0.590147  0.898407  0.0644344  
1.00246  0.568347  0.745039  0.291208  
0.745039  0.291208  0.806682  1.76321  
0.382125  1.15898  0.78012  0.122835  
1.11136  0.451315  1.00246  0.568347  
0.78012  0.122835  0.122123  0.667577  
0.000121147  0.990401  0.48771  0.544794  
0.48771  0.544794  1.01841  1.46518  
0.999963  0.00487285  1.11136  0.451315  
1.01841  1.46518  0.000121147  0.990401  
0.122123  0.667577  0.999963  0.00487285  
0.221397  0.809028  1.36712  0.615683  
0.514015  0.363393  0.514015  0.363393  
0.382255  0.427456  0.789857  0.668827  
0.684715  0.183739  0.221397  0.809028  
0.831707  0.130294  0.382255  0.427456  
0.0302272  0.90149  0.684715  0.183739  
0.0507476  0.820621  0.0302272  0.90149  
1.00369  0.00256989  0.0507476  0.820621  
0.00212648  1.00616  1.05354  0.18673  
0.789857  0.668827  0.831707  0.130294  
0.39577  0.380587  0.130599  0.799844  
0.658925  0.189429  0.78012  0.122835  
0.503444  0.291592  0.658925  0.189429  
0.0659452  0.75151  0.999963  0.000114016  
0.122123  0.669819  0.503444  0.291592  
0.314104  0.44656  0.39577  0.380587  
0.999963  0.000114016  0.17324  0.586517  
0.000121147  0.990401  0.000121147  0.990401  
0.17324  0.586517  0.314104  0.44656  
0.78012  0.122835  0.122123  0.669819  
0.823022  0.0928911  0.000114316  0.990268  
0.24975  0.500697  0.343517  0.414047  
0.999869  0.000119531  0.999869  0.000119531  
0.0534892  0.768987  0.24975  0.500697  
0.000114316  0.990268  0.153015  0.609047  
0.189391  0.565021  0.189391  0.565021  
0.516322  0.281883  0.667447  0.183076  
0.343517  0.414047  0.516322  0.281883  
0.153015  0.609047  0.535827  1.37691  
0.667447  0.183076  0.823022  0.0928911  
0.825857  0.092078  0.468338  0.35277  
0.315742  0.446222  0.000123931  0.990541  
0.110433  0.691439  0.0173165  0.875102  
0.651366  0.199628  0.651366  0.199628  
0.999972  9.78609e-05  0.315742  0.446222  
0.505282  0.292134  1.85765  0.801079  
0.0173165  0.875102  0.505282  0.292134  
0.173739  0.585539  0.825857  0.092078  
0.468338  0.35277  0.110433  0.691439  
0.000123931  0.990541  0.173739  0.585539  
0.508388  0.292831  0.685518  0.176635  
0.819086  0.10074  0.353754  0.409046  
1.00014  8.35603e-05  0.819086  0.10074  
0.685518  0.176635  0.601348  0.239224  
0.0369671  0.817089  0.171392  0.590147  
0.898407  0.0644344  0.898407  0.0644344  
0.353754  0.409046  1.00014  8.35603e-05  
0.601348  0.239224  0.508388  0.292831  
0.000117775  0.991408  0.000117775  0.991408  
0.171392  0.590147  0.0369671  0.817089  
0.185703  0.586407  0.000197429  0.991757  
0.523909  0.288728  0.688325  1.09487  
0.399008  0.383864  0.523909  0.288728  
0.151932  0.625425  0.151932  0.625425  
0.466229  0.534609  0.466229  0.534609  
0.999992  0.000112184  0.662079  0.19147  
0.662079  0.19147  0.928021  0.0592538  
0.0684082  0.759516  0.399008  0.383864  
0.928021  0.0592538  0.999992  0.000112184  
0.000197429  0.991757  0.0684082  0.759516  
1.02149  0.683262  0.0182924  0.87063  
0.933152  0.108092  0.681633  0.191989  
1.0037  0.00396938  0.172268  0.621646  
0.316465  0.446613  0.316465  0.446613  
0.979158  0.0667288  0.00173281  1.0186  
0.00173281  1.0186  0.123958  0.777721  
0.681633  0.191989  1.09288  0.683262  
0.0182924  0.87063  1.0037  0.00396938  
0.172268  0.621646  0.979158  0.0667288  
0.123958  0.777721  0.933152  0.108092  
2.3573  3.13354  0.44097  0.775477  
0.409008  0.558958  0.714888  0.17706  
0.735892  1.49576  0.848549  1.49576  
0.44097  0.775477  2.3573  3.13354  
0.714888  0.17706  0.409008  0.558958  
2.98596  3.28275  0.688268  0.544777  
1.04598  1.89567  1.04598  1.89567  
0.0604057  0.927196  2.98596  3.28275  
2.27576  0.722054  2.27576  0.722054  
0.688268  0.544777  0.0604057  0.927196  
1.09743  1.15933  1.09743  1.15933  
0.152973  0.609033  4.81531  3.85881  
1.89604  0.572407  0.451564  0.465723  
0.816718  1.40331  1.89604  0.572407  
0.845378  0.185207  0.153276  0.886954  
0.00420753  1.02907  0.985861  1.26268  
0.451564  0.465723  0.91771  0.259916  
1.00063  0.000823219  1.00063  0.000823219  
0.91771  0.259916  0.152973  0.609033  
0.153276  0.886954  0.00420753  1.02907  
0.123477  0.655212  0.708252  0.161165  
2.08184  1.0745  2.08184  1.0745  
0.999912  0.000116289  1.66917  0.571149  
0.708252  0.161165  0.828879  0.906469  
0.828879  0.906469  0.0534631  0.768906  
0.419556  1.29074  0.038966  1.01115  
3.22622  3.32352  3.22622  3.32352  
0.0534631  0.768906  0.123477  0.655212  
1.66917  0.571149  0.419556  1.29074  
0.000117951  0.990311  0.999912  0.000116289  
0.668022  0.200567  0.0534585  0.768852  
0.189777  0.564582  0.999861  0.000118673  
0.516116  0.281673  0.822959  0.0928711  
0.0534585  0.768852  2.54362  2.46882  
0.249733  0.500328  0.249733  0.500328  
0.000122744  0.990266  0.343507  0.414018  
2.54362  2.46882  0.000122744  0.990266  
0.999861  0.000118673  0.189777  0.564582  
0.822959  0.0928711  0.516116  0.281673  
0.343507  0.414018  0.668022  0.200567  
0.0486894  0.785527  0.999933  0.000527045  
0.999933  0.000527045  0.329943  0.471056  
0.661348  0.189553  0.791565  0.265121  
0.541207  0.270059  0.00023679  0.993106  
0.153715  0.617793  0.153715  0.617793  
0.00023679  0.993106  0.859849  0.0816721  
0.329943  0.471056  0.0486894  0.785527  
0.536196  0.750344  0.671317  0.242203  
0.859849  0.0816721  3.83186  4.04405  
0.791565  0.265121  0.536196  0.750344  
0.0534585  0.768852  0.343507  0.414018  
0.667436  0.183061  0.189777  0.564582  
0.152973  0.609042  0.000122744  0.990266  
0.343507  0.414018  0.999861  0.000118673  
0.516116  0.281673  0.152973  0.609042  
0.000122744  0.990266  0.249733  0.500328  
0.249733  0.500328  0.667436  0.183061  
0.999861  0.000118673  0.516116  0.281673  
0.189777  0.564582  1.0614  0.421422  
0.822959  0.0928711  0.0534585  0.768852  
0.708252  0.161156  0.0534631  0.768908  
0.000117951  0.990311  0.377483  0.399614  
0.123477  0.655212  0.276869  0.568899  
0.158162  0.604942  0.00196226  0.992559  
0.31984  0.436523  0.123477  0.655212  
0.999912  0.000116289  0.494393  0.300708  
0.494393  0.300708  0.999912  0.000116289  
0.377483  0.399614  0.708252  0.161156  
0.0534631  0.768908  0.158162  0.604942  
0.276869  0.568899  0.31984  0.436523  
2.32121  2.53308  1.02038  1.05098  
0.0332231  1.03461  2.78817  2.50061  
0.724709  0.174281  2.32121  2.53308  
1.12388  0.755245  1.12388  0.755245  
0.0104121  0.927679  0.724709  0.174281  
0.99987  0.000280368  0.0332231  1.03461  
0.994904  1.59941  0.99987  0.000280368  
0.396194  0.484135  0.213351  0.786283  
0.551628  0.695365  0.994904  1.59941  
0.213351  0.786283  0.0104121  0.927679  
0.477913  0.856015  0.558902  0.464316  
0.00024454  0.992987  0.00024454  0.992987  
3.23798  2.15148  0.477913  0.856015  
0.860194  0.108584  0.714072  0.228202  
0.999918  0.000212484  0.999918  0.000212484  
0.558902  0.464316  0.371751  0.401087  
0.417331  0.383188  0.860194  0.108584  
0.0551519  0.789962  0.417331  0.383188  
0.371751  0.401087  0.404976  1.40761  
0.714072  0.228202  3.23798  2.15148  
0.667436  0.183061  1.16856  0.70028  
0.249733  0.500328  0.822959  0.0928711  
0.822959  0.0928711  0.999861  0.000118673  
0.0534585  0.768852  0.0534585  0.768852  
0.152973  0.609042  0.152973  0.609042  
0.000122744  0.990266  0.189777  0.564582  
1.16856  0.70028  0.000122744  0.990266  
0.999861  0.000118673  0.741493  1.30373  
0.741493  1.30373  0.667436  0.183061  
0.189777  0.564582  0.249733  0.500328  
0.313491  0.952798  0.282103  1.31418  
0.44181  1.08344  1.2926  1.41311  
1.34594  1.06562  0.44181  1.08344  
2.3356  2.22616  1.34594  1.06562  
1.05354  0.243582  1.05354  0.243582  
1.2926  1.41311  2.00575  2.0147  
1.03251  1.23617  1.03251  1.23617  
0.282103  1.31418  1.58864  0.641942  
2.00575  2.0147  2.3356  2.22616  
1.76712  0.704301  0.313491  0.952798  
0.697126  0.172436  0.490644  0.303575  
1.41246  0.416083  0.697126  0.172436  
1.02232  0.00762542  0.0855678  0.741201  
0.0491253  0.811428  0.000108361  0.990294  
0.0131581  0.905036  0.405505  0.567028  
0.490644  0.303575  0.144198  0.82839  
0.405505  0.567028  1.41246  0.416083  
0.144198  0.82839  1.02232  0.00762542  
0.000108361  0.990294  0.0131581  0.905036  
0.0855678  0.741201  0.0491253  0.811428  
0.0704261  0.736638  0.0486653  0.864028  
0.770553  0.125575  0.364789  0.447779  
0.999861  9.78232e-05  1.5014  0.662168  
0.410442  0.363382  0.313491  0.956924  
0.0226329  0.851224  0.589547  1.14649  
0.000106059  0.990278  1.23918  0.209741  
0.688086  0.171974  1.2889  1.57082  
0.249229  0.501129  0.282103  1.31418  
0.203673  0.553858  1.40354  0.679275  
0.495123  0.29753  1.03251  1.23617  
0.36211  0.42827  0.249712  0.500328  
0.00542747  0.976143  0.18971  0.564578  
0.816905  0.936765  0.667426  0.183052  
0.0641492  0.7789  0.152957  0.609009  
1.00167  0.00322177  1.06327  0.0121524  
0.682183  0.188347  1.6087  2.27224  
0.522332  0.289501  0.516086  0.281664  
0.999861  9.76749e-05  2.25783  1.2415  
0.198795  0.567415  0.00405931  0.968649  
0.0536313  0.908411  0.572737  1.15334  
0.0534475  0.768833  0.213074  0.568655  
0.343473  0.414001  0.000386104  0.984912  
0.822949  0.092852  0.672235  0.204651  
0.18971  0.564578  1.28088  0.379183  
0.000113714  0.990265  0.999861  0.000138066  
0.152957  0.609009  0.543359  0.418486  
0.999861  0.000106236  0.82518  0.775466  
0.516086  0.281664  0.651651  0.497248  
0.249712  0.500328  0.870865  0.141467  
0.667426  0.183052  0.033042  0.849548  
0.667426  0.183052  0.688086  0.171974  
0.999861  0.000106236  0.495123  0.29753  
0.822949  0.092852  0.410442  0.363382  
0.000113714  0.990265  0.249229  0.501129  
0.249712  0.500328  0.0226329  0.851224  
1.6087  2.27224  0.999861  9.78232e-05  
0.572737  1.15334  0.992042  0.297692  
0.516086  0.281664  0.0704261  0.736638  
0.152957  0.609009  0.000106059  0.990278  
0.18971  0.564578  0.203673  0.553858  
1.40354  0.679275  1.10075  0.203687  
1.5014  0.662168  0.00542747  0.976143  
0.0486653  0.864028  0.522332  0.289501  
0.282103  1.31418  0.682183  0.188347  
1.2889  1.57082  0.0641492  0.7789  
1.03251  1.23617  0.198795  0.567415  
0.313491  0.955126  0.0536313  0.908411  
0.432939  1.03742  0.36211  0.42827  
1.23918  0.209741  0.816905  0.936765  
0.364789  0.447779  1.00167  0.00322177  
0.211487  0.565074  0.669499  0.440295  
0.669499  0.440295  0.310271  0.571224  
1.06256  0.168131  0.000115734  0.993005  
0.509579  0.292136  0.999861  0.000108982  
0.310271  0.571224  0.211487  0.565074  
0.0618491  0.766084  0.73326  0.187838  
0.73326  0.187838  0.0618491  0.766084  
0.346925  0.426574  0.346925  0.426574  
0.000115734  0.993005  1.06256  0.168131  
0.999861  0.000108982  0.509579  0.292136  
0.152957  0.609009  0.516086  0.281664  
1.6087  2.27224  0.152957  0.609009  
0.18971  0.564578  0.999861  0.000106236  
2.81086  2.04642  0.000113714  0.990265  
0.572737  1.15334  0.18971  0.564578  
0.516086  0.281664  0.572221  0.648887  
0.249712  0.500328  0.822949  0.092852  
0.00405931  0.968649  0.667426  0.183052  
1.06327  0.0121524  0.0534475  0.768833  
0.667426  0.183052  0.249712  0.500328  
0.033042  0.849548  0.18971  0.591935  
0.999861  0.000138066  0.999861  0.000106236  
1.28088  0.379183  0.516086  0.281664  
0.82518  0.775466  1.6087  2.27224  
0.213074  0.568655  0.572737  1.15334  
0.870865  0.141467  0.822949  0.092852  
0.543359  0.418486  0.249712  0.500328  
0.651651  0.497248  1.71317  2.35604  
0.000386104  0.984912  0.152957  0.609009  
0.672235  0.204651  0.000113714  0.990265  
0.999862  9.81529e-05  0.667424  0.183056  
0.102127  0.682146  3.40191  2.98742  
0.349268  0.409375  0.045908  0.786744  
0.494265  0.297125  0.000123498  0.990265  
0.000123521  0.990265  0.494265  0.297125  
0.258602  0.495175  1.6831  1.9435  
0.159464  0.601255  0.159464  0.601255  
0.045908  0.786744  0.836047  0.0864137  
0.836047  0.0864137  0.258602  0.495175  
0.667424  0.183056  0.102127  0.682146  
0.836047  0.0864137  0.494265  0.297125  
0.258602  0.495175  0.258602  0.495175  
0.667424  0.183056  0.259584  0.780834  
0.349268  0.409375  0.349268  0.409375  
0.102127  0.682146  0.999862  9.81529e-05  
0.159464  0.601255  0.000123521  0.990265  
0.999862  9.81529e-05  0.667424  0.183056  
0.045908  0.786744  0.045908  0.786744  
0.000123521  0.990265  0.836047  0.0864137  
0.494265  0.297125  0.102127  0.682146  
0.000123521  0.990265  0.102127  0.682146  
0.349268  0.409375  0.667424  0.183056  
0.836047  0.0864137  0.999862  9.81529e-05  
0.494265  0.297125  0.258602  0.495175  
0.999862  9.81529e-05  0.159464  0.601255  
0.159464  0.601255  0.000123521  0.990265  
0.102127  0.682146  0.045908  0.786744  
0.045908  0.786744  0.494265  0.297125  
0.258602  0.495175  0.349268  0.409375  
0.667424  0.183056  0.836047  0.0864137  
0.836047  0.0864137  0.258602  0.495175  
0.258602  0.495175  0.494265  0.297125  
0.102127  0.682146  0.045908  0.786744  
0.494265  0.297125  0.353484  0.415646  
0.000123521  0.990265  0.836047  0.0864137  
0.999862  9.81529e-05  0.999861  9.81274e-05  
0.667424  0.183056  0.102127  0.682146  
0.349268  0.409375  0.159464  0.601255  
0.045908  0.786744  0.667424  0.183056  
0.159464  0.601255  0.000123521  0.990265  
0.836047  0.0864137  0.494265  0.297125  
0.494265  0.297125  0.209106  1.12769  
0.000123521  0.990265  0.045908  0.786744  
0.102127  0.682146  0.349268  0.409375  
0.349268  0.409375  0.836047  0.0864137  
0.999861  9.81274e-05  0.667424  0.183056  
0.667424  0.183056  0.102127  0.682146  
0.159464  0.601255  0.159464  0.601255  
0.258602  0.495175  0.258602  0.495175  
0.045908  0.786744  0.999861  9.81274e-05  
0.667424  0.183056  0.045908  0.786744  
0.494265  0.297125  0.494265  0.297125  
0.349268  0.409375  0.000123521  0.990265  
0.159464  0.601255  0.258602  0.495175  
0.258602  0.495175  0.102127  0.682146  
0.836047  0.0864137  0.836047  0.0864137  
0.045908  0.786744  0.349268  0.409375  
0.000123521  0.990265  0.667424  0.183056  
0.999861  9.81274e-05  2.31911  1.24607  
0.102127  0.682146  0.159464  0.601255  
0.258602  0.495175  0.999861  9.81274e-05  
0.349268  0.409375  0.102127  0.682146  
0.836047  0.0864137  0.045908  0.786744  
0.999861  9.81274e-05  0.836047  0.0864137  
0.102127  0.682146  0.667424  0.183056  
0.494265  0.297125  0.160273  0.603179  
0.045908  0.786744  0.258602  0.495175  
0.159464  0.601255  0.349268  0.409375  
0.000123521  0.990265  0.000123521  0.990265  
0.667424  0.183056  0.494265  0.297125  
0.667424  0.183056  0.159464  0.601255  
0.102127  0.682146  0.836047  0.0864137  
0.999861  9.81274e-05  0.045908  0.786744  
0.258602  0.495175  0.349268  0.409375  
0.000123521  0.990265  0.667424  0.183056  
0.836047  0.0864137  0.494265  0.297125  
0.045908  0.786744  0.000123521  0.990265  
0.494265  0.297125  0.102127  0.682146  
0.349268  0.409375  0.258602  0.495175  
0.159464  0.601255  0.999862  9.81529e-05  
0.102127  0.682146  0.258602  0.495175  
0.159464  0.601255  0.494265  0.297125  
0.836047  0.0864137  0.045908  0.786744  
0.258602  0.495175  0.000123521  0.990265  
0.999861  9.81274e-05  0.349268  0.409375  
0.494265  0.297125  0.102127  0.682146  
0.000123521  0.990265  0.999862  9.81529e-05  
0.045908  0.786744  0.159464  0.601255  
0.667424  0.183056  0.836047  0.0864137  
0.349268  0.409375  0.667424  0.183056  
0.102127  0.682146  0.349268  0.409375  
0.667424  0.183056  0.667424  0.183056  
0.836047  0.0864137  0.102127  0.682146  
0.000123521  0.990265  0.045908  0.786744  
0.258602  0.495175  0.258602  0.495175  
0.494265  0.297125  0.000123498  0.990265  
0.045908  0.786744  0.159464  0.601255  
0.999861  9.81274e-05  0.494265  0.297125  
0.349268  0.409375  0.836047  0.0864137  
0.159464  0.601255  0.999862  9.81529e-05  
0.10139  0.681603  0.15937  0.6008  
0.0456516  0.786349  0.999863  0.000103395  
0.349139  0.409139  0.494091  0.29709  
0.999863  0.000103395  0.349139  0.409139  
0.15937  0.6008  0.667423  0.183042  
0.494091  0.29709  0.835347  0.0860364  
0.256538  0.493515  0.617147  1.43375  
0.000123516  0.990265  0.332821  0.48058  
0.667423  0.183042  0.256538  0.493515  
0.835347  0.0860364  0.10139  0.681603  
0.10139  0.681603  0.10139  0.681603  
0.000123516  0.990265  0.000123516  0.990265  
0.999863  0.000103395  0.999863  0.000103395  
0.349139  0.409139  0.349139  0.409139  
0.494091  0.29709  0.667423  0.183042  
0.15937  0.6008  0.15937  0.6008  
0.835347  0.0860364  0.835347  0.0860364  
0.256538  0.493515  0.0456516  0.786349  
0.667423  0.183042  0.256538  0.493515  
0.0456516  0.786349  0.494091  0.29709  
0.835347  0.0860364  0.256538  0.493515  
0.667423  0.183042  0.15937  0.6008  
0.0456516  0.786349  0.349139  0.409139  
0.15937  0.6008  0.981753  1.82056  
0.494091  0.29709  0.494091  0.29709  
0.999863  0.000103395  0.667423  0.183042  
0.10139  0.681603  1.0352  0.0703833  
0.256538  0.493515  0.10139  0.681603  
0.000123516  0.990265  0.0456516  0.786349  
0.349139  0.409139  0.835347  0.0860364  
0.667423  0.183042  0.494091  0.29709  
0.835347  0.0860364  0.0456516  0.786349  
0.349139  0.409139  0.256538  0.493515  
0.15937  0.6008  0.10139  0.681603  
0.494091  0.29709  0.559021  0.507043  
0.000123516  0.990265  0.15937  0.6008  
0.256538  0.493515  0.000123516  0.990265  
0.999863  0.000103395  0.667423  0.183042  
0.0456516  0.786349  0.835347  0.0860364  
0.10139  0.681603  0.999863  0.000103395  
0.999863  0.000103395  0.494091  0.29709  
0.494091  0.29709  0.256538  0.493515  
0.256538  0.493515  0.809303  0.338569  
0.349139  0.409139  0.10139  0.681603  
0.667423  0.183042  0.999863  0.000103395  
0.15937  0.6008  0.000123516  0.990265  
0.000123516  0.990265  0.349139  0.409139  
0.0456516  0.786349  0.0456516  0.786349  
0.10139  0.681603  1.4719  0.839541  
0.835347  0.0860364  0.15937  0.6008  
0.256538  0.493515  0.835347  0.0860364  
0.000123516  0.990265  0.10139  0.681603  
0.835347  0.0860364  0.667423  0.183042  
0.999863  0.000103395  0.256538  0.493515  
0.667423  0.183042  0.15937  0.6008  
0.494091  0.29709  0.0456516  0.786349  
0.0456516  0.786349  0.494091  0.29709  
0.349139  0.409139  0.349139  0.409139  
0.15937  0.6008  0.999863  0.000103395  
0.10139  0.681603  0.000123516  0.990265  
0.835347  0.0860364  0.349139  0.409139  
0.349139  0.409139  0.10139  0.681603  
0.999863  0.000103395  0.835347  0.0860364  
0.10139  0.681603  0.256538  0.493515  
0.15937  0.6008  0.494091  0.29709  
0.000123516  0.990265  0.667423  0.183042  
0.256538  0.493515  0.15937  0.6008  
0.0456516  0.786349  0.999863  0.000103395  
0.494091  0.29709  0.0456516  0.786349  
0.667423  0.183042  0.000123516  0.990265  
0.667423  0.183042  0.0456516  0.786349  
0.349139  0.409139  0.000123516  0.990265  
0.15937  0.6008  0.10139  0.681603  
0.256538  0.493515  0.15937  0.6008  
0.000123516  0.990265  0.349139  0.409139  
0.494091  0.29709  0.256538  0.493515  
0.835347  0.0860364  0.667423  0.183042  
0.10139  0.681603  0.999863  0.000103395  
0.999863  0.000103395  0.494091  0.29709  
0.0456516  0.786349  0.835347  0.0860364  
0.494091  0.29709  0.0456516  0.786349  
0.0456516  0.786349  0.10139  0.681603  
0.10139  0.681603  0.00115615  1.01248  
0.15937  0.6008  0.256538  0.493515  
0.000123516  0.990265  0.390553  0.777934  
0.256538  0.493515  0.349139  0.409139  
0.999863  0.000103395  0.667423  0.183042  
0.349139  0.409139  0.494091  0.29709  
0.835347  0.0860364  0.835347  0.0860364  
0.667423  0.183042  0.999863  0.000103395  
0.999863  0.000103395  0.999863  0.000103395  
0.0456516  0.786349  0.256538  0.493515  
0.256538  0.493515  0.0456516  0.786349  
0.835347  0.0860364  0.000123516  0.990265  
0.10139  0.681603  0.667423  0.183042  
0.349139  0.409139  0.15937  0.6008  
0.000123516  0.990265  0.349139  0.409139  
0.494091  0.29709  0.835347  0.0860364  
0.15937  0.6008  0.494091  0.29709  
0.667423  0.183042  0.10139  0.681603  
0.000123516  0.990265  0.0456502  0.786346  
0.101384  0.6816  0.000123516  0.990265  
0.835347  0.0860354  0.49409  0.297088  
0.159367  0.600798  0.349125  0.409138  
0.349125  0.409138  0.101384  0.6816  
0.0456502  0.786346  1.0152  0.182068  
0.49409  0.297088  0.999863  0.000102536  
0.999863  0.000102536  0.667423  0.183042  
0.667423  0.183042  0.256536  0.493512  
0.256536  0.493512  0.159367  0.600798  
0.000123516  0.990265  0.000123516  0.990265  
0.667423  0.183042  0.999863  0.000102536  
0.0456502  0.786346  0.256536  0.493512  
0.349125  0.409138  0.667423  0.183042  
0.256536  0.493512  0.159367  0.600798  
0.101384  0.6816  1.24477  0.330973  
0.49409  0.297088  0.349125  0.409138  
0.999863  0.000102536  0.49409  0.297088  
0.159367  0.600798  0.0456502  0.786346  
0.835347  0.0860354  0.101384  0.6816  
0.159367  0.600798  0.835347  0.0860354  
0.256536  0.493512  0.000123516  0.990265  
0.667423  0.183042  0.0456502  0.786346  
0.101384  0.6816  0.256536  0.493512  
0.0456502  0.786346  0.70189  0.198233  
0.349125  0.409138  0.349125  0.409138  
0.49409  0.297088  0.999863  0.000102536  
0.835347  0.0860354  0.159367  0.600798  
0.000123516  0.990265  0.101384  0.6816  
0.999863  0.000102536  0.49409  0.297088  
0.349125  0.409138  0.256536  0.493512  
0.835347  0.0860354  0.835347  0.0860354  
0.000123516  0.990265  0.0456502  0.786346  
0.999863  0.000102536  0.49409  0.297088  
0.256536  0.493512  0.159367  0.600798  
0.49409  0.297088  0.999863  0.000102536  
0.159367  0.600798  0.101384  0.6816  
0.0456502  0.786346  0.667423  0.183042  
0.667423  0.183042  0.000123516  0.990265  
0.101384  0.6816  0.349125  0.409138  
0.835347  0.0860354  0.159367  0.600798  
0.0456502  0.786346  0.667423  0.183042  
0.000123516  0.990265  0.49409  0.297088  
0.667423  0.183042  0.835347  0.0860354  
0.159367  0.600798  0.101384  0.6816  
0.999863  0.000102536  0.0456502  0.786346  
0.49409  0.297088  0.999863  0.000102536  
0.101384  0.6816  0.000123516  0.990265  
0.349125  0.409138  3.29168  3.18758  
0.256536  0.493512  3.46607  3.5223  
0.256536  0.493512  0.349125  0.409138  
0.999863  0.000102536  0.101384  0.6816  
0.101384  0.6816  0.49409  0.297088  
0.0456502  0.786346  0.000123516  0.990265  
0.667423  0.183042  3.42037  3.65576  
0.49409  0.297088  0.835347  0.0860354  
0.159367  0.600798  0.256536  0.493512  
0.000123516  0.990265  0.065506  0.840683  
0.349125  0.409138  0.159367  0.600798  
0.835347  0.0860354  0.999863  0.000102536  
0.000123516  0.990265  0.49409  0.297088  
0.159367  0.600798  0.159367  0.600798  
0.349125  0.409138  0.667423  0.183042  
0.101384  0.6816  0.101384  0.6816  
0.999863  0.000102536  0.022765  1.01252  
0.49409  0.297088  0.0456502  0.786346  
0.667423  0.183042  0.349125  0.409138  
0.256536  0.493512  0.999863  0.000102536  
0.0456502  0.786346  0.729685  0.8094  
0.835347  0.0860354  0.835347  0.0860354  
0.159367  0.600798  0.101384  0.6816  
0.101384  0.6816  0.875531  0.12587  
0.0456502  0.786346  0.0456502  0.786346  
0.667423  0.183042  0.000123516  0.990265  
0.000123516  0.990265  0.159367  0.600798  
0.835347  0.0860354  0.49409  0.297088  
0.349125  0.409138  0.256536  0.493512  
0.999863  0.000102536  0.349125  0.409138  
0.49409  0.297088  0.667423  0.183042  
0.256536  0.493512  0.999863  0.000102536  
0.159367  0.600798  0.159367  0.600798  
0.101384  0.6816  1.89466  1.32189  
0.999863  0.000102536  0.999863  0.000102536  
0.0456502  0.786346  0.0456502  0.786346  
0.000123516  0.990265  0.835347  0.0860354  
0.256536  0.493512  0.000123516  0.990265  
0.49409  0.297088  0.49409  0.297088  
0.667423  0.183042  0.791358  0.281855  
0.349125  0.409138  0.349125  0.409138  
0.835347  0.0860354  0.256536  0.493512  
0.49409  0.297088  0.0456502  0.786346  
0.159367  0.600798  0.349125  0.409138  
0.256536  0.493512  0.835347  0.0860354  
0.0456502  0.786346  0.49409  0.297088  
0.667423  0.183042  0.101384  0.6816  
0.835347  0.0860354  0.000123516  0.990265  
0.000123516  0.990265  0.256536  0.493512  
0.101384  0.6816  0.159367  0.600798  
0.349125  0.409138  0.667423  0.183042  
0.999863  0.000102536  1.06733  0.0485321  
0.835346  0.0860334  0.349125  0.409137  
0.667423  0.183042  0.999861  0.000102536  
0.49409  0.297088  0.101383  0.681599  
0.999861  0.000102536  0.159366  0.600797  
0.349125  0.409137  0.835346  0.0860334  
0.000123516  0.990265  0.256536  0.493509  
0.0456502  0.786345  0.667423  0.183042  
0.256536  0.493509  0.0456502  0.84097  
0.101383  0.681599  0.000123516  0.990265  
0.159366  0.600797  0.49409  0.297088  
0.835346  0.0860334  0.159366  0.600797  
0.349125  0.409137  0.49409  0.297088  
0.667423  0.183042  0.999861  0.000102536  
0.49409  0.297088  1.20873  0.89768  
0.000123516  0.990265  0.835346  0.0860334  
0.159366  0.600797  0.101383  0.681599  
0.999861  0.000102536  0.000123516  0.990265  
0.101383  0.681599  0.349125  0.409137  
0.256536  0.493509  1.34342  1.67375  
0.0456502  0.786345  0.0456502  0.786345  
0.49409  0.297088  0.811678  1.70696  
0.0456502  0.786345  0.49409  0.297088  
0.256536  0.493509  0.159366  0.600797  
0.159366  0.600797  0.000123516  0.990265  
0.101383  0.681599  0.349125  0.409137  
0.000123516  0.990265  0.835346  0.0860334  
0.835346  0.0860334  0.101383  0.681599  
0.667423  0.183042  0.667423  0.183042  
0.999861  0.000102536  0.999861  0.000102536  
0.349125  0.409137  1.62383  1.57506  
0.256536  0.493509  0.667423  0.183042  
0.159366  0.600797  0.000123516  0.990265  
0.49409  0.297088  0.349125  0.409137  
0.101383  0.681599  0.256536  0.493509  
0.999861  0.000102536  0.49409  0.297088  
0.349125  0.409137  0.945141  0.172786  
0.0456502  0.786345  0.999861  0.000102536  
0.667423  0.183042  0.159366  0.600797  
0.835346  0.0860334  0.0456502  0.786345  
0.000123516  0.990265  0.101383  0.681599  
0.349125  0.409137  0.101383  0.681599  
0.000123516  0.990265  0.159366  0.600797  
0.159366  0.600797  0.349125  0.409137  
0.49409  0.297088  0.000123516  0.990265  
0.101383  0.681599  0.999861  0.000102536  
0.256536  0.493509  0.0456502  0.786345  
0.999861  0.000102536  0.49409  0.297088  
0.835346  0.0860334  0.835346  0.0860334  
0.0456502  0.786345  0.256536  0.493509  
0.667423  0.183042  0.773958  0.257472  
0.101383  0.681599  0.667423  0.183042  
0.000123516  0.990265  0.349125  0.409137  
0.0456502  0.786345  0.000123516  0.990265  
0.159366  0.600797  0.0456502  0.786345  
0.349125  0.409137  0.159366  0.601527  
0.667423  0.183042  0.835346  0.0860334  
0.256536  0.493509  0.101383  0.681599  
0.835346  0.0860334  0.49409  0.297088  
0.999861  0.000102536  0.256536  0.493509  
0.49409  0.297088  0.999861  0.000102536  
0.349125  0.409137  0.453106  0.809819  
0.101383  0.681599  0.835346  0.0860334  
0.667423  0.183042  0.159366  0.600797  
0.0456502  0.786345  0.0456502  0.786345  
0.256536  0.493509  0.667423  0.183042  
0.999861  0.000102536  0.49409  0.297088  
0.159366  0.600797  0.101383  0.681599  
0.000123516  0.990265  0.999861  0.000102536  
0.49409  0.297088  0.349125  0.409137  
0.835346  0.0860334  0.000123516  0.990265  
0.000123516  0.990265  0.101383  0.681599  
0.999861  0.000102536  0.349125  0.409137  
0.101383  0.681599  0.49409  0.297088  
0.835346  0.0860334  0.0456502  0.786345  
0.49409  0.297088  0.000123516  0.990265  
0.667423  0.183042  0.999861  0.000102536  
0.349125  0.409137  0.159366  0.600797  
0.256536  0.493509  0.750252  0.244859  
0.0456502  0.786345  0.835346  0.0860334  
0.159366  0.600797  0.256536  0.493509  
0.0456502  0.786345  0.518615  0.776636  
0.49409  0.297088  3.8981  3.299  
0.101383  0.681599  0.667423  0.183042  
0.000123516  0.990265  0.000123516  0.990265  
0.835346  0.0860334  0.0456502  0.786345  
0.159366  0.600797  0.835346  0.0860334  
0.349125  0.409137  0.999861  0.000102536  
0.999861  0.000102536  0.159366  0.600797  
0.256536  0.493509  0.349125  0.409137  
0.667423  0.183042  0.49409  0.297088  
0.999861  0.000102536  0.999861  0.000102536  
0.835346  0.0860334  0.49409  0.297088  
0.256536  0.493509  0.0456502  0.786345  
0.159366  0.600797  0.0536924  1.09878  
0.49409  0.297088  0.256536  0.493509  
0.101383  0.681599  0.667423  0.183042  
0.000123516  0.990265  0.349125  0.409137  
0.667423  0.183042  0.101383  0.681599  
0.349125  0.409137  0.159366  0.600797  
0.0456502  0.786345  0.835346  0.0860334  
0.667423  0.183041  0.835346  0.0860334  
0.101383  0.681599  0.49409  0.297087  
0.49409  0.297087  0.04565  0.786345  
0.999861  0.000102536  0.401936  1.10226  
0.000123516  0.990265  0.256536  0.493509  
0.159366  0.600796  0.999861  0.000102536  
0.04565  0.786345  0.667423  0.183041  
0.349125  0.409136  0.349125  0.409136  
0.256536  0.493509  0.159366  0.600796  
0.835346  0.0860334  0.000123516  0.990265  
0.835346  0.0860334  0.159366  0.600796  
0.49409  0.297087  0.04565  0.786345  
0.04565  0.786345  0.101383  0.681599  
0.159366  0.600796  0.835346  0.0860334  
0.256536  0.493509  0.000123516  0.990265  
0.667423  0.183041  0.49409  0.297087  
0.349125  0.409136  3.53193  2.42608  
0.999861  0.000102536  0.349125  0.409136  
0.101383  0.681599  0.256536  0.493509  
0.000123516  0.990265  0.667423  0.183041  
0.000123516  0.990265  0.101383  0.681599  
0.835346  0.0860334  0.49409  0.297087  
0.159366  0.600796  0.999861  0.000102536  
0.349125  0.409136  0.519506  0.765717  
0.667423  0.183041  0.159366  0.600796  
0.256536  0.493509  0.667423  0.183041  
0.101383  0.681599  0.04565  0.786345  
0.04565  0.786345  0.349125  0.409136  
0.999861  0.000102536  0.835346  0.0860334  
0.49409  0.297087  0.000123516  0.990265  
0.256536  0.493509  0.454175  0.487618  
0.667423  0.183041  1.45821  1.52361  
0.159366  0.600796  0.101383  0.681599  
0.349125  0.409136  0.49409  0.297087  
0.000123516  0.990265  0.04565  0.786345  
0.999861  0.000102536  0.159366  0.600796  
0.101383  0.681599  0.999861  0.000102536  
0.49409  0.297087  0.000123516  0.990265  
0.835346  0.0860334  0.667423  0.183041  
0.04565  0.786345  0.835346  0.0860334  
0.999861  0.000102536  0.04565  0.786345  
0.349125  0.409136  0.667423  0.183041  
0.49409  0.297087  0.999861  0.000102536  
0.04565  0.786345  1.23034  1.44839  
0.667423  0.183041  0.101383  0.681599  
0.159366  0.600796  0.000123516  0.990265  
0.256536  0.493509  0.835346  0.0860334  
0.101383  0.681599  0.349125  0.409136  
0.835346  0.0860334  0.159366  0.600796  
0.000123516  0.990265  0.49409  0.297087  
0.159366  0.600796  0.000123516  0.990265  
0.667423  0.183041  0.349125  0.409136  
0.101383  0.681599  0.04565  0.786345  
0.256536  0.493509  2.07789  1.58538  
0.04565  0.786345  0.435219  1.03068  
0.835346  0.0860334  0.835346  0.0860334  
0.49409  0.297087  0.49409  0.297087  
0.349125  0.409136  0.159366  0.600796  
0.999861  0.000102536  0.999861  0.000102536  
0.000123516  0.990265  0.667423  0.183041  
0.49409  0.297087  0.04565  0.786345  
0.667423  0.183041  0.101383  0.681599  
0.101383  0.681599  0.000123516  0.990265  
0.256536  0.493509  0.349125  0.409136  
0.349125  0.409136  0.256536  0.493509  
0.159366  0.600796  0.835346  0.0860334  
0.999861  0.000102536  0.49409  0.297087  
0.835346  0.0860334  0.999861  0.000102536  
0.04565  0.786345  0.159366  0.600796  
0.000123516  0.990265  0.667423  0.183041  
0.256536  0.493509  0.101383  0.681599  
0.101383  0.681599  0.04565  0.786345  
0.349125  0.409136  0.999861  0.000102536  
0.835346  0.0860334  0.835346  0.0860334  
0.04565  0.786345  2.77154  2.99798  
0.000123516  0.990265  0.018179  1.02633  
0.159366  0.600796  0.667423  0.183041  
0.49409  0.297087  0.349125  0.409136  
0.667423  0.183041  0.256536  0.493509  
0.999861  0.000102536  0.159366  0.600796  
0.04565  0.786345  0.667423  0.183041  
0.256536  0.493509  0.04565  0.786345  
0.349125  0.409136  0.000123516  0.990265  
0.000123516  0.990265  0.999861  0.000102536  
0.667423  0.183041  0.835346  0.0860334  
0.999861  0.000102536  0.256536  0.493509  
0.835346  0.0860334  0.349125  0.409136  
0.159366  0.600796  0.219953  0.660817  
0.101383  0.681599  0.101383  0.681599  
0.49409  0.297087  0.49409  0.297087  
0.999861  0.000102536  0.349125  0.409136  
0.349125  0.409136  0.667423  0.183041  
0.49409  0.297087  0.04565  0.786345  
0.667423  0.183041  0.000123516  0.990265  
0.101383  0.681599  0.999861  0.000102536  
0.835346  0.0860334  0.256536  0.493509  
0.000123516  0.990265  0.101383  0.681599  
0.256536  0.493509  0.49438  0.300961  
0.04565  0.786345  0.159366  0.600796  
0.159366  0.600796  0.835346  0.0860334  
0.101383  0.681599  0.49409  0.297087  
0.667423  0.183041  4.98262  4.23492  
0.000121257  0.990265  0.999861  0.000102536  
0.835346  0.0860334  0.667423  0.183041  
0.159365  0.600796  0.349125  0.409136  
0.999861  0.000102536  0.256536  0.493509  
0.49409  0.297087  0.0456494  0.786345  
0.256536  0.493509  0.000121257  0.990265  
0.0456494  0.786345  0.101383  0.681599  
0.349125  0.409136  0.966173  0.145048  
0.999861  0.000102536  0.835346  0.0860334  
0.667423  0.183041  0.000121257  0.990265  
0.0456494  0.786345  0.0456494  0.786345  
0.000121257  0.990265  0.256536  0.493509  
0.159365  0.600796  0.349125  0.409136  
0.835346  0.0860334  0.159365  0.600796  
0.256536  0.493509  0.999861  0.000102536  
0.349125  0.409136  0.667423  0.183041  
0.101383  0.681599  0.101383  0.681599  
0.49409  0.297087  0.49409  0.297087  
0.256536  0.493509  0.159365  0.600796  
0.000121257  0.990265  0.999861  0.000102536  
0.49409  0.297087  0.667423  0.183041  
0.835346  0.0860334  0.700263  0.678222  
0.159365  0.600796  0.101383  0.681599  
0.0456494  0.786345  0.0456494  0.786345  
0.349125  0.409136  0.256536  0.493509  
0.667423  0.183041  0.835346  0.0860334  
0.999861  0.000102536  0.000121257  0.990265  
0.101383  0.681599  0.349125  0.409136  
0.256536  0.493509  0.000121257  0.990265  
0.667423  0.183041  0.835346  0.0860334  
0.0456494  0.786345  0.256536  0.493509  
0.999861  0.000102536  1.23807  0.000102536  
0.835346  0.0860334  0.49409  0.297087  
0.49409  0.297087  0.101383  0.681599  
0.159365  0.600796  0.159365  0.600796  
0.349125  0.409136  0.349125  0.409136  
0.101383  0.681599  0.0456494  0.786345  
0.000121257  0.990265  0.667423  0.183041  
0.49409  0.297087  0.101383  0.681599  
0.349125  0.409136  0.667423  0.183041  
0.159365  0.600796  0.349125  0.409136  
0.835346  0.0860334  0.0456494  0.786345  
0.101383  0.681599  0.999861  0.000102536  
0.256536  0.493509  0.504172  0.893105  
0.0456494  0.786345  0.256536  0.493509  
0.000121257  0.990265  0.000121257  0.990265  
0.667423  0.183041  0.49409  0.297087  
0.999861  0.000102536  0.835346  0.0860334  
0.0456494  0.786345  0.159365  0.600796  
0.667423  0.183041  0.000121257  0.990265  
0.159365  0.600796  0.256536  0.493509  
0.835346  0.0860334  0.101383  0.681599  
0.000121257  0.990265  0.999861  0.000102536  
0.101383  0.681599  0.349125  0.409136  
0.256536  0.493509  0.49409  0.297087  
0.999861  0.000102536  0.667423  0.183041  
0.349125  0.409136  0.835346  0.0860334  
0.49409  0.297087  0.0564119  0.812079  
0.999861  0.000102536  1.19891  1.56249  
0.159365  0.600796  0.49409  0.297087  
0.835346  0.0860334  0.000121257  0.990265  
0.256536  0.493509  0.667423  0.183041  
0.49409  0.297087  1.00171  0.000282716  
0.349125  0.409136  0.159365  0.600796  
0.667423  0.183041  0.0456494  0.786345  
0.101383  0.681599  0.835346  0.0860334  
0.0456494  0.786345  0.101383  0.681599  
0.000121257  0.990265  0.256536  0.493509  
0.000121257  0.990265  0.49409  0.297087  
0.667423  0.183041  0.667423  0.183041  
0.999861  0.000102536  0.256536  0.493509  
0.0456494  0.786345  0.835346  0.0860334  
0.256536  0.493509  0.159365  0.600796  
0.159365  0.600796  0.101383  0.681599  
0.835346  0.0860334  0.378598  0.439217  
0.349125  0.409136  0.999861  0.000102536  
0.101383  0.681599  0.000121257  0.990265  
0.49409  0.297087  0.0456494  0.786345  
0.667423  0.183041  0.101383  0.681599  
0.256536  0.493509  0.999861  0.000102536  
0.835346  0.0860334  0.835346  0.0860334  
0.999861  0.000102536  0.0456494  0.786345  
0.000121257  0.990265  0.667423  0.183041  
0.0456494  0.786345  0.256536  0.493509  
0.349125  0.409136  0.275383  1.18073  
0.101383  0.681599  0.49409  0.297087  
0.159365  0.600796  0.159365  0.600796  
0.49409  0.297087  0.349125  0.409136  
0.256536  0.493509  0.159365  0.600796  
0.0456494  0.786345  0.101383  0.681599  
0.101383  0.681599  0.349125  0.409136  
0.999861  0.000102536  0.999861  0.000102536  
0.349125  0.409136  0.256536  0.493509  
0.000121257  0.990265  0.147794  1.21144  
0.49409  0.297087  0.835346  0.0860334  
0.667423  0.183041  0.667423  0.183041  
0.159365  0.600796  0.49409  0.297087  
0.835346  0.0860334  0.0456494  0.786345  
