1.03754  1.98298  2.60512  1.35857  2.15421  1.29827  
0.952655  1.26612  4.68598  1.4628  1.42009  2.60789  
0.964002  1.75221  3.87115  1.15982  1.53931  3.18039  
0.87314  2.0998  2.68827  1.19514  1.98967  2.89038  
0.963756  1.4815  4.43943  1.02079  1.76571  3.10845  
1.39115  1.51814  3.16957  1.1945  1.6015  3.10357  
1.04214  1.21054  4.69126  1.29846  2.30388  1.22614  
1.00518  1.55306  3.48827  1.61965  2.15298  1.4374  
1.32108  1.80551  1.98709  0.855511  1.15244  4.92538  
0.749713  0.990994  5.68115  0.963763  1.61598  3.49834  
0.704766  1.30949  4.97728  1.93952  1.54091  0.96237  
0.988966  1.2217  3.71355  0.890011  1.25593  4.33738  
1.54467  2.22203  1.39436  1.50476  1.719  2.34237  
1.08419  1.49142  3.45186  0.92948  1.51165  3.86001  
0.880422  1.4869  3.68138  0.704983  1.10778  4.97924  
1.18923  1.22669  4.10453  1.12329  1.64428  2.95993  
0.724228  0.987639  5.00964  1.30393  1.21012  3.15042  
1.04755  2.036  2.88142  1.14056  1.90252  2.99657  
0.911775  1.62111  3.59038  1.12014  1.42789  3.68053  
0.81311  1.56586  4.08409  1.02729  1.55717  3.06333  
0.996777  2.39687  2.28746  0.998471  1.76012  2.86232  
1.15597  1.90523  2.70065  1.13554  1.56628  3.57757  
1.11794  1.35557  3.5357  1.27168  1.77616  2.83297  
1.15718  1.77811  2.88204  1.43668  1.13778  3.3089  
1.14957  1.78394  3.50198  1.40332  1.1175  3.43851  
0.757294  1.32335  5.19313  0.97708  2.18314  2.75108  
1.07352  1.0077  5.14969  1.05325  2.33012  2.4333  
1.01824  1.966  3.31347  0.9227  1.89681  3.59218  
0.825778  0.917892  4.88585  1.26884  1.56163  2.87031  
0.810909  1.51634  4.48872  0.699978  0.99045  4.75487  
1.01649  1.64645  3.37977  1.07092  1.81878  2.59959  
0.640933  0.77358  5.80242  0.848658  0.983542  5.03167  
1.15516  1.64363  3.41372  1.006  0.983812  4.90365  
1.19544  1.73908  3.17232  1.21227  1.8789  2.70595  
0.467245  0.513424  6.23215  1.30292  1.57721  3.31215  
1.33839  2.26041  1.3734  0.946522  1.92711  2.83814  
0.97594  1.35302  3.94319  0.812108  1.56084  4.18603  
1.22105  1.76478  3.31737  1.07473  1.45016  3.87057  
1.00606  2.03968  2.65656  1.18147  1.8696  2.46482  
0.75929  0.970725  5.22113  1.11345  1.61983  3.61078  
1.14709  1.44455  2.70532  1.14402  1.4115  3.26463  
0.833634  1.53513  4.22422  1.0496  1.27848  3.42079  
0.716755  1.14153  4.74947  1.04065  1.8266  3.39657  
1.1283  2.52701  2.31217  0.814139  0.830454  5.29943  
1.04813  1.75382  3.72208  1.28477  2.33505  1.39828  
1.07215  1.18704  3.70571  0.816172  1.07853  5.39719  
1.22104  1.43757  3.38581  1.17925  1.12121  4.41137  
0.874577  1.3609  4.38377  1.04344  1.6684  3.07958  
1.49723  1.72817  2.30089  1.27305  1.10158  3.4707  
0.644283  0.769331  5.92099  0.823825  0.894168  5.57258  
1.34846  2.0704  2.29072  0.914706  1.63754  3.48531  
0.844248  2.08782  3.22668  0.908269  1.2397  4.67155  
1.2667  2.81071  1.0983  1.29266  2.62169  0.98378  
0.792261  1.16601  4.50315  0.67095  1.03228  5.25017  
1.27121  1.97562  2.53076  0.648062  0.711405  6.01208  
1.42696  1.18006  3.01774  0.949359  2.16783  2.95172  
0.834271  1.09193  4.74299  1.01023  1.79259  3.44345  
0.65218  0.817886  5.67885  0.854405  0.991058  5.24014  
0.783772  1.55472  4.09518  0.863621  1.12451  4.86537  
1.09066  2.13533  2.45242  0.963612  1.15404  4.45525  
0.757677  1.55034  4.05818  1.15359  2.56549  1.29105  
0.988997  2.21743  2.95559  0.701943  0.965239  5.18675  
1.14199  1.38092  3.56004  1.37255  1.721  2.04664  
0.895255  1.16051  4.48135  0.811977  1.03058  5.38955  
1.32183  1.34484  3.43342  1.16095  1.792  2.96018  
1.02071  0.985152  4.67298  1.05114  1.08535  4.66129  
0.693693  1.11327  5.21847  0.84731  0.979246  4.55762  
1.22926  2.80946  1.79883  1.20647  1.1665  3.7832  
0.99277  1.15619  4.95178  0.987196  1.24928  4.93698  
0.754774  0.753087  5.82369  1.26414  2.42134  1.80634  
1.52439  2.01992  2.54719  1.2367  1.50977  3.37579  
1.3418  1.82434  2.12722  1.09314  1.57056  3.56824  
0.978248  1.22523  4.282  1.35046  1.38502  2.77524  
1.13842  1.17568  3.73367  0.759569  1.49189  3.78536  
0.881554  1.39328  4.00851  1.27948  1.2403  3.42484  
1.11327  1.87036  3.1649  1.04724  1.60146  3.69569  
0.91047  2.25809  2.8786  0.980606  2.0007  2.81748  
1.3337  1.22508  3.15921  0.915265  3.07545  2.31003  
0.692197  0.768834  5.8745  0.731751  0.942296  5.85105  
1.21905  2.20072  2.072  1.13783  1.50172  2.57913  
0.784146  1.37509  4.27989  0.913838  1.91069  3.0917  
0.961632  1.36845  4.18103  1.05191  0.991646  4.38525  
0.657489  0.794928  5.53686  1.38052  1.11796  3.58909  
0.967683  1.3283  4.13002  1.19496  1.30297  3.83632  
0.782203  1.30603  4.50996  1.48288  2.30684  1.50754  
1.50357  1.56704  2.38267  1.62894  1.62222  2.43181  
1.02309  1.26933  4.24316  0.992648  2.69623  2.06987  
1.36584  2.90022  1.21208  1.66554  2.16139  0.978988  
0.766024  1.03972  5.74519  0.963028  2.34216  2.44611  
1.21809  2.11623  1.96197  0.959098  1.01993  4.8331  
0.762475  1.0742  5.22149  0.840215  1.63923  4.17814  
1.07374  2.09512  2.17289  1.31639  2.16346  2.09928  
1.08042  1.45263  3.42816  1.44051  2.45912  0.970267  
0.71632  1.02928  4.70984  0.958288  1.43483  4.54462  
1.11406  1.49682  3.51507  1.06667  2.90544  1.95899  
1.29029  1.62798  1.54405  1.43494  1.58266  2.4294  
0.922888  1.42495  4.30882  0.92779  1.6104  3.56443  
0.744492  1.57507  4.56653  1.28252  1.32767  3.10011  
0.734264  0.992982  4.80525  0.750196  1.54798  3.70491  
1.08985  1.77605  3.49001  1.33504  1.68184  1.99877  
0.570211  0.655116  6.18284  1.13021  1.9967  2.18111  
0.642883  0.679634  5.27379  1.05621  1.84159  2.61653  
1.14073  1.74915  2.21886  1.14073  1.74915  2.21886  
1.13021  1.9967  2.18111  1.38129  1.40319  2.58891  
0.985866  1.33662  4.03549  0.642883  0.679634  5.27379  
1.30903  2.09041  1.89907  0.570211  0.655116  6.18284  
0.907597  1.8886  3.30587  0.985866  1.33662  4.03549  
1.41586  1.50455  2.14606  0.907597  1.8886  3.30587  
1.05621  1.84159  2.61653  1.30903  2.09041  1.89907  
1.38129  1.40319  2.58891  1.41658  1.50461  2.14656  
0.704406  1.10936  4.72232  0.843945  1.06922  4.67465  
1.41189  1.97599  2.26609  1.35165  2.06899  1.26944  
1.27528  2.3413  1.12174  1.41189  1.97599  2.26609  
0.843945  1.06922  4.67465  0.704406  1.10936  4.72232  
1.613  1.86133  1.05199  1.20353  1.34357  3.49714  
1.42927  1.50314  1.85043  1.613  1.86133  1.05199  
1.20353  1.34357  3.49714  1.09103  1.30609  3.43459  
0.968981  1.30275  4.04159  1.27528  2.3413  1.12174  
1.35165  2.06899  1.26944  0.968981  1.30275  4.04159  
1.09103  1.30609  3.43459  1.42927  1.50314  1.85043  
1.04411  1.48706  3.54483  1.04411  1.48706  3.54483  
0.934785  1.30992  5.01185  0.980318  2.01016  3.10257  
0.830745  1.14433  4.31648  0.934785  1.30992  5.01185  
0.930527  1.77105  3.27232  1.19797  2.54809  1.47128  
1.05916  1.59521  3.65404  0.830745  1.14433  4.31648  
1.19797  2.54809  1.47128  0.963927  1.83021  3.31431  
1.45744  1.30985  2.7382  1.26618  2.23118  1.74473  
0.980318  2.01016  3.10257  1.45744  1.30985  2.7382  
0.855732  1.2238  4.45274  1.05916  1.59521  3.65404  
1.26618  2.23118  1.74473  0.855732  1.2238  4.45274  
0.930812  1.37484  3.00307  1.6086  1.61897  1.43587  
1.24819  2.32325  0.642331  0.834991  1.44501  3.29633  
1.28316  1.85394  1.62817  1.28316  1.85394  1.62817  
2.01642  1.40311  1.33009  1.24819  2.32325  0.642331  
0.882529  1.21274  3.59591  0.938293  2.65994  1.4487  
0.540881  0.578237  5.70396  2.01642  1.40311  1.33009  
0.88707  1.80481  2.62281  0.930812  1.37484  3.00307  
0.834991  1.44501  3.29633  0.88707  1.80481  2.62281  
1.6086  1.61897  1.43587  0.540881  0.578237  5.70396  
0.938293  2.65994  1.4487  0.882529  1.21274  3.59591  
0.87843  0.984269  4.6209  0.875579  1.53386  3.90037  
0.875579  1.53386  3.90037  0.87843  0.984269  4.6209  
1.09019  0.918871  3.99441  0.974478  1.34113  3.973  
1.16226  2.36202  1.21958  0.52035  0.598937  6.00783  
1.31671  2.16557  1.50526  0.749784  0.89847  5.35929  
0.52035  0.598937  6.00783  1.09176  1.63486  3.12771  
0.749784  0.89847  5.35929  1.31671  2.16557  1.50526  
0.974478  1.34113  3.973  1.16226  2.36202  1.21958  
1.09176  1.63486  3.12771  1.09019  0.918871  3.99441  
0.789602  1.52093  4.2495  0.741365  1.43132  4.18747  
1.11553  1.11347  4.43408  0.929372  1.31054  4.4193  
1.23767  1.40362  3.15615  1.35792  1.71281  2.73591  
0.929372  1.31054  4.4193  1.24678  1.55815  3.19014  
1.05754  1.75785  3.61129  0.894683  0.912252  5.42251  
1.24678  1.55815  3.19014  0.993621  1.53224  3.76268  
1.35792  1.71281  2.73591  0.770519  0.926517  5.3203  
0.993621  1.53224  3.76268  1.05754  1.75785  3.61129  
0.770519  0.926517  5.3203  0.960905  1.06094  4.50046  
0.956344  1.36156  3.39906  1.11553  1.11347  4.43408  
0.894683  0.912252  5.42251  0.956344  1.36156  3.39906  
0.6066  0.849889  3.66107  0.729627  1.75749  2.15374  
0.426665  0.481903  5.22501  1.28409  1.85539  0.151696  
0.556814  0.648943  4.57525  0.883756  2.12137  0.960365  
2.79933  1.06337  1.15339  0.556814  0.648943  4.57525  
1.28409  1.85539  0.151696  2.1188  1.44602  0.566955  
0.0608864  0.0617625  6.05541  0.426665  0.481903  5.22501  
0.883756  2.12137  0.960365  0.6066  0.849889  3.66107  
0.958637  1.25029  2.26604  0.958637  1.25029  2.26604  
2.1188  1.44602  0.566955  0.0608864  0.0617625  6.05541  
0.729627  1.75749  2.15374  2.74639  1.08829  1.12641  
0.726675  1.29604  4.36171  0.726675  1.29604  4.36171  
1.4024  2.19026  1.07836  0.844431  0.972511  3.94741  
0.844431  0.972511  3.94741  0.626585  0.661133  5.53411  
0.565204  0.852111  5.38353  0.83055  1.21336  4.38278  
0.83055  1.21336  4.38278  0.846595  1.38275  3.71872  
0.846595  1.38275  3.71872  0.565204  0.852111  5.38353  
0.887553  1.62709  3.15097  1.12169  1.35027  3.08153  
1.12169  1.35027  3.08153  1.41388  2.19924  1.08901  
0.779904  1.47892  3.18711  0.779904  1.47892  3.18711  
0.626585  0.661133  5.53411  0.887553  1.62709  3.15097  
1.08072  1.55148  3.30344  0.738687  1.2651  4.74876  
1.10399  1.11528  3.78457  0.711395  1.36744  4.01632  
1.17529  1.49873  2.551  1.10399  1.11528  3.78457  
0.777354  1.3163  4.80261  0.704407  0.787022  5.2978  
0.704407  0.787022  5.2978  0.777354  1.3163  4.80261  
0.738687  1.2651  4.74876  1.27759  1.59493  3.32513  
0.711395  1.36744  4.01632  1.1175  1.18736  3.75611  
1.16961  2.19174  1.65477  1.16961  2.19174  1.65477  
1.27759  1.59493  3.32513  1.09275  1.56206  3.31499  
1.1175  1.18736  3.75611  1.17529  1.49873  2.551  
1.30313  2.00685  2.20049  0.76645  1.34211  4.12138  
0.981396  2.23536  2.69656  1.34629  1.29698  3.17952  
0.931389  1.56308  4.44626  0.986098  2.24854  2.70409  
1.10268  2.0231  2.10145  1.30313  2.00685  2.20049  
1.52017  1.65204  1.69083  1.02402  1.51654  3.59307  
1.02402  1.51654  3.59307  0.931389  1.56308  4.44626  
0.934605  1.32368  4.10797  0.797462  2.18733  2.74459  
0.797462  2.18733  2.74459  0.934605  1.32368  4.10797  
0.76645  1.34211  4.12138  1.52017  1.65204  1.69083  
1.34629  1.29698  3.17952  1.10268  2.0231  2.10145  
0.926919  1.03122  4.2612  1.15891  2.5526  1.22218  
0.92884  1.57072  3.23528  0.9244  1.56506  3.23043  
0.838866  1.41005  3.85883  1.06115  1.21024  3.38393  
0.944891  2.53593  1.72967  0.944891  2.53593  1.72967  
1.01489  1.41679  3.04242  0.661866  1.06323  5.36159  
1.05736  1.10947  3.75378  0.926919  1.03122  4.2612  
1.06115  1.21024  3.38393  1.05736  1.10947  3.75378  
1.15891  2.5526  1.22218  1.01489  1.41679  3.04242  
0.915982  1.41  3.04086  0.915982  1.41  3.04086  
0.661866  1.06323  5.36159  0.838866  1.41005  3.85883  
1.12048  2.13628  1.58264  0.99528  2.63573  1.83334  
1.2882  1.89457  1.58069  1.18345  1.19471  3.29269  
0.678911  1.23159  3.84704  1.2882  1.89457  1.58069  
0.37385  0.41187  6.2012  1.12048  2.13628  1.58264  
0.971205  1.08601  3.60751  1.16605  1.89714  2.31846  
0.99528  2.63573  1.83334  1.0519  1.2984  3.02189  
1.16605  1.89714  2.31846  0.37385  0.41187  6.2012  
1.18345  1.19471  3.29269  0.95269  1.08024  3.59325  
1.06945  0.954  4.13676  1.06945  0.954  4.13676  
1.0519  1.2984  3.02189  0.678911  1.23159  3.84704  
1.42277  2.04276  0.756027  0.682399  0.711005  4.94243  
0.439513  0.45151  5.86309  0.439513  0.45151  5.86309  
0.834175  0.945914  4.27237  1.0948  2.64354  1.11107  
0.682399  0.711005  4.94243  0.431849  0.60698  5.38816  
0.431849  0.60698  5.38816  0.932199  1.9662  2.03045  
1.06018  1.15288  3.13125  1.42277  2.04276  0.756027  
0.932199  1.9662  2.03045  1.06018  1.15288  3.13125  
1.0948  2.64354  1.11107  1.63145  1.57971  1.34491  
1.76348  1.55759  1.42556  0.834175  0.945914  4.27237  
0.96573  1.61353  2.4964  0.96573  1.61353  2.4964  
0.842252  1.70432  2.38988  2.08543  1.37398  1.47508  
2.08543  1.37398  1.47508  0.67391  1.33752  3.40181  
0.966817  1.1827  2.68929  0.546023  0.788493  4.30765  
0.475075  0.530305  5.12759  1.09069  1.18154  2.77149  
0.67391  1.33752  3.40181  0.234717  0.245359  6.14251  
1.01725  2.81623  0.325966  0.842252  1.70432  2.38988  
0.234717  0.245359  6.14251  1.19821  1.81214  0.979725  
0.546023  0.788493  4.30765  1.01725  2.81623  0.325966  
0.880218  1.00993  3.78971  0.880218  1.00993  3.78971  
1.19821  1.81214  0.979725  0.475075  0.530305  5.12759  
1.26031  2.05496  0.31779  1.14668  2.28222  0.31779  
2.20073  1.31117  1.38985  0.880925  1.03897  3.16817  
1.35074  1.49033  1.41808  0.298874  0.311128  6.17643  
0.880925  1.03897  3.16817  0.734399  0.817204  4.09456  
0.753116  1.78405  2.2482  0.753116  1.78405  2.2482  
1.25186  1.63314  0.930339  0.459836  0.603224  4.66996  
0.734399  0.817204  4.09456  1.25186  1.63314  0.930339  
0.459836  0.603224  4.66996  1.35074  1.49033  1.41808  
0.928717  2.48109  1.01002  0.928717  2.48109  1.01002  
0.298874  0.311128  6.17643  2.20073  1.31117  1.38985  
0.916671  1.38436  3.21584  0.934813  2.47543  1.70278  
0.9271  1.3595  2.9648  0.964352  0.976284  4.26785  
0.914146  1.55198  3.21923  1.00501  2.0787  2.52341  
0.707008  1.10755  4.55215  0.914146  1.55198  3.21923  
0.934813  2.47543  1.70278  0.537938  0.884608  5.21943  
0.537938  0.884608  5.21943  0.973077  1.08107  3.68813  
0.964352  0.976284  4.26785  0.9271  1.3595  2.9648  
0.981071  1.18217  3.32119  0.916671  1.38436  3.21584  
1.00501  2.0787  2.52341  0.700712  1.09985  4.54538  
0.973077  1.08107  3.68813  0.981071  1.18217  3.32119  
0.729189  1.75634  2.15443  0.543894  0.63269  4.63733  
2.81046  1.05692  1.15789  2.81046  1.05692  1.15789  
0.420373  0.474522  5.24942  0.882299  2.11432  0.967943  
0.594421  0.831665  3.72344  0.594421  0.831665  3.72344  
0.543894  0.63269  4.63733  0.420373  0.474522  5.24942  
0.882299  2.11432  0.967943  0.0449658  0.0453203  6.04234  
0.0449658  0.0453203  6.04234  2.12505  1.43781  0.564501  
1.285  1.8567  0.146232  0.73327  1.78523  2.16678  
0.950422  1.22957  2.34175  1.285  1.8567  0.146232  
2.12505  1.43781  0.564501  0.950422  1.22957  2.34175  
0.970991  1.45329  2.63832  1.10455  1.34002  2.36984  
0.681351  1.45894  3.15484  0.84264  0.96385  3.64936  
0.550998  0.649733  5.18333  0.418081  0.509269  5.60636  
0.671341  0.856985  4.19827  0.970991  1.45329  2.63832  
1.1227  1.5432  1.74256  0.681351  1.45894  3.15484  
1.05085  1.33674  2.33295  0.671341  0.856985  4.19827  
0.418081  0.509269  5.60636  0.550998  0.649733  5.18333  
0.760036  1.63802  2.77761  1.1227  1.5432  1.74256  
1.46049  2.14041  0.492706  0.760036  1.63802  2.77761  
0.84264  0.96385  3.64936  1.46049  2.14041  0.492706  
0.54893  0.69569  4.98859  0.939265  1.42409  2.6128  
0.695201  1.07249  4.07025  0.358125  0.406428  5.89064  
0.82922  2.03714  2.60963  1.50446  1.86982  0.710023  
1.50446  1.86982  0.710023  1.18787  1.76862  2.17612  
0.527384  0.588511  5.46804  0.82922  2.03714  2.60963  
0.939265  1.42409  2.6128  0.695201  1.07249  4.07025  
1.11265  1.80548  2.37282  0.54893  0.69569  4.98859  
0.944229  1.17987  3.57114  0.527384  0.588511  5.46804  
1.18787  1.76862  2.17612  0.944229  1.17987  3.57114  
0.358125  0.406428  5.89064  1.11265  1.80548  2.37282  
1.21836  1.31526  2.24943  1.03244  2.63209  0.528147  
0.436583  0.590031  5.76472  1.12233  1.8813  1.75287  
0.870219  1.55496  2.71612  0.870219  1.55496  2.71612  
1.12233  1.8813  1.75287  0.82446  0.732197  5.05312  
0.708661  0.849039  4.32904  0.613772  0.724621  4.62838  
0.7379  1.14456  4.47782  0.708661  0.849039  4.32904  
0.82446  0.732197  5.05312  0.436583  0.590031  5.76472  
0.613772  0.724621  4.62838  0.7379  1.14456  4.47782  
1.03244  2.63209  0.528147  1.21836  1.31526  2.24943  
0.732792  1.05476  3.7904  0.732792  1.05476  3.7904  
0.428569  0.832636  4.30373  1.00931  1.88095  1.64565  
1.30308  1.39754  2.45739  0.331167  0.337973  6.04233  
0.356822  0.388097  5.62946  0.999583  2.70949  0.504677  
0.461386  0.564629  4.78978  0.477891  0.564323  4.85304  
0.552378  0.699365  4.27835  0.962044  1.38007  2.26573  
1.81603  1.18864  2.15274  0.946382  1.07947  2.9409  
1.06943  2.45667  0.483155  1.3328  1.42665  1.48642  
0.603161  1.35285  2.84517  0.65757  0.862077  3.67303  
0.867051  2.04685  1.72553  0.379177  0.45772  5.38875  
0.965119  1.74882  1.57622  0.829468  2.34214  1.94834  
0.962044  1.38007  2.26573  0.965119  1.74882  1.57622  
0.477891  0.564323  4.85304  1.81603  1.18864  2.15274  
0.65757  0.862077  3.67303  0.428569  0.832636  4.30373  
0.331167  0.337973  6.04233  0.552378  0.699365  4.27835  
1.00931  1.88095  1.64565  0.356822  0.388097  5.62946  
0.999583  2.70949  0.504677  0.867051  2.04685  1.72553  
0.946382  1.07947  2.9409  1.06943  2.45667  0.483155  
1.3328  1.42665  1.48642  1.30308  1.39754  2.45739  
0.829468  2.34214  1.94834  0.609848  1.38353  2.85986  
0.379177  0.45772  5.38875  0.461386  0.564629  4.78978  
0.86751  2.24871  1.31209  0.780573  0.882416  3.74164  
0.325877  0.378369  5.49278  1.23894  2.06529  0.294631  
0.960056  2.36741  1.05686  0.960056  2.36741  1.05686  
0.780573  0.882416  3.74164  0.673076  1.24011  3.4898  
0.330406  0.450495  5.5897  0.86751  2.24871  1.31209  
0.661594  1.22285  3.4764  1.94003  1.39882  0.993714  
1.57506  1.18399  2.39294  0.654621  1.42415  2.93372  
0.654621  1.42415  2.93372  1.57506  1.18399  2.39294  
1.23894  2.06529  0.294631  0.325877  0.378369  5.49278  
1.94003  1.39882  0.993714  0.330406  0.450495  5.5897  
0.847458  1.10232  2.81162  0.2321  0.240953  6.06831  
1.12363  2.08697  0.319848  0.741408  1.58349  2.26452  
1.34023  1.42818  1.48441  1.34023  1.42818  1.48441  
0.582169  0.72193  4.46427  0.901056  0.969975  3.43433  
0.2321  0.240953  6.06831  0.582169  0.72193  4.46427  
1.01372  1.66493  1.60067  0.863559  1.1011  2.82195  
0.741408  1.58349  2.26452  1.12363  2.08697  0.319848  
0.463483  0.54911  4.9125  1.01372  1.66493  1.60067  
1.48103  1.61414  0.711603  0.463483  0.54911  4.9125  
0.901056  0.969975  3.43433  1.48103  1.61414  0.711603  
2.33264  1.02224  2.67995  0.0369329  0.0373675  6.03372  
0.0338804  0.0343169  6.03067  0.883435  2.09285  0.939823  
0.72129  1.70904  2.14994  0.365314  0.453105  5.12685  
0.543736  0.632813  4.63598  0.926508  1.23107  2.33529  
0.582509  0.83287  3.70246  0.543736  0.632813  4.63598  
1.2854  1.85732  0.143548  0.582509  0.83287  3.70246  
0.883435  2.09285  0.939823  2.33264  1.02224  2.67995  
2.11934  1.44049  0.560057  0.72129  1.70904  2.14994  
0.365314  0.453105  5.12685  2.11934  1.44049  0.560057  
0.926508  1.23107  2.33529  1.2854  1.85732  0.143548  
0.797358  2.0238  1.77927  0.797358  2.0238  1.77927  
0.345663  0.667908  4.87218  0.51159  0.93492  4.03735  
0.902797  2.14288  0.914834  1.00995  1.18316  2.51943  
1.27029  1.79945  0.327259  0.191371  0.203004  6.05461  
0.191371  0.203004  6.05461  1.27029  1.79945  0.327259  
1.00995  1.18316  2.51943  0.634085  1.10595  3.15354  
0.214643  0.231476  5.96405  1.93601  1.34059  1.3971  
1.93601  1.34059  1.3971  0.330389  0.64011  4.85273  
0.634085  1.10595  3.15354  0.902797  2.14288  0.914834  
0.51159  0.93492  4.03735  0.214643  0.231476  5.96405  
2.84329  1.0498  1.10668  1.2854  1.85732  0.143548  
0.0338804  0.0343169  6.03067  0.582509  0.83287  3.70246  
2.11934  1.44049  0.560057  0.72129  1.70904  2.14994  
0.72129  1.70904  2.14994  2.11934  1.44049  0.560057  
0.582509  0.83287  3.70246  0.926508  1.23107  2.33529  
1.2854  1.85732  0.143548  0.543736  0.632813  4.63598  
0.543736  0.632813  4.63598  0.365314  0.453105  5.12685  
0.365314  0.453105  5.12685  2.84329  1.0498  1.10668  
0.883435  2.09285  0.939823  0.89284  2.28228  1.00924  
0.926508  1.23107  2.33529  0.0338804  0.0343169  6.03067  
0.938285  1.19756  2.46125  0.454905  0.614977  4.48467  
0.132494  0.161304  5.92699  1.73535  1.61657  0.429898  
0.721613  1.03728  3.00678  0.938285  1.19756  2.46125  
1.14129  2.18986  0.225049  1.14129  2.18986  0.225049  
0.419687  0.602562  4.45705  0.898131  2.28274  0.960151  
0.898131  2.28274  0.960151  0.132494  0.161304  5.92699  
1.62763  1.37971  1.43708  0.554121  0.934403  3.65426  
0.554121  0.934403  3.65426  0.382957  0.434349  5.36956  
1.73535  1.61657  0.429898  1.62763  1.37971  1.43708  
0.382957  0.434349  5.36956  0.721613  1.03728  3.00678  
0.446641  0.557789  4.89166  0.446641  0.557789  4.89166  
0.158594  0.169819  6.02329  0.520301  1.11656  3.52221  
1.37686  1.79618  0.236672  0.870302  1.15109  2.8751  
0.520301  1.11656  3.52221  0.271665  0.349857  5.70673  
0.870302  1.15109  2.8751  0.158594  0.169819  6.02329  
0.932011  2.19787  0.993203  0.847105  1.9509  1.81688  
0.822723  1.84575  1.76558  1.37686  1.79618  0.236672  
0.271665  0.349857  5.70673  0.705053  0.904882  3.53495  
0.705053  0.904882  3.53495  1.43005  1.53726  1.58307  
1.43005  1.53726  1.58307  0.932011  2.19787  0.993203  
1.47831  1.86318  0.967068  0.762075  0.93638  3.45068  
0.762075  0.93638  3.45068  0.512083  0.655569  4.41722  
1.1717  2.11698  0.153936  1.0076  1.45648  1.56843  
0.512083  0.655569  4.41722  0.595012  0.866711  3.91467  
1.00451  1.45733  1.56665  0.95491  2.17055  0.815119  
0.62216  1.24948  2.95085  0.821387  1.92715  1.69083  
0.595012  0.866711  3.91467  1.1717  2.11698  0.153936  
0.277865  0.303786  5.81289  0.277865  0.303786  5.81289  
0.821387  1.92715  1.69083  0.62216  1.24948  2.95085  
0.95491  2.17055  0.815119  1.47831  1.86318  0.967068  
0.315359  0.493463  4.7093  2.18013  1.40956  0.591656  
0.741871  1.50682  1.82296  0.524415  0.806301  3.73587  
2.18013  1.40956  0.591656  0.315359  0.493463  4.7093  
0.616264  1.02064  3.00306  0.999771  2.33856  0.114593  
0.0918485  0.0918647  6.09169  1.31526  1.84225  0.157972  
1.31526  1.84225  0.157972  0.761677  1.46721  1.82296  
2.51914  1.16396  1.17239  2.51914  1.16396  1.17239  
0.999771  2.33856  0.114593  0.616264  1.02064  3.00306  
0.889685  1.97087  0.792185  0.889685  1.97087  0.792185  
0.524415  0.806301  3.73587  0.0918485  0.0918647  6.09169  
0.525905  0.846567  3.57561  0.525905  0.846567  3.57561  
0.319251  0.494965  4.71361  1.16552  1.94284  0.0915746  
0.0921076  0.0921186  6.092  0.0921076  0.0921186  6.092  
0.880874  1.93446  0.83749  0.319251  0.494965  4.71361  
1.73218  1.56291  0.614725  1.73218  1.56291  0.614725  
0.950444  2.32496  0.504504  0.685885  1.00445  3.10684  
2.09213  1.28444  1.29334  0.880874  1.93446  0.83749  
0.697904  1.52361  2.03607  0.950444  2.32496  0.504504  
1.16552  1.94284  0.0915746  0.697904  1.52361  2.03607  
0.639316  1.0046  3.07585  2.09213  1.28444  1.29334  
1.79812  1.26173  1.78173  0.882283  2.10846  0.961734  
2.22087  1.31875  0.926918  0.291751  0.415707  5.04286  
0.617001  0.723484  4.2909  0.794221  1.84119  2.23448  
0.794221  1.84119  2.23448  1.79812  1.26173  1.78173  
0.882283  2.10846  0.961734  0.616757  0.723418  4.29072  
0.291751  0.415707  5.04286  1.2862  1.85675  0.14353  
1.2862  1.85675  0.14353  1.05044  1.38163  1.78179  
0.777418  1.31632  2.05008  2.22087  1.31875  0.926918  
1.05044  1.38163  1.78179  0.777418  1.31632  2.05008  
0.733621  0.977074  3.24895  0.733621  0.977074  3.24895  
0.082599  0.0826243  6.08236  2.04537  1.4773  0.522737  
0.693419  1.49261  2.02467  0.6659  0.906506  3.48418  
0.884855  2.00171  0.854876  0.082599  0.0826243  6.08236  
0.292333  0.382885  5.24849  1.21805  1.89093  0.109146  
2.72235  1.10661  1.05249  0.69435  1.49929  2.02752  
0.560147  1.24261  3.13273  0.415364  0.645203  4.24452  
1.21805  1.89093  0.109146  0.884855  2.00171  0.854876  
0.415364  0.645203  4.24452  0.292333  0.382885  5.24849  
2.04537  1.4773  0.522737  2.72235  1.10661  1.05249  
0.6659  0.906506  3.48418  0.560147  1.24261  3.13273  
0.487295  0.788397  3.75816  0.487295  0.788397  3.75816  
0.672312  1.45909  2.19103  1.56014  1.71927  0.28219  
0.291196  0.444713  4.88066  0.99995  2.23069  0.077262  
0.871766  1.89032  0.878158  0.716111  1.03258  3.01761  
0.999949  2.16972  0.0569377  0.672312  1.45909  2.19103  
2.45221  1.18443  1.19327  0.871766  1.89032  0.878158  
2.36513  1.3172  0.683637  2.45221  1.18443  1.19327  
0.0610314  0.0610463  6.0609  0.291196  0.444713  4.88066  
0.716111  1.03258  3.01761  0.0610314  0.0610463  6.0609  
1.56014  1.71927  0.28219  2.36513  1.3172  0.683637  
0.733072  1.78934  2.17643  0.29033  0.414924  5.04165  
2.48927  1.17318  1.18177  0.835476  1.43954  1.65778  
0.574463  0.968158  3.16345  0.0388872  0.0389116  6.03869  
0.0388872  0.0389116  6.03869  0.733072  1.78934  2.17643  
0.870824  1.88031  0.878046  2.04528  1.47727  0.522984  
0.835476  1.43954  1.65778  0.441467  0.676225  4.15813  
2.04528  1.47727  0.522984  1.04105  2.04098  0.0415043  
1.08216  1.95876  0.0415043  2.48927  1.17318  1.18177  
0.441467  0.676225  4.15813  0.574463  0.968158  3.16345  
0.29033  0.414924  5.04165  0.870824  1.88031  0.878046  
0.0729865  0.0730026  6.07284  0.555848  0.933599  3.27475  
0.877365  1.94888  0.877334  0.426987  0.693377  4.05619  
0.293766  0.420139  5.02538  0.903697  1.25076  2.26472  
1.14649  1.92666  0.0734913  2.73845  1.09243  1.10128  
2.73845  1.09243  1.10128  0.877365  1.94888  0.877334  
0.698463  1.52579  2.03418  1.14677  1.92653  0.0736279  
0.903697  1.25076  2.26472  0.698463  1.52579  2.03418  
0.555848  0.933599  3.27475  0.293766  0.420139  5.02538  
0.426987  0.693377  4.05619  2.04449  1.47758  0.522931  
2.04449  1.47758  0.522931  0.0729865  0.0730026  6.07284  
0.874812  1.89811  0.85942  0.874812  1.89811  0.85942  
0.663889  1.41638  2.19309  0.638268  0.904894  3.463  
0.638268  0.904894  3.463  0.663889  1.41638  2.19309  
0.251675  0.415165  4.89641  2.64112  1.12495  1.13374  
1.1715  1.91422  0.085845  0.0853001  0.0853211  6.0851  
2.04509  1.47737  0.522894  0.903352  2.17857  0.824997  
0.0853001  0.0853211  6.0851  0.451786  0.699565  4.07443  
0.903352  2.17857  0.824997  1.22513  1.8874  0.11266  
2.64112  1.12495  1.13374  2.04509  1.47737  0.522894  
0.451786  0.699565  4.07443  0.251675  0.415165  4.89641  
2.49772  1.18679  1.08743  0.656029  1.0275  3.00203  
1.46684  1.76648  0.233724  0.249101  0.336912  5.33251  
0.249101  0.336912  5.33251  0.496748  0.819493  3.64674  
0.86871  1.87733  0.892872  2.07944  1.46013  0.540323  
0.375968  0.580993  4.45105  0.375968  0.580993  4.45105  
2.13368  1.43301  0.567444  2.49772  1.18679  1.08743  
0.656029  1.0275  3.00203  0.0858314  0.0858416  6.08573  
0.999787  2.17663  0.0603923  1.46684  1.76648  0.233724  
0.496748  0.819493  3.64674  0.999787  2.17663  0.0603923  
0.0858314  0.0858416  6.08573  0.86871  1.87733  0.892872  
0.230255  0.339492  5.22434  0.0972217  0.0972466  6.09697  
2.04507  1.47731  0.523136  0.765089  1.81771  1.81403  
0.50069  0.798929  3.73392  2.16318  1.26662  1.27241  
2.16318  1.26662  1.27241  0.230255  0.339492  5.22434  
0.585576  1.04536  2.8988  1.13046  1.93475  0.065295  
0.885433  2.12694  0.947991  2.03307  1.48331  0.517138  
0.765089  1.81771  1.81403  0.382153  0.588517  4.43074  
0.0972217  0.0972466  6.09697  0.50069  0.798929  3.73392  
1.13046  1.93475  0.065295  0.585576  1.04536  2.8988  
0.382153  0.588517  4.43074  0.885433  2.12694  0.947991  
1  2.03776  0.012588  0.529671  0.973699  3.11034  
0.529671  0.973699  3.11034  0.867208  1.82624  0.865313  
0.210572  0.398794  4.83906  0.210572  0.398794  4.83906  
2.33309  1.33346  0.666544  1.66674  1.66663  0.333372  
0.867208  1.82624  0.865313  0.0125133  0.0125133  6.01251  
0.0125133  0.0125133  6.01251  2.24251  1.37874  0.621255  
2.3471  1.21775  1.21193  0.680574  1.41051  2.00376  
1.66674  1.66663  0.333372  0.358785  0.678393  3.99791  
0.680574  1.41051  2.00376  1  2.03776  0.012588  
0.358785  0.678393  3.99791  2.3471  1.21775  1.21193  
0.867208  1.82624  0.865313  0.680574  1.41051  2.00376  
0.210572  0.398794  4.83906  1  2.03927  0.0130899  
2.33309  1.33346  0.666544  2.3471  1.21775  1.21193  
0.529671  0.973699  3.11034  1.66674  1.66663  0.333372  
1.66674  1.66663  0.333372  0.867208  1.82624  0.865313  
0.680574  1.41051  2.00376  2.33309  1.33346  0.666544  
0.0125133  0.0125133  6.01251  0.0125133  0.0125133  6.01251  
2.3471  1.21775  1.21193  0.358785  0.678393  3.99791  
1  2.03776  0.012588  0.210572  0.398794  4.83906  
0.358785  0.678393  3.99791  0.529671  0.973699  3.11034  
2.33309  1.33346  0.666544  0.358785  0.678393  3.99791  
0.867208  1.82624  0.865313  2.33309  1.33346  0.666544  
0.358785  0.678393  3.99791  0.0125133  0.0125133  6.01251  
0.210572  0.398794  4.83906  0.210572  0.398794  4.83906  
1  2.03776  0.012588  0.867208  1.82624  0.865313  
0.680574  1.41051  2.00376  1.66674  1.66663  0.333372  
1.66674  1.66663  0.333372  0.680574  1.41051  2.00376  
2.3471  1.21775  1.21193  0.77653  1.43952  1.67103  
0.0125133  0.0125133  6.01251  1  2.03776  0.012588  
0.529671  0.973699  3.11034  2.3471  1.21775  1.21193  
2.3471  1.21775  1.21193  2.3471  1.21775  1.21193  
0.210572  0.398794  4.83906  0.529671  0.973699  3.11034  
0.0125133  0.0125133  6.01251  1  2.03776  0.012588  
2.33309  1.33346  0.666544  0.704708  1.58226  2.0771  
0.358785  0.678393  3.99791  1.66674  1.66663  0.333372  
1  2.03776  0.012588  0.358785  0.678393  3.99791  
1.66674  1.66663  0.333372  0.0125133  0.0125133  6.01251  
0.529671  0.973699  3.11034  0.210572  0.398794  4.83906  
0.680574  1.41051  2.00376  0.867208  1.82624  0.865313  
0.867208  1.82624  0.865313  2.33309  1.33346  0.666544  
0.680574  1.41051  2.00376  0.867208  1.82624  0.865313  
1.66674  1.66663  0.333372  0.210572  0.398794  4.83906  
2.33309  1.33346  0.666544  2.3471  1.21775  1.21193  
0.358785  0.678393  3.99791  0.358785  0.678393  3.99791  
0.867208  1.82624  0.865313  1.6932  1.6534  0.346602  
2.3471  1.21775  1.21193  1  2.03776  0.012588  
0.529671  0.973699  3.11034  0.680574  1.41051  2.00376  
0.0125133  0.0125133  6.01251  2.33309  1.33346  0.666544  
0.210572  0.398794  4.83906  0.529671  0.973699  3.11034  
1  2.03776  0.012588  0.0125133  0.0125133  6.01251  
0.0125133  0.0125133  6.01251  2.3471  1.21775  1.21193  
1  2.03776  0.012588  2.33309  1.33346  0.666544  
0.529671  0.973699  3.11034  1  2.03776  0.012588  
2.33309  1.33346  0.666544  1.66674  1.66663  0.333372  
0.210572  0.398794  4.83906  0.697777  1.53294  2.05604  
0.358785  0.678393  3.99791  0.210572  0.398794  4.83906  
0.680574  1.41051  2.00376  0.358785  0.678393  3.99791  
2.3471  1.21775  1.21193  0.529671  0.973699  3.11034  
1.66674  1.66663  0.333372  0.867208  1.82624  0.865313  
0.867208  1.82624  0.865313  0.0125133  0.0125133  6.01251  
0.680574  1.41051  2.00376  2.3471  1.21775  1.21193  
0.529671  0.973699  3.11034  0.214963  0.40103  4.84274  
1  2.03776  0.012588  0.358785  0.678393  3.99791  
2.3471  1.21775  1.21193  2.33309  1.33346  0.666544  
2.33309  1.33346  0.666544  1  2.03776  0.012588  
0.0125133  0.0125133  6.01251  1.66674  1.66663  0.333372  
0.210572  0.398794  4.83906  0.867208  1.82624  0.865313  
0.358785  0.678393  3.99791  0.529671  0.973699  3.11034  
1.66674  1.66663  0.333372  0.0125133  0.0125133  6.01251  
0.867208  1.82624  0.865313  0.680574  1.41051  2.00376  
0.0125133  0.0125133  6.01251  0.680574  1.41051  2.00376  
0.867208  1.82624  0.865313  0.0125133  0.0125133  6.01251  
1.66674  1.66663  0.333372  2.3471  1.21775  1.21193  
0.529671  0.973699  3.11034  1  2.03776  0.012588  
1  2.03776  0.012588  0.210572  0.398794  4.83906  
0.680574  1.41051  2.00376  0.358785  0.678393  3.99791  
0.210572  0.398794  4.83906  2.33309  1.33346  0.666544  
2.3471  1.21775  1.21193  0.529671  0.973699  3.11034  
2.33309  1.33346  0.666544  0.867208  1.82624  0.865313  
0.358785  0.678393  3.99791  1.66674  1.66663  0.333372  
1.66674  1.66663  0.333372  0.867244  1.82697  0.865579  
2.3471  1.21775  1.21193  0.0125133  0.0125133  6.01251  
0.529671  0.973699  3.11034  1.66674  1.66663  0.333372  
0.680574  1.41051  2.00376  0.358785  0.678393  3.99791  
0.867208  1.82624  0.865313  2.3471  1.21775  1.21193  
1  2.03776  0.012588  0.529671  0.973699  3.11034  
2.33309  1.33346  0.666544  0.210572  0.398794  4.83906  
0.358785  0.678393  3.99791  1  2.03776  0.012588  
0.210572  0.398794  4.83906  2.33309  1.33346  0.666544  
0.0125133  0.0125133  6.01251  0.680574  1.41051  2.00376  
1  2.03776  0.012588  0.867208  1.82624  0.865313  
0.0125133  0.0125133  6.01251  1.66674  1.66663  0.333372  
0.529671  0.973699  3.11034  0.682078  1.42121  2.00833  
1.66674  1.66663  0.333372  2.3471  1.21775  1.21193  
0.680574  1.41051  2.00376  0.210572  0.398794  4.83906  
2.33309  1.33346  0.666544  0.529671  0.973699  3.11034  
0.358785  0.678393  3.99791  0.358785  0.678393  3.99791  
2.3471  1.21775  1.21193  0.0125133  0.0125133  6.01251  
0.867208  1.82624  0.865313  2.33309  1.33346  0.666544  
0.210572  0.398794  4.83906  1  2.03776  0.012588  
0.867535  1.82442  0.861342  0.210084  0.398139  4.84056  
0.0124548  0.0124548  6.01245  1  2.03632  0.0121082  
1  2.03632  0.0121082  0.529255  0.976292  3.10102  
1.66667  1.66667  0.333334  1.66667  1.66667  0.333334  
2.34704  1.21777  1.2119  2.33307  1.33346  0.666537  
0.357965  0.681732  3.98341  0.679181  1.40704  2.01141  
0.527812  0.976268  3.10005  0.357965  0.681732  3.98341  
2.33307  1.33346  0.666537  0.867535  1.82442  0.861342  
0.210084  0.398139  4.84056  0.0124548  0.0124548  6.01245  
0.679181  1.40704  2.01141  2.34704  1.21777  1.2119  
0.0124548  0.0124548  6.01245  0.527812  0.976268  3.10005  
0.527812  0.976268  3.10005  0.210084  0.398139  4.84056  
1  2.03632  0.0121082  0.867535  1.82442  0.861342  
0.210084  0.398139  4.84056  2.34704  1.21777  1.2119  
0.679181  1.40704  2.01141  1  2.03632  0.0121082  
2.34704  1.21777  1.2119  0.357965  0.681732  3.98341  
0.867535  1.82442  0.861342  0.0124548  0.0124548  6.01245  
0.357965  0.681732  3.98341  1.66667  1.66667  0.333334  
2.33307  1.33346  0.666537  0.681449  1.4231  2.01828  
1.66667  1.66667  0.333334  2.33307  1.33346  0.666537  
1.66667  1.66667  0.333334  0.689138  1.47753  2.04155  
0.867535  1.82442  0.861342  0.527812  0.976268  3.10005  
0.210084  0.398139  4.84056  0.357965  0.681732  3.98341  
0.0124548  0.0124548  6.01245  2.33307  1.33346  0.666537  
0.527812  0.976268  3.10005  0.0124548  0.0124548  6.01245  
2.34704  1.21777  1.2119  0.867535  1.82442  0.861342  
1  2.03632  0.0121082  2.34704  1.21777  1.2119  
2.33307  1.33346  0.666537  0.210084  0.398139  4.84056  
0.679181  1.40704  2.01141  1.66667  1.66667  0.333334  
0.357965  0.681732  3.98341  1  2.03632  0.0121082  
2.34704  1.21777  1.2119  2.34704  1.21777  1.2119  
1  2.03632  0.0121082  0.867535  1.82442  0.861342  
0.210084  0.398139  4.84056  1.66667  1.66667  0.333334  
0.0124548  0.0124548  6.01245  0.210084  0.398139  4.84056  
0.527812  0.976268  3.10005  0.527812  0.976268  3.10005  
0.679181  1.40704  2.01141  2.33307  1.33346  0.666537  
1.66667  1.66667  0.333334  1  2.03632  0.0121082  
0.357965  0.681732  3.98341  0.679181  1.40704  2.01141  
0.867535  1.82442  0.861342  0.357965  0.681732  3.98341  
2.33307  1.33346  0.666537  0.0124548  0.0124548  6.01245  
2.34704  1.21777  1.2119  0.679181  1.40704  2.01141  
0.210084  0.398139  4.84056  0.527812  0.976268  3.10005  
0.679181  1.40704  2.01141  0.357965  0.681732  3.98341  
0.527812  0.976268  3.10005  2.34704  1.21777  1.2119  
0.0124548  0.0124548  6.01245  1  2.03632  0.0121082  
0.357965  0.681732  3.98341  1.77853  1.61073  0.389265  
1.66667  1.66667  0.333334  2.33307  1.33346  0.666537  
2.33307  1.33346  0.666537  0.867535  1.82442  0.861342  
0.867535  1.82442  0.861342  0.0124548  0.0124548  6.01245  
1  2.03632  0.0121082  0.210084  0.398139  4.84056  
1.66667  1.66667  0.333334  0.210084  0.398139  4.84056  
2.34704  1.21777  1.2119  1  2.03632  0.0121082  
0.357965  0.681732  3.98341  2.34704  1.21777  1.2119  
0.527812  0.976268  3.10005  0.357965  0.681732  3.98341  
1  2.03632  0.0121082  0.867535  1.82442  0.861342  
0.867535  1.82442  0.861342  1.66772  1.66614  0.333859  
0.210084  0.398139  4.84056  0.0124548  0.0124548  6.01245  
0.679181  1.40704  2.01141  2.33307  1.33346  0.666537  
0.0124548  0.0124548  6.01245  0.527812  0.976268  3.10005  
2.33307  1.33346  0.666537  0.679181  1.40704  2.01141  
2.33307  1.33346  0.666537  0.357965  0.681732  3.98341  
0.0124548  0.0124548  6.01245  1.66667  1.66667  0.333334  
1  2.03632  0.0121082  0.679181  1.40704  2.01141  
1.66667  1.66667  0.333334  0.214539  0.400411  4.84429  
0.679181  1.40704  2.01141  1  2.03632  0.0121082  
0.527812  0.976268  3.10005  0.867535  1.82442  0.861342  
0.867535  1.82442  0.861342  2.33307  1.33346  0.666537  
0.210084  0.398139  4.84056  2.34704  1.21777  1.2119  
0.357965  0.681732  3.98341  0.527812  0.976268  3.10005  
2.34704  1.21777  1.2119  0.0124548  0.0124548  6.01245  
2.34704  1.21777  1.2119  0.679181  1.40704  2.01141  
0.679181  1.40704  2.01141  2.33307  1.33346  0.666537  
0.867535  1.82442  0.861342  0.210084  0.398139  4.84056  
0.357965  0.681732  3.98341  0.0124548  0.0124548  6.01245  
1  2.03632  0.0121082  0.357965  0.681732  3.98341  
1.66667  1.66667  0.333334  0.527812  0.976268  3.10005  
0.0124548  0.0124548  6.01245  0.867535  1.82442  0.861342  
0.527812  0.976268  3.10005  1  2.05335  0.0177817  
2.33307  1.33346  0.666537  1.66667  1.66667  0.333334  
0.210084  0.398139  4.84056  2.34704  1.21777  1.2119  
1.66667  1.66667  0.333334  0.357965  0.681732  3.98341  
2.34704  1.21777  1.2119  0.0124548  0.0124548  6.01245  
0.357965  0.681732  3.98341  0.679181  1.40704  2.01141  
1  2.03632  0.0121082  1  2.03632  0.0121082  
0.867535  1.82442  0.861342  1.66667  1.66667  0.333334  
0.527812  0.976268  3.10005  0.870362  1.88047  0.881909  
0.0124548  0.0124548  6.01245  2.33307  1.33346  0.666537  
2.33307  1.33346  0.666537  0.210084  0.398139  4.84056  
0.679181  1.40704  2.01141  0.527812  0.976268  3.10005  
0.210084  0.398139  4.84056  2.34704  1.21777  1.2119  
0.867535  1.82442  0.861342  0.867535  1.82442  0.861342  
1.66667  1.66667  0.333334  0.210084  0.398139  4.84056  
2.33307  1.33346  0.666537  1.58486  1.03404  3.36032  
0.0124548  0.0124548  6.01245  2.34704  1.21777  1.2119  
0.210084  0.398139  4.84056  0.679181  1.40704  2.01141  
0.357965  0.681732  3.98341  0.357965  0.681732  3.98341  
1  2.03632  0.0121082  0.0124548  0.0124548  6.01245  
0.679181  1.40704  2.01141  1  2.03632  0.0121082  
2.34704  1.21777  1.2119  1.66667  1.66667  0.333334  
0.527812  0.976268  3.10005  0.527812  0.976268  3.10005  
1.66667  1.66667  0.333334  0.0124542  0.0124542  6.01245  
2.33307  1.33346  0.666537  1.66667  1.66667  0.333334  
0.0124542  0.0124542  6.01245  2.34704  1.21777  1.2119  
0.210081  0.398138  4.84056  0.679181  1.40704  2.01141  
0.357965  0.681732  3.98341  1  2.03632  0.0121082  
0.679181  1.40704  2.01141  0.867535  1.82442  0.861342  
0.867535  1.82442  0.861342  0.357965  0.681732  3.98341  
1  2.03632  0.0121082  2.31522  1.34239  0.657612  
0.527812  0.976268  3.10005  0.527812  0.976268  3.10005  
2.34704  1.21777  1.2119  0.210081  0.398138  4.84056  
0.210081  0.398138  4.84056  1.66667  1.66667  0.333334  
1.66667  1.66667  0.333334  0.0124542  0.0124542  6.01245  
0.357965  0.681732  3.98341  0.867535  1.82442  0.861342  
0.867535  1.82442  0.861342  1  2.03632  0.0121082  
0.679181  1.40704  2.01141  0.210081  0.398138  4.84056  
2.33307  1.33346  0.666537  0.357965  0.681732  3.98341  
0.0124542  0.0124542  6.01245  0.698602  1.3682  2.01141  
1  2.03632  0.0121082  2.33307  1.33346  0.666537  
2.34704  1.21777  1.2119  2.34704  1.21777  1.2119  
0.527812  0.976268  3.10005  0.527812  0.976268  3.10005  
0.867535  1.82442  0.861342  0.527812  0.976268  3.10005  
0.527812  0.976268  3.10005  0.210081  0.398138  4.84056  
2.34704  1.21777  1.2119  0.391006  0.689704  4.00809  
1.66667  1.66667  0.333334  1  2.03632  0.0121082  
0.679181  1.40704  2.01141  0.679181  1.40704  2.01141  
2.33307  1.33346  0.666537  0.867535  1.82442  0.861342  
0.210081  0.398138  4.84056  1.66667  1.66667  0.333334  
0.357965  0.681732  3.98341  2.33307  1.33346  0.666537  
1  2.03632  0.0121082  2.34704  1.21777  1.2119  
0.0124542  0.0124542  6.01245  0.0124542  0.0124542  6.01245  
0.527812  0.976268  3.10005  0.210081  0.398138  4.84056  
2.33307  1.33346  0.666537  0.0124542  0.0124542  6.01245  
0.867535  1.82442  0.861342  0.357965  0.681732  3.98341  
0.357965  0.681732  3.98341  2.34704  1.21777  1.2119  
0.210081  0.398138  4.84056  1.66667  1.66667  0.333334  
1  2.03632  0.0121082  0.527812  0.976268  3.10005  
1.66667  1.66667  0.333334  0.867535  1.82442  0.861342  
2.34704  1.21777  1.2119  2.33307  1.33346  0.666537  
0.679181  1.40704  2.01141  0.679181  1.40704  2.01141  
0.0124542  0.0124542  6.01245  1  2.03632  0.0121082  
2.33307  1.33346  0.666537  2.33307  1.33346  0.666537  
1.66667  1.66667  0.333334  0.210671  0.398438  4.84105  
0.867535  1.82442  0.861342  0.527812  0.976268  3.10005  
0.679181  1.40704  2.01141  2.34704  1.21777  1.2119  
1  2.03632  0.0121082  0.0124542  0.0124542  6.01245  
0.357965  0.681732  3.98341  0.679181  1.40704  2.01141  
0.527812  0.976268  3.10005  0.867535  1.82442  0.861342  
0.210081  0.398138  4.84056  0.357965  0.681732  3.98341  
0.0124542  0.0124542  6.01245  1  2.03632  0.0121082  
2.34704  1.21777  1.2119  1.66667  1.66667  0.333334  
2.33307  1.33346  0.666537  1  2.03632  0.0121082  
0.210081  0.398138  4.84056  1.66667  1.66667  0.333334  
0.867535  1.82442  0.861342  0.679181  1.40704  2.01141  
1.66667  1.66667  0.333334  0.527812  0.976268  3.10005  
0.679181  1.40704  2.01141  0.0124542  0.0124542  6.01245  
2.34704  1.21777  1.2119  0.867535  1.82442  0.861342  
1  2.03632  0.0121082  0.357965  0.681732  3.98341  
0.0124542  0.0124542  6.01245  2.34704  1.21777  1.2119  
0.357965  0.681732  3.98341  2.30188  1.34906  0.650939  
0.527812  0.976268  3.10005  0.210081  0.398138  4.84056  
0.357965  0.681732  3.98341  2.33307  1.33346  0.666537  
0.867535  1.82442  0.861342  0.210081  0.398138  4.84056  
0.210081  0.398138  4.84056  0.679181  1.40704  2.01141  
0.527812  0.976268  3.10005  0.527812  0.976268  3.10005  
1  2.03632  0.0121082  0.0124542  0.0124542  6.01245  
0.679181  1.40704  2.01141  1.66667  1.66667  0.333334  
0.0124542  0.0124542  6.01245  0.867784  1.82935  0.863151  
2.34704  1.21777  1.2119  2.34704  1.21777  1.2119  
2.33307  1.33346  0.666537  1  2.03632  0.0121082  
1.66667  1.66667  0.333334  0.357965  0.681732  3.98341  
0.679181  1.40704  2.01141  0.357965  0.681732  3.98341  
0.0124542  0.0124542  6.01245  1  2.03632  0.0121082  
1  2.03632  0.0121082  0.527812  0.976268  3.10005  
0.867535  1.82442  0.861342  0.867535  1.82442  0.861342  
0.357965  0.681732  3.98341  0.210081  0.398138  4.84056  
2.33307  1.33346  0.666537  1.6634  2.58505  1.2119  
0.210081  0.398138  4.84056  0.0124542  0.0124542  6.01245  
1.66667  1.66667  0.333334  2.33307  1.33346  0.666537  
0.527812  0.976268  3.10005  0.679181  1.40704  2.01141  
2.34704  1.21777  1.2119  1.66667  1.66667  0.333334  
1  2.03632  0.0121082  0.867535  1.82442  0.861342  
2.34704  1.21777  1.2119  1.66667  1.66667  0.333334  
0.867535  1.82442  0.861342  0.527812  0.976268  3.10005  
1.66667  1.66667  0.333334  2.34704  1.21777  1.2119  
0.679181  1.40704  2.01141  1  2.03632  0.0121082  
0.210081  0.398138  4.84056  0.679181  1.40704  2.01141  
0.0124542  0.0124542  6.01245  0.210081  0.398138  4.84056  
0.357965  0.681732  3.98341  0.357965  0.681732  3.98341  
0.527812  0.976268  3.10005  0.0124542  0.0124542  6.01245  
2.33307  1.33346  0.666537  2.34624  1.32688  0.673118  
0.0124542  0.0124542  6.01245  2.34704  1.21777  1.2119  
0.357965  0.681732  3.98341  1  2.03632  0.0121082  
0.867535  1.82442  0.861342  0.0124542  0.0124542  6.01245  
0.527812  0.976268  3.10005  0.210081  0.398138  4.84056  
0.679181  1.40704  2.01141  0.527812  0.976268  3.10005  
1.66667  1.66667  0.333334  0.679181  1.40704  2.01141  
2.33307  1.33346  0.666537  2.33307  1.33346  0.666537  
0.210081  0.398138  4.84056  0.357965  0.681732  3.98341  
2.34704  1.21777  1.2119  0.877707  2.02604  0.93533  
1  2.03632  0.0121082  1.66667  1.66667  0.333334  
0.0124542  0.0124542  6.01245  0.357965  0.681732  3.98341  
0.527812  0.976268  3.10005  2.33307  1.33346  0.666537  
0.210081  0.398138  4.84056  1  2.03632  0.0121082  
1.66667  1.66667  0.333334  0.867535  1.82442  0.861342  
2.34704  1.21777  1.2119  0.0124542  0.0124542  6.01245  
0.679181  1.40704  2.01141  2.34704  1.21777  1.2119  
2.33307  1.33346  0.666537  0.527812  0.976268  3.10005  
1  2.03632  0.0121082  1.66667  1.66667  0.333334  
0.357965  0.681732  3.98341  0.210081  0.398138  4.84056  
0.867535  1.82442  0.861342  0.679181  1.40704  2.01141  
0.357965  0.681732  3.98341  0.357965  0.681732  3.98341  
0.527812  0.976268  3.10005  0.679181  1.40704  2.01141  
0.867535  1.82442  0.861342  0.867535  1.82442  0.861342  
2.33307  1.33346  0.666537  1.66667  1.66667  0.333334  
1  2.03632  0.0121082  2.33307  1.33346  0.666537  
0.0124542  0.0124542  6.01245  1  2.04773  0.0159094  
0.210081  0.398138  4.84056  0.210081  0.398138  4.84056  
2.34704  1.21777  1.2119  2.34704  1.21777  1.2119  
0.679181  1.40704  2.01141  0.527812  0.976268  3.10005  
1.66667  1.66667  0.333334  0.0124542  0.0124542  6.01245  
0.210081  0.398138  4.84056  0.527812  0.976268  3.10005  
1  2.03632  0.0121082  0.357965  0.681732  3.98341  
0.357965  0.681732  3.98341  0.679181  1.40704  2.01141  
2.34704  1.21777  1.2119  0.867535  1.82442  0.861342  
2.33307  1.33346  0.666537  2.33307  1.33346  0.666537  
0.867535  1.82442  0.861342  0.0124542  0.0124542  6.01245  
0.679181  1.40704  2.01141  0.293501  0.440668  4.91035  
0.0124542  0.0124542  6.01245  1.66667  1.66667  0.333334  
1.66667  1.66667  0.333334  2.34704  1.21777  1.2119  
0.527812  0.976268  3.10005  1  2.03632  0.0121082  
0.679181  1.40704  2.01141  0.527812  0.976268  3.10005  
2.34704  1.21777  1.2119  0.210081  0.398138  4.84056  
2.33307  1.33346  0.666537  1.66667  1.66667  0.333334  
0.210081  0.398138  4.84056  2.3446  1.21884  1.21063  
1.66667  1.66667  0.333334  0.679181  1.40704  2.01141  
0.527812  0.976268  3.10005  0.0124542  0.0124542  6.01245  
0.867535  1.82442  0.861342  0.357965  0.681732  3.98341  
1  2.03632  0.0121082  0.867535  1.82442  0.861342  
0.357965  0.681732  3.98341  2.33307  1.33346  0.666537  
0.0124542  0.0124542  6.01245  1  2.03632  0.0121082  
2.33307  1.33346  0.666537  0.867535  1.82442  0.861342  
0.210081  0.398138  4.84056  0.679181  1.40704  2.01141  
0.867535  1.82442  0.861342  2.33307  1.33346  0.666537  
1.66667  1.66667  0.333334  1.66667  1.66667  0.333334  
0.679181  1.40704  2.01141  0.359866  0.68219  3.98483  
2.34704  1.21777  1.2119  2.34704  1.21777  1.2119  
1  2.03632  0.0121082  0.527812  0.976268  3.10005  
0.0124542  0.0124542  6.01245  0.0124542  0.0124542  6.01245  
0.357965  0.681732  3.98341  1  2.03632  0.0121082  
0.527812  0.976268  3.10005  0.210081  0.398138  4.84056  
1  2.03632  0.0121082  0.867535  1.82442  0.861342  
0.0124542  0.0124542  6.01245  0.527812  0.976268  3.10005  
2.34704  1.21777  1.2119  0.357965  0.681732  3.98341  
0.357965  0.681732  3.98341  2.33307  1.33346  0.666537  
1.66667  1.66667  0.333334  0.0124542  0.0124542  6.01245  
0.210081  0.398138  4.84056  0.679181  1.40704  2.01141  
0.867535  1.82442  0.861342  0.210081  0.398138  4.84056  
2.33307  1.33346  0.666537  1  2.03632  0.0121082  
0.527812  0.976268  3.10005  1.66667  1.66667  0.333334  
0.679181  1.40704  2.01141  2.34704  1.21777  1.2119  
2.33307  1.33346  0.666537  2.34704  1.21777  1.2119  
1  2.03632  0.0121082  2.33307  1.33346  0.666537  
0.210081  0.398138  4.84056  1.66667  1.66667  0.333334  
0.357965  0.681732  3.98341  1  2.03632  0.0121082  
1.66667  1.66667  0.333334  0.357965  0.681732  3.98341  
0.867535  1.82442  0.861342  0.683576  1.43816  2.02472  
0.527812  0.976268  3.10005  0.527812  0.976268  3.10005  
2.34704  1.21777  1.2119  0.867535  1.82442  0.861342  
0.679181  1.40704  2.01141  0.210081  0.398138  4.84056  
0.0124542  0.0124542  6.01245  0.0124542  0.0124542  6.01245  
2.33307  1.33346  0.666537  0.357965  0.681732  3.98341  
0.679181  1.40704  2.01141  0.867535  1.82442  0.861342  
1  2.03632  0.0121082  0.679181  1.40704  2.01141  
0.0124542  0.0124542  6.01245  2.33307  1.33346  0.666537  
0.210081  0.398138  4.84056  0.0124542  0.0124542  6.01245  
0.357965  0.681732  3.98341  0.534268  0.976374  3.10439  
0.867535  1.82442  0.861342  1.66667  1.66667  0.333334  
1.66667  1.66667  0.333334  2.34704  1.21777  1.2119  
2.34704  1.21777  1.2119  0.210081  0.398138  4.84056  
0.527812  0.976268  3.10005  1  2.03632  0.0121082  
0.210081  0.398138  4.84056  2.34704  1.21777  1.2119  
1.66667  1.66667  0.333334  2.33307  1.33346  0.666537  
2.34704  1.21777  1.2119  1  2.05778  0.0192611  
0.679181  1.40704  2.01141  0.357965  0.681732  3.98341  
0.867535  1.82442  0.861342  0.0124542  0.0124542  6.01245  
0.357965  0.681732  3.98341  0.867535  1.82442  0.861342  
1  2.03632  0.0121082  1.66667  1.66667  0.333334  
0.527812  0.976268  3.10005  0.679181  1.40704  2.01141  
2.33307  1.33346  0.666537  0.210081  0.398138  4.84056  
0.0124542  0.0124542  6.01245  0.527812  0.976268  3.10005  
2.33307  1.33346  0.666537  0.0124542  0.0124542  6.01245  
0.527812  0.976268  3.10005  0.679181  1.40704  2.01141  
0.867535  1.82442  0.861342  1  2.03632  0.0121082  
0.0124542  0.0124542  6.01245  0.867535  1.82442  0.861342  
2.34704  1.21777  1.2119  0.210081  0.398138  4.84056  
1.66667  1.66667  0.333334  0.36458  0.683328  3.98835  
0.679181  1.40704  2.01141  0.527812  0.976268  3.10005  
0.357965  0.681732  3.98341  2.33307  1.33346  0.666537  
0.210081  0.398138  4.84056  2.34704  1.21777  1.2119  
1  2.03632  0.0121082  1.66667  1.66667  0.333334  
2.33307  1.33346  0.666537  2.33307  1.33346  0.666537  
1  2.03632  0.0121082  1.66667  1.66667  0.333334  
0.357965  0.681732  3.98341  0.357965  0.681732  3.98341  
0.527812  0.976268  3.10005  0.527812  0.976268  3.10005  
0.0124542  0.0124542  6.01245  0.0124542  0.0124542  6.01245  
0.210081  0.398138  4.84056  0.68066  1.41751  2.01589  
2.34704  1.21777  1.2119  0.867535  1.82442  0.861342  
0.679181  1.40704  2.01141  0.210081  0.398138  4.84056  
0.867535  1.82442  0.861342  1  2.03632  0.0121082  
1.66667  1.66667  0.333334  2.34704  1.21777  1.2119  
0.867535  1.82442  0.861342  0.527812  0.976268  3.10005  
0.527812  0.976268  3.10005  1.66667  1.66667  0.333334  
1  2.03632  0.0121082  2.33307  1.33346  0.666537  
0.210081  0.398138  4.84056  0.357965  0.681732  3.98341  
0.679181  1.40704  2.01141  0.210081  0.398138  4.84056  
1.66667  1.66667  0.333334  2.34704  1.21777  1.2119  
2.34704  1.21777  1.2119  1  2.03632  0.0121082  
0.357965  0.681732  3.98341  0.685976  1.45515  2.03198  
0.0124542  0.0124542  6.01245  0.867535  1.82442  0.861342  
2.33307  1.33346  0.666537  0.0124542  0.0124542  6.01245  
0.210081  0.398138  4.84056  0.357965  0.681732  3.98341  
2.34704  1.21777  1.2119  1.66667  1.66667  0.333334  
0.357965  0.681732  3.98341  0.527812  0.976268  3.10005  
0.527812  0.976268  3.10005  1  2.03632  0.0121082  
0.867535  1.82442  0.861342  0.210081  0.398138  4.84056  
2.33307  1.33346  0.666537  2.2566  1.3717  0.628301  
0.0124542  0.0124542  6.01245  0.867535  1.82442  0.861342  
1.66667  1.66667  0.333334  0.679181  1.40704  2.01141  
1  2.03632  0.0121082  0.0124542  0.0124542  6.01245  
0.679181  1.40704  2.01141  2.34704  1.21777  1.2119  
1.66667  1.66667  0.333334  1  2.03632  0.0121082  
0.210081  0.398138  4.84056  1.66667  1.66667  0.333334  
2.34704  1.21777  1.2119  0.527812  0.976268  3.10005  
0.357965  0.681732  3.98341  0.0124542  0.0124542  6.01245  
0.867535  1.82442  0.861342  0.357965  0.681732  3.98341  
1  2.03632  0.0121082  0.210081  0.398138  4.84056  
0.527812  0.976268  3.10005  2.3838  1.3081  0.691899  
0.0124542  0.0124542  6.01245  0.867535  1.82442  0.861342  
2.33307  1.33346  0.666537  0.679181  1.40704  2.01141  
0.679181  1.40704  2.01141  2.34704  1.21777  1.2119  
0.210081  0.398138  4.84056  0.210081  0.398138  4.84056  
1  2.03632  0.0121082  2.34704  1.21777  1.2119  
0.357965  0.681732  3.98341  0.679181  1.40704  2.01141  
2.34704  1.21777  1.2119  0.527812  0.976268  3.10005  
2.33307  1.33346  0.666537  0.0124542  0.0124542  6.01245  
0.867535  1.82442  0.861342  0.357965  0.681732  3.98341  
0.679181  1.40704  2.01141  1  2.03632  0.0121082  
0.0124542  0.0124542  6.01245  1.66667  1.66667  0.333334  
1.66667  1.66667  0.333334  2.33307  1.33346  0.666537  
0.527812  0.976268  3.10005  0.867535  1.82442  0.861342  
0.210081  0.398138  4.84056  0.679181  1.40704  2.01141  
0.0124542  0.0124542  6.01245  1.66667  1.66667  0.333334  
0.867535  1.82442  0.861342  0.527812  0.976268  3.10005  
1  2.03632  0.0121082  2.34704  1.21777  1.2119  
2.33307  1.33346  0.666537  1  2.059  0.0196669  
2.34704  1.21777  1.2119  0.357965  0.681732  3.98341  
0.679181  1.40704  2.01141  2.33307  1.33346  0.666537  
0.357965  0.681732  3.98341  0.0124542  0.0124542  6.01245  
0.527812  0.976268  3.10005  0.867535  1.82442  0.861342  
1.66667  1.66667  0.333334  0.210081  0.398138  4.84056  
1  2.03632  0.0121082  1  2.03632  0.0121082  
0.679181  1.40704  2.01141  0.527812  0.976268  3.10005  
2.34704  1.21777  1.2119  2.34704  1.21777  1.2119  
0.867535  1.82442  0.861342  0.213978  0.400124  4.84382  
0.210081  0.398138  4.84056  0.0124542  0.0124542  6.01245  
0.357965  0.681732  3.98341  0.357965  0.681732  3.98341  
0.0124542  0.0124542  6.01245  0.679181  1.40704  2.01141  
2.33307  1.33346  0.666537  1.66667  1.66667  0.333334  
1.66667  1.66667  0.333334  0.867535  1.82442  0.861342  
0.527812  0.976268  3.10005  2.33307  1.33346  0.666537  
2.33307  1.33346  0.666537  0.527812  0.976268  3.10005  
0.210081  0.398138  4.84056  2.33307  1.33346  0.666537  
0.867535  1.82442  0.861342  0.357965  0.681732  3.98341  
1.66667  1.66667  0.333334  1.66667  1.66667  0.333334  
0.679181  1.40704  2.01141  0.210081  0.398138  4.84056  
2.34704  1.21777  1.2119  1  2.03632  0.0121082  
1  2.03632  0.0121082  0.871598  1.90497  0.890899  
0.0124542  0.0124542  6.01245  2.34704  1.21777  1.2119  
0.357965  0.681732  3.98341  0.679181  1.40704  2.01141  
0.527812  0.976268  3.10005  0.0124542  0.0124542  6.01245  
0.210081  0.398138  4.84056  0.210081  0.398138  4.84056  
0.867535  1.82442  0.861342  0.357965  0.681732  3.98341  
0.527812  0.976268  3.10005  0.867535  1.82442  0.861342  
1.66667  1.66667  0.333334  0.527812  0.976268  3.10005  
2.33307  1.33346  0.666537  2.34704  1.21777  1.2119  
2.34704  1.21777  1.2119  2.33307  1.33346  0.666537  
0.357965  0.681732  3.98341  0.0124542  0.0124542  6.01245  
1  2.03632  0.0121082  1.66667  1.66667  0.333334  
0.679181  1.40704  2.01141  0.679181  1.40704  2.01141  
0.0124542  0.0124542  6.01245  1  2.03632  0.0121082  
0.0124542  0.0124542  6.01245  0.357965  0.681732  3.98341  
2.34704  1.21777  1.2119  1  2.03632  0.0121082  
0.210081  0.398138  4.84056  2.33307  1.33346  0.666537  
1.66667  1.66667  0.333334  0.679181  1.40704  2.01141  
0.867535  1.82442  0.861342  0.527812  0.976268  3.10005  
0.357965  0.681732  3.98341  0.0124542  0.0124542  6.01245  
2.33307  1.33346  0.666537  1.69782  1.65109  0.34891  
0.679181  1.40704  2.01141  0.867535  1.82442  0.861342  
0.527812  0.976268  3.10005  0.210081  0.398138  4.84056  
1  2.03632  0.0121082  2.34704  1.21777  1.2119  
0.679181  1.40704  2.01141  0.867535  1.82442  0.861342  
1  2.03632  0.0121082  0.679181  1.40704  2.01141  
0.210081  0.398138  4.84056  0.0124542  0.0124542  6.01245  
0.357965  0.681732  3.98341  1.66667  1.66667  0.333334  
1.66667  1.66667  0.333334  0.210081  0.398138  4.84056  
0.527812  0.976268  3.10005  1  2.03632  0.0121082  
2.33307  1.33346  0.666537  2.34704  1.21777  1.2119  
0.867535  1.82442  0.861342  0.527812  0.976268  3.10005  
2.34704  1.21777  1.2119  2.33307  1.33346  0.666537  
0.0124542  0.0124542  6.01245  0.357965  0.681732  3.98341  
0.0124542  0.0124542  6.01245  0.357965  0.681732  3.98341  
0.210081  0.398138  4.84056  0.210081  0.398138  4.84056  
0.867535  1.82442  0.861342  1.66667  1.66667  0.333334  
2.34704  1.21777  1.2119  0.679181  1.40704  2.01141  
0.679181  1.40704  2.01141  2.33307  1.33346  0.666537  
2.33307  1.33346  0.666537  0.867535  1.82442  0.861342  
1  2.03632  0.0121082  0.0124542  0.0124542  6.01245  
0.527812  0.976268  3.10005  0.527812  0.976268  3.10005  
1.66667  1.66667  0.333334  2.34704  1.21777  1.2119  
0.357965  0.681732  3.98341  1  2.03632  0.0121082  
0.210081  0.398138  4.84056  0.679181  1.40704  2.01141  
1  2.03632  0.0121082  0.357965  0.681732  3.98341  
0.357965  0.681732  3.98341  1  2.03632  0.0121082  
2.34704  1.21777  1.2119  2.33307  1.33346  0.666537  
2.33307  1.33346  0.666537  0.0124542  0.0124542  6.01245  
0.867535  1.82442  0.861342  2.34704  1.21777  1.2119  
0.679181  1.40704  2.01141  0.210081  0.398138  4.84056  
0.0124542  0.0124542  6.01245  0.867535  1.82442  0.861342  
1.66667  1.66667  0.333334  0.527812  0.976268  3.10005  
0.527812  0.976268  3.10005  1.68546  1.65727  0.342728  
0.210081  0.398138  4.84056  1  2.06875  0.0229155  
0.357965  0.681732  3.98341  0.0124542  0.0124542  6.01245  
2.34704  1.21777  1.2119  0.357965  0.681732  3.98341  
0.527812  0.976268  3.10005  0.679181  1.40704  2.01141  
2.33307  1.33346  0.666537  0.527812  0.976268  3.10005  
0.679181  1.40704  2.01141  1.66667  1.66667  0.333334  
1.66667  1.66667  0.333334  2.34704  1.21777  1.2119  
0.0124542  0.0124542  6.01245  0.867535  1.82442  0.861342  
0.867535  1.82442  0.861342  2.33307  1.33346  0.666537  
1  2.03632  0.0121082  0.210081  0.398138  4.84056  
2.33307  1.33346  0.666537  0.527812  0.976268  3.10005  
0.210081  0.398138  4.84056  0.679181  1.40704  2.01141  
0.867535  1.82442  0.861342  1.66667  1.66667  0.333334  
1.66667  1.66667  0.333334  0.867535  1.82442  0.861342  
0.679181  1.40704  2.01141  0.357965  0.681732  3.98341  
2.34704  1.21777  1.2119  1  2.03632  0.0121082  
1  2.03632  0.0121082  2.34704  1.21777  1.2119  
0.0124542  0.0124542  6.01245  0.0124542  0.0124542  6.01245  
0.357965  0.681732  3.98341  2.34011  1.32994  0.670057  
0.527812  0.976268  3.10005  0.210081  0.398138  4.84056  
0.357965  0.681732  3.98341  1.66667  1.66667  0.333334  
2.33307  1.33346  0.666537  2.33307  1.33346  0.666537  
0.679181  1.40704  2.01141  0.679181  1.40704  2.01141  
1  2.03632  0.0121082  1  2.03632  0.0121082  
0.210081  0.398138  4.84056  0.867535  1.82442  0.861342  
0.0124542  0.0124542  6.01245  2.34704  1.21777  1.2119  
1.66667  1.66667  0.333334  0.527812  0.976268  3.10005  
0.527812  0.976268  3.10005  0.0124542  0.0124542  6.01245  
2.34704  1.21777  1.2119  0.210081  0.398138  4.84056  
0.867535  1.82442  0.861342  0.357965  0.681732  3.98341  
2.34704  1.21777  1.2119  1.66667  1.66667  0.333334  
2.33307  1.33346  0.666537  2.34704  1.21777  1.2119  
0.867535  1.82442  0.861342  0.21035  0.398275  4.84078  
1.66667  1.66667  0.333334  0.527812  0.976268  3.10005  
0.0124542  0.0124542  6.01245  0.357965  0.681732  3.98341  
0.527812  0.976268  3.10005  0.679181  1.40704  2.01141  
0.210081  0.398138  4.84056  2.33307  1.33346  0.666537  
0.357965  0.681732  3.98341  0.867535  1.82442  0.861342  
0.679181  1.40704  2.01141  0.0124542  0.0124542  6.01245  
1  2.03632  0.0121082  1  2.03632  0.0121082  
1  2.03632  0.0121082  1  2.03632  0.0121082  
0.679181  1.40704  2.01141  2.33307  1.33346  0.666537  
0.867535  1.82442  0.861342  2.34704  1.21777  1.2119  
0.357965  0.681732  3.98341  0.0124542  0.0124542  6.01245  
2.34704  1.21777  1.2119  0.210081  0.398138  4.84056  
0.527812  0.976268  3.10005  0.527812  0.976268  3.10005  
2.33307  1.33346  0.666537  0.357965  0.681732  3.98341  
0.210081  0.398138  4.84056  0.867535  1.82442  0.861342  
1.66667  1.66667  0.333334  0.679181  1.40704  2.01141  
0.0124542  0.0124542  6.01245  1.66698  1.66651  0.333491  
2.34704  1.21777  1.2119  0.527812  0.976268  3.10005  
2.33307  1.33346  0.666537  1.66667  1.66667  0.333334  
0.0124542  0.0124542  6.01245  0.210081  0.398138  4.84056  
0.679181  1.40704  2.01141  2.33307  1.33346  0.666537  
0.527812  0.976268  3.10005  1  2.03632  0.0121082  
1.66667  1.66667  0.333334  0.679181  1.40704  2.01141  
0.210081  0.398138  4.84056  0.0124542  0.0124542  6.01245  
0.867535  1.82442  0.861342  0.867535  1.82442  0.861342  
1  2.03632  0.0121082  0.357965  0.681732  3.98341  
0.357965  0.681732  3.98341  2.34766  1.2175  1.21222  
1.66667  1.66667  0.333334  0.867535  1.82442  0.861342  
0.527812  0.976268  3.10005  1  2.03632  0.0121082  
0.867535  1.82442  0.861342  0.527812  0.976268  3.10005  
1  2.03632  0.0121082  0.0124542  0.0124542  6.01245  
2.34704  1.21777  1.2119  0.210081  0.398138  4.84056  
0.210081  0.398138  4.84056  2.3397  1.22099  1.20808  
0.0124542  0.0124542  6.01245  1.66667  1.66667  0.333334  
0.357965  0.681732  3.98341  2.33307  1.33346  0.666537  
0.679181  1.40704  2.01141  0.679181  1.40704  2.01141  
2.33307  1.33346  0.666537  0.357965  0.681732  3.98341  
