1.68417  3.3432  1.13468  4.11771  
1.75673  3.30162  0.936981  4.11882  
1.26008  3.79273  1.09982  4.1945  
1.14424  4.09802  1.66775  3.15996  
2.02287  2.72172  1.87245  3.10354  
1.15108  3.92016  1.207  4.19769  
0.852059  4.27253  1.32478  3.85172  
1.11735  4.07154  1.23392  3.95663  
1.69451  3.5575  1.2896  3.96564  
1.61216  3.34746  1.5968  3.62919  
1.41324  3.55777  0.962153  4.26803  
1.21203  4.04995  1.34402  3.92418  
1.55275  3.41026  1.37253  3.81004  
0.82719  4.34595  1.29008  3.91428  
0.881164  4.0401  0.89427  4.08464  
1.54711  3.51282  1.32793  3.84465  
1.16174  3.83674  1.19466  3.97708  
1.55753  3.65487  1.2268  4.16128  
1.64815  3.28508  1.55164  3.46441  
1.04363  4.05667  1.06971  3.93274  
0.594387  4.40252  1.41808  3.60905  
1.91521  2.39989  1.79646  3.46572  
0.767125  4.35562  0.799538  4.28766  
1.57726  3.76735  1.26437  3.84984  
1.56364  3.73899  1.86631  2.98406  
1.62275  3.45237  1.95366  2.75859  
1.20108  4.04856  1.42336  3.71183  
1.4912  3.82401  1.30447  4.00071  
1.8466  2.88144  1.61097  3.35522  
1.23842  3.8654  1.84204  3.43499  
1.17279  4.13961  1.51379  3.69301  
1.32287  4.05787  1.5699  3.73033  
1.81961  3.05317  1.24844  3.91435  
1.90767  2.63617  1.66282  3.19143  
1.54656  3.66271  0.9106  4.13033  
1.65934  3.43102  2.01247  2.03504  
1.3492  3.7964  1.9446  2.32431  
1.6809  3.5805  1.12297  3.99026  
0.79994  4.222  1.94511  3.01893  
1.61185  3.53584  1.46349  3.7018  
1.80156  3.04359  1.42075  3.96253  
1.90205  3.09251  1.84183  3.19039  
1.37834  3.75  1.41744  3.97025  
0.768467  4.28829  1.1234  3.98257  
1.71246  3.09978  1.51737  4.04788  
1.6988  3.15115  1.16088  3.93697  
1.49038  3.48014  1.64447  3.47452  
1.3806  3.73619  0.973875  4.25613  
0.790508  4.14254  1.52203  3.33284  
1.28073  3.91368  1.2548  3.91474  
1.785  2.7332  0.94378  4.12268  
1.22337  3.87693  1.28605  3.94815  
1.3152  3.72048  1.23791  3.93714  
1.02679  4.08722  2.1016  2.80492  
0.794587  4.31131  1.49643  3.60804  
1.62944  3.35949  1.00124  3.89627  
1.4406  3.70503  1.31338  3.9759  
1.55082  3.75793  1.05189  4.0672  
0.899744  4.21179  1.00726  4.10484  
1.19735  4.02758  1.22561  3.93419  
1.75984  3.10547  1.52842  3.48144  
1.57712  3.4179  0.901021  4.19512  
1.57533  3.37478  1.70581  3.28137  
2.06219  2.43706  1.13201  4.09212  
1.40388  3.77564  0.88808  4.21724  
1.80341  3.43552  1.72925  3.48003  
1.77912  3.22042  1.79694  3.09948  
1.92818  3.0788  1.68855  3.48752  
1.16844  3.98774  1.48258  3.58045  
1.65003  3.41429  1.59826  3.50839  
1.10622  3.85211  1.92204  2.94739  
2.14831  2.33432  1.36543  3.77783  
1.49453  3.86649  1.70136  3.23916  
2.04938  2.5341  1.26948  3.85756  
1.73029  3.42199  2.01755  2.60571  
0.689224  4.24738  0.943557  4.08956  
1.3272  3.91688  1.82811  3.16349  
1.18443  4.05395  1.30771  3.8464  
0.930273  4.10273  1.58802  3.52039  
1.45282  3.51335  1.47677  3.37574  
1.36808  3.63865  0.780263  4.3314  
1.35694  4.01208  1.8022  3.1948  
1.20499  4.15932  1.91435  2.8199  
1.11258  3.90297  1.71853  3.05828  
1.58474  3.49229  1.07087  4.18076  
1.38611  3.87408  1.04419  4.18224  
1.58391  3.56156  1.24505  3.94832  
1.60147  3.48098  1.07284  4.16218  
0.813256  4.18881  1.35069  3.90114  
1.47733  3.63632  1.39466  3.87914  
1.40302  3.78458  1.68449  3.43064  
1.29654  3.93321  1.05947  3.95415  
1.64253  3.4464  0.90859  4.23159  
1.30731  3.88044  1.60906  3.56056  
1.33184  3.74305  1.42936  3.64854  
1.52307  3.82742  1.23645  3.99374  
1.64951  3.30647  1.31659  3.97922  
0.817043  4.31438  1.15013  3.99041  
1.23878  3.88281  1.49706  3.76004  
1.56064  3.65042  1.86434  3.27147  
0.158595  3.9874  1.23734  3.1426  
1.57417  2.46739  1.16308  3.25406  
0.59694  3.81768  0.862266  3.60915  
0.862266  3.60915  1.06515  3.38553  
1.87122  1.41216  1.57417  2.46739  
1.16308  3.25406  1.43195  2.79249  
1.23734  3.1426  0.59694  3.81768  
1.76353  1.88674  1.76353  1.88674  
1.43195  2.79249  1.87122  1.41216  
1.06515  3.38553  0.158595  3.9874  
1.29401  3.04995  0.899347  3.57277  
0.460723  3.89242  1.3881  2.8797  
1.11779  3.31696  1.11779  3.31696  
0.899347  3.57277  0.691655  3.75319  
1.55154  2.52405  0.460723  3.89242  
1.78063  1.82138  1.29401  3.04995  
0.0271139  3.99963  1.55154  2.52405  
1.94928  0.895111  0.0271139  3.99963  
1.3881  2.8797  1.78063  1.82138  
0.691655  3.75319  1.94928  0.895111  
1.96841  0.708182  1.82602  1.63175  
1.04103  3.41541  0.837355  3.63254  
1.65527  2.24506  1.04103  3.41541  
1.82602  1.63175  1.96841  0.708182  
1.54325  2.54431  1.37708  2.9008  
0.0486991  3.99881  1.54325  2.54431  
1.37708  2.9008  0.58087  3.82758  
1.21475  3.17766  1.52927  2.57785  
0.837355  3.63254  1.21475  3.17766  
0.58087  3.82758  0.0486991  3.99881  
1.23682  3.14342  1.23682  3.14342  
1.97046  0.68492  1.83739  1.57986  
0.827668  3.64141  1.97046  0.68492  
1.04414  3.41162  0.562549  3.83851  
1.70685  2.08488  0.827668  3.64141  
0.562549  3.83851  1.04414  3.41162  
1.54946  2.52916  0.0117641  3.99993  
1.83739  1.57986  1.54946  2.52916  
1.39999  2.85659  1.70685  2.08488  
0.0117641  3.99993  1.39999  2.85659  
1.80543  1.72094  2  0.00297965  
1.91957  1.12294  1.3235  2.99889  
1.66897  2.20412  1.66897  2.20412  
1.51113  2.6203  1.91957  1.12294  
0.590912  3.82143  0.0135942  3.99991  
1.11751  3.31733  1.51113  2.6203  
0.877121  3.59481  1.80543  1.72094  
1.3235  2.99889  0.877121  3.59481  
2  0.00297965  1.11751  3.31733  
0.0135942  3.99991  0.590912  3.82143  
0.552054  3.8446  1.99751  0.199653  
1.99751  0.199653  0.552054  3.8446  
1.89707  1.26671  1.74951  1.93825  
1.45732  2.7395  1.06572  3.38481  
1.63007  2.31765  0.838718  3.63128  
1.06572  3.38481  1.27194  3.08686  
0.838718  3.63128  1.63007  2.31765  
1.74951  1.93825  1.45732  2.7395  
1.27194  3.08686  1.89707  1.26671  
0.00798817  3.99997  0.00798817  3.99997  
1.81053  1.6994  1.92142  1.11018  
1.67536  2.18466  0.591398  3.82112  
1.92142  1.11018  1.33551  2.97753  
1.12549  3.30653  0.000478819  4  
1.33551  2.97753  2  0.00146268  
0.591398  3.82112  0.885798  3.58629  
2  0.00146268  1.12549  3.30653  
0.885798  3.58629  1.71565  2.05577  
1.51579  2.6095  1.81053  1.6994  
0.000478819  4  1.51579  2.6095  
1.99998  0.0176248  1.99998  0.0176248  
1.48551  2.67826  0.00344735  3.99999  
0.00344735  3.99999  1.10127  3.33899  
1.64864  2.2645  1.30136  3.03741  
1.30136  3.03741  1.79705  1.75568  
1.79705  1.75568  1.64864  2.2645  
0.87604  3.59586  1.91213  1.17262  
1.91213  1.17262  1.48551  2.67826  
0.582115  3.82682  0.582115  3.82682  
1.10127  3.33899  0.87604  3.59586  
1.91335  1.16463  1.08458  3.36077  
1.99998  0.019227  0.847984  3.62266  
1.64461  2.27618  1.99998  0.019227  
1.484  2.6816  1.29264  3.05226  
1.29264  3.05226  1.484  2.6816  
1.08458  3.36077  1.7906  1.78184  
0.847984  3.62266  0.563351  3.83804  
0.0217807  3.99976  0.0217807  3.99976  
1.7906  1.78184  1.91335  1.16463  
0.563351  3.83804  1.64461  2.27618  
1.10801  3.33006  1.31751  3.00943  
1.90679  1.20691  1.5028  2.63939  
1.66243  2.22382  1.90679  1.20691  
1.99186  0.360614  1.10801  3.33006  
1.79662  1.75745  0.581177  3.82739  
0.581177  3.82739  1.66243  2.22382  
0.030155  3.99955  0.86715  3.60447  
0.86715  3.60447  0.030155  3.99955  
1.31751  3.00943  1.79662  1.75745  
1.5028  2.63939  1.99186  0.360614  
1.14266  3.28288  1.44732  2.76063  
0.141205  3.99002  0.141205  3.99002  
1.15761  3.26186  1.03822  3.41882  
1.74687  1.94775  1.74687  1.94775  
1.08645  3.35835  0.77507  3.68742  
0.472243  3.88689  1.14266  3.28288  
1.03822  3.41882  0.472243  3.88689  
1.44732  2.76063  1.08645  3.35835  
1.23724  3.14277  1.23724  3.14277  
0.77507  3.68742  1.15761  3.26186  
0.894679  3.57746  1.99148  0.368798  
0.0390598  3.99924  0.0390598  3.99924  
1.07523  3.37276  1.23787  3.14178  
1.40875  2.83931  0.894679  3.57746  
1.5679  2.4833  1.40875  2.83931  
1.99148  0.368798  1.8167  1.67284  
1.8167  1.67284  1.5679  2.4833  
0.70376  3.74418  1.07523  3.37276  
1.23787  3.14178  0.70376  3.74418  
0.461676  3.89197  0.461676  3.89197  
0.56682  3.836  1.61791  2.35147  
1.61791  2.35147  1.4449  2.7657  
1.76941  1.86459  0.0250297  3.99969  
0.843565  3.62679  1.76941  1.86459  
1.4449  2.7657  1.91371  1.1623  
1.07807  3.36914  0.56682  3.836  
1.91371  1.1623  1.27956  3.07424  
0.0250297  3.99969  1.07807  3.36914  
1.9942  0.304454  1.9942  0.304454  
1.27956  3.07424  0.843565  3.62679  
2  0.00163092  1.93703  0.9958  
1.62801  2.32343  0.00413843  3.99999  
1.26547  3.09748  1.9079  1.19989  
0.00413843  3.99999  0.819755  3.64856  
1.77413  1.84658  1.77413  1.84658  
1.04951  3.40502  0.542818  3.84986  
0.819755  3.64856  1.04951  3.40502  
0.542818  3.84986  1.26547  3.09748  
1.44993  2.75514  1.44993  2.75514  
1.9079  1.19989  1.62801  2.32343  
1.52298  2.5927  1.91893  1.12731  
1.67582  2.18322  2  0.000500165  
1.34236  2.96518  0.591348  3.82116  
0.893342  3.57879  1.34236  2.96518  
1.91893  1.12731  1.1339  3.29501  
1.1339  3.29501  1.80825  1.70908  
2  0.000500165  1.67582  2.18322  
0.00025423  4  1.52298  2.5927  
0.591348  3.82116  0.893342  3.57879  
1.80825  1.70908  0.00025423  4  
0.601006  3.81512  1.13445  3.29425  
0.00845709  3.99996  0.00845709  3.99996  
0.903385  3.5687  1.3407  2.96817  
1.8128  1.68968  1.8128  1.68968  
1.13445  3.29425  0.903385  3.5687  
1.3407  2.96817  2  0.00410155  
2  0.00410155  1.92369  1.09441  
1.67356  2.19015  0.601006  3.81512  
1.52319  2.59221  1.67356  2.19015  
1.92369  1.09441  1.52319  2.59221  
1.65586  2.24333  0.616245  3.80539  
1.80756  1.71198  1.15516  3.26533  
1.99999  0.0139103  0.0390407  3.99924  
1.51336  2.61515  1.65586  2.24333  
0.914169  3.55769  1.80756  1.71198  
0.616245  3.80539  1.51336  2.61515  
0.0390407  3.99924  1.99999  0.0139103  
1.92141  1.11027  0.914169  3.55769  
1.34694  2.95685  1.92141  1.11027  
1.15516  3.26533  1.34694  2.95685  
0.0899005  3.99596  0.795951  3.66958  
1.15761  3.26186  1.56573  2.48878  
1.56573  2.48878  0.543081  3.84971  
0.795951  3.66958  1.27956  3.07424  
1.01085  3.45149  1.43486  2.78651  
1.95245  0.867012  0.0899005  3.99596  
1.27956  3.07424  1.01085  3.45149  
1.43486  2.78651  1.15761  3.26186  
1.74687  1.94775  1.74687  1.94775  
0.543081  3.84971  1.95245  0.867012  
1.99952  0.0880235  1.92008  1.11948  
1.3165  3.0112  0.600296  3.81557  
1.81122  1.69647  1.668  2.20707  
1.668  2.20707  0.890968  3.58116  
0.00835051  3.99997  1.81122  1.69647  
1.92008  1.11948  1.3165  3.0112  
1.11003  3.32736  1.99952  0.0880235  
1.50274  2.63952  0.00835051  3.99997  
0.890968  3.58116  1.50274  2.63952  
0.600296  3.81557  1.11003  3.32736  
0.569787  3.83424  1.089  3.35504  
1.48948  2.66942  0.853101  3.61786  
1.65151  2.25613  1.65151  2.25613  
0.853101  3.61786  0.034849  3.99939  
1.9086  1.19538  1.78856  1.79002  
1.99956  0.0841551  1.9086  1.19538  
0.034849  3.99939  1.48948  2.66942  
1.78856  1.79002  1.99956  0.0841551  
1.089  3.35504  0.569787  3.83424  
1.30107  3.0379  1.30107  3.0379  
1.25493  3.11458  0.0225058  3.99975  
1.61006  2.37293  1.77705  1.8353  
0.696812  3.74937  1.25493  3.11458  
0.897736  3.57439  1.94459  0.935037  
1.94459  0.935037  0.696812  3.74937  
1.77705  1.8353  1.09577  3.34621  
1.43012  2.79625  1.43012  2.79625  
0.455907  3.89469  1.61006  2.37293  
1.09577  3.34621  0.455907  3.89469  
0.0225058  3.99975  0.897736  3.57439  
0.0273852  3.99963  0.980298  3.48655  
1.18696  3.21939  0.766013  3.69498  
1.95835  0.812043  1.55868  2.50641  
0.766013  3.69498  1.18696  3.21939  
0.980298  3.48655  0.0273852  3.99963  
1.55868  2.50641  0.508118  3.86875  
0.508118  3.86875  1.71048  2.07293  
1.71048  2.07293  1.95835  0.812043  
1.87361  1.39943  1.38072  2.89387  
1.38072  2.89387  1.87361  1.39943  
0.498884  3.87356  1.20418  3.19372  
1.73553  1.98789  1.99019  0.395759  
1.01099  3.45132  1.01099  3.45132  
1.20418  3.19372  1.56533  2.48977  
1.41815  2.82054  0.498884  3.87356  
1.56533  2.48977  1.88254  1.35063  
0.765925  3.69506  0.0224845  3.99975  
0.0224845  3.99975  0.765925  3.69506  
1.99019  0.395759  1.73553  1.98789  
1.88254  1.35063  1.41815  2.82054  
1.44088  2.77407  1.05123  3.40289  
1.61913  2.34812  0.814305  3.65344  
1.77484  1.84384  1.77484  1.84384  
0.000989309  4  1.99936  0.101275  
1.05123  3.40289  0.000989309  4  
0.526781  3.85876  1.44088  2.77407  
0.814305  3.65344  1.61913  2.34812  
1.26837  3.09273  0.526781  3.85876  
1.90032  1.24702  1.26837  3.09273  
1.99936  0.101275  1.90032  1.24702  
1.81356  1.68642  1.13381  3.29514  
1.13381  3.29514  1.34347  2.96317  
1.52278  2.59318  1.92291  1.09984  
2  0.000395542  0.000391891  4  
1.67934  2.1724  2  0.000395542  
0.894297  3.57784  1.67934  2.1724  
1.34347  2.96317  1.81356  1.68642  
0.591245  3.82122  1.52278  2.59318  
1.92291  1.09984  0.591245  3.82122  
0.000391891  4  0.894297  3.57784  
1.36441  2.92465  1.36441  2.92465  
1.89342  1.28837  0.00282426  4  
0.933606  3.53745  1.19019  3.21461  
1.66556  2.21442  1.788  1.79225  
1.788  1.79225  1.66556  2.21442  
1.19019  3.21461  1.99882  0.137094  
1.54899  2.53032  0.629295  3.79683  
0.629295  3.79683  1.89342  1.28837  
1.99882  0.137094  0.933606  3.53745  
0.00282426  4  1.54899  2.53032  
1.45507  2.74428  1.68356  2.15927  
1.33466  2.97905  0.252402  3.96802  
0.873225  3.5986  0.714915  3.73572  
0.714915  3.73572  0.873225  3.5986  
0.252402  3.96802  1.56185  2.4985  
1.68356  2.15927  1.24158  3.13591  
1.24158  3.13591  0.496951  3.87455  
0.496951  3.87455  1.45507  2.74428  
1.05753  3.39508  1.05753  3.39508  
1.56185  2.4985  1.33466  2.97905  
0.935385  3.53557  1.99724  0.210137  
1.84772  1.53092  0.00308605  4  
1.50867  2.62597  0.935385  3.53557  
1.28946  3.05764  1.28946  3.05764  
1.99724  0.210137  0.721692  3.7305  
0.721692  3.7305  1.84772  1.53092  
1.66705  2.20994  0.470909  3.88754  
0.470909  3.88754  1.12403  3.3085  
0.00308605  4  1.66705  2.20994  
1.12403  3.3085  1.50867  2.62597  
1.25898  3.10803  1.25898  3.10803  
1.03665  3.42073  1.99868  0.145108  
1.90777  1.20067  1.46098  2.73169  
1.99868  0.145108  1.63021  2.31725  
1.46098  2.73169  1.03665  3.42073  
1.78203  1.8159  0.544086  3.84914  
0.544086  3.84914  1.90777  1.20067  
1.63021  2.31725  0.00299277  4  
0.00299277  4  0.813602  3.65407  
0.813602  3.65407  1.78203  1.8159  
1.4897  2.66894  1.90943  1.19011  
1.90943  1.19011  1.08862  3.35553  
0.0776219  3.99699  1.99609  0.250011  
1.08862  3.35553  1.7925  1.7742  
1.99609  0.250011  0.553412  3.84382  
1.65058  2.25884  0.835232  3.63449  
1.7925  1.7742  0.0776219  3.99699  
1.31449  3.01471  1.31449  3.01471  
0.835232  3.63449  1.65058  2.25884  
0.553412  3.84382  1.4897  2.66894  
1.75855  1.90525  1.07491  3.37317  
1.60381  2.38981  0.936726  3.53414  
0.934889  3.53609  0.434313  3.90455  
1.89878  1.25641  1.39499  2.86637  
0.597863  3.8171  0.596376  3.81803  
0.509002  3.86829  1.62809  2.32321  
1.00356  3.45998  1.36456  2.92437  
1.17015  3.24392  1.53293  2.56914  
1.40268  2.85131  1.20272  3.19592  
2  0.000180789  1.40488  2.84697  
1.75855  1.90525  1.75855  1.90525  
1.95139  0.876499  1.40268  2.85131  
1.12995  3.30043  0.934889  3.53609  
0.250331  3.96854  1.60381  2.38981  
1.50697  2.62986  0.597863  3.8171  
0.785283  3.67877  2  0.000180789  
0.343399  3.9406  1.89878  1.25641  
1.18951  3.21563  0.509002  3.86829  
1.64051  2.28799  1.17015  3.24392  
0.989657  3.47596  1.00356  3.45998  
1.62809  2.32321  1.36456  2.92437  
0.211526  3.97757  1.53072  2.57441  
1.36456  2.92437  0.921281  3.55035  
1.07491  3.37317  1.12362  3.30906  
1.53072  2.57441  1.20272  3.19592  
1.95968  0.799145  0.639159  3.79024  
0.921281  3.55035  1.07491  3.37317  
1.12362  3.30906  1.95968  0.799145  
1.20272  3.19592  1.62809  2.32321  
0.639159  3.79024  0.211526  3.97757  
1.66636  2.21201  1.50697  2.62986  
2  0.000323534  0.785283  3.67877  
1.80606  1.7183  0.250331  3.96854  
0.582367  3.82667  1.75855  1.90525  
1.91876  1.12848  1.12995  3.30043  
1.11882  3.31557  0.343399  3.9406  
1.50619  2.63165  1.64051  2.28799  
0.878392  3.59357  1.95139  0.876499  
1.3233  2.99926  1.18951  3.21563  
0.00120307  4  0.989657  3.47596  
1.97703  0.604548  1.66636  2.21201  
1.43381  2.78869  1.91876  1.12848  
1.89261  1.29309  0.878392  3.59357  
1.25134  3.12035  1.11882  3.31557  
0.813211  3.65442  1.80606  1.7183  
1.75327  1.92461  1.50619  2.63165  
1.58713  2.43393  0.00120307  4  
0.553131  3.84398  1.3233  2.99926  
0.0030118  4  0.582367  3.82667  
1.05823  3.3942  2  0.000323534  
0.59126  3.82121  1.92284  1.10032  
1.81349  1.68673  0.894297  3.57784  
1.34355  2.96301  1.52278  2.59318  
1.52278  2.59318  0.59126  3.82121  
0.000391891  4  2  0.000297655  
0.894297  3.57784  1.13381  3.29514  
2  0.000297655  1.67934  2.1724  
1.67934  2.1724  1.81349  1.68673  
1.13381  3.29514  1.34355  2.96301  
1.92284  1.10032  0.000391891  4  
0.912222  3.55969  1.79388  1.7686  
1.91417  1.15922  1.99997  0.0200829  
1.6564  2.24174  1.3987  2.85912  
1.34371  2.96273  0.000251792  4  
0.000251792  4  1.91417  1.15922  
0.611378  3.80853  1.34371  2.96273  
1.3987  2.85912  0.611378  3.80853  
1.79388  1.7686  1.6564  2.24174  
1.99997  0.0200829  1.51147  2.61951  
1.51147  2.61951  0.912222  3.55969  
1.57738  2.45917  1.57738  2.45917  
1.74301  1.96153  0.972467  3.49532  
0.972467  3.49532  1.74301  1.96153  
1.3645  2.92448  1.99955  0.0852879  
0.00204608  4  1.18602  3.22079  
0.750235  3.70791  1.87754  1.37816  
1.18602  3.22079  0.498485  3.87376  
1.87754  1.37816  0.00204608  4  
1.99955  0.0852879  0.750235  3.70791  
0.498485  3.87376  1.3645  2.92448  
0.434313  3.90455  1.07549  3.37242  
1.40488  2.84697  1.99956  0.0841353  
1.07491  3.37317  0.00132564  4  
1.53293  2.56914  0.55328  3.84389  
1.62809  2.32321  0.847385  3.62322  
0.936726  3.53414  1.64441  2.27676  
1.36456  2.92437  1.78556  1.80196  
1.39499  2.86637  1.91088  1.18071  
1.20272  3.19592  1.2827  3.069  
0.596376  3.81803  1.48203  2.68595  
1.64441  2.27676  0.553131  3.84398  
1.91088  1.18071  1.58713  2.43393  
1.99956  0.0841353  1.25134  3.12035  
1.48203  2.68595  1.97703  0.604548  
0.847385  3.62322  0.0030118  4  
0.55328  3.84389  1.43381  2.78869  
1.07549  3.37242  1.05823  3.3942  
1.2827  3.069  1.89261  1.29309  
0.00132564  4  0.813211  3.65442  
1.78556  1.80196  1.75327  1.92461  
1.54977  2.52841  1.16597  3.24992  
1.82849  1.62065  0.610005  3.80941  
1.92771  1.0657  1.37064  2.91296  
1.16597  3.24992  1.54977  2.52841  
1.70261  2.09869  1.82849  1.62065  
0.921129  3.5505  1.70261  2.09869  
0.610005  3.80941  1.92771  1.0657  
1.37064  2.91296  0.000385079  4  
0.000385079  4  0.921129  3.5505  
2  0.000319861  2  0.000319861  
2  0.000319861  1.37064  2.91296  
0.610005  3.80941  0.000385079  4  
0.000385079  4  1.70261  2.09869  
1.37064  2.91296  2  0.000319861  
1.70261  2.09869  1.82849  1.62065  
1.82849  1.62065  0.610005  3.80941  
1.92771  1.0657  1.54977  2.52841  
0.921129  3.5505  0.921129  3.5505  
1.16597  3.24992  1.16597  3.24992  
1.54977  2.52841  1.92771  1.0657  
1.92771  1.0657  1.54977  2.52841  
1.16597  3.24992  0.000385079  4  
2  0.000319861  1.92771  1.0657  
1.37064  2.91296  0.610005  3.80941  
1.70261  2.09869  2  0.000319861  
0.000385079  4  1.70261  2.09869  
1.54977  2.52841  1.82849  1.62065  
0.610005  3.80941  1.37064  2.91296  
0.921129  3.5505  1.16597  3.24992  
1.82849  1.62065  0.921129  3.5505  
1.16597  3.24992  1.16597  3.24992  
2  0.000319861  0.000385079  4  
0.921129  3.5505  0.921129  3.5505  
0.610005  3.80941  1.92771  1.0657  
1.92771  1.0657  1.37064  2.91296  
0.000385079  4  1.54977  2.52841  
1.54977  2.52841  0.610005  3.80941  
1.37064  2.91296  1.82849  1.62065  
1.82849  1.62065  1.70261  2.09869  
1.70261  2.09869  2  0.000319861  
1.70261  2.09869  0.921129  3.5505  
1.16597  3.24992  1.16597  3.24992  
0.610005  3.80941  0.000385079  4  
1.37064  2.91296  1.54977  2.52841  
1.54977  2.52841  2  0.000319861  
1.92771  1.0657  1.92771  1.0657  
0.000385079  4  1.37064  2.91296  
0.921129  3.5505  1.82849  1.62065  
2  0.000319861  1.70261  2.09869  
1.82849  1.62065  0.610005  3.80941  
0.921129  3.5505  1.37064  2.91296  
1.37064  2.91296  1.16597  3.24992  
0.610005  3.80941  1.92771  1.0657  
0.000385079  4  1.82849  1.62065  
2  0.000319861  0.921129  3.5505  
1.92771  1.0657  1.54977  2.52841  
1.82849  1.62065  2  0.000319861  
1.70261  2.09869  0.610005  3.80941  
1.54977  2.52841  1.70261  2.09869  
1.16597  3.24992  0.000385079  4  
0.000385079  4  0.610005  3.80941  
1.92771  1.0657  0.921129  3.5505  
0.610005  3.80941  1.70261  2.09869  
1.16597  3.24992  1.54977  2.52841  
1.54977  2.52841  1.82849  1.62065  
2  0.000319861  1.92771  1.0657  
0.921129  3.5505  1.16597  3.24992  
1.37064  2.91296  2  0.000319861  
1.82849  1.62065  0.000385079  4  
1.70261  2.09869  1.37064  2.91296  
1.37064  2.91296  1.54977  2.52841  
2  0.000319861  1.16597  3.24992  
1.82849  1.62065  2  0.000319861  
1.54977  2.52841  1.82849  1.62065  
0.921129  3.5505  1.70261  2.09869  
0.000385079  4  0.000385079  4  
1.70261  2.09869  1.37064  2.91296  
0.610005  3.80941  0.921129  3.5505  
1.16597  3.24992  1.92771  1.0657  
1.92771  1.0657  0.610005  3.80941  
2  0.000319861  2  0.000319861  
1.70261  2.09869  1.16597  3.24992  
1.54977  2.52841  1.37064  2.91296  
1.82849  1.62065  0.000385079  4  
0.921129  3.5505  0.921129  3.5505  
1.92771  1.0657  0.610005  3.80941  
1.37064  2.91296  1.82849  1.62065  
1.16597  3.24992  1.70261  2.09869  
0.610005  3.80941  1.92771  1.0657  
0.000385079  4  1.54977  2.52841  
0.921129  3.5505  1.82849  1.62065  
1.16597  3.24992  1.54977  2.52841  
1.92771  1.0657  0.921129  3.5505  
0.000385079  4  1.92771  1.0657  
1.82849  1.62065  1.16597  3.24992  
1.54977  2.52841  0.610005  3.80941  
1.70261  2.09869  1.70261  2.09869  
2  0.000319861  2  0.000319861  
1.37064  2.91296  1.37064  2.91296  
0.610005  3.80941  0.000385079  4  
0.609939  3.80945  1.16597  3.24992  
1.70274  2.09825  1.92771  1.0657  
0.921129  3.5505  0.609939  3.80945  
1.82849  1.62065  1.54977  2.52841  
1.37064  2.91296  0.000385079  4  
0.000385079  4  2  0.000319861  
1.16597  3.24992  1.70274  2.09825  
1.54977  2.52841  1.37064  2.91296  
1.92771  1.0657  0.921129  3.5505  
2  0.000319861  1.82849  1.62065  
1.37064  2.91296  1.54977  2.52841  
1.54977  2.52841  1.70274  2.09825  
0.000385079  4  0.000385079  4  
0.921129  3.5505  2  0.000319861  
1.16597  3.24992  1.37064  2.91296  
1.70274  2.09825  0.609939  3.80945  
1.92771  1.0657  1.16597  3.24992  
2  0.000319861  0.921129  3.5505  
1.82849  1.62065  1.82849  1.62065  
0.609939  3.80945  1.92771  1.0657  
0.921129  3.5505  1.70274  2.09825  
0.000385079  4  0.000385079  4  
1.92771  1.0657  0.921129  3.5505  
1.82849  1.62065  1.82849  1.62065  
1.16597  3.24992  2  0.000319861  
2  0.000319861  1.16597  3.24992  
1.70274  2.09825  0.609939  3.80945  
1.54977  2.52841  1.54977  2.52841  
0.609939  3.80945  1.92771  1.0657  
1.37064  2.91296  1.37064  2.91296  
2  0.000319861  0.921129  3.5505  
1.82849  1.62065  1.70274  2.09825  
1.54977  2.52841  0.609939  3.80945  
0.000385079  4  0.000385079  4  
1.37064  2.91296  1.82849  1.62065  
0.921129  3.5505  1.92771  1.0657  
1.70274  2.09825  1.54977  2.52841  
1.16597  3.24992  1.37064  2.91296  
1.92771  1.0657  1.16597  3.24992  
0.609939  3.80945  2  0.000319861  
1.82849  1.62065  1.92771  1.0657  
1.37064  2.91296  1.16597  3.24992  
2  0.000319861  1.54977  2.52841  
1.92771  1.0657  2  0.000319861  
1.70274  2.09825  0.000385079  4  
0.609939  3.80945  0.609939  3.80945  
0.000385079  4  1.37064  2.91296  
0.921129  3.5505  1.82849  1.62065  
1.54977  2.52841  1.70274  2.09825  
1.16597  3.24992  0.921129  3.5505  
2  0.000319861  1.37064  2.91296  
1.70274  2.09825  0.921129  3.5505  
1.82849  1.62065  0.609939  3.80945  
0.921129  3.5505  2  0.000319861  
1.37064  2.91296  1.54977  2.52841  
0.609939  3.80945  1.70274  2.09825  
1.16597  3.24992  1.92771  1.0657  
1.92771  1.0657  1.82849  1.62065  
0.000385079  4  1.16597  3.24992  
1.54977  2.52841  0.000385079  4  
1.70274  2.09825  1.82849  1.62065  
1.54977  2.52841  1.92771  1.0657  
1.37064  2.91296  1.70274  2.09825  
1.16597  3.24992  1.37064  2.91296  
1.82849  1.62065  0.609939  3.80945  
0.921129  3.5505  0.921129  3.5505  
2  0.000319861  0.000385079  4  
0.609939  3.80945  1.54977  2.52841  
0.000385079  4  1.16597  3.24992  
1.92771  1.0657  2  0.000319861  
1.82849  1.62065  0.921129  3.5505  
1.37064  2.91296  1.82849  1.62065  
1.16597  3.24992  1.37064  2.91296  
0.609939  3.80945  1.16597  3.24992  
0.921129  3.5505  1.54977  2.52841  
1.70274  2.09825  1.70274  2.09825  
1.92771  1.0657  2  0.000319861  
0.000385079  4  0.609939  3.80945  
1.54977  2.52841  0.000385079  4  
2  0.000319861  1.92771  1.0657  
0.921129  3.5505  1.16597  3.24992  
1.92771  1.0657  1.70274  2.09825  
0.609939  3.80945  1.37064  2.91296  
1.70274  2.09825  0.000385079  4  
0.000385079  4  0.609939  3.80945  
1.37064  2.91296  0.921129  3.5505  
1.82849  1.62065  1.82849  1.62065  
1.16597  3.24992  2  0.000319861  
1.54977  2.52841  1.54977  2.52841  
2  0.000319861  1.92771  1.0657  
1.16597  3.24992  1.82849  1.62065  
2  0.000319861  1.54977  2.52841  
1.54977  2.52841  0.161224  3.98698  
1.82849  1.62065  0.921129  3.5505  
0.921129  3.5505  2  0.000319861  
1.37064  2.91296  1.70274  2.09825  
0.000385079  4  1.37064  2.91296  
1.92771  1.0657  1.16597  3.24992  
0.609939  3.80945  0.609939  3.80945  
1.70274  2.09825  1.92771  1.0657  
1.37064  2.91296  0.609939  3.80945  
1.16597  3.24992  1.16597  3.24992  
0.921129  3.5505  0.921129  3.5505  
1.70274  2.09825  1.82849  1.62065  
0.609939  3.80945  1.37064  2.91296  
1.54977  2.52841  1.92771  1.0657  
1.92771  1.0657  1.70274  2.09825  
1.82849  1.62065  1.54977  2.52841  
2  0.000319861  2  0.000319861  
0.000385079  4  0.000385079  4  
0.000385079  4  1.54977  2.52841  
1.16597  3.24992  0.609939  3.80945  
1.54977  2.52841  2  0.000319861  
2  0.000319861  0.921129  3.5505  
1.37064  2.91296  1.70274  2.09825  
1.92771  1.0657  1.82849  1.62065  
1.82849  1.62065  1.92771  1.0657  
1.70274  2.09825  1.16597  3.24992  
0.609939  3.80945  1.37064  2.91296  
0.921129  3.5505  0.000385079  4  
1.37064  2.91296  1.54977  2.52841  
0.921129  3.5505  2  0.000319861  
1.54977  2.52841  1.92771  1.0657  
0.000385079  4  1.82849  1.62065  
1.82849  1.62065  0.921129  3.5505  
0.609939  3.80945  1.16597  3.24992  
1.16597  3.24992  0.609939  3.80945  
1.92771  1.0657  0.000385079  4  
2  0.000319861  1.37064  2.91296  
1.70274  2.09825  1.70274  2.09825  
2  0.000319861  1.16597  3.24992  
1.82849  1.62065  1.82849  1.62065  
0.609939  3.80945  1.70274  2.09825  
1.16597  3.24992  0.609939  3.80945  
0.000385079  4  1.37064  2.91296  
1.37064  2.91296  0.000385079  4  
0.921129  3.5505  2  0.000319861  
1.92771  1.0657  1.92771  1.0657  
1.54977  2.52841  1.54977  2.52841  
1.70274  2.09825  0.921129  3.5505  
1.37064  2.91296  1.37064  2.91296  
1.70274  2.09825  1.92771  1.0657  
1.16597  3.24992  0.921129  3.5505  
0.609939  3.80945  0.609939  3.80945  
2  0.000319861  2  0.000319861  
1.92771  1.0657  1.70274  2.09825  
1.54977  2.52841  0.000385079  4  
0.921129  3.5505  1.16597  3.24992  
1.82849  1.62065  1.54977  2.52841  
0.000385079  4  1.82849  1.62065  
1.70274  2.09825  1.16597  3.24992  
1.37064  2.91296  2  0.000319861  
0.921129  3.5505  1.92771  1.0657  
2  0.000319861  0.609939  3.80945  
1.92771  1.0657  1.54977  2.52841  
1.82849  1.62065  0.921129  3.5505  
1.16597  3.24992  0.000385079  4  
1.54977  2.52841  1.82849  1.62065  
0.000385079  4  1.70274  2.09825  
0.609939  3.80945  1.37064  2.91296  
2  0.000319861  2  0.000319861  
1.82849  1.62065  0.000385079  4  
1.37064  2.91296  0.609939  3.80945  
0.921129  3.5505  1.37064  2.91296  
1.54977  2.52841  1.70274  2.09825  
1.16597  3.24992  1.82849  1.62065  
0.000385079  4  1.92771  1.0657  
1.92771  1.0657  0.921129  3.5505  
1.70274  2.09825  1.16597  3.24992  
0.609939  3.80945  1.54977  2.52841  
1.54977  2.52841  1.16597  3.24992  
1.37064  2.91296  0.921129  3.5505  
1.70274  2.09825  1.92771  1.0657  
2  0.000319861  1.82849  1.62065  
0.921129  3.5505  0.609939  3.80945  
1.16597  3.24992  0.000385079  4  
1.92771  1.0657  1.70274  2.09825  
0.609939  3.80945  1.54977  2.52841  
0.000385079  4  1.37064  2.91296  
1.82849  1.62065  2  0.000319861  
1.70274  2.09825  0.921129  3.5505  
1.92771  1.0657  1.70274  2.09825  
0.000385079  4  0.000385079  4  
2  0.000319861  2  0.000319861  
1.37064  2.91296  1.92771  1.0657  
1.82849  1.62065  1.79224  1.77525  
0.609939  3.80945  1.37064  2.91296  
0.921129  3.5505  1.16597  3.24992  
1.54977  2.52841  1.54977  2.52841  
1.16597  3.24992  0.609939  3.80945  
1.54977  2.52841  1.37064  2.91296  
0.000385079  4  1.16597  3.24992  
2  0.000319861  1.92771  1.0657  
0.921129  3.5505  1.54977  2.52841  
1.16597  3.24992  0.000385079  4  
0.609939  3.80945  1.70274  2.09825  
1.92771  1.0657  1.82849  1.62065  
1.82849  1.62065  2  0.000319861  
1.70274  2.09825  0.921129  3.5505  
1.37064  2.91296  0.609939  3.80945  
0.921129  3.5505  1.70274  2.09825  
1.70274  2.09825  1.37064  2.91296  
1.16597  3.24992  2  0.000319861  
1.82849  1.62065  0.921129  3.5505  
0.609939  3.80945  1.92771  1.0657  
0.000385079  4  1.16597  3.24992  
1.54977  2.52841  0.000385079  4  
2  0.000319861  1.54977  2.52841  
1.92771  1.0657  0.609939  3.80945  
1.37064  2.91296  1.82849  1.62065  
1.16597  3.24992  0.921129  3.5505  
1.82849  1.62065  1.16597  3.24992  
2  0.000319861  1.54977  2.52841  
0.921129  3.5505  1.82849  1.62065  
0.609939  3.80945  0.609939  3.80945  
1.37064  2.91296  1.92771  1.0657  
1.70274  2.09825  2  0.000319861  
1.92771  1.0657  0.000385079  4  
1.54977  2.52841  1.70274  2.09825  
0.000385079  4  1.37064  2.91296  
2  0.000319861  1.37064  2.91296  
1.82849  1.62065  0.000385079  4  
0.000385079  4  1.82849  1.62065  
1.16597  3.24992  1.54977  2.52841  
1.54977  2.52841  0.609939  3.80945  
0.921129  3.5505  1.16597  3.24992  
1.92771  1.0657  1.70274  2.09825  
1.70274  2.09825  2  0.000319861  
0.609939  3.80945  0.921129  3.5505  
1.37064  2.91296  1.92771  1.0657  
1.92771  1.0657  1.82849  1.62065  
0.609939  3.80945  1.16597  3.24992  
1.16597  3.24992  1.92771  1.0657  
1.54977  2.52841  0.000385079  4  
1.82849  1.62065  0.921129  3.5505  
1.37064  2.91296  2  0.000319861  
2  0.000319861  0.609939  3.80945  
1.70274  2.09825  1.54977  2.52841  
0.000385079  4  1.37064  2.91296  
0.921129  3.5505  1.70274  2.09825  
1.37064  2.91296  1.54977  2.52841  
0.921129  3.5505  1.70274  2.09825  
1.70274  2.09825  0.609939  3.80945  
0.000385079  4  1.82849  1.62065  
2  0.000319861  0.000385079  4  
1.16597  3.24992  0.921129  3.5505  
1.92771  1.0657  1.16597  3.24992  
1.82849  1.62065  1.92771  1.0657  
0.609939  3.80945  2  0.000319861  
1.54977  2.52841  1.37064  2.91296  
1.70274  2.09825  1.54977  2.52841  
1.37064  2.91296  1.92771  1.0657  
0.921129  3.5505  1.16597  3.24992  
2  0.000319861  0.000385079  4  
1.92771  1.0657  1.37064  2.91296  
1.82849  1.62065  0.609939  3.80945  
1.16597  3.24992  0.921129  3.5505  
1.54977  2.52841  1.82849  1.62065  
0.000385079  4  2  0.000319861  
0.609939  3.80945  1.70274  2.09825  
1.37064  2.91296  1.54977  2.52841  
0.921129  3.5505  1.37064  2.91296  
1.70274  2.09825  0.000385079  4  
1.16597  3.24992  1.92771  1.0657  
1.54977  2.52841  0.921129  3.5505  
1.82849  1.62065  2  0.000319861  
0.000385079  4  1.82849  1.62065  
1.92771  1.0657  1.70274  2.09825  
2  0.000319861  1.16597  3.24992  
0.609939  3.80945  0.609939  3.80945  
0.000385079  4  1.16597  3.24992  
1.70274  2.09825  0.921129  3.5505  
1.54977  2.52841  1.82849  1.62065  
1.37064  2.91296  2  0.000319861  
1.16597  3.24992  1.92771  1.0657  
2  0.000319861  0.000385079  4  
1.82849  1.62065  0.609939  3.80945  
1.92771  1.0657  1.54977  2.52841  
0.921129  3.5505  1.37064  2.91296  
0.609939  3.80945  1.70274  2.09825  
0.000385079  4  0.000385079  4  
1.16597  3.24992  0.921129  3.5505  
0.609939  3.80945  0.609939  3.80945  
1.37064  2.91296  1.16597  3.24992  
1.54977  2.52841  2  0.000319861  
1.82849  1.62065  1.92771  1.0657  
2  0.000319861  1.37064  2.91296  
1.92771  1.0657  1.54977  2.52841  
0.921129  3.5505  1.6411  2.2863  
1.70274  2.09825  1.70274  2.09825  
0.000385079  4  1.54977  2.52841  
0.921129  3.5505  0.000385079  4  
1.37064  2.91296  1.82849  1.62065  
1.70274  2.09825  1.16597  3.24992  
2  0.000319861  1.70274  2.09825  
0.609939  3.80945  1.92771  1.0657  
1.16597  3.24992  0.609939  3.80945  
1.82849  1.62065  1.37064  2.91296  
1.92771  1.0657  0.921129  3.5505  
1.54977  2.52841  2  0.000319861  
1.92771  1.0657  0.000385079  4  
0.921129  3.5505  1.82849  1.62065  
0.000385079  4  1.70274  2.09825  
2  0.000319861  0.609939  3.80945  
0.609939  3.80945  1.16597  3.24992  
1.16597  3.24992  0.921129  3.5505  
1.70274  2.09825  1.54977  2.52841  
1.82849  1.62065  1.37064  2.91296  
1.54977  2.52841  1.92771  1.0657  
1.37064  2.91296  2  0.000319861  
1.82849  1.62065  2  0.000319861  
0.000385079  4  1.54977  2.52841  
1.70274  2.09825  0.000385079  4  
0.921129  3.5505  1.82849  1.62065  
1.16597  3.24992  0.609939  3.80945  
2  0.000319861  1.37064  2.91296  
0.609939  3.80945  0.921129  3.5505  
1.92771  1.0657  1.70274  2.09825  
1.37064  2.91296  1.92771  1.0657  
1.54977  2.52841  1.16597  3.24992  
0.609939  3.80945  1.37064  2.91296  
1.16597  3.24992  0.000385079  4  
1.70274  2.09825  1.92771  1.0657  
1.37064  2.91296  1.16597  3.24992  
0.921129  3.5505  1.70274  2.09825  
0.000385079  4  1.54977  2.52841  
1.92771  1.0657  2  0.000319861  
1.82849  1.62065  0.921129  3.5505  
2  0.000319861  1.82849  1.62065  
1.54977  2.52841  0.609939  3.80945  
1.16597  3.24992  1.82849  1.62065  
1.82849  1.62065  1.37064  2.91296  
0.921129  3.5505  1.70274  2.09825  
2  0.000319861  1.54977  2.52841  
1.70274  2.09825  1.92771  1.0657  
1.54977  2.52841  0.609939  3.80945  
0.000385079  4  0.921129  3.5505  
1.92771  1.0657  1.16597  3.24992  
1.37064  2.91296  2  0.000319861  
0.609939  3.80945  0.000385079  4  
1.54977  2.52841  1.82849  1.62065  
1.37064  2.91296  1.16597  3.24992  
1.92771  1.0657  2  0.000319861  
0.000385079  4  0.000385079  4  
0.609939  3.80945  1.54977  2.52841  
2  0.000319861  0.609939  3.80945  
1.82849  1.62065  1.70274  2.09825  
1.70274  2.09825  1.92771  1.0657  
1.16597  3.24992  0.921129  3.5505  
0.921129  3.5505  1.37064  2.91296  
1.70274  2.09825  1.92771  1.0657  
1.37064  2.91296  2  0.000319861  
0.921129  3.5505  0.609939  3.80945  
2  0.000319861  1.82849  1.62065  
1.92771  1.0657  1.16597  3.24992  
1.82849  1.62065  0.000385079  4  
1.16597  3.24992  1.70274  2.09825  
1.54977  2.52841  1.54977  2.52841  
0.000385079  4  0.921129  3.5505  
0.609939  3.80945  1.37064  2.91296  
1.16597  3.24992  0.000385079  4  
1.82849  1.62065  1.16597  3.24992  
1.54977  2.52841  2  0.000319861  
0.921129  3.5505  1.54977  2.52841  
1.37064  2.91296  1.37064  2.91296  
2  0.000319861  1.70274  2.09825  
0.609939  3.80945  1.82849  1.62065  
0.000385079  4  0.921129  3.5505  
1.92771  1.0657  1.92771  1.0657  
1.70274  2.09825  0.609939  3.80945  
0.609939  3.80945  1.82849  1.62065  
1.16597  3.24992  0.609939  3.80945  
0.000385079  4  0.000385079  4  
1.92771  1.0657  1.16597  3.24992  
1.37064  2.91296  0.921129  3.5505  
2  0.000319861  1.54977  2.52841  
1.54977  2.52841  1.37064  2.91296  
1.82849  1.62065  1.70274  2.09825  
0.921129  3.5505  2  0.000319861  
1.70274  2.09825  1.92771  1.0657  
0.921129  3.5505  1.70274  2.09825  
1.92771  1.0657  1.82849  1.62065  
1.70274  2.09825  1.54977  2.52841  
1.82849  1.62065  1.92771  1.0657  
0.000385079  4  1.37064  2.91296  
0.609939  3.80945  0.921129  3.5505  
1.16597  3.24992  0.000385079  4  
1.54977  2.52841  0.609939  3.80945  
2  0.000319861  1.16597  3.24992  
1.37064  2.91296  2  0.000319861  
1.82849  1.62065  2  0.000319861  
1.54977  2.52841  1.70274  2.09825  
0.609939  3.80945  1.54977  2.52841  
1.70274  2.09825  1.82849  1.62065  
0.921129  3.5505  0.921129  3.5505  
1.92771  1.0657  0.609939  3.80945  
2  0.000319861  1.92771  1.0657  
1.37064  2.91296  1.37064  2.91296  
0.000385079  4  0.000385079  4  
1.16597  3.24992  1.16597  3.24992  
0.000385079  4  0.921129  3.5505  
1.37064  2.91296  0.000385079  4  
1.70274  2.09825  1.16597  3.24992  
1.54977  2.52841  1.82849  1.62065  
1.82849  1.62065  1.70274  2.09825  
0.609939  3.80945  1.37064  2.91296  
1.92771  1.0657  2  0.000319861  
0.921129  3.5505  0.609939  3.80945  
2  0.000319861  1.92771  1.0657  
1.16597  3.24992  1.54977  2.52841  
1.16597  3.24992  2  0.000319861  
1.54977  2.52841  1.92771  1.0657  
0.609939  3.80945  1.82849  1.62065  
0.000385079  4  0.921129  3.5505  
2  0.000319861  1.16597  3.24992  
0.921129  3.5505  0.000385079  4  
1.82849  1.62065  1.54977  2.52841  
1.37064  2.91296  0.609939  3.80945  
1.70274  2.09825  1.37064  2.91296  
1.92771  1.0657  1.70274  2.09825  
1.92771  1.0657  1.82849  1.62065  
1.70274  2.09825  0.609939  3.80945  
1.82849  1.62065  1.37064  2.91296  
2  0.000319861  1.70274  2.09825  
0.609939  3.80945  1.92771  1.0657  
1.54977  2.52841  0.000385079  4  
1.37064  2.91296  0.921129  3.5505  
0.000385079  4  1.16597  3.24992  
0.921129  3.5505  2  0.000319861  
1.16597  3.24992  1.54977  2.52841  
1.16597  3.24992  1.54977  2.52841  
1.37064  2.91296  1.16597  3.24992  
0.609939  3.80945  0.000385079  4  
0.000385079  4  0.921129  3.5505  
1.70274  2.09825  2  0.000319861  
2  0.000319861  1.70274  2.09825  
1.54977  2.52841  1.82849  1.62065  
0.921129  3.5505  0.609939  3.80945  
1.92771  1.0657  1.37064  2.91296  
1.82849  1.62065  1.92771  1.0657  
1.82849  1.62065  1.92771  1.0657  
2  0.000319861  0.000385079  4  
0.609939  3.80945  1.82849  1.62065  
0.921129  3.5505  2  0.000319861  
1.70274  2.09825  1.37064  2.91296  
1.92771  1.0657  0.921129  3.5505  
1.37064  2.91296  1.70274  2.09825  
1.54977  2.52841  1.16597  3.24992  
1.16597  3.24992  0.609939  3.80945  
0.000385079  4  1.54977  2.52841  
0.609939  3.80945  0.000385079  4  
2  0.000319861  1.70274  2.09825  
1.16597  3.24992  0.921129  3.5505  
1.70274  2.09825  0.609939  3.80945  
1.92771  1.0657  1.16597  3.24992  
1.37064  2.91296  1.37064  2.91296  
0.921129  3.5505  1.92771  1.0657  
0.000385079  4  1.54977  2.52841  
1.82849  1.62065  1.82849  1.62065  
1.54977  2.52841  2  0.000319861  
1.37064  2.91296  1.70274  2.09825  
2  0.000319861  2  0.000319861  
0.000385079  4  1.82849  1.62065  
1.54977  2.52841  1.54977  2.52841  
0.921129  3.5505  1.16597  3.24992  
1.92771  1.0657  0.609939  3.80945  
1.16597  3.24992  1.37064  2.91296  
0.609939  3.80945  1.92771  1.0657  
1.82849  1.62065  0.921129  3.5505  
1.70274  2.09825  0.000385079  4  
0.000385079  4  1.92771  1.0657  
2  0.000319861  0.921129  3.5505  
1.54977  2.52841  0.609939  3.80945  
1.82849  1.62065  1.54977  2.52841  
1.92771  1.0657  1.82849  1.62065  
1.70274  2.09825  1.16597  3.24992  
0.921129  3.5505  1.70274  2.09825  
0.609939  3.80945  2  0.000319861  
1.37064  2.91296  0.000385079  4  
1.16597  3.24992  1.37064  2.91296  
1.37064  2.91296  0.000385079  4  
1.16597  3.24992  1.54977  2.52841  
0.921129  3.5505  1.16597  3.24992  
1.70274  2.09825  0.609939  3.80945  
1.82849  1.62065  2  0.000319861  
0.609939  3.80945  1.70274  2.09825  
1.54977  2.52841  1.37064  2.91296  
1.92771  1.0657  1.92771  1.0657  
2  0.000319861  0.921129  3.5505  
0.000385079  4  1.82849  1.62065  
1.37064  2.91296  1.70274  2.09825  
1.16597  3.24992  1.82849  1.62065  
2  0.000319861  1.92771  1.0657  
1.82849  1.62065  1.37064  2.91296  
0.921129  3.5505  1.54977  2.52841  
1.54977  2.52841  0.921129  3.5505  
1.70274  2.09825  1.16597  3.24992  
0.609939  3.80945  2  0.000319861  
1.92771  1.0657  0.609939  3.80945  
0.000385079  4  0.000385079  4  
