2.34389  2.60482  2.5352  2.21787  
2.55046  2.07989  2.32277  2.70307  
2.33863  2.95575  1.95789  3.83679  
2.15679  3.0282  2.69185  1.62596  
2.43858  2.22306  2.19438  3.01322  
2.42946  2.49129  2.60367  1.4707  
2.11432  3.25077  2.1433  3.40127  
2.53856  2.41297  2.58082  2.53981  
1.18844  4.37977  2.20052  3.06772  
2.75494  1.63859  2.43524  2.69585  
1.79976  3.59275  2.67797  1.63637  
2.23459  3.32904  2.01617  3.54693  
2.01045  3.42906  2.56137  2.03554  
1.94484  3.88384  2.51126  2.11228  
1.96574  3.77919  2.36065  2.58156  
2.57546  2.44234  2.51678  1.79789  
2.52418  2.26447  2.22092  3.09085  
2.44558  2.63519  2.09876  3.53055  
2.52077  2.31799  2.49431  1.79216  
1.993  3.81793  2.34446  2.21008  
2.45048  2.38861  2.40327  2.59461  
2.24666  3.1142  1.91644  3.77493  
1.94037  3.56083  2.32866  3.23076  
2.38541  2.62514  1.69956  4.07142  
2.59131  2.33441  2.06441  3.28347  
2.1649  2.82623  2.39955  2.49198  
2.53474  2.19551  2.5686  1.44725  
1.86972  3.76652  2.22285  3.17036  
2.03122  3.52352  2.37234  2.78011  
2.14169  3.14072  2.57386  2.41648  
1.65017  3.97592  2.40465  2.19288  
2.1162  3.39067  1.92241  3.81717  
2.10784  3.3951  2.5436  2.0239  
2.20876  3.18923  2.06148  3.41959  
2.0471  2.9039  2.40007  1.80727  
2.36302  2.90187  2.48705  2.12403  
2.29901  2.87675  2.25164  2.91316  
2.50473  2.42494  1.46594  4.33329  
2.18612  3.06982  2.35207  2.99785  
2.55533  2.39254  2.37563  2.48526  
2.50928  2.22708  1.98255  3.39776  
1.87392  3.66733  2.04268  3.59848  
2.50969  2.46713  2.19893  3.29547  
1.89045  3.70659  2.20385  2.93703  
2.45988  2.4804  1.93547  3.58011  
2.33353  2.36838  2.0731  3.24112  
1.83305  3.67904  2.63125  1.01515  
2.30352  2.92578  2.18914  2.792  
1.20848  4.29183  2.50137  2.61802  
2.49478  2.07182  2.55658  2.09983  
2.50085  1.76923  2.59379  2.33037  
2.57012  1.63856  2.199  3.4135  
2.27685  3.05375  2.29242  2.49285  
2.19597  2.94079  2.2419  3.03095  
2.40792  2.67975  1.72807  3.83527  
1.63525  4.19238  2.34711  2.94079  
2.04903  3.74639  1.96028  3.58966  
2.40225  2.30739  2.22533  3.22005  
2.11885  3.72755  2.00247  3.59852  
2.17913  2.96472  2.19525  2.96696  
2.46686  2.76857  2.13097  3.16216  
1.52464  4.14479  2.46455  2.12458  
1.30787  4.37101  2.55268  2.01437  
2.39296  2.21427  2.35731  2.18727  
1.71834  3.95816  2.37663  2.64713  
2.57289  1.65049  2.16974  3.05155  
2.07324  3.45931  2.41643  2.12001  
2.47512  1.73069  2.53163  2.1176  
2.05703  3.50755  2.15676  3.24729  
2.61115  2.09586  2.4619  2.32749  
2.09853  3.66293  2.58302  1.75533  
2.24852  2.67648  2.11562  2.88424  
2.08448  3.69255  1.90424  3.71592  
2.37306  2.51829  2.22767  3.32568  
2.13046  2.76628  2.25203  2.64343  
2.17645  3.46771  2.16588  3.56475  
2.48711  2.56766  1.65447  4.12027  
2.21475  3.20622  2.24655  2.46706  
2.19962  3.00481  2.17536  3.62229  
1.50469  4.27378  1.78675  3.95104  
2.49951  2.78823  1.92661  3.76399  
2.04488  3.64818  2.24446  3.16955  
2.45095  2.98832  2.36218  2.53914  
2.58703  1.90838  2.58424  2.2562  
2.17243  3.39033  2.64444  1.91011  
2.3309  2.95009  2.0655  3.49903  
2.5047  2.8656  2.01731  3.44955  
2.26022  3.25712  2.53494  2.07409  
2.48302  2.86654  1.80401  3.98634  
2.54623  1.18336  2.09397  3.39071  
2.59207  2.14651  2.0593  3.16254  
2.39949  2.31821  2.42634  2.54008  
2.04912  3.3904  1.96877  3.77764  
2.29289  2.85203  1.41565  4.33104  
2.49496  2.21965  2.34189  2.70434  
2.41698  2.82704  2.37437  2.66267  
2.60578  2.09484  2.1123  3.2719  
2.27441  3.16643  2.29553  2.82368  
2.09252  3.6018  1.79995  3.82105  
2.06986  3.42119  2.09212  3.33452  
0.972807  3.57249  1.21469  3.27043  
2.03718  0.0412411  0.673185  3.82954  
1.42367  2.91999  1.96575  1.09667  
1.86793  1.64759  2.03718  0.0412411  
1.74435  2.12101  0.972807  3.57249  
1.96575  1.09667  0.056771  4.03699  
0.056771  4.03699  1.59874  2.53642  
1.21469  3.27043  1.86793  1.64759  
0.673185  3.82954  1.74435  2.12101  
1.59874  2.53642  1.42367  2.91999  
0.673185  3.82954  2.03718  0.0412411  
1.21469  3.27043  1.59874  2.53642  
2.03718  0.0412411  1.21469  3.27043  
0.972807  3.57249  1.96575  1.09667  
0.056771  4.03699  1.42367  2.91999  
1.96575  1.09667  0.972807  3.57249  
1.74435  2.12101  0.056771  4.03699  
1.86793  1.64759  1.86793  1.64759  
1.42367  2.91999  0.673185  3.82954  
1.59874  2.53642  1.74435  2.12101  
1.42367  2.91999  2.03718  0.0412411  
0.673185  3.82954  1.21469  3.27043  
1.74435  2.12101  1.86793  1.64759  
0.056771  4.03699  0.673185  3.82954  
1.21469  3.27043  0.056771  4.03699  
1.86793  1.64759  0.972807  3.57249  
1.96575  1.09667  1.74435  2.12101  
0.972807  3.57249  1.96575  1.09667  
2.03718  0.0412411  1.42367  2.91999  
1.59874  2.53642  1.59874  2.53642  
0.972807  3.57249  1.86793  1.64759  
1.21469  3.27043  0.673185  3.82954  
1.42367  2.91999  0.965989  3.57968  
1.59874  2.53642  1.42367  2.91999  
1.86793  1.64759  1.59874  2.53642  
1.96575  1.09667  1.21469  3.27043  
2.03718  0.0412411  2.03718  0.0412411  
0.056771  4.03699  1.74435  2.12101  
1.74435  2.12101  2.00618  0.738742  
0.673185  3.82954  0.056771  4.03699  
1.96575  1.09667  1.21469  3.27043  
1.59874  2.53642  1.74435  2.12101  
1.86793  1.64759  0.673185  3.82954  
0.972807  3.57249  2.03718  0.0412411  
0.056771  4.03699  1.59874  2.53642  
2.03718  0.0412411  0.972807  3.57249  
1.42367  2.91999  0.056771  4.03699  
1.21469  3.27043  1.96575  1.09667  
0.673185  3.82954  1.42367  2.91999  
1.74435  2.12101  1.86793  1.64759  
1.59874  2.53642  2.03718  0.0412411  
2.03718  0.0412411  1.42367  2.91999  
1.86793  1.64759  0.673185  3.82954  
1.74435  2.12101  1.59874  2.53642  
0.056771  4.03699  1.96575  1.09667  
1.42367  2.91999  0.056771  4.03699  
1.96575  1.09667  1.86793  1.64759  
1.21469  3.27043  1.21469  3.27043  
0.673185  3.82954  1.74435  2.12101  
0.972807  3.57249  1.60706  2.51547  
1.74435  2.12101  1.96575  1.09667  
1.21469  3.27043  1.42367  2.91999  
0.673185  3.82954  0.056771  4.03699  
1.96575  1.09667  0.972807  3.57249  
1.42367  2.91999  1.59874  2.53642  
1.59874  2.53642  1.21469  3.27043  
1.86793  1.64759  0.673185  3.82954  
0.972807  3.57249  1.74435  2.12101  
2.03718  0.0412411  1.86793  1.64759  
0.056771  4.03699  2.03718  0.0412411  
1.86793  1.64759  1.96575  1.09667  
0.673185  3.82954  1.90887  1.44685  
1.21469  3.27043  1.74435  2.12101  
0.972807  3.57249  1.59874  2.53642  
1.96575  1.09667  0.056771  4.03699  
1.74435  2.12101  1.42367  2.91999  
0.056771  4.03699  1.21469  3.27043  
2.03718  0.0412411  1.86793  1.64759  
1.42367  2.91999  0.673185  3.82954  
1.59874  2.53642  0.972807  3.57249  
1.59874  2.53642  1.96575  1.09667  
1.42367  2.91999  0.056771  4.03699  
0.972807  3.57249  1.59874  2.53642  
0.056771  4.03699  0.673185  3.82954  
1.86793  1.64759  1.69925  2.26207  
2.03718  0.0412411  1.42367  2.91999  
1.74435  2.12101  1.21469  3.27043  
1.96575  1.09667  1.74435  2.12101  
0.673185  3.82954  2.03718  0.0412411  
1.21469  3.27043  0.972807  3.57249  
0.056771  4.03699  0.972807  3.57249  
1.21469  3.27043  1.42367  2.91999  
2.03718  0.0412411  1.59874  2.53642  
1.42367  2.91999  0.673185  3.82954  
1.96575  1.09667  0.056771  4.03699  
1.74435  2.12101  1.74435  2.12101  
0.972807  3.57249  1.96575  1.09667  
1.59874  2.53642  1.21469  3.27043  
1.86793  1.64759  2.03718  0.0412411  
0.673185  3.82954  1.86793  1.64759  
1.96703  1.08733  2.03718  0.0404242  
0.972922  3.57237  1.87044  1.63616  
1.22272  3.25867  0.056771  4.03699  
0.056771  4.03699  1.43044  2.9069  
2.03718  0.0404242  1.74826  2.10813  
1.87044  1.63616  1.22272  3.25867  
0.673185  3.82954  0.972922  3.57237  
1.6041  2.52296  0.673185  3.82954  
1.74826  2.10813  1.96703  1.08733  
1.43044  2.9069  1.6041  2.52296  
1.43044  2.9069  1.87044  1.63616  
0.673185  3.82954  0.972922  3.57237  
1.87044  1.63616  1.74826  2.10813  
1.22272  3.25867  0.056771  4.03699  
2.03718  0.0404242  0.673185  3.82954  
0.056771  4.03699  1.22272  3.25867  
0.972922  3.57237  1.43044  2.9069  
1.6041  2.52296  1.96703  1.08733  
1.74826  2.10813  2.03718  0.0404242  
1.96703  1.08733  1.6041  2.52296  
1.22272  3.25867  1.96703  1.08733  
0.673185  3.82954  1.43044  2.9069  
1.43044  2.9069  0.972922  3.57237  
1.74826  2.10813  1.87044  1.63616  
1.87044  1.63616  1.74826  2.10813  
1.96703  1.08733  1.22272  3.25867  
2.03718  0.0404242  1.6041  2.52296  
0.972922  3.57237  2.03718  0.0404242  
1.6041  2.52296  0.673185  3.82954  
0.056771  4.03699  0.056771  4.03699  
1.87044  1.63616  1.43044  2.9069  
1.96703  1.08733  1.96703  1.08733  
1.43044  2.9069  1.91653  1.40548  
2.03718  0.0404242  1.74826  2.10813  
0.673185  3.82954  2.03718  0.0404242  
1.22272  3.25867  1.87044  1.63616  
0.056771  4.03699  1.22272  3.25867  
1.6041  2.52296  0.673185  3.82954  
1.74826  2.10813  0.056771  4.03699  
0.972922  3.57237  0.972922  3.57237  
0.056771  4.03699  1.96703  1.08733  
2.03718  0.0404242  0.972922  3.57237  
1.74826  2.10813  1.87044  1.63616  
1.87044  1.63616  1.74826  2.10813  
0.673185  3.82954  1.22272  3.25867  
1.22272  3.25867  2.03718  0.0404242  
0.972922  3.57237  1.43044  2.9069  
1.96703  1.08733  1.6041  2.52296  
1.43044  2.9069  0.056771  4.03699  
1.6041  2.52296  0.673185  3.82954  
1.6041  2.52296  1.6041  2.52296  
0.972922  3.57237  0.673185  3.82954  
1.43044  2.9069  1.96703  1.08733  
0.673185  3.82954  1.74826  2.10813  
1.87044  1.63616  2.03718  0.0404242  
1.74826  2.10813  0.0790887  4.0363  
0.056771  4.03699  1.43044  2.9069  
2.03718  0.0404242  1.45358  2.86123  
1.96703  1.08733  1.22272  3.25867  
1.22272  3.25867  1.87044  1.63616  
1.87044  1.63616  1.6041  2.52296  
1.74826  2.10813  1.43044  2.9069  
1.22272  3.25867  1.87044  1.63616  
1.96703  1.08733  0.056771  4.03699  
1.6041  2.52296  1.74826  2.10813  
0.056771  4.03699  1.22272  3.25867  
0.972922  3.57237  2.03718  0.0404242  
2.03718  0.0404242  0.972922  3.57237  
1.43044  2.9069  0.673185  3.82954  
0.673185  3.82954  1.96703  1.08733  
2.03718  0.0404242  1.74826  2.10813  
1.74826  2.10813  2.03718  0.0404242  
1.96703  1.08733  0.673185  3.82954  
1.43044  2.9069  1.6041  2.52296  
0.972922  3.57237  1.43044  2.9069  
1.22272  3.25867  1.96703  1.08733  
1.6041  2.52296  1.87044  1.63616  
1.87044  1.63616  1.22272  3.25867  
0.673185  3.82954  0.056771  4.03699  
0.056771  4.03699  0.972922  3.57237  
1.74826  2.10813  0.972922  3.57237  
2.03718  0.0404242  1.08587  3.44321  
1.87044  1.63616  1.22272  3.25867  
0.673185  3.82954  1.74826  2.10813  
1.6041  2.52296  2.03718  0.0404242  
0.056771  4.03699  1.6041  2.52296  
1.22272  3.25867  1.96703  1.08733  
1.43044  2.9069  0.673185  3.82954  
1.96703  1.08733  1.87044  1.63616  
0.972922  3.57237  0.056771  4.03699  
1.22272  3.25867  1.87044  1.63616  
1.6041  2.52296  2.03718  0.0404242  
0.056771  4.03699  1.6041  2.52296  
1.74826  2.10813  0.972922  3.57237  
0.972922  3.57237  1.22272  3.25867  
1.96703  1.08733  0.056771  4.03699  
1.43044  2.9069  1.74826  2.10813  
2.03718  0.0404242  0.673185  3.82954  
0.673185  3.82954  1.96703  1.08733  
1.87044  1.63616  1.43044  2.9069  
0.673185  3.82954  1.74826  2.10813  
1.43044  2.9069  1.43044  2.9069  
0.056771  4.03699  1.96703  1.08733  
1.87044  1.63616  2.03718  0.0404242  
1.22272  3.25867  0.056771  4.03699  
0.972922  3.57237  0.972922  3.57237  
1.74826  2.10813  1.87044  1.63616  
2.03718  0.0404242  1.22272  3.25867  
1.96703  1.08733  0.673185  3.82954  
1.60409  2.52299  1.60409  2.52299  
1.43044  2.9069  1.87044  1.63616  
1.22272  3.25867  2.03718  0.0404242  
1.74826  2.10813  1.96703  1.08733  
0.972922  3.57237  1.38556  2.99142  
0.673185  3.82954  1.60409  2.52299  
1.60409  2.52299  1.22272  3.25867  
1.96703  1.08733  0.972922  3.57237  
0.056771  4.03699  0.673185  3.82954  
2.03718  0.0404242  0.056771  4.03699  
1.87044  1.63616  1.74826  2.10813  
0.673185  3.82954  0.972922  3.57237  
2.03718  0.0404242  1.22272  3.25867  
1.60409  2.52299  1.87044  1.63616  
0.972922  3.57237  1.74826  2.10813  
1.87044  1.63616  1.96703  1.08733  
1.22272  3.25867  0.056771  4.03699  
1.43044  2.9069  1.60409  2.52299  
1.96703  1.08733  2.03718  0.0404242  
1.74826  2.10813  1.43044  2.9069  
0.056771  4.03699  0.673185  3.82954  
1.96703  1.08733  1.74826  2.10813  
0.056771  4.03699  2.03718  0.0404242  
2.03718  0.0404242  1.43044  2.9069  
1.74826  2.10813  0.972922  3.57237  
1.60409  2.52299  0.673185  3.82954  
1.22272  3.25867  1.96703  1.08733  
1.87044  1.63616  0.056771  4.03699  
0.673185  3.82954  1.22272  3.25867  
0.972922  3.57237  1.87044  1.63616  
1.43044  2.9069  1.60409  2.52299  
2.03718  0.0404242  0.673185  3.82954  
1.96703  1.08733  1.22272  3.25867  
1.74826  2.10813  1.96703  1.08733  
0.972922  3.57237  1.74826  2.10813  
1.22272  3.25867  2.03718  0.0404242  
1.87044  1.63616  1.87044  1.63616  
1.43044  2.9069  0.972922  3.57237  
1.60409  2.52299  1.43044  2.9069  
0.673185  3.82954  0.056771  4.03699  
0.056771  4.03699  1.60409  2.52299  
1.87044  1.63616  0.673185  3.82954  
1.43044  2.9069  1.22272  3.25867  
2.03718  0.0404242  1.96703  1.08733  
1.60409  2.52299  2.03718  0.0404242  
1.96703  1.08733  0.056771  4.03699  
0.972922  3.57237  1.74826  2.10813  
1.22272  3.25867  1.43044  2.9069  
0.673185  3.82954  1.60409  2.52299  
1.74826  2.10813  1.87044  1.63616  
0.056771  4.03699  0.972922  3.57237  
1.43044  2.9069  1.87044  1.63616  
1.74826  2.10813  1.22272  3.25867  
0.972922  3.57237  0.056771  4.03699  
1.87044  1.63616  0.972922  3.57237  
0.056771  4.03699  1.74826  2.10813  
1.96703  1.08733  1.60409  2.52299  
0.673185  3.82954  1.43044  2.9069  
2.03718  0.0404242  1.85707  1.69609  
1.60409  2.52299  0.673185  3.82954  
1.22272  3.25867  2.03718  0.0404242  
1.60409  2.52299  1.47462  2.81838  
0.972922  3.57237  2.03718  0.0404242  
0.056771  4.03699  1.96703  1.08733  
1.96703  1.08733  1.87044  1.63616  
1.74826  2.10813  1.22272  3.25867  
1.87044  1.63616  1.60409  2.52299  
0.673185  3.82954  0.972922  3.57237  
1.43044  2.9069  0.056771  4.03699  
2.03718  0.0404242  0.673185  3.82954  
1.22272  3.25867  1.74826  2.10813  
0.056771  4.03699  0.056771  4.03699  
1.43044  2.9069  1.96703  1.08733  
0.673185  3.82954  0.972922  3.57237  
2.03718  0.0404242  1.60409  2.52299  
1.87044  1.63616  1.43044  2.9069  
1.60409  2.52299  1.87044  1.63616  
1.96703  1.08733  1.4679  2.83222  
1.22272  3.25867  1.22272  3.25867  
1.74826  2.10813  2.03718  0.0404242  
0.972922  3.57237  0.673185  3.82954  
1.22272  3.25867  1.60409  2.52299  
1.96703  1.08733  2.03718  0.0404242  
0.673185  3.82954  1.22272  3.25867  
0.056771  4.03699  1.96703  1.08733  
1.74826  2.10813  1.87044  1.63616  
0.972922  3.57237  1.43044  2.9069  
2.03718  0.0404242  1.74826  2.10813  
1.87044  1.63616  0.673185  3.82954  
1.43044  2.9069  0.056771  4.03699  
1.60409  2.52299  0.972922  3.57237  
2.03718  0.0404242  1.96703  1.08733  
1.60409  2.52299  1.43044  2.9069  
1.96703  1.08733  1.60409  2.52299  
1.74826  2.10813  2.03718  0.0404242  
0.972922  3.57237  1.74826  2.10813  
0.056771  4.03699  0.056771  4.03699  
0.673185  3.82954  1.87044  1.63616  
1.43044  2.9069  1.22272  3.25867  
1.87044  1.63616  1.27393  3.18071  
1.22272  3.25867  0.972922  3.57237  
0.972922  3.57237  2.03718  0.0404242  
1.74826  2.10813  1.74826  2.10813  
0.673185  3.82954  0.972922  3.57237  
0.056771  4.03699  0.673185  3.82954  
1.96703  1.08733  1.60409  2.52299  
1.43044  2.9069  0.056771  4.03699  
1.22272  3.25867  1.22272  3.25867  
1.87044  1.63616  1.43044  2.9069  
2.03718  0.0404242  1.94749  1.22159  
1.60409  2.52299  1.87044  1.63616  
1.43044  2.9069  1.43044  2.9069  
0.673185  3.82954  1.87044  1.63616  
1.22272  3.25867  0.972922  3.57237  
1.87044  1.63616  1.22272  3.25867  
1.74826  2.10813  2.03718  0.0404242  
0.972922  3.57237  1.60409  2.52299  
2.03718  0.0404242  0.056771  4.03699  
0.056771  4.03699  1.74826  2.10813  
1.96703  1.08733  0.673185  3.82954  
1.60409  2.52299  1.96703  1.08733  
1.87044  1.63616  1.96703  1.08733  
0.056771  4.03699  1.74826  2.10813  
1.74826  2.10813  0.673185  3.82954  
1.60409  2.52299  1.43044  2.9069  
2.03718  0.0404242  1.87044  1.63616  
1.43044  2.9069  0.056771  4.03699  
1.22272  3.25867  1.22272  3.25867  
0.972922  3.57237  1.60409  2.52299  
0.673185  3.82954  0.972922  3.57237  
1.96703  1.08733  2.03718  0.0404242  
1.43044  2.9069  1.74826  2.10813  
0.673185  3.82954  0.972922  3.57237  
1.96703  1.08733  1.22272  3.25867  
1.22272  3.25867  1.43044  2.9069  
0.972922  3.57237  1.96703  1.08733  
1.74826  2.10813  0.056771  4.03699  
1.60409  2.52299  2.03718  0.0404242  
1.87044  1.63616  1.87044  1.63616  
0.056771  4.03699  0.673185  3.82954  
2.03718  0.0404242  1.60409  2.52299  
0.972922  3.57237  2.03718  0.0404242  
1.60409  2.52299  1.60409  2.52299  
0.056771  4.03699  0.972922  3.57237  
1.87044  1.63616  0.056771  4.03699  
0.673185  3.82954  1.96703  1.08733  
1.74826  2.10813  1.87044  1.63616  
2.03718  0.0404242  1.74826  2.10813  
1.22272  3.25867  0.673185  3.82954  
1.43044  2.9069  1.22272  3.25867  
1.96703  1.08733  1.43044  2.9069  
1.96703  1.08733  0.673185  3.82954  
0.056771  4.03699  2.03718  0.0404242  
2.03718  0.0404242  1.22272  3.25867  
1.22272  3.25867  1.43044  2.9069  
0.673185  3.82954  1.96703  1.08733  
1.87044  1.63616  1.74826  2.10813  
1.60409  2.52299  0.056771  4.03699  
1.43044  2.9069  1.60409  2.52299  
0.972922  3.57237  0.972922  3.57237  
1.74826  2.10813  1.87044  1.63616  
0.673185  3.82954  0.056771  4.03699  
0.056771  4.03699  1.60409  2.52299  
1.74826  2.10813  2.03718  0.0404242  
1.22272  3.25867  1.43044  2.9069  
2.03718  0.0404242  0.972922  3.57237  
1.43044  2.9069  1.87044  1.63616  
1.96703  1.08733  1.83088  1.80652  
1.87044  1.63616  1.74826  2.10813  
1.60409  2.52299  1.22272  3.25867  
0.972922  3.57237  1.96703  1.08733  
1.74826  2.10813  0.972922  3.57237  
0.673185  3.82954  2.03718  0.0404242  
1.87044  1.63616  1.60409  2.52299  
1.60409  2.52299  0.673185  3.82954  
1.22272  3.25867  1.96703  1.08733  
2.03718  0.0404242  1.22272  3.25867  
0.972922  3.57237  0.056771  4.03699  
1.43044  2.9069  1.74826  2.10813  
0.056771  4.03699  1.87044  1.63616  
1.96703  1.08733  1.43044  2.9069  
1.60409  2.52299  2.03718  0.0404242  
1.74826  2.10813  1.22272  3.25867  
1.87044  1.63616  0.673185  3.82954  
0.972922  3.57237  1.60409  2.52299  
2.03718  0.0404242  0.972922  3.57237  
1.96703  1.08733  1.96703  1.08733  
1.43044  2.9069  1.74826  2.10813  
0.673185  3.82954  1.43044  2.9069  
1.22272  3.25867  1.87044  1.63616  
0.056771  4.03699  0.056771  4.03699  
0.972922  3.57237  0.841466  3.69949  
2.03718  0.0404242  2.03718  0.0404242  
1.96703  1.08733  0.056771  4.03699  
1.43044  2.9069  1.22272  3.25867  
0.673185  3.82954  0.673185  3.82954  
1.60409  2.52299  1.60409  2.52299  
1.74826  2.10813  1.1109  3.41187  
0.056771  4.03699  1.96703  1.08733  
1.22272  3.25867  1.74826  2.10813  
1.87044  1.63616  1.43044  2.9069  
0.972922  3.57237  1.43044  2.9069  
0.056771  4.03699  1.74826  2.10813  
1.22272  3.25867  1.96703  1.08733  
1.74826  2.10813  1.60409  2.52299  
2.03718  0.0404242  1.22272  3.25867  
1.87044  1.63616  2.03718  0.0404242  
0.673185  3.82954  0.673185  3.82954  
1.43044  2.9069  0.056771  4.03699  
1.96703  1.08733  1.87044  1.63616  
1.60409  2.52299  0.972922  3.57237  
1.43044  2.9069  1.22272  3.25867  
1.74826  2.10813  0.972922  3.57237  
0.056771  4.03699  1.43044  2.9069  
2.03718  0.0404242  1.87044  1.63616  
0.673185  3.82954  1.74826  2.10813  
1.96703  1.08733  0.673185  3.82954  
1.22272  3.25867  1.60409  2.52299  
0.972922  3.57237  0.056771  4.03699  
1.87044  1.63616  2.03718  0.0404242  
1.60409  2.52299  1.96703  1.08733  
1.43044  2.9069  1.60409  2.52299  
1.74826  2.10813  0.056771  4.03699  
1.87044  1.63616  1.87044  1.63616  
0.972922  3.57237  1.96703  1.08733  
0.056771  4.03699  1.43044  2.9069  
1.22272  3.25867  0.972922  3.57237  
0.673185  3.82954  1.74826  2.10813  
2.03718  0.0404242  1.22272  3.25867  
1.60409  2.52299  1.96898  1.07285  
1.96703  1.08733  0.673185  3.82954  
1.87044  1.63616  1.87044  1.63616  
2.03718  0.0404242  2.03718  0.0404242  
1.43044  2.9069  1.60409  2.52299  
0.056771  4.03699  1.43044  2.9069  
1.60409  2.52299  1.74826  2.10813  
1.74826  2.10813  0.522089  3.91784  
1.22272  3.25867  0.673185  3.82954  
0.972922  3.57237  1.96703  1.08733  
0.673185  3.82954  0.972922  3.57237  
1.96703  1.08733  1.22272  3.25867  
0.056771  4.03699  2.03718  0.0404242  
1.87044  1.63616  0.673185  3.82954  
0.972922  3.57237  1.87044  1.63616  
0.673185  3.82954  1.74826  2.10813  
1.96703  1.08733  0.972922  3.57237  
2.03718  0.0404242  1.22272  3.25867  
1.74826  2.10813  1.15899  3.3487  
1.43044  2.9069  1.60409  2.52299  
1.22272  3.25867  0.056771  4.03699  
1.60409  2.52299  1.96703  1.08733  
1.96703  1.08733  0.673185  3.82954  
1.43044  2.9069  1.60409  2.52299  
0.673185  3.82954  1.43044  2.9069  
2.03718  0.0404242  1.96703  1.08733  
1.22272  3.25867  1.22272  3.25867  
0.972922  3.57237  0.056771  4.03699  
1.60409  2.52299  2.03718  0.0404242  
0.056771  4.03699  1.74826  2.10813  
1.74826  2.10813  0.972922  3.57237  
1.87044  1.63616  1.87044  1.63616  
0.972922  3.57237  0.972922  3.57237  
1.60409  2.52299  1.22272  3.25867  
0.056771  4.03699  2.03718  0.0404242  
1.87044  1.63616  1.96703  1.08733  
0.673185  3.82954  1.43044  2.9069  
1.74826  2.10813  1.87044  1.63616  
2.03718  0.0404242  0.056771  4.03699  
1.22272  3.25867  1.60409  2.52299  
1.43044  2.9069  0.673185  3.82954  
1.96703  1.08733  1.74826  2.10813  
1.22272  3.25867  1.87044  1.63616  
1.43044  2.9069  1.22272  3.25867  
0.056771  4.03699  1.74826  2.10813  
2.03718  0.0404242  0.673185  3.82954  
1.87044  1.63616  0.0775819  4.03637  
0.673185  3.82954  1.43044  2.9069  
1.74826  2.10813  0.056771  4.03699  
0.972922  3.57237  1.96703  1.08733  
1.60409  2.52299  1.60409  2.52299  
1.96703  1.08733  0.972922  3.57237  
0.972922  3.57237  0.673185  3.82954  
2.03718  0.0404242  1.22272  3.25867  
1.96703  1.08733  2.03718  0.0404242  
0.056771  4.03699  1.43044  2.9069  
0.673185  3.82954  1.60409  2.52299  
1.60409  2.52299  1.87044  1.63616  
1.74826  2.10813  0.972922  3.57237  
1.43044  2.9069  1.96703  1.08733  
1.87044  1.63616  1.74826  2.10813  
1.22272  3.25867  1.19421  3.29988  
0.673185  3.82954  2.03718  0.0404242  
0.056771  4.03699  1.60409  2.52299  
1.60409  2.52299  1.22272  3.25867  
2.03718  0.0404242  0.056771  4.03699  
1.43044  2.9069  1.87044  1.63616  
0.972922  3.57237  0.972922  3.57237  
1.96703  1.08733  0.673185  3.82954  
1.87044  1.63616  1.74826  2.10813  
1.22272  3.25867  1.43044  2.9069  
1.74826  2.10813  1.96703  1.08733  
0.673185  3.82954  1.96703  1.08733  
1.43044  2.9069  1.87044  1.63616  
0.972922  3.57237  1.74826  2.10813  
2.03718  0.0404242  0.673185  3.82954  
1.96703  1.08733  0.972922  3.57237  
1.22272  3.25867  0.056771  4.03699  
1.87044  1.63616  1.22272  3.25867  
0.056771  4.03699  1.60409  2.52299  
1.74826  2.10813  2.03718  0.0404242  
1.60409  2.52299  1.43044  2.9069  
0.673185  3.82954  0.972922  3.57237  
1.96703  1.08733  1.22272  3.25867  
0.972922  3.57237  0.673185  3.82954  
1.60409  2.52299  1.74826  2.10813  
1.43044  2.9069  0.056771  4.03699  
1.74826  2.10813  2.03718  0.0404242  
1.22272  3.25867  1.60409  2.52299  
0.056771  4.03699  1.43044  2.9069  
2.03718  0.0404242  1.96703  1.08733  
1.87044  1.63616  1.87044  1.63616  
1.74826  2.10813  1.74826  2.10813  
1.22272  3.25867  1.22272  3.25867  
1.60409  2.52299  1.43044  2.9069  
0.056771  4.03699  0.056771  4.03699  
1.96703  1.08733  1.60409  2.52299  
2.03718  0.0404242  1.87044  1.63616  
1.43044  2.9069  1.96703  1.08733  
1.87044  1.63616  0.972922  3.57237  
0.972922  3.57237  0.673185  3.82954  
0.673185  3.82954  2.03718  0.0404242  
0.972922  3.57237  0.673185  3.82954  
1.60409  2.52299  1.60409  2.52299  
0.056771  4.03699  0.972922  3.57237  
1.87044  1.63616  1.4565  2.85537  
0.673185  3.82954  2.03718  0.0404242  
1.74826  2.10813  1.22272  3.25867  
2.03718  0.0404242  0.056771  4.03699  
1.22272  3.25867  1.87044  1.63616  
1.43044  2.9069  1.74826  2.10813  
1.96703  1.08733  1.43044  2.9069  
0.056771  4.03699  1.87044  1.63616  
1.22272  3.25867  1.60409  2.52299  
1.96703  1.08733  0.673185  3.82954  
2.03718  0.0404242  0.972922  3.57237  
1.87044  1.63616  1.22272  3.25867  
0.972922  3.57237  2.03718  0.0404242  
1.60409  2.52299  1.96703  1.08733  
1.43044  2.9069  0.056771  4.03699  
0.673185  3.82954  1.43044  2.9069  
1.74826  2.10813  1.74826  2.10813  
1.22272  3.25867  0.673185  3.82954  
1.43044  2.9069  0.056771  4.03699  
1.60409  2.52299  1.60409  2.52299  
1.96703  1.08733  1.87044  1.63616  
1.74826  2.10813  1.74826  2.10813  
2.03718  0.0404242  1.96703  1.08733  
0.056771  4.03699  1.22272  3.25867  
0.673185  3.82954  2.03718  0.0404242  
0.972922  3.57237  1.43044  2.9069  
1.87044  1.63616  0.972922  3.57237  
2.03718  0.0404242  0.673185  3.82954  
1.96703  1.08733  1.43044  2.9069  
1.43044  2.9069  0.056771  4.03699  
1.22272  3.25867  1.74826  2.10813  
1.87044  1.63616  2.03718  0.0404242  
1.74826  2.10813  1.96703  1.08733  
1.60409  2.52299  1.22272  3.25867  
0.673185  3.82954  1.60409  2.52299  
0.972922  3.57237  1.87044  1.63616  
0.056771  4.03699  0.961173  3.58471  
0.673185  3.82954  1.96703  1.08733  
1.22272  3.25867  1.43044  2.9069  
0.972922  3.57237  0.972922  3.57237  
1.74826  2.10813  1.65269  2.39526  
1.96703  1.08733  1.22272  3.25867  
2.03718  0.0404242  1.74826  2.10813  
1.87044  1.63616  2.03718  0.0404242  
1.60409  2.52299  0.673185  3.82954  
0.056771  4.03699  1.87044  1.63616  
1.43044  2.9069  0.056771  4.03699  
1.60409  2.52299  0.673185  3.82954  
2.03718  0.0404242  1.37261  3.01486  
0.673185  3.82954  0.056771  4.03699  
1.22272  3.25867  1.43044  2.9069  
0.972922  3.57237  1.74826  2.10813  
1.87044  1.63616  2.03718  0.0404242  
1.43044  2.9069  1.60409  2.52299  
1.96703  1.08733  1.22272  3.25867  
0.056771  4.03699  0.972922  3.57237  
1.74826  2.10813  1.96703  1.08733  
1.96703  1.08733  0.972922  3.57237  
2.03718  0.0404242  1.43044  2.9069  
0.056771  4.03699  0.673185  3.82954  
1.60409  2.52299  2.03718  0.0404242  
1.43044  2.9069  1.22272  3.25867  
0.673185  3.82954  0.056771  4.03699  
1.22272  3.25867  1.87044  1.63616  
0.972922  3.57237  1.74826  2.10813  
1.74826  2.10813  1.96703  1.08733  
1.87044  1.63616  1.60409  2.52299  
1.43044  2.9069  1.96703  1.08733  
0.673185  3.82954  1.87044  1.63616  
1.60409  2.52299  0.972922  3.57237  
1.74826  2.10813  0.056771  4.03699  
1.96703  1.08733  0.673185  3.82954  
2.03718  0.0404242  1.43044  2.9069  
0.056771  4.03699  1.22272  3.25867  
1.22272  3.25867  2.03718  0.0404242  
0.972922  3.57237  1.79118  1.95915  
1.87044  1.63616  1.60409  2.52299  
0.056771  4.03699  0.254235  4.01356  
1.74826  2.10813  0.673185  3.82954  
1.22272  3.25867  1.74826  2.10813  
2.03718  0.0404242  1.22272  3.25867  
0.673185  3.82954  0.972922  3.57237  
1.60409  2.52299  1.43044  2.9069  
0.972922  3.57237  1.96703  1.08733  
1.96703  1.08733  1.60409  2.52299  
1.87044  1.63616  1.87044  1.63616  
1.43044  2.9069  2.03718  0.0404242  
0.056771  4.03699  1.60409  2.52299  
0.972922  3.57237  1.96703  1.08733  
1.22272  3.25867  1.74826  2.10813  
0.673185  3.82954  0.056771  4.03699  
2.03718  0.0404242  1.43044  2.9069  
1.43044  2.9069  0.673185  3.82954  
1.60409  2.52299  1.87044  1.63616  
1.74826  2.10813  0.972922  3.57237  
1.96703  1.08733  1.82308  1.83783  
1.87044  1.63616  1.22272  3.25867  
1.22272  3.25867  2.03718  0.0404242  
0.056771  4.03699  1.96703  1.08733  
1.96703  1.08733  1.43044  2.9069  
0.972922  3.57237  1.74826  2.10813  
1.43044  2.9069  0.972922  3.57237  
2.03718  0.0404242  0.056771  4.03699  
1.74826  2.10813  0.673185  3.82954  
1.60409  2.52299  1.87044  1.63616  
0.673185  3.82954  1.22272  3.25867  
1.87044  1.63616  1.60409  2.52299  
0.972922  3.57237  0.972922  3.57237  
1.60409  2.52299  0.673185  3.82954  
0.056771  4.03699  1.74826  2.10813  
1.87044  1.63616  1.22272  3.25867  
0.673185  3.82954  1.96703  1.08733  
1.74826  2.10813  0.056771  4.03699  
2.03718  0.0404242  1.43044  2.9069  
1.22272  3.25867  1.87044  1.63616  
1.43044  2.9069  2.03718  0.0404242  
1.96703  1.08733  1.60409  2.52299  
1.43044  2.9069  1.74826  2.10813  
1.60409  2.52299  0.056771  4.03699  
0.673185  3.82954  1.60409  2.52299  
1.96703  1.08733  2.03718  0.0404242  
2.03718  0.0404242  1.96703  1.08733  
0.972922  3.57237  1.87044  1.63616  
1.74826  2.10813  0.972922  3.57237  
0.056771  4.03699  1.43044  2.9069  
1.22272  3.25867  1.22272  3.25867  
1.87044  1.63616  0.673185  3.82954  
1.87044  1.63616  1.60409  2.52299  
1.22272  3.25867  1.74826  2.10813  
0.673185  3.82954  1.87044  1.63616  
1.43044  2.9069  1.22272  3.25867  
1.60409  2.52299  1.43044  2.9069  
0.972922  3.57237  1.96703  1.08733  
1.96703  1.08733  0.673185  3.82954  
0.056771  4.03699  0.056771  4.03699  
1.74826  2.10813  0.972922  3.57237  
2.03718  0.0404242  1.94916  1.21076  
1.96703  1.08733  1.43044  2.9069  
0.972922  3.57237  0.673185  3.82954  
0.056771  4.03699  1.87044  1.63616  
2.03718  0.0404242  1.74826  2.10813  
1.74826  2.10813  1.22272  3.25867  
0.673185  3.82954  0.056771  4.03699  
1.60409  2.52299  1.9156  1.41057  
1.22272  3.25867  1.60409  2.52299  
1.87044  1.63616  1.96703  1.08733  
1.43044  2.9069  0.972922  3.57237  
0.972922  3.57237  1.22272  3.25867  
1.43044  2.9069  0.056771  4.03699  
1.22272  3.25867  1.87044  1.63616  
1.87044  1.63616  1.60409  2.52299  
0.056771  4.03699  0.673185  3.82954  
1.74826  2.10813  1.74826  2.10813  
1.96703  1.08733  1.96703  1.08733  
0.673185  3.82954  2.02492  0.479365  
2.03718  0.0404242  0.972922  3.57237  
1.60409  2.52299  1.43044  2.9069  
1.74826  2.10813  1.22272  3.25867  
1.60409  2.52299  1.74826  2.10813  
2.03718  0.0404242  0.056771  4.03699  
0.673185  3.82954  1.43044  2.9069  
1.43044  2.9069  1.96703  1.08733  
1.87044  1.63616  2.03718  0.0404242  
1.22272  3.25867  0.673185  3.82954  
0.056771  4.03699  1.60409  2.52299  
0.972922  3.57237  0.972922  3.57237  
1.96703  1.08733  1.87044  1.63616  
1.22272  3.25867  1.60409  2.52299  
1.74826  2.10813  0.056771  4.03699  
1.87044  1.63616  1.43044  2.9069  
2.03718  0.0404242  0.972922  3.57237  
0.972922  3.57237  1.96703  1.08733  
1.96703  1.08733  1.87044  1.63616  
0.056771  4.03699  1.22272  3.25867  
1.60409  2.52299  2.03718  0.0404242  
1.43044  2.9069  1.74826  2.10813  
0.673185  3.82954  0.673185  3.82954  
0.673185  3.82954  0.673185  3.82954  
1.43044  2.9069  0.972922  3.57237  
1.22272  3.25867  0.056771  4.03699  
1.60409  2.52299  1.74826  2.10813  
1.96703  1.08733  1.96703  1.08733  
2.03718  0.0404242  1.60409  2.52299  
0.056771  4.03699  1.22272  3.25867  
1.87044  1.63616  2.03718  0.0404242  
0.972922  3.57237  1.87044  1.63616  
1.74826  2.10813  1.43044  2.9069  
1.96703  1.08733  1.43044  2.9069  
0.972922  3.57237  0.972922  3.57237  
0.056771  4.03699  1.22272  3.25867  
1.22272  3.25867  1.87044  1.63616  
1.87044  1.63616  0.056771  4.03699  
0.673185  3.82954  1.24432  3.22643  
1.60409  2.52299  1.96703  1.08733  
1.74826  2.10813  1.74826  2.10813  
2.03718  0.0404242  2.03718  0.0404242  
1.43044  2.9069  1.60409  2.52299  
0.972922  3.57237  1.43044  2.9069  
1.87044  1.63616  2.03718  0.0404242  
1.74826  2.10813  0.826185  3.71276  
1.96703  1.08733  1.22272  3.25867  
1.22272  3.25867  0.972922  3.57237  
1.43044  2.9069  1.87044  1.63616  
1.60409  2.52299  1.74826  2.10813  
2.03718  0.0404242  1.60409  2.52299  
0.673185  3.82954  0.673185  3.82954  
0.056771  4.03699  1.96703  1.08733  
1.60409  2.52299  1.43044  2.9069  
0.673185  3.82954  1.74826  2.10813  
1.22272  3.25867  2.03704  0.0848796  
1.43044  2.9069  1.22272  3.25867  
1.96703  1.08733  1.96703  1.08733  
0.972922  3.57237  0.673185  3.82954  
1.74826  2.10813  0.972922  3.57237  
0.056771  4.03699  1.87044  1.63616  
2.03718  0.0404242  1.60409  2.52299  
1.87044  1.63616  0.056771  4.03699  
0.972922  3.57237  1.96703  1.08733  
1.87044  1.63616  1.22272  3.25867  
1.43044  2.9069  0.967923  3.57765  
0.673185  3.82954  1.60409  2.52299  
0.056771  4.03699  2.03718  0.0404242  
1.96703  1.08733  0.056771  4.03699  
1.74826  2.10813  1.87044  1.63616  
1.60409  2.52299  1.43044  2.9069  
2.03718  0.0404242  0.673185  3.82954  
1.22272  3.25867  0.972922  3.57237  
0.972922  3.57237  1.74826  2.10813  
1.60409  2.52299  1.22272  3.25867  
0.056771  4.03699  0.972922  3.57237  
1.87044  1.63616  1.96703  1.08733  
0.673185  3.82954  1.43044  2.9069  
1.74826  2.10813  2.03718  0.0404242  
2.03718  0.0404242  0.673185  3.82954  
1.22272  3.25867  0.056771  4.03699  
1.43044  2.9069  1.60409  2.52299  
1.96703  1.08733  1.87044  1.63616  
1.87044  1.63616  1.43044  2.9069  
1.74826  2.10813  1.87044  1.63616  
1.96703  1.08733  1.22272  3.25867  
1.43044  2.9069  1.96703  1.08733  
0.972922  3.57237  0.056771  4.03699  
0.056771  4.03699  0.673185  3.82954  
2.03718  0.0404242  1.74826  2.10813  
1.60409  2.52299  1.52726  2.70527  
0.673185  3.82954  2.03718  0.0404242  
1.22272  3.25867  1.60409  2.52299  
1.60409  2.52299  1.60409  2.52299  
2.03718  0.0404242  2.03718  0.0404242  
1.87044  1.63616  1.22272  3.25867  
1.96703  1.08733  1.87044  1.63616  
0.056771  4.03699  1.43044  2.9069  
1.22272  3.25867  1.96703  1.08733  
0.972922  3.57237  0.673185  3.82954  
1.74826  2.10813  1.74826  2.10813  
0.673185  3.82954  0.972922  3.57237  
1.43044  2.9069  0.056771  4.03699  
1.43044  2.9069  0.056771  4.03699  
1.87044  1.63616  1.22272  3.25867  
1.74826  2.10813  2.03718  0.0404242  
0.056771  4.03699  1.60409  2.52299  
0.673185  3.82954  1.96703  1.08733  
1.96703  1.08733  0.673185  3.82954  
2.03718  0.0404242  1.87044  1.63616  
1.60409  2.52299  1.43044  2.9069  
0.972922  3.57237  1.74826  2.10813  
1.22272  3.25867  0.972922  3.57237  
1.96703  1.08733  2.03718  0.0404242  
1.74826  2.10813  1.96703  1.08733  
1.43044  2.9069  1.43044  2.9069  
1.60409  2.52299  1.60409  2.52299  
2.03718  0.0404242  1.74826  2.10813  
0.673185  3.82954  1.87044  1.63616  
0.972922  3.57237  0.056771  4.03699  
1.22272  3.25867  0.972922  3.57237  
1.87044  1.63616  1.59442  2.54716  
0.056771  4.03699  0.673185  3.82954  
1.87044  1.63616  0.536087  3.91073  
2.03718  0.0404242  1.22272  3.25867  
0.056771  4.03699  1.60409  2.52299  
0.972922  3.57237  2.03718  0.0404242  
1.96703  1.08733  1.43044  2.9069  
1.43044  2.9069  1.87044  1.63616  
1.74826  2.10813  0.972922  3.57237  
1.60409  2.52299  1.74826  2.10813  
0.673185  3.82954  1.96703  1.08733  
1.22272  3.25867  0.056771  4.03699  
0.972922  3.57237  0.673185  3.82954  
1.22272  3.25867  0.673185  3.82954  
1.74826  2.10813  1.96703  1.08733  
1.96703  1.08733  1.60409  2.52299  
2.03718  0.0404242  1.43044  2.9069  
0.056771  4.03699  2.03718  0.0404242  
1.60409  2.52299  1.74826  2.10813  
1.87044  1.63616  0.972922  3.57237  
1.43044  2.9069  1.87044  1.63616  
0.673185  3.82954  0.056771  4.03699  
2.03718  0.0404242  0.056771  4.03699  
1.74826  2.10813  1.96703  1.08733  
1.22272  3.25867  1.43044  2.9069  
0.972922  3.57237  2.03718  0.0404242  
0.673185  3.82954  0.972922  3.57237  
1.43044  2.9069  1.22272  3.25867  
1.87044  1.63616  1.74826  2.10813  
1.96703  1.08733  1.60409  2.52299  
0.056771  4.03699  0.673185  3.82954  
1.60409  2.52299  1.87044  1.63616  
0.972922  3.57237  1.43044  2.9069  
1.60409  2.52299  1.22272  3.25867  
0.056771  4.03699  0.056771  4.03699  
1.87044  1.63616  0.972922  3.57237  
0.673185  3.82954  1.74826  2.10813  
1.74826  2.10813  2.03718  0.0404242  
2.03718  0.0404242  1.87044  1.63616  
1.22272  3.25867  1.96703  1.08733  
1.43044  2.9069  0.673185  3.82954  
1.96703  1.08733  1.60409  2.52299  
1.43044  2.9069  1.43044  2.9069  
0.056771  4.03699  0.673185  3.82954  
1.60409  2.52299  1.87044  1.63616  
0.972922  3.57237  1.22272  3.25867  
1.87044  1.63616  1.96703  1.08733  
1.22272  3.25867  2.03718  0.0404242  
1.96703  1.08733  0.972922  3.57237  
2.03718  0.0404242  0.056771  4.03699  
1.74826  2.10813  1.74826  2.10813  
0.673185  3.82954  1.60409  2.52299  
1.60409  2.52299  2.03718  0.0404242  
1.96703  1.08733  1.60409  2.52299  
0.056771  4.03699  1.87044  1.63616  
0.972922  3.57237  0.972922  3.57237  
1.87044  1.63616  0.673185  3.82954  
1.74826  2.10813  0.056771  4.03699  
1.43044  2.9069  1.96703  1.08733  
1.22272  3.25867  0.797944  3.7365  
0.673185  3.82954  1.22272  3.25867  
2.03718  0.0404242  1.74826  2.10813  
0.972922  3.57237  0.972922  3.57237  
1.74826  2.10813  1.60409  2.52299  
0.056771  4.03699  1.87044  1.63616  
1.22272  3.25867  1.43044  2.9069  
2.03718  0.0404242  2.03718  0.0404242  
1.43044  2.9069  1.22272  3.25867  
1.60409  2.52299  0.056771  4.03699  
1.87044  1.63616  1.74826  2.10813  
0.673185  3.82954  0.673185  3.82954  
1.96703  1.08733  1.93542  1.29687  
1.60409  2.52299  1.74826  2.10813  
2.03718  0.0404242  0.056771  4.03699  
1.74826  2.10813  0.972922  3.57237  
1.96703  1.08733  0.673185  3.82954  
1.43044  2.9069  2.03718  0.0404242  
0.972922  3.57237  1.86336  1.66824  
0.056771  4.03699  1.96703  1.08733  
0.673185  3.82954  1.60409  2.52299  
1.87044  1.63616  1.43044  2.9069  
1.22272  3.25867  1.22272  3.25867  
1.96703  1.08733  1.87044  1.63616  
1.74826  2.10813  1.96703  1.08733  
2.03718  0.0404242  1.22272  3.25867  
1.87044  1.63616  2.03718  0.0404242  
0.673185  3.82954  1.74826  2.10813  
1.60409  2.52299  1.43044  2.9069  
1.43044  2.9069  0.673185  3.82954  
1.22272  3.25867  1.60409  2.52299  
0.056771  4.03699  0.972922  3.57237  
0.972922  3.57237  0.056771  4.03699  
1.87044  1.63616  1.27687  3.17608  
1.96703  1.08733  0.972922  3.57237  
1.60409  2.52299  1.22272  3.25867  
1.74826  2.10813  1.74826  2.10813  
2.03718  0.0404242  1.43044  2.9069  
0.972922  3.57237  1.96703  1.08733  
0.673185  3.82954  0.673185  3.82954  
0.056771  4.03699  1.87044  1.63616  
1.43044  2.9069  2.03718  0.0404242  
1.22272  3.25867  0.056771  4.03699  
0.056771  4.03699  1.96703  1.08733  
1.60409  2.52299  1.43044  2.9069  
1.43044  2.9069  1.22272  3.25867  
1.96703  1.08733  0.972922  3.57237  
2.03718  0.0404242  1.87044  1.63616  
0.972922  3.57237  1.60409  2.52299  
1.87044  1.63616  1.74826  2.10813  
0.673185  3.82954  0.673185  3.82954  
1.22272  3.25867  0.056771  4.03699  
1.74826  2.10813  2.03718  0.0404242  
0.056771  4.03699  1.22272  3.25867  
1.87044  1.63616  1.60409  2.52299  
0.972922  3.57237  2.03718  0.0404242  
1.96703  1.08733  0.056771  4.03699  
1.60409  2.52299  0.673185  3.82954  
0.673185  3.82954  1.87044  1.63616  
2.03718  0.0404242  1.74826  2.10813  
1.43044  2.9069  1.43044  2.9069  
1.74826  2.10813  0.972922  3.57237  
1.22272  3.25867  1.96703  1.08733  
1.43044  2.9069  1.96703  1.08733  
1.96703  1.08733  1.60409  2.52299  
1.87044  1.63616  1.22272  3.25867  
1.60409  2.52299  1.43044  2.9069  
0.972922  3.57237  0.056771  4.03699  
1.74826  2.10813  2.03718  0.0404242  
2.03718  0.0404242  0.972922  3.57237  
1.22272  3.25867  0.673185  3.82954  
0.056771  4.03699  1.74826  2.10813  
0.673185  3.82954  1.87044  1.63616  
0.972922  3.57237  1.22272  3.25867  
1.60409  2.52299  1.74826  2.10813  
0.056771  4.03699  0.056771  4.03699  
1.87044  1.63616  1.60409  2.52299  
0.673185  3.82954  1.43044  2.9069  
1.74826  2.10813  2.03718  0.0404242  
2.03718  0.0404242  1.96703  1.08733  
1.22272  3.25867  0.673185  3.82954  
1.43044  2.9069  1.87044  1.63616  
1.96703  1.08733  0.972922  3.57237  
1.74826  2.10813  1.74826  2.10813  
1.60409  2.52299  1.43044  2.9069  
1.87044  1.63616  1.96703  1.08733  
0.972922  3.57237  1.60409  2.52299  
0.673185  3.82954  1.22272  3.25867  
2.03718  0.0404242  0.056771  4.03699  
1.22272  3.25867  2.03718  0.0404242  
0.056771  4.03699  0.673185  3.82954  
1.96703  1.08733  0.972922  3.57237  
1.43044  2.9069  1.87044  1.63616  
0.673185  3.82954  1.60409  2.52299  
1.74826  2.10813  0.673185  3.82954  
1.60409  2.52299  0.972922  3.57237  
1.22272  3.25867  0.29361  4.00417  
1.43044  2.9069  1.96703  1.08733  
0.972922  3.57237  1.74826  2.10813  
2.03718  0.0404242  2.03718  0.0404242  
1.87044  1.63616  1.87044  1.63616  
1.96703  1.08733  1.43044  2.9069  
0.056771  4.03699  1.22272  3.25867  
1.87044  1.63616  1.22272  3.25867  
0.972922  3.57237  1.74826  2.10813  
1.96703  1.08733  1.00517  3.53747  
2.03718  0.0404242  0.056771  4.03699  
1.74826  2.10813  0.673185  3.82954  
1.43044  2.9069  1.60409  2.52299  
0.673185  3.82954  1.43044  2.9069  
0.056771  4.03699  1.96703  1.08733  
1.22272  3.25867  1.87044  1.63616  
1.60409  2.52299  2.03718  0.0404242  
0.673185  3.82954  2.03718  0.0404242  
0.056771  4.03699  0.673185  3.82954  
1.87044  1.63616  1.43044  2.9069  
1.60409  2.52299  0.056771  4.03699  
2.03718  0.0404242  1.60409  2.52299  
1.96703  1.08733  1.55998  2.63031  
1.74826  2.10813  1.22272  3.25867  
1.22272  3.25867  1.96703  1.08733  
1.43044  2.9069  1.74826  2.10813  
0.972922  3.57237  1.87044  1.63616  
