0.742361  2.03296  0.968108  1.43236  
1.87994  0.537178  1.97597  0.744863  
0.856018  1.44298  1.56234  0.782675  
1.70299  0.791914  1.20394  1.4243  
0.507058  1.71433  1.50295  0.531322  
1.26933  1.18397  1.91029  0.837235  
0.251731  1.76441  0.439273  1.55091  
1.75266  0.337307  1.52545  0.439792  
1.02732  1.49586  1.86551  0.591253  
1.26013  0.769046  1.56644  0.71812  
1.09545  1.32074  0.308669  1.84065  
2.0579  0.637284  1.50687  1.28972  
2.04383  1.00452  1.44096  0.419053  
0.99988  1.1439  0.481056  1.70928  
1.85893  0.292419  0.369945  2.17858  
0.433883  1.46808  0.0704579  1.62729  
1.60445  1.07791  0.629952  1.55512  
0.113171  1.9675  0.725214  1.5938  
0.884109  1.26588  1.626  0.9372  
0.182319  1.82033  0.713325  1.41723  
1.94677  0.263799  0.0454956  1.92216  
0.298739  2.22195  1.17939  1.37778  
1.64695  0.717515  1.29495  0.939812  
1.36502  1.44113  0.115499  1.51592  
0.896367  1.55761  1.54051  0.623078  
2.02105  0.193868  1.69504  1.56427  
1.36893  1.28711  0.755632  1.42837  
1.80746  0.827274  1.57664  0.845012  
0.334145  1.57297  2.05068  0.532479  
0.989011  1.17089  1.44249  0.394294  
2.13816  0.186353  0.216331  1.84859  
1.34635  1.38133  2.23342  0.37684  
1.26602  1.53264  1.38608  1.32227  
1.18243  1.10384  1.84734  1.53832  
1.13446  1.52158  0.938036  1.96036  
1.48977  1.15382  0.502593  1.87881  
0.349222  1.84792  1.53174  1.12544  
1.3098  1.18255  1.95819  0.370645  
1.5648  0.585772  1.8482  0.645887  
1.74992  0.16262  1.01401  1.40969  
1.2703  0.165657  0.0697445  1.93767  
0.0626426  1.44792  0.857306  1.08594  
1.47523  0.636254  1.43258  0.566717  
1.38317  0.861482  0.661193  1.95495  
0.174332  1.91705  1.6371  1.0377  
1.46656  1.17819  1.83266  0.0125704  
1.56834  0.52276  1.62181  1.21757  
1.53199  0.10195  1.43698  1.1569  
0.151339  2.11044  1.475  0.396397  
0.883224  1.61668  1.57256  1.00263  
1.08255  0.867386  1.50621  1.67797  
1.45839  0.583939  0.597194  1.9512  
1.15442  0.951171  1.19889  1.705  
2.05988  0.626984  0.411093  1.39316  
1.32291  1.35514  1.39555  1.27045  
2.07767  0.407819  1.13725  1.2578  
2.00387  0.186393  1.72918  0.508827  
1.40329  1.06018  1.45485  1.31136  
1.05187  1.79094  0.82984  1.01246  
1.62251  0.136561  1.27648  1.19451  
1.52641  1.30824  1.93749  0.882998  
1.74243  0.37035  1.10195  1.65247  
0.0831125  2.23428  1.3945  0.203848  
0.403369  1.71727  1.39053  1.12852  
1.41951  1.24263  1.337  1.36849  
0.195406  1.8712  1.78711  0.764501  
0.534204  1.98458  1.8306  0.570545  
0.425009  1.36289  0.750522  1.46322  
1.50183  0.99671  1.87666  0.631512  
0.0264765  2.054  0.348739  2.30751  
1.53982  0.455499  0.989828  1.52313  
0.637107  2.30716  0.816339  1.7129  
2.20875  0.130469  1.33597  0.772384  
1.70291  0.387287  1.24513  1.21914  
0.122617  1.96619  1.49985  1.1741  
0.745816  1.94837  1.21974  1.61686  
0.0211907  1.91085  1.63483  0.125698  
0.497423  1.62682  0.991014  1.63809  
1.78714  0.133778  1.7656  0.431045  
0.507304  1.90209  0.852625  1.54977  
0.0368018  1.69633  0.615272  1.1756  
1.5148  0.783341  1.49187  0.433669  
1.67846  0.174784  0.453642  2.06349  
0.934866  1.26416  1.35288  1.64  
1.45176  1.12732  0.415057  1.91972  
1.28088  1.3569  1.28172  1.24022  
1.39556  1.43489  1.4231  1.10704  
1.45093  0.682109  0.450907  2.04964  
0.656062  1.70394  1.47248  0.43318  
1.3059  1.28014  0.366627  1.37477  
1.59868  1.20726  1.85236  0.171607  
0.855869  1.84124  0.320026  1.79447  
1.27554  1.166  1.64613  1.11033  
1.4393  1.14941  0.130564  1.85889  
1.30177  1.15811  1.75935  0.618447  
1.70344  1.52985  0.261704  1.64748  
1.26685  1.12927  1.28763  1.18689  
1.5819  0.608603  1.55011  1.22562  
1.71054  1.23135  1.69488  1.20199  
1.10115  1.47601  1.7836  0.381927  
0.548338  0.836631  0.859568  0.511488  
0.859422  0.511401  0.441634  0.89842  
0.895669  0.445552  2.01555e-05  1.00043  
0.342981  0.939653  0.628408  0.77814  
0.952342  0.305986  0.952342  0.305986  
1.00056  0.0019432  0.944479  0.329212  
0.441634  0.89842  0.548338  0.836631  
0.628408  0.77814  1.00056  0.0019432  
2.01555e-05  1.00043  0.759422  0.651599  
0.759422  0.651599  0.091286  0.996168  
0.561184  0.827868  1.00045  0.00193266  
0.423768  0.905983  0.924196  0.382857  
0.282298  0.959561  0.681026  0.732395  
5.59868e-05  1.00024  0.395006  0.918962  
1.00045  0.00193266  5.59868e-05  1.00024  
0.924196  0.382857  0.855962  0.51744  
0.962952  0.270772  0.561523  0.828368  
0.760242  0.650302  0.962952  0.270772  
0.681026  0.732395  0.760242  0.650302  
0.855962  0.51744  0.282298  0.959561  
0.987105  0.161785  0.676812  0.736818  
0.790657  0.613178  0.141293  0.990223  
0.905446  0.425258  0.905446  0.425258  
0.676812  0.736818  0.987105  0.161785  
0.457981  0.889198  0.790657  0.613178  
0.821175  0.571801  1.00038  4.9426e-05  
1.00038  4.9426e-05  0.457981  0.889198  
0.649767  0.761211  0.649575  0.760985  
3.24866e-05  1.00063  0.821175  0.571801  
0.141293  0.990223  0.763415  0.646299  
0.841869  0.539788  0.969449  0.246843  
0.50843  0.861344  0.841869  0.539788  
1.00043  7.04924e-05  0.000296177  1.00022  
0.969449  0.246843  0.908691  0.417731  
0.655573  0.755934  0.271908  0.963026  
0.271784  0.962588  0.50843  0.861344  
0.370666  0.928906  0.719401  0.694999  
0.719401  0.694999  0.655573  0.755934  
0.000296177  1.00022  0.93711  0.349462  
0.93711  0.349462  1.00043  7.04924e-05  
0.255928  0.966756  1.00018  9.5409e-05  
0.887628  0.46141  0.695069  0.720613  
0.944512  0.328684  0.944512  0.328684  
1.00018  9.5409e-05  0.255928  0.966756  
5.47834e-05  1.00032  0.887628  0.46141  
0.604597  0.796724  0.784279  0.621612  
0.50664  0.862381  0.50664  0.862381  
0.381098  0.924617  0.381098  0.924617  
0.694285  0.719801  0.604597  0.796724  
0.783765  0.621204  5.47834e-05  1.00032  
0.879517  0.477037  0.729971  0.684248  
0.519358  0.854817  0.821236  0.570908  
0.611421  0.791602  0.951063  0.310671  
0.729971  0.684248  0.542364  0.840948  
1.00026  5.05996e-05  0.879517  0.477037  
0.821236  0.570908  0.611421  0.791602  
0.9039  0.428575  1.00026  5.05996e-05  
2.62868e-05  1.00044  2.62938e-05  1.00071  
0.282787  0.959887  0.9039  0.428575  
0.951063  0.310671  0.519358  0.854817  
0.831457  0.55559  1  9.53917e-05  
0.544446  0.838796  0.652176  0.758068  
0.424401  0.905474  0.900163  0.435554  
0.95812  0.286367  0.831457  0.55559  
0.900163  0.435554  0.282213  0.959354  
0.652176  0.758068  0.544446  0.838796  
0.282213  0.959352  0.95812  0.286367  
3.85896e-05  1  0.424401  0.905474  
0.749925  0.661523  0.588131  0.81034  
1  9.53917e-05  0.749925  0.661523  
0.856367  0.516402  0.856367  0.516402  
0.554762  0.832165  1.00031  6.89119e-05  
0.203818  0.979208  4.02052e-05  1.00013  
1.00031  6.89119e-05  0.966196  0.258153  
0.673116  0.739833  0.918171  0.396404  
0.918171  0.396404  0.203818  0.979208  
0.416177  0.909448  0.673116  0.739833  
4.02052e-05  1.00013  0.777871  0.628664  
0.966196  0.258153  0.416177  0.909448  
0.777867  0.628661  0.554762  0.832165  
1.00021  7.7292e-05  1.00021  7.7292e-05  
0.279438  0.960299  0.668709  0.743999  
0.415258  0.909852  0.279454  0.96035  
0.959677  0.281741  0.586868  0.810453  
0.784932  0.620202  0.415258  0.909852  
0.837027  0.549796  3.01801e-05  1.00015  
0.668709  0.743999  0.784932  0.620202  
3.01801e-05  1.00015  0.920818  0.390262  
0.586868  0.810453  0.959677  0.281741  
0.920818  0.390262  0.837027  0.549796  
0.92401  0.383127  0.920147  0.392586  
0.761338  0.648969  0.727234  0.686986  
0.641733  0.767011  0.888396  0.459574  
0.727234  0.686986  1.51459e-05  1.00068  
1.00018  7.55293e-05  0.848698  0.529267  
0.888396  0.459574  0.383628  0.924368  
0.848698  0.529267  1.00018  7.55293e-05  
0.383628  0.924368  0.761338  0.648969  
0.553128  0.833812  0.553128  0.833812  
1.5149e-05  1.00088  0.641733  0.767011  
0.147923  0.989067  0.968041  0.251483  
0.317678  0.948298  0.317742  0.948491  
0.916245  0.400772  0.147923  0.989067  
0.808144  0.589166  0.697924  0.716329  
0.445444  0.895635  0.808144  0.589166  
0.697924  0.716329  1.00015  0.00470012  
1.00015  0.00470012  0.445444  0.895635  
0.968041  0.251483  2.2601e-05  1.00018  
2.2601e-05  1.00018  0.569404  0.822257  
0.569404  0.822257  0.780014  0.625828  
0.592923  0.805482  0.457529  0.889416  
0.898033  0.440466  0.402013  0.915874  
1.00024  2.38131e-06  0.896951  0.442666  
0.402013  0.915874  0.592931  0.805492  
0.941462  0.337545  1.00024  2.38131e-06  
0.844782  0.535241  6.61286e-05  1.00004  
0.657789  0.753365  0.256468  0.966676  
0.256468  0.966676  0.844782  0.535241  
6.61286e-05  1.00004  0.657789  0.753365  
0.457529  0.889416  0.941462  0.337545  
0.753465  0.657718  0.657789  0.753365  
0.898033  0.440466  0.898033  0.440466  
1.00024  2.38131e-06  0.457529  0.889416  
0.844782  0.535241  0.753465  0.657718  
0.657789  0.753365  1.00024  2.38131e-06  
0.457529  0.889416  0.580041  0.814713  
0.592923  0.805482  0.25651  0.966832  
0.941462  0.337545  0.592923  0.805482  
6.61286e-05  1.00004  0.844782  0.535241  
0.25651  0.966832  0.941462  0.337545  
0.300125  0.953933  0.567704  0.823281  
0.908458  0.418021  0.448933  0.893794  
0.960782  0.277576  0.761693  0.647989  
0.761693  0.647989  7.52198e-05  1.00011  
0.84842  0.529403  0.908458  0.418021  
1.00011  3.93678e-05  0.675309  0.737598  
7.52198e-05  1.00011  1.00011  3.93678e-05  
0.448869  0.893669  0.300125  0.953933  
0.675309  0.737598  0.84842  0.529403  
0.567704  0.823281  0.960782  0.277576  
0.286241  0.958158  0.652176  0.758068  
1  9.53917e-05  8.13133e-05  1  
0.900163  0.435554  0.831934  0.554875  
0.831934  0.554875  0.544446  0.838796  
0.652176  0.758068  0.449679  0.893337  
0.424401  0.905474  0.286241  0.958158  
0.749504  0.662  1  9.53917e-05  
0.544446  0.838796  0.95812  0.286367  
8.13133e-05  1  0.749504  0.662  
0.95812  0.286367  0.900163  0.435554  
0.607342  0.7945  0.481449  0.87655  
0.967894  0.251517  0.943394  0.331893  
0.927774  0.37334  0.607342  0.7945  
0.803289  0.595666  0.86859  0.495766  
0.481449  0.87655  0.968177  0.25159  
0.718761  0.69538  0.718761  0.69538  
0.86859  0.495766  9.21714e-05  1.00011  
9.21714e-05  1.00011  1.00015  2.38109e-06  
0.328368  0.944679  0.328368  0.944679  
1.00015  2.38109e-06  0.803289  0.595666  
1.0001  2.38098e-06  0.851003  0.525372  
0.91417  0.405416  0.686587  0.727232  
0.851003  0.525372  0.784269  0.620479  
0.686562  0.727205  0.467983  0.883829  
0.467983  0.883829  0.957315  0.289283  
0.784269  0.620479  0.91417  0.405416  
0.267484  0.963628  0.267484  0.963628  
0.57791  0.816171  1.0001  2.38098e-06  
1.27331e-05  1.00011  1.27331e-05  1.00011  
0.957315  0.289283  0.57791  0.816171  
1.00044  0.0046317  1.00044  0.0046317  
0.327004  0.945187  0.776857  0.629865  
0.626323  0.779817  0.513242  0.85847  
0.727826  0.686041  0.326973  0.945098  
2.26024e-05  1.00024  0.727826  0.686041  
0.498267  0.867104  0.925349  0.379358  
0.776857  0.629865  0.981698  0.190807  
0.925349  0.379358  0.858798  0.512564  
0.981698  0.190807  0.498267  0.867104  
0.858798  0.512564  2.26024e-05  1.00024  
0.946052  0.324273  0.629382  0.777219  
1.00007  2.38089e-06  0.28286  0.959279  
0.629382  0.777219  0.874435  0.485273  
0.784257  0.620469  0.784257  0.620469  
1.27336e-05  1.00014  0.946114  0.324294  
0.524795  0.85128  0.702065  0.712291  
0.397313  0.917801  1.27336e-05  1.00014  
0.723264  0.690745  0.723264  0.690745  
0.28286  0.959279  0.397313  0.917801  
0.874435  0.485273  0.524795  0.85128  
0.529609  0.848359  1.00011  9.54021e-05  
1.00011  9.54021e-05  0.888499  0.459023  
0.897064  0.442025  0.271826  0.962416  
4.59671e-06  1.00025  0.529609  0.848359  
0.271826  0.962416  0.897064  0.442025  
0.399479  0.916857  0.704214  0.710067  
0.949513  0.314152  0.816487  0.577621  
0.816406  0.577564  0.949513  0.314152  
0.627833  0.778388  0.399479  0.916857  
0.704214  0.710067  4.59671e-06  1.00025  
0.929386  0.369305  0.973569  0.228639  
0.163396  0.98666  0.742781  0.669551  
0.531825  0.846899  0.99761  0.0694072  
0.99761  0.0694072  0.810295  0.586272  
0.887935  0.460265  4.77513e-05  1.00006  
0.810295  0.586272  0.929386  0.369305  
0.348974  0.937203  0.59108  0.806648  
4.77513e-05  1.00006  0.531825  0.846899  
0.59108  0.806648  0.163396  0.98666  
0.742781  0.669551  0.348972  0.937198  
0.321264  0.947026  0.321275  0.947058  
0.853719  0.520806  0.540686  0.841278  
0.947627  0.3194  0.947733  0.319435  
0.967329  0.253614  1.00006  8.54792e-06  
4.77527e-05  1.00009  0.809163  0.58767  
0.809163  0.58767  0.805822  0.592502  
0.883833  0.468069  0.967329  0.253614  
0.540686  0.841278  4.77527e-05  1.00009  
1.00006  8.54792e-06  0.883833  0.468069  
0.672921  0.739723  0.672921  0.739723  
0.668992  0.74329  1.00011  8.37576e-05  
0.456018  0.889995  0.905488  0.424412  
0.905488  0.424412  0.838792  0.544564  
0.749396  0.66219  0.961182  0.275947  
0.961182  0.275947  0.668992  0.74329  
9.1641e-05  1.00003  0.749396  0.66219  
1.00011  8.37569e-05  0.562691  0.826682  
0.562691  0.826682  9.1641e-05  1.00003  
0.838792  0.544564  0.267374  0.963607  
0.267374  0.963607  0.456018  0.889995  
0.651349  0.758778  0.95812  0.286367  
0.900163  0.435554  9.18632e-05  1  
0.544446  0.838796  0.448062  0.894067  
0.283196  0.959062  0.651349  0.758778  
0.95812  0.286367  0.749504  0.662  
9.18632e-05  1  0.831934  0.554875  
0.749504  0.662  0.424401  0.905474  
1  9.53917e-05  0.900163  0.435554  
0.424401  0.905474  0.55925  0.829016  
0.831934  0.554875  1  9.53917e-05  
0.44172  0.897175  0.795309  0.606341  
0.642806  0.76604  0.560359  0.828276  
0.283166  0.95912  0.953108  0.302693  
0.804973  0.593343  0.733514  0.67969  
0.895334  0.445443  9.1869e-05  1.00006  
9.18658e-05  1.00003  0.895334  0.445443  
1.00005  2.49297e-05  0.642806  0.76604  
0.953108  0.302693  0.283166  0.95912  
0.733514  0.67969  0.804973  0.593343  
0.560359  0.828276  0.44172  0.897175  
0.695747  0.718309  1.93804e-06  1.00003  
0.384362  0.923196  0.947521  0.319731  
0.258887  0.965924  0.591456  0.806357  
0.481693  0.876361  0.797957  0.602747  
1.00004  7.12963e-05  1.00004  7.12963e-05  
1.93804e-06  1.00003  0.876157  0.482042  
0.947521  0.319731  0.695747  0.718309  
0.876157  0.482042  0.384361  0.923194  
0.797957  0.602747  0.481693  0.876361  
0.591456  0.806357  0.258887  0.965924  
0.982794  0.18541  0.886791  0.46222  
2.42255e-05  1.00008  0.934471  0.356334  
0.121315  0.992631  0.504927  0.863258  
0.504927  0.863258  0.121315  0.992631  
0.98359  0.180659  0.600811  0.79947  
0.864345  0.503171  2.42255e-05  1.00008  
0.886791  0.46222  0.864345  0.503171  
0.600811  0.79947  0.98359  0.180659  
0.393486  0.91944  0.393486  0.91944  
0.934465  0.356332  0.982794  0.18541  
9.18673e-05  1.00004  0.933935  0.357587  
0.635073  0.772477  0.798903  0.601571  
1.00005  2.49297e-05  0.308602  0.951215  
0.98359  0.180659  0.504918  0.863241  
0.933935  0.357587  0.341104  0.940042  
0.798903  0.601571  1.00005  2.49297e-05  
0.341104  0.940042  0.841301  0.540663  
0.504922  0.863248  0.98359  0.180659  
0.751174  0.660216  0.635073  0.772477  
0.875428  0.483438  9.18673e-05  1.00004  
1.00006  8.54792e-06  0.936075  0.351897  
0.981833  0.190171  0.000159316  1.00006  
0.29838  0.954545  0.508995  0.860849  
0.508995  0.860849  0.834099  0.551707  
0.936075  0.351897  0.981833  0.190171  
0.000159316  1.00006  0.869052  0.495016  
0.970273  0.242213  0.29838  0.954545  
0.44971  0.893231  0.449711  0.893233  
0.834099  0.551707  1.00006  8.54792e-06  
0.869052  0.495016  0.970273  0.242213  
0.611861  0.790995  0.867695  0.497131  
0.330657  0.943768  0.744889  0.667293  
0.470175  0.88259  9.15006e-05  1.00002  
0.927521  0.37381  1.00005  9.53964e-05  
0.867695  0.497131  0.470175  0.88259  
9.15006e-05  1.00002  0.927521  0.37381  
0.7563  0.654302  0.330657  0.943768  
0.984709  0.174472  0.984709  0.174472  
1.00005  9.53964e-05  0.7563  0.654302  
0.794481  0.607425  0.794481  0.607425  
0.97394  0.226897  0.353206  0.935562  
0.353206  0.935562  1.00002  9.53993e-05  
0.461453  0.887167  0.97394  0.226897  
0.889462  0.457031  0.461453  0.887167  
0.609284  0.792969  0.889462  0.457031  
0.810123  0.586271  0.708487  0.705729  
0.96567  0.259808  0.965681  0.259811  
0.908965  0.416949  0.810123  0.586271  
1.00002  9.53993e-05  0.609284  0.792969  
0.708487  0.705729  0.908965  0.416949  
0.877229  0.480112  0.00593396  0.999992  
0.918261  0.39599  0.967541  0.252809  
0.755395  0.655289  1.00001  3.66428e-05  
0.690175  0.723683  0.28858  0.957465  
0.288586  0.957484  0.542742  0.839914  
1.00001  3.66428e-05  0.918261  0.39599  
0.967541  0.252809  0.755395  0.655289  
0.828762  0.559614  0.877229  0.480112  
0.542742  0.839914  0.690175  0.723683  
0.00593396  0.999992  0.828762  0.559614  
0.596012  0.80298  0.708487  0.705729  
0.353203  0.935552  0.596012  0.80298  
0.461453  0.887167  9.11649e-05  1.00001  
0.889462  0.457031  0.461453  0.887167  
0.708487  0.705729  0.14428  0.989546  
0.965665  0.259807  0.976463  0.215704  
1.00001  5.42666e-05  0.353203  0.935552  
0.810121  0.58627  0.601062  0.799221  
0.14428  0.989546  0.965671  0.259808  
9.11649e-05  1.00001  0.889462  0.457031  
9.20219e-05  1.00001  0.528971  0.848645  
0.968804  0.247855  0.387273  0.921976  
0.736124  0.676858  0.9057  0.423933  
0.185071  0.982733  0.736124  0.676858  
0.827739  0.561137  0.185071  0.982733  
0.387273  0.921976  9.20219e-05  1.00001  
1.00002  5.42668e-05  0.635137  0.772403  
0.635137  0.772403  0.827739  0.561137  
0.528971  0.848645  0.864638  0.502411  
0.9057  0.423933  1.00002  5.42668e-05  
9.13607e-05  1.00001  1.00002  7.18955e-05  
0.291495  0.956576  0.953815  0.300415  
0.899736  0.436457  9.13607e-05  1.00001  
0.953815  0.300415  0.651675  0.758514  
1.00002  7.18955e-05  0.440275  0.897871  
0.651675  0.758514  0.97797  0.208784  
0.440275  0.897871  0.899736  0.436457  
0.758324  0.651902  0.758317  0.651896  
0.836393  0.548145  0.550601  0.834777  
0.550601  0.834777  0.291495  0.956576  
0.719135  0.694896  0.892859  0.450415  
0.514322  0.857608  0.807957  0.589248  
9.16523e-05  1.00002  0.40239  0.915471  
0.620551  0.784178  0.620551  0.784178  
0.807957  0.589248  0.719135  0.694896  
0.279734  0.960087  0.279734  0.960087  
1.00001  7.18946e-05  1.00001  7.18946e-05  
0.956763  0.290881  0.514322  0.857608  
0.40239  0.915471  0.956763  0.290881  
0.892832  0.450401  9.16523e-05  1.00002  
0.654185  0.756334  9.18632e-05  1  
0.280332  0.959903  0.548123  0.836398  
9.18632e-05  1  0.654185  0.756334  
0.95812  0.286367  0.280332  0.959903  
0.90024  0.435394  0.90024  0.435394  
1  9.53917e-05  0.749504  0.662  
0.425797  0.904819  0.425798  0.904819  
0.548123  0.836398  1  9.53917e-05  
0.749504  0.662  0.831934  0.554875  
0.831934  0.554875  0.95812  0.286367  
0.96412  0.26547  0.587943  0.808904  
0.31002  0.950733  0.911574  0.411153  
9.13604e-05  1.00001  9.13604e-05  1.00001  
0.69827  0.715837  1.00001  7.18947e-05  
1.00001  7.18947e-05  0.69827  0.715837  
0.587943  0.808904  0.31002  0.950733  
0.462459  0.886646  0.856883  0.515515  
0.911574  0.411153  0.774753  0.632273  
0.856883  0.515515  0.96412  0.26547  
0.774753  0.632273  0.462459  0.886646  
0.854679  0.519187  0.975482  0.220119  
0.924464  0.381316  0.760994  0.648771  
0.329208  0.944265  0.575335  0.817924  
9.07786e-05  1.00002  1.00001  9.53986e-05  
0.575335  0.817924  9.07786e-05  1.00002  
1.00001  9.53986e-05  0.924464  0.381316  
0.656453  0.754382  0.329208  0.944265  
0.456812  0.889573  0.854679  0.519187  
0.975482  0.220119  0.456812  0.889573  
0.760994  0.648771  0.656449  0.754377  
0.804862  0.593469  0.444305  0.895883  
0.680833  0.732455  0.88195  0.471365  
0.726906  0.686748  0.804862  0.593469  
9.13606e-05  1.00001  0.680833  0.732455  
0.88195  0.471365  1.00001  7.18943e-05  
1.00001  7.18943e-05  0.950909  0.309487  
0.296931  0.954901  0.594228  0.804317  
0.444305  0.895883  9.13606e-05  1.00001  
0.594226  0.804313  0.726906  0.686748  
0.950909  0.309487  0.296931  0.954901  
0.548244  0.836318  0.425797  0.904819  
1  8.88011e-05  0.748248  0.663419  
0.654185  0.756334  0.831934  0.554875  
9.8417e-05  1  0.901774  0.432207  
0.901774  0.432207  0.958172  0.286194  
0.958172  0.286194  9.8417e-05  1  
0.831934  0.554875  0.425797  0.904819  
0.425797  0.904819  0.548244  0.836318  
0.280332  0.959903  1  8.88011e-05  
0.748248  0.663419  0.654185  0.756334  
9.8417e-05  1  1  8.88011e-05  
0.280332  0.959903  0.654185  0.756334  
0.748248  0.663419  9.8417e-05  1  
0.654185  0.756334  0.958172  0.286194  
0.548244  0.836318  0.901774  0.432207  
0.425797  0.904819  0.425797  0.904819  
0.831934  0.554875  0.831934  0.554875  
0.958172  0.286194  0.748248  0.663419  
1  8.88011e-05  0.548244  0.836318  
0.901774  0.432207  0.280332  0.959903  
0.280332  0.959903  0.831934  0.554875  
0.958172  0.286194  0.333687  0.942684  
0.831934  0.554875  0.748248  0.663419  
1  8.88011e-05  9.8417e-05  1  
9.8417e-05  1  1  8.88011e-05  
0.901774  0.432207  0.280332  0.959903  
0.748248  0.663419  0.901774  0.432207  
0.548244  0.836318  0.958172  0.286194  
0.425797  0.904819  0.425797  0.904819  
0.654185  0.756334  0.654185  0.756334  
0.958172  0.286194  0.425797  0.904819  
0.901774  0.432207  1  8.88011e-05  
9.8417e-05  1  0.654185  0.756334  
0.748248  0.663419  0.548244  0.836318  
0.654185  0.756334  0.280332  0.959903  
0.548244  0.836318  0.748248  0.663419  
1  8.88011e-05  0.901774  0.432207  
0.831934  0.554875  1  8.88011e-05  
0.280332  0.959903  9.8417e-05  1  
0.425797  0.904819  0.831934  0.554875  
0.748248  0.663419  0.665305  0.746571  
0.654185  0.756334  0.748248  0.663419  
0.548244  0.836318  0.901774  0.432207  
1  8.88011e-05  0.425797  0.904819  
9.8417e-05  1  0.958172  0.286194  
0.901774  0.432207  9.8417e-05  1  
0.831934  0.554875  1  8.88011e-05  
0.280332  0.959903  0.280332  0.959903  
0.425797  0.904819  0.654185  0.756334  
0.958172  0.286194  0.548244  0.836318  
0.901774  0.432207  0.671756  0.740772  
0.548244  0.836318  0.901774  0.432207  
0.280332  0.959903  0.280332  0.959903  
0.748248  0.663419  0.748248  0.663419  
0.958172  0.286194  9.8417e-05  1  
0.831934  0.554875  1  8.88011e-05  
9.8417e-05  1  0.654185  0.756334  
0.654185  0.756334  0.548244  0.836318  
1  8.88011e-05  0.831934  0.554875  
0.425797  0.904819  0.425797  0.904819  
0.901774  0.432207  0.831934  0.554875  
0.831934  0.554875  0.280332  0.959903  
0.748248  0.663419  0.177874  0.984053  
0.425797  0.904819  0.654185  0.756334  
0.654185  0.756334  0.748248  0.663419  
1  8.88011e-05  9.8417e-05  1  
9.8417e-05  1  0.958172  0.286194  
0.958172  0.286194  1  8.88011e-05  
0.280332  0.959903  0.901774  0.432207  
0.548244  0.836318  0.548244  0.836318  
0.654185  0.756334  0.958172  0.286194  
0.831934  0.554875  0.831934  0.554875  
0.425797  0.904819  0.548244  0.836318  
9.8417e-05  1  0.748248  0.663419  
1  8.88011e-05  0.654185  0.756334  
0.901774  0.432207  9.8417e-05  1  
0.280332  0.959903  0.280332  0.959903  
0.748248  0.663419  0.901774  0.432207  
0.958172  0.286194  0.425797  0.904819  
0.548244  0.836318  1  8.88011e-05  
0.748248  0.663419  9.8417e-05  1  
0.831934  0.554875  0.958172  0.286194  
0.654185  0.756334  0.548244  0.836318  
0.548244  0.836318  0.67855  0.734554  
0.901774  0.432207  0.280332  0.959903  
0.958172  0.286194  1  8.88011e-05  
0.280332  0.959903  0.901774  0.432207  
9.8417e-05  1  0.748248  0.663419  
0.425797  0.904819  0.425797  0.904819  
1  8.88011e-05  0.831934  0.554875  
0.425797  0.904819  0.425797  0.904819  
0.901774  0.432207  0.425797  0.904819  
9.8417e-05  1  0.548244  0.836318  
0.280332  0.959903  0.901774  0.432207  
0.548244  0.836318  0.748248  0.663419  
0.831934  0.554875  0.280332  0.959903  
0.958172  0.286194  9.8417e-05  1  
1  8.88011e-05  0.958172  0.286194  
0.654185  0.756334  0.831934  0.554875  
0.748248  0.663419  1  8.88011e-05  
0.958171  0.286197  0.958171  0.286197  
0.748248  0.663419  0.425797  0.904819  
0.831934  0.554875  0.280332  0.959903  
0.548244  0.836318  0.654185  0.756334  
0.425797  0.904819  0.901774  0.432207  
1  8.88011e-05  0.831934  0.554875  
0.901774  0.432207  0.548244  0.836318  
0.654185  0.756334  0.748248  0.663419  
0.280332  0.959903  1  8.88011e-05  
9.8417e-05  1  9.8417e-05  1  
1  8.88011e-05  0.901774  0.432207  
0.748248  0.663419  1  8.88011e-05  
0.901774  0.432207  9.8417e-05  1  
0.958171  0.286197  0.548244  0.836318  
0.654185  0.756334  0.958171  0.286197  
9.8417e-05  1  0.831934  0.554875  
0.548244  0.836318  0.654185  0.756334  
0.280332  0.959903  0.280332  0.959903  
0.831934  0.554875  0.425797  0.904819  
0.425797  0.904819  0.748248  0.663419  
0.831934  0.554875  0.918008  0.396561  
0.901774  0.432207  0.748248  0.663419  
0.748248  0.663419  9.8417e-05  1  
0.425797  0.904819  0.548244  0.836318  
1  8.88011e-05  0.831934  0.554875  
0.280332  0.959903  0.425797  0.904819  
0.958171  0.286197  0.958171  0.286197  
9.8417e-05  1  0.280332  0.959903  
0.548244  0.836318  0.654185  0.756334  
0.654185  0.756334  1  8.88011e-05  
0.831934  0.554875  0.328323  0.944565  
1  8.88011e-05  0.654185  0.756334  
0.654185  0.756334  0.280332  0.959903  
0.425797  0.904819  0.958171  0.286197  
9.8417e-05  1  0.831934  0.554875  
0.748248  0.663419  9.8417e-05  1  
0.901774  0.432207  0.548244  0.836318  
0.958171  0.286197  1  8.88011e-05  
0.280332  0.959903  0.748248  0.663419  
0.548244  0.836318  0.901774  0.432207  
0.654185  0.756334  0.831934  0.554875  
0.748248  0.663419  0.280332  0.959903  
0.280332  0.959903  0.548244  0.836318  
0.831934  0.554875  0.958171  0.286197  
0.958171  0.286197  0.425797  0.904819  
0.548244  0.836318  0.966799  0.255538  
0.901774  0.432207  9.8417e-05  1  
1  8.88011e-05  1  8.88011e-05  
0.425797  0.904819  0.748248  0.663419  
9.8417e-05  1  0.901774  0.432207  
0.548244  0.836318  0.548244  0.836318  
0.831934  0.554875  0.280332  0.959903  
0.280332  0.959903  0.425797  0.904819  
0.901774  0.432207  0.958171  0.286197  
1  8.88011e-05  9.8417e-05  1  
0.654185  0.756334  0.654185  0.756334  
0.425797  0.904819  0.901774  0.432207  
0.958171  0.286197  0.748248  0.663419  
0.748248  0.663419  1  8.88011e-05  
9.8417e-05  1  0.394056  0.919087  
0.901774  0.432207  0.548244  0.836318  
9.8417e-05  1  0.280332  0.959903  
1  8.88011e-05  1  8.88011e-05  
0.548244  0.836318  0.901774  0.432207  
0.958171  0.286197  9.8417e-05  1  
0.280332  0.959903  0.748248  0.663419  
0.654185  0.756334  0.958171  0.286197  
0.831934  0.554875  0.425797  0.904819  
0.425797  0.904819  0.654185  0.756334  
0.748248  0.663419  0.831934  0.554875  
0.425797  0.904819  0.748248  0.663419  
0.958171  0.286197  0.901774  0.432207  
0.280332  0.959903  0.958171  0.286197  
9.8417e-05  1  0.831934  0.554875  
1  8.88011e-05  0.548244  0.836318  
0.901774  0.432207  0.280332  0.959903  
0.748248  0.663419  0.425797  0.904819  
0.654185  0.756334  1  8.88011e-05  
0.831934  0.554875  9.8417e-05  1  
0.548244  0.836318  0.654185  0.756334  
1  8.88011e-05  0.425797  0.904819  
0.425797  0.904819  0.548244  0.836318  
0.548244  0.836318  0.748248  0.663419  
0.280332  0.959903  0.280332  0.959903  
0.748248  0.663419  1  8.88011e-05  
0.958171  0.286197  0.831934  0.554875  
0.831934  0.554875  9.8417e-05  1  
0.901774  0.432207  0.958171  0.286197  
9.8417e-05  1  0.901774  0.432207  
0.654185  0.756334  0.654185  0.756334  
0.280332  0.959903  0.280332  0.959903  
0.654185  0.756334  0.288009  0.957628  
0.831934  0.554875  0.831934  0.554875  
0.901774  0.432207  1  8.88011e-05  
0.958171  0.286197  0.280332  0.959903  
1  8.88011e-05  0.901774  0.432207  
0.425797  0.904819  0.548244  0.836318  
9.8417e-05  1  1  8.88011e-05  
0.748248  0.663419  0.333687  0.942684  
0.548244  0.836318  0.958171  0.286197  
9.8417e-05  1  0.831934  0.554875  
0.901774  0.432207  0.548244  0.836318  
0.958171  0.286197  9.8417e-05  1  
0.280332  0.959903  1  8.88011e-05  
1  8.88011e-05  0.280332  0.959903  
0.831934  0.554875  0.901774  0.432207  
0.548244  0.836318  0.748248  0.663419  
0.425797  0.904819  0.654185  0.756334  
0.748248  0.663419  0.425797  0.904819  
0.654185  0.756334  0.958171  0.286197  
0.831934  0.554875  0.958171  0.286197  
0.748248  0.663419  0.425797  0.904819  
0.654185  0.756334  0.548244  0.836318  
0.958171  0.286197  0.654185  0.756334  
0.425797  0.904819  0.901774  0.432207  
0.280332  0.959903  1  8.88011e-05  
0.548244  0.836318  0.748248  0.663419  
9.8417e-05  1  0.280332  0.959903  
0.901774  0.432207  0.831934  0.554875  
1  8.88011e-05  9.8417e-05  1  
0.958171  0.286197  0.748248  0.663419  
0.425797  0.904819  0.831934  0.554875  
9.8417e-05  1  0.280332  0.959903  
0.748248  0.663419  0.901774  0.432207  
0.901774  0.432207  0.548244  0.836318  
0.654185  0.756334  1  8.88011e-05  
0.548244  0.836318  0.425797  0.904819  
0.280332  0.959903  0.958171  0.286197  
0.831934  0.554875  0.654185  0.756334  
1  8.88011e-05  9.8417e-05  1  
0.831934  0.554875  0.280332  0.959903  
0.901774  0.432207  1  8.88011e-05  
1  8.88011e-05  9.8417e-05  1  
0.748248  0.663419  0.831934  0.554875  
0.958171  0.286197  0.457292  0.889316  
9.8417e-05  1  0.901774  0.432207  
0.654185  0.756334  0.654185  0.756334  
0.280332  0.959903  0.748248  0.663419  
0.548244  0.836318  0.958171  0.286197  
0.425797  0.904819  0.548244  0.836318  
9.8417e-05  1  0.748248  0.663419  
1  8.88011e-05  1  8.88011e-05  
0.748248  0.663419  9.8417e-05  1  
0.425797  0.904819  0.280332  0.959903  
0.548244  0.836318  0.597573  0.801814  
0.831934  0.554875  0.425797  0.904819  
0.654185  0.756334  0.958171  0.286197  
0.280332  0.959903  0.831934  0.554875  
0.901774  0.432207  0.548244  0.836318  
0.958171  0.286197  0.901774  0.432207  
0.958171  0.286197  0.548244  0.836318  
1  8.88011e-05  0.748248  0.663419  
0.425797  0.904819  0.425797  0.904819  
0.548244  0.836318  9.8417e-05  1  
9.8417e-05  1  0.958171  0.286197  
0.748248  0.663419  0.831934  0.554875  
0.831934  0.554875  0.901774  0.432207  
0.280332  0.959903  1  8.88011e-05  
0.654185  0.756334  0.654185  0.756334  
0.901774  0.432207  0.280332  0.959903  
0.548244  0.836318  9.8417e-05  1  
0.831934  0.554875  0.958171  0.286197  
0.280332  0.959903  0.748248  0.663419  
0.901774  0.432207  1  8.88011e-05  
1  8.88011e-05  0.425797  0.904819  
0.654185  0.756334  0.901774  0.432207  
0.425797  0.904819  0.654185  0.756334  
0.958171  0.286197  0.831934  0.554875  
0.748248  0.663419  0.548244  0.836318  
9.8417e-05  1  0.280332  0.959903  
0.748248  0.663419  9.8417e-05  1  
1  8.88011e-05  0.280332  0.959903  
0.425797  0.904819  0.654185  0.756334  
0.548244  0.836318  0.425797  0.904819  
0.901774  0.432207  0.901774  0.432207  
9.8417e-05  1  0.748248  0.663419  
0.831934  0.554875  0.831934  0.554875  
0.654185  0.756334  0.958171  0.286197  
0.958171  0.286197  0.548244  0.836318  
0.280332  0.959903  1  8.88011e-05  
0.425797  0.904819  0.548244  0.836318  
0.901774  0.432207  0.280332  0.959903  
0.654185  0.756334  0.831934  0.554875  
0.831934  0.554875  0.654185  0.756334  
0.748248  0.663419  0.901774  0.432207  
0.548244  0.836318  0.870921  0.491424  
0.280332  0.959903  0.748248  0.663419  
1  8.88011e-05  0.425797  0.904819  
9.8417e-05  1  0.958171  0.286197  
0.958171  0.286197  1  8.88011e-05  
0.425797  0.904819  0.958171  0.286197  
9.8417e-05  1  0.280332  0.959903  
0.280332  0.959903  0.831934  0.554875  
0.548244  0.836318  0.548244  0.836318  
0.831934  0.554875  0.654185  0.756334  
1  8.88011e-05  0.425797  0.904819  
0.901774  0.432207  9.8417e-05  1  
0.958171  0.286197  0.901774  0.432207  
0.748248  0.663419  1  8.88011e-05  
0.654185  0.756334  0.674364  0.738399  
0.548244  0.836318  0.425797  0.904819  
0.654185  0.756334  1  8.88011e-05  
0.748248  0.663419  0.901774  0.432207  
0.831934  0.554875  9.8417e-05  1  
0.425797  0.904819  0.748248  0.663419  
0.901774  0.432207  0.548244  0.836318  
1  8.88011e-05  0.280332  0.959903  
0.958171  0.286197  0.654185  0.756334  
9.8417e-05  1  0.958171  0.286197  
0.280332  0.959903  0.831934  0.554875  
0.548244  0.836318  0.804716  0.59366  
0.280332  0.959903  0.901774  0.432207  
1  8.88011e-05  0.958171  0.286197  
0.901774  0.432207  0.831934  0.554875  
9.8417e-05  1  0.748248  0.663419  
0.831934  0.554875  0.654185  0.756334  
0.958171  0.286197  0.280332  0.959903  
0.654185  0.756334  9.8417e-05  1  
0.425797  0.904819  1  8.88011e-05  
0.748248  0.663419  0.548244  0.836318  
0.901774  0.432207  0.654185  0.756334  
0.654185  0.756334  0.831934  0.554875  
0.280332  0.959903  1  8.88011e-05  
0.548244  0.836318  0.901774  0.432207  
0.425797  0.904819  0.548244  0.836318  
0.958171  0.286197  0.958171  0.286197  
0.748248  0.663419  0.425797  0.904819  
9.8417e-05  1  0.280332  0.959903  
0.831934  0.554875  0.748248  0.663419  
1  8.88011e-05  9.8417e-05  1  
0.901774  0.432207  0.748248  0.663419  
0.831934  0.554875  0.831934  0.554875  
0.958171  0.286197  0.317476  0.948266  
1  8.88011e-05  0.280332  0.959903  
0.548244  0.836318  0.958171  0.286197  
0.425797  0.904819  0.654185  0.756334  
0.280332  0.959903  9.8417e-05  1  
0.654185  0.756334  0.901774  0.432207  
9.8417e-05  1  1  8.88011e-05  
0.748248  0.663419  0.548244  0.836318  
0.280332  0.959903  0.901774  0.432207  
0.425797  0.904819  9.8417e-05  1  
0.958171  0.286197  1  8.88011e-05  
0.901774  0.432207  0.748248  0.663419  
0.548244  0.836318  0.654185  0.756334  
9.8417e-05  1  0.831934  0.554875  
1  8.88011e-05  0.425797  0.904819  
0.654185  0.756334  0.548244  0.836318  
0.748248  0.663419  0.446411  0.894828  
0.831934  0.554875  0.280332  0.959903  
0.425797  0.904819  0.654185  0.756334  
9.8417e-05  1  0.280332  0.959903  
0.548244  0.836318  0.366567  0.930392  
0.748248  0.663419  0.548244  0.836318  
0.958171  0.286197  0.958171  0.286197  
0.901774  0.432207  9.8417e-05  1  
0.831934  0.554875  0.748248  0.663419  
0.280332  0.959903  0.901774  0.432207  
1  8.88011e-05  1  8.88011e-05  
0.654185  0.756334  0.831934  0.554875  
0.548244  0.836318  0.548244  0.836318  
0.831934  0.554875  0.280332  0.959903  
0.280332  0.959903  0.958171  0.286197  
0.901774  0.432207  0.748248  0.663419  
1  8.88011e-05  0.831934  0.554875  
0.654185  0.756334  0.654185  0.756334  
0.425797  0.904819  0.52052  0.85385  
0.958171  0.286197  0.901774  0.432207  
0.748248  0.663419  0.425797  0.904819  
9.8417e-05  1  1  8.88011e-05  
0.548244  0.836318  0.748248  0.663419  
0.831934  0.554875  0.831934  0.554875  
1  8.88011e-05  9.8417e-05  1  
9.8417e-05  1  0.548244  0.836318  
0.425797  0.904819  0.901774  0.432207  
0.280332  0.959903  0.280332  0.959903  
0.901774  0.432207  1  8.88011e-05  
0.748248  0.663419  0.654185  0.756334  
0.958171  0.286197  0.425797  0.904819  
0.654185  0.756334  0.958171  0.286197  
0.548244  0.836318  0.425797  0.904819  
0.425797  0.904819  0.901774  0.432207  
1  8.88011e-05  0.280332  0.959903  
0.958171  0.286197  1  8.88011e-05  
0.901774  0.432207  9.8417e-05  1  
0.654185  0.756334  0.748248  0.663419  
9.8417e-05  1  0.831934  0.554875  
0.748248  0.663419  0.654185  0.756334  
0.280332  0.959903  0.548244  0.836318  
0.831934  0.554875  0.958171  0.286197  
9.8417e-05  1  9.8417e-05  1  
0.958171  0.286197  0.831934  0.554875  
0.654185  0.756334  0.958171  0.286197  
0.280332  0.959903  0.654185  0.756334  
0.901774  0.432207  0.425797  0.904819  
0.748248  0.663419  1  8.88011e-05  
0.548244  0.836318  0.748248  0.663419  
0.425797  0.904819  0.901774  0.432207  
1  8.88011e-05  0.548244  0.836318  
0.831934  0.554875  0.280332  0.959903  
0.748248  0.663419  0.548244  0.836318  
0.425797  0.904819  0.280332  0.959903  
0.831934  0.554875  0.831934  0.554875  
0.901774  0.432207  1  8.88011e-05  
1  8.88011e-05  0.654185  0.756334  
0.548244  0.836318  0.350562  0.93654  
0.958171  0.286197  0.958171  0.286197  
9.8417e-05  1  0.901774  0.432207  
0.654185  0.756334  0.748248  0.663419  
0.280332  0.959903  9.8417e-05  1  
9.8417e-05  1  0.500083  0.865978  
0.654185  0.756334  0.548244  0.836318  
1  8.88011e-05  0.425797  0.904819  
0.958171  0.286197  0.748248  0.663419  
0.901774  0.432207  0.958171  0.286197  
0.748248  0.663419  0.280332  0.959903  
0.548244  0.836318  1  8.88011e-05  
0.280332  0.959903  0.923863  0.382722  
0.425797  0.904819  0.831934  0.554875  
0.831934  0.554875  0.901774  0.432207  
0.280332  0.959903  0.703617  0.71058  
9.8417e-05  1  0.831934  0.554875  
0.654185  0.756334  9.8417e-05  1  
0.831934  0.554875  0.748248  0.663419  
1  8.88011e-05  0.280332  0.959903  
0.425797  0.904819  0.654185  0.756334  
0.548244  0.836318  0.425797  0.904819  
0.958171  0.286197  0.548244  0.836318  
0.901774  0.432207  1  8.88011e-05  
0.748248  0.663419  0.958171  0.286197  
0.280332  0.959903  0.901774  0.432207  
0.901774  0.432207  0.425797  0.904819  
0.958171  0.286197  0.280332  0.959903  
0.548244  0.836318  0.958171  0.286197  
0.654185  0.756334  0.748248  0.663419  
1  8.88011e-05  0.831934  0.554875  
9.8417e-05  1  1  8.88011e-05  
0.425797  0.904819  9.8417e-05  1  
0.748248  0.663419  0.548244  0.836318  
0.831934  0.554875  0.654185  0.756334  
1  8.88011e-05  9.8417e-05  1  
0.280332  0.959903  0.831934  0.554875  
0.654185  0.756334  1  8.88011e-05  
9.8417e-05  1  0.548244  0.836318  
0.958171  0.286197  0.958171  0.286197  
0.748248  0.663419  0.901774  0.432207  
0.425797  0.904819  0.425797  0.904819  
0.548244  0.836318  0.900449  0.434962  
0.901774  0.432207  0.748248  0.663419  
0.831934  0.554875  0.280332  0.959903  
0.654185  0.756334  0.901774  0.432207  
9.8417e-05  1  0.831934  0.554875  
0.901774  0.432207  0.654185  0.756334  
0.425797  0.904819  0.425797  0.904819  
0.831934  0.554875  0.548244  0.836318  
0.280332  0.959903  0.958171  0.286197  
1  8.88011e-05  0.280332  0.959903  
0.548244  0.836318  9.8417e-05  1  
0.958171  0.286197  0.748248  0.663419  
0.748248  0.663419  1  8.88011e-05  
0.548244  0.836318  0.280332  0.959903  
0.831934  0.554875  0.548244  0.836318  
0.280332  0.959903  0.831934  0.554875  
0.901774  0.432207  0.901774  0.432207  
1  8.88011e-05  0.425797  0.904819  
0.654185  0.756334  9.8417e-05  1  
0.425797  0.904819  1  8.88011e-05  
0.958171  0.286197  0.654185  0.756334  
0.748248  0.663419  0.958171  0.286197  
9.8417e-05  1  0.748248  0.663419  
1  8.88011e-05  0.831934  0.554875  
0.548244  0.836318  0.958171  0.286197  
0.958171  0.286197  0.280332  0.959903  
0.425797  0.904819  1  8.88011e-05  
0.280332  0.959903  0.901774  0.432207  
0.901774  0.432207  0.748248  0.663419  
9.8417e-05  1  0.654185  0.756334  
0.654185  0.756334  0.548244  0.836318  
0.748248  0.663419  9.8417e-05  1  
0.831934  0.554875  0.425797  0.904819  
0.548244  0.836318  0.958171  0.286197  
0.958171  0.286197  0.831934  0.554875  
0.748248  0.663419  0.548244  0.836318  
0.654185  0.756334  0.901774  0.432207  
0.831934  0.554875  0.280332  0.959903  
0.280332  0.959903  9.8417e-05  1  
0.425797  0.904819  0.425797  0.904819  
0.901774  0.432207  1  8.88011e-05  
9.8417e-05  1  0.654185  0.756334  
1  8.88011e-05  0.748248  0.663419  
0.425797  0.904819  9.8417e-05  1  
0.280332  0.959903  0.901774  0.432207  
0.748248  0.663419  0.748248  0.663419  
0.958171  0.286197  0.280332  0.959903  
9.8417e-05  1  0.654185  0.756334  
0.654185  0.756334  1  8.88011e-05  
0.548244  0.836318  0.958171  0.286197  
1  8.88011e-05  0.425797  0.904819  
0.901774  0.432207  0.831934  0.554875  
0.831934  0.554875  0.548244  0.836318  
9.8417e-05  1  0.561608  0.827403  
0.548244  0.836318  9.8417e-05  1  
1  8.88011e-05  0.901774  0.432207  
0.901774  0.432207  0.654185  0.756334  
0.748248  0.663419  0.831934  0.554875  
0.654185  0.756334  0.425797  0.904819  
0.425797  0.904819  0.958171  0.286197  
0.831934  0.554875  0.748248  0.663419  
0.280332  0.959903  0.548244  0.836318  
0.958171  0.286197  1  8.88011e-05  
0.425797  0.904819  0.958171  0.286197  
0.901774  0.432207  0.654185  0.756334  
9.8417e-05  1  9.8417e-05  1  
0.748248  0.663419  0.425797  0.904819  
1  8.88011e-05  0.748248  0.663419  
0.280332  0.959903  1  8.88011e-05  
0.831934  0.554875  0.901774  0.432207  
0.958171  0.286197  0.548244  0.836318  
0.548244  0.836318  0.831934  0.554875  
0.654185  0.756334  0.280332  0.959903  
0.280332  0.959903  0.748248  0.663419  
9.8417e-05  1  0.654185  0.756334  
0.748248  0.663419  0.548244  0.836318  
1  8.88011e-05  0.831934  0.554875  
0.901774  0.432207  0.425797  0.904819  
0.425797  0.904819  0.280332  0.959903  
0.958171  0.286197  1  8.88011e-05  
0.831934  0.554875  0.21152  0.977374  
0.654185  0.756334  0.958171  0.286197  
0.548244  0.836318  0.901774  0.432207  
0.425797  0.904819  0.548244  0.836318  
0.748248  0.663419  0.831934  0.554875  
0.901774  0.432207  0.901774  0.432207  
0.280332  0.959903  0.654185  0.756334  
0.958171  0.286197  0.633121  0.774053  
0.654185  0.756334  0.509715  0.860343  
1  8.88011e-05  0.280332  0.959903  
9.8417e-05  1  0.958171  0.286197  
0.548244  0.836318  0.425797  0.904819  
0.831934  0.554875  0.748248  0.663419  
0.958171  0.286197  9.8417e-05  1  
0.425797  0.904819  0.901774  0.432207  
9.8417e-05  1  0.548244  0.836318  
0.901774  0.432207  0.831934  0.554875  
0.548244  0.836318  0.425797  0.904819  
0.654185  0.756334  0.280332  0.959903  
0.748248  0.663419  0.748248  0.663419  
0.280332  0.959903  0.654185  0.756334  
1  8.88011e-05  1  8.88011e-05  
0.831934  0.554875  1  8.88011e-05  
0.548244  0.836318  0.748248  0.663419  
0.831934  0.554875  0.901774  0.432207  
0.280332  0.959903  9.8417e-05  1  
0.901774  0.432207  0.280332  0.959903  
1  8.88011e-05  0.425797  0.904819  
0.654185  0.756334  0.654185  0.756334  
0.425797  0.904819  0.958171  0.286197  
0.958171  0.286197  0.831934  0.554875  
0.748248  0.663419  1  8.88011e-05  
9.8417e-05  1  0.548244  0.836318  
0.425797  0.904819  0.871596  0.490224  
9.8417e-05  1  0.280332  0.959903  
0.548244  0.836318  0.548244  0.836318  
0.831934  0.554875  0.958171  0.286197  
0.958171  0.286197  0.748248  0.663419  
0.748248  0.663419  0.901774  0.432207  
0.280332  0.959903  0.654185  0.756334  
0.654185  0.756334  1  8.88011e-05  
1  8.88011e-05  9.8417e-05  1  
0.901774  0.432207  0.831934  0.554875  
0.748248  0.663419  0.831934  0.554875  
9.8417e-05  1  0.280332  0.959903  
0.901774  0.432207  0.548244  0.836318  
0.548244  0.836318  0.901774  0.432207  
0.831934  0.554875  9.8417e-05  1  
1  8.88011e-05  1  8.88011e-05  
0.654185  0.756334  0.654185  0.756334  
0.280332  0.959903  0.425797  0.904819  
0.425797  0.904819  0.958171  0.286197  
0.958171  0.286197  0.748248  0.663419  
0.654185  0.756334  0.958171  0.286197  
0.280332  0.959903  0.654185  0.756334  
0.958171  0.286197  0.548244  0.836318  
0.748248  0.663419  0.748248  0.663419  
0.548244  0.836318  0.901774  0.432207  
0.425797  0.904819  9.8417e-05  1  
9.8417e-05  1  0.831934  0.554875  
0.901774  0.432207  0.425797  0.904819  
0.831934  0.554875  1  8.88011e-05  
1  8.88011e-05  0.280332  0.959903  
0.831934  0.554875  0.748248  0.663419  
0.654185  0.756334  1  8.88011e-05  
1  8.88011e-05  0.958171  0.286197  
0.548244  0.836318  0.280332  0.959903  
0.425797  0.904819  0.654185  0.756334  
0.958171  0.286197  0.831934  0.554875  
9.8417e-05  1  0.548244  0.836318  
0.748248  0.663419  9.8417e-05  1  
0.901774  0.432207  0.901774  0.432207  
0.280332  0.959903  0.447069  0.894499  
