2.23769  1.38094  2.52752  1.55224  
2.03866  1.48508  2.43846  1.21188  
2.19329  1.5021  3.09877  2.02252  
2.38619  1.06573  1.74601  1.70203  
2.46027  1.09138  1.71506  1.73546  
2.7178  1.52462  2.55133  1.89809  
2.41503  2.40714  2.49288  2.38315  
1.47128  2.02691  3.27415  0.981077  
1.36686  2.86397  1.71827  2.63265  
1.39978  2.49358  2.32605  2.33392  
1.99847  1.69413  1.64074  2.85484  
2.11446  2.26438  2.30447  1.62088  
1.19305  3.18418  2.51415  2.39849  
2.17416  2.24879  2.02092  2.58497  
1.6878  1.95709  2.19846  1.91501  
1.9113  1.89513  2.27777  1.93231  
1.89486  3.2394  1.87849  1.37732  
2.36595  0.974945  2.08198  2.76498  
1.79656  1.83121  2.2236  2.30338  
2.40978  2.62924  1.54622  2.35644  
1.05913  2.20456  0.934549  2.01405  
2.45393  2.06017  1.59051  2.76658  
1.71644  2.07359  2.33513  2.63272  
2.50112  2.02317  2.59355  2.3099  
3.34684  1.53914  2.26406  1.61564  
2.38199  2.02587  2.10699  1.60158  
2.74711  1.80718  2.00707  1.65198  
2.222  1.95646  1.75274  2.28232  
2.3671  1.64432  2.23654  1.41171  
3.15924  1.4319  1.28841  1.44678  
2.22565  2.00424  2.71096  2.4469  
2.08229  1.73989  1.94132  2.60068  
2.34397  1.75163  1.58901  2.17752  
2.4674  3.06815  1.62795  2.30671  
1.86292  1.7093  3.28096  1.22889  
2.53756  1.92064  2.39603  1.66196  
1.49017  1.237  1.34429  1.59942  
2.74704  2.72673  2.29281  1.53393  
2.36316  2.02348  2.46089  2.29236  
2.65241  1.71511  1.52238  2.28549  
2.72263  1.78028  1.49964  1.40691  
2.42571  1.45015  2.85663  2.16645  
1.71837  1.1512  2.52151  1.00819  
1.74821  2.16464  2.3118  2.2537  
1.66099  2.92229  2.29983  3.08288  
2.88252  1.54271  2.5139  1.61967  
1.61368  3.1618  3.06062  1.45656  
2.40894  1.34474  2.35632  2.16215  
1.726  2.08588  1.39326  1.72347  
1.07487  2.07151  2.27973  1.43496  
0.655528  2.70891  1.86924  2.50252  
2.96555  2.27215  1.59144  2.11858  
2.16933  1.53783  2.60004  2.5997  
2.04371  1.95027  2.0104  2.22228  
1.72047  2.4383  1.58207  1.66935  
1.92693  1.34205  2.22965  1.01871  
2.45793  1.74443  1.27651  2.02348  
2.73022  1.53635  2.35691  1.79648  
2.51782  1.18338  0.97936  2.1375  
1.67058  1.00265  1.13965  2.10415  
1.61962  2.69671  1.81368  1.97521  
2.41609  2.29309  2.84025  2.64105  
2.25721  1.60337  2.4  2.11192  
1.46732  2.25027  2.62835  1.69907  
1.37675  2.07149  1.97302  1.35382  
3.20618  1.70214  2.50641  2.07859  
1.93724  1.60839  2.40227  2.53282  
2.43547  2.67075  1.44156  2.13857  
1.97416  2.81881  1.6131  1.58181  
2.88881  2.41898  1.31794  2.97167  
1.7662  2.95627  2.39002  2.02112  
1.90188  2.07739  2.30681  1.26716  
2.27635  1.55087  2.01791  3.25724  
0.821042  1.77291  2.63746  1.65738  
1.76351  2.53203  2.03421  2.38097  
2.14127  2.0075  1.71495  2.4152  
2.13751  1.87097  2.55016  2.70511  
2.34289  1.78511  2.32061  1.77732  
2.78847  2.36192  2.33082  1.7338  
1.72412  1.85295  2.36597  2.9773  
1.88196  2.28603  2.49417  1.79622  
2.73786  2.01747  2.01028  2.49133  
1.27965  2.50773  1.34627  1.92878  
1.74224  2.29288  1.90618  1.69882  
2.3586  1.97805  2.44151  2.06698  
1.2391  1.77241  1.47437  2.38534  
2.07184  2.01766  1.88205  1.36856  
1.45456  2.64799  2.49048  1.73374  
2.10553  0.942639  3.07982  2.28651  
2.41065  1.94092  1.815  1.43477  
1.41121  2.72675  0.827513  2.5217  
2.29586  1.83939  1.02039  1.91997  
1.62712  2.36657  2.87352  1.54358  
2.196  2.24539  2.75388  2.24673  
1.38945  1.00281  1.43606  2.79152  
1.70313  2.61166  2.4162  1.53727  
1.64292  2.44515  1.88766  2.11986  
2.4288  1.15861  2.60951  2.35264  
1.96084  1.60305  2.17502  1.2064  
1.82186  2.87986  2.11072  2.45718  
0.850994  0.27601  0.307378  0.859291  
0.621706  0.417216  0.184474  0.859533  
0.710267  0.242046  0.282839  0.72592  
0.423664  0.591749  0.423664  0.591749  
2.36996  1.18937  0.621706  0.417216  
0.282839  0.72592  0.227267  0.693114  
0.54378  0.315666  0.850994  0.27601  
0.0574381  0.859291  0.710267  0.242046  
0.184474  0.859533  0.54378  0.315666  
0.227267  0.693114  2.36996  1.18937  
0.313067  1.33498  0.261879  0.532753  
1.24389  0.18189  1.18279  0.711014  
1.05992  0.199689  0.0811584  0.892162  
0.0811584  0.892162  0.945936  0.486229  
0.261879  0.532753  0.402294  1.6406  
0.205561  0.938523  0.313067  1.33498  
0.402294  1.6406  1.24389  0.18189  
0.564216  0.386066  1.05992  0.199689  
0.945936  0.486229  0.205561  0.938523  
1.18279  0.638072  0.564216  0.386066  
0.467193  0.435005  0.655405  0.272666  
0.0918275  0.925154  0.251545  0.657341  
0.627483  0.284816  0.516938  0.382634  
1.08108  0.0998266  0.596127  0.327255  
0.526092  0.329967  0.992013  0.0437727  
0.879009  0.0880766  0.247792  0.980831  
0.896858  0.118365  0.180167  0.742913  
0.18587  0.582774  0.581938  0.96409  
1.07852  0.101314  0.163814  0.630997  
1.40185  0.513259  0.511862  0.85053  
0.211177  0.576896  1.08108  0.0998266  
0.0862394  0.726824  0.627483  0.284816  
0.607789  0.231786  0.879009  0.0880766  
0.22357  0.540761  0.467193  0.435005  
0.184489  0.586017  0.0918275  0.925154  
0.998001  0.010674  0.18587  0.582774  
0.862854  0.0959423  0.526092  0.329967  
0.017802  1.04822  0.977505  0.118365  
0.424877  0.379615  1.40185  0.513259  
0.179204  0.682947  1.07852  0.101314  
0.563853  0.369724  0.998001  0.010674  
0.882106  0.162717  0.211177  0.576896  
0.414685  1.23097  0.607789  0.231786  
0.286286  0.505641  0.0862394  0.726824  
0.0437988  1.13526  0.888205  0.0959423  
0.780556  0.283216  0.179204  0.682947  
0.22182  0.720287  0.017802  1.04822  
0.0115959  1.00267  0.184489  0.586017  
0.906047  0.102371  0.424877  0.379615  
0.702462  0.502383  0.22357  0.540761  
0.999589  0.000524233  0.22182  0.720287  
0.29834  0.453831  0.0437988  1.13526  
0.957511  0.0291543  0.414685  1.23097  
0.244001  0.506082  0.89032  0.173458  
0.569275  0.245512  0.0115959  1.00267  
0.033753  0.816386  0.702462  0.502383  
0.919865  0.0417371  0.906047  0.102371  
0.62091  0.212539  0.780556  0.283216  
0.176821  0.579786  0.563853  0.369724  
0.00634383  0.92049  0.286286  0.505641  
0.0675802  0.79056  0.176821  0.579786  
1.14721  0.00653154  0.62091  0.212539  
0.673259  0.404218  0.033753  0.816386  
0.294374  0.687756  0.999589  0.000524233  
0.561546  0.288927  0.244001  0.506082  
1.13186  0.0959806  0.957511  0.0291543  
0.144704  0.717746  0.00634383  0.92049  
2.18217  1.13952  0.379346  0.453831  
0.26365  0.767175  0.569275  0.245512  
0.534087  0.410542  0.919865  0.0417371  
0.460258  0.525975  1.13186  0.0959806  
0.913139  0.133301  2.18217  1.13952  
0.549449  0.738075  0.26365  0.821093  
1.06978  0.0625434  0.0675802  0.79056  
0.228992  0.635137  0.294374  0.687756  
0.516393  0.370017  0.534087  0.410542  
0.959569  0.0694601  0.673259  0.404218  
0.0643531  0.847285  0.561546  0.288927  
0.665239  0.34962  1.14721  0.00653154  
0.628948  0.314483  0.144704  0.717746  
0.655405  0.272666  0.516393  0.370017  
0.247792  0.980831  0.682815  0.34962  
0.163814  0.630997  0.913139  0.133301  
0.180167  0.742913  0.549449  0.738075  
0.992013  0.0437727  0.460258  0.525975  
0.596127  0.327255  1.06978  0.0625434  
0.516938  0.382634  0.228992  0.635137  
0.581938  0.83813  0.0643531  0.847285  
0.251545  0.657341  0.959569  0.0694601  
0.511862  0.85053  0.628948  0.314483  
0.85252  0.0970394  0.134876  0.650768  
1.02155  1.17628  0.206933  0.700923  
0.236451  0.634857  1.02155  1.17736  
0.134876  0.650768  0.236451  0.634857  
1.24242  0.119073  0.572981  0.364481  
0.572981  0.364481  0.996409  0.0675351  
0.996409  0.0675351  0.7301  0.495698  
0.7301  0.495698  1.24242  0.119073  
0.965029  0.0224448  0.965029  0.0224448  
0.206933  0.700923  0.85252  0.0970394  
0.439682  0.510476  0.721511  0.328104  
0.519653  0.48783  3.6987  4.05383  
0.946906  0.526249  1.02776  0.40904  
3.6987  4.05383  0.0947731  0.753608  
0.782882  0.863978  0.519653  0.478389  
4.47603  3.67009  1.04253  0.333658  
1.02776  0.40904  4.47603  3.67009  
1.04253  0.333658  0.430431  0.660858  
0.647019  0.896542  0.946906  0.526249  
0.0947731  0.753608  0.439682  0.510476  
0.375734  0.517637  0.519653  0.478389  
1.27878  0.580109  1.04253  0.333658  
0.163882  0.701725  0.721511  0.328104  
1.27105  0.184432  1.02776  0.40904  
0.905067  0.0626851  0.430431  0.660858  
1.50605  0.376589  3.6987  4.05383  
1.69789  0.712407  0.946906  0.526249  
0.412746  0.518339  4.47603  3.67009  
0.770958  1.04808  0.439682  0.510476  
0.131669  0.715103  0.0947731  0.753608  
0.710205  0.237529  0.0773935  0.993164  
0.452135  0.361374  0.452135  0.361374  
0.908204  0.0636943  0.23169  0.846829  
0.160657  0.646258  0.398994  0.466491  
0.313338  0.599258  0.92115  0.138981  
0.854731  0.1679  0.854731  0.1679  
0.23169  0.846829  0.908204  0.0636943  
0.0773935  0.993164  0.313338  0.599258  
0.398994  0.466491  0.710205  0.237529  
0.92115  0.138981  0.160657  0.646258  
0.189485  0.564747  0.98747  0.261645  
0.537657  0.266782  0.0695092  0.736545  
0.0695092  0.736545  0.537657  0.266782  
0.0219704  0.852563  0.27173  0.478836  
0.480842  0.306682  0.779897  0.116991  
0.98747  0.00664928  0.121026  0.652276  
0.121026  0.652276  0.358276  0.401498  
0.358276  0.401498  0.480842  0.306682  
0.27173  0.478836  0.189485  0.564747  
0.779897  0.116991  0.0219704  0.852563  
0.301105  0.451476  0.417934  0.371957  
0.999567  0.000442297  0.754052  0.147238  
0.918723  0.0415684  0.569563  0.417647  
0.622519  0.211083  0.959844  0.0369948  
0.498993  0.293645  0.322234  0.510476  
0.0390629  0.802413  0.568203  0.259008  
0.243978  0.506072  0.533558  0.322104  
0.161366  0.598386  0.123561  0.660858  
0.56927  0.245504  0.290296  0.486456  
0.000818676  0.981036  0.0947731  0.753608  
0.999567  0.000442297  0.918723  0.0415684  
0.918723  0.0415684  0.243978  0.506072  
3.28522  3.15288  0.498993  0.293645  
0.622519  0.211083  0.999567  0.000442297  
0.301105  0.451476  0.161366  0.598386  
0.498993  0.293645  0.0390629  0.802584  
0.243978  0.506072  0.622519  0.211083  
0.56927  0.245504  0.301105  0.451476  
0.0390629  0.802413  0.000818676  0.981036  
0.161366  0.598386  0.56927  0.245504  
0.409585  0.775889  0.999567  0.000442297  
0.135407  0.962343  0.243978  0.506072  
0.938535  0.157433  0.301105  0.451476  
0.723201  0.609536  0.0390629  0.802413  
0.455037  0.467477  0.918723  0.0415684  
0.798605  0.343692  1.10203  0.211083  
0.217212  0.680382  0.498993  0.293645  
0.355564  0.518396  0.56927  0.245504  
0.0558035  0.94046  3.28522  3.15288  
0.978304  0.075395  0.161366  0.598386  
1.02776  0.40904  0.652232  0.241851  
0.0947731  0.753608  0.426433  0.36003  
0.519653  0.48783  0.933916  0.0403109  
1.04253  0.333658  0.178482  0.736315  
4.47603  3.67009  0.470601  0.340631  
0.439682  0.510476  0.911489  0.0501069  
3.6987  4.05383  0.096408  0.697791  
0.647019  0.896542  0.852466  0.220706  
0.782882  0.863978  0.345219  0.490861  
0.946906  0.526249  0.0107337  1.04971  
0.0104991  1.04971  0.770958  1.04808  
0.470601  0.340631  1.27878  0.580109  
0.933916  0.0403109  1.50605  0.376589  
0.096408  0.697791  1.27105  0.184432  
0.345219  0.490861  0.375734  0.517637  
0.178482  0.736315  0.412746  0.518339  
0.652232  0.241851  0.131669  0.715103  
0.852466  0.220706  0.163882  0.701725  
0.911489  0.0501069  1.69789  0.712407  
0.426433  0.36003  0.905067  0.0626851  
0.569563  0.417647  0.455037  0.467477  
0.959844  0.0369948  0.978304  0.075395  
0.417934  0.371957  0.723201  0.609536  
0.290296  0.486456  0.355564  0.518396  
0.322234  0.510476  0.938535  0.157433  
0.568203  0.259008  0.409585  0.775889  
0.533558  0.322104  0.135407  0.962343  
0.0947731  0.753608  0.798605  0.343692  
0.123561  0.660858  0.217212  0.680382  
0.754052  0.147238  0.0558035  0.94046  
0.538379  1.33364  3.18559  3.58486  
1.01963  0.162208  1.47427  0.856329  
0.506773  0.415123  0.716942  1.32202  
0.956489  1.04827  0.160209  0.651327  
0.696438  0.332301  1.52891  0.191001  
1.94595  0.991783  0.789537  0.859888  
0.713044  0.390714  1.49867  0.661668  
0.352385  0.818506  0.429481  0.739949  
0.973904  0.078152  0.706103  0.536958  
0.0346463  1.03226  0.941157  0.229846  
0.819914  0.229979  0.973904  0.078152  
0.709283  0.358853  0.506773  0.415123  
0.91466  0.447427  0.352385  0.818506  
0.190385  0.63483  0.0346463  1.03226  
0.905764  0.145466  0.696438  0.332301  
0.133927  0.745927  1.94595  0.991783  
1.02039  0.0670125  1.01963  0.162208  
0.382884  0.41708  0.713044  0.390714  
0.332988  0.698111  0.538379  1.33364  
0.0451668  1.12322  0.956489  1.04827  
0.0386199  0.853144  0.0451668  1.12322  
0.255839  0.589753  0.819914  0.229979  
0.0888987  0.816014  0.709283  0.358853  
1.1554  1.03558  0.332988  0.698111  
0.780814  0.159219  0.382884  0.41708  
0.943687  0.0333854  0.91466  0.447427  
0.912459  0.0528104  1.02039  0.0670125  
0.125212  0.67428  0.190385  0.63483  
0.479429  0.411115  0.133927  0.745927  
0.753111  0.235759  0.905764  0.145466  
0.806568  0.106073  0.780814  0.159219  
0.988721  0.007422  0.912459  0.0528104  
0.286105  0.466337  0.255839  0.589753  
0.45098  0.347052  0.0888987  0.816014  
0.974219  0.016959  0.125212  0.67428  
0.71437  0.155881  0.134154  0.909352  
0.0105935  0.914774  0.479429  0.411115  
0.13835  0.635295  0.753111  0.235759  
0.349657  0.411393  1.1554  1.03558  
0.930202  0.0731666  0.943687  0.0333854  
0.570543  0.282626  0.45098  0.347052  
0.939071  0.0648413  0.71437  0.155881  
1.01759  0.00926017  0.806568  0.106073  
0.795654  0.114931  0.349657  0.411393  
0.470508  0.325228  0.974219  0.016959  
0.708117  0.164744  0.0105935  0.914774  
0.214132  0.59127  0.930202  0.0731666  
0.295276  0.461945  0.988721  0.007422  
0.352088  0.873712  0.13835  0.635295  
0.0623481  0.758914  0.286105  0.466337  
0.160979  0.598804  1.01759  0.00926017  
0.0398471  0.800447  0.470508  0.325228  
0.243972  0.506069  0.0623481  0.758914  
0.000709935  0.980917  0.708117  0.164744  
0.999564  0.000458153  0.795654  0.114931  
0.569268  0.245504  0.352088  0.873712  
0.918384  0.0417124  0.939071  0.0648413  
0.302295  0.450244  0.570543  0.282626  
0.497791  0.294523  0.214132  0.59127  
0.622462  0.211052  0.295276  0.461945  
0.566699  0.266392  0.497791  0.294523  
0.961954  0.0681975  0.302295  0.450244  
0.796489  0.121531  0.0398471  0.800447  
1.02588  0.0212226  0.569268  0.245518  
0.981118  0.011055  0.243972  0.506069  
0.257956  0.501494  0.000709935  0.980917  
0.166932  1.02149  0.622462  0.211052  
0.0624204  0.806143  0.918384  0.0417124  
0.0117094  0.907663  0.160979  0.598804  
0.368319  0.398357  0.999564  0.000458153  
1.14048  0.191001  1.14902  0.011055  
0.716942  1.32202  1.02588  0.0212226  
0.160209  0.651327  0.0624204  0.806143  
0.429481  0.739949  0.961954  0.0681975  
3.18559  3.58486  0.368319  0.398357  
1.49867  0.661668  0.257956  0.501494  
0.789537  0.859888  0.796489  0.121531  
0.941157  0.229846  0.166932  1.02149  
1.47427  0.856329  0.566699  0.266392  
0.706103  0.536958  0.0117094  0.907663  
0.754483  0.157336  0.681698  0.634598  
0.968359  0.0282992  0.968359  0.0282992  
0.14869  0.618846  0.00959036  0.980442  
0.681698  0.634598  0.74877  0.234765  
0.891595  0.135064  0.590771  0.252672  
0.00959036  0.980442  0.754483  0.157336  
0.590771  0.252672  0.369047  0.456441  
0.74877  0.234765  0.148692  0.618846  
0.369047  0.456441  0.891595  0.135064  
0.384189  0.385515  0.384189  0.385515  
0.0689585  0.912001  1.06029  0.0394061  
1.02908  0.0394061  0.860026  0.316065  
0.177031  0.75721  0.024202  0.919205  
0.757433  0.232738  0.971793  0.0330193  
0.860026  0.316065  0.371539  0.400915  
0.272926  0.532241  0.0714242  0.783759  
0.024202  0.919205  0.272926  0.532241  
0.371539  0.400915  0.757433  0.232738  
0.0714242  0.783759  0.177031  0.75721  
0.971793  0.0330193  0.0689585  0.912001  
1.21788  0.03478  1.06618  0.516348  
0.396084  0.92133  1.30636  0.668658  
0.994056  0.516348  0.396084  0.92133  
0.300673  0.597228  0.300673  0.597228  
0.941064  0.564634  1.21788  0.03478  
0.639337  0.358382  0.578565  0.991412  
1.12938  0.120816  0.639337  0.358382  
1.30636  0.668658  0.941064  0.564634  
0.73137  0.2676  0.73137  0.2676  
0.578565  0.991412  1.12938  0.120816  
0.204022  0.563396  0.238862  0.518274  
0.557906  0.283213  0.737444  0.266704  
0.262438  0.521037  1.00265  0.403879  
1.00265  0.403879  0.262438  0.521037  
0.737444  0.266704  0.965085  0.0220223  
1.00914  0.339588  1.0478  0.0512732  
0.117318  0.763964  0.204022  0.563396  
0.965085  0.0220223  0.557906  0.283213  
0.238862  0.518274  1.00914  0.57833  
1.0478  0.0512732  0.117318  0.763964  
1.05313  0.0754502  0.300673  0.533321  
0.300167  0.498873  0.300167  0.498873  
0.0963481  0.878384  0.0963481  0.878384  
0.818607  0.516348  0.4309  0.991412  
1.02793  0.03478  0.818607  0.516348  
0.300673  0.533321  0.639512  0.358382  
0.73137  0.265214  1.02793  0.03478  
0.639512  0.358382  1.05782  0.661455  
0.4309  0.991412  1.05313  0.0754502  
0.794531  0.661455  0.73137  0.265214  
0.674509  0.453929  0.590193  0.30293  
0.590193  0.30293  0.292701  0.49571  
0.822621  0.211618  0.920646  0.0691568  
0.738811  0.200803  0.0360718  0.846441  
0.292701  0.49571  0.985821  0.0194909  
0.920646  0.0691568  0.738811  0.200803  
2.11917  2.00503  0.822621  0.211618  
0.985821  0.0194909  0.282424  0.751136  
0.282424  0.751136  2.40573  2.00503  
0.0360718  0.846441  0.674509  0.453929  
0.475171  0.311383  0.966889  0.017128  
0.814441  0.0985084  0.204605  0.609459  
0.000560563  0.99151  0.0750766  0.726237  
0.419509  0.352559  0.112115  0.666129  
0.0750766  0.726237  0.419509  0.352559  
0.169814  0.588162  0.776886  0.118788  
0.966889  0.017128  0.000560563  0.99151  
0.112115  0.666129  0.475171  0.311383  
0.736708  0.142993  0.814441  0.0985084  
0.776886  0.118788  0.736708  0.142993  
0.422638  0.374644  1.00485  0.01954  
0.0290687  0.842946  0.75211  0.656291  
0.339006  0.477067  0.445776  0.509033  
0.445776  0.509033  0.962797  0.0250669  
0.222653  0.548176  0.18575  0.597005  
0.18575  0.597005  0.422638  0.374644  
1.00485  0.01954  0.339006  0.477067  
0.557434  0.282323  0.0290687  0.842946  
0.75211  0.138203  0.222653  0.548176  
0.962797  0.0250669  0.557434  0.282323  
0.918362  0.0416933  0.622881  0.21081  
0.0407656  0.798145  0.918362  0.0416933  
0.496572  0.2954  0.160972  0.598797  
0.243429  0.50664  0.496572  0.2954  
0.569079  0.245652  0.30359  0.449242  
0.30359  0.449242  0.00054934  0.980916  
0.00054934  0.980916  0.569079  0.245652  
0.160972  0.598797  1.00002  0.000195216  
1.00002  0.000195216  0.243429  0.582475  
0.622881  0.21081  0.0407656  0.798145  
0.306505  0.447294  0.0193295  0.861253  
0.0703306  0.73848  0.0703306  0.73848  
0.0968139  0.68905  0.987412  0.00640324  
0.807824  0.101451  0.434815  0.340857  
0.0193295  0.861253  0.0968139  0.68905  
0.434815  0.340857  0.306505  0.447294  
0.987412  0.00640324  0.690003  0.169541  
0.690003  0.169541  1.05577  0.0255907  
0.203967  0.549058  0.203967  0.549058  
0.951275  0.0255907  0.807824  0.101451  
0.2065  0.549117  0.601176  0.227709  
0.0737823  0.739681  0.414703  0.357586  
0.414703  0.357586  0.11143  0.883187  
0.963626  0.0199092  0.237829  0.515703  
0.601176  0.227709  0.0737823  0.739681  
0.237829  0.515703  0.2065  0.549117  
0.0169496  0.883187  0.509551  0.290755  
0.28192  0.471796  0.28192  0.471796  
0.869157  0.0755399  0.963626  0.0199092  
0.509551  0.290755  0.869157  0.0755399  
0.423104  0.438879  0.544963  0.274862  
0.965237  0.0212664  0.191852  0.562837  
0.234346  0.517669  0.0287587  0.830792  
0.753782  0.13614  0.262281  0.490382  
0.544963  0.274862  0.945921  0.0613067  
0.262281  0.490382  0.753782  0.13614  
0.586223  0.237268  0.965237  0.0212664  
0.0287587  0.830792  0.234346  0.517669  
0.913211  0.0471736  0.586223  0.237268  
0.191852  0.562837  0.423104  0.438879  
0.313504  0.440824  0.443206  0.335002  
0.814653  0.0977934  0.000435408  0.980915  
0.999991  0.000100721  0.999991  0.000100721  
0.0967136  0.689338  0.814653  0.0977934  
0.0257172  0.841575  0.0967136  0.689338  
0.443206  0.335002  0.0257172  0.841575  
0.142396  0.623054  0.313504  0.440824  
0.000435408  0.980915  0.707635  0.159591  
0.580582  0.239984  0.142396  0.623054  
0.707635  0.159591  0.580582  0.239984  
0.443206  0.335002  0.814653  0.0977934  
0.142396  0.623054  0.443206  0.335002  
0.707635  0.159591  0.0257172  0.841575  
0.0257172  0.841575  0.555375  0.440824  
0.0967136  0.689338  0.0967136  0.689338  
0.580582  0.239984  0.580582  0.239984  
0.814653  0.0977934  0.142396  0.623054  
0.999991  0.000100721  0.999991  0.000100721  
0.313504  0.440824  0.707635  0.159591  
0.000435408  0.980915  0.000435408  0.980915  
0.814653  0.0977934  0.0967136  0.689338  
0.580582  0.239984  1.1482  0.000100721  
0.142396  0.623054  0.000435408  0.980915  
0.443206  0.335002  0.814653  0.0977934  
0.0257172  0.841575  0.707635  0.159591  
0.000435408  0.980915  0.580582  0.239984  
0.707635  0.159591  0.0257172  0.841575  
0.313504  0.440824  0.443206  0.335002  
0.999991  0.000100721  0.142396  0.623054  
0.0967136  0.689338  0.313504  0.440824  
0.0257172  0.841575  0.814653  0.0977934  
0.000435408  0.980915  0.313504  0.440824  
0.580582  0.239984  0.0257172  0.841575  
0.313504  0.440824  0.0967136  0.689338  
0.142396  0.623054  0.000435408  0.980915  
0.814653  0.0977934  0.142396  0.623054  
0.443206  0.335002  0.443206  0.335002  
0.999991  0.000100721  0.707635  0.159591  
0.0967136  0.689338  0.580582  0.239984  
0.707635  0.159591  0.999991  0.000100721  
0.707635  0.159591  0.443206  0.335002  
0.580582  0.239984  0.814653  0.169767  
0.0257172  0.841575  0.580582  0.239984  
0.142396  0.623054  0.313504  0.440824  
0.814653  0.0977934  0.000435408  0.980915  
0.443206  0.335002  0.0257172  0.841575  
0.0967136  0.689338  0.142396  0.623054  
0.999991  0.000100721  0.999991  0.000100721  
0.313504  0.440824  0.707635  0.159591  
0.000435408  0.980915  0.0967136  0.689338  
0.999991  0.000100721  0.707635  0.159591  
0.313504  0.440824  0.999991  0.000100721  
0.0257172  0.841575  0.000435408  0.980915  
0.0967136  0.689338  0.313504  0.440824  
0.814653  0.0977934  0.0257172  0.841575  
0.443206  0.335002  0.580582  0.239984  
0.580582  0.239984  0.443206  0.335002  
0.000435408  0.980915  0.142396  0.623054  
0.707635  0.159591  0.141329  0.726455  
0.142396  0.623054  0.814653  0.0977934  
0.580582  0.239984  0.0967136  0.689338  
0.000435408  0.980915  0.313504  0.440824  
0.814653  0.0977934  0.707635  0.159591  
0.999991  0.000100721  0.000435408  0.980915  
0.0257172  0.841575  0.0257172  0.841575  
0.142396  0.623054  0.443206  0.335002  
0.443206  0.335002  0.142396  0.623054  
0.0967136  0.689338  0.580582  0.239984  
0.313504  0.440824  0.814653  0.0977934  
0.707635  0.159591  0.999991  0.000100721  
0.142396  0.623054  0.580582  0.239984  
0.814653  0.0977934  0.999991  0.000100721  
0.443206  0.335002  0.443206  0.335002  
0.580582  0.239984  0.000435408  0.980915  
0.313504  0.440824  0.707635  0.159591  
0.999991  0.000100721  0.0967136  0.689338  
0.000435408  0.980915  0.0436804  0.841575  
0.0967136  0.689338  0.313504  0.440824  
0.707635  0.159591  0.142396  0.623054  
0.0257172  0.841575  0.814653  0.0977934  
0.580582  0.239984  0.580582  0.239984  
0.999991  0.000100721  0.707635  0.159591  
0.707635  0.159591  0.0257172  0.841575  
0.0967136  0.689338  0.000435408  0.980915  
0.0257172  0.841575  0.443206  0.569762  
0.000435408  0.980915  0.142396  0.623054  
0.814653  0.0977934  0.313504  0.440824  
0.443206  0.335002  0.999991  0.000100721  
0.313504  0.440824  0.814653  0.0977934  
0.142396  0.623054  0.0967136  0.689338  
0.707635  0.159591  0.0967136  0.689338  
0.999991  0.000100721  0.580582  0.239984  
0.142396  0.623054  0.707635  0.159591  
0.0967136  0.689338  0.142396  0.623054  
0.443206  0.335002  0.999991  0.000100721  
0.000435408  0.980915  0.443206  0.335002  
0.580582  0.239984  0.847832  0.0977934  
0.313504  0.440824  0.0257172  0.841575  
0.814653  0.0977934  0.313504  0.440824  
0.0257172  0.841575  0.000435408  0.980915  
0.706829  0.159277  0.999991  9.82319e-05  
0.142122  0.623013  0.096556  0.699924  
0.814061  0.0977505  0.312942  0.44059  
0.580216  0.238285  0.142122  0.623013  
0.312942  0.44059  0.814061  0.0977505  
0.0252102  0.841248  0.0252102  0.841248  
0.442973  0.334441  0.706829  0.159277  
0.096556  0.68927  0.442973  0.334441  
0.999991  9.82319e-05  0.000468075  0.980915  
0.000468075  0.980915  0.580216  0.238285  
0.580216  0.238285  0.706829  0.159277  
0.999991  9.82319e-05  0.312942  0.44059  
0.442973  0.334441  0.814061  0.0977505  
0.814061  0.0977505  0.000468075  0.980915  
0.0252102  0.841248  0.580216  0.238285  
0.142122  0.623013  0.096556  0.68927  
0.706829  0.159277  0.142122  0.623013  
0.000468075  0.980915  0.999991  9.82319e-05  
0.096556  0.68927  0.442973  0.334441  
0.312942  0.44059  0.0252248  0.841248  
0.0252102  0.841248  0.096556  0.68927  
0.142122  0.623013  0.814061  0.0977505  
0.000468075  0.980915  0.442973  0.334441  
0.706829  0.159277  0.706829  0.159277  
0.096556  0.68927  0.0252102  0.841248  
0.814061  0.0977505  0.999991  9.82319e-05  
0.312942  0.44059  0.503518  1.07225  
0.442973  0.334441  0.580216  0.238285  
0.580216  0.238285  0.312942  0.44059  
0.999991  9.82319e-05  0.000468075  0.980915  
0.814061  0.0977505  0.0252102  0.841248  
0.096556  0.68927  0.096556  0.68927  
0.312942  0.44059  0.706829  0.159277  
0.999991  9.82319e-05  0.814061  0.0977505  
0.580216  0.238285  0.580216  0.238285  
0.706829  0.159277  0.999991  9.82319e-05  
0.142122  0.623013  0.312942  0.44059  
0.442973  0.334441  0.000468075  0.980915  
0.0252102  0.841248  0.142122  0.623013  
0.000468075  0.980915  0.442973  0.334441  
0.096556  0.68927  0.999991  9.82319e-05  
0.312942  0.44059  0.580216  0.238285  
0.442973  0.334441  0.142122  0.623013  
0.999991  9.82319e-05  0.706829  0.159277  
0.0252102  0.841248  0.096556  0.68927  
0.580216  0.238285  0.312942  0.44059  
0.142122  0.623013  0.0256237  0.841248  
0.706829  0.159277  0.814061  0.0977505  
0.814061  0.0977505  0.442973  0.334441  
0.000468075  0.980915  0.000468075  0.980915  
0.580216  0.238285  0.999991  9.82319e-05  
0.142122  0.623013  0.312942  0.44059  
0.0252102  0.841248  0.706829  0.159277  
0.706829  0.159277  0.580216  0.238285  
0.096556  0.68927  0.142122  0.623013  
0.814061  0.0977505  0.000468075  0.980915  
0.999991  9.82319e-05  0.442973  0.334441  
0.442973  0.334441  0.0252102  0.841248  
0.000468075  0.980915  0.096556  0.68927  
0.312942  0.44059  0.814061  0.0977505  
0.999991  9.82319e-05  0.142122  0.623013  
0.706829  0.159277  0.814061  0.0977505  
0.312942  0.44059  0.706829  0.159277  
0.096556  0.68927  0.096556  0.68927  
0.142122  0.623013  0.580216  0.238285  
0.814061  0.0977505  0.442973  0.334441  
0.000468075  0.980915  0.000468075  0.980915  
0.0252102  0.841248  0.999991  9.82319e-05  
0.442973  0.334441  0.0252102  0.997405  
0.580216  0.238285  0.312942  0.44059  
0.999991  9.82319e-05  0.0252102  0.841248  
0.706829  0.159277  0.000468075  0.980915  
0.814061  0.0977505  0.706829  0.159277  
0.0252102  0.841248  4.42041  4.25262  
0.580216  0.238285  0.442973  0.334441  
0.312942  0.44059  0.814061  0.0977505  
0.442973  0.334441  0.999991  9.82319e-05  
0.096556  0.68927  0.096556  0.68927  
0.142122  0.623013  0.580216  0.238285  
0.000468075  0.980915  0.312942  0.44059  
0.706829  0.159277  0.0252102  0.841248  
0.000468075  0.980915  0.096556  0.68927  
0.096556  0.68927  0.814061  0.0977505  
0.442973  0.334441  0.706829  0.159277  
0.814061  0.0977505  0.999991  9.82319e-05  
0.580216  0.238285  0.142122  0.623013  
0.999991  9.82319e-05  0.442973  0.334441  
0.0252102  0.841248  0.000468075  0.980915  
0.142122  0.623013  0.580216  0.238285  
0.312942  0.44059  0.312942  0.44059  
0.442973  0.334441  0.312942  0.44059  
0.706829  0.159277  0.706829  0.159277  
0.000468075  0.980915  0.142122  0.623013  
0.814061  0.0977505  0.096556  0.68927  
0.096556  0.68927  0.442973  0.334441  
0.142122  0.623013  0.999991  9.82319e-05  
0.580216  0.238285  0.000468075  0.980915  
0.999991  9.82319e-05  0.580216  0.362999  
0.0252102  0.841248  0.814061  0.0977505  
0.312942  0.44059  0.0252102  0.841248  
0.0252101  0.841247  0.706828  0.159276  
0.142121  0.623013  0.142121  0.623013  
0.706828  0.159276  0.000468075  0.980915  
0.312942  0.44059  0.096556  0.68927  
0.096556  0.68927  0.999991  0.000100371  
0.999991  0.000100371  0.0252101  0.841247  
0.580216  0.238284  0.580216  0.238284  
0.814061  0.0977502  1.00954  0.185356  
0.442973  0.334439  0.312942  0.44059  
0.000468075  0.980915  0.442973  0.334439  
0.000468075  0.980915  0.706828  0.159276  
0.0252101  0.841247  0.580216  0.238284  
0.814061  0.0977502  0.000468075  0.980915  
0.999991  0.000100371  0.442973  0.334439  
0.580216  0.238284  0.096556  0.68927  
0.142121  0.623013  0.999991  0.000100371  
0.442973  0.334439  0.142121  0.623013  
0.312942  0.44059  0.814061  0.0977502  
0.706828  0.159276  0.0252101  0.841247  
0.096556  0.68927  0.312942  0.44059  
0.000468075  0.980915  0.0252101  0.841247  
0.442973  0.334439  0.000468075  0.980915  
0.706828  0.159276  0.096556  0.68927  
0.0252101  0.841247  0.814061  0.0977502  
0.142121  0.623013  0.999991  0.000100371  
0.096556  0.68927  0.442973  0.334439  
0.312942  0.44059  0.580216  0.238284  
0.580216  0.238284  0.706828  0.159276  
0.814061  0.0977502  0.142121  0.623013  
0.999991  0.000100371  0.312942  0.446318  
0.442973  0.334439  0.706828  0.159276  
0.814061  0.0977502  0.999991  0.000100371  
0.142121  0.623013  0.580216  0.238284  
0.096556  0.68927  0.0252101  0.841247  
0.312942  0.44059  0.000468075  0.980915  
0.706828  0.159276  0.312942  0.44059  
0.0252101  0.841247  0.814061  0.0977502  
0.999991  0.000100371  0.096556  0.68927  
0.000468075  0.980915  0.442973  0.334439  
0.580216  0.238284  0.142121  0.623013  
0.580216  0.238284  1.07535  0.238284  
0.142121  0.623013  0.442973  0.334439  
0.312942  0.44059  0.096556  0.68927  
0.000468075  0.980915  0.142121  0.623013  
0.999991  0.000100371  0.814061  0.0977502  
0.0252101  0.841247  0.312942  0.44059  
0.096556  0.68927  0.000468075  0.980915  
0.814061  0.0977502  0.999991  0.000100371  
0.442973  0.334439  0.0252101  0.841247  
0.706828  0.159276  0.706828  0.159276  
0.999991  0.000100371  0.442973  0.334439  
0.442973  0.334439  0.312942  0.44059  
0.814061  0.0977502  0.142121  0.623013  
0.312942  0.44059  0.814061  0.0977502  
0.580216  0.238284  0.000468075  0.980915  
0.096556  0.68927  0.999991  0.00103848  
0.0252101  0.841247  0.580216  0.238284  
0.000468075  0.980915  0.706828  0.159276  
0.706828  0.159276  0.0252101  0.841247  
0.142121  0.623013  0.096556  0.68927  
0.814061  0.0977502  0.096556  0.68927  
0.999991  0.000100371  0.142121  0.623013  
0.0252101  0.841247  0.383387  0.44059  
0.312942  0.44059  0.814061  0.0977502  
0.000468075  0.980915  0.580216  0.238284  
0.142121  0.623013  0.000468075  0.980915  
0.442973  0.334439  0.0252101  0.841247  
0.580216  0.238284  0.442973  0.334439  
0.096556  0.68927  0.999991  0.000100371  
0.706828  0.159276  0.706828  0.159276  
0.706828  0.159276  0.096556  0.68927  
0.814061  0.0977502  0.999991  0.000100371  
0.142121  0.623013  0.142121  0.623013  
0.580216  0.238284  0.814061  0.0977502  
0.312942  0.44059  0.312942  0.44059  
0.442973  0.334439  0.442973  0.334439  
0.999991  0.000100371  0.706828  0.159276  
0.000468075  0.980915  0.000468075  0.980915  
0.0252101  0.841247  0.580216  0.238284  
0.096556  0.68927  0.0252101  0.841247  
0.580216  0.238284  0.142121  0.623013  
0.999991  0.000100371  0.814061  0.0977502  
0.0252101  0.841247  0.0252101  0.841247  
0.142121  0.623013  0.096556  0.68927  
0.096556  0.68927  0.706828  0.159276  
0.442973  0.334439  0.580216  0.238284  
0.706828  0.159276  0.000468075  0.980915  
0.000468075  0.980915  0.442973  0.334439  
0.814061  0.0977502  0.312942  0.44059  
0.312942  0.44059  0.999991  0.000654476  
0.580216  0.238284  0.580216  0.238284  
0.096556  0.68927  0.0252101  0.841247  
0.706828  0.159276  0.312942  0.44059  
0.814061  0.0977502  0.142121  0.623013  
0.142121  0.623013  0.814061  0.0977502  
0.000468075  0.980915  0.999991  0.000100371  
0.999991  0.000100371  0.442973  0.334439  
0.442973  0.334439  0.719594  0.178781  
0.0252101  0.841247  0.000468075  0.980915  
0.312942  0.44059  0.096556  0.68927  
0.999991  0.000101474  0.999991  0.000101474  
0.096556  0.68927  0.580216  0.238284  
0.312942  0.44059  0.096556  0.68927  
0.580216  0.238284  0.142121  0.623013  
0.442973  0.334439  0.312942  0.44059  
0.0252101  0.841247  0.0252101  0.841247  
0.142121  0.623013  0.442973  0.334439  
0.000468075  0.980915  0.814061  0.0977502  
0.706828  0.159276  0.000468075  0.980915  
0.814061  0.0977502  0.706828  0.159276  
0.000468075  0.980915  0.312942  0.44059  
0.999991  0.000101474  0.442973  0.334439  
0.142121  0.623013  0.142121  0.623013  
0.0252101  0.841247  0.999991  0.000101474  
0.580216  0.238284  0.096556  0.68927  
0.442973  0.334439  0.580216  0.238284  
0.814061  0.0977502  0.0252101  0.841247  
0.096556  0.68927  0.706828  0.159276  
0.312942  0.44059  0.814061  0.0977502  
0.706828  0.159276  0.000468075  0.980915  
0.0252101  0.841247  0.096556  0.68927  
0.442973  0.334439  0.000468075  0.980915  
0.312942  0.44059  0.312942  0.44059  
0.580216  0.238284  0.999991  0.000101474  
0.142121  0.623013  0.706828  0.159276  
0.000468075  0.980915  0.442973  0.334439  
0.706828  0.159276  0.142121  0.623013  
0.814061  0.0977502  0.580216  0.238284  
0.999991  0.000101474  0.814061  0.0977502  
0.096556  0.68927  0.0252101  0.841247  
0.312942  0.44059  0.999991  0.000101474  
0.096556  0.68927  0.580216  0.238284  
0.814061  0.0977502  0.0254666  0.841247  
0.706828  0.159276  0.312942  0.44059  
0.000468075  0.980915  0.142121  0.623013  
0.999991  0.000101474  0.000468075  0.980915  
0.0252101  0.841247  0.096556  0.68927  
0.142121  0.623013  0.442973  0.334439  
0.580216  0.238284  0.814061  0.0977502  
0.442973  0.334439  0.706828  0.159276  
0.999991  0.000101474  0.000468075  0.980915  
0.096556  0.68927  0.0252101  0.841247  
0.442973  0.334439  0.312942  0.44059  
0.580216  0.238284  0.580216  0.238284  
0.000468075  0.980915  0.096556  0.68927  
0.706828  0.159276  0.814061  0.0977502  
0.312942  0.44059  0.999991  0.000101474  
0.0252101  0.841247  0.248823  0.623013  
0.814061  0.0977502  0.442973  0.334439  
0.142121  0.623013  0.706828  0.159276  
0.580216  0.238284  0.312942  0.44059  
0.096556  0.68927  0.0252101  0.841247  
0.706828  0.159276  0.096556  0.68927  
0.312942  0.44059  0.814061  0.395091  
0.0252101  0.841247  0.706828  0.159276  
0.442973  0.334439  0.580216  0.238284  
0.999991  0.000101474  0.999991  0.000101474  
0.814061  0.0977502  0.142121  0.623013  
0.000468075  0.980915  0.000468075  0.980915  
0.142121  0.623013  0.442973  0.334439  
0.814061  0.0977502  0.999991  0.000101474  
0.000468075  0.980915  0.142121  0.623013  
0.580216  0.238284  0.096556  0.68927  
0.096556  0.68927  0.0252101  0.841247  
0.442973  0.334439  0.000468075  0.980915  
0.0252101  0.841247  0.312942  0.44059  
0.706828  0.159276  0.580216  0.238284  
0.142121  0.623013  0.706828  0.159276  
0.312942  0.44059  0.814061  0.0977502  
0.999991  0.000101474  0.442973  0.334439  
0.096556  0.68927  0.580216  0.238284  
0.814061  0.0977502  0.442973  0.334439  
0.0252101  0.841247  0.706828  0.159276  
0.442973  0.334439  0.814061  0.0977502  
0.580216  0.238284  0.999991  0.000101474  
0.999991  0.000101474  0.096556  0.68927  
0.706828  0.159276  0.000468075  1.14566  
0.312942  0.44059  0.142121  0.623013  
0.000468075  0.980915  0.312942  0.44059  
0.142121  0.623013  0.0252101  0.841247  
0.814061  0.0977502  0.312942  0.44059  
0.999991  0.000101474  0.706828  0.159276  
0.312942  0.44059  0.580216  0.238284  
0.000468075  0.980915  0.096556  0.68927  
0.580216  0.238284  0.999991  0.000101474  
0.442973  0.334439  0.0252101  0.841247  
0.0252101  0.841247  0.814061  0.0977502  
0.706828  0.159276  0.000468075  0.980915  
0.142121  0.623013  0.142121  0.623013  
0.096556  0.68927  0.442973  0.334439  
0.580216  0.238284  0.096556  0.68927  
0.142121  0.623013  1.06208  0.000101474  
0.096556  0.68927  0.442973  0.334439  
0.814061  0.0977502  0.814061  0.0977502  
0.0252101  0.841247  0.706828  0.159276  
0.706828  0.159276  0.0252101  0.841247  
0.000468075  0.980915  0.580216  0.238284  
0.999991  0.000101474  0.312942  0.44059  
0.442973  0.334439  0.000468075  0.980915  
0.312942  0.44059  0.142121  0.623013  
0.999991  0.000101474  0.999991  0.000101474  
0.814061  0.0977502  0.0252101  0.841247  
0.706828  0.159276  0.000468075  0.980915  
0.000468075  0.980915  0.706828  0.159276  
0.142121  0.623013  0.814061  0.0977502  
0.312942  0.44059  0.442973  0.334439  
0.580216  0.238284  0.312942  0.44059  
0.442973  0.334439  0.580216  0.238284  
0.0252101  0.841247  0.142121  0.623013  
0.096556  0.68927  0.096556  0.68927  
0.312942  0.44059  0.142121  0.623013  
0.000468075  0.980915  0.096556  0.68927  
0.096556  0.68927  0.580216  0.238284  
0.442973  0.334439  0.706828  0.159276  
0.0252101  0.841247  0.000468075  0.996636  
0.999991  0.000101474  0.814061  0.0977502  
0.814061  0.0977502  0.999991  0.000101474  
0.142121  0.623013  0.442973  0.334439  
0.706828  0.159276  0.312942  0.44059  
0.580216  0.238284  0.0252101  0.841247  
0.000468075  0.980915  0.999991  0.000101474  
0.706828  0.159276  0.142121  0.623013  
0.442973  0.334439  0.096556  0.68927  
0.096556  0.68927  0.580216  0.238284  
0.312942  0.44059  0.706828  0.159276  
0.814061  0.0977502  0.0252101  0.841247  
0.580216  0.238284  0.312942  0.44059  
0.0252101  0.841247  0.814061  0.119401  
0.142121  0.623013  0.000468075  0.980915  
0.999991  0.000101474  0.442973  0.334439  
0.000468075  0.980915  0.000468075  0.980915  
0.814061  0.0977502  0.442973  0.334439  
0.312942  0.44059  0.096556  0.68927  
0.0252101  0.841247  0.706828  0.159276  
0.999991  0.000101474  0.142121  0.623013  
0.142121  0.623013  0.312942  0.44059  
0.580216  0.238284  0.580216  0.238284  
0.706828  0.159276  0.814061  0.0977502  
0.096556  0.68927  0.0252101  0.841247  
0.442973  0.334439  0.999991  0.000101474  
0.0252101  0.841247  0.536467  0.44059  
0.442973  0.334439  0.442973  0.334439  
0.000468075  0.980915  0.706828  0.159276  
0.706828  0.159276  0.580216  0.238284  
0.580216  0.238284  0.096556  0.68927  
0.999991  0.000101474  0.999991  0.000101474  
0.096556  0.68927  0.142121  0.623013  
0.814061  0.0977502  0.0252101  0.841247  
0.142121  0.623013  0.000468075  0.980915  
0.312942  0.44059  0.814061  0.0977502  
0.580216  0.238284  0.814061  0.0977502  
0.096556  0.68927  0.706828  0.159276  
0.706828  0.159276  0.580216  0.238284  
0.312942  0.44059  0.999991  0.000101474  
0.0252101  0.841247  0.000468075  0.980915  
0.442973  0.334439  0.0252101  0.841247  
0.999991  0.000101474  0.142121  0.623013  
0.814061  0.0977502  0.096556  0.68927  
0.000468075  0.980915  0.442973  0.334439  
0.142121  0.623013  0.771631  0.835797  
0.312942  0.44059  0.312942  0.44059  
0.442973  0.334439  0.0252101  0.841247  
0.142121  0.623013  0.814061  0.0977502  
0.706828  0.159276  0.706828  0.159276  
0.580216  0.238284  0.442973  0.334439  
0.999991  0.000101474  0.999991  0.000101474  
0.000468075  0.980915  0.580216  0.238284  
0.0252101  0.841247  0.142121  0.623013  
0.814061  0.0977502  0.096556  0.68927  
0.096556  0.68927  0.000468075  0.980915  
0.142121  0.623013  0.312942  0.44059  
0.0252101  0.841247  0.814061  0.0977502  
0.000468075  0.980915  0.096556  0.68927  
0.706828  0.159276  0.142121  0.623013  
0.312942  0.44059  0.580216  0.238284  
0.814061  0.0977502  0.0252101  0.841247  
0.096556  0.68927  0.999991  0.000101474  
0.999991  0.000101474  0.442973  0.334439  
0.442973  0.334439  0.000468075  0.980915  
0.580216  0.238284  0.706828  0.159276  
0.142121  0.623013  0.706828  0.159276  
0.096556  0.68927  0.312942  0.44059  
0.999991  0.000101474  0.0252101  0.841247  
0.0252101  0.841247  0.096556  0.68927  
0.000468075  0.980915  0.814061  0.0977502  
0.442973  0.334439  0.580216  0.238284  
0.580216  0.238284  0.142121  0.623013  
0.706828  0.159276  0.999991  0.000101474  
0.814061  0.0977502  0.000468075  0.980915  
0.312942  0.44059  0.442973  0.334439  
0.442973  0.334439  0.312942  0.44059  
0.814061  0.0977502  0.096556  0.68927  
0.096556  0.68927  0.142121  0.623013  
0.706828  0.159276  0.580216  0.238284  
0.142121  0.623013  0.814061  0.0977502  
0.0252101  0.841247  0.0252101  1.04021  
0.999991  0.000101474  0.706828  0.159276  
0.580216  0.238284  0.000468075  0.980915  
0.312942  0.44059  0.999991  0.000101474  
0.000468075  0.980915  0.442973  0.334439  
0.442973  0.334439  0.580216  0.238284  
0.580216  0.238284  0.81406  0.0977502  
0.0252101  0.841247  0.096556  0.68927  
0.706828  0.159276  0.706828  0.159276  
0.999991  0.000101474  0.000468075  0.980915  
0.000468075  0.980915  0.142121  0.623013  
0.142121  0.623013  0.999991  0.000101474  
0.312942  0.44059  0.442973  0.334439  
0.096556  0.68927  0.312942  0.44059  
0.81406  0.0977502  0.0252101  0.841247  
0.81406  0.0977502  0.312942  0.44059  
0.442973  0.334439  0.706828  0.159276  
0.000468075  0.980915  0.096556  0.68927  
0.706828  0.159276  0.999991  0.000101474  
0.0252101  0.841247  0.142121  0.623013  
0.580216  0.238284  0.0252101  0.841247  
0.999991  0.000101474  0.81406  0.0977502  
0.142121  0.623013  0.580216  0.238284  
0.096556  0.68927  0.442973  0.334439  
0.312942  0.44059  0.000468075  0.980915  
0.312942  0.44059  0.706828  0.159276  
0.000468075  0.980915  0.580216  0.238284  
0.142121  0.623013  0.312942  0.44059  
0.81406  0.0977502  0.096556  0.714375  
0.706828  0.159276  0.81406  0.0977502  
0.096556  0.68927  0.442973  0.334439  
0.0252101  0.841247  0.000468075  0.980915  
0.580216  0.238284  0.999991  0.000101474  
0.442973  0.334439  0.142121  0.623013  
0.999991  0.000101474  0.0252101  0.841247  
0.580216  0.238284  0.0252101  0.841247  
0.312942  0.44059  0.442973  0.334439  
0.706828  0.159276  0.312942  0.44059  
0.442973  0.334439  0.81406  0.0977502  
0.0252101  0.841247  0.000468075  0.980915  
0.000468075  0.980915  0.706828  0.159276  
0.096556  0.68927  0.999991  0.000101474  
0.142121  0.623013  0.096556  0.68927  
0.81406  0.0977502  0.580216  0.238284  
0.999991  0.000101474  0.142121  0.623013  
0.580216  0.238284  0.142121  0.623013  
0.312942  0.44059  0.442973  0.334439  
0.0252101  0.841247  0.81406  0.0977502  
0.81406  0.0977502  0.580216  0.238284  
0.706828  0.159276  0.312942  0.44059  
0.442973  0.334439  0.999991  0.000101474  
0.142121  0.623013  0.706828  0.159276  
0.000468075  0.980915  0.0252101  0.841247  
0.999991  0.000101474  0.096556  0.68927  
0.096556  0.68927  0.000468075  0.980915  
0.706828  0.159276  0.81406  0.0977502  
0.442973  0.334439  0.999991  0.000101474  
0.999991  0.000101474  0.442973  0.334439  
0.312942  0.44059  0.096556  0.68927  
0.000468075  0.980915  0.312942  0.44059  
0.096556  0.68927  0.706828  0.159276  
0.0252101  0.841247  0.580216  0.675884  
0.142121  0.623013  0.000468075  0.980915  
0.81406  0.0977502  0.0252101  0.841247  
0.580216  0.238284  0.142121  0.623013  
0.442973  0.334439  0.142121  0.623013  
0.580216  0.238284  0.312942  0.44059  
0.142121  0.623013  0.000468075  0.980915  
0.706828  0.159276  0.0426679  0.841247  
0.81406  0.0977502  0.442973  0.334439  
0.999991  0.000101474  0.706828  0.159276  
0.0252101  0.841247  0.580216  0.238284  
0.000468075  0.980915  0.81406  0.0977502  
0.312942  0.44059  0.096556  0.68927  
0.096556  0.68927  0.999991  0.000101474  
0.0252101  0.841247  0.000468075  0.980915  
0.706828  0.159276  0.706828  0.159276  
0.999991  0.000101474  0.999991  0.000101474  
0.096556  0.68927  0.81406  0.0977502  
0.580216  0.238284  0.096556  0.68927  
0.142121  0.623013  0.142121  0.623013  
0.312942  0.44059  0.442973  0.334439  
0.81406  0.0977502  0.580216  0.238284  
0.442973  0.334439  0.0252101  0.844544  
0.000468075  0.980915  0.312942  0.44059  
0.096556  0.68927  0.999991  0.000101474  
0.142121  0.623013  0.312942  0.44059  
0.706828  0.159276  0.142121  0.623013  
0.81406  0.0977502  0.096556  0.68927  
0.442973  0.334439  0.706828  0.159276  
0.999991  0.000101474  0.580216  0.238284  
0.000468075  0.980915  0.130206  0.980915  
0.580216  0.238284  0.0252101  0.841247  
0.312942  0.44059  0.81406  0.0977502  
0.0252101  0.841247  0.442973  0.334439  
0.312942  0.44059  0.81406  0.0977502  
0.096556  0.68927  0.442973  0.334439  
0.442973  0.334439  1.05263  0.159276  
0.580216  0.238284  0.312942  0.44059  
0.000468075  0.980915  0.096556  0.68927  
0.81406  0.0977502  0.0252101  0.841247  
0.706828  0.159276  0.580216  0.238284  
0.0252101  0.841247  0.999991  0.000101474  
0.999991  0.000101474  0.142121  0.623013  
0.142121  0.623013  0.000468075  0.980915  
