1.36358  1.27351  3.1684  1.1759  2.64968  1.10645  
0.947345  2.06716  3.54518  0.597589  0.640427  6.16062  
0.860655  1.44244  4.53013  0.790933  1.91477  3.91591  
1.32916  2.25688  2.15606  0.929896  0.977949  4.9027  
0.809868  1.44673  4.3427  0.958145  2.07652  3.46994  
1.02712  1.50237  3.27281  0.884931  1.10491  4.57252  
1.48874  2.24603  1.46838  0.862764  1.71118  3.5777  
1.03884  1.41802  4.09039  1.15937  1.44897  3.4804  
0.617653  0.695027  5.90588  0.882017  0.963497  5.12267  
1.13284  1.53291  3.49213  0.733798  1.4533  4.36149  
1.15596  1.88539  3.03584  1.31326  1.43669  2.38175  
1.12423  1.12929  4.25019  1.01264  1.20077  4.14039  
1.01704  1.22653  4.06421  1.01467  2.12555  3.40705  
0.984821  1.7473  3.54695  1.09995  1.4432  3.8438  
1.38938  1.82477  2.12802  1.64148  2.22787  0.862122  
1.30266  1.91044  2.52447  0.88408  0.900453  4.93189  
1.70279  1.48751  2.03106  1.06165  1.5655  3.74129  
1.11006  1.47449  3.56353  1.46066  1.11073  3.03653  
0.946405  1.02236  4.54317  1.45841  1.55549  2.41012  
1.01164  1.91975  3.00671  1.00989  1.15608  4.36807  
0.952221  1.16224  4.96776  0.865465  1.82491  4.08281  
1.48288  2.19409  2.04549  1.11363  2.97697  1.04131  
1.39669  1.87363  2.183  1.14523  1.78057  3.43949  
1.2384  2.31489  1.68976  1.08551  1.33833  4.37148  
1.11849  1.3315  3.76836  0.796305  1.30658  4.81569  
1.07267  1.42717  3.1906  0.876866  1.84657  3.59732  
0.952179  1.67812  3.38001  0.656573  1.01359  5.37088  
1.07331  2.2701  2.42079  0.977692  2.67264  1.95452  
1.36951  1.77971  2.55542  1.23717  1.29529  3.47895  
0.596625  0.665655  6.15655  0.719156  0.853072  6.0476  
0.787863  1.68555  3.52132  1.39632  2.09517  2.06657  
1.12836  2.21769  2.62663  1.1582  2.47976  1.05965  
1.37019  1.68604  2.9764  1.51589  1.36216  2.12641  
1.31169  2.32295  0.972498  0.993305  1.85616  3.51352  
0.804573  1.16643  5.18827  0.890328  1.94958  3.71017  
1.21541  1.39908  3.89888  1.25064  2.00132  2.54226  
1.25288  1.15049  4.11827  1.66912  1.3613  2.30379  
0.906051  1.33529  4.30574  0.771745  1.0437  4.97364  
1.12219  1.36977  2.85982  1.27853  1.54082  3.12627  
0.651548  1.0778  5.54881  1.02736  1.59273  3.33479  
0.905434  0.95945  4.35894  1.02583  1.46313  3.95838  
1.07113  1.29003  4.14207  1.07586  2.43804  1.74118  
1.41868  1.75743  2.54288  1.18098  2.17885  1.95753  
1.15109  2.43169  1.80729  1.15385  1.36143  3.26415  
1.07605  1.18136  4.32229  1.50356  2.0115  1.36151  
1.00175  2.01577  2.59258  0.896327  1.24782  4.18435  
1.02549  1.63559  3.39074  1.01597  1.75681  3.06477  
1.34982  1.24249  3.1146  1.06019  1.51163  3.17306  
1.02316  1.33963  3.76107  1.29239  2.30121  1.13212  
1.06788  1.76448  3.01764  0.804112  1.62299  4.83637  
1.00416  1.23992  3.97439  1.30248  2.3846  1.83261  
1.10871  2.56418  1.94273  1.0232  1.11471  4.21019  
1.22132  1.1545  3.87419  1.29373  2.39205  1.62708  
0.718804  0.896674  5.95278  0.953092  2.07406  3.02508  
0.895858  1.09654  4.80829  1.49164  2.19739  1.59023  
1.08394  1.48615  4.1336  1.08135  1.67676  3.85711  
1.06991  1.84628  2.98383  0.87464  1.13784  5.10672  
1.4616  1.98999  1.52398  0.811362  0.969459  5.05556  
1.51918  1.60337  2.94054  0.960167  1.69242  3.72392  
0.836788  1.20792  4.48445  0.869711  0.874216  5.44604  
1.04347  2.29774  2.58539  0.927789  2.01522  3.01757  
1.03296  1.77063  3.22086  1.3272  2.44922  1.57591  
1.57769  2.18658  1.41448  0.87141  1.85658  3.58473  
1.10551  1.90279  2.9636  1.18518  1.1753  3.85283  
0.694332  1.15594  4.61161  0.810934  1.02151  4.95998  
1.07975  1.38498  3.51418  0.893373  1.80681  3.60547  
0.927028  1.30669  4.53858  0.624274  0.641947  5.88985  
1.35148  1.38778  3.39226  0.979685  1.77118  3.25179  
1.30296  1.96624  2.57413  0.693405  0.906189  5.04147  
0.924903  1.57361  3.54567  0.868011  1.31202  4.35152  
1.42358  2.43257  1.12569  1.04343  1.40914  3.68344  
1.30874  1.43023  3.25885  1.67571  2.10519  0.668516  
1.16379  1.62838  3.35838  1.24425  2.23529  2.31683  
1.40807  1.36215  3.43545  1.36452  2.06955  1.50844  
0.904617  1.57856  3.55828  1.13459  2.63085  1.53614  
1.17413  2.01695  2.12121  1.16151  1.35574  3.46893  
1.07372  1.27358  3.48967  0.969418  1.16067  4.23019  
1.09336  1.92944  2.80367  0.906209  1.89414  3.73667  
1.08452  1.74412  2.45709  1.14834  1.81827  2.51442  
0.820655  1.87277  3.35816  0.983863  1.56108  3.2603  
1.29902  1.78471  2.16425  0.699994  0.867154  5.94757  
0.638621  0.972184  5.23197  0.68297  0.744173  5.57789  
0.947796  1.56587  3.41239  0.842704  1.38407  4.82644  
1.53193  1.50535  1.95839  1.11321  1.95756  2.92403  
1.13591  2.02945  2.32797  0.860958  1.08892  5.21616  
1.27173  1.58823  2.66958  0.786066  1.17588  5.02461  
1.25542  1.42472  3.53821  1.5186  1.66002  1.90948  
0.995597  1.95769  3.07999  1.47839  2.39428  1.04776  
1.03546  2.76593  1.52416  1.23181  1.92232  2.00701  
0.773454  1.52801  4.52314  1.01511  2.3769  2.64024  
0.869103  1.11611  4.83891  1.22191  1.51011  3.33363  
1.29893  2.24329  1.8647  1.05613  1.3647  3.55529  
1.09239  1.61701  3.55518  1.22899  1.30605  2.89977  
1.20419  1.52374  3.18768  1.24113  2.42214  1.85454  
0.873643  1.65907  3.56073  0.932113  1.24514  4.22894  
1.34327  1.92046  2.16513  1.10424  2.71555  1.78956  
0.705596  0.9657  5.35436  0.960905  1.32986  4.28802  
1.00598  2.05808  2.53976  0.76366  1.17214  4.83609  
1.04078  1.3892  3.73815  0.60176  0.724069  5.87412  
1.32303  1.95209  2.21136  1.33604  1.36544  3.27268  
0.211882  0.257225  5.72951  0.211448  0.258093  5.72951  
0.289332  0.473309  4.89006  0.795521  1.51021  2.30928  
0.994192  1.46442  1.81211  0.679814  1.11838  2.78004  
0.54899  0.949636  3.40129  0.994192  1.46442  1.81211  
1.01192  1.85399  1.11387  0.289332  0.473309  4.89006  
0.679814  1.11838  2.78004  0.54899  0.949636  3.40129  
0.795521  1.51021  2.30928  0.710557  1.0422  3.37702  
0.593928  0.785129  3.96816  1.01192  1.85399  1.11387  
0.844792  1.4492  1.71833  0.844792  1.4492  1.71833  
0.710557  1.0422  3.37702  0.593928  0.785129  3.96816  
0.396643  0.594493  4.64054  0.910081  1.84167  1.0085  
0.823192  1.07494  3.05804  1.54484  1.64234  0.5537  
0.328679  0.419261  5.18935  0.207052  0.258574  5.74496  
0.789623  1.32674  2.11569  0.540919  0.783043  3.86003  
1.72838  1.52194  0.935198  0.620642  1.25242  2.57907  
0.440003  0.660826  4.40845  0.92546  1.07675  3.0767  
0.300027  0.544866  4.86377  0.617466  1.03042  3.28441  
1.0816  1.74892  0.869211  0.589706  0.925845  4.29835  
0.985576  1.98652  0.622595  0.896783  1.4832  1.63458  
0.720467  1.11818  2.82639  0.328649  0.457147  5.0704  
0.207052  0.258574  5.74496  0.309682  0.36415  5.55076  
0.896783  1.4832  1.63458  0.105337  0.136917  5.87995  
0.617466  1.03042  3.28441  1.0106  1.80078  0.880933  
0.92546  1.07675  3.0767  0.807092  1.70846  1.94175  
0.620642  1.25242  2.57907  0.361277  0.570118  4.56289  
0.910081  1.84167  1.0085  0.517901  0.748965  4.09143  
0.540919  0.783043  3.86003  0.739659  1.22282  2.41666  
1.54334  1.64304  0.552935  1.10108  1.81998  0.546946  
0.328649  0.457147  5.0704  0.890438  1.73575  1.71453  
0.589706  0.925845  4.29835  1.47274  1.432  1.36282  
0.890438  1.73575  1.71453  0.220501  0.376497  5.01513  
0.517901  0.748965  4.09143  0.364369  0.647753  4.14262  
0.309682  0.36415  5.55076  0.505981  0.933947  3.27077  
0.105337  0.136917  5.87995  0.0534317  0.068707  5.93341  
1.10108  1.81998  0.546946  0.703375  1.23476  2.3173  
0.80834  1.7121  1.94379  1.95454  1.19255  2.0067  
0.739659  1.22282  2.41666  1.7869  1.10788  2.88368  
1.0106  1.80078  0.880933  0.889314  1.94523  0.846517  
1.47274  1.432  1.36282  1.14916  1.66508  0.836738  
0.361277  0.570118  4.56289  1.03612  1.98757  0.0718528  
0.505981  0.933947  3.27077  0.448769  0.703679  4.11836  
1.95454  1.19255  2.0067  1.06401  2.04987  0.15153  
0.0534317  0.068707  5.93341  1.53229  1.27537  2.21483  
0.364369  0.647753  4.14262  0.304983  0.395509  5.39736  
0.889314  1.94523  0.846517  0.392389  0.538324  4.73437  
0.220501  0.376497  5.01513  0.798909  1.40704  1.85476  
1.03612  1.98757  0.0718528  0.917147  1.90534  0.820625  
2.25012  1.27897  1.23739  0.540008  0.970578  3.23604  
1.14916  1.66508  0.836738  0.633741  1.07504  2.84223  
0.703375  1.23476  2.3173  0.0802881  0.107696  5.89291  
0.0802881  0.107696  5.89291  0.674257  1.35482  1.96565  
1.06401  2.04987  0.15153  2.27657  1.23655  1.23892  
0.304983  0.395509  5.39736  0.436761  0.859794  3.42781  
1.53229  1.27537  2.21483  0.337403  0.669523  3.99594  
0.917147  1.90534  0.820625  0.202394  0.393933  4.83546  
0.448769  0.703679  4.11836  0.86376  1.83021  0.896218  
0.633741  1.07504  2.84223  0.00373789  0.00384799  6.00296  
0.798909  1.40704  1.85476  2.00652  1.49662  0.503749  
0.392389  0.538324  4.73437  1.00929  1.99476  0.00619839  
0.539892  0.970528  3.23595  0.538091  1.05987  2.82466  
0.00373789  0.00384799  6.00296  0.661205  1.23437  2.35081  
0.538091  1.05987  2.82466  1.08911  1.06246  3.12736  
0.858314  1.72725  0.858264  1.05619  2.00922  0.10962  
0.436761  0.859794  3.42781  0.482937  0.808979  3.67206  
0.674257  1.35482  1.96565  0.985411  1.33555  1.96828  
0.337403  0.669523  3.99594  0.568221  0.995162  3.06978  
1.00929  1.99476  0.00619839  0.889094  1.79806  0.765167  
0.202394  0.393933  4.83546  0.0543015  0.0658066  5.96292  
2.00652  1.49662  0.503749  0.326481  0.540788  4.51652  
2.27657  1.23655  1.23892  1.71812  1.52563  0.834096  
0.482937  0.808979  3.67206  1.06087  1.99893  0.125585  
0.568221  0.995162  3.06978  0.585835  1.07696  3.01016  
0.889094  1.79806  0.765167  0.310136  0.481054  4.7661  
0.985411  1.33555  1.96828  0.989572  1.99245  0.562067  
0.661205  1.23437  2.35081  1.56798  1.56406  1.09681  
0.0543015  0.0658066  5.96292  0.0554079  0.0784462  5.88247  
1.08911  1.06246  3.12736  0.680663  1.22394  2.44461  
0.326481  0.540788  4.51652  0.646877  0.995701  3.2945  
1.68884  1.53805  0.818715  0.81112  1.4606  1.62597  
1.05619  2.00922  0.10962  0.429623  0.689118  4.1269  
0.989572  1.99245  0.562067  1.72838  1.52194  0.935198  
1.56798  1.56406  1.09681  0.789623  1.32674  2.11569  
1.06087  1.99893  0.125585  0.396643  0.594493  4.64054  
0.0554079  0.0784462  5.88247  1.02407  2.07168  0.676647  
0.642429  0.99443  3.29111  1.0816  1.74892  0.869211  
0.585835  1.07696  3.01016  0.823192  1.07494  3.05804  
0.310136  0.481054  4.7661  0.328679  0.419261  5.18935  
0.81112  1.4606  1.62597  0.440003  0.660826  4.40845  
0.680663  1.22394  2.44461  0.720467  1.11818  2.82639  
0.429623  0.689118  4.1269  0.300027  0.544866  4.86377  
0.882388  1.39803  1.92933  0.849558  1.43413  1.67319  
0.375002  0.64248  4.23276  0.918952  2.04191  0.765286  
0.918952  2.04191  0.765286  0.173304  0.231881  5.61684  
0.173304  0.231881  5.61684  0.563307  1.02976  3.21461  
1.07713  2.0722  0.209891  0.547455  0.913454  3.51636  
1.71271  1.45484  1.07042  0.375002  0.64248  4.23276  
0.618554  1.05786  2.88783  1.71271  1.45484  1.07042  
0.563307  1.02976  3.21461  1.07713  2.0722  0.209891  
0.849558  1.43413  1.67319  0.882388  1.39803  1.92933  
0.547455  0.913454  3.51636  0.620573  1.05787  2.88918  
0.478122  0.645043  4.40094  0.815983  1.55626  1.56725  
0.898168  1.55171  1.47258  0.495062  0.82357  3.65266  
1.15721  1.45667  1.48885  0.365357  0.594727  4.59101  
0.653325  1.15574  2.5564  0.34789  0.534372  4.65628  
0.391011  0.701265  3.96589  1.94565  1.39969  1.10019  
0.149201  0.202953  5.65969  0.955544  2.00115  0.648585  
1.11228  1.6525  0.934427  1.03524  1.89495  0.691348  
0.393089  0.523645  4.85342  0.945753  1.62519  1.45842  
0.923133  1.59015  1.1805  0.531156  0.915646  3.32478  
1.05207  2.31515  0.422521  0.405385  0.692985  4.1388  
0.365357  0.594727  4.59101  1.20189  1.61367  1.06289  
0.495062  0.82357  3.65266  0.635307  1.30075  2.29573  
0.954939  1.99881  0.6474  0.473338  0.82356  3.61302  
0.945753  1.62519  1.45842  0.985019  2.09704  0.554525  
1.03524  1.89495  0.691348  0.624133  1.14749  2.72921  
0.531156  0.915646  3.32478  0.295065  0.460232  4.83774  
0.815983  1.55626  1.56725  0.840466  1.81997  1.71819  
0.34789  0.534372  4.65628  2.12144  1.33278  1.02792  
1.94565  1.39969  1.10019  0.197633  0.355247  5.00708  
0.405385  0.692985  4.1388  0.668823  1.18581  2.46197  
0.488529  0.74665  3.94231  0.319269  0.58883  4.2857  
0.926482  1.92037  0.699076  0.0285263  0.0348356  5.98117  
0.868862  1.6557  1.36431  0.864747  1.72148  0.875206  
0.484805  0.932386  3.36377  0.483706  0.902807  3.32475  
0.602457  0.936802  3.37495  1.16646  1.20698  2.41184  
0.388828  0.714706  3.94135  1.04339  1.82588  0.448988  
0.905122  1.6226  1.30226  0.204483  0.381475  4.90178  
0.178255  0.310643  5.23437  0.686893  1.41292  1.97225  
1.93554  1.39538  1.03571  2.25964  1.25346  1.26027  
0.681067  1.26773  2.26392  1.16278  1.91434  0.108024  
0.624133  1.14749  2.72921  0.195323  0.388545  4.83772  
0.840466  1.81997  1.71819  0.675135  1.35474  1.95702  
1.20189  1.61367  1.06289  0.535474  1.05974  2.82373  
0.668823  1.18581  2.46197  0.858242  1.72018  0.853372  
0.984653  2.0955  0.553767  0.430555  0.858129  3.42718  
2.12144  1.33278  1.02792  0.0024799  0.00305619  5.99844  
0.295065  0.460232  4.83774  2.2746  1.23732  1.23797  
0.197633  0.355247  5.00708  0.335746  0.668427  3.99734  
0.635307  1.30075  2.29573  2.05786  1.47096  0.52942  
0.473338  0.82356  3.61302  1.00352  1.99759  0.00344609  
1.16278  1.91434  0.108024  1.11228  1.6525  0.934427  
0.483706  0.902807  3.32475  0.39157  0.522857  4.85214  
1.01187  1.83857  0.432205  1.15721  1.45667  1.48885  
1.16646  1.20698  2.41184  0.391011  0.701265  3.96589  
0.686893  1.41292  1.97225  0.923133  1.59015  1.1805  
0.864747  1.72148  0.875206  0.898168  1.55171  1.47258  
0.0285263  0.0348356  5.98117  0.149201  0.202953  5.65969  
0.319269  0.58883  4.2857  0.653325  1.15574  2.5564  
2.25964  1.25346  1.26027  0.478122  0.645043  4.40094  
0.204483  0.381475  4.90178  1.05207  2.31515  0.422521  
0.858242  1.72018  0.853372  1.08638  1.96539  0.0980639  
0.0024799  0.00305619  5.99844  0.964803  1.76721  0.695408  
0.335746  0.668427  3.99734  0.906966  1.83908  0.683958  
0.53147  1.05989  2.82112  0.324439  0.59633  4.30806  
0.675135  1.35474  1.95702  1.17921  1.47084  1.45355  
1.00352  1.99759  0.00344609  0.244016  0.389597  5.00513  
2.05786  1.47096  0.52942  0.6992  1.12925  2.71244  
0.195323  0.388545  4.83772  1.52486  1.63919  0.802425  
0.430555  0.858129  3.42718  0.465789  0.839238  3.54301  
2.2746  1.23732  1.23797  0.111335  0.159345  5.71193  
1.40799  1.42806  1.46201  0.634283  1.1897  2.46215  
0.0846253  0.139392  5.69347  0.139481  0.231777  5.49051  
0.709274  1.36681  2.03128  0.586999  0.96186  3.22457  
1.07059  1.30043  2.28279  1.22343  1.83758  0.264174  
0.602892  1.11794  2.68354  0.440883  0.783829  3.72869  
0.357229  0.603955  4.33599  0.380313  0.622609  4.27154  
0.46002  0.863238  3.49879  0.955968  1.83646  0.953636  
0.893434  1.83359  0.762801  1.31948  1.46415  1.4447  
1.13718  1.91797  0.123778  0.814657  1.74804  1.64272  
0.962592  1.9785  0.331348  0.999251  1.65375  0.976476  
0.964803  1.76721  0.695408  0.178255  0.310643  5.23437  
1.08638  1.96539  0.0980639  0.484805  0.932386  3.36377  
1.19881  1.46488  1.46463  0.430366  0.732849  3.97509  
0.244016  0.389597  5.00513  0.488529  0.74665  3.94231  
1.52486  1.63919  0.802425  0.905122  1.6226  1.30226  
0.465789  0.839238  3.54301  0.681067  1.26773  2.26392  
0.906966  1.83908  0.683958  1.93554  1.39538  1.03571  
0.111335  0.159345  5.71193  0.868862  1.6557  1.36431  
0.6992  1.12925  2.71244  0.926482  1.92037  0.699076  
0.324439  0.59633  4.30806  0.602457  0.936802  3.37495  
0.634283  1.1897  2.46215  0.46002  0.863238  3.49879  
0.999251  1.65375  0.976476  0.0846253  0.139392  5.69347  
0.380313  0.622609  4.27154  1.13718  1.91797  0.123778  
0.139481  0.231777  5.49051  1.07059  1.30043  2.28279  
0.440883  0.783829  3.72869  0.357229  0.603955  4.33599  
0.591514  0.969699  3.19927  0.962678  1.97905  0.331586  
1.22343  1.83758  0.264174  0.893434  1.83359  0.762801  
0.814657  1.74804  1.64272  1.40799  1.42806  1.46201  
0.955968  1.83646  0.953636  0.709274  1.36681  2.03128  
1.31948  1.46415  1.4447  0.602892  1.11794  2.68354  
0.249127  0.400414  4.96562  0.25137  0.401636  4.96752  
0.375457  0.650024  4.19235  1.67069  1.46182  1.10729  
0.951612  1.891  0.470883  0.577705  1.04535  3.15147  
0.842497  1.51793  1.48591  0.951612  1.891  0.470883  
1.25725  1.73407  0.600523  0.375457  0.650024  4.19235  
1.67069  1.46182  1.10729  0.0994782  0.119428  5.91965  
0.0994782  0.119428  5.91965  0.642751  1.21931  2.46909  
0.642751  1.21931  2.46909  0.842497  1.51793  1.48591  
0.577705  1.04535  3.15147  0.502068  0.942087  3.21078  
0.502068  0.942087  3.21078  1.25725  1.73407  0.600523  
1.61474  1.40803  1.33429  0.451791  0.878246  3.37826  
0.212371  0.385517  4.90868  0.212371  0.385517  4.90868  
1.06089  1.94698  0.106881  0.16502  0.284674  5.24324  
0.733869  1.48497  1.6307  0.975544  1.75666  0.90248  
0.449956  0.878075  3.37698  0.0907588  0.173339  5.50296  
0.16502  0.284674  5.24324  0.733869  1.48497  1.6307  
0.33992  0.618948  4.20537  1.61474  1.40803  1.33429  
0.595735  1.15025  2.5645  0.595735  1.15025  2.5645  
0.0907588  0.173339  5.50296  1.06089  1.94698  0.106881  
0.975544  1.75666  0.90248  0.33992  0.618948  4.20537  
1.60949  1.19629  2.37254  2.15847  1.28239  1.24102  
0.19221  0.310474  5.2279  0.19221  0.310474  5.2279  
2.15847  1.28239  1.24102  0.214352  0.412565  4.79155  
0.355747  0.699254  3.92659  0.355747  0.699254  3.92659  
0.214352  0.412565  4.79155  0.701354  1.38684  1.86917  
0.890376  1.7255  0.845238  1.60949  1.19629  2.37254  
0.565303  1.07814  2.77882  0.469235  0.915972  3.26592  
0.701396  1.38687  1.86921  0.890376  1.7255  0.845238  
1.01805  1.99695  0.0275617  1.01805  1.99695  0.0275617  
0.469235  0.915972  3.26592  0.565303  1.07814  2.77882  
0.368918  0.68588  3.98589  0.203026  0.387244  4.91251  
0.643086  1.23372  2.30464  0.928639  1.715  1.00068  
0.810651  1.15156  2.61419  0.559214  1.02202  2.96391  
0.697566  1.36221  1.97141  0.199735  0.341613  5.08328  
0.928639  1.715  1.00068  0.368918  0.68588  3.98589  
0.202557  0.386778  4.91204  0.697566  1.36221  1.97141  
0.199735  0.341613  5.08328  0.643086  1.23372  2.30464  
1.00994  1.5731  1.19371  1.00994  1.5731  1.19371  
0.559214  1.02202  2.96391  0.243969  0.434964  4.77989  
0.243969  0.434964  4.77989  0.810651  1.15156  2.61419  
0.963199  2.13313  0.373615  1.39746  1.6643  0.625318  
0.40678  0.753033  3.79854  0.762272  1.57348  1.59701  
1.32662  1.44196  1.44197  0.410032  0.753972  3.80102  
0.762272  1.57348  1.59701  0.505093  0.936527  3.3048  
0.588941  1.03275  2.94539  0.182148  0.315478  5.15215  
0.505093  0.936527  3.3048  1.32662  1.44196  1.44197  
1.39746  1.6643  0.625318  0.588941  1.03275  2.94539  
0.328833  0.625608  4.16769  0.328833  0.625608  4.16769  
0.182148  0.315478  5.15215  0.566276  1.11096  2.68839  
0.566276  1.11096  2.68839  0.963199  2.13313  0.373615  
2.04431  1.29883  1.2987  0.525708  1.03707  2.89319  
1.90184  1.49827  0.744473  0.459402  0.850095  3.48903  
0.856566  1.72003  0.884599  0.0123807  0.021697  5.94656  
0.525708  1.03707  2.89319  1.01802  1.99044  0.0222539  
0.0123806  0.021697  5.94656  0.685085  1.37484  1.91691  
0.685085  1.37484  1.91691  1.90184  1.49827  0.744473  
1.01802  1.99044  0.0222539  2.04431  1.29883  1.2987  
0.459402  0.850095  3.48903  0.856566  1.72003  0.884599  
0.211984  0.398822  4.84365  0.325932  0.641691  4.08423  
0.325932  0.641691  4.08423  0.211984  0.398822  4.84365  
0.436968  0.861481  3.46024  0.588799  1.11302  2.67529  
0.936652  1.60644  1.12526  0.276384  0.547957  4.49575  
0.588799  1.11302  2.67529  1.09178  1.93412  0.107963  
1.53191  1.41074  1.4107  0.874962  1.7589  0.844093  
0.792107  1.5802  1.96011  0.436968  0.861481  3.46024  
0.276384  0.547957  4.49575  0.421549  0.742895  3.88027  
0.410528  0.739135  3.87167  0.0638018  0.0934946  5.84636  
1.09178  1.93412  0.107963  0.936652  1.60644  1.12526  
0.874962  1.7589  0.844093  1.53191  1.41074  1.4107  
0.0638018  0.0934946  5.84636  0.792107  1.5802  1.96011  
0.333993  0.667232  3.99895  1.00058  1.99904  0.00203923  
2.27412  1.2375  1.23771  0.530601  1.05943  2.82216  
0.00126878  0.00184598  5.99723  2.26793  1.23542  1.25939  
2.09209  1.45384  0.546537  0.00126878  0.00184598  5.99723  
0.530601  1.05943  2.82216  0.857375  1.71654  0.857125  
0.857375  1.71654  0.857125  2.09209  1.45384  0.546537  
0.675088  1.35247  1.95345  0.675088  1.35247  1.95345  
0.195047  0.388802  4.83565  0.195047  0.388802  4.83565  
1.00058  1.99904  0.00203923  0.333993  0.667232  3.99895  
0.42959  0.857667  3.42779  0.42959  0.857667  3.42779  
0.690476  1.37512  1.89373  0.690476  1.37512  1.89373  
0.21098  0.364213  5.00963  0.525218  0.995289  3.03376  
1.10497  1.94477  0.0734924  0.869153  1.7072  0.874603  
0.966782  1.48321  1.48418  0.611988  1.18353  2.45508  
0.869153  1.7072  0.874603  0.341155  0.61478  4.22336  
0.0520944  0.0809901  5.83768  0.217556  0.367918  5.01524  
0.341155  0.61478  4.22336  0.0520944  0.0809901  5.83768  
0.436984  0.814155  3.61352  0.436984  0.814155  3.61352  
0.611988  1.18353  2.45508  0.966782  1.48321  1.48418  
0.525218  0.995289  3.03376  1.10497  1.94477  0.0734924  
0.995357  1.49833  1.42523  0.665422  1.22471  2.36959  
0.618902  1.13679  2.64102  0.995357  1.49833  1.42523  
1.09781  1.90703  0.178642  0.290367  0.558187  4.37219  
1.11564  1.30906  2.02415  1.09781  1.90703  0.178642  
0.212574  0.414535  4.77734  0.0122036  0.0155833  5.9886  
0.0122036  0.0155833  5.9886  0.212574  0.414535  4.77734  
0.236811  0.461827  4.6317  0.236811  0.461827  4.6317  
0.791556  1.55582  1.32888  1.11564  1.30906  2.02415  
0.928832  1.73096  0.836502  0.791556  1.55582  1.32888  
0.290367  0.558187  4.37219  0.928832  1.73096  0.836502  
0.507824  0.992808  3.0297  0.786911  1.57751  1.31439  
1.99959  1.33448  1.19993  0.549179  1.07699  2.77471  
0.549179  1.07699  2.77471  1.99959  1.33448  1.19993  
0.713153  1.42655  1.76436  1.00195  2.0113  0.00971578  
0.127942  0.229385  5.38267  1.906  1.2244  1.8945  
1.00195  2.0113  0.00971578  0.616153  1.21398  2.42067  
0.786911  1.57751  1.31439  0.301081  0.586999  4.25476  
0.301081  0.586999  4.25476  0.713153  1.42655  1.76436  
1.90705  1.22407  1.8951  0.507824  0.992808  3.0297  
0.616153  1.21398  2.42067  0.127942  0.229385  5.38267  
1.91221  1.59112  0.837631  1.91221  1.59112  0.837631  
0.961861  1.86463  0.420094  1.65594  1.38542  1.37485  
0.459111  0.909212  3.27643  0.459111  0.909212  3.27643  
0.192551  0.370984  4.91071  0.961863  1.86463  0.420095  
0.940399  1.87877  0.368432  0.192551  0.370984  4.91071  
0.542787  1.07313  2.78651  0.868559  1.73454  0.796241  
0.441801  0.722061  3.96108  0.542787  1.07313  2.78651  
0.662188  1.25475  2.25573  0.940399  1.87877  0.368432  
0.868559  1.73454  0.796241  0.662188  1.25475  2.25573  
1.65594  1.38542  1.37485  0.441801  0.722061  3.96108  
0.412516  0.823472  3.53052  0.129209  0.250457  5.26601  
0.810825  1.62198  1.13599  0.569852  1.13902  2.58321  
0.927286  1.85373  0.439176  0.363991  0.668138  4.04777  
0.363991  0.668138  4.04777  0.412516  0.823472  3.53052  
0.866792  1.73263  0.803487  0.556294  1.13213  2.86845  
1.52901  1.40858  1.40796  0.866795  1.73263  0.803489  
0.556294  1.13213  2.86845  1.52901  1.40858  1.40796  
0.129209  0.250457  5.26601  0.927286  1.85373  0.439176  
0.569852  1.13902  2.58321  0.810825  1.62198  1.13599  
0.14311  0.28567  5.14481  0.14311  0.28567  5.14481  
0.936057  1.86254  0.568432  0.936057  1.86254  0.568432  
0.394441  0.785553  3.64554  0.964241  1.9601  0.259699  
0.964241  1.9601  0.259699  0.394441  0.785553  3.64554  
1.75979  1.36268  1.36206  1.59899  1.69081  0.570207  
1.15125  1.60808  1.01382  0.779713  1.55925  1.32311  
1.59899  1.69081  0.570207  0.537523  1.0653  2.8116  
0.779713  1.55925  1.32311  1.75979  1.36268  1.36206  
0.0787657  0.131898  5.684  0.0787657  0.131898  5.684  
0.537523  1.0653  2.8116  1.15125  1.60808  1.01382  
0.168064  0.31988  5.07095  0.167483  0.321043  5.07095  
1.61913  1.61335  0.566928  1.61913  1.61335  0.566928  
0.995765  1.98926  0.0315624  0.323096  0.645878  4.06301  
0.189139  0.377008  4.87105  0.550622  1.10047  2.69878  
0.388057  0.775527  3.6738  0.189139  0.377008  4.87105  
0.323096  0.645878  4.06301  0.722687  1.44632  1.6656  
0.722687  1.44632  1.6656  0.865722  1.73163  0.806257  
0.0190513  0.0282788  5.95248  1.92987  1.32562  1.32368  
0.550622  1.10047  2.69878  0.995765  1.98926  0.0315624  
0.865722  1.73163  0.806257  0.0190513  0.0282788  5.95248  
1.92987  1.32562  1.32368  0.388057  0.775527  3.6738  
1.82279  2.13487  1.23698  0.834217  1.74646  1.19961  
0.94707  1.8926  0.321716  1.57296  1.74605  0.768769  
0.0868325  0.173062  5.48438  0.513353  1.0266  2.92024  
0.336971  0.660052  4.03199  0.0868619  0.173097  5.48441  
0.761519  1.54892  1.497  0.118105  0.143255  5.9178  
0.857721  1.71493  0.863119  0.336971  0.660052  4.03199  
0.118105  0.143255  5.9178  0.761519  1.54892  1.497  
0.513353  1.0266  2.92024  0.94707  1.8926  0.321716  
0.834217  1.74646  1.19961  0.857721  1.71493  0.863119  
1.57296  1.74605  0.768769  1.82279  2.13487  1.23698  
0.734294  1.18349  2.48486  0.480491  0.960322  3.11929  
1.03329  1.95651  0.087503  1.03329  1.95651  0.087503  
0.648312  1.29687  2.11118  0.648312  1.29687  2.11118  
1.7691  1.51216  0.756465  0.301942  0.603078  4.19157  
0.480491  0.960322  3.11929  0.863874  1.73704  0.825958  
0.301942  0.603078  4.19157  1.7691  1.51216  0.756465  
0.863874  1.73704  0.825958  0.734294  1.18349  2.48486  
0.0488541  0.0716403  5.87654  0.0488541  0.0716403  5.87654  
0.174534  0.348371  4.95653  1.76397  1.36182  1.36115  
1.76397  1.36182  1.36115  0.174534  0.348371  4.95653  
0.429035  0.857612  3.4274  0.529717  1.05928  2.82219  
2.09061  1.45458  0.545791  0.194229  0.388383  4.83497  
0.999901  1.99969  0.000880651  0.459926  0.698467  4.09427  
0.333525  0.666888  3.99947  0.674902  1.34992  1.95079  
2.274  1.23766  1.23705  2.09061  1.45458  0.545791  
0.194229  0.388383  4.83497  2.274  1.23766  1.23705  
0.674902  1.34992  1.95079  0.857275  1.71466  0.856431  
0.857275  1.71466  0.856431  0.999901  1.99969  0.000880651  
0.000887437  0.00177177  5.9947  0.429035  0.857612  3.4274  
0.529717  1.05928  2.82219  0.000887437  0.00177177  5.9947  
0.264563  0.528979  4.41324  0.272306  0.543804  4.36973  
0.920839  1.84096  0.476896  0.618515  1.18694  2.45815  
0.636546  1.27274  2.18339  1.01693  1.94437  0.132626  
0.3561  0.711605  3.86564  0.884793  1.76721  0.705504  
0.816788  1.63016  1.10956  1.15204  1.46174  1.46546  
0.711527  1.41543  1.93459  0.0332878  0.0556317  5.87458  
1.48627  1.55552  1.39999  0.557452  0.985673  3.09332  
1.02316  1.95887  0.0893447  0.394219  0.786736  3.6411  
0.482922  0.964362  3.10756  0.653904  1.28946  2.15626  
0.0374298  0.053224  5.92092  0.754688  1.42565  1.87673  
0.44238  0.852421  3.46756  0.3561  0.711605  3.86564  
0.0520594  0.103069  5.69401  0.264563  0.528979  4.41324  
0.868202  1.73679  0.792436  1.48627  1.55552  1.39999  
1.36864  1.30295  1.93622  0.636546  1.27274  2.18339  
1.65729  1.13617  2.58845  0.816788  1.63016  1.10956  
0.999746  1.99768  0.00923094  0.0742318  0.0885919  5.95724  
0.342367  0.683364  3.95137  1.02316  1.95887  0.0893447  
0.202513  0.354754  5.02841  0.920839  1.84096  0.476896  
0.614955  1.22887  2.31349  0.482922  0.964362  3.10756  
2.19615  1.38488  0.671007  0.711527  1.41543  1.93459  
0.754688  1.42565  1.87673  2.19615  1.38488  0.671007  
1.15204  1.46174  1.46546  0.868202  1.73679  0.792436  
0.0332878  0.0556317  5.87458  0.342367  0.683364  3.95137  
0.557452  0.985673  3.09332  0.614955  1.22887  2.31349  
0.618515  1.18694  2.45815  0.202513  0.354754  5.02841  
0.272306  0.543804  4.36973  0.0520594  0.103069  5.69401  
0.653904  1.28946  2.15626  1.36864  1.30295  1.93622  
0.394219  0.786736  3.6411  1.65729  1.13617  2.58845  
0.884793  1.76721  0.705504  0.999746  1.99768  0.00923094  
1.01693  1.94437  0.132626  0.44238  0.852421  3.46756  
0.331879  0.663759  4.00872  0.430333  0.860667  3.418  
2.39537  1.20281  1.20244  0.999796  1.99959  0.00122698  
0.195987  0.391974  4.82408  2.39537  1.20281  1.20244  
0.519716  1.03943  2.8817  0.523233  1.03995  2.88422  
0.999796  1.99959  0.00122698  0.858635  1.71727  0.848193  
0.858635  1.71727  0.848193  0.000522635  0.00104527  5.99686  
0.000522635  0.00104527  5.99686  0.331879  0.663759  4.00872  
0.749677  1.49935  1.50194  0.195987  0.391974  4.82408  
0.648296  1.29659  2.11022  0.648296  1.29659  2.11022  
0.430333  0.860667  3.418  0.749677  1.49935  1.50194  
0.749677  1.49935  1.50194  0.858635  1.71727  0.848193  
0.519716  1.03943  2.8817  0.648296  1.29659  2.11022  
0.858635  1.71727  0.848193  0.749677  1.49935  1.50194  
2.39537  1.20281  1.20244  0.331879  0.663759  4.00872  
0.999796  1.99959  0.00122698  0.430333  0.860667  3.418  
0.331879  0.663759  4.00872  0.999796  1.99959  0.00122698  
0.195987  0.391974  4.82408  0.519716  1.03943  2.8817  
0.000522635  0.00104527  5.99686  2.39537  1.20281  1.20244  
0.430333  0.860667  3.418  0.195987  0.391974  4.82408  
0.648296  1.29659  2.11022  0.000522635  0.00104527  5.99686  
0.000522635  0.00104527  5.99686  2.39537  1.20281  1.20244  
0.999796  1.99959  0.00122698  0.430333  0.860667  3.418  
0.749677  1.49935  1.50194  0.999796  1.99959  0.00122698  
0.331879  0.663759  4.00872  0.000522635  0.00104527  5.99686  
0.648296  1.29659  2.11022  0.331879  0.663759  4.00872  
2.39537  1.20281  1.20244  0.858635  1.71727  0.848193  
0.195987  0.391974  4.82408  0.195987  0.391974  4.82408  
0.519716  1.03943  2.8817  0.749677  1.49935  1.50194  
0.430333  0.860667  3.418  0.519716  1.03943  2.8817  
0.858635  1.71727  0.848193  0.648296  1.29659  2.11022  
0.519716  1.03943  2.8817  0.648296  1.29659  2.11022  
0.999796  1.99959  0.00122698  0.430333  0.860667  3.418  
0.430333  0.860667  3.418  0.999796  1.99959  0.00122698  
0.749677  1.49935  1.50194  2.39537  1.20281  1.20244  
2.39537  1.20281  1.20244  0.195987  0.391974  4.82408  
0.000522635  0.00104527  5.99686  0.749677  1.49935  1.50194  
0.331879  0.663759  4.00872  0.858635  1.71727  0.848193  
0.648296  1.29659  2.11022  0.519716  1.03943  2.8817  
0.195987  0.391974  4.82408  0.331879  0.663759  4.00872  
0.858635  1.71727  0.848193  0.000522635  0.00104527  5.99686  
0.648296  1.29659  2.11022  0.000522635  0.00104527  5.99686  
0.331879  0.663759  4.00872  0.195987  0.391974  4.82408  
0.519716  1.03943  2.8817  0.648296  1.29659  2.11022  
0.000522635  0.00104527  5.99686  0.749677  1.49935  1.50194  
0.999796  1.99959  0.00122698  0.331879  0.663759  4.00872  
0.749677  1.49935  1.50194  0.430333  0.860667  3.418  
0.195987  0.391974  4.82408  0.519716  1.03943  2.8817  
0.430333  0.860667  3.418  2.39537  1.20281  1.20244  
0.858635  1.71727  0.848193  0.999796  1.99959  0.00122698  
2.39537  1.20281  1.20244  0.858635  1.71727  0.848193  
0.195987  0.391974  4.82408  0.999796  1.99959  0.00122698  
0.430333  0.860667  3.418  0.430333  0.860667  3.418  
0.519716  1.03943  2.8817  0.195987  0.391974  4.82408  
0.648296  1.29659  2.11022  0.331879  0.663759  4.00872  
0.000522635  0.00104527  5.99686  0.000522635  0.00104527  5.99686  
2.39537  1.20281  1.20244  0.749677  1.49935  1.50194  
0.858635  1.71727  0.848193  0.858635  1.71727  0.848193  
0.331879  0.663759  4.00872  0.648296  1.29659  2.11022  
0.749677  1.49935  1.50194  2.39537  1.20281  1.20244  
0.999796  1.99959  0.00122698  0.519716  1.03943  2.8817  
0.999796  1.99959  0.00122698  0.749677  1.49935  1.50194  
0.331879  0.663759  4.00872  0.331879  0.663759  4.00872  
0.430333  0.860667  3.418  2.39537  1.20281  1.20244  
2.39537  1.20281  1.20244  0.000522635  0.00104527  5.99686  
0.858635  1.71727  0.848193  0.858635  1.71727  0.848193  
0.749677  1.49935  1.50194  0.195987  0.391974  4.82408  
0.648296  1.29659  2.11022  0.519716  1.03943  2.8817  
0.000522635  0.00104527  5.99686  0.648296  1.29659  2.11022  
0.195987  0.391974  4.82408  0.999796  1.99959  0.00122698  
0.519716  1.03943  2.8817  0.430333  0.860667  3.418  
0.749677  1.49935  1.50194  2.39537  1.20281  1.20244  
0.000522635  0.00104527  5.99686  0.430333  0.860667  3.418  
0.858635  1.71727  0.848193  0.000522635  0.00104527  5.99686  
0.648296  1.29659  2.11022  0.749677  1.49935  1.50194  
2.39537  1.20281  1.20244  0.195987  0.391974  4.82408  
0.430333  0.860667  3.418  0.999796  1.99959  0.00122698  
0.195987  0.391974  4.82408  0.519716  1.03943  2.8817  
0.519716  1.03943  2.8817  0.331879  0.663759  4.00872  
0.331879  0.663759  4.00872  0.858635  1.71727  0.848193  
0.999796  1.99959  0.00122698  0.648296  1.29659  2.11022  
2.39537  1.20281  1.20244  0.858635  1.71727  0.848193  
0.195987  0.391974  4.82408  0.331879  0.663759  4.00872  
0.999796  1.99959  0.00122698  0.749677  1.49935  1.50194  
0.430333  0.860667  3.418  0.195987  0.391974  4.82408  
0.648296  1.29659  2.11022  0.430333  0.860667  3.418  
0.331879  0.663759  4.00872  2.39537  1.20281  1.20244  
0.749677  1.49935  1.50194  0.519716  1.03943  2.8817  
0.000522635  0.00104527  5.99686  0.648296  1.29659  2.11022  
0.519716  1.03943  2.8817  0.999796  1.99959  0.00122698  
0.858635  1.71727  0.848193  0.000522635  0.00104527  5.99686  
0.331879  0.663759  4.00872  0.195987  0.391974  4.82408  
0.519716  1.03943  2.8817  0.999796  1.99959  0.00122698  
0.648296  1.29659  2.11022  0.648296  1.29659  2.11022  
0.430333  0.860667  3.418  0.858635  1.71727  0.848193  
0.000522635  0.00104527  5.99686  0.519716  1.03943  2.8817  
2.39537  1.20281  1.20244  0.749677  1.49935  1.50194  
0.195987  0.391974  4.82408  0.000522635  0.00104527  5.99686  
0.858635  1.71727  0.848193  0.430333  0.860667  3.418  
0.749677  1.49935  1.50194  2.39537  1.20281  1.20244  
0.999796  1.99959  0.00122698  0.331879  0.663759  4.00872  
0.000170671  0.000341341  5.99898  0.193825  0.387649  4.83705  
0.648696  1.29739  2.10782  0.000170671  0.000341341  5.99898  
0.193825  0.387649  4.83705  0.333456  0.666912  3.99926  
0.750031  1.50006  1.49981  0.521735  1.04347  2.86959  
0.428673  0.857345  3.42796  0.857154  1.71431  0.857077  
0.857154  1.71431  0.857077  0.750031  1.50006  1.49981  
0.333456  0.666912  3.99926  0.999815  1.99963  0.00111277  
0.521735  1.04347  2.86959  0.428673  0.857345  3.42796  
2.39539  1.2028  1.20249  2.36176  1.21769  1.18504  
0.999815  1.99963  0.00111277  0.648696  1.29739  2.10782  
0.857154  1.71431  0.857077  0.648696  1.29739  2.10782  
0.521735  1.04347  2.86959  0.999815  1.99963  0.00111277  
0.648696  1.29739  2.10782  0.750031  1.50006  1.49981  
0.193825  0.387649  4.83705  0.428673  0.857345  3.42796  
0.999815  1.99963  0.00111277  0.857154  1.71431  0.857077  
0.333456  0.666912  3.99926  0.333456  0.666912  3.99926  
0.000170671  0.000341341  5.99898  0.000170671  0.000341341  5.99898  
0.750031  1.50006  1.49981  0.193825  0.387649  4.83705  
0.428673  0.857345  3.42796  0.521735  1.04347  2.86959  
2.39539  1.2028  1.20249  2.39539  1.2028  1.20249  
2.39539  1.2028  1.20249  2.39539  1.2028  1.20249  
0.428673  0.857345  3.42796  0.333456  0.666912  3.99926  
0.333456  0.666912  3.99926  0.428673  0.857345  3.42796  
0.521735  1.04347  2.86959  0.521735  1.04347  2.86959  
0.999815  1.99963  0.00111277  0.000170671  0.000341341  5.99898  
0.000170671  0.000341341  5.99898  0.999815  1.99963  0.00111277  
0.750031  1.50006  1.49981  0.750031  1.50006  1.49981  
0.857154  1.71431  0.857077  0.648696  1.29739  2.10782  
0.648696  1.29739  2.10782  0.193825  0.387649  4.83705  
0.193825  0.387649  4.83705  0.857154  1.71431  0.857077  
2.39539  1.2028  1.20249  2.39539  1.2028  1.20249  
0.999815  1.99963  0.00111277  0.333456  0.666912  3.99926  
0.648696  1.29739  2.10782  0.999815  1.99963  0.00111277  
0.428673  0.857345  3.42796  0.648696  1.29739  2.10782  
0.857154  1.71431  0.857077  0.000170671  0.000341341  5.99898  
0.521735  1.04347  2.86959  0.750031  1.50006  1.49981  
0.193825  0.387649  4.83705  0.521735  1.04347  2.86959  
0.333456  0.666912  3.99926  0.428673  0.857345  3.42796  
0.750031  1.50006  1.49981  0.857154  1.71431  0.857077  
0.000170671  0.000341341  5.99898  0.193825  0.387649  4.83705  
0.428673  0.857345  3.42796  0.333456  0.666912  3.99926  
0.648696  1.29739  2.10782  0.857154  1.71431  0.857077  
0.000170671  0.000341341  5.99898  2.39539  1.2028  1.20249  
0.333456  0.666912  3.99926  0.193825  0.387649  4.83705  
0.521735  1.04347  2.86959  0.000170671  0.000341341  5.99898  
0.750031  1.50006  1.49981  0.750031  1.50006  1.49981  
0.999815  1.99963  0.00111277  0.428673  0.857345  3.42796  
0.857154  1.71431  0.857077  0.521735  1.04347  2.86959  
0.193825  0.387649  4.83705  0.999815  1.99963  0.00111277  
2.39539  1.2028  1.20249  0.648696  1.29739  2.10782  
0.193825  0.387649  4.83705  0.193825  0.387649  4.83705  
0.333456  0.666912  3.99926  0.750031  1.50006  1.49981  
0.999815  1.99963  0.00111277  0.333456  0.666912  3.99926  
0.857154  1.71431  0.857077  0.648696  1.29739  2.10782  
0.648696  1.29739  2.10782  0.000170671  0.000341341  5.99898  
0.428673  0.857345  3.42796  0.999815  1.99963  0.00111277  
0.750031  1.50006  1.49981  0.857154  1.71431  0.857077  
2.39539  1.2028  1.20249  2.39539  1.2028  1.20249  
0.000170671  0.000341341  5.99898  0.428673  0.857345  3.42796  
0.521735  1.04347  2.86959  0.521735  1.04347  2.86959  
0.648696  1.29739  2.10782  0.428673  0.857345  3.42796  
0.857154  1.71431  0.857077  0.193825  0.387649  4.83705  
0.000170671  0.000341341  5.99898  0.000170671  0.000341341  5.99898  
0.750031  1.50006  1.49981  2.39539  1.2028  1.20249  
0.193825  0.387649  4.83705  0.333456  0.666912  3.99926  
0.999815  1.99963  0.00111277  0.648696  1.29739  2.10782  
0.428673  0.857345  3.42796  0.870635  1.90344  0.929108  
2.39539  1.2028  1.20249  0.750031  1.50006  1.49981  
0.521735  1.04347  2.86959  0.999815  1.99963  0.00111277  
0.333456  0.666912  3.99926  0.521735  1.04347  2.86959  
0.857154  1.71431  0.857077  0.648696  1.29739  2.10782  
0.193825  0.387649  4.83705  0.521735  1.04347  2.86959  
0.428673  0.857345  3.42796  0.000170671  0.000341341  5.99898  
0.750031  1.50006  1.49981  0.857154  1.71431  0.857077  
0.000170671  0.000341341  5.99898  0.428673  0.857345  3.42796  
0.648696  1.29739  2.10782  0.750031  1.50006  1.49981  
0.999815  1.99963  0.00111277  0.193825  0.387649  4.83705  
2.39539  1.2028  1.20249  0.333456  0.666912  3.99926  
0.521735  1.04347  2.86959  2.39539  1.2028  1.20249  
0.333456  0.666912  3.99926  0.999815  1.99963  0.00111277  
0.521735  1.04347  2.86959  0.333456  0.666912  3.99926  
0.648696  1.29739  2.10782  0.521735  1.04347  2.86959  
0.193825  0.387649  4.83705  0.428673  0.857345  3.42796  
0.750031  1.50006  1.49981  0.648696  1.29739  2.10782  
0.428673  0.857345  3.42796  0.999815  1.99963  0.00111277  
0.857154  1.71431  0.857077  0.750031  1.50006  1.49981  
0.999815  1.99963  0.00111277  0.000170671  0.000341341  5.99898  
2.39539  1.2028  1.20249  2.39539  1.2028  1.20249  
0.000170671  0.000341341  5.99898  0.193825  0.387649  4.83705  
0.333456  0.666912  3.99926  0.857154  1.71431  0.857077  
0.333456  0.666912  3.99926  0.193825  0.387649  4.83705  
0.750031  1.50006  1.49981  0.428673  0.857345  3.42796  
0.857154  1.71431  0.857077  0.521735  1.04347  2.86959  
0.000170671  0.000341341  5.99898  0.857154  1.71431  0.857077  
2.39539  1.2028  1.20249  0.648696  1.29739  2.10782  
0.648696  1.29739  2.10782  0.999815  1.99963  0.00111277  
0.999815  1.99963  0.00111277  0.750031  1.50006  1.49981  
0.521735  1.04347  2.86959  2.39539  1.2028  1.20249  
0.193825  0.387649  4.83705  0.000170671  0.000341341  5.99898  
0.428673  0.857345  3.42796  0.333456  0.666912  3.99926  
2.39539  1.2028  1.20249  0.648696  1.29739  2.10783  
0.333451  0.666903  3.99929  0.193825  0.387649  4.83705  
0.648696  1.29739  2.10783  0.857154  1.71431  0.857077  
0.999815  1.99963  0.00111277  2.39539  1.2028  1.20249  
0.193825  0.387649  4.83705  0.428657  0.857314  3.42806  
0.428657  0.857314  3.42806  0.999815  1.99963  0.00111277  
0.750031  1.50006  1.49981  0.000425131  0.000850261  5.99745  
0.857154  1.71431  0.857077  0.521735  1.04347  2.86959  
0.521735  1.04347  2.86959  0.750031  1.50006  1.49981  
0.000425131  0.000850261  5.99745  0.402518  0.696235  4.05511  
0.000425131  0.000850261  5.99745  2.39539  1.2028  1.20249  
0.521735  1.04347  2.86959  0.648696  1.29739  2.10783  
0.857154  1.71431  0.857077  0.999815  1.99963  0.00111277  
0.333451  0.666903  3.99929  0.333451  0.666903  3.99929  
0.648696  1.29739  2.10783  0.857154  1.71431  0.857077  
0.193825  0.387649  4.83705  0.521735  1.04347  2.86959  
0.999815  1.99963  0.00111277  0.428657  0.857314  3.42806  
0.750031  1.50006  1.49981  0.750031  1.50006  1.49981  
0.428657  0.857314  3.42806  0.000425131  0.000850261  5.99745  
2.39539  1.2028  1.20249  0.193825  0.387649  4.83705  
2.39539  1.2028  1.20249  0.000425131  0.000850261  5.99745  
0.999815  1.99963  0.00111277  0.193825  0.387649  4.83705  
0.521735  1.04347  2.86959  2.39539  1.2028  1.20249  
0.648696  1.29739  2.10783  0.428657  0.857314  3.42806  
0.857154  1.71431  0.857077  0.999815  1.99963  0.00111277  
0.333451  0.666903  3.99929  0.857154  1.71431  0.857077  
0.750031  1.50006  1.49981  0.521735  1.04347  2.86959  
0.000425131  0.000850261  5.99745  0.648696  1.29739  2.10783  
0.193825  0.387649  4.83705  0.333451  0.666903  3.99929  
0.428657  0.857314  3.42806  0.750031  1.50006  1.49981  
0.999815  1.99963  0.00111277  0.857154  1.71431  0.857077  
2.39539  1.2028  1.20249  2.39539  1.2028  1.20249  
0.333451  0.666903  3.99929  0.000425131  0.000850261  5.99745  
0.857154  1.71431  0.857077  0.193825  0.387649  4.83705  
0.750031  1.50006  1.49981  0.648696  1.29739  2.10783  
0.000425131  0.000850261  5.99745  0.428657  0.857314  3.42806  
0.428657  0.857314  3.42806  0.999815  1.99963  0.00111277  
0.521735  1.04347  2.86959  0.521735  1.04347  2.86959  
0.648696  1.29739  2.10783  0.750031  1.50006  1.49981  
0.193825  0.387649  4.83705  0.333451  0.666903  3.99929  
2.39539  1.2028  1.20249  0.521735  1.04347  2.86959  
0.333451  0.666903  3.99929  0.000425131  0.000850261  5.99745  
0.000425131  0.000850261  5.99745  0.648696  1.29739  2.10783  
0.999815  1.99963  0.00111277  0.857154  1.71431  0.857077  
0.428657  0.857314  3.42806  0.193825  0.387649  4.83705  
0.521735  1.04347  2.86959  0.428657  0.857314  3.42806  
0.750031  1.50006  1.49981  2.39539  1.2028  1.20249  
0.648696  1.29739  2.10783  0.333451  0.666903  3.99929  
0.193825  0.387649  4.83705  0.750031  1.50006  1.49981  
0.857154  1.71431  0.857077  0.999815  1.99963  0.00111277  
0.333451  0.666903  3.99929  0.428657  0.857314  3.42806  
0.857154  1.71431  0.857077  0.193825  0.387649  4.83705  
0.999815  1.99963  0.00111277  0.333451  0.666903  3.99929  
2.39539  1.2028  1.20249  0.750031  1.50006  1.49981  
0.648696  1.29739  2.10783  0.521735  1.04347  2.86959  
0.521735  1.04347  2.86959  0.648696  1.29739  2.10783  
0.193825  0.387649  4.83705  2.39539  1.2028  1.20249  
0.000425131  0.000850261  5.99745  0.999815  1.99963  0.00111277  
0.750031  1.50006  1.49981  0.857154  1.71431  0.857077  
0.428657  0.857314  3.42806  0.000425131  0.000850261  5.99745  
0.750031  1.50006  1.49981  0.521735  1.04347  2.86959  
0.521735  1.04347  2.86959  0.193825  0.387649  4.83705  
0.428657  0.857314  3.42806  2.39539  1.2028  1.20249  
0.193825  0.387649  4.83705  0.333451  0.666903  3.99929  
0.333451  0.666903  3.99929  0.000425131  0.000850261  5.99745  
2.39539  1.2028  1.20249  0.999815  1.99963  0.00111277  
0.999815  1.99963  0.00111277  0.648696  1.29739  2.10783  
0.648696  1.29739  2.10783  0.857154  1.71431  0.857077  
0.857154  1.71431  0.857077  0.428657  0.857314  3.42806  
0.000425131  0.000850261  5.99745  0.750031  1.50006  1.49981  
0.193825  0.387649  4.83705  0.193825  0.387649  4.83705  
0.648696  1.29739  2.10783  0.999815  1.99963  0.00111277  
0.000425131  0.000850261  5.99745  0.333451  0.666903  3.99929  
0.857154  1.71431  0.857077  0.521735  1.04347  2.86959  
2.39539  1.2028  1.20249  0.857154  1.71431  0.857077  
0.428657  0.857314  3.42806  2.39539  1.2028  1.20249  
0.750031  1.50006  1.49981  0.750031  1.50006  1.49981  
0.521735  1.04347  2.86959  0.648696  1.29739  2.10783  
0.999815  1.99963  0.00111277  0.000425131  0.000850261  5.99745  
0.333451  0.666903  3.99929  0.428657  0.857314  3.42806  
0.521735  1.04347  2.86959  0.000425131  0.000850261  5.99745  
0.333451  0.666903  3.99929  0.333451  0.666903  3.99929  
0.857154  1.71431  0.857077  2.39539  1.2028  1.20249  
0.750031  1.50006  1.49981  0.521735  1.04347  2.86959  
0.648696  1.29739  2.10783  0.857154  1.71431  0.857077  
2.39539  1.2028  1.20249  0.428657  0.857314  3.42806  
0.000425131  0.000850261  5.99745  0.193825  0.387649  4.83705  
0.193825  0.387649  4.83705  0.999815  1.99963  0.00111277  
0.999815  1.99963  0.00111277  0.648696  1.29739  2.10783  
0.428657  0.857314  3.42806  0.750031  1.50006  1.49981  
0.428657  0.857314  3.42806  0.428657  0.857314  3.42806  
0.857154  1.71431  0.857077  2.39539  1.2028  1.20249  
0.521735  1.04347  2.86959  0.999815  1.99963  0.00111277  
0.333451  0.666903  3.99929  0.000425131  0.000850261  5.99745  
0.193825  0.387649  4.83705  0.521735  1.04347  2.86959  
2.39539  1.2028  1.20249  0.750031  1.50006  1.49981  
0.000425131  0.000850261  5.99745  0.857154  1.71431  0.857077  
0.648696  1.29739  2.10783  0.648696  1.29739  2.10783  
0.999815  1.99963  0.00111277  0.333451  0.666903  3.99929  
0.750031  1.50006  1.49981  0.193825  0.387649  4.83705  
0.428657  0.857314  3.42806  0.999815  1.99963  0.00111277  
0.857154  1.71431  0.857077  0.000425131  0.000850261  5.99745  
0.648696  1.29739  2.10783  0.428657  0.857314  3.42806  
0.750031  1.50006  1.49981  0.857154  1.71431  0.857077  
0.333451  0.666903  3.99929  0.193825  0.387649  4.83705  
0.000425131  0.000850261  5.99745  0.648696  1.29739  2.10783  
2.39539  1.2028  1.20249  2.39539  1.2028  1.20249  
0.521735  1.04347  2.86959  0.750031  1.50006  1.49981  
0.999815  1.99963  0.00111277  0.521735  1.04347  2.86959  
0.193825  0.387649  4.83705  0.333451  0.666903  3.99929  
0.521735  1.04347  2.86959  0.521735  1.04347  2.86959  
2.39539  1.2028  1.20249  0.428657  0.857314  3.42806  
0.750031  1.50006  1.49981  0.648696  1.29739  2.10783  
0.428657  0.857314  3.42806  0.750031  1.50006  1.49981  
0.000425131  0.000850261  5.99745  0.333451  0.666903  3.99929  
0.333451  0.666903  3.99929  2.39539  1.2028  1.20249  
0.999815  1.99963  0.00111277  0.999815  1.99963  0.00111277  
0.648696  1.29739  2.10783  0.857154  1.71431  0.857077  
0.857154  1.71431  0.857077  0.000425131  0.000850261  5.99745  
0.193825  0.387649  4.83705  0.193825  0.387649  4.83705  
0.999815  1.99963  0.00111277  0.333451  0.666903  3.99929  
0.521735  1.04347  2.86959  2.39539  1.2028  1.20249  
0.000425131  0.000850261  5.99745  0.193825  0.387649  4.83705  
0.750031  1.50006  1.49981  0.000425131  0.000850261  5.99745  
0.428657  0.857314  3.42806  0.857154  1.71431  0.857077  
0.193825  0.387649  4.83705  0.750031  1.50006  1.49981  
0.333451  0.666903  3.99929  0.648696  1.29739  2.10783  
0.857154  1.71431  0.857077  0.428657  0.857314  3.42806  
0.648696  1.29739  2.10783  0.521735  1.04347  2.86959  
2.39539  1.2028  1.20249  0.999815  1.99963  0.00111277  
0.333451  0.666903  3.99929  0.428657  0.857314  3.42806  
0.750031  1.50006  1.49981  0.521735  1.04347  2.86959  
2.39539  1.2028  1.20249  0.857154  1.71431  0.857077  
0.000425131  0.000850261  5.99745  2.39539  1.2028  1.20249  
0.857154  1.71431  0.857077  0.648696  1.29739  2.10783  
0.648696  1.29739  2.10783  0.333451  0.666903  3.99929  
0.193825  0.387649  4.83705  0.000425131  0.000850261  5.99745  
0.999815  1.99963  0.00111277  0.999815  1.99963  0.00111277  
0.521735  1.04347  2.86959  0.750031  1.50006  1.49981  
0.428657  0.857314  3.42806  0.193825  0.387649  4.83705  
0.750031  1.50006  1.49981  2.39539  1.2028  1.20249  
0.333451  0.666903  3.99929  0.333451  0.666903  3.99929  
0.193825  0.387649  4.83705  0.428657  0.857314  3.42806  
0.428657  0.857314  3.42806  0.000425131  0.000850261  5.99745  
0.000425131  0.000850261  5.99745  0.648696  1.29739  2.10783  
2.39539  1.2028  1.20249  0.857154  1.71431  0.857077  
0.857154  1.71431  0.857077  0.193825  0.387649  4.83705  
0.648696  1.29739  2.10783  0.750031  1.50006  1.49981  
0.521735  1.04347  2.86959  0.521735  1.04347  2.86959  
0.999815  1.99963  0.00111277  0.999815  1.99963  0.00111277  
0.521735  1.04347  2.86959  0.521735  1.04347  2.86959  
0.857154  1.71431  0.857077  0.857154  1.71431  0.857077  
2.39539  1.2028  1.20249  0.000425131  0.000850261  5.99745  
0.193825  0.387649  4.83705  2.39539  1.2028  1.20249  
0.333451  0.666903  3.99929  0.333451  0.666903  3.99929  
0.648696  1.29739  2.10783  0.193825  0.387649  4.83705  
0.000425131  0.000850261  5.99745  0.648696  1.29739  2.10783  
0.750031  1.50006  1.49981  0.750031  1.50006  1.49981  
0.428657  0.857314  3.42806  0.999815  1.99963  0.00111277  
0.999815  1.99963  0.00111277  0.428657  0.857314  3.42806  
0.648696  1.29739  2.10783  0.193825  0.387649  4.83705  
0.000425131  0.000850261  5.99745  0.857154  1.71431  0.857077  
0.999815  1.99963  0.00111277  0.428657  0.857314  3.42806  
2.39539  1.2028  1.20249  0.750031  1.50006  1.49981  
0.428657  0.857314  3.42806  0.521735  1.04347  2.86959  
0.521735  1.04347  2.86959  1.89191  2.20974  1.20249  
0.750031  1.50006  1.49981  0.333451  0.666903  3.99929  
0.333451  0.666903  3.99929  0.999815  1.99963  0.00111277  
0.193825  0.387649  4.83705  0.000425131  0.000850261  5.99745  
0.857154  1.71431  0.857077  0.648696  1.29739  2.10783  
0.428657  0.857314  3.42806  0.999815  1.99963  0.00111277  
0.193825  0.387649  4.83705  0.333451  0.666903  3.99929  
0.857154  1.71431  0.857077  2.39539  1.2028  1.20249  
0.333451  0.666903  3.99929  0.193825  0.387649  4.83705  
0.521735  1.04347  2.86959  0.000425131  0.000850261  5.99745  
0.999815  1.99963  0.00111277  0.857154  1.71431  0.857077  
0.750031  1.50006  1.49981  0.521735  1.04347  2.86959  
2.39539  1.2028  1.20249  0.428657  0.857314  3.42806  
0.000425131  0.000850261  5.99745  0.750031  1.50006  1.49981  
0.648696  1.29739  2.10783  0.648696  1.29739  2.10783  
0.648696  1.29739  2.10783  0.750031  1.50006  1.49981  
0.750031  1.50006  1.49981  0.428657  0.857314  3.42806  
0.521735  1.04347  2.86959  0.521735  1.04347  2.86959  
0.333451  0.666903  3.99929  0.648696  1.29739  2.10783  
0.193825  0.387649  4.83705  2.39539  1.2028  1.20249  
0.999815  1.99963  0.00111277  0.193825  0.387649  4.83705  
0.857154  1.71431  0.857077  0.333451  0.666903  3.99929  
0.000425131  0.000850261  5.99745  0.999815  1.99963  0.00111277  
2.39539  1.2028  1.20249  0.857154  1.71431  0.857077  
0.428657  0.857314  3.42806  0.000425131  0.000850261  5.99745  
0.193825  0.387649  4.83705  0.000425131  0.000850261  5.99745  
0.999815  1.99963  0.00111277  0.750031  1.50006  1.49981  
0.333451  0.666903  3.99929  2.39539  1.2028  1.20249  
0.648696  1.29739  2.10783  0.428657  0.857314  3.42806  
0.750031  1.50006  1.49981  0.648696  1.29739  2.10783  
0.000425131  0.000850261  5.99745  0.333451  0.666903  3.99929  
0.521735  1.04347  2.86959  0.857154  1.71431  0.857077  
2.39539  1.2028  1.20249  0.521735  1.04347  2.86959  
0.428657  0.857314  3.42806  0.193825  0.387649  4.83705  
0.857154  1.71431  0.857077  0.999815  1.99963  0.00111277  
0.857154  1.71431  0.857077  0.193825  0.387649  4.83705  
0.000425131  0.000850261  5.99745  0.521735  1.04347  2.86959  
0.750031  1.50006  1.49981  0.428659  0.857317  3.42805  
0.999815  1.99963  0.00111277  0.999815  1.99963  0.00111277  
2.39539  1.2028  1.20249  0.000425131  0.000850261  5.99745  
0.333438  0.666876  3.99937  0.333438  0.666876  3.99937  
0.193825  0.387649  4.83705  0.648696  1.29739  2.10783  
0.648696  1.29739  2.10783  0.857154  1.71431  0.857077  
0.521735  1.04347  2.86959  0.750031  1.50006  1.49981  
0.428659  0.857317  3.42805  2.39539  1.2028  1.20249  
2.39539  1.2028  1.20249  0.857154  1.71431  0.857077  
0.999815  1.99963  0.00111277  2.39539  1.2028  1.20249  
0.428659  0.857317  3.42805  0.999815  1.99963  0.00111277  
0.193825  0.387649  4.83705  0.428659  0.857317  3.42805  
0.000425131  0.000850261  5.99745  0.648696  1.29739  2.10783  
0.333438  0.666876  3.99937  0.000425131  0.000850261  5.99745  
0.857154  1.71431  0.857077  0.750031  1.50006  1.49981  
0.648696  1.29739  2.10783  0.333438  0.666876  3.99937  
0.521735  1.04347  2.86959  0.193825  0.387649  4.83705  
0.750031  1.50006  1.49981  0.521735  1.04347  2.86959  
0.750031  1.50006  1.49981  0.333438  0.666876  3.99937  
0.521735  1.04347  2.86959  0.999815  1.99963  0.00111277  
0.648696  1.29739  2.10783  0.857154  1.71431  0.857077  
0.000425131  0.000850261  5.99745  0.428659  0.857317  3.42805  
0.428659  0.857317  3.42805  0.521735  1.04347  2.86959  
0.333438  0.666876  3.99937  0.750031  1.50006  1.49981  
0.193825  0.387649  4.83705  0.000425131  0.000850261  5.99745  
2.39539  1.2028  1.20249  0.193825  0.387649  4.83705  
0.857154  1.71431  0.857077  2.39539  1.2028  1.20249  
0.999815  1.99963  0.00111277  0.648696  1.29739  2.10783  
0.333438  0.666876  3.99937  0.000425131  0.000850261  5.99745  
0.648696  1.29739  2.10783  0.521735  1.04347  2.86959  
0.000425131  0.000850261  5.99745  0.857154  1.71431  0.857077  
0.521735  1.04347  2.86959  0.999815  1.99963  0.00111277  
0.857154  1.71431  0.857077  0.428659  0.857317  3.42805  
0.428659  0.857317  3.42805  0.750031  1.50006  1.49981  
2.39539  1.2028  1.20249  0.193825  0.387649  4.83705  
0.750031  1.50006  1.49981  2.39539  1.2028  1.20249  
0.193825  0.387649  4.83705  0.648696  1.29739  2.10783  
0.999815  1.99963  0.00111277  0.333438  0.666876  3.99937  
0.521735  1.04347  2.86959  0.857154  1.71431  0.857077  
0.857154  1.71431  0.857077  0.750031  1.50006  1.49981  
0.193825  0.387649  4.83705  0.648696  1.29739  2.10783  
0.648696  1.29739  2.10783  0.193825  0.387649  4.83705  
0.999815  1.99963  0.00111277  0.333438  0.666876  3.99937  
0.333438  0.666876  3.99937  0.521735  1.04347  2.86959  
0.750031  1.50006  1.49981  0.428659  0.857317  3.42805  
0.428659  0.857317  3.42805  0.999815  1.99963  0.00111277  
2.39539  1.2028  1.20249  2.39539  1.2028  1.20249  
0.000425131  0.000850261  5.99745  0.000425131  0.000850261  5.99745  
0.648696  1.29739  2.10783  0.428659  0.857317  3.42805  
0.750031  1.50006  1.49981  0.750031  1.50006  1.49981  
0.857154  1.71431  0.857077  2.39539  1.2028  1.20249  
0.193825  0.387649  4.83705  0.333438  0.666876  3.99937  
0.428659  0.857317  3.42805  0.648696  1.29739  2.10783  
0.521735  1.04347  2.86959  0.000425131  0.000850261  5.99745  
0.999815  1.99963  0.00111277  0.857154  1.71431  0.857077  
2.39539  1.2028  1.20249  0.521735  1.04347  2.86959  
0.333438  0.666876  3.99937  0.193825  0.387649  4.83705  
0.000425131  0.000850261  5.99745  0.999815  1.99963  0.00111277  
0.428659  0.857317  3.42805  0.428659  0.857317  3.42805  
2.39539  1.2028  1.20249  0.999815  1.99963  0.00111277  
0.333438  0.666876  3.99937  0.857154  1.71431  0.857077  
0.000425131  0.000850261  5.99745  0.750031  1.50006  1.49981  
0.750031  1.50006  1.49981  0.648696  1.29739  2.10783  
0.857154  1.71431  0.857077  0.000425131  0.000850261  5.99745  
0.521735  1.04347  2.86959  0.333438  0.666876  3.99937  
0.193825  0.387649  4.83705  0.521735  1.04347  2.86959  
0.648696  1.29739  2.10783  2.39539  1.2028  1.20249  
0.999815  1.99963  0.00111277  0.193825  0.387649  4.83705  
0.648696  1.29739  2.10783  2.39539  1.2028  1.20249  
2.39539  1.2028  1.20249  0.000425131  0.000850261  5.99745  
0.333438  0.666876  3.99937  0.193825  0.387649  4.83705  
0.193825  0.387649  4.83705  0.333438  0.666876  3.99937  
0.000425131  0.000850261  5.99745  0.521735  1.04347  2.86959  
0.750031  1.50006  1.49981  0.999815  1.99963  0.00111277  
0.521735  1.04347  2.86959  0.648696  1.29739  2.10783  
0.428659  0.857317  3.42805  0.750031  1.50006  1.49981  
0.857154  1.71431  0.857077  0.428659  0.857317  3.42805  
0.999815  1.99963  0.00111277  0.857154  1.71431  0.857077  
2.39539  1.2028  1.20249  0.999815  1.99963  0.00111277  
0.521735  1.04347  2.86959  0.648696  1.29739  2.10783  
0.999815  1.99963  0.00111277  0.750031  1.50006  1.49981  
0.750031  1.50006  1.49981  0.333438  0.666876  3.99937  
0.648696  1.29739  2.10783  2.39539  1.2028  1.20249  
0.333438  0.666876  3.99937  0.193825  0.387649  4.83705  
0.000425131  0.000850261  5.99745  0.428659  0.857317  3.42805  
0.428659  0.857317  3.42805  0.857154  1.71431  0.857077  
0.857154  1.71431  0.857077  0.521735  1.04347  2.86959  
0.193825  0.387649  4.83705  0.000425131  0.000850261  5.99745  
0.333438  0.666876  3.99937  2.39539  1.2028  1.20249  
0.000425131  0.000850261  5.99745  0.648696  1.29739  2.10783  
0.521735  1.04347  2.86959  0.750031  1.50006  1.49981  
0.648696  1.29739  2.10783  0.193825  0.387649  4.83705  
0.750031  1.50006  1.49981  0.333438  0.666876  3.99937  
0.193825  0.387649  4.83705  0.428659  0.857317  3.42805  
0.999815  1.99963  0.00111277  0.857154  1.71431  0.857077  
0.428659  0.857317  3.42805  0.000425131  0.000850261  5.99745  
2.39539  1.2028  1.20249  0.999815  1.99963  0.00111277  
0.857154  1.71431  0.857077  0.521735  1.04347  2.86959  
0.521735  1.04347  2.86959  0.428659  0.857317  3.42805  
0.428659  0.857317  3.42805  0.750031  1.50006  1.49981  
0.750031  1.50006  1.49981  0.333438  0.666876  3.99937  
0.999815  1.99963  0.00111277  2.39539  1.2028  1.20249  
2.39539  1.2028  1.20249  0.857154  1.71431  0.857077  
0.857154  1.71431  0.857077  0.521735  1.04347  2.86959  
0.648696  1.29739  2.10783  0.000425131  0.000850261  5.99745  
0.000425131  0.000850261  5.99745  0.193825  0.387649  4.83705  
0.333438  0.666876  3.99937  0.999815  1.99963  0.00111277  
0.193825  0.387649  4.83705  0.648696  1.29739  2.10783  
0.750031  1.50006  1.49981  0.999815  1.99963  0.00111277  
0.648696  1.29739  2.10783  0.750031  1.50006  1.49981  
0.193825  0.387649  4.83705  0.648696  1.29739  2.10783  
0.857154  1.71431  0.857077  2.39539  1.2028  1.20249  
0.000425131  0.000850261  5.99745  0.428659  0.857317  3.42805  
0.521735  1.04347  2.86959  0.333438  0.666876  3.99937  
0.428659  0.857317  3.42805  0.193825  0.387649  4.83705  
0.333438  0.666876  3.99937  0.857154  1.71431  0.857077  
2.39539  1.2028  1.20249  0.000425131  0.000850261  5.99745  
0.999815  1.99963  0.00111277  0.521735  1.04347  2.86959  
0.999815  1.99963  0.00111277  0.000425131  0.000850261  5.99745  
0.193825  0.387649  4.83705  0.648696  1.29739  2.10783  
0.857154  1.71431  0.857077  0.428659  0.857317  3.42805  
0.521735  1.04347  2.86959  2.39539  1.2028  1.20249  
0.333438  0.666876  3.99937  0.521735  1.04347  2.86959  
0.750031  1.50006  1.49981  0.857154  1.71431  0.857077  
0.428659  0.857317  3.42805  0.333438  0.666876  3.99937  
0.648696  1.29739  2.10783  0.750031  1.50006  1.49981  
0.000425131  0.000850261  5.99745  0.999815  1.99963  0.00111277  
2.39539  1.2028  1.20249  0.193825  0.387649  4.83705  
0.857154  1.71431  0.857077  0.000425131  0.000850261  5.99745  
0.193825  0.387649  4.83705  0.428659  0.857317  3.42805  
0.750031  1.50006  1.49981  2.39539  1.2028  1.20249  
0.000425131  0.000850261  5.99745  0.857154  1.71431  0.857077  
0.428659  0.857317  3.42805  0.333438  0.666876  3.99937  
0.648696  1.29739  2.10783  0.750031  1.50006  1.49981  
0.333438  0.666876  3.99937  0.521735  1.04347  2.86959  
2.39539  1.2028  1.20249  0.648696  1.29739  2.10783  
0.521735  1.04347  2.86959  0.999815  1.99963  0.00111277  
0.999815  1.99963  0.00111277  0.193825  0.387649  4.83705  
0.750031  1.50006  1.49981  2.39539  1.2028  1.20249  
0.333438  0.666876  3.99937  0.999815  1.99963  0.00111277  
0.999815  1.99963  0.00111277  0.521735  1.04347  2.86959  
0.857154  1.71431  0.857077  0.750031  1.50006  1.49981  
0.193825  0.387649  4.83705  0.857154  1.71431  0.857077  
0.000425131  0.000850261  5.99745  0.000425131  0.000850261  5.99745  
0.428659  0.857317  3.42805  0.648696  1.29739  2.10783  
2.39539  1.2028  1.20249  0.428659  0.857317  3.42805  
0.521735  1.04347  2.86959  0.333438  0.666876  3.99937  
0.648696  1.29739  2.10783  0.193825  0.387649  4.83705  
0.648696  1.29739  2.10783  0.193825  0.387649  4.83705  
0.521735  1.04347  2.86959  2.39539  1.2028  1.20249  
0.193825  0.387649  4.83705  0.750031  1.50006  1.49981  
0.999815  1.99963  0.00111277  0.857154  1.71431  0.857077  
0.750031  1.50006  1.49981  0.428659  0.857317  3.42805  
0.333438  0.666876  3.99937  0.333438  0.666876  3.99937  
0.857154  1.71431  0.857077  0.999815  1.99963  0.00111277  
2.39539  1.2028  1.20249  0.648696  1.29739  2.10783  
0.428659  0.857317  3.42805  0.000425131  0.000850261  5.99745  
0.000425131  0.000850261  5.99745  0.521735  1.04347  2.86959  
0.521735  1.04347  2.86959  0.999815  1.99963  0.00111277  
0.000425131  0.000850261  5.99745  2.39539  1.2028  1.20249  
0.999815  1.99963  0.00111277  0.750031  1.50006  1.49981  
0.333438  0.666876  3.99937  0.333438  0.666876  3.99937  
0.428659  0.857317  3.42805  0.648696  1.29739  2.10783  
0.648696  1.29739  2.10783  0.000425131  0.000850261  5.99745  
2.39539  1.2028  1.20249  0.521735  1.04347  2.86959  
0.750031  1.50006  1.49981  0.857154  1.71431  0.857077  
0.193825  0.387649  4.83705  0.428659  0.857317  3.42805  
0.857154  1.71431  0.857077  0.193825  0.387649  4.83705  
0.857154  1.71431  0.857077  0.999815  1.99963  0.00111277  
0.000425131  0.000850261  5.99745  0.750031  1.50006  1.49981  
0.521735  1.04347  2.86959  0.193825  0.387649  4.83705  
0.750031  1.50006  1.49981  0.521735  1.04347  2.86959  
0.193825  0.387649  4.83705  0.428659  0.857317  3.42805  
2.39539  1.2028  1.20249  0.857154  1.71431  0.857077  
0.333438  0.666876  3.99937  2.39539  1.2028  1.20249  
0.428659  0.857317  3.42805  0.648696  1.29739  2.10783  
0.648696  1.29739  2.10783  0.333438  0.666876  3.99937  
0.999815  1.99963  0.00111277  0.000425131  0.000850261  5.99745  
0.000425131  0.000850261  5.99745  2.39539  1.2028  1.20249  
0.521735  1.04347  2.86959  0.333438  0.666876  3.99937  
0.428659  0.857317  3.42805  0.648696  1.29739  2.10783  
0.648696  1.29739  2.10783  0.999815  1.99963  0.00111277  
0.333438  0.666876  3.99937  0.193825  0.387649  4.83705  
0.857154  1.71431  0.857077  0.521735  1.04347  2.86959  
0.193825  0.387649  4.83705  0.750031  1.50006  1.49981  
2.39539  1.2028  1.20249  0.428659  0.857317  3.42805  
0.750031  1.50006  1.49981  0.857154  1.71431  0.857077  
0.999815  1.99963  0.00111277  0.000425131  0.000850261  5.99745  
0.193825  0.387649  4.83705  0.193825  0.387649  4.83705  
0.521735  1.04347  2.86959  0.857154  1.71431  0.857077  
0.648696  1.29739  2.10783  0.999815  1.99963  0.00111277  
2.39539  1.2028  1.20249  0.000425131  0.000850261  5.99745  
0.857154  1.71431  0.857077  0.750031  1.50006  1.49981  
0.000425131  0.000850261  5.99745  0.333438  0.666876  3.99937  
0.428659  0.857317  3.42805  0.648696  1.29739  2.10783  
0.750031  1.50006  1.49981  2.39539  1.2028  1.20249  
0.999815  1.99963  0.00111277  0.521735  1.04347  2.86959  
0.333438  0.666876  3.99937  0.428659  0.857317  3.42805  
