242.942  6.50291  88.6265  186.921  
39.5694  150.362  213.969  41.9225  
301.783  7.78923  48.4958  163.251  
151.471  32.1768  123.886  115.077  
131.512  231.128  224.854  74.0597  
330.927  35.2039  151.823  159.954  
111.543  156.801  225.14  51.2652  
87.4707  185.564  15.5371  180.782  
210.41  31.0154  4.69164  287.974  
76.2169  179.011  20.0542  267.648  
92.7716  147.885  104.74  167.861  
111.173  28.5618  112.337  4.37735  
162.984  92.8593  272.743  80.339  
281.337  41.769  201.818  1.01595  
210.46  102.346  38.1923  163.046  
62.4653  229.562  74.4854  200.199  
95.6205  92.444  86.3177  80.2595  
58.3768  114.53  13.1339  291.589  
171.958  16.2463  96.2526  196.762  
195.176  257.956  203.929  7.38977  
8.189  106.798  248.785  178.333  
18.1465  115.302  139.905  188.769  
80.4029  229.331  179.192  78.2579  
297.564  65.6279  113.108  69.6898  
75.6043  258.082  210.804  17.2795  
180.309  117.225  81.3559  26.1799  
245.597  54.459  54.5196  132.909  
188.06  5.11829  25.9737  199.566  
129.579  176.622  18.8697  144.366  
65.0531  156.281  96.4473  217.854  
131.271  187.859  42.1736  300.112  
221.409  241.025  51.5092  163.563  
214.763  194.816  107.746  154.369  
257.632  77.4711  228.371  5.75981  
191.072  34.3663  123.476  78.1323  
145.048  67.4207  3.8884  289.523  
16.1095  367.519  2.50593  176.995  
132.641  231.885  21.2867  194.367  
60.2689  74.5039  175.589  88.9211  
159.133  184.807  43.6825  249.469  
1.72256  239.591  208.282  30.1559  
181.635  119.262  42.4748  152.95  
123.085  129.251  402.246  40.9628  
280.948  1.67197  45.9038  272.908  
247.798  134.247  27.0669  132.197  
79.1775  105.287  71.5364  101.916  
265.721  49.6408  170.81  21.4866  
13.767  176.681  180.799  84.7331  
20.1445  248.847  169.987  189.083  
136.311  4.0288  89.9911  128.324  
253.628  86.2901  40.1082  186.127  
184.962  161.611  285.803  131.738  
274.703  75.0345  32.4742  136.007  
113.481  305.05  103.626  76.9064  
68.2615  25.1406  122.761  127.896  
60.8596  18.8127  190.769  222.971  
166.42  66.9087  315.781  168.362  
136.097  56.4576  195.396  203.598  
101.2  83.9471  70.6865  53.8105  
167.514  55.6982  270.86  13.983  
162.868  208.745  5.94371  342.218  
80.8526  98.2739  55.1079  142.61  
241.801  35.6417  42.3283  145.748  
163.963  46.5098  25.9636  309.461  
89.8877  149.552  310.847  46.1412  
41.442  149.387  253.609  56.9011  
110.682  77.1782  75.6502  255.98  
114.062  33.63  124.534  96.1298  
24.5468  236.258  67.7949  157.464  
202.359  44.6376  122.433  151.28  
174.128  96.7384  366.959  21.7392  
259.862  65.5869  265.593  77.3452  
213.778  63.0721  94.2555  218.916  
13.5463  154.693  104.98  166.253  
96.8539  103.321  121.024  32.6772  
110.83  196.567  243.381  56.9492  
29.7125  291.945  80.7179  236.179  
27.0614  241.778  266.935  97.76  
316.79  122.236  105.044  252.962  
83.8302  299.17  67.8222  110.435  
227.251  17.6037  195.913  143.467  
277.522  3.18179  143.982  88.6591  
63.1652  139.042  50.773  87.621  
39.9392  133.655  60.5039  301.647  
318.529  38.2444  1.66758  228.484  
155.851  51.9221  96.0321  226.298  
231.726  158.673  310.633  27.3133  
14.5771  293.648  56.9718  162.54  
92.7774  193.347  126.727  117.329  
163.783  131.873  15.7776  211.059  
100.188  194.622  198.245  233.738  
140.039  133.902  66.0717  328.836  
89.424  67.0092  36.3295  239.289  
51.7024  192.325  44.7285  140.967  
106.138  212.924  114.151  256.215  
204.228  37.4463  113.559  98.409  
163.209  56.6186  230.371  44.4881  
124.484  127.22  146.056  30.6518  
106.862  283.425  59.0858  115.827  
207.708  189.986  186.712  54.9985  
123.81  106.422  203.405  35.5024  
113.521  125.578  332.378  127.026  
104.978  168.104  163.798  323.86  
76.2938  308.568  45.5599  176.088  
124.948  69.7475  195.508  124.354  
177.756  80.3254  181.995  78.813  
219.58  140.733  165.83  148.243  
123.773  188.144  60.5252  62.6734  
19.6988  316.107  82.7609  55.1473  
181.603  41.8177  40.237  227.556  
241.237  31.2249  241.237  31.2249  
181.676  36.5363  32.1197  170.765  
6.31894  313.412  114.565  75.4072  
79.4161  149.94  6.31894  313.412  
339.001  94.5722  194.109  18.8367  
114.565  75.4072  181.676  36.5363  
194.109  18.8367  317.107  88.4643  
32.1197  170.765  139.814  22.1572  
103.594  8.14296  103.594  8.14296  
139.814  22.1572  79.4161  149.94  
40.237  227.556  11.606  1.28562  
203.405  35.5024  60.156  5.33697  
195.508  124.354  82.075  4.17208  
45.5599  176.088  43.1242  2.98042  
332.378  127.026  32.6179  0.160076  
119.941  79.9223  91.3218  119.419  
181.995  78.813  196.125  12.4185  
163.798  323.86  123.634  100.33  
60.5252  62.6734  248.956  0.406275  
165.83  148.243  136.02  29.243  
82.075  4.17208  33.3213  0.00107633  
196.125  12.4185  0.0582709  0.453714  
11.606  1.28562  0.227978  0.280606  
136.02  29.243  0.452245  0.0505916  
203.474  0.332052  0.391371  0.112043  
123.634  100.33  0.000270541  0.519624  
60.156  5.33697  0.280936  0.232869  
43.1242  2.98042  0.11981  0.417772  
32.6179  0.160076  0.157048  0.344747  
91.3218  119.419  0.329545  0.17539  
63.3965  6.71956  163.358  88.6967  
95.2582  115.014  179.004  24.3628  
56.3429  216.106  56.3429  216.106  
145.622  89.9632  145.622  89.9632  
163.358  88.6967  314.696  63.5614  
89.8244  173.906  79.6195  39.1277  
314.696  63.5614  89.8244  173.906  
79.6195  39.1277  146.418  100.802  
146.418  100.802  63.3965  6.71956  
179.004  24.3628  95.2582  115.014  
0.280936  0.232869  76.2938  308.568  
0.000270541  0.519624  177.756  80.3254  
0.329545  0.17539  19.6988  316.107  
0.452245  0.0505916  219.58  140.733  
0.157048  0.344747  124.948  69.7475  
0.11981  0.417772  181.603  41.8177  
0.391371  0.112043  104.978  168.104  
0.509605  1.6461e-05  113.521  125.578  
0.0582709  0.453714  123.773  188.144  
0.227978  0.280606  123.81  106.422  
201.507  1.28112  79.6287  177.316  
79.6287  177.316  236.156  20.6787  
250.228  126.957  40.9908  55.4163  
40.9908  55.4163  114.03  24.4546  
79.7149  327.263  157.513  64.6592  
236.156  20.6787  250.228  126.957  
217.995  32.3021  201.507  1.28112  
343.675  56.3356  217.995  32.3021  
157.513  64.6592  79.7149  327.263  
114.03  24.4546  253.503  41.5546  
149.347  296.54  44.0157  223.965  
206.743  102.415  91.783  35.5676  
86.3684  38.6156  139.664  79.9795  
18.2203  252.199  115.007  190.405  
115.007  190.405  149.347  296.54  
139.664  79.9795  86.3684  38.6156  
91.783  35.5676  232.227  1.90261  
232.227  1.90261  18.2203  252.199  
302.326  26.1626  302.326  26.1626  
174.087  93.893  206.743  102.415  
38.9981  240.596  73.4024  116.639  
255.383  192.281  213.787  120.122  
213.787  120.122  134.86  145.88  
18.3897  307.841  19.1509  110.438  
160.778  1.90972  121.202  44.2619  
131.571  156.545  160.778  1.90972  
121.202  44.2619  131.571  156.545  
19.1509  110.438  18.3897  307.841  
73.4024  116.639  264.224  198.938  
134.86  145.88  38.9981  240.596  
231  88.928  231  88.928  
249.016  86.4109  352.622  41.7004  
352.622  41.7004  240.001  88.6953  
389.471  20.6435  312.646  16.3894  
312.646  16.3894  269.66  118.26  
223.031  74.199  223.031  74.199  
226.841  162.408  226.841  162.408  
269.66  118.26  314.804  118.245  
240.001  88.6953  340.006  70.1088  
314.804  118.245  249.016  86.4109  
22.2823  134.021  137.701  210.201  
107.894  207.719  22.2823  134.021  
81.4823  284.797  129.028  297.12  
104.896  151.338  90.3766  345.472  
52.5343  49.3321  79.8967  204.693  
248.361  93.2448  107.894  207.719  
90.3766  345.472  104.896  151.338  
137.701  210.201  81.4823  284.797  
82.9351  212.477  52.5343  49.3321  
129.028  297.12  248.361  93.2448  
109.315  218.968  54.0924  190.894  
295.804  65.2019  219.648  51.7907  
197.282  50.98  228.967  251.261  
344.861  100.168  277.656  95.2709  
277.656  95.2709  197.282  50.98  
327.2  87.9795  295.804  65.2019  
121.176  116.862  121.176  116.862  
219.648  51.7907  344.861  100.168  
54.0924  190.894  109.315  218.968  
228.967  251.261  327.2  87.9795  
87.6237  239.622  56.4707  75.6682  
194.56  122.92  108.941  119.808  
19.3046  126.41  103.18  17.9965  
173.167  40.4499  19.3046  126.41  
56.4707  75.6682  143.492  74.3442  
15.1164  127.38  54.3746  186.494  
108.941  119.808  87.6237  239.622  
54.3746  186.494  15.1164  127.38  
148.54  76.9597  194.56  122.92  
103.18  17.9965  173.167  40.4499  
57.552  338.28  153.29  121.968  
153.29  121.968  164.052  160.17  
230.272  105.624  69.7687  384.676  
66.2986  63.2432  66.2986  63.2432  
69.7687  384.676  14.4832  285.741  
185.196  76.2561  205.83  165.228  
205.83  165.228  57.552  338.28  
14.4832  285.741  185.196  76.2561  
211.299  37.3077  230.272  105.624  
164.052  160.17  211.299  37.3077  
0.00209181  12.0078  7.46231  16.0129  
2.16859  50.9133  0.479655  22.3123  
0.0776561  22.9727  0.0776561  22.9727  
7.46231  16.0129  20.0433  9.21855  
24.4831  5.49925  2.16859  50.9133  
0.479655  22.3123  113.288  0.687138  
113.288  0.687138  0.00209181  12.0078  
14.8031  7.42198  43.8718  1.25117  
20.0433  9.21855  21.6264  4.8576  
43.8718  1.25117  14.8031  7.42198  
0.159886  0.341024  0.44278  0.0592302  
0.503224  1.62549e-05  0.0558697  0.44559  
0.270567  0.237057  0.322679  0.180203  
0.322679  0.180203  0.217414  0.287304  
0.217414  0.287304  38.4136  0.00124082  
0.0558697  0.44559  4.08206e-06  0.500646  
0.381409  0.119311  0.381409  0.119311  
0.108739  0.398346  0.108739  0.398346  
0.44278  0.0592302  0.270567  0.237057  
4.08206e-06  0.500646  0.159886  0.341024  
7.9028  53.6473  0.0599411  26.1856  
2.72577  32.7818  38.7106  7.65393  
38.9895  7.70908  7.9028  53.6473  
80.0783  3.97433  17.3341  10.1463  
0.235385  30.3068  127.39  15.5255  
62.1087  8.29802  31.2414  0.536944  
31.2414  0.536944  0.235385  30.3068  
127.39  15.5255  62.1087  8.29802  
0.0599411  26.1856  80.0783  3.97433  
17.3341  10.1463  2.72577  32.7818  
190.73  11.1582  58.8137  148.91  
67.4245  47.2567  44.0054  2.30597  
44.2274  214.443  15.3692  181.241  
23.1029  98.4588  92.9932  65.1775  
58.3762  139.728  3.72587  194.777  
3.72587  194.777  44.2274  214.443  
15.3692  181.241  190.73  11.1582  
58.8137  148.91  58.3762  139.728  
75.1837  195.011  23.1029  98.4588  
44.0054  2.30597  75.1837  195.011  
190.08  36.604  64.1018  56.1267  
250.697  82.2959  250.697  82.2959  
251.781  105.345  190.08  36.604  
173.087  242.857  230.217  116.374  
19.5757  306.622  219.736  72.1642  
76.7243  67.1787  260.378  120.984  
260.378  120.984  251.781  105.345  
230.217  116.374  173.087  242.857  
191.24  153.302  191.24  153.302  
219.736  72.1642  19.5757  306.622  
109.129  313.361  109.202  174.654  
32.1406  357.939  238.923  99.9652  
28.6796  350.774  200.369  237.322  
224.136  91.4026  43.9783  115.982  
43.9783  115.982  191.469  144.163  
221.094  166.468  224.136  91.4026  
109.202  174.654  32.1406  357.939  
238.923  99.9652  43.0997  351.078  
200.369  237.322  28.6796  350.774  
43.0997  351.078  109.129  313.361  
8.11847  125.321  3.71639  23.6865  
73.711  102.213  0.202084  30.8462  
83.8244  24.4455  41.2573  4.30073  
151.07  24.3966  45.6431  181.799  
70.0052  88.3919  31.2518  165.447  
34.3492  148.269  104.887  153.286  
58.9467  22.6683  208.578  26.9551  
91.5725  3.87608  235.36  3.73133  
217.443  6.46291  69.6804  63.2324  
169.651  3.08344  56.9085  94.4871  
31.2518  165.447  168.219  66.2727  
41.2573  4.30073  10.1661  113.386  
45.6431  181.799  12.6043  163.645  
0.202084  30.8462  13.138  88.3606  
3.71639  23.6865  57.0368  45.7694  
56.9085  94.4871  72.7915  3.63794  
69.6804  63.2324  186.259  6.11604  
104.887  153.286  66.6145  212.213  
208.578  26.9551  64.7354  76.1888  
195.268  3.09571  20.7907  49.1126  
2.18464  0.359338  17.3308  15.2417  
0.0205844  5.53959  0.171416  10.4139  
12.4097  0.247022  0.152305  15.7218  
5.91554  5.20247  2.18464  0.359338  
5.44023  0.0780452  12.4097  0.247022  
0.152305  15.7218  5.44023  0.0780452  
11.4833  0.310033  12.5169  0.0231351  
12.5169  0.0231351  0.0205844  5.53959  
0.394402  16.6722  0.394402  16.6722  
0.171416  10.4139  11.4833  0.310033  
0.325951  0.175206  0.219683  0.284105  
0.273006  0.232978  4.08044e-06  0.500446  
0.163675  0.337214  0.110108  0.391033  
0.219683  0.284105  0.325951  0.175206  
0.0552677  0.446027  0.273006  0.232978  
0.503224  1.62549e-05  0.503224  1.62549e-05  
4.08044e-06  0.500446  0.0552677  0.446027  
0.110108  0.391033  0.107887  0.392729  
0.443451  0.0578445  0.443451  0.0578445  
0.383303  0.117313  0.163675  0.337214  
21.1675  1.47985  1.16291  9.81962  
2.60689  4.83965  21.1675  1.47985  
17.3769  42.3488  28.5673  0.098043  
0.839902  6.58745  2.60689  4.83965  
27.7697  0.0953056  12.5845  4.34467  
1.16291  9.81962  0.839902  6.58745  
0.00690424  8.26225  17.3769  42.3488  
0.262962  31.6527  0.0422527  18.9911  
0.0422527  18.9911  0.00690424  8.26225  
12.5845  4.34467  0.262962  31.6527  
72.7915  3.63794  8.21433  20.1175  
168.219  66.2727  1.65562  40.3668  
186.259  6.11604  10.575  5.07789  
64.7354  76.1888  0.600211  15.7044  
57.0368  45.7694  10.2044  16.4909  
66.6145  212.213  33.6536  80.1076  
20.7907  49.1126  36.6694  1.99608  
47.825  128.425  25.2483  0.366532  
13.138  88.3606  23.7532  2.23904  
10.1661  113.386  6.20505  8.04774  
0.693226  26.5672  78.8012  185.948  
9.39664  67.1378  122.065  170.242  
237.16  9.00651  31.4122  234.015  
63.2916  175.911  156.528  108.142  
36.0247  19.3602  193.893  93.4387  
131.857  52.6602  69.161  112.595  
71.7844  15.0308  76.9092  63.0376  
162.145  1.25765  194.294  74.2566  
76.4711  0.759837  101.794  118.506  
108.481  45.0114  171.594  137.071  
25.2483  0.366532  6.97604  8.31724  
33.6536  80.1076  0.774123  154.61  
1.65562  40.3668  9.05585  2.67795  
10.575  5.07789  21.3387  0.0416523  
0.600211  15.7044  18.272  0.108873  
0.113344  26.582  9.3498  15.192  
23.7532  2.23904  32.7079  1.53764  
36.6694  1.99608  11.2856  36.2568  
8.21433  20.1175  1.69872  45.6933  
6.20505  8.04774  0.521241  95.646  
78.8012  185.948  73.711  102.213  
76.9092  63.0376  34.3492  148.269  
122.065  170.242  83.8244  24.4455  
193.893  93.4387  58.9467  22.6683  
195.321  156.024  169.651  3.08344  
31.4122  234.015  8.11847  125.321  
69.161  112.595  69.9003  88.4969  
101.794  118.506  151.07  24.3966  
156.528  108.142  91.5725  3.87608  
194.294  74.2566  217.443  6.46291  
9.3498  15.192  237.16  9.00651  
11.2856  36.2568  156.712  1.21551  
9.05585  2.67795  63.2916  175.911  
32.7079  1.53764  36.0247  19.3602  
18.272  0.108873  71.7844  15.0308  
1.69872  45.6933  131.857  52.6602  
21.3387  0.0416523  9.39664  67.1378  
0.294349  58.7884  76.4711  0.759837  
6.97604  8.31724  0.693226  26.5672  
0.521241  95.646  108.481  45.0114  
19.2739  62.0716  56.9216  60.6922  
106.596  23.9381  82.7394  133.957  
82.7394  133.957  192.223  11.7341  
127.609  1.68937  26.7802  100.626  
32.4116  11.2114  106.596  23.9381  
56.9216  60.6922  127.609  1.68937  
4.44212  170.904  32.4116  11.2114  
26.7802  100.626  4.44212  170.904  
14.8592  65.3637  19.2739  62.0716  
116.117  87.8398  14.8592  65.3637  
107.327  60.0964  135.378  101.996  
135.378  101.996  122.554  50.486  
45.7813  34.5408  34.6764  65.5289  
74.954  76.3293  81.47  16.6962  
122.554  50.486  6.8874  54.3323  
34.6764  65.5289  71.428  29.4223  
71.428  29.4223  62.5319  47.1787  
6.8874  54.3323  74.954  76.3293  
0.610298  189.982  107.327  60.0964  
81.47  16.6962  0.610298  189.982  
72.0043  3.73772  72.0043  3.73772  
86.9722  16.6421  86.9722  16.6421  
3.97869  53.2114  3.22961  5.06699  
80.1427  1.62211  6.06744  2.34855  
7.11852  3.19423  7.11852  3.19423  
3.97536  19.3917  3.97869  53.2114  
6.06744  2.34855  80.1427  1.62211  
11.4984  1.20871  11.4984  1.20871  
58.7928  35.7457  3.97536  19.3917  
3.22961  5.06699  58.7928  35.7457  
1.55101  0.968522  6.86318e-05  8.41737  
0.506881  0.000925641  16.1235  12.4599  
0.00950087  0.493755  0.0616851  3.72967  
0.0616851  3.72967  0.500129  3.08696e-05  
5.67829  0.151106  1.55101  0.968522  
0.358267  0.142083  0.358267  0.142083  
0.430708  0.0696568  0.506881  0.000925641  
6.86318e-05  8.41737  0.430708  0.0696568  
0.282069  0.217978  5.67829  0.151106  
0.500129  3.08696e-05  0.00950087  0.493755  
0.110388  0.389962  0.275465  0.225075  
0.330732  0.169316  0.165114  0.334933  
0.386328  0.114093  0.386328  0.114093  
0.500779  3.09097e-05  0.443136  0.057228  
0.275465  0.225075  4.07728e-06  0.500059  
0.165114  0.334933  0.0551397  0.444995  
0.220228  0.279819  0.110388  0.389962  
0.443136  0.057228  0.500779  3.09097e-05  
4.07728e-06  0.500059  0.209854  0.290194  
0.0551397  0.444995  0.220228  0.279819  
0.28243  2.23285  11.6067  91.7606  
1.31305  7.21863  9.45589  1.40871  
0.0863228  3.45123  0.505659  0.0359928  
9.45589  1.40871  0.00148187  7.68977  
6.22533  0.0904353  8.84876  0.20257  
0.505659  0.0359928  0.0863228  3.45123  
0.00148187  7.68977  1.31305  7.21863  
7.69453  2.7576  6.22533  0.0904353  
8.84876  0.20257  7.69453  2.7576  
6.44531  1.71252  6.44531  1.71252  
2.149  0.506744  4.74961  0.075182  
0.977643  2.26243  0.985675  8.66586  
0.534438  1.99613  0.0218012  5.04525  
2.74901  2.88875  0.0129859  3.0438  
0.0218012  5.04525  2.74901  2.88875  
8.68466  0.154294  0.534438  1.99613  
0.985675  8.66586  0.977643  2.26243  
0.637947  7.84803  8.68466  0.154294  
4.74961  0.075182  0.637947  7.84803  
0.0129859  3.0438  2.149  0.506744  
5.75462  0.0176218  0.543422  5.40879  
11.1699  0.865566  1.34875  1.85867  
13.2731  3.48161  29.0907  23.7417  
4.56622  2.18782  13.2731  3.48161  
2.21218  41.0633  1.68681  7.6153  
0.306011  8.65841  0.306011  8.65841  
1.68681  7.6153  2.21218  41.0633  
1.34875  1.85867  11.1699  0.865566  
0.543422  5.40879  5.75462  0.0176218  
1.10284  51.7296  4.56622  2.18782  
32.7106  4.89674  21.9026  94.8955  
36.1054  160.125  152.328  7.95082  
11.0585  1.42753  31.274  99.641  
21.9026  94.8955  187.108  17.5284  
31.274  99.641  51.401  127.555  
14.2176  93.7983  32.7106  4.89674  
152.328  7.95082  14.2176  93.7983  
187.108  17.5284  36.1054  160.125  
24.9789  53.4334  24.9789  53.4334  
51.401  127.555  11.0585  1.42753  
126.329  47.8208  76.5969  28.9951  
16.7029  68.4636  0.470943  20.821  
1.71241  14.7222  34.003  0.418662  
9.95992  6.841  2.08951  71.8866  
49.7812  29.9051  28.6543  0.0646667  
34.003  0.418662  49.7812  29.9051  
53.9569  111.168  16.7029  68.4636  
0.470943  20.821  1.71241  14.7222  
28.6543  0.0646667  9.95992  6.841  
2.08951  71.8866  53.9569  111.168  
0.331457  0.168543  0.110182  0.389818  
0.220933  0.279067  0.0550076  0.444992  
0.499969  3.08597e-05  4.07676e-06  0.499996  
0.444076  0.0559238  0.444076  0.0559238  
0.0550076  0.444992  0.27603  0.22397  
0.27603  0.22397  0.499969  3.08597e-05  
4.07676e-06  0.499996  0.331457  0.168543  
0.387956  0.112044  0.387956  0.112044  
0.165061  0.334939  0.165061  0.334939  
0.110182  0.389818  0.220933  0.279067  
0.27603  0.22397  0.444076  0.0559238  
0.110182  0.389818  0.0550076  0.444992  
0.220933  0.279067  0.165061  0.334939  
4.07676e-06  0.499996  4.07676e-06  0.499996  
0.331457  0.168543  0.387956  0.112044  
0.499969  3.08597e-05  0.220933  0.279067  
0.165061  0.334939  0.27603  0.22397  
0.387956  0.112044  0.499969  3.08597e-05  
0.0550076  0.444992  0.331457  0.168543  
0.444076  0.0559238  0.110182  0.389818  
0.165061  0.334939  0.0550076  0.444992  
0.110182  0.389818  0.110182  0.389818  
0.387956  0.112044  0.499969  3.08597e-05  
0.0550076  0.444992  0.165061  0.334939  
0.331457  0.168543  0.387956  0.112044  
0.499969  3.08597e-05  0.444076  0.0559238  
0.444076  0.0559238  0.331457  0.168543  
4.07676e-06  0.499996  0.220933  0.279067  
0.27603  0.22397  4.07676e-06  0.499996  
0.220933  0.279067  0.27603  0.22397  
0.165061  0.334939  0.165061  0.334939  
0.27603  0.22397  0.110182  0.389818  
0.331457  0.168543  0.387956  0.112044  
0.110182  0.389818  0.444076  0.0559238  
0.220933  0.279067  0.499969  3.08597e-05  
4.07676e-06  0.499996  0.220933  0.279067  
0.387956  0.112044  4.07676e-06  0.499996  
0.0550076  0.444992  0.331457  0.168543  
0.444076  0.0559238  0.0550076  0.444992  
0.499969  3.08597e-05  0.27603  0.22397  
0.165061  0.334939  0.331457  0.168543  
0.387956  0.112044  0.165061  0.334939  
0.331457  0.168543  0.110182  0.389818  
0.27603  0.22397  0.387956  0.112044  
0.220933  0.279067  0.0550076  0.444992  
0.0550076  0.444992  0.220933  0.279067  
4.07676e-06  0.499996  4.07676e-06  0.499996  
0.499969  3.08597e-05  0.499969  3.08597e-05  
0.444076  0.0559238  0.444076  0.0559238  
0.110182  0.389818  0.27603  0.22397  
0.499969  3.08597e-05  0.387956  0.112044  
0.220933  0.279067  0.165061  0.334939  
0.165061  0.334939  0.331457  0.168543  
0.110182  0.389818  0.444076  0.0559238  
0.331457  0.168543  0.27603  0.22397  
0.387956  0.112044  0.220933  0.279067  
0.0550076  0.444992  0.499969  3.08597e-05  
4.07676e-06  0.499996  0.292632  0.207368  
0.444076  0.0559238  4.07676e-06  0.499996  
0.27603  0.22397  0.0550076  0.444992  
0.110182  0.389818  0.444076  0.0559238  
0.220933  0.279067  0.27603  0.22397  
0.27603  0.22397  4.07676e-06  0.499996  
0.387956  0.112044  0.0550076  0.444992  
0.499969  3.08597e-05  0.165061  0.334939  
4.07676e-06  0.499996  0.499969  3.08597e-05  
0.165061  0.334939  0.110182  0.389818  
0.0550076  0.444992  0.387956  0.112044  
0.444076  0.0559238  0.220933  0.279067  
0.331457  0.168543  0.331457  0.168543  
0.110182  0.389818  0.27603  0.22397  
0.0550076  0.444992  0.331457  0.168543  
0.331457  0.168543  0.165061  0.334939  
0.387956  0.112044  0.499969  3.08597e-05  
0.165061  0.334939  0.387956  0.112044  
0.499969  3.08597e-05  0.110182  0.389818  
0.27603  0.22397  0.444076  0.0559238  
4.07676e-06  0.499996  4.07676e-06  0.499996  
0.444076  0.0559238  0.0550076  0.444992  
0.220933  0.279067  0.220933  0.279067  
0.331457  0.168543  0.331457  0.168543  
0.387956  0.112044  0.0550076  0.444992  
0.499969  3.08597e-05  4.07676e-06  0.499996  
0.27603  0.22397  0.27603  0.22397  
0.0550076  0.444992  0.444076  0.0559238  
0.165061  0.334939  0.499969  3.08597e-05  
0.220933  0.279067  0.165061  0.334939  
0.110182  0.389818  0.110182  0.389818  
4.07676e-06  0.499996  0.387956  0.112044  
0.444076  0.0559238  0.220933  0.279067  
4.07676e-06  0.499996  0.165061  0.334939  
0.444076  0.0559238  0.27603  0.22397  
0.165061  0.334939  0.110182  0.389818  
0.110182  0.389818  0.387956  0.112044  
0.0550076  0.444992  4.07676e-06  0.499996  
0.331457  0.168543  0.220933  0.279067  
0.499969  3.08597e-05  0.444076  0.0559238  
0.387956  0.112044  0.0550076  0.444992  
0.27603  0.22397  0.499969  3.08597e-05  
0.220933  0.279067  0.331457  0.168543  
0.165061  0.334939  0.27603  0.22397  
0.387993  0.112007  4.07676e-06  0.499996  
0.0550076  0.444992  0.110074  0.389926  
0.27603  0.22397  0.332015  0.167985  
4.07676e-06  0.499996  0.443984  0.0560156  
0.443984  0.0560156  0.387993  0.112007  
0.110074  0.389926  0.165061  0.334939  
0.499969  3.08597e-05  0.220933  0.279067  
0.220933  0.279067  0.499969  3.08597e-05  
0.332015  0.167985  0.0550076  0.444992  
0.332015  0.167985  0.499969  3.08597e-05  
0.27603  0.22397  0.0550076  0.444992  
0.499969  3.08597e-05  0.443984  0.0560156  
4.07676e-06  0.499996  4.07676e-06  0.499996  
0.0550076  0.444992  0.165061  0.334939  
0.387993  0.112007  0.332015  0.167985  
0.220933  0.279067  0.110074  0.389926  
0.110074  0.389926  0.387993  0.112007  
0.443984  0.0560156  0.220933  0.279067  
0.165061  0.334939  0.27603  0.22397  
0.499969  3.08597e-05  0.443984  0.0560156  
0.332015  0.167985  0.110074  0.389926  
0.165061  0.334939  0.332015  0.167985  
0.443984  0.0560156  0.220933  0.279067  
4.07676e-06  0.499996  4.07676e-06  0.499996  
0.220933  0.279067  0.387993  0.112007  
0.110074  0.389926  0.499969  3.08597e-05  
0.27603  0.22397  0.165061  0.334939  
0.387993  0.112007  0.0550076  0.444992  
0.0550076  0.444992  0.27603  0.22397  
0.220933  0.279067  0.165061  0.334939  
0.0550076  0.444992  0.110074  0.389926  
0.165061  0.334939  0.387993  0.112007  
0.387993  0.112007  4.07676e-06  0.499996  
0.110074  0.389926  0.27603  0.22397  
0.499969  3.08597e-05  0.332015  0.167985  
0.332015  0.167985  0.443984  0.0560156  
0.443984  0.0560156  0.0550076  0.444992  
4.07676e-06  0.499996  0.499969  3.08597e-05  
0.27603  0.22397  0.220933  0.279067  
0.443984  0.0560156  0.332015  0.167985  
0.165061  0.334939  0.27603  0.22397  
0.27603  0.22397  0.110074  0.389926  
4.07676e-06  0.499996  0.0550076  0.444992  
0.220933  0.279067  0.387993  0.112007  
0.0550076  0.444992  4.07676e-06  0.499996  
0.387993  0.112007  0.443984  0.0560156  
0.332015  0.167985  0.165061  0.334939  
0.110074  0.389926  0.220933  0.279067  
0.499969  3.08597e-05  0.499969  3.08597e-05  
4.07676e-06  0.499996  4.07676e-06  0.499996  
0.110074  0.389926  0.387993  0.112007  
0.332015  0.167985  0.165061  0.334939  
0.165061  0.334939  0.387993  0.112007  
0.27603  0.22397  0.0550076  0.444992  
0.220933  0.279067  0.110074  0.389926  
0.387993  0.112007  0.499969  3.08597e-05  
0.499969  3.08597e-05  0.27603  0.22397  
0.443984  0.0560156  0.220933  0.279067  
0.0550076  0.444992  0.332015  0.167985  
0.27603  0.22397  4.07676e-06  0.499996  
0.110074  0.389926  0.0550076  0.444992  
0.332015  0.167985  0.220933  0.279067  
0.220933  0.279067  0.443984  0.0560156  
0.0550076  0.444992  0.27603  0.22397  
0.443984  0.0560156  0.110074  0.389926  
4.07676e-06  0.499996  0.332015  0.167985  
0.387993  0.112007  0.499969  3.08597e-05  
0.499969  3.08597e-05  0.387993  0.112007  
0.165061  0.334939  0.165061  0.334939  
0.332015  0.167985  0.220933  0.279067  
0.0550076  0.444992  0.0550076  0.444992  
0.165061  0.334939  0.110074  0.389926  
0.110074  0.389926  0.443984  0.0560156  
0.443984  0.0560156  0.499969  3.08597e-05  
0.499969  3.08597e-05  4.07676e-06  0.499996  
4.07676e-06  0.499996  0.165061  0.334939  
0.220933  0.279067  0.332015  0.167985  
0.27603  0.22397  0.387993  0.112007  
0.387993  0.112007  0.27603  0.22397  
0.110074  0.389926  0.27603  0.22397  
0.499969  3.08597e-05  0.165061  0.334939  
4.07676e-06  0.499996  0.387993  0.112007  
0.220933  0.279067  0.220933  0.279067  
0.332015  0.167985  0.443984  0.0560156  
0.443984  0.0560156  0.332015  0.167985  
0.165061  0.334939  4.07676e-06  0.499996  
0.387993  0.112007  0.0550076  0.444992  
0.0550076  0.444992  0.110074  0.389926  
0.27603  0.22397  0.499969  3.08597e-05  
0.0550076  0.444992  0.165061  0.334939  
4.07676e-06  0.499996  4.07676e-06  0.499996  
0.332015  0.167985  0.332015  0.167985  
0.387993  0.112007  0.0550076  0.444992  
0.220933  0.279067  0.27603  0.22397  
0.165061  0.334939  0.499969  3.08597e-05  
0.27603  0.22397  0.110074  0.389926  
0.110074  0.389926  0.443984  0.0560156  
0.499969  3.08597e-05  0.387993  0.112007  
0.443984  0.0560156  0.220933  0.279067  
0.165061  0.334939  0.27603  0.22397  
0.0550076  0.444992  0.387993  0.112007  
0.332015  0.167985  0.165061  0.334939  
0.499969  3.08597e-05  0.0550076  0.444992  
4.07676e-06  0.499996  0.499969  3.08597e-05  
0.110074  0.389926  0.110074  0.389926  
0.387993  0.112007  0.443984  0.0560156  
0.27603  0.22397  0.220933  0.279067  
0.220933  0.279067  0.332015  0.167985  
0.443984  0.0560156  4.07676e-06  0.499996  
0.499969  3.08597e-05  0.387993  0.112007  
0.332015  0.167985  0.443984  0.0560156  
0.443984  0.0560156  0.499969  3.08597e-05  
0.220933  0.279067  0.165061  0.334939  
0.27603  0.22397  4.07676e-06  0.499996  
0.110074  0.389926  0.220933  0.279067  
0.0550076  0.444992  0.332015  0.167985  
4.07676e-06  0.499996  0.27603  0.22397  
0.165061  0.334939  0.0550076  0.444992  
0.387993  0.112007  0.110074  0.389926  
0.27603  0.22397  0.27603  0.22397  
0.332015  0.167985  0.110074  0.389926  
0.220933  0.279067  0.443984  0.0560156  
0.499969  3.08597e-05  0.332015  0.167985  
0.443984  0.0560156  0.220933  0.279067  
4.07676e-06  0.499996  0.499969  3.08597e-05  
0.0550076  0.444992  0.0550076  0.444992  
0.387993  0.112007  4.07676e-06  0.499996  
0.165061  0.334939  0.165061  0.334939  
0.110074  0.389926  0.387993  0.112007  
0.443984  0.0560156  0.0550076  0.444992  
0.387993  0.112007  0.443984  0.0560156  
0.499969  3.08597e-05  0.220933  0.279067  
0.220933  0.279067  4.07676e-06  0.499996  
0.0550076  0.444992  0.499969  3.08597e-05  
4.07676e-06  0.499996  0.165061  0.334939  
0.110074  0.389926  0.332015  0.167985  
0.27603  0.22397  0.110074  0.389926  
0.332015  0.167985  0.27603  0.22397  
0.165061  0.334939  0.387993  0.112007  
0.220933  0.279067  0.0550076  0.444992  
0.0550076  0.444992  0.27603  0.22397  
0.165061  0.334939  0.110074  0.389926  
0.387993  0.112007  0.387993  0.112007  
0.110074  0.389926  0.499969  3.08597e-05  
0.499969  3.08597e-05  4.07676e-06  0.499996  
0.332015  0.167985  0.332015  0.167985  
0.443984  0.0560156  0.443984  0.0560156  
4.07676e-06  0.499996  0.220933  0.279067  
0.27603  0.22397  0.165061  0.334939  
0.165061  0.334939  0.0550076  0.444992  
0.387993  0.112007  0.499969  3.08597e-05  
0.443984  0.0560156  0.443984  0.0560156  
0.220933  0.279067  0.387993  0.112007  
0.332015  0.167985  0.332015  0.167985  
4.07676e-06  0.499996  0.165061  0.334939  
0.110074  0.389926  4.07676e-06  0.499996  
0.27603  0.22397  0.27603  0.22397  
0.499969  3.08597e-05  0.110074  0.389926  
0.0550076  0.444992  0.220933  0.279067  
0.387993  0.112007  0.27603  0.22397  
0.332015  0.167985  0.387993  0.112007  
0.110074  0.389926  0.220933  0.279067  
0.0550076  0.444992  0.0550076  0.444992  
0.27603  0.22397  0.443984  0.0560156  
0.220933  0.279067  4.07676e-06  0.499996  
4.07676e-06  0.499996  0.499969  3.08597e-05  
0.165061  0.334939  0.248043  0.251957  
0.443984  0.0560156  0.110074  0.389926  
0.499969  3.08597e-05  0.165061  0.334939  
0.443984  0.0560156  0.387993  0.112007  
0.0550076  0.444992  0.165061  0.334939  
0.387993  0.112007  0.0550076  0.444992  
0.27603  0.22397  4.07676e-06  0.499996  
0.220933  0.279067  0.27603  0.22397  
0.499969  3.08597e-05  0.110074  0.389926  
0.165061  0.334939  0.220933  0.279067  
0.110074  0.389926  0.332015  0.167985  
4.07676e-06  0.499996  0.443984  0.0560156  
0.332015  0.167985  0.499969  3.08597e-05  
0.499969  3.08597e-05  0.110074  0.389926  
0.110074  0.389926  0.165061  0.334939  
0.387993  0.112007  0.443984  0.0560156  
0.27603  0.22397  0.220933  0.279067  
0.332015  0.167985  4.07676e-06  0.499996  
0.220933  0.279067  0.0550076  0.444992  
0.165061  0.334939  0.499969  3.08597e-05  
0.0550076  0.444992  0.387993  0.112007  
4.07676e-06  0.499996  0.332015  0.167985  
0.443984  0.0560156  0.27603  0.22397  
0.165061  0.334939  0.262256  0.237744  
4.07676e-06  0.499996  4.07676e-06  0.499996  
0.443984  0.0560156  0.443984  0.0560156  
0.332015  0.167985  0.499969  3.08597e-05  
0.27603  0.22397  0.110074  0.389926  
0.110074  0.389926  0.387993  0.112007  
0.499969  3.08597e-05  0.0550076  0.444992  
0.387993  0.112007  0.332015  0.167985  
0.0550076  0.444992  0.165061  0.334939  
0.220933  0.279067  0.220933  0.279067  
0.220933  0.279067  0.110074  0.389926  
0.0550076  0.444992  0.332015  0.167985  
0.443984  0.0560156  0.387993  0.112007  
0.110074  0.389926  0.443984  0.0560156  
0.387993  0.112007  0.0550076  0.444992  
4.07676e-06  0.499996  0.27603  0.22397  
0.165061  0.334939  0.220933  0.279067  
0.27603  0.22397  0.165061  0.334939  
0.499969  3.08597e-05  0.499969  3.08597e-05  
0.332015  0.167985  4.07676e-06  0.499996  
0.165061  0.334939  0.110074  0.389926  
0.27603  0.22397  0.387993  0.112007  
0.443984  0.0560156  0.27603  0.22397  
0.0550076  0.444992  0.165061  0.334939  
0.387993  0.112007  0.443984  0.0560156  
0.110074  0.389926  0.499969  3.08597e-05  
0.220933  0.279067  0.332015  0.167985  
0.332015  0.167985  4.07676e-06  0.499996  
4.07676e-06  0.499996  0.0550076  0.444992  
0.499969  3.08597e-05  0.220933  0.279067  
4.07676e-06  0.499996  0.387993  0.112007  
0.165061  0.334939  0.443984  0.0560156  
0.110074  0.389926  0.27603  0.22397  
0.499969  3.08597e-05  0.332015  0.167985  
0.332015  0.167985  0.220933  0.279067  
0.27603  0.22397  0.499969  3.08597e-05  
0.0550076  0.444992  4.07676e-06  0.499996  
0.443984  0.0560156  0.110074  0.389926  
0.220933  0.279067  0.165061  0.334939  
0.387993  0.112007  0.0550076  0.444992  
0.332015  0.167985  0.0550076  0.444992  
0.387993  0.112007  0.443984  0.0560156  
0.443984  0.0560156  0.165061  0.334939  
0.27603  0.22397  4.07676e-06  0.499996  
0.165061  0.334939  0.387993  0.112007  
0.110074  0.389926  0.220933  0.279067  
4.07676e-06  0.499996  0.27603  0.22397  
0.0550076  0.444992  0.499969  3.08597e-05  
0.220933  0.279067  0.110074  0.389926  
0.499969  3.08597e-05  0.332015  0.167985  
0.0550076  0.444992  0.443984  0.0560156  
0.220933  0.279067  0.387993  0.112007  
0.332015  0.167985  0.220933  0.279067  
0.387993  0.112007  0.165061  0.334939  
0.165061  0.334939  4.07676e-06  0.499996  
0.443984  0.0560156  0.332015  0.167985  
0.499969  3.08597e-05  0.499969  3.08597e-05  
4.07676e-06  0.499996  0.110074  0.389926  
0.110074  0.389926  0.0550076  0.444992  
0.27603  0.22397  0.27603  0.22397  
0.220933  0.279067  0.165061  0.334939  
0.0550076  0.444992  4.07676e-06  0.499996  
0.165061  0.334939  0.27603  0.22397  
0.387993  0.112007  0.110074  0.389926  
0.110074  0.389926  0.0550076  0.444992  
0.499969  3.08597e-05  0.332015  0.167985  
0.332015  0.167985  0.499969  3.08597e-05  
0.443984  0.0560156  0.108076  0.391924  
4.07676e-06  0.499996  0.443984  0.0560156  
0.27603  0.22397  0.387993  0.112007  
0.443984  0.0560156  0.110074  0.389926  
0.332015  0.167985  4.07676e-06  0.499996  
4.07676e-06  0.499996  0.332015  0.167985  
0.387993  0.112007  0.443984  0.0560156  
0.110074  0.389926  0.165061  0.334939  
0.0550076  0.444992  0.387993  0.112007  
0.499969  3.08597e-05  0.0550076  0.444992  
0.220933  0.279067  0.27603  0.22397  
0.27603  0.22397  0.499969  3.08597e-05  
0.165061  0.334939  0.220933  0.279067  
0.0550076  0.444992  0.220933  0.279067  
0.387993  0.112007  0.387993  0.112007  
0.220933  0.279067  0.165061  0.334939  
0.165061  0.334939  0.443984  0.0560156  
4.07676e-06  0.499996  4.07676e-06  0.499996  
0.443984  0.0560156  0.332015  0.167985  
0.27603  0.22397  0.27603  0.22397  
0.499969  3.08597e-05  0.499969  3.08597e-05  
0.332015  0.167985  0.0550076  0.444992  
0.110074  0.389926  0.110074  0.389926  
0.387993  0.112007  0.443984  0.0560156  
4.07676e-06  0.499996  0.110074  0.389926  
0.220933  0.279067  0.499969  3.08597e-05  
0.110074  0.389926  0.165061  0.334939  
0.332015  0.167985  0.0817496  0.41825  
0.0550076  0.444992  0.387993  0.112007  
0.27603  0.22397  0.332015  0.167985  
0.165061  0.334939  0.0550076  0.444992  
0.499969  3.08597e-05  4.07676e-06  0.499996  
0.443984  0.0560156  0.27603  0.22397  
4.07676e-06  0.499996  0.220933  0.279067  
0.110074  0.389926  0.443984  0.0560156  
0.499969  3.08597e-05  0.110074  0.389926  
0.332015  0.167985  0.0550076  0.444992  
0.220933  0.279067  0.499969  3.08597e-05  
0.165061  0.334939  0.165061  0.334939  
0.443984  0.0560156  0.27603  0.22397  
0.0550076  0.444992  0.387993  0.112007  
0.27603  0.22397  4.07676e-06  0.499996  
0.387993  0.112007  0.332015  0.167985  
0.165061  0.334939  0.27603  0.22397  
0.387993  0.112007  4.07676e-06  0.499996  
0.332015  0.167985  0.220933  0.279067  
0.110074  0.389926  0.110074  0.389926  
0.0550076  0.444992  0.443984  0.0560156  
0.499969  3.08597e-05  0.0550076  0.444992  
0.220933  0.279067  0.165061  0.334939  
0.27603  0.22397  0.332015  0.167985  
0.443984  0.0560156  0.499969  3.08597e-05  
4.07676e-06  0.499996  0.387993  0.112007  
0.499969  3.08597e-05  0.165061  0.334939  
0.110074  0.389926  0.499969  3.08597e-05  
0.0550076  0.444992  0.443984  0.0560156  
0.27603  0.22397  0.332015  0.167985  
0.165061  0.334939  0.110074  0.389926  
4.07676e-06  0.499996  0.387993  0.112007  
0.220933  0.279067  0.0550076  0.444992  
0.332015  0.167985  0.220933  0.279067  
0.387993  0.112007  4.07676e-06  0.499996  
0.443984  0.0560156  0.27603  0.22397  
0.499969  3.08597e-05  0.165061  0.334939  
0.27603  0.22397  0.443984  0.0560156  
0.0550076  0.444992  0.499969  3.08597e-05  
0.165061  0.334939  0.220933  0.279067  
0.332015  0.167985  0.332015  0.167985  
0.387993  0.112007  0.27603  0.22397  
0.443984  0.0560156  0.387993  0.112007  
0.110074  0.389926  4.07676e-06  0.499996  
4.07676e-06  0.499996  0.0550076  0.444992  
0.220933  0.279067  0.110074  0.389926  
4.07676e-06  0.499996  0.499969  3.08597e-05  
0.443984  0.0560156  0.387993  0.112007  
0.499969  3.08597e-05  0.443984  0.0560156  
0.387993  0.112007  0.110074  0.389926  
0.27603  0.22397  0.165061  0.334939  
0.220933  0.279067  0.27603  0.22397  
0.110074  0.389926  0.484469  0.015531  
0.165061  0.334939  0.0550076  0.444992  
0.332015  0.167985  0.332015  0.167985  
0.0550076  0.444992  4.07676e-06  0.499996  
0.387993  0.112007  0.387993  0.112007  
0.27603  0.22397  0.499969  3.08597e-05  
0.110074  0.389926  0.0550076  0.444992  
0.499969  3.08597e-05  4.07676e-06  0.499996  
0.165061  0.334939  0.165061  0.334939  
4.07676e-06  0.499996  0.110074  0.389926  
0.332015  0.167985  0.27603  0.22397  
0.0550076  0.444992  0.443984  0.0560156  
0.220933  0.279067  0.220933  0.279067  
0.443984  0.0560156  0.332015  0.167985  
0.443984  0.0560156  0.387993  0.112007  
0.499969  3.08597e-05  0.499969  3.08597e-05  
0.0550076  0.444992  0.27603  0.22397  
0.27603  0.22397  0.332015  0.167985  
4.07676e-06  0.499996  0.165061  0.334939  
0.220933  0.279067  0.110074  0.389926  
0.387993  0.112007  4.07676e-06  0.499996  
0.110074  0.389926  0.220933  0.279067  
0.165061  0.334939  0.443984  0.0560156  
0.332015  0.167985  0.0550076  0.444992  
0.220933  0.279067  0.165061  0.334939  
0.0550076  0.444992  0.499969  3.08597e-05  
0.165061  0.334939  4.07676e-06  0.499996  
0.387993  0.112007  0.387993  0.112007  
0.110074  0.389926  0.332015  0.167985  
0.499969  3.08597e-05  0.110074  0.389926  
0.332015  0.167985  0.0550076  0.444992  
0.443984  0.0560156  0.220933  0.279067  
4.07676e-06  0.499996  0.443984  0.0560156  
0.27603  0.22397  0.27603  0.22397  
0.220933  0.279067  0.387993  0.112007  
0.443984  0.0560156  0.443984  0.0560156  
4.07676e-06  0.499996  4.07676e-06  0.499996  
0.387993  0.112007  0.27603  0.22397  
0.110074  0.389926  0.165061  0.334939  
0.499969  3.08597e-05  0.332015  0.167985  
0.332015  0.167985  0.499969  3.08597e-05  
0.165061  0.334939  0.0550076  0.444992  
0.0550076  0.444992  0.220933  0.279067  
0.27603  0.22397  0.110074  0.389926  
0.499969  3.08597e-05  0.499969  3.08597e-05  
0.332015  0.167985  4.07676e-06  0.499996  
0.0550076  0.444992  0.110074  0.389926  
0.110074  0.389926  0.27603  0.22397  
0.165061  0.334939  0.0550076  0.444992  
4.07676e-06  0.499996  0.443984  0.0560156  
0.443984  0.0560156  0.165061  0.334939  
0.387993  0.112007  0.220933  0.279067  
0.220933  0.279067  0.332015  0.167985  
0.27603  0.22397  0.387993  0.112007  
0.220933  0.279067  0.27603  0.22397  
0.443984  0.0560156  0.443984  0.0560156  
0.499969  3.08597e-05  0.332015  0.167985  
4.07676e-06  0.499996  0.165061  0.334939  
0.332015  0.167985  0.220933  0.279067  
0.110074  0.389926  0.110074  0.389926  
0.165061  0.334939  4.07676e-06  0.499996  
0.0550076  0.444992  0.0550076  0.444992  
0.387993  0.112007  0.499969  3.08597e-05  
0.27603  0.22397  0.387993  0.112007  
0.443984  0.0560156  0.110074  0.389926  
0.165061  0.334939  0.499969  3.08597e-05  
0.110074  0.389926  0.387993  0.112007  
0.27603  0.22397  0.165061  0.334939  
0.499969  3.08597e-05  0.443984  0.0560156  
0.0550076  0.444992  0.220933  0.279067  
0.332015  0.167985  0.0550076  0.444992  
4.07676e-06  0.499996  4.07676e-06  0.499996  
0.387993  0.112007  0.332015  0.167985  
0.220933  0.279067  0.27603  0.22397  
4.07676e-06  0.499996  0.165061  0.334939  
0.165061  0.334939  0.332015  0.167985  
0.332015  0.167985  0.220933  0.279067  
0.499969  3.08597e-05  0.110074  0.389926  
0.0550076  0.444992  0.27603  0.22397  
0.27603  0.22397  0.387993  0.112007  
0.443984  0.0560156  0.0550076  0.444992  
0.110074  0.389926  0.443984  0.0560156  
0.220933  0.279067  4.07676e-06  0.499996  
0.387993  0.112007  0.499969  3.08597e-05  
0.443984  0.0560156  0.332015  0.167985  
0.165061  0.334939  0.499969  3.08597e-05  
0.0550076  0.444992  0.165061  0.334939  
0.27603  0.22397  0.387993  0.112007  
0.220933  0.279067  4.07676e-06  0.499996  
0.332015  0.167985  0.27603  0.22397  
0.387993  0.112007  0.443984  0.0560156  
4.07676e-06  0.499996  0.110074  0.389926  
0.110074  0.389926  0.0550076  0.444992  
0.499969  3.08597e-05  0.220933  0.279067  
0.387993  0.112007  0.0550076  0.444992  
0.0550076  0.444992  0.443984  0.0560156  
0.27603  0.22397  0.27603  0.22397  
0.332015  0.167985  0.499969  3.08597e-05  
4.07676e-06  0.499996  4.07676e-06  0.499996  
0.110074  0.389926  0.387993  0.112007  
0.443984  0.0560156  0.110074  0.389926  
0.499969  3.08597e-05  0.332015  0.167985  
0.165061  0.334939  0.220933  0.279067  
0.220933  0.279067  0.165061  0.334939  
0.387993  0.112007  0.165061  0.334939  
0.110074  0.389926  0.499969  3.08597e-05  
0.332015  0.167985  0.443984  0.0560156  
0.443984  0.0560156  0.387993  0.112007  
0.499969  3.08597e-05  4.07676e-06  0.499996  
0.220933  0.279067  0.220933  0.279067  
4.07676e-06  0.499996  0.110074  0.389926  
0.165061  0.334939  0.0550076  0.444992  
0.27603  0.22397  0.332015  0.167985  
0.0550076  0.444992  0.27603  0.22397  
0.220933  0.279067  0.110074  0.389926  
0.0550076  0.444992  4.07676e-06  0.499996  
0.165061  0.334939  0.27603  0.22397  
0.387993  0.112007  0.165061  0.334939  
0.110074  0.389926  0.387993  0.112007  
0.499969  3.08597e-05  0.499969  3.08597e-05  
0.332015  0.167985  0.0550076  0.444992  
0.443984  0.0560156  0.443984  0.0560156  
4.07676e-06  0.499996  0.220933  0.279067  
0.27603  0.22397  0.332015  0.167985  
0.110074  0.389926  4.07676e-06  0.499996  
0.387993  0.112007  0.165061  0.334939  
0.443984  0.0560156  0.332015  0.167985  
0.499969  3.08597e-05  0.27603  0.22397  
0.220933  0.279067  0.110074  0.389926  
4.07676e-06  0.499996  0.387993  0.112007  
0.332015  0.167985  0.499969  3.08597e-05  
0.0550076  0.444992  0.220933  0.279067  
0.165061  0.334939  0.0550076  0.444992  
0.27603  0.22397  0.443984  0.0560156  
4.07676e-06  0.499996  0.165061  0.334939  
0.387993  0.112007  0.443984  0.0560156  
0.165061  0.334939  4.07676e-06  0.499996  
0.0550076  0.444992  0.220933  0.279067  
0.27603  0.22397  0.0550076  0.444992  
0.220933  0.279067  0.499969  3.08597e-05  
0.332015  0.167985  0.110074  0.389926  
0.443984  0.0560156  0.27603  0.22397  
0.110074  0.389926  0.387993  0.112007  
0.499969  3.08597e-05  0.332015  0.167985  
0.499969  3.08597e-05  0.499969  3.08597e-05  
0.332015  0.167985  0.27603  0.22397  
0.387993  0.112007  4.07676e-06  0.499996  
0.220933  0.279067  0.387993  0.112007  
0.165061  0.334939  0.165061  0.334939  
0.443984  0.0560156  0.443984  0.0560156  
0.27603  0.22397  0.0550076  0.444992  
4.07676e-06  0.499996  0.332015  0.167985  
0.0550076  0.444992  0.220933  0.279067  
0.110074  0.389926  0.110074  0.389926  
0.110074  0.389926  0.165061  0.334939  
0.387993  0.112007  0.220933  0.279067  
0.443984  0.0560156  0.332015  0.167985  
0.165061  0.334939  0.110074  0.389926  
0.332015  0.167985  0.499969  3.08597e-05  
0.0550076  0.444992  0.401991  0.0980093  
4.07676e-06  0.499996  0.27603  0.22397  
0.220933  0.279067  4.07676e-06  0.499996  
0.27603  0.22397  0.0550076  0.444992  
0.499969  3.08597e-05  0.443984  0.0560156  
