0.74019 0.672398
1 1.8215e-06
0.548175 0.836363
0.428874 0.903364
0.283288 0.959035
0.955456 0.295135
0.000276082 1
0.895512 0.445037
0.823416 0.567438
0.648441 0.761265
0.428874 0.903364
0.283288 0.959035
0.548175 0.836363
0.823416 0.567438
0.895512 0.445037
0.648441 0.761265
0.000276082 1
0.74019 0.672398
1 1.8215e-06
0.955456 0.295135
0.955456 0.295135
0.895512 0.445037
0.000276082 1
0.74019 0.672398
0.548175 0.836363
0.648441 0.761265
1 1.8215e-06
0.428874 0.903364
0.283288 0.959035
0.823416 0.567438
0.000276082 1
0.283288 0.959035
0.895512 0.445037
0.548175 0.836363
1 1.8215e-06
0.74019 0.672398
0.428874 0.903364
0.955456 0.295135
0.823416 0.567438
0.648441 0.761265
0.000276082 1
0.895512 0.445037
0.428874 0.903364
0.955456 0.295135
0.823416 0.567438
0.548175 0.836363
0.283288 0.959035
1 1.8215e-06
0.648441 0.761265
0.74019 0.672398
0.648441 0.761265
0.283288 0.959035
0.895512 0.445037
0.000276082 1
0.955456 0.295135
0.548175 0.836363
0.74019 0.672398
1 1.8215e-06
0.823416 0.567438
0.428874 0.903364
0.895512 0.445037
0.955456 0.295135
0.283288 0.959035
0.648441 0.761265
0.000276082 1
0.823416 0.567438
0.428874 0.903364
0.548175 0.836363
1 1.8215e-06
0.74019 0.672398
0.648441 0.761265
0.895512 0.445037
0.548175 0.836363
0.955456 0.295135
0.428874 0.903364
1 1.8215e-06
0.283288 0.959035
0.823416 0.567438
0.000276082 1
0.74019 0.672398
0.895512 0.445037
0.283288 0.959035
1 1.8215e-06
0.955456 0.295135
0.648441 0.761265
0.74019 0.672398
0.548175 0.836363
0.428874 0.903364
0.000276082 1
0.823416 0.567438
0.823416 0.567438
0.000276082 1
0.74019 0.672398
1 1.8215e-06
0.648441 0.761265
0.548175 0.836363
0.895512 0.445037
0.428874 0.903364
0.955456 0.295135
0.283288 0.959035
