0.617379 0.214266
0.363831 0.396816
0.68562 0.171979
0.0488623 0.778952
0.241405 0.508671
0.000113763 0.992046
0.995333 0.00233677
0.933055 0.0340543
0.504003 0.290069
0.136387 0.630694
0.000106964 0.992046
0.136387 0.630694
0.363831 0.396816
0.617379 0.214266
0.995333 0.00233677
0.68562 0.171979
0.933055 0.0340543
0.504003 0.290069
0.241405 0.508671
0.0488623 0.778952
0.933055 0.0340543
0.241405 0.508671
0.363831 0.396816
0.995333 0.00233677
0.136387 0.630694
0.504003 0.290069
0.0488623 0.778952
0.617379 0.214266
0.000106964 0.992046
0.68562 0.171979
0.995333 0.00233677
0.504003 0.290069
0.617379 0.214266
0.933055 0.0340543
0.241405 0.508671
0.363831 0.396816
0.000106964 0.992046
0.0488623 0.778952
0.136387 0.630694
0.68562 0.171979
0.363831 0.396816
0.68562 0.171979
0.933055 0.0340543
0.0488623 0.778952
0.000106964 0.992046
0.136387 0.630694
0.617379 0.214266
0.504003 0.290069
0.995333 0.00233677
0.241405 0.508671
0.504003 0.290069
0.000106964 0.992046
0.241405 0.508671
0.68562 0.171979
0.933055 0.0340543
0.995333 0.00233677
0.0488623 0.778952
0.136387 0.630694
0.363831 0.396816
0.617379 0.214266
0.995333 0.00233677
0.0488623 0.778952
0.933055 0.0340543
0.68562 0.171979
0.617379 0.214266
0.363831 0.396816
0.241405 0.508671
0.000106964 0.992046
0.504003 0.290069
0.136387 0.630694
0.68562 0.171979
0.363831 0.396816
0.0488623 0.778952
0.504003 0.290069
0.000106964 0.992046
0.136387 0.630694
0.241405 0.508671
0.933055 0.0340543
0.617379 0.214266
0.995333 0.00233677
0.617379 0.214266
0.0488623 0.778952
0.995333 0.00233677
0.68562 0.171979
0.136387 0.630694
0.933055 0.0340543
0.00010713 0.992046
0.241405 0.508671
0.504003 0.290069
0.363831 0.396816
0.995333 0.00233677
0.617379 0.214266
0.68562 0.171979
0.933055 0.0340543
0.241405 0.508671
0.136387 0.630694
0.000106964 0.992046
0.363831 0.396816
0.0488623 0.778952
0.504003 0.290069
