0.422162 0.822291
0.567496 0.678158
0.00202252 1.00007
0.801439 0.358401
0.152269 0.977335
0.999307 0.00145466
0.856575 0.266835
0.69189 0.521789
0.916717 0.159992
0.370779 0.862916
0.422162 0.822291
0.856575 0.266835
0.370779 0.862916
0.152269 0.977335
0.916717 0.159992
0.801439 0.358401
0.00202252 1.00007
0.69189 0.521789
0.999307 0.00145466
0.567496 0.678158
0.69189 0.521789
0.152269 0.977335
0.999307 0.00145466
0.00202252 1.00007
0.856575 0.266835
0.567496 0.678158
0.422162 0.822291
0.916717 0.159992
0.370779 0.862916
0.801439 0.358401
0.916717 0.159992
0.152269 0.977335
0.422162 0.822291
0.00202252 1.00007
0.370779 0.862916
0.567496 0.678158
0.856575 0.266835
0.801439 0.358401
0.999307 0.00145466
0.69189 0.521789
0.567496 0.678158
0.856575 0.266835
0.916717 0.159992
0.422162 0.822291
0.00202252 1.00007
0.801439 0.358401
0.999307 0.00145466
0.152269 0.977335
0.370779 0.862916
0.69189 0.521789
0.999307 0.00145466
0.69189 0.521789
0.567496 0.678158
0.801439 0.358401
0.152269 0.977335
0.00202252 1.00007
0.422162 0.822291
0.916717 0.159992
0.370779 0.862916
0.856575 0.266835
0.370779 0.862916
0.801439 0.358401
0.422162 0.822291
0.567496 0.678158
0.999307 0.00145466
0.916717 0.159992
0.00202252 1.00007
0.69189 0.521789
0.152269 0.977335
0.856575 0.266835
0.801439 0.358401
0.370779 0.862916
0.69189 0.521789
0.152269 0.977335
0.856575 0.266835
0.916717 0.159992
0.422162 0.822291
0.00202252 1.00007
0.999307 0.00145466
0.567496 0.678158
0.801439 0.358401
0.916717 0.159992
0.567496 0.678158
0.422162 0.822291
0.69189 0.521789
0.370779 0.862916
0.00202252 1.00007
0.856575 0.266835
0.999307 0.00145466
0.152269 0.977335
0.801439 0.358401
0.69189 0.521789
0.370779 0.862916
0.856575 0.266835
0.567496 0.678158
0.999307 0.00145466
0.00202252 1.00007
0.152269 0.977335
0.422162 0.822291
0.916717 0.159992
