1.54443 2.62739
0.0259335 4.02549
0.617759 3.8462
0.912301 3.61068
1.8387 1.71955
2.02556 0.0255561
1.9481 1.1287
1.70295 2.20644
1.15344 3.33151
1.36405 2.99813
1.15344 3.33151
0.617759 3.8462
0.0259335 4.02549
1.70295 2.20644
2.02556 0.0255561
1.54443 2.62739
1.8387 1.71955
0.912301 3.61068
1.36405 2.99813
1.9481 1.1287
1.36405 2.99813
1.8387 1.71955
0.0259335 4.02549
1.15344 3.33151
0.912301 3.61068
1.70295 2.20644
1.9481 1.1287
2.02556 0.0255561
0.617759 3.8462
1.54443 2.62739
1.15344 3.33151
1.36405 2.99813
1.54443 2.62739
0.912301 3.61068
0.617759 3.8462
1.9481 1.1287
1.70295 2.20644
1.8387 1.71955
2.02556 0.0255561
0.0259335 4.02549
1.9481 1.1287
0.617759 3.8462
1.8387 1.71955
1.36405 2.99813
1.70295 2.20644
0.912301 3.61068
1.54443 2.62739
1.15344 3.33151
2.02556 0.0255561
0.0259335 4.02549
1.9481 1.1287
0.912301 3.61068
1.8387 1.71955
0.0259335 4.02549
1.54443 2.62739
0.617759 3.8462
1.36405 2.99813
2.02556 0.0255561
1.15344 3.33151
1.70295 2.20644
0.617759 3.8462
1.54443 2.62739
1.70295 2.20644
1.8387 1.71955
2.02556 0.0255561
1.9481 1.1287
1.36405 2.99813
1.15344 3.33151
0.912301 3.61068
0.0259335 4.02549
1.54443 2.62739
0.912301 3.61068
1.15344 3.33151
1.70295 2.20644
1.36405 2.99813
1.8387 1.71955
0.617759 3.8462
2.02556 0.0255561
1.9481 1.1287
0.0259335 4.02549
1.70295 2.20644
2.02556 0.0255561
0.0259335 4.02549
0.617759 3.8462
1.54443 2.62739
1.9481 1.1287
1.15344 3.33151
1.8387 1.71955
1.36405 2.99813
0.912301 3.61068
0.617759 3.8462
1.8387 1.71955
1.36405 2.99813
0.912301 3.61068
0.0259335 4.02549
1.54443 2.62739
1.15344 3.33151
1.70295 2.20644
1.9481 1.1287
2.02556 0.0255561
