1.83401  3.65362  2.23619  2.10305  
1.86067  3.23976  2.29281  2.9351  
1.79374  3.66491  1.39139  4.30134  
2.33761  2.25215  1.48224  3.84693  
1.76698  3.56859  2.13992  2.82781  
2.41062  2.36763  1.0594  4.37073  
1.80211  3.3892  2.24979  2.74316  
1.4449  4.19121  1.76136  3.56817  
1.87632  3.12553  1.84556  3.34442  
1.92634  3.06897  1.84593  3.023  
2.01197  3.00357  1.7245  3.52256  
1.71804  3.66319  2.15351  2.95245  
2.19683  2.50414  1.95539  3.21809  
2.03135  3.30535  1.95539  3.38899  
1.65388  3.74743  1.79875  3.39966  
1.55065  4.05674  2.16259  3.25076  
1.83796  3.57254  2.01024  3.32627  
1.90432  3.12673  1.49292  3.82122  
1.88002  3.19544  1.76742  3.58307  
1.82366  3.4943  2.07159  3.06269  
2.31625  1.93492  1.98952  3.52703  
1.60946  3.94227  2.13219  3.11122  
1.826  3.80529  1.78772  3.41522  
2.10379  3.15375  1.18521  4.32049  
2.13199  2.99083  1.82868  3.75809  
1.91707  3.61624  2.0145  3.01535  
2.36497  1.75677  1.70617  3.88946  
2.02746  2.58567  1.73475  3.70463  
2.30198  2.48829  2.18356  2.48646  
1.64127  3.83572  2.11685  2.94532  
2.25863  2.46283  2.10713  2.41708  
2.20198  3.06351  2.08184  3.20166  
1.58753  4.02843  1.84881  3.60977  
1.66735  3.85293  2.05732  3.32065  
2.2179  2.89444  1.37819  4.09195  
2.20368  2.58831  2.13207  3.32625  
2.3369  1.81672  2.04104  3.25598  
2.1762  2.62169  2.12128  2.46067  
1.08876  4.41374  1.54594  3.90563  
2.06585  2.60307  2.13446  2.63112  
2.25571  2.87068  2.37448  2.30482  
1.55148  3.62072  1.79264  3.74288  
2.22844  2.84894  1.8547  3.50039  
2.24789  2.1064  2.34546  1.93014  
2.07532  3.45569  2.22329  2.99342  
2.11874  2.72456  2.12582  2.97628  
2.05117  3.11907  2.194  2.99181  
1.84547  3.48266  1.63698  3.74693  
2.32357  2.40153  2.30457  2.56733  
2.12655  3.0072  1.9665  3.41086  
1.60684  4.02542  1.69351  3.7119  
1.93948  3.27289  1.49091  4.15329  
2.13159  2.78229  2.1867  2.81447  
2.05254  3.34575  2.39921  2.02313  
1.47496  4.17763  1.719  3.53364  
2.14426  3.38513  1.92145  3.42468  
1.59662  3.77122  1.13909  4.25041  
1.52012  4.02213  2.15942  2.64301  
2.35976  2.0821  1.6709  3.92408  
2.15485  3.2244  1.88319  3.45043  
1.94061  3.32925  2.23123  3.193  
1.67554  3.72245  2.09412  3.4375  
1.46273  4.23125  2.41227  1.63904  
2.06997  3.19893  1.70565  3.47607  
2.0154  3.13889  2.08983  3.18703  
2.20311  3.18804  1.48817  3.89772  
1.90243  3.46468  1.99919  3.25945  
1.83969  3.34575  1.28214  4.2005  
2.26016  2.74812  2.25022  2.33611  
1.46542  4.24825  2.39412  2.29581  
1.93035  3.4466  2.26732  2.40278  
2.21703  2.81763  2.09944  3.21455  
1.32878  4.38242  2.16127  2.73324  
2.03619  3.05749  2.33242  1.89336  
1.56391  4.22274  2.28821  2.41601  
2.44638  1.4765  2.08969  2.74101  
2.1787  2.67491  2.27553  2.59864  
2.04147  3.1419  2.18684  2.65427  
2.036  3.08371  1.75876  3.50846  
2.13268  2.78435  2.30952  2.61569  
1.36702  4.01663  1.70774  3.58839  
1.96855  3.66948  2.28992  1.92806  
1.66396  3.98288  2.07616  2.63202  
1.79904  3.28728  1.95286  3.08191  
1.97852  3.18838  1.76198  3.56073  
1.7989  3.33888  1.86019  3.50794  
2.09161  2.5795  2.2034  2.78931  
1.87328  3.53579  1.57018  3.76633  
1.81208  3.69832  2.30333  2.61427  
1.88952  3.239  1.97264  3.55555  
1.80331  3.48649  2.34999  1.90822  
2.11661  2.56299  1.52954  3.67209  
1.42492  3.9048  2.29042  2.6936  
1.88232  3.43783  2.29977  2.45388  
1.54338  3.91382  2.33933  2.3238  
1.63788  3.6515  1.69535  3.66798  
1.57939  3.71627  1.93909  3.55111  
2.04058  3.10735  1.67692  3.77116  
2.01997  2.70428  2.2182  2.71433  
2.09175  3.31558  2.29503  2.95422  
1.52954  3.67209  
2.28992  1.92806  
2.33242  1.89336  
1.28214  4.2005  
1.70565  3.47607  
2.41227  1.63904  
1.13909  4.25041  
2.10713  2.41708  
1.78772  3.41522  
1.49292  3.82122  
2.01197  3.00357  
1.84593  3.023  
1.0594  4.37073  
1.48224  3.84693  
2.23619  2.10305  
1.55065  4.05674  
1.83796  3.57254  
1.90432  3.12673  
1.88002  3.19544  
1.82366  3.4943  
2.31625  1.93492  
1.60946  3.94227  
1.826  3.80529  
2.10379  3.15375  
2.13199  2.99083  
1.91707  3.61624  
2.36497  1.75677  
2.02746  2.58567  
2.30198  2.48829  
1.64127  3.83572  
2.25863  2.46283  
2.20198  3.06351  
1.58753  4.02843  
1.66735  3.85293  
2.2179  2.89444  
2.20368  2.58831  
2.3369  1.81672  
2.1762  2.62169  
1.08876  4.41374  
2.06585  2.60307  
2.25571  2.87068  
1.55148  3.62072  
2.22844  2.84894  
2.24789  2.1064  
2.07532  3.45569  
2.11874  2.72456  
2.05117  3.11907  
1.84547  3.48266  
2.32357  2.40153  
2.12655  3.0072  
1.60684  4.02542  
1.93948  3.27289  
2.13159  2.78229  
2.05254  3.34575  
1.47496  4.17763  
2.14426  3.38513  
1.59662  3.77122  
1.52012  4.02213  
2.35976  2.0821  
2.15485  3.2244  
1.94061  3.32925  
1.67554  3.72245  
1.46273  4.23125  
2.06997  3.19893  
2.0154  3.13889  
2.20311  3.18804  
1.90243  3.46468  
1.83969  3.34575  
2.26016  2.74812  
1.46542  4.24825  
1.93035  3.4466  
2.21703  2.81763  
1.32878  4.38242  
2.03619  3.05749  
1.56391  4.22274  
2.44638  1.4765  
2.1787  2.67491  
2.04147  3.1419  
2.036  3.08371  
2.13268  2.78435  
1.36702  4.01663  
1.96855  3.66948  
1.66396  3.98288  
1.79904  3.28728  
1.97852  3.18838  
1.7989  3.33888  
2.09161  2.5795  
1.87328  3.53579  
1.81208  3.69832  
1.88952  3.239  
1.80331  3.48649  
2.11661  2.56299  
1.42492  3.9048  
1.88232  3.43783  
1.54338  3.91382  
1.63788  3.6515  
1.57939  3.71627  
2.04058  3.10735  
2.01997  2.70428  
2.09175  3.31558  
1.59707  2.58502  1.59707  2.58502  
0.975252  3.59621  0.975252  3.59621  
0.207333  4.0376  0.207333  4.0376  
0.685529  3.84268  0.685529  3.84268  
1.42069  2.96287  1.42069  2.96287  
2.04795  0.0484273  2.04795  0.0484273  
1.87192  1.69999  1.87192  1.69999  
1.74521  2.17251  1.74521  2.17251  
1.21163  3.3007  1.21163  3.3007  
1.97542  1.13217  1.97542  1.13217  
1.59707  2.58502  1.59707  2.58502  
0.975252  3.59621  0.975252  3.59621  
0.207333  4.0376  0.207333  4.0376  
0.685529  3.84268  1.59707  2.58502  
1.42069  2.96287  1.42069  2.96287  
2.04795  0.0484273  2.04795  0.0484273  
1.87192  1.69999  1.87192  1.69999  
1.74521  2.17251  1.74521  2.17251  
1.21163  3.3007  1.21163  3.3007  
1.97542  1.13217  1.97542  1.13217  
1.59707  2.58502  1.59707  2.58502  
0.975252  3.59621  0.975252  3.59621  
0.207333  4.0376  0.226329  4.03442  
0.685529  3.84268  1.5973  2.58526  
1.42069  2.96287  1.42069  2.96287  
2.04795  0.0484273  2.04795  0.0484273  
1.87192  1.69999  1.87192  1.69999  
1.74521  2.17251  1.74521  2.17251  
1.21163  3.3007  1.21163  3.3007  
1.97542  1.13217  1.97542  1.13217  
1.59707  2.58502  1.59707  2.58502  
0.975252  3.59621  0.975252  3.59621  
0.207333  4.0376  0.207333  4.0376  
0.685529  3.84268  0.685529  3.84268  
1.42069  2.96287  1.42069  2.96287  
2.04795  0.0484273  2.04795  0.0484273  
1.87192  1.69999  1.87192  1.69999  
1.74521  2.17251  1.74521  2.17251  
1.21163  3.3007  1.33339  3.11186  
1.97542  1.13217  1.97542  1.13217  
1.59707  2.58502  1.59707  2.58502  
0.975252  3.59621  0.975252  3.59621  
0.207333  4.0376  0.207333  4.0376  
0.685529  3.84268  0.685529  3.84268  
1.42069  2.96287  1.42069  2.96287  
2.04795  0.0484273  2.04795  0.0484273  
1.87192  1.69999  1.87192  1.69999  
1.74521  2.17251  1.74521  2.17251  
1.21163  3.3007  1.21163  3.3007  
1.97542  1.13217  1.97542  1.13217  
1.59707  2.58502  1.59922  2.58717  
0.975252  3.59621  0.975252  3.59621  
0.207333  4.0376  0.207333  4.0376  
0.685529  3.84268  0.685529  3.84268  
1.42069  2.96287  1.42069  2.96287  
2.04795  0.0484273  2.04795  0.0484273  
1.87192  1.69999  1.87192  1.69999  
1.74521  2.17251  1.74521  2.17251  
1.21163  3.3007  1.21163  3.3007  
1.97542  1.13217  1.97542  1.13217  
1.59707  2.58502  1.59707  2.58502  
0.975252  3.59621  0.975252  3.59621  
0.207333  4.0376  0.207333  4.0376  
0.685529  3.84268  0.685529  3.84268  
1.42069  2.96287  1.42069  2.96287  
2.04795  0.0484273  2.04795  0.0484273  
1.87192  1.69999  1.87192  1.69999  
1.74521  2.17251  1.74521  2.17251  
1.21163  3.3007  1.21163  3.3007  
1.97542  1.13217  1.97542  1.13217  
1.59707  2.58502  1.59707  2.58502  
0.975252  3.59621  0.975252  3.59621  
0.207333  4.0376  0.207333  4.0376  
0.685529  3.84268  0.685529  3.84268  
1.42069  2.96287  1.42195  2.96412  
2.04795  0.0484273  1.65215  2.43673  
1.87192  1.69999  1.87192  1.69999  
1.74521  2.17251  1.74521  2.17251  
1.21163  3.3007  1.21163  3.3007  
1.97542  1.13217  1.97542  1.13217  
1.59707  2.58502  1.59707  2.58502  
0.975252  3.59621  0.975252  3.59621  
0.207333  4.0376  0.207333  4.0376  
0.685529  3.84268  0.685529  3.84268  
1.42069  2.96287  1.42069  2.96287  
2.04795  0.0484273  2.04795  0.0484273  
1.87192  1.69999  1.87192  1.69999  
1.74521  2.17251  1.74521  2.17251  
1.21163  3.3007  1.21163  3.3007  
1.97542  1.13217  1.97542  1.13217  
1.59707  2.58502  1.59707  2.58502  
0.975252  3.59621  0.975252  3.59621  
0.207333  4.0376  0.207333  4.0376  
0.685529  3.84268  0.685529  3.84268  
1.42069  2.96287  1.46546  2.88015  
2.04795  0.0484273  2.04795  0.0484273  
1.87192  1.69999  1.87192  1.69999  
1.74521  2.17251  1.74521  2.17251  
1.21163  3.3007  1.21163  3.3007  
1.97542  1.13217  1.97542  1.13217  
2.04117  0.37705  
1.17279  3.35491  
1.89069  1.60273  
1.73641  2.19109  
1.24947  3.24519  
0.508019  3.9437  
1.34458  3.09294  
1.6789  2.36239  
1.69478  2.31697  
0.632005  3.87329  
1.94867  1.29256  
1.75088  2.14563  
2.02077  0.70523  
0.534174  3.92766  
2.03168  0.557233  
1.96552  1.183  
1.43882  2.92175  
1.99425  0.968686  
1.33171  3.11468  
1.66415  2.40343  
1.91132  1.50106  
1.28552  3.18971  
0.395085  3.98755  
1.82386  1.88676  
0.685529  3.84268  
1.47618  2.84749  
1.94109  1.33663  
0.207353  4.0376  
1.06708  3.48927  
1.53013  2.73296  
0.46414  3.96012  
1.98718  1.02652  
1.76556  2.09633  
0.720856  3.81476  
2.01475  0.77221  
1.62776  2.50019  
1.71968  2.24292  
0.593458  3.89599  
0.835715  3.72424  
1.10873  3.44358  
1.95783  1.23519  
1.90118  1.55202  
1.97905  1.08885  
1.65457  2.43022  
2.04795  0.0484285  
1.21163  3.3007  
1.97326  1.13088  
1.00928  3.55986  
1.36556  3.05668  
0.304089  4.01759  
1.49418  2.81028  
1.85738  1.75202  
1.6403  2.46754  
1.78941  2.01414  
1.80029  1.97509  
1.26537  3.22104  
1.84641  1.79688  
1.93299  1.38331  
1.0862  3.46633  
1.54839  2.69209  
0.337557  4.00844  
2.03754  0.455576  
0.870186  3.69392  
0.747258  3.79514  
1.5636  2.65716  
0.921195  3.64618  
1.05045  3.50876  
0.809158  3.74656  
1.12883  3.41305  
1.57941  2.61996  
0.783252  3.76749  
1.92245  1.44259  
2.02628  0.635279  
2.04498  0.265949  
1.02549  3.5372  
0.949127  3.62299  
1.4185  2.96054  
1.39991  2.99558  
0.259003  4.0281  
1.71111  2.26881  
1.88032  1.65098  
1.23463  3.2673  
1.30889  3.15232  
1.83887  1.82994  
0.654804  3.86007  
2.00886  0.83499  
0.975252  3.59621  
1.7795  2.04924  
1.51238  2.77165  
1.8694  1.70004  
1.1885  3.33331  
1.38046  3.03031  
0.569256  3.90997  
1.45794  2.88425  
1.59483  2.58278  
1.14946  3.38619  
2.00196  0.899526  
1.61039  2.54431  
1.81197  1.93199  
0.896628  3.6696  
1.59711  2.58491  1.59711  2.58491  
0.975286  3.59618  0.974005  3.59751  
0.207353  4.0376  0.207353  4.0376  
0.685552  3.84266  0.685552  3.84266  
1.42074  2.96278  1.42074  2.96278  
2.04783  0.048211  2.04783  0.048211  
1.87196  1.69981  1.87196  1.69981  
1.74524  2.17241  1.74524  2.17241  
1.21167  3.30064  1.21167  3.30064  
1.97424  1.14049  1.97424  1.14049  
1.59711  2.58491  1.59711  2.58491  
0.975286  3.59618  0.975286  3.59618  
0.207353  4.0376  0.207353  4.0376  
0.685552  3.84266  0.685552  3.84266  
1.42074  2.96278  1.42074  2.96278  
2.04783  0.048211  2.04783  0.048211  
1.87196  1.69981  1.87196  1.69981  
1.74524  2.17241  1.74524  2.17241  
1.21167  3.30064  1.21186  3.30083  
1.97424  1.14049  1.97424  1.14049  
1.59711  2.58491  1.59711  2.58491  
0.975286  3.59618  0.975286  3.59618  
0.207353  4.0376  0.207353  4.0376  
0.685552  3.84266  0.685552  3.84266  
1.42074  2.96278  1.42074  2.96278  
2.04783  0.048211  2.04783  0.048211  
1.87196  1.69981  1.87196  1.69981  
1.74524  2.17241  1.74524  2.17241  
1.21167  3.30064  1.21167  3.30064  
1.97424  1.14049  1.59712  2.58492  
1.59711  2.58491  1.59711  2.58491  
0.975286  3.59618  0.975286  3.59618  
0.207353  4.0376  0.207353  4.0376  
0.685552  3.84266  0.685552  3.84266  
1.42074  2.96278  1.42074  2.96278  
2.04783  0.048211  2.04783  0.048211  
1.87196  1.69981  1.87196  1.69981  
1.74524  2.17241  1.74524  2.17241  
1.21167  3.30064  1.21167  3.30064  
1.97424  1.14049  1.97424  1.14049  
1.59711  2.58491  1.59711  2.58491  
0.975286  3.59618  0.975286  3.59618  
0.207353  4.0376  0.207353  4.0376  
0.685552  3.84266  0.685552  3.84266  
1.42074  2.96278  1.42074  2.96278  
2.04783  0.048211  2.04783  0.048211  
1.87196  1.69981  1.87241  1.70026  
1.74524  2.17241  1.59711  2.58491  
1.21167  3.30064  1.21167  3.30064  
1.97424  1.14049  1.97424  1.14049  
1.59711  2.58491  1.59711  2.58491  
0.975286  3.59618  0.975286  3.59618  
0.207353  4.0376  1.59711  2.58491  
0.685552  3.84266  0.685552  3.84266  
1.42074  2.96278  1.42074  2.96278  
2.04783  0.048211  2.04783  0.048211  
1.87196  1.69981  1.87196  1.69981  
1.74524  2.17241  1.74524  2.17241  
1.21167  3.30064  1.21167  3.30064  
1.97424  1.14049  1.97424  1.14049  
1.59711  2.58491  1.52807  2.74808  
0.975286  3.59618  0.975286  3.59618  
0.207353  4.0376  0.207353  4.0376  
0.685552  3.84266  0.685552  3.84266  
1.42074  2.96278  1.42074  2.96278  
2.04783  0.048211  2.04783  0.048211  
1.87196  1.69981  1.87196  1.69981  
1.74524  2.17241  1.74524  2.17241  
1.21167  3.30064  1.21167  3.30064  
1.97424  1.14049  1.97424  1.14049  
1.59711  2.58491  1.59711  2.58491  
0.975286  3.59618  0.975286  3.59618  
0.207353  4.0376  0.207353  4.0376  
0.685552  3.84266  0.685552  3.84266  
1.42074  2.96278  1.42074  2.96278  
2.04783  0.048211  2.04783  0.048211  
1.87196  1.69981  1.87196  1.69981  
1.74524  2.17241  1.74524  2.17241  
1.21167  3.30064  1.23507  3.27218  
1.97424  1.14049  1.97424  1.14049  
1.59711  2.58491  1.59711  2.58491  
0.975286  3.59618  0.975286  3.59618  
0.207353  4.0376  0.207353  4.0376  
0.685552  3.84266  0.685552  3.84266  
1.42074  2.96278  1.42074  2.96278  
2.04783  0.048211  2.04783  0.048211  
1.87196  1.69981  1.87196  1.69981  
1.74524  2.17241  1.74524  2.17241  
1.21167  3.30064  1.21167  3.30064  
1.97424  1.14049  1.97424  1.14049  
1.59711  2.58491  1.59711  2.58491  
0.975286  3.59618  0.975286  3.59618  
0.207353  4.0376  0.207353  4.0376  
0.685552  3.84266  0.685552  3.84266  
1.42074  2.96278  1.42074  2.96278  
2.04783  0.048211  2.04783  0.048211  
1.87196  1.69981  1.87196  1.69981  
1.74524  2.17241  1.74524  2.17241  
1.21167  3.30064  1.21167  3.30064  
1.97424  1.14049  1.97424  1.14049  
1.98007  1.08018  
1.93322  1.38244  
1.8907  1.60265  
1.89925  1.56072  
2.04434  0.283966  
1.62588  2.50504  
1.87215  1.68713  
1.26694  3.21864  
0.974529  3.59239  
0.632005  3.87329  
1.57967  2.61935  
1.21167  3.30064  
1.42074  2.96278  
0.534174  3.92766  
1.64009  2.46807  
1.96552  1.183  
2.02523  0.647414  
1.76899  2.0848  
0.434312  3.97234  
1.43924  2.92095  
1.66847  2.39176  
1.18054  3.34432  
0.395085  3.98755  
1.92628  1.42099  
1.10027  3.44908  
2.03567  0.488236  
1.22709  3.27835  
0.207353  4.0376  
1.06711  3.48924  
1.86231  1.72993  
0.46414  3.96012  
2.01956  0.717888  
1.56369  2.65715  
0.720856  3.81476  
2.0141  0.779266  
1.90763  1.51906  
0.998872  3.56651  
0.593458  3.89599  
0.835715  3.72424  
0.65894  3.86009  
1.95788  1.23389  
1.29436  3.17569  
1.37893  3.03306  
0.922851  3.64455  
1.24996  3.24446  
2.04768  0.048065  
1.97326  1.13088  
1.99515  0.961052  
1.69469  2.31749  
1.78282  2.03731  
1.91737  1.46883  
1.14874  3.38713  
1.35839  3.06918  
1.59487  2.58267  
0.692173  3.83444  
1.68149  2.35509  
1.94157  1.33425  
1.33753  3.10488  
1.4762  2.84746  
1.61085  2.54316  
0.337557  4.00844  
1.81145  1.93394  
0.870787  3.69338  
0.747258  3.79514  
2.03045  0.573914  
1.54686  2.69557  
1.0505  3.50869  
0.809158  3.74656  
1.49479  2.80899  
1.19616  3.32263  
0.782404  3.76814  
0.279572  4.02356  
1.65511  2.42827  
1.16482  3.36571  
1.75821  2.12108  
1.40694  2.98852  
1.71025  2.27164  
2.03972  0.407472  
0.509107  3.94318  
1.45776  2.8846  
1.31603  3.14065  
1.83831  1.82982  
1.02582  3.53683  
1.74424  2.16621  
1.12462  3.41845  
2.00797  0.842413  
1.82399  1.88626  
1.95054  1.28016  
1.79674  1.98822  
1.51242  2.77158  
1.84936  1.7857  
1.52976  2.73378  
0.569256  3.90997  
1.7274  2.2195  
1.98738  1.02383  
1.0835  3.4696  
2.00196  0.899526  
1.8814  1.64499  
0.948804  3.61883  
0.896628  3.6696  
1.4586  2.88962  1.4586  2.88962  
0.687225  3.84154  0.687225  3.84154  
0.17025  4.04276  0.17025  4.04276  
1.6275  2.50885  1.6275  2.50885  
1.24913  3.25131  1.24913  3.25131  
2.04783  0.0480677  2.04783  0.0480677  
1.88451  1.64321  1.88451  1.64321  
1.76788  2.09831  1.76797  2.0984  
0.996019  3.56959  1.45636  2.88738  
1.97965  1.10161  1.97965  1.10161  
1.4586  2.88962  1.4586  2.88962  
0.687225  3.84154  0.687225  3.84154  
0.17025  4.04276  0.17025  4.04276  
1.6275  2.50885  1.6275  2.50885  
1.24913  3.25131  1.24913  3.25131  
2.04783  0.0480677  2.04783  0.0480677  
1.88451  1.64321  1.88451  1.64321  
1.76788  2.09831  1.76788  2.09831  
0.996019  3.56959  0.996019  3.56959  
1.97965  1.10161  1.97965  1.10161  
1.4586  2.88962  1.4586  2.88962  
0.687225  3.84154  0.687225  3.84154  
0.17025  4.04276  0.175324  4.04784  
1.6275  2.50885  1.6275  2.50885  
1.24913  3.25131  1.24913  3.25131  
2.04783  0.0480677  2.04783  0.0480677  
1.88451  1.64321  1.88451  1.64321  
1.76788  2.09831  1.76788  2.09831  
0.996019  3.56959  0.996019  3.56959  
1.97965  1.10161  1.97965  1.10161  
1.4586  2.88962  1.4586  2.88962  
0.687225  3.84154  0.687225  3.84154  
0.17025  4.04276  0.17025  4.04276  
1.6275  2.50885  1.6275  2.50885  
1.24913  3.25131  1.45317  2.90034  
2.04783  0.0480677  2.04783  0.0480677  
1.88451  1.64321  1.88451  1.64321  
1.76788  2.09831  1.76788  2.09831  
0.996019  3.56959  0.996019  3.56959  
1.97965  1.10161  1.97965  1.10161  
1.4586  2.88962  1.4586  2.88962  
0.687225  3.84154  0.687225  3.84154  
0.17025  4.04276  0.17025  4.04276  
1.6275  2.50885  1.6275  2.50885  
1.24913  3.25131  1.24913  3.25131  
2.04783  0.0480677  2.04783  0.0480677  
1.88451  1.64321  1.88451  1.64321  
1.76788  2.09831  1.76788  2.09831  
0.996019  3.56959  0.925813  3.6548  
1.97965  1.10161  1.97965  1.10161  
1.4586  2.88962  1.4586  2.88962  
0.687225  3.84154  0.687225  3.84154  
0.17025  4.04276  0.17025  4.04276  
1.6275  2.50885  1.6275  2.50885  
1.24913  3.25131  1.24913  3.25131  
2.04783  0.0480677  2.04783  0.0480677  
1.88451  1.64321  1.88451  1.64321  
1.76788  2.09831  1.76788  2.09831  
0.996019  3.56959  0.996019  3.56959  
1.97965  1.10161  1.97965  1.10161  
1.4586  2.88962  1.4586  2.88962  
0.687225  3.84154  0.687225  3.84154  
0.17025  4.04276  0.17025  4.04276  
1.6275  2.50885  1.6275  2.50885  
1.24913  3.25131  1.24913  3.25131  
2.04783  0.0480677  2.04783  0.0480677  
1.88451  1.64321  1.88451  1.64321  
1.76788  2.09831  1.76915  2.09958  
0.996019  3.56959  0.996019  3.56959  
1.97965  1.10161  1.97965  1.10161  
1.4586  2.88962  1.4586  2.88962  
0.687225  3.84154  0.687225  3.84154  
0.17025  4.04276  0.17025  4.04276  
1.6275  2.50885  1.6275  2.50885  
1.24913  3.25131  1.24913  3.25131  
2.04783  0.0480677  2.04783  0.0480677  
1.88451  1.64321  1.88451  1.64321  
1.76788  2.09831  1.76788  2.09831  
0.996019  3.56959  0.99825  3.57182  
1.97965  1.10161  1.4586  2.88962  
1.4586  2.88962  1.4586  2.88962  
0.687225  3.84154  0.687225  3.84154  
0.17025  4.04276  0.17025  4.04276  
1.6275  2.50885  1.4586  2.88962  
1.24913  3.25131  1.24913  3.25131  
2.04783  0.0480677  2.04783  0.0480677  
1.88451  1.64321  1.88451  1.64321  
1.76788  2.09831  1.76788  2.09831  
0.996019  3.56959  0.996019  3.56959  
1.97965  1.10161  1.97965  1.10161  
1.4586  2.88962  1.4586  2.88962  
0.687225  3.84154  0.687225  3.84154  
0.17025  4.04276  0.17025  4.04276  
1.6275  2.50885  1.6275  2.50885  
1.24913  3.25131  1.24913  3.25131  
2.04783  0.0480677  2.04783  0.0480677  
1.88451  1.64321  1.88451  1.64321  
1.76788  2.09831  1.76996  2.10039  
0.996019  3.56959  1.46047  2.89149  
1.97965  1.10161  1.97965  1.10161  
1.71823  2.2476  
1.35077  3.08235  
1.89261  1.59285  
0.996019  3.56959  
0.667332  3.85468  
1.84949  1.78451  
1.47627  2.85411  
1.91385  1.48721  
1.07246  3.48287  
1.9037  1.53877  
1.87056  1.6942  
1.60545  2.55685  
1.98433  1.04773  
0.534174  3.92766  
2.03067  0.570545  
1.20442  3.31098  
1.0553  3.50311  
1.10524  3.4429  
0.434312  3.97234  
1.18558  3.33808  
0.687225  3.84154  
1.87653  1.6675  
0.393604  3.99053  
0.357708  4.00237  
1.37787  3.03495  
1.99109  0.993839  
2.04754  0.0479244  
1.0384  3.52261  
1.95696  1.23982  
0.848044  3.71358  
0.46414  3.96012  
1.57322  2.63463  
0.739986  3.80442  
2.0442  0.288496  
0.714367  3.82286  
1.52293  2.74878  
2.02542  0.644904  
0.593458  3.89599  
2.01915  0.722746  
1.41161  2.97346  
1.43036  2.93804  
0.758811  3.79054  
0.561646  3.91689  
1.6339  2.48516  
1.5343  2.72393  
1.61548  2.53173  
0.249791  4.02999  
1.29256  3.17856  
2.04035  0.393292  
1.78282  2.03731  
2.01428  0.777313  
1.73174  2.20602  
1.55216  2.68388  
1.93452  1.37507  
1.45636  2.88738  
1.86034  1.73873  
1.48812  2.82292  
0.891798  3.67411  
1.08928  3.46258  
0.944205  3.62345  
1.76898  2.08483  
1.81145  1.93394  
1.6914  2.327  
1.27058  3.21303  
1.80015  1.97633  
1.16413  3.36663  
0.970159  3.59695  
0.809158  3.74656  
1.92345  1.43641  
2.03358  0.524426  
0.782404  3.76814  
0.873793  3.69066  
0.170253  4.04276  
1.1456  3.39127  
1.75535  2.13022  
1.97649  1.10662  
1.65534  2.42765  
1.25356  3.23903  
1.43934  2.92076  
0.918403  3.64886  
1.67262  2.38024  
1.83831  1.82982  
1.58958  2.59577  
0.501805  3.9466  
1.32829  3.12038  
2.00797  0.842413  
1.82399  1.88626  
1.94523  1.31248  
1.70682  2.28247  
0.633418  3.87604  
1.01318  3.55088  
1.9658  1.18164  
1.30873  3.15848  
0.309246  4.01658  
1.50593  2.78546  
1.13033  3.41112  
2.00079  0.910201  
1.74693  2.15785  
1.393  3.00771  
1.22515  3.28118  
1.4515  2.90362  1.4515  2.90362  
0.685925  3.84241  0.686551  3.84304  
0.168863  4.04293  1.45187  2.90398  
1.62206  2.52275  1.62206  2.52275  
1.24057  3.26407  1.24057  3.26407  
2.04767  0.0480164  2.04767  0.0480164  
1.88427  1.64433  1.88427  1.64433  
1.76749  2.09961  1.76749  2.09961  
0.994857  3.57083  0.994857  3.57083  
1.97838  1.11081  1.97838  1.11081  
1.4515  2.90362  1.4515  2.90362  
0.685925  3.84241  0.685925  3.84241  
0.168863  4.04293  0.168863  4.04293  
1.62206  2.52275  1.62206  2.52275  
1.24057  3.26407  1.24057  3.26407  
2.04767  0.0480164  2.04767  0.0480164  
1.88427  1.64433  1.88427  1.64433  
1.76749  2.09961  1.76749  2.09961  
0.994857  3.57083  0.994857  3.57083  
1.97838  1.11081  1.97838  1.11081  
1.4515  2.90362  1.4515  2.90362  
0.685925  3.84241  0.685925  3.84241  
0.168863  4.04293  0.168863  4.04293  
1.62206  2.52275  1.6238  2.52448  
1.24057  3.26407  1.4515  2.90362  
2.04767  0.0480164  2.04767  0.0480164  
1.88427  1.64433  1.88427  1.64433  
1.76749  2.09961  1.76749  2.09961  
0.994857  3.57083  0.994857  3.57083  
1.97838  1.11081  1.97838  1.11081  
1.4515  2.90362  1.4515  2.90362  
0.685925  3.84241  0.685925  3.84241  
0.168863  4.04293  0.168863  4.04293  
1.62206  2.52275  1.62206  2.52275  
1.24057  3.26407  1.24057  3.26407  
2.04767  0.0480164  2.04767  0.0480164  
1.88427  1.64433  1.88427  1.64433  
1.76749  2.09961  1.76772  2.09984  
0.994857  3.57083  0.994857  3.57083  
1.97838  1.11081  1.97838  1.11081  
1.4515  2.90362  1.4515  2.90362  
0.685925  3.84241  0.685925  3.84241  
0.168863  4.04293  0.168863  4.04293  
1.62206  2.52275  1.62206  2.52275  
1.24057  3.26407  1.4515  2.90362  
2.04767  0.0480164  2.04767  0.0480164  
1.88427  1.64433  1.88427  1.64433  
1.76749  2.09961  1.76749  2.09961  
0.994857  3.57083  0.994857  3.57083  
1.97838  1.11081  1.97838  1.11081  
1.4515  2.90362  1.4515  2.90362  
0.685925  3.84241  0.685925  3.84241  
0.168863  4.04293  0.168863  4.04293  
1.62206  2.52275  1.62206  2.52275  
1.24057  3.26407  1.24057  3.26407  
2.04767  0.0480164  2.04767  0.0480164  
1.88427  1.64433  1.88427  1.64433  
1.76749  2.09961  1.76749  2.09961  
0.994857  3.57083  0.994857  3.57083  
1.97838  1.11081  1.97838  1.11081  
1.4515  2.90362  1.4515  2.90362  
0.685925  3.84241  0.685925  3.84241  
0.168863  4.04293  0.168863  4.04293  
1.62206  2.52275  1.62373  2.52442  
1.24057  3.26407  1.4515  2.90362  
2.04767  0.0480164  2.04767  0.0480164  
1.88427  1.64433  1.88427  1.64433  
1.76749  2.09961  1.76749  2.09961  
0.994857  3.57083  0.994857  3.57083  
1.97838  1.11081  1.97838  1.11081  
1.4515  2.90362  1.4515  2.90362  
0.685925  3.84241  0.685925  3.84241  
0.168863  4.04293  0.168863  4.04293  
1.62206  2.52275  1.62206  2.52275  
1.24057  3.26407  1.24186  3.26536  
2.04767  0.0480164  2.04767  0.0480164  
1.88427  1.64433  1.88427  1.64433  
1.76749  2.09961  1.76749  2.09961  
0.994857  3.57083  0.994857  3.57083  
1.97838  1.11081  1.97838  1.11081  
1.4515  2.90362  1.4515  2.90362  
0.685925  3.84241  0.685925  3.84241  
0.168863  4.04293  0.168863  4.04293  
1.62206  2.52275  1.62206  2.52275  
1.24057  3.26407  1.41228  2.97861  
2.04767  0.0480164  1.45259  2.9047  
1.88427  1.64433  1.88427  1.64433  
1.76749  2.09961  1.76749  2.09961  
0.994857  3.57083  0.994857  3.57083  
1.97838  1.11081  1.97838  1.11081  
1.4515  2.90362  1.43494  2.93579  
0.685925  3.84241  0.685925  3.84241  
0.168863  4.04293  0.168863  4.04293  
1.62206  2.52275  1.62206  2.52275  
1.24057  3.26407  1.24057  3.26407  
2.04767  0.0480164  2.04767  0.0480164  
1.88427  1.64433  1.88427  1.64433  
1.76749  2.09961  1.76749  2.09961  
0.994857  3.57083  0.994857  3.57083  
1.97838  1.11081  1.97838  1.11081  
1.96635  1.17667  
1.97576  1.1106  
1.03671  3.52454  
1.67669  2.36826  
0.855  3.71168  
0.994857  3.57083  
0.951795  3.6158  
1.07906  3.47496  
1.78363  2.03406  
0.925552  3.64192  
1.71734  2.24965  
1.86003  1.73923  
1.30753  3.15452  
0.534174  3.92766  
0.168863  4.04293  
1.92305  1.43755  
1.36915  3.05038  
1.94503  1.31259  
0.434312  3.97234  
1.18558  3.33808  
1.84664  1.79548  
0.507105  3.94413  
1.99809  0.93277  
1.9036  1.53833  
1.12868  3.41325  
1.48792  2.82333  
2.04754  0.0479244  
0.241369  4.03165  
1.93356  1.37966  
1.83517  1.8419  
0.46414  3.96012  
2.02873  0.596823  
0.299754  4.01869  
1.05492  3.50356  
0.659014  3.86004  
0.774448  3.77553  
2.03849  0.430376  
0.593458  3.89599  
0.811063  3.74499  
1.09602  3.45432  
1.63866  2.47151  
1.56764  2.64742  
1.3279  3.12103  
2.01705  0.744859  
1.34956  3.08443  
1.99194  0.985353  
1.28961  3.18325  
1.66352  2.4048  
1.62504  2.50684  
1.81202  1.93133  
0.872884  3.69148  
1.73174  2.20602  
1.50681  2.78328  
1.98373  1.05102  
1.15405  3.38531  
2.03409  0.512983  
1.02068  3.54258  
0.828734  3.7302  
0.393701  3.99049  
1.65148  2.43746  
1.76898  2.08483  
0.89912  3.66726  
1.69086  2.32795  
1.27058  3.21303  
1.80015  1.97633  
1.43083  2.93714  
1.55298  2.68131  
1.52164  2.7513  
1.16832  3.36098  
1.91512  1.47964  
0.977539  3.58924  
2.04222  0.34283  
2.01193  0.800509  
2.04495  0.256078  
1.75535  2.13022  
0.721759  3.81762  
1.46758  2.86493  
1.25548  3.23589  
0.694672  3.8365  
1.20958  3.30906  
0.349412  4.00492  
1.11272  3.43354  
1.60905  2.54734  
0.748441  3.79425  
1.87238  1.68524  
2.00544  0.8653  
1.82399  1.88626  
1.58234  2.61265  
2.02262  0.678782  
1.40799  2.98018  
1.95506  1.25076  
1.89307  1.58971  
0.632036  3.87687  
1.53494  2.72201  
1.44917  2.90129  
1.39065  3.01172  
1.88189  1.64217  
1.74693  2.15785  
1.70673  2.2815  
1.22515  3.28118  
1.45151  2.90361  1.45151  2.90361  
0.685925  3.84241  0.685925  3.84241  
0.168864  4.04293  0.168864  4.04293  
1.62204  2.52281  1.62204  2.52281  
1.24056  3.26407  1.24056  3.26407  
2.04767  0.0480164  1.45232  2.90443  
1.88426  1.64436  1.88426  1.64436  
1.76751  2.09955  1.76751  2.09955  
0.994831  3.5706  0.994831  3.5706  
1.97839  1.11079  1.97839  1.11079  
1.45151  2.90361  1.45151  2.90361  
0.685925  3.84241  0.685925  3.84241  
0.168864  4.04293  0.170828  4.04489  
1.62204  2.52281  1.62204  2.52281  
1.24056  3.26407  1.24056  3.26407  
2.04767  0.0480164  2.04767  0.0480164  
1.88426  1.64436  1.88426  1.64436  
1.76751  2.09955  1.76751  2.09955  
0.994831  3.5706  0.994831  3.5706  
1.97839  1.11079  1.97839  1.11079  
1.45151  2.90361  1.45151  2.90361  
0.685925  3.84241  0.685925  3.84241  
0.168864  4.04293  0.168864  4.04293  
1.62204  2.52281  1.62204  2.52281  
1.24056  3.26407  1.24056  3.26407  
2.04767  0.0480164  2.04767  0.0480164  
1.88426  1.64436  1.88426  1.64436  
1.76751  2.09955  1.76751  2.09955  
0.994831  3.5706  0.997197  3.57296  
1.97839  1.11079  1.45506  2.90717  
1.45151  2.90361  1.45151  2.90361  
0.685925  3.84241  0.685925  3.84241  
0.168864  4.04293  0.168864  4.04293  
1.62204  2.52281  1.62204  2.52281  
1.24056  3.26407  1.24056  3.26407  
2.04767  0.0480164  2.04767  0.0480164  
1.88426  1.64436  1.88426  1.64436  
1.76751  2.09955  1.76751  2.09955  
0.994831  3.5706  1.01232  3.55156  
1.97839  1.11079  1.97839  1.11079  
1.45151  2.90361  1.45151  2.90361  
0.685925  3.84241  0.685925  3.84241  
0.168864  4.04293  0.168864  4.04293  
1.62204  2.52281  1.62256  2.52333  
1.24056  3.26407  1.24239  3.26595  
2.04767  0.0480164  2.04767  0.0480164  
1.88426  1.64436  1.88426  1.64436  
1.76751  2.09955  1.76751  2.09955  
0.994831  3.5706  0.994831  3.5706  
1.97839  1.11079  1.97839  1.11079  
1.45151  2.90361  1.45151  2.90361  
0.685925  3.84241  0.685925  3.84241  
0.168864  4.04293  0.168864  4.04293  
1.62204  2.52281  1.62528  2.52605  
1.24056  3.26407  1.46789  2.87106  
2.04767  0.0480164  2.04767  0.0480164  
1.88426  1.64436  1.88426  1.64436  
1.76751  2.09955  1.76751  2.09955  
0.994831  3.5706  0.994831  3.5706  
1.97839  1.11079  1.97839  1.11079  
1.45151  2.90361  1.45151  2.90361  
0.685925  3.84241  0.671935  3.85999  
0.168864  4.04293  0.168864  4.04293  
1.62204  2.52281  1.62204  2.52281  
1.24056  3.26407  1.24056  3.26407  
2.04767  0.0480164  2.04767  0.0480164  
1.88426  1.64436  1.88426  1.64436  
1.76751  2.09955  1.76751  2.09955  
0.994831  3.5706  0.994831  3.5706  
1.97839  1.11079  1.97839  1.11079  
1.45151  2.90361  1.45151  2.90361  
0.685925  3.84241  0.685925  3.84241  
0.168864  4.04293  0.168864  4.04293  
1.62204  2.52281  1.62204  2.52281  
1.24056  3.26407  1.24056  3.26407  
2.04767  0.0480164  2.04767  0.0480164  
1.88426  1.64436  1.88426  1.64436  
1.76751  2.09955  1.64172  2.47193  
0.994831  3.5706  0.994831  3.5706  
1.97839  1.11079  1.97839  1.11079  
1.45151  2.90361  1.45151  2.90361  
0.685925  3.84241  0.685925  3.84241  
0.168864  4.04293  0.168864  4.04293  
1.62204  2.52281  1.62204  2.52281  
1.24056  3.26407  1.24056  3.26407  
2.04767  0.0480164  2.04767  0.0480164  
1.88426  1.64436  1.88426  1.64436  
1.76751  2.09955  1.76751  2.09955  
0.994831  3.5706  0.994831  3.5706  
1.97839  1.11079  1.97839  1.11079  
1.45151  2.90361  1.45151  2.90361  
0.685925  3.84241  0.685925  3.84241  
0.168864  4.04293  0.168864  4.04293  
1.62204  2.52281  1.62204  2.52281  
1.24056  3.26407  1.24056  3.26407  
2.04767  0.0480164  2.03185  0.66958  
1.88426  1.64436  1.88426  1.64436  
1.76751  2.09955  1.76751  2.09955  
0.994831  3.5706  0.994831  3.5706  
1.97839  1.11079  1.97839  1.11079  
0.711936  3.82076  
0.393477  3.99057  
1.62144  2.51607  
1.29175  3.17985  
1.06278  3.49435  
0.951734  3.61561  
1.46869  2.86231  
1.67684  2.36783  
1.78334  2.03506  
1.90382  1.53721  
0.86397  3.6995  
1.52805  2.73726  
1.01197  3.55195  
0.534174  3.92766  
1.80014  1.9752  
2.04472  0.26465  
0.658786  3.86019  
1.35577  3.07347  
0.434312  3.97234  
0.908006  3.65885  
2.02308  0.672903  
0.507105  3.94413  
1.99809  0.93277  
1.16921  3.35978  
1.12868  3.41325  
2.03768  0.446837  
2.04754  0.0479244  
0.994831  3.5706  
1.93522  1.37003  
1.83517  1.8419  
0.46414  3.96012  
2.02873  0.596823  
0.299754  4.01869  
1.31363  3.14434  
1.18532  3.33773  
0.774448  3.77553  
1.96485  1.18682  
0.593458  3.89599  
0.631951  3.87692  
1.09602  3.45432  
0.685925  3.84241  
1.56764  2.64742  
1.60452  2.55862  
2.01763  0.738314  
1.6398  2.4685  
1.89308  1.58968  
1.20444  3.31072  
1.94648  1.30387  
0.977571  3.58894  
1.81202  1.93133  
1.26966  3.21444  
1.7288  2.21449  
1.92299  1.43787  
1.11241  3.43393  
1.04584  3.51381  
1.97235  1.13505  
1.82378  1.88661  
1.58367  2.60946  
0.837304  3.72288  
0.890441  3.67537  
1.76898  2.08483  
2.03335  0.525453  
1.69079  2.32814  
1.74307  2.16956  
0.168871  4.04293  
1.25472  3.23728  
1.39975  2.99504  
1.43242  2.93371  
1.02867  3.53336  
1.65148  2.43746  
1.91361  1.48748  
1.87233  1.68547  
2.01193  0.800509  
1.37282  3.04356  
1.75535  2.13022  
1.0794  3.47455  
1.54597  2.69758  
1.50554  2.7863  
2.04165  0.357719  
1.95684  1.23944  
0.350343  4.00464  
0.569168  3.91288  
0.934333  3.63328  
0.748441  3.79425  
1.98972  1.00353  
2.00544  0.8653  
1.84682  1.79474  
1.48661  2.82565  
1.14504  3.392  
1.98016  1.07816  
1.44914  2.90125  
0.24132  4.03166  
1.33412  3.11063  
1.66342  2.40509  
1.85856  1.74549  
0.810819  3.74519  
1.88189  1.64217  
1.41743  2.96229  
1.70673  2.2815  
1.22515  3.28118  
1.45151  2.90361  1.45151  2.90361  
0.685925  3.84241  0.687301  3.84379  
0.168878  4.04293  0.168878  4.04293  
1.62204  2.52281  1.62204  2.52281  
1.24056  3.26407  1.24056  3.26407  
2.04767  0.0480164  2.04767  0.0480164  
1.88426  1.64436  1.88426  1.64436  
1.76751  2.09955  1.76751  2.09955  
0.994814  3.57062  0.994814  3.57062  
1.97839  1.11079  1.97839  1.11079  
1.45151  2.90361  1.45151  2.90361  
0.685925  3.84241  0.685925  3.84241  
0.168878  4.04293  0.168878  4.04293  
1.62204  2.52281  1.62204  2.52281  
1.24056  3.26407  1.24056  3.26407  
2.04767  0.0480164  2.04767  0.0480164  
1.88426  1.64436  1.88426  1.64436  
1.76751  2.09955  1.76751  2.09955  
0.994814  3.57062  0.994814  3.57062  
1.97839  1.11079  1.97839  1.11079  
1.45151  2.90361  1.45151  2.90361  
0.685925  3.84241  0.685925  3.84241  
0.168878  4.04293  0.168878  4.04293  
1.62204  2.52281  1.62204  2.52281  
1.24056  3.26407  1.24056  3.26407  
2.04767  0.0480164  2.0505  0.0508462  
1.88426  1.64436  1.88426  1.64436  
1.76751  2.09955  1.76751  2.09955  
0.994814  3.57062  0.994814  3.57062  
1.97839  1.11079  1.97839  1.11079  
1.45151  2.90361  1.45151  2.90361  
0.685925  3.84241  0.685925  3.84241  
0.168878  4.04293  0.168878  4.04293  
1.62204  2.52281  1.62204  2.52281  
1.24056  3.26407  1.24056  3.26407  
2.04767  0.0480164  2.04767  0.0480164  
1.88426  1.64436  1.88426  1.64436  
1.76751  2.09955  1.76751  2.09955  
0.994814  3.57062  0.994814  3.57062  
1.97839  1.11079  1.97839  1.11079  
1.45151  2.90361  1.45151  2.90361  
0.685925  3.84241  0.685925  3.84241  
0.168878  4.04293  1.45088  2.90484  
1.62204  2.52281  1.62204  2.52281  
1.24056  3.26407  1.24056  3.26407  
2.04767  0.0480164  2.04767  0.0480164  
1.88426  1.64436  1.88426  1.64436  
1.76751  2.09955  1.76751  2.09955  
0.994814  3.57062  0.994814  3.57062  
1.97839  1.11079  1.97839  1.11079  
1.45151  2.90361  1.45151  2.90361  
0.685925  3.84241  0.685925  3.84241  
0.168878  4.04293  0.168878  4.04293  
1.62204  2.52281  1.62204  2.52281  
1.24056  3.26407  1.24056  3.26407  
2.04767  0.0480164  2.04767  0.0480164  
1.88426  1.64436  1.88426  1.64436  
1.76751  2.09955  1.76751  2.09955  
0.994814  3.57062  0.996024  3.57183  
1.97839  1.11079  1.97839  1.11079  
1.45151  2.90361  1.45151  2.90361  
0.685925  3.84241  0.685925  3.84241  
0.168878  4.04293  0.168878  4.04293  
1.62204  2.52281  1.62204  2.52281  
1.24056  3.26407  1.24056  3.26407  
2.04767  0.0480164  2.04767  0.0480164  
1.88426  1.64436  1.88426  1.64436  
1.76751  2.09955  1.60433  2.56718  
0.994814  3.57062  0.994814  3.57062  
1.97839  1.11079  1.97839  1.11079  
1.45151  2.90361  1.45151  2.90361  
0.685925  3.84241  0.685925  3.84241  
0.168878  4.04293  0.168878  4.04293  
1.62204  2.52281  1.62204  2.52281  
1.24056  3.26407  1.24056  3.26407  
2.04767  0.0480164  2.04767  0.0480164  
1.88426  1.64436  1.88426  1.64436  
1.76751  2.09955  1.76751  2.09955  
0.994814  3.57062  0.994814  3.57062  
1.97839  1.11079  1.98173  1.11413  
1.45151  2.90361  1.45151  2.90361  
0.685925  3.84241  0.672167  3.85881  
0.168878  4.04293  0.168878  4.04293  
1.62204  2.52281  1.62204  2.52281  
1.24056  3.26407  1.24056  3.26407  
2.04767  0.0480164  2.04767  0.0480164  
1.88426  1.64436  1.88426  1.64436  
1.76751  2.09955  1.76751  2.09955  
0.994814  3.57062  0.994814  3.57062  
1.97839  1.11079  1.97839  1.11079  
1.45151  2.90361  1.45151  2.90361  
0.685925  3.84241  0.685925  3.84241  
0.168878  4.04293  0.168878  4.04293  
1.62204  2.52281  1.62204  2.52281  
1.24056  3.26407  1.46275  2.88134  
2.04767  0.0480164  2.04767  0.0480164  
1.88426  1.64436  1.88426  1.64436  
1.76751  2.09955  1.76751  2.09955  
0.994814  3.57062  0.994814  3.57062  
1.97839  1.11079  1.97839  1.11079  
0.711936  3.82076  
1.5287  2.73583  
1.02893  3.53307  
1.92418  1.43142  
0.942988  3.62442  
0.658516  3.86036  
1.09587  3.45422  
0.685925  3.84241  
1.78334  2.03506  
1.90138  1.54932  
0.872888  3.69123  
1.47716  2.85229  
1.51118  2.77384  
0.534174  3.92766  
1.54584  2.69746  
1.69078  2.32817  
1.93536  1.36919  
1.18508  3.33776  
1.60905  2.54734  
1.83523  1.84166  
0.899391  3.66676  
0.507105  3.94413  
2.03334  0.525534  
1.70704  2.28059  
0.782692  3.76768  
2.03768  0.446837  
2.04754  0.0479244  
1.96603  1.17882  
1.11249  3.43354  
0.925333  3.64188  
0.46414  3.96012  
1.64427  2.45669  
1.39752  2.99921  
1.41777  2.96155  
1.21007  3.30837  
0.349699  4.00484  
0.168881  4.04293  
0.593458  3.89599  
1.67694  2.36756  
0.969025  3.59787  
2.02839  0.601737  
1.659  2.41715  
1.14483  3.39198  
2.01763  0.738314  
1.99263  0.979605  
1.99974  0.918135  
2.04164  0.35788  
2.02362  0.666113  
1.33408  3.11045  
1.81202  1.93133  
1.26966  3.21444  
1.72445  2.22794  
2.00619  0.858081  
1.89081  1.60052  
1.04584  3.51381  
1.49341  2.81151  
1.82378  1.88661  
1.46337  2.87301  
1.59461  2.583  
1.98473  1.04327  
1.85942  1.74186  
1.43488  2.92899  
1.44914  2.90125  
1.74307  2.16956  
1.06266  3.49421  
0.631782  3.87703  
1.12872  3.4129  
0.392979  3.99074  
1.01193  3.55199  
1.95684  1.23944  
0.845951  3.71516  
1.25472  3.23696  
2.01193  0.800509  
1.37711  3.03604  
1.75594  2.12788  
1.07926  3.47444  
1.91045  1.50374  
1.63074  2.49216  
2.04478  0.262661  
1.31414  3.14403  
0.428125  3.97786  
0.569168  3.91288  
0.241451  4.03163  
0.748441  3.79425  
1.94637  1.30456  
0.994814  3.57062  
1.84682  1.79474  
1.16092  3.37065  
0.29973  4.01869  
1.56247  2.65947  
1.97637  1.1062  
1.77092  2.07785  
1.79893  1.97961  
1.35624  3.07256  
1.29025  3.18199  
0.810819  3.74519  
1.88189  1.64217  
1.57873  2.62126  
1.87233  1.68547  
1.22515  3.28118  
1.45122  2.90418  1.45122  2.90418  
0.685434  3.84274  0.685434  3.84274  
0.168315  4.04299  0.168315  4.04299  
1.62183  2.52335  1.62183  2.52335  
1.2402  3.2646  1.2402  3.2646  
2.04767  0.0480171  2.04767  0.0480171  
1.88416  1.6448  1.88416  1.6448  
1.76735  2.10008  1.76735  2.10008  
0.994353  3.57093  0.994353  3.57093  
1.97835  1.11105  1.97835  1.11105  
1.45122  2.90418  1.45122  2.90418  
0.685434  3.84274  0.685434  3.84274  
0.168315  4.04299  0.168315  4.04299  
1.62183  2.52335  1.62183  2.52335  
1.2402  3.2646  1.2402  3.2646  
2.04767  0.0480171  2.04767  0.0480171  
1.88416  1.6448  1.88416  1.6448  
1.76735  2.10008  1.45122  2.90418  
0.994353  3.57093  0.994353  3.57093  
1.97835  1.11105  1.97835  1.11105  
1.45122  2.90418  1.45122  2.90418  
0.685434  3.84274  0.685434  3.84274  
0.168315  4.04299  0.168315  4.04299  
1.62183  2.52335  1.62183  2.52335  
1.2402  3.2646  1.2402  3.2646  
2.04767  0.0480171  2.04767  0.0480171  
1.88416  1.6448  1.88416  1.6448  
1.76735  2.10008  1.76735  2.10008  
0.994353  3.57093  0.994353  3.57093  
1.97835  1.11105  1.97835  1.11105  
1.45122  2.90418  1.45122  2.90418  
0.685434  3.84274  0.685434  3.84274  
0.168315  4.04299  0.168315  4.04299  
1.62183  2.52335  1.62183  2.52335  
1.2402  3.2646  1.2402  3.2646  
2.04767  0.0480171  2.04767  0.0480171  
1.88416  1.6448  1.45122  2.90418  
1.76735  2.10008  1.76735  2.10008  
0.994353  3.57093  0.994353  3.57093  
1.97835  1.11105  1.97835  1.11105  
1.45122  2.90418  1.45122  2.90418  
0.685434  3.84274  1.45122  2.90418  
0.168315  4.04299  0.168315  4.04299  
1.62183  2.52335  1.62183  2.52335  
1.2402  3.2646  1.2402  3.2646  
2.04767  0.0480171  2.04767  0.0480171  
1.88416  1.6448  1.88416  1.6448  
1.76735  2.10008  1.76735  2.10008  
0.994353  3.57093  0.994353  3.57093  
1.97835  1.11105  1.97835  1.11105  
1.45122  2.90418  1.45122  2.90418  
0.685434  3.84274  0.685434  3.84274  
0.168315  4.04299  0.168315  4.04299  
1.62183  2.52335  1.62183  2.52335  
1.2402  3.2646  1.2402  3.2646  
2.04767  0.0480171  2.05  0.0503494  
1.88416  1.6448  1.45098  2.90465  
1.76735  2.10008  1.76735  2.10008  
0.994353  3.57093  0.994353  3.57093  
1.97835  1.11105  1.97835  1.11105  
1.45122  2.90418  1.45237  2.90533  
0.685434  3.84274  1.45588  2.8977  
0.168315  4.04299  0.168315  4.04299  
1.62183  2.52335  1.62183  2.52335  
1.2402  3.2646  1.2402  3.2646  
2.04767  0.0480171  2.04767  0.0480171  
1.88416  1.6448  1.88416  1.6448  
1.76735  2.10008  1.76735  2.10008  
0.994353  3.57093  0.994353  3.57093  
1.97835  1.11105  1.97835  1.11105  
1.45122  2.90418  1.45122  2.90418  
0.685434  3.84274  0.685434  3.84274  
0.168315  4.04299  0.168315  4.04299  
1.62183  2.52335  1.62183  2.52335  
1.2402  3.2646  1.2402  3.2646  
2.04767  0.0480171  2.04767  0.0480171  
1.88416  1.6448  1.88416  1.6448  
1.76735  2.10008  1.76735  2.10008  
0.994353  3.57093  0.994353  3.57093  
1.97835  1.11105  1.97835  1.11105  
1.45122  2.90418  1.45122  2.90418  
0.685434  3.84274  0.685434  3.84274  
0.168315  4.04299  0.168315  4.04299  
1.62183  2.52335  1.62183  2.52335  
1.2402  3.2646  1.2402  3.2646  
2.04767  0.0480171  2.04767  0.0480171  
1.88416  1.6448  1.88416  1.6448  
1.76735  2.10008  1.76735  2.10008  
0.994353  3.57093  0.994353  3.57093  
1.97835  1.11105  1.98677  1.11947  
1.45122  2.90418  1.45122  2.90418  
0.685434  3.84274  0.685434  3.84274  
0.168315  4.04299  0.168315  4.04299  
1.62183  2.52335  1.62183  2.52335  
1.2402  3.2646  1.2402  3.2646  
2.04767  0.0480171  2.04767  0.0480171  
1.88416  1.6448  1.88416  1.6448  
1.76735  2.10008  1.76735  2.10008  
0.994353  3.57093  0.994353  3.57093  
1.97835  1.11105  1.97835  1.11105  
1.57858  2.62163  
1.8817  1.64305  
0.383254  3.99408  
1.94642  1.30426  
1.62988  2.49437  
0.756906  3.79181  
1.04534  3.51419  
1.50482  2.78714  
1.78334  2.03506  
0.168342  4.04299  
1.2248  3.28718  
1.20047  3.31604  
1.9134  1.48855  
0.534174  3.92766  
1.02855  3.53331  
0.569139  3.9129  
1.42686  2.94409  
1.90177  1.54739  
1.29818  3.16907  
0.925075  3.64196  
0.34062  4.00754  
0.507105  3.94413  
0.810561  3.74501  
1.70709  2.28044  
0.782692  3.76768  
1.53951  2.71141  
2.04754  0.0479244  
1.96603  1.17882  
1.11223  3.43366  
1.44876  2.90173  
0.46414  3.96012  
1.74293  2.17  
1.59425  2.58388  
0.281338  4.02315  
1.92338  1.43576  
1.86991  1.6962  
1.37006  3.04819  
0.593458  3.89599  
1.67694  2.36756  
1.15274  3.38134  
1.85891  1.74401  
0.631449  3.87723  
1.3846  3.0223  
2.0182  0.731756  
1.99263  0.979605  
1.99974  0.918135  
1.89084  1.60036  
2.02362  0.666113  
1.69076  2.32825  
1.81202  1.93133  
0.658315  3.86049  
1.33361  3.1109  
2.00619  0.858081  
1.31376  3.1438  
0.693025  3.83768  
1.65846  2.41861  
1.82378  1.88661  
1.01149  3.5523  
1.18463  3.33817  
1.98473  1.04327  
1.12843  3.41308  
1.46857  2.86229  
1.48739  2.82377  
0.994353  3.57093  
2.02871  0.597063  
1.55641  2.67306  
2.03716  0.457124  
1.41052  2.97487  
0.898715  3.66722  
0.730112  3.81162  
0.845951  3.71516  
1.25472  3.23696  
1.93521  1.37008  
1.60966  2.5454  
1.2402  3.2646  
1.72386  2.22975  
1.64484  2.4552  
0.872199  3.69169  
2.04417  0.284237  
1.34914  3.08455  
0.428125  3.97786  
0.951251  3.61592  
1.07878  3.47482  
1.27842  3.20657  
1.83539  1.84104  
1.1689  3.35968  
1.84682  1.79474  
1.97485  1.1172  
2.03334  0.525658  
0.977143  3.58921  
2.01255  0.793912  
1.77092  2.07785  
1.79893  1.97961  
1.75479  2.14159  
1.95672  1.24019  
1.0954  3.45459  
0.232699  4.03328  
1.52233  2.7494  
1.06211  3.49467  
2.04039  0.388549  
1.45121  2.9042  1.45121  2.9042  
0.685419  3.84275  0.685419  3.84275  
0.168232  4.043  0.168232  4.043  
1.62182  2.52337  1.62182  2.52337  
1.24019  3.26462  1.24019  3.26462  
2.04767  0.0480171  2.04767  0.0480171  
1.88416  1.6448  1.88416  1.6448  
1.76734  2.1001  1.76734  2.1001  
0.994328  3.57096  0.995323  3.57195  
1.97835  1.1111  1.97835  1.1111  
1.45121  2.9042  1.45121  2.9042  
0.685419  3.84275  0.685419  3.84275  
0.168232  4.043  0.168232  4.043  
1.62182  2.52337  1.62182  2.52337  
1.24019  3.26462  1.24019  3.26462  
2.04767  0.0480171  2.04767  0.0480171  
1.88416  1.6448  1.88416  1.6448  
1.76734  2.1001  1.45121  2.9042  
0.994328  3.57096  0.994328  3.57096  
1.97835  1.1111  1.97835  1.1111  
1.45121  2.9042  1.45121  2.9042  
0.685419  3.84275  0.685419  3.84275  
0.168232  4.043  0.168232  4.043  
1.62182  2.52337  1.62182  2.52337  
1.24019  3.26462  1.24019  3.26462  
2.04767  0.0480171  2.04767  0.0480171  
1.88416  1.6448  1.88416  1.6448  
1.76734  2.1001  1.76734  2.1001  
0.994328  3.57096  0.994328  3.57096  
1.97835  1.1111  1.97835  1.1111  
1.45121  2.9042  1.45121  2.9042  
0.685419  3.84275  0.685419  3.84275  
0.168232  4.043  0.168232  4.043  
1.62182  2.52337  1.62182  2.52337  
1.24019  3.26462  1.24019  3.26462  
2.04767  0.0480171  2.04767  0.0480171  
1.88416  1.6448  1.88416  1.6448  
1.76734  2.1001  1.74736  2.17219  
0.994328  3.57096  0.994328  3.57096  
1.97835  1.1111  1.97835  1.1111  
1.45121  2.9042  1.45121  2.9042  
0.685419  3.84275  1.45262  2.90561  
0.168232  4.043  0.168232  4.043  
1.62182  2.52337  1.62182  2.52337  
1.24019  3.26462  1.24019  3.26462  
2.04767  0.0480171  2.04767  0.0480171  
1.88416  1.6448  1.88416  1.6448  
1.76734  2.1001  1.76734  2.1001  
0.994328  3.57096  0.994328  3.57096  
1.97835  1.1111  1.97835  1.1111  
1.45121  2.9042  1.45121  2.9042  
0.685419  3.84275  0.685419  3.84275  
0.168232  4.043  0.168232  4.043  
1.62182  2.52337  1.62182  2.52337  
1.24019  3.26462  1.24019  3.26462  
2.04767  0.0480171  2.04767  0.0480171  
1.88416  1.6448  1.88416  1.6448  
1.76734  2.1001  1.45121  2.9042  
0.994328  3.57096  0.994328  3.57096  
1.97835  1.1111  1.97835  1.1111  
1.45121  2.9042  1.45121  2.9042  
0.685419  3.84275  0.685419  3.84275  
0.168232  4.043  0.168232  4.043  
1.62182  2.52337  1.62182  2.52337  
1.24019  3.26462  1.24019  3.26462  
2.04767  0.0480171  1.45143  2.90441  
1.88416  1.6448  1.88416  1.6448  
1.76734  2.1001  1.76734  2.1001  
0.994328  3.57096  0.994328  3.57096  
1.97835  1.1111  1.97835  1.1111  
1.45121  2.9042  1.45121  2.9042  
0.685419  3.84275  0.685419  3.84275  
0.168232  4.043  0.168232  4.043  
1.62182  2.52337  1.62182  2.52337  
1.24019  3.26462  1.24019  3.26462  
2.04767  0.0480171  2.04767  0.0480171  
1.88416  1.6448  1.88416  1.6448  
1.76734  2.1001  1.76734  2.1001  
0.994328  3.57096  0.994328  3.57096  
1.97835  1.1111  1.97835  1.1111  
1.45121  2.9042  1.45121  2.9042  
0.685419  3.84275  0.685419  3.84275  
0.168232  4.043  0.168232  4.043  
1.62182  2.52337  1.62182  2.52337  
1.24019  3.26462  1.24019  3.26462  
2.04767  0.0480171  2.04767  0.0480171  
1.88416  1.6448  1.88416  1.6448  
1.76734  2.1001  1.76734  2.1001  
0.994328  3.57096  0.994328  3.57096  
1.97835  1.1111  1.97835  1.1111  
1.45121  2.9042  1.45121  2.9042  
0.685419  3.84275  0.685419  3.84275  
0.168232  4.043  0.168232  4.043  
1.62182  2.52337  1.62182  2.52337  
1.24019  3.26462  1.24019  3.26462  
2.04767  0.0480171  2.04767  0.0480171  
1.88416  1.6448  1.73747  2.20166  
1.76734  2.1001  1.76734  2.1001  
0.994328  3.57096  0.994328  3.57096  
1.97835  1.1111  1.97835  1.1111  
2.04444  0.274952  
1.58901  2.59661  
1.27406  3.20709  
1.97699  1.10166  
0.791311  3.76067  
1.09544  3.45455  
0.280318  4.02339  
1.55648  2.6733  
1.78334  2.03506  
0.84574  3.71518  
1.32033  3.13301  
1.20047  3.31604  
1.16856  3.36015  
0.534174  3.92766  
1.92976  1.40076  
0.631349  3.87729  
0.427189  3.97822  
1.24019  3.26462  
1.46892  2.86159  
0.392409  3.99094  
2.03712  0.457977  
1.61471  2.53313  
1.92089  1.44915  
1.70709  2.28044  
1.94784  1.29562  
1.90152  1.54862  
2.04754  0.0479244  
0.977164  3.58919  
1.87234  1.68545  
1.36959  3.04902  
0.46414  3.96012  
1.86294  1.72671  
1.53981  2.71074  
1.9688  1.15988  
1.75152  2.14231  
1.44876  2.90174  
1.93993  1.34278  
0.593458  3.89599  
1.67694  2.36756  
1.15272  3.38137  
1.34709  3.08807  
0.709004  3.82245  
1.48694  2.82471  
2.0182  0.731756  
1.99263  0.979605  
1.99974  0.918135  
0.685408  3.84276  
2.02362  0.666113  
1.69076  2.32825  
1.81202  1.93133  
1.8918  1.59579  
1.38459  3.02232  
2.00619  0.858081  
1.52274  2.74851  
1.40945  2.97687  
1.65846  2.41861  
1.82378  1.88661  
1.01143  3.55236  
1.18463  3.33817  
1.98473  1.04327  
0.332559  4.00988  
0.764446  3.78174  
1.64444  2.45625  
1.12825  3.4133  
2.02871  0.597063  
2.04039  0.388541  
1.50444  2.78796  
1.07896  3.47461  
0.898715  3.66722  
1.95681  1.2396  
0.23198  4.03341  
0.819583  3.73751  
1.03712  3.52361  
1.63156  2.49002  
1.11167  3.43436  
1.72386  2.22975  
0.951137  3.61603  
0.872199  3.69169  
1.21645  3.29326  
0.925064  3.64197  
1.8816  1.64353  
0.567846  3.91359  
0.506829  3.94426  
1.4302  2.93772  
1.83539  1.84104  
0.168315  4.04299  
1.84682  1.79474  
2.03298  0.531474  
0.737439  3.80629  
1.73814  2.18525  
2.01255  0.793912  
1.76584  2.09498  
1.79893  1.97961  
1.60257  2.56343  
0.658412  3.86043  
1.91344  1.48835  
1.57381  2.63253  
1.05383  3.50437  
1.29797  3.16936  
1.2552  3.24217  
1.45121  2.9042  1.45121  2.9042  
0.685411  3.84276  0.685411  3.84276  
0.168312  4.04299  0.168312  4.04299  
1.62182  2.52337  1.62182  2.52337  
1.24019  3.26463  1.24019  3.26463  
2.04767  0.0480171  2.04767  0.0480171  
1.88416  1.6448  1.88416  1.6448  
1.76735  2.10009  1.76735  2.10009  
0.99433  3.57095  0.99433  3.57095  
1.97835  1.1111  1.97835  1.1111  
1.45121  2.9042  1.45121  2.9042  
0.685411  3.84276  0.685411  3.84276  
0.168312  4.04299  0.168312  4.04299  
1.62182  2.52337  1.62182  2.52337  
1.24019  3.26463  1.24019  3.26463  
2.04767  0.0480171  2.05116  0.0515064  
1.88416  1.6448  1.88416  1.6448  
1.76735  2.10009  1.76735  2.10009  
0.99433  3.57095  0.99433  3.57095  
1.97835  1.1111  1.97835  1.1111  
1.45121  2.9042  1.45121  2.9042  
0.685411  3.84276  0.685411  3.84276  
0.168312  4.04299  0.168312  4.04299  
1.62182  2.52337  1.62182  2.52337  
1.24019  3.26463  1.24019  3.26463  
2.04767  0.0480171  2.04767  0.0480171  
1.88416  1.6448  1.88416  1.6448  
1.76735  2.10009  1.76735  2.10009  
0.99433  3.57095  0.99433  3.57095  
1.97835  1.1111  1.97835  1.1111  
1.45121  2.9042  1.45121  2.9042  
0.685411  3.84276  0.685411  3.84276  
0.168312  4.04299  0.168312  4.04299  
1.62182  2.52337  1.62182  2.52337  
1.24019  3.26463  1.24019  3.26463  
2.04767  0.0480171  1.55082  2.68626  
1.88416  1.6448  1.88416  1.6448  
1.76735  2.10009  1.76735  2.10009  
0.99433  3.57095  0.99433  3.57095  
1.97835  1.1111  1.97835  1.1111  
1.45121  2.9042  1.45121  2.9042  
0.685411  3.84276  0.685411  3.84276  
0.168312  4.04299  0.168312  4.04299  
1.62182  2.52337  1.62182  2.52337  
1.24019  3.26463  1.24019  3.26463  
2.04767  0.0480171  2.04767  0.0480171  
1.88416  1.6448  1.88416  1.6448  
1.76735  2.10009  1.76735  2.10009  
0.99433  3.57095  0.99433  3.57095  
1.97835  1.1111  1.97835  1.1111  
1.45121  2.9042  1.45121  2.9042  
0.685411  3.84276  0.685411  3.84276  
0.168312  4.04299  0.168312  4.04299  
1.62182  2.52337  1.62182  2.52337  
1.24019  3.26463  1.24019  3.26463  
2.04767  0.0480171  2.04767  0.0480171  
1.88416  1.6448  1.88543  1.64607  
1.76735  2.10009  1.76735  2.10009  
0.99433  3.57095  0.99433  3.57095  
1.97835  1.1111  1.97835  1.1111  
1.45121  2.9042  1.45217  2.90516  
0.685411  3.84276  1.26275  3.23072  
0.168312  4.04299  0.168312  4.04299  
1.62182  2.52337  1.62182  2.52337  
1.24019  3.26463  1.24019  3.26463  
2.04767  0.0480171  2.04767  0.0480171  
1.88416  1.6448  1.88416  1.6448  
1.76735  2.10009  1.76735  2.10009  
0.99433  3.57095  0.99433  3.57095  
1.97835  1.1111  1.97835  1.1111  
1.45121  2.9042  1.45121  2.9042  
0.685411  3.84276  0.685411  3.84276  
0.168312  4.04299  0.168312  4.04299  
1.62182  2.52337  1.62182  2.52337  
1.24019  3.26463  1.24019  3.26463  
2.04767  0.0480171  2.04767  0.0480171  
1.88416  1.6448  1.89717  1.58356  
1.76735  2.10009  1.76735  2.10009  
0.99433  3.57095  0.99433  3.57095  
1.97835  1.1111  1.97835  1.1111  
1.45121  2.9042  1.45121  2.9042  
0.685411  3.84276  0.685411  3.84276  
0.168312  4.04299  0.168312  4.04299  
1.62182  2.52337  1.62182  2.52337  
1.24019  3.26463  1.24019  3.26463  
2.04767  0.0480171  2.04767  0.0480171  
1.88416  1.6448  1.45121  2.9042  
1.76735  2.10009  1.76735  2.10009  
0.99433  3.57095  0.99433  3.57095  
1.97835  1.1111  1.97835  1.1111  
1.45121  2.9042  1.45121  2.9042  
0.685411  3.84276  0.685411  3.84276  
0.168312  4.04299  0.168312  4.04299  
1.62182  2.52337  1.62182  2.52337  
1.24019  3.26463  1.24019  3.26463  
2.04767  0.0480171  2.04842  0.0487685  
1.88416  1.6448  1.88416  1.6448  
1.76735  2.10009  1.76735  2.10009  
0.99433  3.57095  0.99433  3.57095  
1.97835  1.1111  1.97835  1.1111  
1.46985  2.8597  
1.32738  3.12133  
0.854525  3.70748  
1.97699  1.10166  
0.658325  3.86048  
1.09544  3.45455  
1.06215  3.49462  
1.95929  1.22357  
1.78334  2.03506  
1.39697  2.99987  
0.977125  3.58923  
1.20047  3.31604  
1.16856  3.36015  
1.60467  2.55824  
1.13642  3.40275  
0.631538  3.87717  
0.427189  3.97822  
1.98473  1.04327  
0.282319  4.02292  
0.951371  3.6158  
0.22441  4.03476  
1.93179  1.38941  
1.92379  1.43356  
1.70709  2.28044  
1.41712  2.96253  
1.35605  3.07265  
2.04754  0.0479244  
1.88176  1.64278  
1.15244  3.38174  
1.37673  3.03638  
0.46414  3.96012  
1.43024  2.93765  
1.53981  2.71074  
1.6443  2.45662  
1.75152  2.14231  
1.11202  3.43392  
2.04563  0.228153  
0.593458  3.89599  
1.67694  2.36756  
0.925048  3.64198  
1.25475  3.23668  
1.84668  1.79528  
0.711978  3.82454  
1.5732  2.63436  
1.99263  0.979605  
1.99974  0.918135  
0.907511  3.6589  
2.02362  0.666113  
1.69076  2.32825  
1.81202  1.93133  
1.61498  2.53245  
1.96864  1.16101  
2.00619  0.858081  
1.90157  1.5484  
1.04539  3.51413  
1.65846  2.41861  
1.82378  1.88661  
0.828021  3.7304  
1.18463  3.33817  
1.28194  3.19478  
1.07886  3.47473  
0.685411  3.84276  
0.801306  3.7526  
1.62957  2.49519  
2.02869  0.59745  
0.881194  3.6835  
1.58901  2.59659  
0.332735  4.00983  
1.87234  1.68545  
0.550102  3.92293  
1.30291  3.16143  
0.737737  3.80607  
1.44876  2.90174  
1.5036  2.78973  
1.85976  1.74038  
1.72386  2.22975  
1.01143  3.55236  
2.0334  0.524681  
1.762  2.10948  
0.994333  3.57095  
1.4869  2.82479  
1.02845  3.53342  
0.51577  3.94002  
1.22399  3.28235  
1.83554  1.84046  
0.168315  4.04299  
1.94932  1.28655  
2.04203  0.347748  
2.01817  0.732174  
1.73814  2.18525  
2.01255  0.793912  
1.89081  1.60053  
1.79893  1.97961  
2.03739  0.452681  
1.91325  1.48935  
1.52256  2.74891  
1.55667  2.67287  
0.375783  3.99658  
1.93998  1.3425  
0.765314  3.78108  
1.45121  2.9042  1.45121  2.9042  
0.685411  3.84276  0.685411  3.84276  
0.168319  4.04299  0.168319  4.04299  
1.62182  2.52337  1.62182  2.52337  
1.24019  3.26463  1.24019  3.26463  
2.04767  0.0480174  2.04767  0.0480174  
1.88416  1.6448  1.88416  1.6448  
1.76735  2.10008  1.76735  2.10008  
0.99433  3.57095  0.99433  3.57095  
1.97835  1.1111  1.45121  2.9042  
1.45121  2.9042  1.45121  2.9042  
0.685411  3.84276  0.685411  3.84276  
0.168319  4.04299  0.168319  4.04299  
1.62182  2.52337  1.62182  2.52337  
1.24019  3.26463  1.24019  3.26463  
2.04767  0.0480174  2.04767  0.0480174  
1.88416  1.6448  1.88416  1.6448  
1.76735  2.10008  1.76735  2.10008  
0.99433  3.57095  0.998135  3.57513  
1.97835  1.1111  1.97835  1.1111  
1.45121  2.9042  1.45252  2.90551  
0.685411  3.84276  0.788589  3.76725  
0.168319  4.04299  0.168319  4.04299  
1.62182  2.52337  1.62182  2.52337  
1.24019  3.26463  1.24019  3.26463  
2.04767  0.0480174  2.04767  0.0480174  
1.88416  1.6448  1.88416  1.6448  
1.76735  2.10008  1.76735  2.10008  
0.99433  3.57095  0.99433  3.57095  
1.97835  1.1111  1.97835  1.1111  
1.45121  2.9042  1.45121  2.9042  
0.685411  3.84276  0.685411  3.84276  
0.168319  4.04299  0.168319  4.04299  
1.62182  2.52337  1.62182  2.52337  
1.24019  3.26463  1.24019  3.26463  
2.04767  0.0480174  2.04767  0.0480174  
1.88416  1.6448  1.88416  1.6448  
1.76735  2.10008  1.76735  2.10008  
0.99433  3.57095  0.996784  3.57341  
1.97835  1.1111  1.45121  2.9042  
1.45121  2.9042  1.45121  2.9042  
0.685411  3.84276  0.685411  3.84276  
0.168319  4.04299  0.168319  4.04299  
1.62182  2.52337  1.62182  2.52337  
1.24019  3.26463  1.34246  3.10842  
2.04767  0.0480174  2.04767  0.0480174  
1.88416  1.6448  1.88416  1.6448  
1.76735  2.10008  1.76735  2.10008  
0.99433  3.57095  0.99433  3.57095  
1.97835  1.1111  1.97835  1.1111  
1.45121  2.9042  1.45121  2.9042  
0.685411  3.84276  0.685411  3.84276  
0.168319  4.04299  0.168319  4.04299  
1.62182  2.52337  1.62182  2.52337  
1.24019  3.26463  1.24019  3.26463  
2.04767  0.0480174  2.04767  0.0480174  
1.88416  1.6448  1.88416  1.6448  
1.76735  2.10008  1.76735  2.10008  
0.99433  3.57095  0.99433  3.57095  
1.97835  1.1111  1.97835  1.1111  
1.45121  2.9042  1.45121  2.9042  
0.685411  3.84276  0.685411  3.84276  
0.168319  4.04299  0.168319  4.04299  
1.62182  2.52337  1.62182  2.52337  
1.24019  3.26463  1.27328  3.21454  
2.04767  0.0480174  1.61027  2.54676  
1.88416  1.6448  1.88416  1.6448  
1.76735  2.10008  1.76735  2.10008  
0.99433  3.57095  0.99433  3.57095  
1.97835  1.1111  1.97835  1.1111  
1.45121  2.9042  1.45121  2.9042  
0.685411  3.84276  0.685411  3.84276  
0.168319  4.04299  0.168319  4.04299  
1.62182  2.52337  1.62182  2.52337  
1.24019  3.26463  1.24019  3.26463  
2.04767  0.0480174  2.04767  0.0480174  
1.88416  1.6448  1.88416  1.6448  
1.76735  2.10008  1.45311  2.9061  
0.99433  3.57095  0.99433  3.57095  
1.97835  1.1111  1.97835  1.1111  
1.45121  2.9042  1.45121  2.9042  
0.685411  3.84276  0.685411  3.84276  
0.168319  4.04299  0.168319  4.04299  
1.62182  2.52337  1.62182  2.52337  
1.24019  3.26463  1.24019  3.26463  
2.04767  0.0480174  2.04767  0.0480174  
1.88416  1.6448  1.88416  1.6448  
1.76735  2.10008  1.45121  2.9042  
0.99433  3.57095  0.99433  3.57095  
1.97835  1.1111  1.97835  1.1111  
1.45121  2.9042  1.45121  2.9042  
0.685411  3.84276  0.685411  3.84276  
0.168319  4.04299  0.168319  4.04299  
1.62182  2.52337  1.58854  2.60569  
1.24019  3.26463  1.24019  3.26463  
2.04767  0.0480174  2.04767  0.0480174  
1.88416  1.6448  1.88416  1.6448  
1.76735  2.10008  1.76735  2.10008  
0.99433  3.57095  0.99433  3.57095  
1.97835  1.1111  1.97835  1.1111  
0.232187  4.03337  
1.5723  2.63649  
2.03305  0.530442  
1.39763  2.99867  
0.85454  3.70747  
1.09544  3.45455  
1.06217  3.4946  
1.97707  1.10106  
1.78334  2.03506  
0.90757  3.65884  
1.04538  3.51414  
1.02288  3.53967  
1.16856  3.36015  
1.11192  3.43406  
1.13642  3.40275  
0.631538  3.87717  
0.427189  3.97822  
1.98473  1.04327  
1.89075  1.60078  
0.9253  3.64174  
1.90969  1.50765  
1.87234  1.68545  
1.21606  3.29382  
1.70709  2.28044  
1.20031  3.31627  
0.712211  3.82437  
2.04754  0.0479244  
0.881175  3.68351  
1.15244  3.38174  
1.48691  2.82476  
0.46414  3.96012  
1.8501  1.78114  
1.76582  2.09507  
0.347602  4.00547  
1.75152  2.14231  
1.89944  1.5589  
2.04531  0.241899  
0.593458  3.89599  
1.67694  2.36756  
0.685411  3.84276  
1.63879  2.47117  
1.94038  1.34017  
1.99265  0.979393  
1.58992  2.59441  
1.32503  3.12523  
1.99974  0.918135  
1.43037  2.93739  
2.02362  0.666113  
1.69076  2.32825  
1.50473  2.78733  
1.28335  3.19256  
1.95947  1.22241  
2.00619  0.858081  
2.03682  0.463665  
1.94945  1.28579  
1.65846  2.41861  
1.82378  1.88661  
0.828021  3.7304  
1.18463  3.33817  
0.99433  3.57095  
1.07886  3.47473  
1.53975  2.71086  
0.801306  3.7526  
1.88176  1.64278  
0.383642  3.99395  
1.41742  2.96195  
1.30588  3.15663  
1.46862  2.86219  
1.38411  3.02319  
1.96865  1.16092  
1.23889  3.26045  
0.655822  3.86208  
1.61969  2.52051  
1.25483  3.23658  
1.86209  1.73037  
1.72666  2.22112  
2.02869  0.597426  
1.34224  3.09634  
2.04156  0.360036  
1.55567  2.67515  
0.168319  4.04299  
1.3629  3.06074  
0.51577  3.94002  
0.738056  3.80584  
1.83554  1.84046  
0.310348  4.01596  
1.44876  2.90174  
1.92995  1.3997  
2.01817  0.732174  
1.73814  2.18525  
2.01255  0.793912  
1.60467  2.55823  
1.79893  1.97961  
0.950954  3.61622  
1.81041  1.93737  
1.52256  2.74891  
1.92119  1.44755  
0.968397  3.59834  
0.559962  3.91778  
0.765314  3.78108  
