0.942113218578458
0.942246046385614
0.941415285647902
0.942394037290468
0.942260934589819
0.941742401694933
0.941800442556768
0.942209510517401
0.942307119091721
0.942378058659572
0.942240256427737
0.942404353467361
0.941970096930547
0.942182102436313
0.941583327220841
0.941777810030626
0.94194804287323
0.941769039288737
0.941781319188713
0.941589511388634
0.941697806964723
0.942165431650231
0.942177853536845
0.942224756296274
0.942411496778236
0.941927328211977
0.942131843541916
0.941965754880022
0.941751282500912
0.941489256550542
0.941727612646495
0.941598565693145
0.941667499029844
0.941762753243397
0.941557132208824
