2.05382  2.98246  2.36271  2.36032  
2.36554  1.9388  2.05353  3.17364  
1.77633  3.82705  2.40111  1.97781  
1.98242  3.0246  1.70872  3.68581  
1.79884  3.59619  2.18017  2.76059  
2.24059  2.06043  1.09013  4.33329  
2.49451  1.99531  1.77183  3.41258  
1.83166  3.54525  1.77805  3.40537  
2.38401  2.16809  1.64361  3.56797  
1.64016  3.70877  1.85695  3.5081  
2.51102  1.47418  2.05592  2.85296  
1.79631  3.50744  1.88941  3.40545  
1.8006  3.79385  2.08508  2.9746  
2.2037  2.67926  1.82416  3.37226  
1.65692  3.75337  2.04863  3.25888  
2.18773  3.15266  2.07825  3.04518  
1.77961  3.61982  2.34447  2.04872  
2.30869  1.38851  2.10082  3.18615  
2.49486  1.59445  1.52935  4.01803  
2.33577  2.30481  2.01922  3.05426  
2.54914  1.42043  1.72493  3.81611  
2.17791  2.67428  2.1799  2.63275  
2.11547  3.22266  2.12751  2.8314  
2.02428  3.25705  1.39951  3.97303  
1.49361  4.13067  1.66529  3.92149  
2.18833  2.64622  1.35459  4.0068  
2.29368  2.33633  1.99071  3.57839  
2.03614  3.18009  1.74295  3.70238  
2.2339  2.67035  1.7336  3.63872  
2.16637  2.57793  2.08194  3.11254  
1.91288  3.68883  1.54856  3.81264  
1.63316  3.96583  1.91539  3.33632  
1.84863  3.61294  1.92952  3.28736  
2.30877  2.15148  2.20946  2.90255  
2.13166  3.25666  1.33602  4.16779  
2.35813  1.97605  1.95066  3.2128  
2.18189  2.61646  1.68948  3.94811  
1.87549  3.17041  1.99162  3.15432  
1.585  3.93919  1.61009  3.67472  
2.37555  2.1395  2.19623  2.20441  
1.8092  3.5281  1.68616  3.74047  
1.6086  3.96663  1.96645  3.50423  
1.25831  4.07412  1.87735  3.59269  
2.10364  2.65846  1.73445  3.55942  
1.88827  3.63271  1.91922  3.04433  
2.17317  3.10991  2.24709  2.56834  
1.63739  3.72647  1.75646  3.73901  
2.21168  2.6538  1.90161  3.48848  
2.09834  3.48673  2.12312  2.9561  
2.20122  2.58103  2.16912  3.25827  
2.45907  1.786  1.98655  3.24023  
2.17485  2.80941  2.07971  3.09708  
2.01211  2.93962  1.95802  3.01315  
1.73379  3.51116  1.78093  3.6027  
2.09879  2.81934  2.27106  2.59982  
2.35514  2.10718  1.57515  4.00726  
2.06705  2.81666  1.9868  2.92398  
2.00925  3.20864  1.87438  3.60026  
2.22899  2.69615  2.00869  3.42693  
2.09284  3.19007  2.20318  2.48694  
1.47658  4.12313  2.46625  1.75382  
2.00179  3.24934  2.28383  2.59283  
2.08408  2.94099  1.72339  3.58775  
2.00428  3.44724  2.02473  3.18709  
2.30668  2.04894  1.83599  3.48688  
2.32449  2.19807  1.81137  3.57211  
1.69917  3.83163  1.95415  3.15527  
1.78955  3.61163  2.06911  3.29933  
1.50341  4.037  2.00439  3.56191  
2.06296  2.94917  2.05785  2.80977  
2.34791  2.53299  1.52952  4.16061  
1.63824  3.85453  2.14027  2.95407  
2.45219  2.48862  1.8086  3.7704  
1.49325  4.12794  2.28712  2.44296  
1.66833  3.87947  2.12674  2.67745  
1.42346  4.21767  1.68336  3.69696  
2.07721  2.5914  1.62727  4.05659  
2.19396  3.10097  1.70284  3.72869  
2.32972  2.48453  2.06947  2.94888  
2.11617  3.09061  1.57419  4.01721  
2.28738  2.23507  1.12933  4.30503  
1.76225  3.57854  2.12073  2.72132  
1.69124  3.90831  1.82098  3.86477  
2.34014  2.66527  1.74446  3.73217  
2.08239  3.03223  2.14165  2.86924  
2.23497  2.48704  1.24325  4.22944  
1.19772  4.23642  1.93216  3.31888  
1.99974  2.91381  2.38246  2.86995  
1.3833  3.95865  1.77807  3.62632  
2.16599  3.05119  2.10445  2.87299  
1.94958  3.48312  1.96807  3.41378  
1.96404  3.33765  1.60367  3.62186  
2.37282  1.79509  1.84956  3.51803  
2.35442  2.63851  1.62523  3.89323  
1.85347  3.34858  1.68737  3.61154  
1.69232  4.17675  2.08541  3.05067  
2.01451  3.10309  2.36434  2.59942  
2.45579  1.59836  1.91187  3.39518  
2.42407  1.76042  2.29799  2.28654  
1.46989  3.97452  1.55168  3.89964  
2.05785  2.80977  
1.91922  3.04433  
2.19623  2.20441  
2.36271  2.36032  
1.79884  3.59619  
2.24059  2.06043  
2.49451  1.99531  
1.83166  3.54525  
2.38401  2.16809  
1.64016  3.70877  
2.51102  1.47418  
1.79631  3.50744  
1.8006  3.79385  
2.2037  2.67926  
1.65692  3.75337  
2.18773  3.15266  
1.77961  3.61982  
2.30869  1.38851  
2.49486  1.59445  
2.33577  2.30481  
2.54914  1.42043  
2.17791  2.67428  
2.11547  3.22266  
2.02428  3.25705  
1.49361  4.13067  
2.18833  2.64622  
2.29368  2.33633  
2.03614  3.18009  
2.2339  2.67035  
2.16637  2.57793  
1.91288  3.68883  
1.63316  3.96583  
1.84863  3.61294  
2.30877  2.15148  
2.13166  3.25666  
2.35813  1.97605  
2.18189  2.61646  
1.87549  3.17041  
1.585  3.93919  
2.37555  2.1395  
1.8092  3.5281  
1.6086  3.96663  
1.25831  4.07412  
2.10364  2.65846  
1.88827  3.63271  
2.17317  3.10991  
1.63739  3.72647  
2.21168  2.6538  
2.09834  3.48673  
2.20122  2.58103  
2.45907  1.786  
2.17485  2.80941  
2.01211  2.93962  
1.73379  3.51116  
2.09879  2.81934  
2.35514  2.10718  
2.06705  2.81666  
2.00925  3.20864  
2.22899  2.69615  
2.09284  3.19007  
1.47658  4.12313  
2.00179  3.24934  
2.08408  2.94099  
2.00428  3.44724  
2.30668  2.04894  
2.32449  2.19807  
1.69917  3.83163  
1.78955  3.61163  
1.50341  4.037  
2.06296  2.94917  
2.34791  2.53299  
1.63824  3.85453  
2.45219  2.48862  
1.49325  4.12794  
1.66833  3.87947  
1.42346  4.21767  
2.07721  2.5914  
2.19396  3.10097  
2.32972  2.48453  
2.11617  3.09061  
2.28738  2.23507  
1.76225  3.57854  
1.69124  3.90831  
2.34014  2.66527  
2.08239  3.03223  
2.23497  2.48704  
1.19772  4.23642  
1.99974  2.91381  
1.3833  3.95865  
2.16599  3.05119  
1.94958  3.48312  
1.96404  3.33765  
2.37282  1.79509  
2.35442  2.63851  
1.85347  3.34858  
1.69232  4.17675  
2.01451  3.10309  
2.45579  1.59836  
2.42407  1.76042  
1.46989  3.97452  
2.03809  1.73804  2.03809  1.73804  
2.06937  1.02533  2.07908  1.03504  
1.98074  1.16289  2.05146  0.0611505  
2.04758  1.81578  2.04758  1.81578  
2.07555  1.51096  2.07555  1.51096  
2.06723  1.0519  2.06723  1.0519  
2.05565  0.077933  2.05565  0.077933  
2.06075  1.4491  2.04703  1.5541  
2.05368  0.0546343  2.05368  0.0546343  
2.07653  1.56607  2.07653  1.56607  
2.03809  1.73804  2.03809  1.73804  
2.06937  1.02533  2.06937  1.02533  
2.05146  0.0611505  2.05146  0.0611505  
2.04758  1.81578  2.04758  1.81578  
2.07555  1.51096  2.07555  1.51096  
2.06951  1.06719  2.06723  1.0519  
2.05565  0.077933  2.05565  0.077933  
2.03602  1.61003  2.06075  1.4491  
2.06419  0.0651448  2.05368  0.0584569  
2.07653  1.56607  2.07443  1.56396  
2.03809  1.73804  2.03809  1.73804  
2.06937  1.02533  2.06937  1.02533  
2.05146  0.0611505  2.05146  0.0611505  
2.04758  1.81578  2.04758  1.81578  
2.07555  1.51096  2.07555  1.51096  
2.06723  1.0519  2.06723  1.0519  
2.05565  0.077933  2.05565  0.077933  
2.04703  1.5541  2.04691  1.55399  
2.05368  0.0546343  2.06414  0.0927475  
2.07653  1.56607  2.07653  1.56607  
2.03809  1.73804  2.07574  1.57096  
2.06937  1.02533  2.05912  0.996502  
2.05146  0.0611505  2.05091  0.0589964  
2.04758  1.81578  2.08821  1.56249  
2.07555  1.51096  2.06084  1.49624  
2.06723  1.0519  2.06057  1.02032  
2.05565  0.077933  2.05  0.0505634  
2.03602  1.61003  2.06075  1.4491  
2.06419  0.0651448  2.0501  0.051056  
2.07653  1.56607  2.07326  1.55288  
2.03809  1.73804  2.03809  1.73804  
2.06937  1.02533  2.06937  1.02533  
1.98074  1.16289  2.05146  0.0611505  
2.04758  1.81578  2.04758  1.81578  
2.07555  1.51096  2.07555  1.51096  
2.06723  1.0519  2.06723  1.0519  
2.05565  0.077933  2.05565  0.077933  
2.06075  1.4491  2.04691  1.55399  
2.05368  0.0546343  2.05368  0.0546343  
2.07653  1.56607  2.07653  1.56607  
2.07574  1.57096  2.03809  1.73804  
2.05912  0.996502  2.06937  1.02533  
2.05091  0.0589964  2.05146  0.0611505  
2.08821  1.56249  2.04733  1.81552  
2.06084  1.49624  2.07555  1.51096  
2.06057  1.02032  2.06723  1.0519  
2.05  0.0505634  2.05565  0.077933  
2.06075  1.4491  2.06075  1.4491  
2.0501  0.051056  2.06419  0.0651448  
2.07023  1.55607  2.07653  1.56607  
2.03966  1.7396  2.03809  1.73804  
2.06937  1.02533  2.06937  1.02533  
2.05146  0.0611505  2.05146  0.0611505  
2.04758  1.81578  2.04758  1.81578  
2.07555  1.51096  2.07555  1.51096  
2.06723  1.0519  2.06723  1.0519  
2.05565  0.077933  2.05565  0.077933  
2.03602  1.61003  2.06075  1.4491  
2.06419  0.0651448  2.06419  0.0651448  
2.07653  1.56607  2.07653  1.56607  
2.03809  1.73804  2.03809  1.73804  
2.06937  1.02533  2.06937  1.02533  
2.05146  0.0611505  2.05146  0.0611505  
2.03652  1.80471  2.04758  1.81578  
2.07555  1.51096  2.07555  1.51096  
2.06723  1.0519  2.06723  1.0519  
2.05565  0.077933  2.05565  0.077933  
2.06075  1.4491  2.06136  1.44972  
2.06419  0.0651448  2.05368  0.0584569  
2.07653  1.56607  2.07443  1.56396  
2.03966  1.7396  2.03809  1.73804  
2.06937  1.02533  2.09373  1.04969  
2.05146  0.0611505  2.05146  0.0611505  
2.04171  1.78074  2.04758  1.81578  
2.05899  1.60181  2.07555  1.51096  
2.06723  1.0519  2.06723  1.0519  
2.05565  0.077933  2.05565  0.077933  
2.03602  1.61003  2.04691  1.55399  
2.06419  0.0651448  2.05358  0.0545371  
2.07653  1.56607  2.07653  1.56607  
2.03809  1.73804  2.03809  1.73804  
2.06937  1.02533  2.09373  1.04969  
2.05146  0.0611505  2.05146  0.0611505  
2.03652  1.80471  2.04758  1.81578  
2.07555  1.51096  2.07555  1.51096  
2.06062  1.10241  2.06723  1.0519  
2.05565  0.077933  2.05565  0.077933  
2.06075  1.4491  2.04691  1.55399  
2.06419  0.0651448  2.05368  0.0546343  
2.07653  1.56607  2.07653  1.56607  
1.88535  1.64256  
1.78889  2.02877  
2.05  0.0505634  
1.86337  1.7374  
0.499189  3.9921  
1.7397  2.19915  
1.85488  1.7733  
1.82799  1.88169  
1.88172  1.65599  
1.85088  1.78993  
1.87471  1.68759  
1.8835  1.64789  
1.84558  1.81237  
1.86475  1.73359  
1.85799  1.76017  
1.88559  1.63911  
1.87905  1.66974  
1.86756  1.7191  
1.8146  1.93275  
1.87692  1.67812  
1.83919  1.83976  
1.88282  1.65148  
1.86089  1.74993  
1.87092  1.71009  
1.88073  1.66053  
1.88269  1.65158  
1.87641  1.68037  
1.87129  1.705  
1.88057  1.66676  
1.86639  1.72418  
1.87262  1.69688  
1.88134  1.65771  
1.88151  1.65718  
1.58671  2.61117  
1.88415  1.64541  
1.87193  1.69995  
1.88592  1.63714  
1.88123  1.65904  
1.87454  1.68834  
1.87521  1.68542  
1.86872  1.71409  
1.88263  1.65186  
1.87912  1.66921  
1.88179  1.65566  
1.8818  1.65564  
2.07731  1.46567  
1.63739  3.72647  
2.21168  2.6538  
2.09834  3.48673  
2.20122  2.58103  
2.45907  1.786  
2.17485  2.80941  
2.01211  2.93962  
1.73379  3.51116  
2.09879  2.81934  
2.35514  2.10718  
2.06705  2.81666  
2.00925  3.20864  
2.22899  2.69615  
2.09284  3.19007  
1.47658  4.12313  
2.00179  3.24934  
2.08408  2.94099  
2.00428  3.44724  
2.30668  2.04894  
2.32449  2.19807  
1.69917  3.83163  
1.78955  3.61163  
1.50341  4.037  
2.06296  2.94917  
2.34791  2.53299  
1.63824  3.85453  
2.45219  2.48862  
1.49325  4.12794  
1.66833  3.87947  
1.42346  4.21767  
2.07721  2.5914  
2.19396  3.10097  
2.32972  2.48453  
2.11617  3.09061  
2.28738  2.23507  
1.76225  3.57854  
1.69124  3.90831  
2.34014  2.66527  
2.08239  3.03223  
2.23497  2.48704  
1.19772  4.23642  
1.99974  2.91381  
1.3833  3.95865  
2.16599  3.05119  
1.94958  3.48312  
1.96404  3.33765  
2.37282  1.79509  
2.35442  2.63851  
1.85347  3.34858  
1.69232  4.17675  
2.01451  3.10309  
2.45579  1.59836  
2.42407  1.76042  
1.46989  3.97452  
2.27503  0.870534  2.27573  0.871227  
2.05  0.0503125  2.05  0.0503125  
2.05202  0.0548632  2.05952  0.0687879  
2.05001  0.0507897  2.05001  0.0507897  
2.06602  0.0691554  2.06602  0.0691554  
2.13418  0.145431  2.13418  0.145431  
2.05  0.0502966  2.05  0.0502966  
2.05004  0.0507859  2.05004  0.0507859  
2.24369  0.28622  2.24369  0.28622  
2.05  0.0506902  2.05  0.0506902  
2.27503  0.870534  2.27569  0.871193  
2.05  0.0503125  2.05  0.0503125  
2.05202  0.0548632  2.05202  0.0548632  
2.05001  0.0507897  2.05001  0.0507897  
2.06602  0.0691554  2.06602  0.0691554  
2.13418  0.145431  2.13418  0.145431  
2.05  0.0502966  2.05  0.0502966  
2.05004  0.0507859  2.05004  0.0507859  
2.24369  0.28622  2.24369  0.28622  
2.05  0.0506902  2.05  0.0506902  
2.27656  0.872061  2.27727  0.868967  
2.05  0.0503125  2.05  0.0503125  
2.05202  0.0548632  2.05202  0.0548632  
2.05001  0.0507897  2.05001  0.0507897  
2.06602  0.0691554  2.06602  0.0691554  
2.13418  0.145431  2.13418  0.145431  
2.05  0.0502966  2.05  0.0502966  
2.05004  0.0507859  2.05004  0.0507859  
2.24281  0.285343  2.24369  0.28622  
2.05  0.0506902  2.05  0.0506902  
2.27647  0.871966  2.27727  0.868967  
2.05  0.0503125  2.05  0.0503125  
2.05202  0.0548632  2.05202  0.0548632  
2.05001  0.0507897  2.05001  0.0507897  
2.06602  0.0691554  2.06602  0.0691554  
2.13418  0.145431  2.13418  0.145431  
2.05  0.0502966  2.05  0.0502966  
2.05004  0.0507859  2.05003  0.0651993  
2.24281  0.285343  2.24369  0.28622  
2.05  0.0506902  2.05  0.0506902  
2.27641  0.87191  2.27503  0.870534  
2.05  0.0503125  2.07053  0.0708419  
2.05202  0.0548632  2.05202  0.0548632  
2.05001  0.0507897  2.05001  0.0507897  
2.06602  0.0691554  2.06602  0.0691554  
2.13418  0.145431  2.13418  0.145431  
2.05  0.0502966  2.05  0.0502966  
2.05004  0.0507859  2.05004  0.0507859  
2.24282  0.283563  2.24369  0.28622  
2.05  0.0506902  2.05  0.0506902  
2.27503  0.870534  2.27569  0.871193  
2.05  0.0503125  2.05  0.0503125  
2.05202  0.0548632  2.05202  0.0548632  
2.05001  0.0507897  2.05001  0.0507897  
2.06602  0.0691554  2.06602  0.0691554  
2.13418  0.145431  2.13418  0.145431  
2.05  0.0502966  2.05  0.0502966  
2.05004  0.0507859  2.05004  0.0507859  
2.2401  0.282636  2.24369  0.28622  
2.05  0.0506902  2.05  0.0506902  
2.2778  0.852372  2.27503  0.870534  
2.05  0.0503125  2.05  0.0503125  
2.05202  0.0548632  2.05202  0.0548632  
2.05001  0.0507897  2.05001  0.0507897  
2.06602  0.0691554  2.06602  0.0691554  
2.13418  0.145431  2.13515  0.146398  
2.05  0.0502966  2.05  0.0502966  
2.05004  0.0507859  2.05004  0.0507859  
2.24281  0.285343  2.2401  0.282636  
2.05  0.0506902  2.05  0.0506902  
2.27641  0.87191  2.27573  0.871227  
2.05  0.0503125  2.05  0.0503125  
2.05202  0.0548632  2.05202  0.0548632  
2.05001  0.0507897  2.05001  0.0507897  
2.06602  0.0691554  2.06602  0.0691554  
2.13418  0.145431  2.13418  0.145431  
2.05  0.0502966  2.05  0.0502966  
2.05004  0.0507859  2.05004  0.0507859  
2.24281  0.285343  2.24369  0.28622  
2.05  0.0506902  2.05  0.0506902  
2.27647  0.871966  2.27503  0.870534  
2.05  0.0503125  2.05  0.0503125  
2.05202  0.0548632  2.06568  0.0685271  
2.05001  0.0507897  2.05001  0.0507897  
2.06602  0.0691554  2.06602  0.0691554  
2.13418  0.145431  2.13418  0.145431  
2.05  0.0502966  2.05  0.0502966  
2.05004  0.0507859  2.05004  0.0507859  
2.24281  0.285343  2.24369  0.28622  
2.05  0.0506902  2.05  0.0506902  
2.27641  0.87191  2.27656  0.872061  
2.05  0.0503125  2.05  0.0503125  
2.05202  0.0548632  2.05202  0.0548632  
2.05001  0.0507897  2.05001  0.0507897  
2.06602  0.0691554  2.06602  0.0691554  
2.13418  0.145431  2.13418  0.145431  
2.05  0.0502966  2.07026  0.0705602  
2.05004  0.0507859  2.05004  0.0507859  
2.24281  0.285343  2.24281  0.285343  
2.05  0.0506902  2.05  0.0506902  
1.88519  1.6405  
1.78843  2.02774  
2.05  0.0502966  
1.8627  1.7401  
0.499189  3.9921  
1.7397  2.19915  
1.85488  1.7733  
1.82799  1.88169  
1.88172  1.65599  
1.85086  1.79146  
1.87471  1.68759  
1.8835  1.64789  
1.84526  1.81305  
1.86465  1.7317  
1.85799  1.76017  
1.88547  1.6388  
1.87905  1.66974  
1.86756  1.7191  
1.8146  1.93275  
1.87692  1.67812  
1.83826  1.84139  
1.88282  1.65148  
1.86087  1.74793  
1.87  1.70955  
1.88073  1.66053  
1.88269  1.65158  
1.87641  1.68037  
1.87129  1.705  
1.88057  1.66676  
1.86639  1.72418  
1.87262  1.69688  
1.88134  1.65771  
1.88151  1.65718  
1.58671  2.61117  
1.88415  1.64541  
1.8717  1.70097  
1.88592  1.63714  
1.88123  1.65904  
1.87454  1.68834  
1.87521  1.68542  
1.86872  1.71409  
1.88263  1.65186  
1.87912  1.66921  
1.87349  1.69393  
1.8818  1.65564  
1.88062  1.66154  
1.87714  1.67677  
1.88614  1.6357  
1.88208  1.65453  
1.8836  1.64737  
1.88057  1.6616  
1.88374  1.64674  
1.88454  1.64308  
1.88218  1.65391  
1.87857  1.6703  
1.88315  1.64946  
1.8811  1.65912  
2.24773  0.290262  
2.22899  2.69615  
2.09284  3.19007  
1.47658  4.12313  
2.00179  3.24934  
2.08408  2.94099  
2.00428  3.44724  
2.30668  2.04894  
2.32449  2.19807  
1.69917  3.83163  
1.78955  3.61163  
1.50341  4.037  
2.06296  2.94917  
2.34791  2.53299  
1.63824  3.85453  
2.45219  2.48862  
1.49325  4.12794  
1.66833  3.87947  
1.42346  4.21767  
2.07721  2.5914  
2.19396  3.10097  
2.32972  2.48453  
2.11617  3.09061  
2.28738  2.23507  
1.76225  3.57854  
1.69124  3.90831  
2.34014  2.66527  
2.08239  3.03223  
2.23497  2.48704  
1.19772  4.23642  
1.99974  2.91381  
1.3833  3.95865  
2.16599  3.05119  
1.94958  3.48312  
1.96404  3.33765  
2.37282  1.79509  
2.35442  2.63851  
1.85347  3.34858  
1.69232  4.17675  
2.01451  3.10309  
2.45579  1.59836  
2.42407  1.76042  
1.46989  3.97452  
2.12969  0.343206  2.13037  0.343888  
2.05  0.0504729  2.05  0.0504729  
2.05  0.050209  2.05  0.050209  
2.05147  0.0531851  2.05147  0.0531851  
2.05889  0.0663734  2.05889  0.0663734  
2.05  0.0502442  2.05  0.0502442  
2.05019  0.050974  2.05019  0.050974  
2.05  0.0502629  2.05  0.0502629  
2.11236  0.235104  2.11236  0.235104  
2.05  0.0501816  2.05  0.0501816  
2.13232  0.266646  2.12969  0.343206  
2.05  0.0504729  2.05  0.0504729  
2.05  0.050209  2.04981  0.105417  
2.05147  0.0531851  2.05147  0.0531851  
2.05889  0.0663734  2.05889  0.0663734  
2.05  0.0502442  2.05  0.0502442  
2.05019  0.050974  2.05019  0.050974  
2.05  0.0502629  2.05  0.0502629  
2.11236  0.235104  2.11236  0.235104  
2.05  0.0501816  2.05  0.0501816  
2.13299  0.346512  2.13232  0.266646  
2.05  0.0504729  2.05  0.0504729  
2.05  0.050209  2.05  0.050209  
2.05147  0.0531851  2.05147  0.0531851  
2.05889  0.0663734  2.0725  0.0799842  
2.05  0.0502442  2.05  0.0502442  
2.05019  0.050974  2.05019  0.050974  
2.05  0.0502629  2.05  0.0502629  
2.11235  0.235092  2.11236  0.235104  
2.05  0.0501816  2.05  0.0501816  
2.13115  0.344672  2.13299  0.346512  
2.05  0.0504729  2.05  0.0504729  
2.05  0.050209  2.05  0.050209  
2.05147  0.0531851  2.05147  0.0531851  
2.05889  0.0663734  2.05889  0.0663734  
2.05  0.0502442  2.05  0.0502442  
2.05019  0.050974  2.05019  0.050974  
2.05  0.0502629  2.05  0.0502629  
2.11235  0.235092  2.11235  0.235092  
2.05  0.0501816  2.05172  0.0519005  
2.13015  0.343668  2.13015  0.343668  
2.05  0.0504729  2.05  0.0504729  
2.05  0.050209  2.05  0.050209  
2.05147  0.0531851  2.05147  0.0531851  
2.05889  0.0663734  2.05889  0.0663734  
2.05  0.0502442  2.05  0.0502442  
2.05019  0.050974  2.05019  0.050974  
2.05  0.0502629  2.05  0.0502629  
2.11235  0.235092  2.11093  0.307069  
2.05  0.0501816  2.05  0.0501816  
2.12949  0.343008  2.12949  0.343008  
2.05  0.0504729  2.05  0.0504729  
2.05  0.050209  2.05  0.050209  
2.05147  0.0531851  2.05147  0.0531851  
2.05889  0.0663734  2.05889  0.0663734  
2.05  0.0502442  2.05  0.0502442  
2.05019  0.050974  2.05019  0.050974  
2.05  0.0502629  2.05122  0.0514842  
2.11235  0.235092  2.11235  0.235092  
2.05  0.0501816  2.05  0.0501816  
2.13015  0.343668  2.1307  0.344218  
2.05  0.0504729  2.05  0.0504729  
2.05  0.050209  2.05763  0.0578381  
2.05147  0.0531851  2.05147  0.0531851  
2.05889  0.0663734  2.05889  0.0663734  
2.05  0.0502442  2.05  0.0502442  
2.05019  0.050974  2.05019  0.050974  
2.05  0.0502629  2.05  0.0502629  
2.11235  0.235092  2.11235  0.235092  
2.05  0.0501816  2.05  0.0501816  
2.13015  0.343668  2.13115  0.344672  
2.05  0.0504729  2.05  0.0504729  
2.05  0.050209  2.05  0.050209  
2.05147  0.0531851  2.05147  0.0531851  
2.05889  0.0663734  2.05889  0.0663734  
2.05  0.0502442  2.05  0.0502442  
2.05019  0.050974  2.05019  0.050974  
2.05  0.0502629  2.05  0.0502629  
2.11235  0.235092  2.11236  0.235104  
2.05  0.0501816  2.05  0.0501816  
2.1307  0.344218  2.13115  0.344672  
2.05  0.0504729  2.05  0.0504729  
2.05  0.050209  2.05  0.050209  
2.05147  0.0531851  2.0514  0.0734475  
2.05889  0.0663734  2.05889  0.0663734  
2.05  0.0502442  2.05  0.0502442  
2.05019  0.050974  2.05019  0.050974  
2.05  0.0502629  2.05  0.0502629  
2.11235  0.235092  2.11235  0.235092  
2.05  0.0501816  2.05  0.0501816  
2.13115  0.344672  2.13115  0.344672  
2.05  0.0504729  2.05  0.0504729  
2.05  0.050209  2.05  0.050209  
2.05147  0.0531851  2.05147  0.0531851  
2.05889  0.0663734  2.05889  0.0663734  
2.05  0.0502442  2.05  0.0502442  
2.05019  0.050974  2.06276  0.0635389  
2.05  0.0502629  2.05  0.0502629  
2.11235  0.235092  2.11235  0.235092  
2.05  0.0501816  2.05  0.0501816  
1.88519  1.6405  
1.78843  2.02774  
2.05  0.0501816  
1.8627  1.7401  
0.499189  3.9921  
1.7397  2.19915  
1.85488  1.7733  
1.82799  1.88169  
1.88172  1.65599  
1.85086  1.79146  
1.87471  1.68759  
1.8835  1.64789  
1.84526  1.81305  
1.86465  1.7317  
1.85799  1.76017  
1.88547  1.6388  
1.87905  1.66974  
1.86756  1.7191  
1.8146  1.93275  
1.87692  1.67812  
1.83826  1.84139  
1.88282  1.65148  
1.86087  1.74793  
1.87  1.70955  
1.88073  1.66053  
1.88269  1.65158  
1.87641  1.68037  
1.87129  1.705  
1.88036  1.66224  
1.86639  1.72418  
1.87262  1.69688  
1.88134  1.65771  
1.88151  1.65718  
1.58671  2.61117  
1.88415  1.64541  
1.8717  1.70097  
1.88592  1.63714  
1.88016  1.66322  
1.87443  1.68905  
1.87521  1.68542  
1.86872  1.71409  
1.88263  1.65186  
1.8791  1.66797  
1.87349  1.69393  
1.8818  1.65564  
1.88062  1.66154  
1.87714  1.67677  
1.88614  1.6357  
1.88208  1.65453  
1.8836  1.64737  
1.88057  1.6616  
1.88374  1.64674  
1.88454  1.64308  
1.88218  1.65391  
1.87849  1.67066  
1.88315  1.64946  
1.8811  1.65912  
1.87585  1.68283  
1.88506  1.64079  
1.88572  1.63765  
1.87741  1.67551  
1.88074  1.66046  
1.882  1.65473  
1.87932  1.66689  
1.88349  1.64815  
1.88524  1.63985  
1.87984  1.66478  
2.0547  0.0551699  
1.50341  4.037  
2.06296  2.94917  
2.34791  2.53299  
1.63824  3.85453  
2.45219  2.48862  
1.49325  4.12794  
1.66833  3.87947  
1.42346  4.21767  
2.07721  2.5914  
2.19396  3.10097  
2.32972  2.48453  
2.11617  3.09061  
2.28738  2.23507  
1.76225  3.57854  
1.69124  3.90831  
2.34014  2.66527  
2.08239  3.03223  
2.23497  2.48704  
1.19772  4.23642  
1.99974  2.91381  
1.3833  3.95865  
2.16599  3.05119  
1.94958  3.48312  
1.96404  3.33765  
2.37282  1.79509  
2.35442  2.63851  
1.85347  3.34858  
1.69232  4.17675  
2.01451  3.10309  
2.45579  1.59836  
2.42407  1.76042  
1.46989  3.97452  
2.09909  0.232582  2.09909  0.232582  
2.05  0.0502535  2.05  0.0502535  
2.05  0.0502488  2.05  0.0502488  
2.05  0.05025  2.0543  0.0545498  
2.05069  0.051956  2.05069  0.051956  
2.05  0.0502445  2.05  0.0502445  
2.05006  0.0512187  2.05006  0.0512187  
2.05  0.0502549  2.05  0.0502549  
2.05783  0.0851229  2.05783  0.0851229  
2.05  0.0501927  2.05  0.0501927  
2.09727  0.230758  2.09909  0.232582  
2.05  0.0502535  2.03938  0.461722  
2.05  0.0502488  2.05  0.0502488  
2.05  0.05025  2.05  0.05025  
2.05069  0.051956  2.05069  0.051956  
2.05  0.0502445  2.05  0.0502445  
2.05006  0.0512187  2.05006  0.0512187  
2.05  0.0502549  2.05  0.0502549  
2.05783  0.0851229  2.05783  0.0851229  
2.05  0.0501927  2.05  0.0501927  
2.09727  0.230758  2.09727  0.230758  
2.05  0.0502535  2.05  0.0502535  
2.05  0.0502488  2.05  0.0502488  
2.05  0.05025  2.05  0.05025  
2.05069  0.051956  2.05069  0.051956  
2.05  0.0502445  2.05  0.0502445  
2.05006  0.0512187  2.05006  0.0512187  
2.05  0.0502549  2.05  0.0502549  
2.05783  0.085122  2.06026  0.20284  
2.05  0.0501927  2.05  0.0501927  
2.10012  0.233605  2.09727  0.230758  
2.05  0.0502535  2.05023  0.050481  
2.05  0.0502488  2.04972  0.116734  
2.05  0.05025  2.05  0.05025  
2.05069  0.051956  2.05069  0.051956  
2.05  0.0502445  2.05  0.0502445  
2.05006  0.0512187  2.05006  0.0512187  
2.05  0.0502549  2.05  0.0502549  
2.05779  0.0850814  2.05783  0.085122  
2.05  0.0501927  2.05  0.0501927  
2.09877  0.232264  2.09877  0.232264  
2.05  0.0502535  2.05  0.0502535  
2.05  0.0502488  2.05  0.0502488  
2.05  0.05025  2.05  0.05025  
2.05069  0.051956  2.05069  0.051956  
2.05  0.0502445  2.05  0.0502445  
2.05006  0.0512187  2.05006  0.0512187  
2.05  0.0502549  2.04888  0.403885  
2.05779  0.0850814  2.05779  0.0850814  
2.05  0.0501927  2.05  0.0501927  
2.09792  0.231407  2.09909  0.232582  
2.05  0.0502535  2.05  0.0502535  
2.05  0.0502488  2.05  0.0502488  
2.05  0.05025  2.05  0.05025  
2.05069  0.051956  2.05069  0.051956  
2.05  0.0502445  2.05  0.0502445  
2.05006  0.0512187  2.05006  0.0512187  
2.05  0.0502549  2.05  0.0502549  
2.05779  0.0850814  2.05783  0.0851229  
2.05  0.0501927  2.05  0.0501927  
2.09877  0.232264  2.09878  0.232272  
2.05  0.0502535  2.05  0.0502535  
2.05  0.0502488  2.05  0.0502488  
2.05  0.05025  2.05  0.05025  
2.05069  0.051956  2.05069  0.051956  
2.05  0.0502445  2.05  0.0502445  
2.05006  0.0512187  2.05081  0.0519677  
2.05  0.0502549  2.05  0.0502549  
2.05779  0.0850814  2.05779  0.0850814  
2.05  0.0501927  2.05  0.0501927  
2.09878  0.232272  2.09912  0.232615  
2.05  0.0502535  2.05  0.0502535  
2.05  0.0502488  2.05  0.0502488  
2.05  0.05025  2.05983  0.0600822  
2.05069  0.051956  2.05069  0.051956  
2.05  0.0502445  2.05  0.0502445  
2.05006  0.0512187  2.05006  0.0512187  
2.05  0.0502549  2.05  0.0502549  
2.05779  0.0850814  2.05779  0.0850814  
2.05  0.0501927  2.05  0.0501927  
2.09912  0.232615  2.09909  0.232582  
2.05  0.0502535  2.05  0.0502535  
2.05  0.0502488  2.05  0.0502488  
2.05  0.05025  2.05  0.05025  
2.05069  0.051956  2.05069  0.051956  
2.05  0.0502445  2.05  0.0502445  
2.05006  0.0512187  2.05006  0.0512187  
2.05  0.0502549  2.05  0.0502549  
2.05779  0.0850814  2.05779  0.0850814  
2.05  0.0501927  2.05236  0.0803004  
2.09909  0.232582  2.10012  0.233605  
2.05  0.0502535  2.05  0.0502535  
2.05  0.0502488  2.05  0.0502488  
2.05  0.05025  2.05  0.05025  
2.05069  0.051956  2.05069  0.051956  
2.05  0.0502445  2.0606  0.0608406  
2.05006  0.0512187  2.05006  0.0512187  
2.05  0.0502549  2.05  0.0502549  
2.05779  0.0850814  2.05779  0.0850814  
2.05  0.0501927  2.05  0.0501927  
1.88519  1.6405  
1.78843  2.02774  
2.05  0.0502549  
1.8627  1.7401  
0.499189  3.9921  
1.7397  2.19915  
1.85488  1.7733  
1.82799  1.88169  
1.88172  1.65599  
1.85086  1.79146  
1.87471  1.68759  
1.8835  1.64789  
1.84526  1.81305  
1.86465  1.7317  
1.85799  1.76017  
1.88547  1.6388  
1.87893  1.66865  
1.86756  1.7191  
1.8146  1.93275  
1.87692  1.67812  
1.83826  1.84139  
1.88282  1.65148  
1.86061  1.74903  
1.87  1.70955  
1.88073  1.66053  
1.88269  1.65158  
1.87667  1.68017  
1.87094  1.70432  
1.88036  1.66224  
1.86639  1.72418  
1.87262  1.69688  
1.88134  1.65771  
1.88151  1.65718  
1.58671  2.61117  
1.88415  1.64541  
1.8717  1.70097  
1.88592  1.63714  
1.88016  1.66322  
1.87443  1.68905  
1.87521  1.68542  
1.86872  1.71409  
1.88263  1.65186  
1.8791  1.66797  
1.87315  1.69464  
1.8818  1.65564  
1.88062  1.66154  
1.87714  1.67677  
1.88595  1.63655  
1.88206  1.65448  
1.8836  1.64737  
1.88057  1.6616  
1.88374  1.64674  
1.88454  1.64308  
1.88218  1.65391  
1.87849  1.67066  
1.88315  1.64946  
1.8811  1.65912  
1.87585  1.68283  
1.88506  1.64079  
1.88572  1.63765  
1.87741  1.67551  
1.88074  1.66046  
1.882  1.65473  
1.87932  1.66689  
1.88349  1.64815  
1.88524  1.63985  
1.87984  1.66478  
1.87612  1.68129  
1.88546  1.63884  
1.88404  1.64666  
1.88303  1.65001  
1.88351  1.64778  
1.87826  1.6717  
2.0501  0.0502964  
1.66833  3.87947  
1.42346  4.21767  
2.07721  2.5914  
2.19396  3.10097  
2.32972  2.48453  
2.11617  3.09061  
2.28738  2.23507  
1.76225  3.57854  
1.69124  3.90831  
2.34014  2.66527  
2.08239  3.03223  
2.23497  2.48704  
1.19772  4.23642  
1.99974  2.91381  
1.3833  3.95865  
2.16599  3.05119  
1.94958  3.48312  
1.96404  3.33765  
2.37282  1.79509  
2.35442  2.63851  
1.85347  3.34858  
1.69232  4.17675  
2.01451  3.10309  
2.45579  1.59836  
2.42407  1.76042  
1.46989  3.97452  
2.09628  0.179589  2.09615  0.216443  
2.05  0.0502412  2.05  0.0502412  
2.05  0.0502657  2.05  0.0502657  
2.07055  0.0750846  2.0721  0.0766286  
2.05002  0.0511584  2.05002  0.0511584  
2.05  0.0501949  2.05  0.0501949  
2.05  0.0502345  2.05  0.0502345  
2.05  0.050237  2.05171  0.0900651  
2.05  0.0502057  2.05  0.0502057  
2.05  0.0502279  2.05  0.0502279  
2.09615  0.216443  2.09628  0.179589  
2.05  0.0502412  2.05  0.0502412  
2.05  0.0502657  2.05  0.0502657  
2.06967  0.0742053  2.07055  0.0750846  
2.05002  0.0511584  2.05002  0.0511584  
2.05  0.0501949  2.05  0.0501949  
2.05  0.0502345  2.05  0.0502345  
2.05  0.050237  2.05032  0.0672566  
2.05  0.0502057  2.05  0.0502057  
2.05  0.0502279  2.05  0.0502279  
2.09615  0.216443  2.09615  0.216443  
2.05  0.0502412  2.05  0.0502412  
2.05  0.0502657  2.05  0.0502657  
2.06885  0.0733796  2.06967  0.0742053  
2.05002  0.0511584  2.05002  0.0511584  
2.05  0.0501949  2.05  0.0501949  
2.05  0.0502345  2.05  0.0502345  
2.05  0.050237  2.05  0.050237  
2.05  0.0502057  2.05  0.0502057  
2.05  0.0502279  2.05199  0.0522191  
2.09628  0.17959  2.09628  0.17959  
2.05  0.0502412  2.05  0.0502412  
2.05  0.0502657  2.05  0.0502657  
2.06707  0.0715956  2.06707  0.0715956  
2.05002  0.0511584  2.05002  0.0511584  
2.05  0.0501949  2.05  0.0501949  
2.05  0.0502345  2.05  0.0502345  
2.05  0.050237  2.05  0.050237  
2.05  0.0502057  2.0554  0.0556056  
2.05  0.0502279  2.05  0.0502279  
2.09477  0.178076  2.09477  0.178076  
2.05  0.0502412  2.05  0.0502412  
2.05  0.0502657  2.05356  0.0538259  
2.06707  0.0715956  2.06707  0.0715956  
2.05002  0.0511584  2.05002  0.0511584  
2.05  0.0501949  2.05  0.0501949  
2.05  0.0502345  2.05  0.0502345  
2.05  0.050237  2.05  0.050237  
2.05  0.0502057  2.05  0.0502057  
2.05  0.0502279  2.05  0.0502279  
2.09615  0.216443  2.09615  0.216443  
2.05  0.0502412  2.05  0.0502412  
2.05  0.0502657  2.05  0.0502657  
2.07095  0.0754781  2.07095  0.0754781  
2.05002  0.0511584  2.05002  0.0511584  
2.05  0.0501949  2.05  0.0501949  
2.05  0.0502345  2.05851  0.0587475  
2.05  0.050237  2.05  0.050237  
2.05  0.0502057  2.05  0.0502057  
2.05  0.0502279  2.05  0.0502279  
2.09752  0.180826  2.09752  0.180826  
2.05  0.0502412  2.05  0.0502412  
2.05  0.0502657  2.05  0.0502657  
2.06707  0.0715956  2.06707  0.0715956  
2.05002  0.0511584  2.05002  0.0511584  
2.05  0.0501949  2.05  0.0501949  
2.05  0.0502345  2.05199  0.0522256  
2.05  0.050237  2.05  0.050237  
2.05  0.0502057  2.05  0.0502057  
2.05  0.0502279  2.05  0.0502279  
2.09628  0.17959  2.09615  0.216443  
2.05  0.0502412  2.05  0.0502412  
2.05  0.0502657  2.05  0.0502657  
2.06885  0.0733796  2.0721  0.0766286  
2.05002  0.0511584  2.05002  0.0511584  
2.05  0.0501949  2.05  0.0501949  
2.05  0.0502345  2.05  0.0502345  
2.05  0.050237  2.05  0.050237  
2.05  0.0502057  2.05  0.0502057  
2.05  0.0502279  2.05  0.0502279  
2.09628  0.179589  2.09628  0.179589  
2.05  0.0502412  2.05  0.0502412  
2.05  0.0502657  2.05  0.0502657  
2.06885  0.0733796  2.06885  0.0733796  
2.05002  0.0511584  2.05002  0.0511584  
2.05  0.0501949  2.05  0.0501949  
2.05  0.0502345  2.05  0.0502345  
2.05  0.050237  2.05  0.050237  
2.05  0.0502057  2.05  0.0502057  
2.05  0.0502279  2.05132  0.051543  
2.09858  0.181888  2.09615  0.216443  
2.05  0.0502412  2.05  0.0502412  
2.05  0.0502657  2.05  0.0502657  
2.06885  0.0733796  2.06885  0.0733796  
2.05002  0.0511584  2.05002  0.0511584  
2.05  0.0501949  2.05  0.0501949  
2.05  0.0502345  2.05  0.0502345  
2.05  0.050237  2.05093  0.0511711  
2.05  0.0502057  2.05  0.0502057  
2.05  0.0502279  2.05  0.0502279  
1.88519  1.6405  
1.78843  2.02774  
2.05  0.050237  
1.8627  1.7401  
0.499189  3.9921  
1.7397  2.19915  
1.85488  1.7733  
1.82803  1.88152  
1.88172  1.65599  
1.85086  1.79146  
1.87471  1.68759  
1.8835  1.64789  
1.84526  1.81305  
1.86465  1.7317  
1.85799  1.76017  
1.88547  1.6388  
1.87893  1.66865  
1.86756  1.7191  
1.8146  1.93275  
1.87692  1.67812  
1.83826  1.84139  
1.88282  1.65148  
1.86061  1.74903  
1.87  1.70955  
1.88073  1.66053  
1.88269  1.65158  
1.87667  1.68017  
1.87094  1.70432  
1.88036  1.66224  
1.86639  1.72418  
1.87262  1.69688  
1.88134  1.65771  
1.88151  1.65718  
1.58671  2.61117  
1.88415  1.64541  
1.8717  1.70097  
1.88592  1.63714  
1.88016  1.66322  
1.87443  1.68905  
1.87521  1.68542  
1.86872  1.71409  
1.88263  1.65186  
1.8791  1.66797  
1.87315  1.69464  
1.8818  1.65564  
1.88063  1.66099  
1.87714  1.67677  
1.88595  1.63655  
1.88206  1.65448  
1.8836  1.64737  
1.88057  1.6616  
1.88374  1.64674  
1.88454  1.64308  
1.88218  1.65391  
1.87849  1.67066  
1.88315  1.64946  
1.8811  1.65912  
1.87585  1.68283  
1.88506  1.64079  
1.88572  1.63765  
1.87741  1.67551  
1.88074  1.66046  
1.882  1.65473  
1.87932  1.66689  
1.88349  1.64815  
1.88524  1.63985  
1.87984  1.66478  
1.87612  1.68129  
1.88546  1.63884  
1.88404  1.64666  
1.88303  1.65001  
1.88351  1.64778  
1.87826  1.6717  
1.87884  1.66917  
1.88153  1.65685  
1.88098  1.65935  
1.87796  1.67316  
1.88442  1.64368  
2.04978  0.111456  
2.11617  3.09061  
2.28738  2.23507  
1.76225  3.57854  
1.69124  3.90831  
2.34014  2.66527  
2.08239  3.03223  
2.23497  2.48704  
1.19772  4.23642  
1.99974  2.91381  
1.3833  3.95865  
2.16599  3.05119  
1.94958  3.48312  
1.96404  3.33765  
2.37282  1.79509  
2.35442  2.63851  
1.85347  3.34858  
1.69232  4.17675  
2.01451  3.10309  
2.45579  1.59836  
2.42407  1.76042  
1.46989  3.97452  
2.12848  0.408357  2.13199  0.272425  
2.05  0.050761  2.05  0.050761  
2.05  0.0502123  2.05  0.0502123  
2.05  0.0506698  2.05  0.0506698  
2.0538  0.0576273  2.0538  0.0576273  
2.05  0.0502285  2.05  0.0502285  
2.07242  0.115278  2.07251  0.115369  
2.05  0.0502702  2.05309  0.0533629  
2.05019  0.0522971  2.05019  0.0522971  
2.05  0.0502279  2.05  0.0502279  
2.13205  0.272485  2.13205  0.272485  
2.05  0.050761  2.05  0.050761  
2.05  0.0502123  2.05184  0.0585306  
2.05  0.0506698  2.05  0.0506698  
2.0538  0.0576273  2.0538  0.0576273  
2.05  0.0502285  2.05  0.0502285  
2.07242  0.115278  2.07242  0.115278  
2.05  0.0502702  2.05  0.0502702  
2.05019  0.0522971  2.05019  0.0522971  
2.05  0.0502279  2.05  0.0502279  
2.13201  0.272445  2.13201  0.272445  
2.05  0.050761  2.05  0.050761  
2.05  0.0502123  2.05  0.0502123  
2.05  0.0506698  2.05  0.0506698  
2.0538  0.0576273  2.0538  0.0576273  
2.05  0.0502285  2.06598  0.0992218  
2.07242  0.115278  2.07242  0.115278  
2.05  0.0502702  2.05  0.0502702  
2.05019  0.0522971  2.05019  0.0522971  
2.05  0.0502279  2.05  0.0502279  
2.12906  0.2695  2.13199  0.272425  
2.05  0.050761  2.05  0.050761  
2.05  0.0502123  2.05  0.0502123  
2.05  0.0506698  2.05  0.0506698  
2.0538  0.0576273  2.05376  0.0575939  
2.05  0.0502285  2.05  0.0502285  
2.07242  0.115278  2.07667  0.11953  
2.05  0.0502702  2.05  0.0502702  
2.05019  0.0522971  2.05019  0.0522971  
2.05  0.0502279  2.05625  0.0564748  
2.13199  0.272425  2.13382  0.274259  
2.05  0.050761  2.05  0.050761  
2.05  0.0502123  2.05  0.0502123  
2.05  0.0506698  2.05  0.0506698  
2.05376  0.0575939  2.0538  0.0576273  
2.05  0.0502285  2.05  0.0502285  
2.07667  0.11953  2.07118  0.114034  
2.05  0.0502702  2.05905  0.164994  
2.05019  0.0522971  2.05019  0.0522971  
2.05  0.0502279  2.05  0.0502279  
2.13382  0.274259  2.13199  0.272425  
2.05  0.050761  2.05  0.050761  
2.05  0.0502123  2.05  0.0502123  
2.05  0.0506698  2.05  0.0506698  
2.0538  0.0576273  2.0538  0.0576273  
2.05  0.0502285  2.05  0.0502285  
2.07118  0.114034  2.07251  0.115369  
2.05  0.0502702  2.05  0.0502702  
2.05019  0.0522971  2.05019  0.0522971  
2.05  0.0502279  2.05  0.0502279  
2.13199  0.272425  2.13199  0.272425  
2.05  0.050761  2.05  0.050761  
2.05  0.0502123  2.05  0.0502123  
2.05  0.0506698  2.05  0.0506698  
2.05376  0.0575939  2.05376  0.0575939  
2.05  0.0502285  2.05  0.0502285  
2.07251  0.115369  2.07251  0.115369  
2.05  0.0502702  2.05001  0.0502784  
2.05019  0.0522971  2.05019  0.0522971  
2.05  0.0502279  2.05  0.0502279  
2.13201  0.272445  2.13201  0.272445  
2.05  0.050761  2.05  0.050761  
2.05  0.0502123  2.05  0.0502123  
2.05  0.0506698  2.05  0.0506698  
2.0538  0.0576273  2.0538  0.0576273  
2.05  0.0502285  2.05  0.0502285  
2.07118  0.114034  2.07118  0.114034  
2.05  0.0502702  2.05  0.0502702  
2.05019  0.0522971  2.05381  0.0559116  
2.05  0.0502279  2.05  0.0502279  
2.13382  0.274259  2.13382  0.274259  
2.05  0.050761  2.05  0.050761  
2.05  0.0502123  2.05  0.0502123  
2.05  0.0506698  2.05002  0.0506884  
2.0538  0.0576273  2.0538  0.0576273  
2.05  0.0502285  2.05  0.0502285  
2.07118  0.114034  2.07118  0.114034  
2.05  0.0502702  2.05  0.0502702  
2.05019  0.0522971  2.05019  0.0522971  
2.05  0.0502279  2.05  0.0502279  
2.12848  0.408357  2.12906  0.2695  
2.05  0.050761  2.05  0.050761  
2.05  0.0502123  2.05  0.0502123  
2.05  0.0506698  2.06369  0.0643613  
2.0538  0.0576273  2.0538  0.0576273  
2.05  0.0502285  2.05  0.0502285  
2.07232  0.115179  2.07242  0.115278  
2.05  0.0502702  2.05  0.0502702  
2.05019  0.0522971  2.05019  0.0522971  
2.05  0.0502279  2.05  0.0502279  
1.88519  1.6405  
1.78757  2.03077  
2.05  0.0502285  
1.8627  1.7401  
0.499189  3.9921  
1.7397  2.19915  
1.85488  1.7733  
1.82803  1.88152  
1.88171  1.6561  
1.85086  1.79146  
1.87471  1.68759  
1.8835  1.64789  
1.84526  1.81305  
1.86465  1.7317  
1.85799  1.76017  
1.88547  1.6388  
1.87893  1.66865  
1.86756  1.7191  
1.81316  1.93938  
1.87692  1.67812  
1.83826  1.84139  
1.88272  1.65146  
1.86061  1.74903  
1.87  1.70955  
1.88073  1.66053  
1.88269  1.65158  
1.87667  1.68017  
1.87094  1.70432  
1.88034  1.66229  
1.86639  1.72418  
1.87262  1.69688  
1.88134  1.65771  
1.88151  1.65718  
1.58671  2.61117  
1.88415  1.64541  
1.87167  1.70108  
1.88592  1.63714  
1.88016  1.66311  
1.87443  1.68905  
1.87521  1.68542  
1.86872  1.71409  
1.88263  1.65186  
1.8791  1.66797  
1.87315  1.69464  
1.8818  1.65564  
1.88063  1.66099  
1.87714  1.67677  
1.88595  1.63655  
1.88206  1.65448  
1.8836  1.64737  
1.88057  1.6616  
1.88374  1.64674  
1.88454  1.64308  
1.88218  1.65391  
1.87849  1.67066  
1.88315  1.64946  
1.8811  1.65912  
1.87566  1.68335  
1.88506  1.64079  
1.88572  1.63765  
1.87741  1.67551  
1.88433  1.64403  
1.882  1.65473  
1.87932  1.66689  
1.88349  1.64815  
1.88524  1.63985  
1.87984  1.66478  
1.87612  1.68129  
1.88546  1.63884  
1.88404  1.64666  
1.88303  1.65001  
1.88351  1.64778  
1.87826  1.6717  
1.87884  1.66917  
1.88153  1.65685  
1.88098  1.65935  
1.87796  1.67316  
1.88442  1.64368  
1.88188  1.65525  
1.88493  1.64172  
1.87784  1.67394  
1.88471  1.64233  
1.88258  1.65209  
2.05001  0.0507688  
2.08239  3.03223  
2.23497  2.48704  
1.19772  4.23642  
1.99974  2.91381  
1.3833  3.95865  
2.16599  3.05119  
1.94958  3.48312  
1.96404  3.33765  
2.37282  1.79509  
2.35442  2.63851  
1.85347  3.34858  
1.69232  4.17675  
2.01451  3.10309  
2.45579  1.59836  
2.42407  1.76042  
1.46989  3.97452  
2.07819  0.226406  2.07819  0.226406  
2.05  0.0502652  2.05817  0.0855027  
2.05  0.0502197  2.05  0.0502197  
2.05  0.0502167  2.05  0.0502167  
2.0501  0.0507516  2.0501  0.0507516  
2.05  0.0502285  2.05  0.0502285  
2.05  0.0507193  2.05  0.0507193  
2.05  0.0504264  2.05  0.0504264  
2.06254  0.100533  2.06254  0.100533  
2.05  0.0502279  2.05  0.0502279  
2.08039  0.215579  2.08039  0.215579  
2.05  0.0502652  2.05  0.0502652  
2.05  0.0502197  2.05  0.0502197  
2.05  0.0502167  2.05  0.0502167  
2.0501  0.0507516  2.0501  0.0507516  
2.05  0.0502285  2.05114  0.0513725  
2.05  0.0507193  2.05  0.0507193  
2.05  0.0504264  2.05  0.0504264  
2.06254  0.100533  2.06254  0.100533  
2.05  0.0502279  2.05  0.0502279  
2.08039  0.215579  2.08039  0.215579  
2.05  0.0502652  2.05  0.0502652  
2.05  0.0502197  2.05  0.0502197  
2.05  0.0502167  2.05316  0.100932  
2.0501  0.0507516  2.0501  0.0507516  
2.05  0.0502285  2.05  0.0502285  
2.05  0.0507193  2.05  0.0507193  
2.05  0.0504264  2.05  0.0504264  
2.06254  0.100533  2.06254  0.100533  
2.05  0.0502279  2.05  0.0502279  
2.08014  0.215328  2.08014  0.215328  
2.05  0.0502652  2.05009  0.0503584  
2.05  0.0502197  2.05  0.0502197  
2.05  0.0502167  2.05  0.0502167  
2.0501  0.0507516  2.0501  0.0507516  
2.05  0.0502285  2.05  0.0502285  
2.05  0.0507193  2.05  0.0507193  
2.05  0.0504264  2.05  0.0504264  
2.06254  0.100533  2.06254  0.100533  
2.05  0.0502279  2.05  0.0502279  
2.07843  0.212718  2.07843  0.212718  
2.05  0.0502652  2.05  0.0502652  
2.05  0.0502197  2.05  0.0502197  
2.05  0.0502167  2.05  0.0502167  
2.0501  0.0507516  2.06243  0.0630873  
2.05  0.0502285  2.05  0.0502285  
2.05  0.0507193  2.05  0.0507193  
2.05  0.0504264  2.05  0.0504264  
2.06253  0.100526  2.06253  0.100526  
2.05  0.0502279  2.05  0.0502279  
2.07841  0.212699  2.07841  0.212699  
2.05  0.0502652  2.05  0.0502652  
2.05  0.0502197  2.05  0.0502197  
2.05  0.0502167  2.05  0.0502167  
2.0501  0.0507516  2.06258  0.0632286  
2.05  0.0502285  2.05  0.0502285  
2.05  0.0507193  2.05  0.0507193  
2.05  0.0504264  2.05  0.0504264  
2.06253  0.100526  2.06253  0.100526  
2.05  0.0502279  2.05  0.0502279  
2.07789  0.242159  2.07789  0.242159  
2.05  0.0502652  2.05  0.0502652  
2.05  0.0502197  2.05  0.0502197  
2.05  0.0502167  2.05  0.0502167  
2.0501  0.0507516  2.0501  0.0507516  
2.05  0.0502285  2.05  0.0502285  
2.05  0.0507193  2.0501  0.0722825  
2.05  0.0504264  2.05  0.0504264  
2.06253  0.100526  2.06253  0.100526  
2.05  0.0502279  2.05  0.0502279  
2.07846  0.213648  2.07846  0.213648  
2.05  0.0502652  2.05  0.0502652  
2.05  0.0502197  2.05  0.0502197  
2.05  0.0502167  2.05  0.0502167  
2.0501  0.0507516  2.0501  0.0507516  
2.05  0.0502285  2.05  0.0502285  
2.05  0.0507193  2.05  0.0507193  
2.05  0.0504264  2.05  0.0504264  
2.06254  0.100533  2.06245  0.130013  
2.05  0.0502279  2.05  0.0502279  
2.07703  0.21221  2.07703  0.21221  
2.05  0.0502652  2.05  0.0502652  
2.05  0.0502197  2.05  0.0502197  
2.05  0.0502167  2.05  0.0502167  
2.0501  0.0507516  2.0501  0.0507516  
2.05  0.0502285  2.05025  0.0504789  
2.05  0.0507193  2.05  0.0507193  
2.05  0.0504264  2.05  0.0504264  
2.06254  0.100533  2.06254  0.100533  
2.05  0.0502279  2.05  0.0502279  
2.07912  0.214301  2.07912  0.214301  
2.05  0.0502652  2.05  0.0502652  
2.05  0.0502197  2.05018  0.050396  
2.05  0.0502167  2.05  0.0502167  
2.0501  0.0507516  2.0501  0.0507516  
2.05  0.0502285  2.05  0.0502285  
2.05  0.0507193  2.05  0.0507193  
2.05  0.0504264  2.05  0.0504264  
2.06254  0.100533  2.06254  0.100533  
2.05  0.0502279  2.05  0.0502279  
1.88519  1.6405  
1.78757  2.03077  
2.05  0.0502285  
1.8627  1.7401  
0.499189  3.9921  
1.7397  2.19915  
1.85488  1.7733  
1.82803  1.88152  
1.88171  1.6561  
1.85086  1.79146  
1.87471  1.68759  
1.8835  1.64789  
1.84526  1.81305  
1.86465  1.7317  
1.85799  1.76017  
1.88547  1.6388  
1.87893  1.66865  
1.86756  1.7191  
1.81293  1.93901  
1.87692  1.67812  
1.83826  1.84139  
1.88272  1.65146  
1.86061  1.74903  
1.87  1.70955  
1.88073  1.66053  
1.88269  1.65158  
1.87645  1.67981  
1.87094  1.70432  
1.88034  1.66229  
1.86639  1.72418  
1.87238  1.69796  
1.88134  1.65771  
1.88143  1.65734  
1.58671  2.61117  
1.88415  1.64541  
1.87167  1.70108  
1.88586  1.63698  
1.88016  1.66311  
1.8742  1.68988  
1.87521  1.68542  
1.86872  1.71409  
1.88264  1.6518  
1.8791  1.66797  
1.87315  1.69464  
1.8818  1.65564  
1.88058  1.66116  
1.87714  1.67677  
1.88595  1.63655  
1.88206  1.65448  
1.8836  1.64737  
1.88043  1.66186  
1.88374  1.64674  
1.88454  1.64308  
1.88218  1.65391  
1.87849  1.67066  
1.88315  1.64946  
1.8811  1.65912  
1.87566  1.68335  
1.88506  1.64079  
1.88572  1.63765  
1.87741  1.67551  
1.88433  1.64403  
1.882  1.65473  
1.87932  1.66689  
1.88349  1.64815  
1.88524  1.63985  
1.87984  1.66478  
1.87612  1.68129  
1.88546  1.63884  
1.88404  1.64666  
1.88303  1.65001  
1.88351  1.64778  
1.87826  1.6717  
1.87884  1.66917  
1.88153  1.65685  
1.88098  1.65935  
1.87796  1.67316  
1.88442  1.64368  
1.88188  1.65525  
1.88493  1.64172  
1.87784  1.67394  
1.88471  1.64233  
1.88258  1.65209  
1.88313  1.64953  
1.88524  1.63986  
1.88503  1.6408  
1.88001  1.66376  
1.88164  1.65634  
1.87385  1.69144  
1.88498  1.64124  
2.05822  0.0589353  
1.96404  3.33765  
2.37282  1.79509  
2.35442  2.63851  
1.85347  3.34858  
1.69232  4.17675  
2.01451  3.10309  
2.45579  1.59836  
2.42407  1.76042  
1.46989  3.97452  
2.05079  0.0556173  2.05079  0.0556176  
2.05  0.0502293  2.05  0.0502293  
2.05  0.0502197  2.05  0.0502197  
2.05  0.0502292  2.05  0.0502292  
2.05  0.0509777  2.05  0.0509777  
2.05  0.0502285  2.05  0.0502285  
2.05  0.0502213  2.05  0.0502213  
2.05  0.0501854  2.05  0.0501854  
2.05  0.0502722  2.05  0.0502722  
2.05  0.0502295  2.05  0.0502295  
2.05078  0.055611  2.05079  0.0556176  
2.05  0.0502293  2.05  0.0502293  
2.05  0.0502197  2.05  0.0502197  
2.05  0.0502292  2.05  0.0502292  
2.05  0.0509777  2.05  0.0509777  
2.05  0.0502285  2.05  0.0502285  
2.05  0.0502213  2.05  0.0502213  
2.05  0.0501854  2.05  0.0501854  
2.05  0.0502722  2.05  0.0502722  
2.05  0.0502295  2.05  0.0502295  
2.05078  0.0556109  2.05079  0.0556173  
2.05  0.0502293  2.05  0.0502293  
2.05  0.0502197  2.05  0.0502197  
2.05  0.0502292  2.05  0.0502292  
2.05  0.0509777  2.05113  0.0521098  
2.05  0.0502285  2.05  0.0502285  
2.05  0.0502213  2.05  0.0502213  
2.05  0.0501854  2.05  0.0501854  
2.05  0.0502722  2.05  0.0502722  
2.05  0.0502295  2.05  0.0502295  
2.05106  0.0558965  2.05078  0.055611  
2.05  0.0502293  2.05  0.0502293  
2.05  0.0502197  2.0512  0.0514167  
2.05  0.0502292  2.05  0.0502292  
2.05  0.0509776  2.05  0.0509777  
2.05  0.0502285  2.05  0.0502285  
2.05  0.0502213  2.05  0.0502213  
2.05  0.0501854  2.05  0.0501854  
2.05  0.0502722  2.05  0.0502722  
2.05  0.0502295  2.05  0.0502295  
2.05078  0.055611  2.05078  0.0556109  
2.05  0.0502293  2.05  0.0502293  
2.05  0.0502197  2.05  0.0502197  
2.05  0.0502292  2.05  0.0502292  
2.05  0.0509776  2.05  0.0509777  
2.05  0.0502285  2.05  0.0502285  
2.05  0.0502213  2.05  0.0502213  
2.05  0.0501854  2.05032  0.228148  
2.05  0.0502722  2.05  0.0502722  
2.05  0.0502295  2.05  0.0502295  
2.05072  0.0555505  2.05078  0.055611  
2.05  0.0502293  2.05  0.0502293  
2.05  0.0502197  2.05  0.0502197  
2.05  0.0502292  2.05018  0.0504136  
2.05  0.0509776  2.05  0.0509776  
2.05  0.0502285  2.05  0.0502285  
2.05  0.0502213  2.05  0.0502213  
2.05  0.0501854  2.05  0.0501854  
2.05  0.0502722  2.05  0.0502722  
2.05  0.0502295  2.05  0.0502295  
2.05078  0.0556108  2.05072  0.0555505  
2.05  0.0502293  2.05  0.0502293  
2.05  0.0502197  2.05  0.0502198  
2.05  0.0502292  2.05  0.0502292  
2.05  0.0509776  2.05  0.0509776  
2.05  0.0502285  2.05  0.0502285  
2.05  0.0502213  2.05  0.0502213  
2.05  0.0501854  2.05  0.0501854  
2.05  0.0502722  2.05  0.0502722  
2.05  0.0502295  2.05  0.0502295  
2.05072  0.0555505  2.05078  0.0556108  
2.05  0.0502293  2.05  0.0502293  
2.05  0.0502197  2.05  0.0502197  
2.05  0.0502292  2.05  0.0502292  
2.05  0.0509776  2.05  0.0509776  
2.05  0.0502285  2.05  0.0502285  
2.05  0.0502213  2.05  0.0502213  
2.05  0.0501854  2.04957  0.133157  
2.05  0.0502722  2.05  0.0502722  
2.05  0.0502295  2.05  0.0502295  
2.05072  0.0555505  2.05072  0.0555505  
2.05  0.0502293  2.05  0.0502293  
2.05  0.0502197  2.05  0.0502197  
2.05  0.0502292  2.05  0.0502292  
2.05  0.0509776  2.05  0.0509776  
2.05  0.0502285  2.05018  0.0566149  
2.05  0.0502213  2.05  0.0502213  
2.05  0.0501854  2.05  0.0501854  
2.05  0.0502722  2.05  0.0502722  
2.05  0.0502295  2.05  0.0502295  
2.05079  0.0556201  2.05079  0.0556201  
2.05  0.0502293  2.05  0.0502293  
2.05  0.0502197  2.05  0.0502197  
2.05  0.0502292  2.05  0.0502292  
2.05  0.0509776  2.05  0.0509776  
2.05  0.0502285  2.05  0.0502285  
2.05  0.0502213  2.05  0.0502213  
2.05  0.0501854  2.05013  0.0503198  
2.05  0.0502722  2.05  0.0502722  
2.05  0.0502295  2.05  0.0502295  
1.88519  1.6405  
1.78757  2.03077  
2.05  0.0502295  
1.8627  1.7401  
0.499189  3.9921  
1.7394  2.19096  
1.85488  1.7733  
1.82803  1.88152  
1.88171  1.6561  
1.85086  1.79146  
1.87471  1.68759  
1.8835  1.64789  
1.84526  1.81305  
1.86465  1.7317  
1.85799  1.76017  
1.88547  1.6388  
1.87893  1.66865  
1.86756  1.7191  
1.81293  1.93901  
1.87692  1.67812  
1.83826  1.84139  
1.88272  1.65146  
1.86061  1.74903  
1.87  1.70955  
1.88073  1.66053  
1.88269  1.65158  
1.87645  1.67981  
1.87094  1.70432  
1.88034  1.66229  
1.86639  1.72418  
1.87238  1.69796  
1.88134  1.65771  
1.88143  1.65734  
1.58671  2.61117  
1.88415  1.64541  
1.87167  1.70108  
1.88586  1.63698  
1.88016  1.66311  
1.8742  1.68987  
1.87521  1.68542  
1.86872  1.71409  
1.88264  1.6518  
1.87913  1.66775  
1.87315  1.69464  
1.8818  1.65564  
1.88058  1.66116  
1.87714  1.67677  
1.88595  1.63655  
1.88206  1.65448  
1.8836  1.64737  
1.88043  1.66186  
1.88374  1.64674  
1.88454  1.64308  
1.88218  1.65391  
1.87849  1.67066  
1.88315  1.64946  
1.8811  1.65912  
1.87566  1.68335  
1.88506  1.64079  
1.88572  1.63765  
1.87741  1.67551  
1.88433  1.64403  
1.882  1.65473  
1.87932  1.66689  
1.88349  1.64815  
1.88524  1.63985  
1.87984  1.66478  
1.8761  1.68141  
1.88546  1.63884  
1.88394  1.64584  
1.88303  1.65001  
1.88351  1.64778  
1.87826  1.6717  
1.87884  1.66917  
1.88153  1.65687  
1.88098  1.65935  
1.87796  1.67316  
1.88442  1.64368  
1.88188  1.65525  
1.88493  1.64172  
1.87784  1.67394  
1.88471  1.64233  
1.88258  1.65209  
1.88313  1.64953  
1.88524  1.63986  
1.88503  1.6408  
1.88001  1.66376  
1.88164  1.65634  
1.87371  1.69205  
1.88498  1.64124  
1.88126  1.65814  
2.05022  0.0504436  
2.37282  1.79509  
2.35442  2.63851  
1.85347  3.34858  
1.69232  4.17675  
2.01451  3.10309  
2.45579  1.59836  
2.42407  1.76042  
1.46989  3.97452  
2.05369  0.0653808  2.0537  0.0653932  
2.05  0.0502293  2.05  0.0502293  
2.05001  0.0504624  2.05001  0.0504624  
2.05  0.0502292  2.05  0.0502292  
2.05  0.0502295  2.05  0.0502295  
2.05  0.0502285  2.05  0.0502285  
2.05  0.0502259  2.05  0.0502259  
2.05  0.0504441  2.05  0.0504441  
2.05  0.0502152  2.05  0.0502152  
2.05  0.0502295  2.05  0.0502295  
2.05366  0.0653511  2.05366  0.0653511  
2.05  0.0502293  2.05  0.0502293  
2.05001  0.0504624  2.05001  0.0504624  
2.05  0.0502292  2.05  0.0502292  
2.05  0.0502295  2.05001  0.05024  
2.05  0.0502285  2.05  0.0502285  
2.05  0.0502259  2.05  0.0502259  
2.05  0.0504441  2.05  0.0504441  
2.05  0.0502152  2.05  0.0502152  
2.05  0.0502295  2.05  0.0502295  
2.05366  0.065349  2.05366  0.065349  
2.05  0.0502293  2.05  0.0502293  
2.05001  0.0504624  2.05001  0.0504624  
2.05  0.0502292  2.05  0.0502292  
2.05  0.0502295  2.06063  0.0626198  
2.05  0.0502285  2.05  0.0502285  
2.05  0.0502259  2.05  0.0502259  
2.05  0.0504441  2.05  0.0504441  
2.05  0.0502152  2.05  0.0502152  
2.05  0.0502295  2.05  0.0502295  
2.05365  0.0653451  2.05324  0.0649342  
2.05  0.0502293  2.05  0.0502293  
2.05001  0.0504624  2.05001  0.0504624  
2.05  0.0502292  2.05  0.0502292  
2.05  0.0502295  2.05  0.0502295  
2.05  0.0502285  2.05  0.0502285  
2.05  0.0502259  2.05  0.0502259  
2.05  0.0504441  2.05  0.0504441  
2.05  0.0502152  2.0504  0.0506138  
2.05  0.0502295  2.05  0.0502295  
2.05324  0.0649342  2.05362  0.0653089  
2.05  0.0502293  2.05  0.0502293  
2.05001  0.0504624  2.05001  0.0504624  
2.05  0.0502292  2.05  0.0502292  
2.05  0.0502295  2.05  0.0502295  
2.05  0.0502285  2.05  0.0502285  
2.05  0.0502259  2.05  0.0502259  
2.05  0.0504441  2.05  0.0504441  
2.05  0.0502152  2.05  0.0502152  
2.05  0.0502295  2.05319  0.0534226  
2.05355  0.0652456  2.0537  0.0653932  
2.05  0.0502293  2.05  0.0502293  
2.05001  0.0504624  2.05001  0.0504624  
2.05  0.0502292  2.05  0.0502292  
2.05  0.0502295  2.05  0.0502295  
2.05  0.0502285  2.05  0.0502285  
2.05  0.0502259  2.05  0.0502259  
2.05  0.0504441  2.05  0.0504441  
2.05  0.0502152  2.05  0.0502152  
2.05  0.0502295  2.05  0.0502295  
2.05362  0.0653089  2.0537  0.0653932  
2.05  0.0502293  2.05  0.0502293  
2.05001  0.0504624  2.05001  0.0504624  
2.05  0.0502292  2.05  0.0502292  
2.05  0.0502295  2.05  0.0502295  
2.05  0.0502285  2.05  0.0502285  
2.05  0.0502259  2.05  0.0502259  
2.05  0.0504441  2.05  0.0504441  
2.05  0.0502152  2.05  0.0502152  
2.05  0.0502295  2.05  0.0502295  
2.05323  0.0649251  2.05323  0.0649251  
2.05  0.0502293  2.05  0.0502293  
2.05001  0.0504624  2.05001  0.0504624  
2.05  0.0502292  2.05  0.0502292  
2.05  0.0502295  2.05  0.0502295  
2.05  0.0502285  2.05  0.0502285  
2.05  0.0502259  2.05  0.0502259  
2.05  0.0504441  2.05  0.0504441  
2.05  0.0502152  2.05  0.0502152  
2.05  0.0502295  2.05247  0.10693  
2.05349  0.0651834  2.05349  0.0651834  
2.05  0.0502293  2.05  0.0502293  
2.05001  0.0504624  2.05001  0.0504624  
2.05  0.0502292  2.05  0.0502292  
2.05  0.0502295  2.05  0.0502295  
2.05  0.0502285  2.05  0.0502285  
2.05  0.0502259  2.05  0.0502259  
2.05  0.0504441  2.03  0.652059  
2.05  0.0502152  2.05  0.0502152  
2.05  0.0502295  2.05  0.0502295  
2.05362  0.0653089  2.05365  0.0653451  
2.05  0.0502293  2.05  0.0502293  
2.05001  0.0504624  2.05001  0.0504624  
2.05  0.0502292  2.05  0.0502292  
2.05  0.0502295  2.05  0.0502295  
2.05  0.0502285  2.05  0.0502285  
2.05  0.0502259  2.05  0.0507122  
2.05  0.0504441  2.05  0.0504441  
2.05  0.0502152  2.05  0.0502152  
2.05  0.0502295  2.05  0.0502295  
1.88519  1.6405  
1.7878  2.03003  
2.05  0.0502295  
1.8627  1.7401  
0.499189  3.9921  
1.7394  2.19096  
1.85488  1.7733  
1.82803  1.88152  
1.88171  1.6561  
1.85086  1.79146  
1.87471  1.68759  
1.8835  1.64789  
1.84526  1.81305  
1.86465  1.7317  
1.85799  1.76017  
1.88547  1.6388  
1.87893  1.66866  
1.86756  1.71912  
1.81293  1.93901  
1.87692  1.67812  
1.83826  1.84139  
1.88272  1.65146  
1.86061  1.74903  
1.87  1.70955  
1.88073  1.66053  
1.88269  1.65158  
1.87645  1.67981  
1.87094  1.70432  
1.88034  1.66229  
1.86639  1.72418  
1.87238  1.69796  
1.88134  1.65771  
1.88143  1.65734  
1.58671  2.61117  
1.88415  1.64541  
1.87167  1.70108  
1.88586  1.63698  
1.88016  1.66311  
1.8742  1.68987  
1.87521  1.68542  
1.86872  1.71409  
1.88264  1.6518  
1.87913  1.66775  
1.87315  1.69464  
1.8818  1.65564  
1.88058  1.66116  
1.87714  1.67677  
1.88595  1.63655  
1.88206  1.65448  
1.8836  1.64737  
1.88043  1.66186  
1.88374  1.64674  
1.88454  1.64308  
1.88218  1.65391  
1.87849  1.67066  
1.88315  1.64946  
1.8811  1.65912  
1.87566  1.68335  
1.88506  1.64079  
1.88572  1.63765  
1.87741  1.67551  
1.88433  1.64403  
1.882  1.65473  
1.87932  1.66689  
1.88349  1.64815  
1.88524  1.63985  
1.87977  1.66516  
1.8761  1.68141  
1.88546  1.63884  
1.88394  1.64584  
1.88303  1.65001  
1.88351  1.64778  
1.87826  1.6717  
1.87884  1.66917  
1.88153  1.65687  
1.88098  1.65935  
1.87796  1.67316  
1.88442  1.64368  
1.88188  1.65525  
1.88493  1.64172  
1.87784  1.67394  
1.88471  1.64233  
1.88258  1.65209  
1.88313  1.64953  
1.88524  1.63986  
1.88503  1.6408  
1.88001  1.66376  
1.88164  1.65634  
1.87371  1.69205  
1.88498  1.64124  
1.88126  1.65814  
1.88338  1.64841  
1.87992  1.6642  
1.88555  1.63858  
1.88448  1.64333  
1.88393  1.64588  
2.05022  0.0504462  
2.45579  1.59836  
2.42407  1.76042  
1.46989  3.97452  
2.05  0.0502949  2.05363  0.0888672  
2.05  0.0502293  2.05  0.0502293  
2.05  0.0502253  2.05  0.0502253  
2.05  0.0502292  2.05  0.0502292  
2.05  0.0502295  2.05  0.0502295  
2.05  0.0502285  2.05  0.0502285  
2.05  0.0502259  2.05  0.0502259  
2.05  0.0502267  2.05  0.0502267  
2.05  0.0502292  2.05  0.0502292  
2.05  0.0502295  2.05  0.0502295  
2.05  0.0502949  2.05  0.0502949  
2.05  0.0502293  2.05  0.0502293  
2.05  0.0502253  2.05  0.0502253  
2.05  0.0502292  2.05  0.0502292  
2.05  0.0502295  2.05  0.0502295  
2.05  0.0502285  2.05  0.0502285  
2.05  0.0502259  2.05  0.0502259  
2.05  0.0502267  2.05  0.0502828  
2.05  0.0502292  2.05  0.0502292  
2.05  0.0502295  2.05  0.0502295  
2.05  0.0502949  2.05  0.0502949  
2.05  0.0502293  2.05  0.0502293  
2.05  0.0502253  2.05  0.0502253  
2.05  0.0502292  2.05  0.0502292  
2.05  0.0502295  2.05  0.0502295  
2.05  0.0502285  2.05  0.0502285  
2.05  0.0502259  2.05  0.0502259  
2.05  0.0502267  2.05  0.0502267  
2.05  0.0502292  2.05  0.0502292  
2.05  0.0502295  2.05  0.0502295  
2.05  0.0502949  2.05  0.0502949  
2.05  0.0502293  2.05  0.0502293  
2.05  0.0502253  2.05  0.0502253  
2.05  0.0502292  2.05  0.0502292  
2.05  0.0502295  2.05  0.0502295  
2.05  0.0502285  2.05  0.0502285  
2.05  0.0502259  2.05  0.0502259  
2.05  0.0502267  2.05  0.0502267  
2.05  0.0502292  2.05  0.0502292  
2.05  0.0502295  2.05  0.0502295  
2.05  0.0502949  2.05  0.0502949  
2.05  0.0502293  2.05  0.0502293  
2.05  0.0502253  2.05  0.0502253  
2.05  0.0502292  2.05  0.0502292  
2.05  0.0502295  2.05  0.0502295  
2.05  0.0502285  2.05  0.0502285  
2.05  0.0502259  2.05  0.0502259  
2.05  0.0502267  2.05  0.0502267  
2.05  0.0502292  2.05  0.0502292  
2.05  0.0502295  2.05205  0.0522779  
2.05  0.0502949  2.05  0.0502949  
2.05  0.0502293  2.05  0.0502293  
2.05  0.0502253  2.04982  0.104294  
2.05  0.0502292  2.05  0.0502292  
2.05  0.0502295  2.05  0.0502295  
2.05  0.0502285  2.05  0.0502285  
2.05  0.0502259  2.05  0.0502259  
2.05  0.0502267  2.05  0.0502267  
2.05  0.0502292  2.05  0.0502292  
2.05  0.0502295  2.05  0.0502295  
2.05  0.0502949  2.04995  0.0775619  
2.05  0.0502293  2.05  0.0502293  
2.05  0.0502253  2.05  0.0502253  
2.05  0.0502292  2.05  0.0502292  
2.05  0.0502295  2.05  0.0502295  
2.05  0.0502285  2.05  0.0502285  
2.05  0.0502259  2.05  0.0502259  
2.05  0.0502267  2.05  0.0502267  
2.05  0.0502292  2.05  0.0502292  
2.05  0.0502295  2.05  0.0502295  
2.05  0.0502949  2.05  0.0502949  
2.05  0.0502293  2.05  0.0502293  
2.05  0.0502253  2.05  0.0502253  
2.05  0.0502292  2.05  0.0502292  
2.05  0.0502295  2.05  0.0502295  
2.05  0.0502285  2.05  0.0502285  
2.05  0.0502259  2.05  0.0502259  
2.05  0.0502267  2.05  0.0502267  
2.05  0.0502292  2.05  0.0502292  
2.05  0.0502295  2.05  0.0502295  
2.05  0.0502949  2.05  0.0502949  
2.05  0.0502293  2.05  0.0502293  
2.05  0.0502253  2.05  0.0502253  
2.05  0.0502292  2.05  0.0502292  
2.05  0.0502295  2.05  0.0502295  
2.05  0.0502285  2.05  0.0502285  
2.05  0.0502259  2.05  0.0502259  
2.05  0.0502267  2.05  0.0502267  
2.05  0.0502292  2.05  0.0502292  
2.05  0.0502295  2.05  0.0502295  
2.05  0.0502949  2.05  0.0502949  
2.05  0.0502293  2.05  0.0502293  
2.05  0.0502253  2.05  0.0502253  
2.05  0.0502292  2.05  0.0502292  
2.05  0.0502295  2.05  0.0502295  
2.05  0.0502285  2.05  0.0502285  
2.05  0.0502259  2.05  0.0502259  
2.05  0.0502267  2.05  0.0502267  
2.05  0.0502292  2.05  0.0502292  
2.05  0.0502295  2.05  0.0502295  
1.88519  1.6405  
1.7878  2.03003  
1.88233  1.65319  
1.8627  1.7401  
0.499189  3.9921  
1.73587  2.20207  
1.85488  1.7733  
1.82867  1.87901  
1.88171  1.6561  
1.85086  1.79146  
1.87471  1.68759  
1.8835  1.64789  
1.84526  1.81305  
1.86465  1.7317  
1.85799  1.76017  
1.88547  1.6388  
1.87893  1.66866  
1.86756  1.71912  
1.81293  1.93901  
1.87692  1.67812  
1.83826  1.84139  
1.88272  1.65146  
1.86061  1.74903  
1.87  1.70955  
1.88073  1.66053  
1.88269  1.65158  
1.87645  1.67981  
1.87078  1.70501  
1.88034  1.66229  
1.86639  1.72418  
1.87238  1.69796  
1.88134  1.65771  
1.88143  1.65734  
1.58671  2.61117  
1.88415  1.64541  
1.87167  1.70108  
1.88586  1.63698  
1.88016  1.66311  
1.8742  1.68987  
1.87521  1.68542  
1.86872  1.71409  
1.88264  1.6518  
1.87913  1.66775  
1.87315  1.69464  
1.8818  1.65564  
1.88058  1.66116  
1.87714  1.67677  
1.88595  1.63655  
1.88214  1.65409  
1.8836  1.64737  
1.88043  1.66186  
1.88374  1.64674  
1.88454  1.64308  
1.88387  1.64614  
1.87849  1.67066  
1.88315  1.64946  
1.8811  1.65912  
1.87566  1.68335  
1.88506  1.64079  
1.88572  1.63765  
1.87741  1.67551  
1.88433  1.64403  
1.882  1.65473  
1.87932  1.66689  
1.88318  1.64932  
1.88524  1.63985  
1.87977  1.66516  
1.8761  1.68141  
1.88546  1.63884  
1.88394  1.64584  
1.88303  1.65001  
1.88351  1.64778  
1.87826  1.6717  
1.87884  1.66917  
1.88153  1.65687  
1.88098  1.65935  
1.87796  1.67316  
1.88442  1.64368  
1.88186  1.65536  
1.88493  1.64172  
1.87784  1.67394  
1.88471  1.64233  
1.88258  1.65209  
1.88313  1.64953  
2.05  0.0502295  
1.88503  1.6408  
1.88001  1.66376  
1.88164  1.65634  
1.87371  1.69205  
1.88498  1.64124  
1.88126  1.65814  
1.88338  1.64841  
1.87992  1.6642  
1.88554  1.63846  
1.88448  1.64333  
1.88393  1.64588  
1.8852  1.64002  
1.88544  1.6389  
1.88382  1.6464  
1.88442  1.64361  
