1.17553  3.33654  1.73856  2.09757  
1.12795  3.6263  1.90043  1.85384  
1.80748  2.02803  1.91464  1.82565  
1.27299  3.02301  1.8169  1.72217  
1.44866  2.72235  1.97883  1.89042  
1.64489  2.17935  1.55594  2.51693  
2.01046  1.61124  1.33279  2.83426  
1.41766  2.62874  1.27915  3.03829  
1.59201  2.54407  1.18579  3.0667  
1.4353  2.7006  1.81269  2.14507  
1.68733  2.29641  2.0356  1.73305  
1.94293  1.84559  1.41814  2.70418  
1.0588  3.97457  1.63101  1.99429  
1.70021  2.53184  1.43334  2.75684  
1.47763  2.90267  1.33152  3.03208  
1.99788  2.00947  1.34945  3.30373  
2.06894  2.02537  1.4724  2.88036  
1.2065  3.2541  1.15019  3.35456  
1.27373  3.35896  1.61477  2.51629  
1.74807  2.28079  1.27072  3.31051  
1.49473  2.68573  1.56158  2.48001  
1.09269  3.82133  1.88666  2.00044  
1.44224  2.62242  1.59822  2.4776  
1.0492  3.57827  1.62599  2.65488  
1.20937  3.30001  1.86112  1.87003  
1.1075  3.12383  2.05535  1.56678  
1.44954  2.71483  1.62016  2.36476  
1.76891  1.91883  1.72188  2.34211  
1.5066  2.44479  1.85653  2.10307  
1.52003  2.43151  1.42366  2.91084  
0.977855  3.50096  2.41229  0.93827  
1.19447  3.28496  1.92303  1.89911  
1.55102  2.59351  1.6158  2.63819  
1.53446  2.77591  2.05768  1.73922  
1.74672  1.96058  1.58505  2.68829  
1.42873  3.0216  1.71845  2.38004  
1.24504  2.95748  0.798753  3.72326  
2.26664  1.08124  1.23031  2.91728  
2.03678  1.33904  1.0382  3.84115  
1.41338  3.25917  1.25752  3.33387  
1.54673  2.90589  1.70065  2.32216  
1.58681  2.64418  1.73368  2.14486  
1.67066  2.73144  1.30366  3.0202  
1.71984  2.36468  2.15147  1.60154  
1.93301  1.42978  1.38206  2.8549  
1.07194  3.39185  1.70466  1.85851  
1.93899  2.08248  1.86429  1.8366  
1.70231  2.50096  2.10527  1.70783  
1.99169  2.08923  1.73645  1.79769  
1.78036  1.87637  2.28153  1.12136  
1.35154  3.29352  1.31904  2.75392  
1.50295  2.65126  1.50434  2.66195  
1.99691  1.46327  1.62068  2.59307  
1.63869  2.51403  1.66018  2.59354  
1.53355  2.46694  1.62874  2.1656  
1.48578  2.23746  1.60771  2.47858  
1.74844  2.36947  1.52627  2.28762  
1.44673  2.99814  1.61311  1.83176  
1.74409  2.10438  1.47599  2.90401  
1.2248  3.11098  1.74528  2.0801  
1.18678  3.23863  1.02085  3.76381  
1.19757  3.07042  2.00889  1.87032  
2.13468  1.56543  1.2894  3.03191  
1.57813  2.26648  1.90031  2.02886  
1.48349  2.80927  1.63214  2.4429  
0.958218  3.48082  1.81982  2.08666  
2.0249  1.58236  1.27795  3.03537  
1.42671  2.8614  1.78329  2.14702  
1.95741  1.80339  1.84684  2.05654  
2.04876  1.37216  1.62202  2.38249  
1.49026  2.58468  1.57655  2.4899  
1.6113  2.43645  1.64327  2.66866  
1.55305  2.51067  1.61165  2.46059  
1.53703  2.431  0.950728  3.62364  
1.6375  2.59656  1.50549  2.73685  
1.61718  2.22043  0.921654  3.81304  
1.45  2.63409  1.44028  3.11264  
1.05607  3.24079  1.30274  2.85529  
1.27043  2.87401  1.11649  3.54595  
1.48339  3.05717  1.44192  2.73647  
0.871862  3.51602  1.95864  1.83334  
1.39976  3.28191  1.91312  2.02637  
1.95747  1.54752  1.578  2.59538  
1.91924  2.3396  1.72517  2.19434  
1.76927  2.39427  1.81104  1.73756  
1.32505  3.11451  1.10775  3.54359  
1.27783  3.09864  1.42418  3.05367  
1.60494  2.2908  1.56852  2.51075  
1.12494  3.63847  1.49917  3.02284  
1.43127  2.67226  1.78767  2.30332  
1.06678  3.32353  1.47758  2.75478  
1.31576  3.02988  0.911574  3.91338  
1.26826  2.908  1.46402  2.95423  
1.37251  2.79838  1.17431  3.13549  
1.38007  3.10357  2.09831  1.37671  
1.24922  3.35936  0.849924  3.86785  
1.33661  3.34313  1.49334  2.49698  
1.34423  2.41355  1.3232  3.06722  
1.14388  3.50978  1.30696  3.00463  
1.02721  3.59847  1.25333  3.01179  
1.81104  1.73756  
1.30274  2.85529  
1.61311  1.83176  
1.31904  2.75392  
1.73645  1.79769  
1.23031  2.91728  
0.798753  3.72326  
2.41229  0.93827  
1.18579  3.0667  
1.8169  1.72217  
1.73856  2.09757  
1.94293  1.84559  
1.0588  3.97457  
1.70021  2.53184  
1.47763  2.90267  
1.99788  2.00947  
2.06894  2.02537  
1.2065  3.2541  
1.27373  3.35896  
1.74807  2.28079  
1.49473  2.68573  
1.09269  3.82133  
1.44224  2.62242  
1.0492  3.57827  
1.20937  3.30001  
1.1075  3.12383  
1.44954  2.71483  
1.76891  1.91883  
1.5066  2.44479  
1.52003  2.43151  
0.977855  3.50096  
1.19447  3.28496  
1.55102  2.59351  
1.53446  2.77591  
1.74672  1.96058  
1.42873  3.0216  
1.24504  2.95748  
2.26664  1.08124  
2.03678  1.33904  
1.41338  3.25917  
1.54673  2.90589  
1.58681  2.64418  
1.67066  2.73144  
1.71984  2.36468  
1.93301  1.42978  
1.07194  3.39185  
1.93899  2.08248  
1.70231  2.50096  
1.99169  2.08923  
1.78036  1.87637  
1.35154  3.29352  
1.50295  2.65126  
1.99691  1.46327  
1.63869  2.51403  
1.53355  2.46694  
1.48578  2.23746  
1.74844  2.36947  
1.44673  2.99814  
1.74409  2.10438  
1.2248  3.11098  
1.18678  3.23863  
1.19757  3.07042  
2.13468  1.56543  
1.57813  2.26648  
1.48349  2.80927  
0.958218  3.48082  
2.0249  1.58236  
1.42671  2.8614  
1.95741  1.80339  
2.04876  1.37216  
1.49026  2.58468  
1.6113  2.43645  
1.55305  2.51067  
1.53703  2.431  
1.6375  2.59656  
1.61718  2.22043  
1.45  2.63409  
1.05607  3.24079  
1.27043  2.87401  
1.48339  3.05717  
0.871862  3.51602  
1.39976  3.28191  
1.95747  1.54752  
1.91924  2.3396  
1.76927  2.39427  
1.32505  3.11451  
1.27783  3.09864  
1.60494  2.2908  
1.12494  3.63847  
1.43127  2.67226  
1.06678  3.32353  
1.31576  3.02988  
1.26826  2.908  
1.37251  2.79838  
1.38007  3.10357  
1.24922  3.35936  
1.33661  3.34313  
1.34423  2.41355  
1.14388  3.50978  
1.02721  3.59847  
2.25101  1.562  2.25101  1.562  
2.17672  1.4482  2.24945  1.29412  
2.2509  1.452  2.25457  1.44325  
2.26347  1.54519  2.26347  1.54519  
2.26308  1.5198  2.26091  1.51846  
2.13913  0.139746  2.13913  0.139746  
2.27038  1.51084  2.27038  1.51084  
2.23082  1.16292  2.23082  1.16292  
2.25421  1.53312  2.26202  1.54093  
2.21303  1.11462  2.21303  1.11462  
2.24983  1.56083  2.25101  1.562  
2.24945  1.29412  2.24945  1.29412  
2.25457  1.44325  2.2509  1.452  
2.26347  1.54519  2.26347  1.54519  
2.26118  1.51791  2.27496  1.53168  
2.13913  0.139746  2.13913  0.139746  
2.27038  1.51084  2.27038  1.51084  
2.23082  1.16292  2.23392  1.16602  
2.26382  1.54273  2.25421  1.53312  
2.21303  1.11462  2.2152  1.1168  
2.24983  1.56083  2.25101  1.562  
2.24945  1.29412  2.24945  1.29412  
2.25896  1.44763  2.2509  1.452  
2.26347  1.54519  2.26347  1.54519  
2.26118  1.51791  2.26308  1.5198  
2.13913  0.139746  2.13913  0.139746  
2.27038  1.51084  2.27038  1.51084  
2.23082  1.16292  2.23082  1.16292  
2.26382  1.54273  2.25421  1.53312  
2.29934  1.20093  2.21928  1.12087  
2.25101  1.562  2.25101  1.562  
2.24945  1.29412  2.24945  1.29412  
2.2509  1.452  2.25457  1.44325  
2.26347  1.54519  2.26347  1.54519  
2.26308  1.5198  2.26118  1.51791  
2.13913  0.139746  2.13913  0.139746  
2.27038  1.51084  2.27038  1.51084  
2.23082  1.16292  2.23082  1.16292  
2.25421  1.53312  2.26202  1.54093  
2.21303  1.11462  2.21303  1.11462  
2.25101  1.562  2.25101  1.562  
2.24945  1.29412  2.24945  1.29412  
2.25372  1.45482  2.2509  1.452  
2.26643  1.54815  2.26784  1.54955  
2.26308  1.5198  2.26308  1.5198  
2.23636  0.23697  2.13913  0.139746  
2.27038  1.51084  2.27038  1.51084  
2.23082  1.16292  2.23082  1.16292  
2.25421  1.53312  2.25421  1.53312  
2.21303  1.11462  2.21928  1.12087  
2.25101  1.562  2.25101  1.562  
2.24945  1.29412  2.24945  1.29412  
2.2509  1.452  2.2509  1.452  
2.26347  1.54519  2.26347  1.54519  
2.26308  1.5198  2.26308  1.5198  
2.13913  0.139746  2.13913  0.139746  
2.27038  1.51084  2.27038  1.51084  
2.23082  1.16292  2.23082  1.16292  
2.25421  1.53312  2.24801  1.53338  
2.21303  1.11462  2.21303  1.11462  
2.25101  1.562  2.25101  1.562  
2.24945  1.29412  2.24945  1.29412  
2.2509  1.452  2.25743  1.45853  
2.26347  1.54519  2.26347  1.54519  
2.26308  1.5198  2.26308  1.5198  
2.13913  0.139746  2.13913  0.139746  
2.27038  1.51084  2.27038  1.51084  
2.23082  1.16292  2.23082  1.16292  
2.25421  1.53312  2.25421  1.53312  
2.21303  1.11462  2.21303  1.11462  
2.24983  1.56083  2.25101  1.562  
2.24945  1.29412  2.24945  1.29412  
2.25457  1.44325  2.2509  1.452  
2.26347  1.54519  2.26347  1.54519  
2.26118  1.51791  2.27496  1.53168  
2.23789  0.238499  2.13913  0.139746  
2.27038  1.51084  2.27038  1.51084  
2.23082  1.16292  2.23392  1.16602  
2.26382  1.54273  2.25421  1.53312  
2.21303  1.11462  2.21303  1.11462  
2.25101  1.562  2.25101  1.562  
2.24945  1.29412  2.24945  1.29412  
2.2509  1.452  2.25372  1.45482  
2.26643  1.54815  2.26643  1.54815  
2.26308  1.5198  2.26308  1.5198  
2.13913  0.139746  2.13913  0.139746  
2.27038  1.51084  2.27038  1.51084  
2.23082  1.16292  2.23082  1.16292  
2.25421  1.53312  2.25421  1.53312  
2.21303  1.11462  2.21303  1.11462  
2.24983  1.56083  2.25101  1.562  
2.24945  1.29412  2.24945  1.29412  
2.25457  1.44325  2.2509  1.452  
2.26347  1.54519  2.26643  1.54815  
2.26118  1.51791  2.26308  1.5198  
2.13913  0.139746  2.13913  0.139746  
2.27038  1.51084  2.27038  1.51084  
2.23082  1.16292  2.23449  1.16659  
2.26382  1.54273  2.25421  1.53312  
2.29934  1.20093  2.21303  1.11462  
1.30139  1.82893  
0.990296  2.50174  
1.77919  0.86557  
1.15152  2.35556  
1.40613  1.61581  
1.28798  1.87473  
0.643257  4.50188  
1.36338  1.7012  
0.892565  3.15613  
2.09298  0.231403  
1.71597  0.986072  
1.68156  1.05595  
1.96295  0.498547  
1.17802  2.11485  
2.13917  0.139676  
1.68831  1.04239  
1.62283  1.18236  
0.710177  4.00513  
1.41235  1.60828  
0.799431  3.63865  
2.10785  0.202727  
2.0528  0.313952  
2.00158  0.424301  
1.81554  0.794901  
2.0808  0.268138  
1.87585  0.674156  
0.752547  3.9459  
0.790026  3.86427  
1.51166  1.40794  
1.79868  0.829543  
1.93326  0.559144  
1.23414  2.00421  
1.887  0.654809  
1.91263  0.594066  
0.901891  2.67967  
1.80436  0.81548  
1.97158  0.482686  
1.82856  0.771596  
1.63959  1.14014  
1.83138  0.765968  
1.74896  0.919901  
1.57723  1.27506  
1.27253  1.89756  
1.86586  0.692732  
2.08848  0.241291  
1.37672  1.67528  
2.12863  0.16074  
2.13324  0.151555  
1.3301  1.76671  
1.22577  2.03996  
1.23899  1.99251  
1.66661  1.08503  
1.74253  0.93427  
1.64742  1.12471  
1.60701  1.21468  
1.98456  0.450442  
1.34486  1.73728  
1.85014  0.740065  
1.61314  1.20118  
1.99464  0.438737  
1.85577  0.708709  
1.30749  1.81192  
1.89434  0.641544  
2.07234  0.281168  
1.48409  1.46065  
1.70759  1.00283  
1.78588  0.852193  
1.20017  2.07756  
1.9524  0.519659  
0.632069  4.53387  
1.42751  1.5737  
1.557  1.35807  
1.98132  0.460875  
2.03343  0.356862  
1.7581  0.901253  
0.893475  3.14296  
2.06417  0.291212  
1.65518  1.10768  
1.70189  1.01815  
1.69447  1.02909  
0.871862  3.51602  
1.72089  0.97648  
0.62743  4.60942  
1.54661  1.37885  
2.11509  0.188289  
1.79116  0.841631  
1.46195  1.54833  
2.00748  0.409003  
1.24643  1.93681  
1.42482  1.57908  
1.58209  1.26452  
1.72773  0.962791  
1.76771  0.884676  
2.04221  0.333826  
1.7339  0.950154  
2.01702  0.392489  
2.12106  0.176132  
2.09933  0.219594  
1.94407  0.539872  
2.02137  0.375509  
2.52595  0.946718  2.52664  0.947411  
2.49928  0.577208  2.49928  0.577208  
2.50038  0.786491  2.50038  0.786491  
2.51589  0.931467  2.51616  0.931739  
2.49885  0.517383  2.49885  0.517383  
2.08588  0.0866651  2.08588  0.0866651  
2.35012  0.351384  2.35012  0.351384  
2.19821  0.198262  2.19821  0.198262  
2.50124  0.919269  2.50124  0.919269  
2.45849  0.458977  2.45849  0.458977  
2.52595  0.946718  2.52534  0.947941  
2.49928  0.577208  2.49928  0.577208  
2.49961  0.785727  2.49461  0.780727  
2.52629  0.941874  2.51616  0.931739  
2.49885  0.517383  2.49885  0.517383  
2.08588  0.0866651  2.08588  0.0866651  
2.35012  0.351384  2.35012  0.351384  
2.19821  0.198262  2.19821  0.198262  
2.50166  0.919685  2.50124  0.919269  
2.45849  0.458977  2.45849  0.458977  
2.52595  0.946718  2.52595  0.946718  
2.49928  0.577208  2.49928  0.577208  
2.49961  0.785727  2.50038  0.786491  
2.53531  0.905996  2.51616  0.931739  
2.49885  0.517383  2.49885  0.517383  
2.08588  0.0866651  2.08588  0.0866651  
2.35012  0.351384  2.37363  0.374896  
2.19821  0.198262  2.19821  0.198262  
2.50166  0.919685  2.50124  0.919269  
2.45849  0.458977  2.45849  0.458977  
2.52645  0.947153  2.52534  0.947941  
2.49928  0.577208  2.49928  0.577208  
2.49961  0.785727  2.50038  0.786491  
2.5245  0.940079  2.51616  0.931739  
2.49885  0.517383  2.49885  0.517383  
2.08588  0.0866651  2.08588  0.0866651  
2.35012  0.351384  2.35012  0.351384  
2.19821  0.198262  2.19821  0.198262  
2.50166  0.919685  2.50124  0.919269  
2.45849  0.458977  2.45849  0.458977  
2.52595  0.946718  2.52595  0.946718  
2.49928  0.577208  2.51228  0.588961  
2.49961  0.785727  2.50038  0.786491  
2.5245  0.940079  2.51589  0.931467  
2.49885  0.517383  2.49885  0.517383  
2.08588  0.0866651  2.08588  0.0866651  
2.35012  0.351384  2.35012  0.351384  
2.19821  0.198262  2.19821  0.198262  
2.50124  0.919269  2.50124  0.919269  
2.45849  0.458977  2.45849  0.458977  
2.52595  0.946718  2.52595  0.946718  
2.49928  0.577208  2.49928  0.577208  
2.49961  0.785727  2.50038  0.786491  
2.52189  0.937467  2.51616  0.931739  
2.49885  0.517383  2.49885  0.517383  
2.08588  0.0866651  2.08588  0.0866651  
2.35012  0.351384  2.35012  0.351384  
2.19821  0.198262  2.19821  0.198262  
2.50124  0.919269  2.50124  0.919269  
2.45849  0.458977  2.45849  0.458977  
2.52595  0.946718  2.52595  0.946718  
2.49928  0.577208  2.40174  0.774086  
2.49961  0.785727  2.49961  0.785727  
2.52612  0.9417  2.5245  0.940079  
2.49885  0.517383  2.49885  0.517383  
2.08588  0.0866651  2.08588  0.0866651  
2.35012  0.351384  2.35012  0.351384  
2.19821  0.198262  2.19821  0.198262  
2.50124  0.919269  2.50124  0.919269  
2.45849  0.458977  2.45849  0.458977  
2.52595  0.946718  2.52595  0.946718  
2.49928  0.577208  2.49928  0.577208  
2.49961  0.785727  2.49961  0.785727  
2.5245  0.940079  2.53531  0.905996  
2.49885  0.517383  2.49885  0.517383  
2.08588  0.0866651  2.16836  0.169143  
2.35012  0.351384  2.35012  0.351384  
2.19821  0.198262  2.19821  0.198262  
2.50124  0.919269  2.50166  0.919685  
2.45849  0.458977  2.45849  0.458977  
2.52595  0.946718  2.52664  0.947411  
2.49928  0.577208  2.49928  0.577208  
2.49961  0.785727  2.50038  0.786491  
2.52477  0.940351  2.51616  0.931739  
2.49885  0.517383  2.49885  0.517383  
2.08588  0.0866651  2.15174  0.152525  
2.35012  0.351384  2.35012  0.351384  
2.19821  0.198262  2.19821  0.198262  
2.50124  0.919269  2.50124  0.919269  
2.45849  0.458977  2.45849  0.458977  
2.52595  0.946718  2.52645  0.947153  
2.49928  0.577208  2.49928  0.577208  
2.49961  0.785727  2.49961  0.785727  
2.5245  0.940079  2.5245  0.940079  
2.49885  0.517383  2.49885  0.517383  
2.08588  0.0866651  2.08588  0.0866651  
2.35012  0.351384  2.35012  0.351384  
2.19821  0.198262  2.26214  0.262201  
2.50166  0.919685  2.50166  0.919685  
2.45849  0.458977  2.45849  0.458977  
1.98073  0.309089  
0.990296  2.50174  
1.51496  1.28266  
1.11541  2.08793  
1.69117  0.914172  
2.0523  0.155878  
0.643257  4.50188  
1.36377  1.58361  
0.892565  3.15613  
1.4844  1.34212  
1.44673  1.41909  
1.88904  0.480347  
1.65995  0.974405  
1.1596  2.03478  
1.79053  0.686908  
1.4592  1.39128  
1.35182  1.6073  
0.710177  4.00513  
1.38006  1.55674  
0.799431  3.63865  
1.84999  0.567991  
1.25659  1.78747  
1.94075  0.377216  
1.64849  0.997309  
1.87873  0.510502  
1.99478  0.278422  
0.752547  3.9459  
0.790026  3.86427  
2.01275  0.242609  
1.8166  0.634766  
1.833  0.601972  
1.54383  1.22589  
1.71163  0.868869  
1.27479  1.76297  
0.901891  2.67967  
1.38736  1.53091  
1.91249  0.433444  
1.73278  0.804993  
2.05969  0.139046  
1.2418  1.82733  
1.57513  1.15607  
1.34021  1.63052  
1.9859  0.298503  
1.90309  0.461456  
1.94712  0.364194  
1.82495  0.618065  
1.6986  0.894321  
1.41611  1.4787  
1.30538  1.70017  
1.80009  0.667785  
2.07731  0.103805  
1.95737  0.343683  
1.80608  0.655797  
1.77136  0.725747  
1.85759  0.55279  
1.32894  1.65306  
1.22077  1.86938  
1.39933  1.51227  
1.9259  0.406634  
1.20774  1.90174  
2.06839  0.12164  
1.74787  0.772644  
1.71955  0.843665  
1.4745  1.36355  
1.43221  1.44485  
1.60882  1.07557  
1.76303  0.741905  
1.6326  1.02909  
1.49248  1.32419  
0.632069  4.53387  
1.40824  1.49445  
2.08608  0.0862587  
1.66643  0.96409  
1.56314  1.19901  
1.84401  0.579943  
1.57065  1.17008  
1.3194  1.67223  
1.59612  1.10471  
2.02867  0.210619  
2.00603  0.255937  
0.871862  3.51602  
1.91798  0.422462  
0.62743  4.60942  
1.50841  1.3004  
1.96703  0.324368  
1.78094  0.706096  
1.72631  0.824906  
1.67967  0.937597  
2.02005  0.227862  
1.52858  1.25538  
1.19176  1.93003  
1.62713  1.04268  
1.58459  1.14176  
1.93228  0.393858  
1.74096  0.789596  
1.42416  1.46538  
1.75513  0.757711  
1.86655  0.534858  
2.04093  0.176573  
1.28324  1.74445  
2.30165  0.372692  2.30165  0.372692  
2.27943  0.285149  2.27943  0.285149  
2.1602  0.163103  2.1602  0.163103  
2.19006  0.213636  2.19006  0.213636  
2.33195  0.378397  2.32073  0.439973  
2.02107  0.0215376  2.02107  0.0215376  
2.02516  0.0252076  2.02516  0.0252076  
2.01828  0.0189169  2.01828  0.0189169  
2.06129  0.0641204  2.06129  0.0641204  
2.05568  0.0580128  2.05568  0.0580128  
2.30165  0.372692  2.30165  0.372692  
2.27943  0.285149  2.27943  0.285149  
2.1602  0.163103  2.1602  0.163103  
2.19006  0.213636  2.19006  0.213636  
2.32465  0.371097  2.33241  0.378859  
2.02107  0.0215376  2.0012  0.0760771  
2.02516  0.0252076  2.02516  0.0252076  
2.01828  0.0189169  2.01828  0.0189169  
2.06129  0.0641204  2.06129  0.0641204  
2.05568  0.0580128  2.05568  0.0580128  
2.30529  0.365414  2.30165  0.372692  
2.27943  0.285149  2.27943  0.285149  
2.1602  0.163103  2.1602  0.163103  
2.19006  0.213636  2.19006  0.213636  
2.33241  0.378859  2.33195  0.378397  
2.02107  0.0215376  2.02107  0.0215376  
2.02516  0.0252076  2.02516  0.0252076  
2.01828  0.0189169  2.06044  0.0610774  
2.06129  0.0641204  2.06129  0.0641204  
2.05568  0.0580128  2.05568  0.0580128  
2.29319  0.363837  2.30533  0.376364  
2.27943  0.285149  2.27949  0.285209  
2.1602  0.163103  2.1602  0.163103  
2.19006  0.213636  2.18712  0.210693  
2.33241  0.378859  2.34147  0.383149  
2.02107  0.0215376  2.03977  0.0523125  
2.02516  0.0252076  2.02516  0.0252076  
2.01828  0.0189169  2.01828  0.0189169  
2.06129  0.0641204  2.06129  0.0641204  
2.05568  0.0580128  2.05568  0.0580128  
2.30533  0.376364  2.30165  0.372692  
2.27949  0.285209  2.27949  0.285209  
2.1602  0.163103  2.1602  0.163103  
2.18712  0.210693  2.18712  0.210693  
2.34147  0.383149  2.34147  0.383149  
2.02107  0.0215376  2.02107  0.0215376  
2.02516  0.0252076  2.02516  0.0252076  
2.01828  0.0189169  2.01828  0.0189169  
2.06129  0.0641204  2.06129  0.0641204  
2.05568  0.0580128  2.05296  0.0634519  
2.32168  0.358393  2.30165  0.372692  
2.2792  0.28492  2.27943  0.285149  
2.1602  0.163103  2.1602  0.163103  
2.19006  0.213636  2.19006  0.213636  
2.34455  0.385929  2.33241  0.378859  
2.02107  0.0215376  2.02107  0.0215376  
2.02516  0.0252076  2.02516  0.0252076  
2.01828  0.0189169  2.01828  0.0189169  
2.06129  0.0641204  2.06129  0.0641204  
2.05568  0.0580128  2.05568  0.0580128  
2.31463  0.351342  2.30165  0.372692  
2.2792  0.28492  2.27943  0.285149  
2.1602  0.163103  2.1602  0.163103  
2.19006  0.213636  2.19006  0.213636  
2.3449  0.38628  2.33241  0.378859  
2.02107  0.0215376  2.02107  0.0215376  
2.02516  0.0252076  2.02516  0.0252076  
2.01828  0.0189169  2.01828  0.0189169  
2.06129  0.0641204  2.06129  0.0641204  
2.05568  0.0580128  2.05568  0.0580128  
2.30165  0.372692  2.30165  0.372692  
2.27949  0.285209  2.27943  0.285149  
2.1602  0.163103  2.1602  0.163103  
2.18712  0.210693  2.19006  0.213636  
2.34147  0.383149  2.33241  0.378859  
2.02107  0.0215376  2.02107  0.0215376  
2.02516  0.0252076  2.02516  0.0252076  
2.01828  0.0189169  2.01828  0.0189169  
2.06129  0.0641204  2.06129  0.0641204  
2.05568  0.0580128  2.05568  0.0580128  
2.31442  0.351134  2.29319  0.363837  
2.2792  0.28492  2.27943  0.285149  
2.1602  0.163103  2.1602  0.163103  
2.19006  0.213636  2.19006  0.213636  
2.3449  0.38628  2.33241  0.378859  
2.02107  0.0215376  2.02107  0.0215376  
2.02516  0.0252076  2.02516  0.0252076  
2.01828  0.0189169  2.01828  0.0189169  
2.06129  0.0641204  2.06129  0.0641204  
2.05568  0.0580128  2.1023  0.104635  
2.32168  0.358393  2.30529  0.365414  
2.2792  0.28492  2.27943  0.285149  
2.1602  0.163103  2.17401  0.176912  
2.19006  0.213636  2.19006  0.213636  
2.3449  0.38628  2.33241  0.378859  
2.02107  0.0215376  2.02107  0.0215376  
2.02516  0.0252076  2.02516  0.0252076  
2.01828  0.0189169  2.01828  0.0189169  
2.06129  0.0641204  2.06129  0.0641204  
2.05568  0.0580128  2.05568  0.0580128  
2.00714  0.0423798  
0.990296  2.50174  
1.51496  1.28266  
1.11541  2.08793  
1.69117  0.914172  
1.95264  0.160416  
0.643257  4.50188  
1.36377  1.58361  
0.892565  3.15613  
1.4844  1.34212  
1.44673  1.41909  
1.88904  0.480347  
1.65995  0.974405  
1.1596  2.03478  
1.79053  0.686908  
1.4592  1.39128  
1.35182  1.6073  
0.710177  4.00513  
1.38006  1.55674  
0.799431  3.63865  
1.84999  0.567991  
1.25659  1.78747  
1.93946  0.193359  
1.64849  0.997309  
1.87873  0.510502  
2.01116  0.0331654  
0.752547  3.9459  
0.790026  3.86427  
1.97364  0.116392  
1.8166  0.634766  
1.833  0.601972  
1.54383  1.22589  
1.71163  0.868869  
1.27479  1.76297  
0.901891  2.67967  
1.38736  1.53091  
1.91249  0.433444  
1.73278  0.804993  
2.01498  0.0266837  
1.2418  1.82733  
1.57513  1.15607  
1.34021  1.63052  
1.96834  0.121959  
1.90309  0.461456  
1.994  0.067488  
1.82495  0.618065  
1.6986  0.894321  
1.41611  1.4787  
1.30538  1.70017  
1.80009  0.667785  
1.99638  0.062723  
1.94055  0.182576  
1.80608  0.655797  
1.77136  0.725747  
1.85759  0.55279  
1.32894  1.65306  
1.22077  1.86938  
1.39933  1.51227  
1.9167  0.281401  
1.20774  1.90174  
1.97676  0.107286  
1.74787  0.772644  
1.71955  0.843665  
1.4745  1.36355  
1.43221  1.44485  
1.60882  1.07557  
1.76303  0.741905  
1.6326  1.02909  
1.49248  1.32419  
0.632069  4.53387  
1.40824  1.49445  
2.01828  0.0189169  
1.66643  0.96409  
1.56314  1.19901  
1.84401  0.579943  
1.57065  1.17008  
1.3194  1.67223  
1.59612  1.10471  
2.0011  0.0548807  
1.98242  0.0937907  
0.871862  3.51602  
1.9836  0.0894355  
0.62743  4.60942  
1.50841  1.3004  
1.9877  0.0812426  
1.78094  0.706096  
1.72631  0.824906  
1.67967  0.937597  
1.96015  0.143675  
1.52858  1.25538  
1.19176  1.93003  
1.62713  1.04268  
1.58459  1.14176  
1.96523  0.128179  
1.74096  0.789596  
1.99037  0.0758915  
1.75513  0.757711  
1.86655  0.534858  
2.00291  0.0496655  
1.28324  1.74445  
2.09535  0.238723  2.08407  0.258477  
2.06967  0.0827492  2.06967  0.0827492  
2.06508  0.0651524  2.06508  0.0651524  
2.00167  0.0016771  2.00167  0.0016771  
2.0205  0.0206975  2.0205  0.0206975  
2.00115  0.00139196  2.00115  0.00139196  
2.00253  0.00256568  2.00253  0.00256568  
2.00183  0.00183325  2.04284  0.0428463  
2.03359  0.0339968  2.03359  0.0339968  
2.01188  0.0122328  2.01188  0.0122328  
2.07965  0.254049  2.09535  0.238723  
2.06967  0.0827492  2.06967  0.0827492  
2.06508  0.0651524  2.06508  0.0651524  
2.00167  0.0016771  2.00167  0.0016771  
2.0205  0.0206975  2.04261  0.042805  
2.00115  0.00139196  2.00115  0.00139196  
2.00253  0.00256568  2.00253  0.00256568  
2.00183  0.00183325  2.00183  0.00183325  
2.03359  0.0339968  2.03359  0.0339968  
2.01188  0.0122328  2.01188  0.0122328  
2.07965  0.254049  2.08692  0.261327  
2.06967  0.0827492  2.06967  0.0827492  
2.06508  0.0651524  2.06508  0.0651524  
2.00167  0.0016771  2.00167  0.0016771  
2.0205  0.0206975  2.0205  0.0206975  
2.00115  0.00139196  2.00115  0.00139196  
2.00253  0.00256568  2.00253  0.00256568  
2.00183  0.00183325  2.00183  0.00183325  
2.03359  0.0339968  2.03359  0.0339968  
2.01188  0.0122328  2.01188  0.0122328  
2.09566  0.236039  2.09197  0.26637  
2.06967  0.0827492  2.0693  0.082379  
2.06508  0.0651524  2.08772  0.0877941  
2.00167  0.0016771  2.00167  0.0016771  
2.0205  0.0206975  2.0205  0.0206975  
2.00115  0.00139196  2.00115  0.00139196  
2.00253  0.00256568  2.00253  0.00256568  
2.00183  0.00183325  2.00183  0.00183325  
2.03359  0.0339968  2.03359  0.0339968  
2.01188  0.0122328  2.01188  0.0122328  
2.07965  0.254049  2.07965  0.254049  
2.0693  0.082379  2.0693  0.082379  
2.06508  0.0651524  2.06508  0.0651524  
2.00167  0.0016771  2.00167  0.0016771  
2.0205  0.0206975  2.0205  0.0206975  
2.00115  0.00139196  2.03036  0.0306033  
2.00253  0.00256568  2.00253  0.00256568  
2.00183  0.00183325  2.00183  0.00183325  
2.03359  0.0339968  2.03359  0.0339968  
2.01188  0.0122328  2.01188  0.0122328  
2.07965  0.254049  2.09566  0.236039  
2.0693  0.082379  2.06967  0.0827492  
2.06508  0.0651524  2.06508  0.0651524  
2.00167  0.0016771  2.00167  0.0016771  
2.0205  0.0206975  2.0205  0.0206975  
2.00115  0.00139196  2.00115  0.00139196  
2.00253  0.00256568  2.00253  0.00256568  
2.00183  0.00183325  2.0309  0.0477015  
2.03359  0.0339968  2.03359  0.0339968  
2.01188  0.0122328  2.01188  0.0122328  
2.09197  0.26637  2.09337  0.226606  
2.0693  0.082379  2.0807  0.0937773  
2.06508  0.0651524  2.06508  0.0651524  
2.00167  0.0016771  2.00167  0.0016771  
2.0205  0.0206975  2.0205  0.0206975  
2.00115  0.00139196  2.00115  0.00139196  
2.00253  0.00256568  2.00253  0.00256568  
2.00183  0.00183325  2.00183  0.00183325  
2.03359  0.0339968  2.03359  0.0339968  
2.01188  0.0122328  2.01188  0.0122328  
2.09337  0.226606  2.08407  0.258477  
2.06967  0.0827492  2.06967  0.0827492  
2.06508  0.0651524  2.06508  0.0651524  
2.00167  0.0016771  2.00167  0.0016771  
2.0205  0.0206975  2.0205  0.0206975  
2.00115  0.00139196  2.00115  0.00139196  
2.00253  0.00256568  2.00253  0.00256568  
2.00183  0.00183325  2.00183  0.00183325  
2.03359  0.0339968  2.03359  0.0339968  
2.01188  0.0122328  2.01188  0.0122328  
2.09337  0.226606  2.09337  0.226606  
2.06967  0.0827492  2.07676  0.0898332  
2.06508  0.0651524  2.06508  0.0651524  
2.00167  0.0016771  2.00167  0.0016771  
2.0205  0.0206975  2.0205  0.0206975  
2.00115  0.00139196  2.00115  0.00139196  
2.00253  0.00256568  2.00253  0.00256568  
2.00183  0.00183325  2.00183  0.00183325  
2.03359  0.0339968  2.03359  0.0339968  
2.01188  0.0122328  2.01188  0.0122328  
2.09381  0.227045  2.09381  0.227045  
2.06967  0.0827492  2.06967  0.0827492  
2.06508  0.0651524  2.06508  0.0651524  
2.00167  0.0016771  2.00167  0.0016771  
2.0205  0.0206975  2.0205  0.0206975  
2.00115  0.00139196  2.00261  0.0381516  
2.00253  0.00256568  2.00253  0.00256568  
2.00183  0.00183325  2.00183  0.00183325  
2.03359  0.0339968  2.03359  0.0339968  
2.01188  0.0122328  2.01188  0.0122328  
1.99711  0.0094763  
0.990296  2.50174  
1.51496  1.28266  
1.11541  2.08793  
1.69117  0.914172  
1.89199  0.234261  
0.643257  4.50188  
1.36377  1.58361  
0.892565  3.15613  
1.4844  1.34212  
1.44673  1.41909  
1.86958  0.348133  
1.65995  0.974405  
1.1596  2.03478  
1.79053  0.686908  
1.4592  1.39128  
1.35182  1.6073  
0.710177  4.00513  
1.38006  1.55674  
0.799431  3.63865  
1.84999  0.567991  
1.25659  1.78747  
1.96892  0.0658475  
1.64849  0.997309  
1.87852  0.26258  
1.89736  0.223359  
0.752547  3.9459  
0.790026  3.86427  
1.98776  0.0281688  
1.8166  0.634766  
1.833  0.601972  
1.54383  1.22589  
1.71163  0.868869  
1.27479  1.76297  
0.901891  2.67967  
1.38736  1.53091  
1.97464  0.0544145  
1.73278  0.804993  
1.99185  0.0199843  
1.2418  1.82733  
1.57513  1.15607  
1.34021  1.63052  
1.9471  0.109494  
1.95152  0.100765  
1.91547  0.174576  
1.82495  0.618065  
1.6986  0.894321  
1.41611  1.4787  
1.30538  1.70017  
1.80009  0.667785  
1.90455  0.198577  
1.9323  0.139102  
1.80608  0.655797  
1.77136  0.725747  
1.85759  0.55279  
1.32894  1.65306  
1.22077  1.86938  
1.39933  1.51227  
1.92842  0.149293  
1.20774  1.90174  
1.94109  0.121618  
1.74787  0.772644  
1.71955  0.843665  
1.4745  1.36355  
1.43221  1.44485  
1.60882  1.07557  
1.76303  0.741905  
1.6326  1.02909  
1.49248  1.32419  
0.632069  4.53387  
1.40824  1.49445  
1.98313  0.0374436  
1.66643  0.96409  
1.56314  1.19901  
1.84401  0.579943  
1.57065  1.17008  
1.3194  1.67223  
1.59612  1.10471  
1.8726  0.280063  
1.90758  0.190375  
0.871862  3.51602  
1.92351  0.162021  
0.62743  4.60942  
1.50841  1.3004  
1.96316  0.0775159  
1.78094  0.706096  
1.72631  0.824906  
1.67967  0.937597  
1.88708  0.243912  
1.52858  1.25538  
1.19176  1.93003  
1.62713  1.04268  
1.58459  1.14176  
1.95748  0.0888332  
1.74096  0.789596  
2.00122  0.00126152  
1.75513  0.757711  
1.86655  0.534858  
1.97895  0.0457924  
1.28324  1.74445  
2.06275  0.0677809  2.05297  0.0580028  
2.00045  0.0006945  2.00045  0.0006945  
2.00117  0.00116949  2.00117  0.00116949  
2.00092  0.00092292  2.00092  0.00092292  
2.02869  0.036384  2.03055  0.0307924  
2.00177  0.00177607  2.00177  0.00177607  
2.00111  0.0011135  2.00111  0.0011135  
2.00121  0.00121488  2.00121  0.00121488  
2.0013  0.00130367  2.0013  0.00130367  
2.01102  0.0160524  2.02914  0.0341763  
2.06275  0.0677809  2.05297  0.0580028  
2.00045  0.0006945  2.00045  0.0006945  
2.00117  0.00116949  2.00117  0.00116949  
2.00092  0.00092292  2.00092  0.00092292  
2.02151  0.0217535  2.03062  0.0306541  
2.00177  0.00177607  2.00599  0.00599463  
2.00111  0.0011135  2.00111  0.0011135  
2.00121  0.00121488  2.00121  0.00121488  
2.0013  0.00130367  2.0013  0.00130367  
2.01102  0.0160524  2.02167  0.026699  
2.06275  0.0677809  2.05133  0.0563652  
2.00045  0.0006945  2.00045  0.0006945  
2.00117  0.00116949  2.00117  0.00116949  
2.00092  0.00092292  2.00092  0.00092292  
2.02151  0.0217535  2.01987  0.0201097  
2.00177  0.00177607  2.00177  0.00177607  
2.00111  0.0011135  2.00111  0.0011135  
2.00121  0.00121488  2.00121  0.00121488  
2.0013  0.00130367  2.0013  0.00130367  
2.01102  0.0160524  2.02167  0.026699  
2.06275  0.0677809  2.05297  0.0580028  
2.00045  0.0006945  2.00045  0.0006945  
2.00117  0.00116949  2.00117  0.00116949  
2.00092  0.00092292  2.00092  0.00092292  
2.01987  0.0201097  2.03062  0.0306541  
2.00177  0.00177607  2.00177  0.00177607  
2.00111  0.0011135  2.00111  0.0011135  
2.00121  0.00121488  2.00121  0.00121488  
2.0013  0.00130367  2.0013  0.00130367  
2.01102  0.0160524  2.02167  0.026699  
2.05297  0.0580028  2.06275  0.0677809  
2.00045  0.0006945  2.00045  0.0006945  
2.00117  0.00116949  2.00117  0.00116949  
2.00092  0.00092292  2.00092  0.00092292  
2.01009  0.0103285  2.02151  0.0217535  
2.00177  0.00177607  2.00177  0.00177607  
2.00111  0.0011135  2.00111  0.0011135  
2.00121  0.00121488  2.00121  0.00121488  
2.0013  0.00130367  2.0013  0.00130367  
2.01102  0.0160524  2.01314  0.0181675  
2.05089  0.0559258  2.05297  0.0580028  
2.00045  0.0006945  2.00045  0.0006945  
2.00117  0.00116949  2.00117  0.00116949  
2.00092  0.00092292  2.00092  0.00092292  
2.01009  0.0103285  2.01615  0.0163916  
2.00177  0.00177607  2.00343  0.00343706  
2.00111  0.0011135  2.00111  0.0011135  
2.00121  0.00121488  2.00121  0.00121488  
2.0013  0.00130367  2.0013  0.00130367  
2.01102  0.0160524  2.01102  0.0160524  
2.05297  0.0580028  2.05297  0.0580028  
2.00045  0.0006945  2.00381  0.00406094  
2.00117  0.00116949  2.00117  0.00116949  
2.00092  0.00092292  2.00092  0.00092292  
2.01987  0.0201097  2.01987  0.0201097  
2.00177  0.00177607  2.00177  0.00177607  
2.00111  0.0011135  2.00111  0.0011135  
2.00121  0.00121488  2.00121  0.00121488  
2.0013  0.00130367  2.0013  0.00130367  
2.01063  0.0156649  2.01102  0.0160524  
2.05297  0.0580028  2.05297  0.0580028  
2.00045  0.0006945  2.00045  0.0006945  
2.00117  0.00116949  2.00117  0.00116949  
2.00092  0.00092292  2.00092  0.00092292  
2.03524  0.0354872  2.01987  0.0201097  
2.00177  0.00177607  2.00177  0.00177607  
2.00111  0.0011135  2.00111  0.0011135  
2.00121  0.00121488  2.00121  0.00121488  
2.0013  0.00130367  2.0013  0.00130367  
2.01063  0.0156649  2.02167  0.026699  
2.05297  0.0580028  2.06275  0.0677809  
2.00045  0.0006945  2.00045  0.0006945  
2.00117  0.00116949  2.00117  0.00116949  
2.00092  0.00092292  2.00092  0.00092292  
2.01615  0.0163916  2.01987  0.0201097  
2.00177  0.00177607  2.00177  0.00177607  
2.00111  0.0011135  2.00111  0.0011135  
2.00121  0.00121488  2.00152  0.00151592  
2.0013  0.00130367  2.0013  0.00130367  
2.01102  0.0160524  2.01102  0.0160524  
2.05297  0.0580028  2.05297  0.0580028  
2.00045  0.0006945  2.00045  0.0006945  
2.00117  0.00116949  2.00117  0.00116949  
2.00092  0.00092292  2.00092  0.00092292  
2.01987  0.0201097  2.03055  0.0307924  
2.00177  0.00177607  2.00177  0.00177607  
2.00111  0.0011135  2.00111  0.0011135  
2.00121  0.00121488  2.00121  0.00121488  
2.0013  0.00130367  2.0013  0.00130367  
2.01102  0.0160524  2.02167  0.026699  
1.99505  0.011546  
0.990296  2.50174  
1.51496  1.28266  
1.11541  2.08793  
1.69117  0.914172  
1.89199  0.234261  
0.643257  4.50188  
1.36377  1.58361  
0.892565  3.15613  
1.4844  1.34212  
1.44673  1.41909  
1.86782  0.266949  
1.65995  0.974405  
1.1596  2.03478  
1.79053  0.686908  
1.4592  1.39128  
1.35182  1.6073  
0.710177  4.00513  
1.38006  1.55674  
0.799431  3.63865  
1.84999  0.567991  
1.25659  1.78747  
1.95967  0.0825674  
1.64849  0.997309  
1.87852  0.26258  
1.89736  0.223359  
0.752547  3.9459  
0.790026  3.86427  
1.97398  0.0536875  
1.8166  0.634766  
1.833  0.601972  
1.54383  1.22589  
1.71163  0.868869  
1.27479  1.76297  
0.901891  2.67967  
1.38736  1.53091  
1.92478  0.152362  
1.73278  0.804993  
2.00045  0.000693718  
1.2418  1.82733  
1.57513  1.15607  
1.34021  1.63052  
1.94829  0.106064  
1.95493  0.0937945  
1.91328  0.177119  
1.82495  0.618065  
1.6986  0.894321  
1.41611  1.4787  
1.30538  1.70017  
1.80009  0.667785  
1.90399  0.195838  
1.93306  0.137243  
1.80608  0.655797  
1.77136  0.725747  
1.85759  0.55279  
1.32894  1.65306  
1.22077  1.86938  
1.39933  1.51227  
1.92863  0.146057  
1.20774  1.90174  
1.93786  0.126386  
1.74787  0.772644  
1.71955  0.843665  
1.4745  1.36355  
1.43221  1.44485  
1.60882  1.07557  
1.76303  0.741905  
1.6326  1.02909  
1.49248  1.32419  
0.632069  4.53387  
1.40824  1.49445  
1.98805  0.0254924  
1.66643  0.96409  
1.56314  1.19901  
1.84401  0.579943  
1.57065  1.17008  
1.3194  1.67223  
1.59612  1.10471  
1.9698  0.0620636  
1.90759  0.187601  
0.871862  3.51602  
1.92174  0.159874  
0.62743  4.60942  
1.50841  1.3004  
1.96394  0.07372  
1.78094  0.706096  
1.72631  0.824906  
1.67967  0.937597  
1.88708  0.243912  
1.52858  1.25538  
1.19176  1.93003  
1.62713  1.04268  
1.58459  1.14176  
1.98388  0.0338893  
1.74096  0.789596  
1.97962  0.0423718  
1.75513  0.757711  
1.94362  0.114421  
1.91881  0.169531  
1.28324  1.74445  
2.02186  0.0229265  2.01764  0.0185483  
2.00032  0.000574134  1.9966  0.0160741  
2.00209  0.00215984  2.00209  0.00215984  
2.00116  0.00119227  2.00116  0.00119227  
2.00033  0.000573434  2.00033  0.000573434  
2.00104  0.00103721  2.00104  0.00103721  
2.00083  0.000826641  2.00083  0.000826641  
2.00091  0.000914771  2.00091  0.000914771  
2.0014  0.00139905  2.0014  0.00139905  
2.00383  0.00423389  2.00384  0.00424241  
2.02412  0.0251893  2.02412  0.0251893  
2.00032  0.000574134  2.00032  0.000574134  
2.00209  0.00215984  2.02333  0.0234043  
2.00116  0.00119227  2.00116  0.00119227  
2.00033  0.000573434  2.00033  0.000573434  
2.00104  0.00103721  2.00104  0.00103721  
2.00083  0.000826641  2.00083  0.000826641  
2.00091  0.000914771  2.00091  0.000914771  
2.0014  0.00139905  2.0014  0.00139905  
2.00383  0.00423218  2.00383  0.00423218  
2.02285  0.0239204  2.02285  0.0239204  
2.00032  0.000574134  2.00032  0.000574134  
2.00209  0.00215984  2.00209  0.00215984  
2.00116  0.00119227  2.00312  0.00315215  
2.00033  0.000573434  2.00033  0.000573434  
2.00104  0.00103721  2.00104  0.00103721  
2.00083  0.000826641  2.00083  0.000826641  
2.00091  0.000914771  2.00091  0.000914771  
2.0014  0.00139905  2.0014  0.00139905  
2.00383  0.00423218  2.00383  0.00423218  
2.02186  0.0229265  2.01807  0.0187737  
2.00032  0.000574134  2.00032  0.000574134  
2.00209  0.00215984  2.00249  0.00256299  
2.00116  0.00119227  2.00116  0.00119227  
2.00033  0.000573434  2.00033  0.000573434  
2.00104  0.00103721  2.00104  0.00103721  
2.00083  0.000826641  2.00083  0.000826641  
2.00091  0.000914771  2.00091  0.000914771  
2.0014  0.00139905  2.0014  0.00139905  
2.00383  0.00423218  2.00607  0.00646687  
2.01807  0.0187737  2.01807  0.0187737  
2.00032  0.000574134  2.00032  0.000574134  
2.00208  0.00215467  2.00208  0.00215467  
2.00116  0.00119227  2.00273  0.00275884  
2.00033  0.000573434  2.00033  0.000573434  
2.00104  0.00103721  2.00104  0.00103721  
2.00083  0.000826641  2.00083  0.000826641  
2.00091  0.000914771  2.00091  0.000914771  
2.0014  0.00139905  2.0014  0.00139905  
2.00607  0.00646687  2.00384  0.00424241  
2.01807  0.0187737  2.01764  0.0185483  
2.00032  0.000574134  2.00032  0.000574134  
2.00208  0.00215467  2.00209  0.00215984  
2.00116  0.00119227  2.00116  0.00119227  
2.00033  0.000573434  2.00033  0.000573434  
2.00104  0.00103721  2.00104  0.00103721  
2.00083  0.000826641  2.00083  0.000826641  
2.00091  0.000914771  2.00091  0.000914771  
2.0014  0.00139905  2.0014  0.00139905  
2.00384  0.00424241  2.00384  0.00424241  
2.01773  0.0188004  2.01773  0.0188004  
2.00032  0.000574134  2.00032  0.000574134  
2.00209  0.00215984  2.00209  0.00215984  
2.00116  0.00119227  2.00116  0.00119227  
2.00033  0.000573434  2.00951  0.00975011  
2.00104  0.00103721  2.00104  0.00103721  
2.00083  0.000826641  2.00083  0.000826641  
2.00091  0.000914771  2.00091  0.000914771  
2.0014  0.00139905  2.0014  0.00139905  
2.00383  0.00423218  2.00383  0.00423218  
2.01773  0.0188004  2.01773  0.0188004  
2.00032  0.000574134  2.00032  0.000574134  
2.00209  0.00215984  2.00209  0.00215984  
2.00116  0.00119227  2.00116  0.00119227  
2.00033  0.000573434  2.00033  0.000573434  
2.00104  0.00103721  2.00104  0.00103721  
2.00083  0.000826641  2.00083  0.000826641  
2.00091  0.000914771  2.00091  0.000914771  
2.0014  0.00139905  2.00383  0.00382756  
2.00383  0.00423218  2.00383  0.00423218  
2.01795  0.0190176  2.01795  0.0190176  
2.00032  0.000574134  2.00032  0.000574134  
2.00209  0.00215984  2.00209  0.00215984  
2.00116  0.00119227  2.00116  0.00119227  
2.00033  0.000573434  2.00036  0.000516268  
2.00104  0.00103721  2.00104  0.00103721  
2.00083  0.000826641  2.00083  0.000826641  
2.00091  0.000914771  2.00091  0.000914771  
2.0014  0.00139905  2.0014  0.00139905  
2.00383  0.00423218  2.00383  0.00423218  
2.01795  0.0190176  2.01795  0.0190176  
2.00032  0.000574134  2.00173  0.00198429  
2.00209  0.00215984  2.00209  0.00215984  
2.00116  0.00119227  2.00116  0.00119227  
2.00033  0.000573434  2.00033  0.000573434  
2.00104  0.00103721  2.00104  0.00103721  
2.00083  0.000826641  2.00083  0.000826641  
2.00091  0.000914771  2.00091  0.000914771  
2.0014  0.00139905  2.0014  0.00139905  
2.00383  0.00423218  2.00383  0.00423218  
1.98231  0.0366103  
0.990296  2.50174  
1.51496  1.28266  
1.11541  2.08793  
1.69117  0.914172  
1.99072  0.0197844  
0.643257  4.50188  
1.36377  1.58361  
0.892565  3.15613  
1.4844  1.34212  
1.44673  1.41909  
1.86782  0.266949  
1.65995  0.974405  
1.1596  2.03478  
1.79053  0.686908  
1.4592  1.39128  
1.35182  1.6073  
0.710177  4.00513  
1.38006  1.55674  
0.799431  3.63865  
1.84999  0.567991  
1.25659  1.78747  
1.95954  0.0821649  
1.64849  0.997309  
1.87852  0.26258  
1.89904  0.20511  
0.752547  3.9459  
0.790026  3.86427  
1.97392  0.053401  
1.8166  0.634766  
1.833  0.601972  
1.54383  1.22589  
1.71163  0.868869  
1.27479  1.76297  
0.901891  2.67967  
1.38736  1.53091  
1.94643  0.108358  
1.73278  0.804993  
2.00032  0.000574134  
1.2418  1.82733  
1.57513  1.15607  
1.34021  1.63052  
1.9492  0.102845  
1.95376  0.0937192  
1.91338  0.174515  
1.82495  0.618065  
1.6986  0.894321  
1.41611  1.4787  
1.30538  1.70017  
1.80009  0.667785  
1.90399  0.195838  
1.9866  0.0280266  
1.80608  0.655797  
1.77136  0.725747  
1.85759  0.55279  
1.32894  1.65306  
1.22077  1.86938  
1.39933  1.51227  
1.9275  0.146611  
1.20774  1.90174  
1.93773  0.126448  
1.74787  0.772644  
1.71955  0.843665  
1.4745  1.36355  
1.43221  1.44485  
1.60882  1.07557  
1.76303  0.741905  
1.6326  1.02909  
1.49248  1.32419  
0.632069  4.53387  
1.40824  1.49445  
1.88886  0.225391  
1.66643  0.96409  
1.56314  1.19901  
1.84401  0.579943  
1.57065  1.17008  
1.3194  1.67223  
1.59612  1.10471  
1.96958  0.0620712  
1.90853  0.18455  
0.871862  3.51602  
1.92034  0.160553  
0.62743  4.60942  
1.50841  1.3004  
1.96375  0.073744  
1.78094  0.706096  
1.72631  0.824906  
1.67967  0.937597  
1.88708  0.243912  
1.52858  1.25538  
1.19176  1.93003  
1.62713  1.04268  
1.58459  1.14176  
1.99488  0.011463  
1.74096  0.789596  
1.97809  0.0450633  
1.75513  0.757711  
1.94243  0.116378  
1.93308  0.135439  
1.28324  1.74445  
2.04689  0.0573569  2.05118  0.0565609  
2.00013  0.000372595  2.00013  0.000372595  
2.00075  0.000746523  2.00075  0.000746523  
2.00039  0.000392692  2.00039  0.000392692  
2.00036  0.000374439  2.00036  0.000374439  
2.00587  0.00588379  2.00587  0.00588379  
2.00046  0.000459873  2.00021  0.00871977  
2.00034  0.000375103  2.00034  0.000375103  
2.01391  0.0141925  2.01391  0.0141925  
2.00117  0.00117857  2.00117  0.00117857  
2.04352  0.0489005  2.04689  0.0573569  
2.00013  0.000372595  2.00013  0.000372595  
2.00075  0.000746523  2.00075  0.000746523  
2.00039  0.000392692  2.00039  0.000392692  
2.00036  0.000374439  2.00036  0.000374439  
2.00587  0.00588379  2.00587  0.00588379  
2.00046  0.000459873  2.00046  0.000459873  
2.00034  0.000375103  2.00034  0.000375103  
2.01391  0.0141925  2.01391  0.0141925  
2.00117  0.00117857  2.00684  0.00684563  
2.04425  0.0478208  2.05118  0.0565609  
2.00013  0.000372595  2.00013  0.000372595  
2.00075  0.000746523  2.00075  0.000746523  
2.00039  0.000392692  2.00039  0.000392692  
2.00036  0.000374439  2.00036  0.000374439  
2.00587  0.00588379  2.00587  0.00588379  
2.00046  0.000459873  2.00046  0.000459873  
2.00034  0.000375103  2.00034  0.000375103  
2.01391  0.0141925  2.01391  0.0141925  
2.00117  0.00117857  2.00117  0.00117857  
2.03923  0.0496951  2.04352  0.0489005  
2.00013  0.000372595  2.00013  0.000372595  
2.00075  0.000746523  2.00075  0.000746523  
2.00039  0.000392692  2.00039  0.000392692  
2.00036  0.000374439  2.00036  0.000374439  
2.00587  0.00588379  2.00587  0.00588379  
2.00046  0.000459873  2.00305  0.00304912  
2.00034  0.000375103  2.00034  0.000375103  
2.01391  0.0141925  2.01391  0.0141925  
2.00117  0.00117857  2.00117  0.00117857  
2.04591  0.0512929  2.03923  0.0496951  
2.00013  0.000372595  2.00013  0.000372595  
2.00075  0.000746523  2.00075  0.000746523  
2.00039  0.000392692  2.00039  0.000392692  
2.00036  0.000374439  2.00036  0.000374439  
2.00587  0.00588379  2.00587  0.00588379  
2.00046  0.000459873  2.00046  0.000459873  
2.00034  0.000375103  2.00034  0.000375103  
2.01391  0.0141925  2.02031  0.0205965  
2.00117  0.00117857  2.00117  0.00117857  
2.02334  0.0889408  2.04591  0.0512929  
2.00013  0.000372595  2.00013  0.000372595  
2.00075  0.000746523  2.00075  0.000746523  
2.00039  0.000392692  2.00039  0.000392692  
2.00036  0.000374439  2.00036  0.000374439  
2.00587  0.00588358  2.00587  0.00588379  
2.00046  0.000459873  2.00046  0.000459873  
2.00034  0.000375103  2.00034  0.000375103  
2.01391  0.0141925  2.01391  0.0141925  
2.00117  0.00117857  2.01496  0.0149669  
2.03923  0.0496951  2.02334  0.0889408  
2.00013  0.000372595  2.00013  0.000372595  
2.00075  0.000746523  2.01695  0.0169466  
2.00039  0.000392692  2.00039  0.000392692  
2.00036  0.000374439  2.00036  0.000374439  
2.00587  0.00588379  2.00587  0.00588358  
2.00046  0.000459873  2.00046  0.000459873  
2.00034  0.000375103  2.00034  0.000375103  
2.01391  0.0141925  2.01391  0.0141925  
2.00117  0.00117857  2.00117  0.00117857  
2.04425  0.0478208  2.04425  0.0478208  
2.00013  0.000372595  2.00013  0.000372595  
2.00075  0.000746523  2.00768  0.00767966  
2.00039  0.000392692  2.00039  0.000392692  
2.00036  0.000374439  2.00036  0.000374439  
2.00587  0.00588379  2.00587  0.00588379  
2.00046  0.000459873  2.00046  0.000459873  
2.00034  0.000375103  2.00034  0.000375103  
2.01391  0.0141925  2.01391  0.0141925  
2.00117  0.00117857  2.00117  0.00117857  
2.04306  0.0466683  2.03923  0.0496951  
2.00013  0.000372595  2.01185  0.0168152  
2.00075  0.000746523  2.00075  0.000746523  
2.00039  0.000392692  2.00039  0.000392692  
2.00036  0.000374439  2.00036  0.000374439  
2.00587  0.00588379  2.00587  0.00588379  
2.00046  0.000459873  2.00046  0.000459873  
2.00034  0.000375103  2.00034  0.000375103  
2.01391  0.0141925  2.01391  0.0141925  
2.00117  0.00117857  2.00117  0.00117857  
2.04425  0.0478208  2.04425  0.0478208  
2.00013  0.000372595  2.00013  0.000372595  
2.00075  0.000746523  2.00075  0.000746523  
2.00039  0.000392692  2.00039  0.000392692  
2.00036  0.000374439  2.00036  0.000374439  
2.00587  0.00588379  2.00587  0.00588379  
2.00046  0.000459873  2.00046  0.000459873  
2.00034  0.000375103  2.00034  0.000375103  
2.01391  0.0141925  2.01391  0.0141925  
2.00117  0.00117857  2.00308  0.0030864  
1.99619  0.00824461  
0.990296  2.50174  
1.51496  1.28266  
1.11541  2.08793  
1.69117  0.914172  
1.99196  0.0167047  
0.643257  4.50188  
1.36377  1.58361  
0.892565  3.15613  
1.4844  1.34212  
1.44673  1.41909  
1.86782  0.266949  
1.65995  0.974405  
1.1596  2.03478  
1.79053  0.686908  
1.4592  1.39128  
1.35182  1.6073  
0.710177  4.00513  
1.38006  1.55674  
0.799431  3.63865  
1.84999  0.567991  
1.25659  1.78747  
1.95948  0.082271  
1.64849  0.997309  
1.87852  0.26258  
1.89904  0.20511  
0.752547  3.9459  
0.790026  3.86427  
1.97362  0.0534202  
1.8166  0.634766  
1.833  0.601972  
1.54383  1.22589  
1.71163  0.868869  
1.27479  1.76297  
0.901891  2.67967  
1.38736  1.53091  
1.9241  0.152901  
1.73278  0.804993  
1.98636  0.0279431  
1.2418  1.82733  
1.57513  1.15607  
1.34021  1.63052  
1.9492  0.102845  
1.95491  0.0908646  
1.91338  0.174515  
1.82495  0.618065  
1.6986  0.894321  
1.41611  1.4787  
1.30538  1.70017  
1.80009  0.667785  
1.90399  0.195838  
2.00013  0.000371292  
1.80608  0.655797  
1.77136  0.725747  
1.85759  0.55279  
1.32894  1.65306  
1.22077  1.86938  
1.39933  1.51227  
1.92742  0.147064  
1.20774  1.90174  
1.93761  0.125901  
1.74787  0.772644  
1.71955  0.843665  
1.4745  1.36355  
1.43221  1.44485  
1.60882  1.07557  
1.76303  0.741905  
1.6326  1.02909  
1.49248  1.32419  
0.632069  4.53387  
1.40824  1.49445  
1.88886  0.225391  
1.66643  0.96409  
1.56314  1.19901  
1.84401  0.579943  
1.57065  1.17008  
1.3194  1.67223  
1.59612  1.10471  
1.96941  0.0619644  
1.90853  0.18455  
0.871862  3.51602  
1.91886  0.162916  
0.62743  4.60942  
1.50841  1.3004  
1.96505  0.0705692  
1.78094  0.706096  
1.72631  0.824906  
1.67967  0.937597  
1.88708  0.243912  
1.52858  1.25538  
1.19176  1.93003  
1.62713  1.04268  
1.58459  1.14176  
1.9822  0.0362573  
1.74096  0.789596  
1.97793  0.0448205  
1.75513  0.757711  
1.94169  0.117307  
1.93308  0.135439  
1.28324  1.74445  
2.02983  0.0579073  2.03449  0.0535561  
2.00011  0.000370591  2.00011  0.000370591  
2.00224  0.00226111  2.00224  0.00226111  
2.00033  0.000370891  2.00033  0.000370891  
2.00033  0.000370603  2.00033  0.000370603  
2.00837  0.00837372  2.00837  0.00837372  
2.00031  0.000370376  2.00031  0.000370376  
2.00024  0.000370302  2.00378  0.00391112  
2.00066  0.000671217  2.00066  0.000671217  
2.00061  0.000611688  2.00061  0.000611688  
2.02983  0.0579073  2.03449  0.0535561  
2.00011  0.000370591  2.00011  0.000370591  
2.00224  0.00226111  2.00224  0.00226111  
2.00033  0.000370891  2.00033  0.000370891  
2.00033  0.000370603  2.0029  0.00293419  
2.00837  0.00837372  2.00837  0.00837372  
2.00031  0.000370376  2.00031  0.000370376  
2.00024  0.000370302  2.00024  0.000370302  
2.00066  0.000671217  2.00066  0.000671217  
2.00061  0.000611688  2.00061  0.000611688  
2.02983  0.0579073  2.02983  0.0579073  
2.00011  0.000370591  2.00011  0.000370591  
2.00224  0.00226111  2.00224  0.00226111  
2.00033  0.000370891  2.00033  0.000370891  
2.00033  0.000370603  2.00033  0.000370603  
2.00837  0.00837372  2.00837  0.00837372  
2.00031  0.000370376  2.00031  0.000370376  
2.00024  0.000370302  2.00024  0.000370302  
2.00066  0.000671217  2.00302  0.00302724  
2.00061  0.000611688  2.00061  0.000611688  
2.02599  0.0578543  2.02983  0.0579073  
2.00011  0.000370591  2.00011  0.000370591  
2.00224  0.00226111  2.00224  0.00226111  
2.00033  0.000370891  2.00033  0.000370891  
2.00033  0.000370603  2.00033  0.000370603  
2.00837  0.00837372  2.00837  0.00837372  
2.00031  0.000370376  2.00396  0.00400829  
2.00024  0.000370302  2.00024  0.000370302  
2.00066  0.000671217  2.00066  0.000671217  
2.00061  0.000611688  2.00061  0.000611688  
2.02217  0.0540345  2.03449  0.0535561  
2.00011  0.000370591  2.00011  0.000370591  
2.00224  0.00226111  2.00224  0.00226111  
2.00033  0.000370891  2.00033  0.000370891  
2.00033  0.000370603  2.00033  0.000370603  
2.00837  0.00837372  2.00837  0.00837372  
2.00031  0.000370376  2.00031  0.000370376  
2.00024  0.000370302  2.00024  0.000370302  
2.00066  0.000671217  2.00066  0.000671217  
2.00061  0.000611688  2.00061  0.000611688  
2.02217  0.0540345  2.02217  0.0540345  
2.00011  0.000370591  2.00011  0.000370591  
2.00224  0.00226111  2.00224  0.00226111  
2.00033  0.000370891  2.00033  0.000370891  
2.00033  0.000370603  2.00033  0.000370603  
2.00837  0.00837372  2.00837  0.00837372  
2.00031  0.000370376  2.01218  0.0122388  
2.00024  0.000370302  2.00024  0.000370302  
2.00066  0.000671217  2.00066  0.000671217  
2.00061  0.000611688  2.00061  0.000611688  
2.02217  0.0540345  2.03449  0.0535561  
2.00011  0.000370591  2.00011  0.000370591  
2.00224  0.00226111  2.00224  0.00226111  
2.00033  0.000370891  2.00033  0.000370891  
2.00033  0.000370603  2.00033  0.000370603  
2.00837  0.00837372  2.00837  0.00837372  
2.00031  0.000370376  2.00031  0.000370376  
2.00024  0.000370302  2.00024  0.000370302  
2.00066  0.000671217  2.00066  0.000671217  
2.00061  0.000611688  2.00061  0.000611688  
2.03006  0.0491223  2.03006  0.0491223  
2.00011  0.000370591  2.00011  0.000370591  
2.00224  0.00226111  2.00224  0.00226111  
2.00033  0.000370891  2.00465  0.00468524  
2.00033  0.000370603  2.00033  0.000370603  
2.00837  0.00837372  2.00837  0.00837372  
2.00031  0.000370376  2.00031  0.000370376  
2.00024  0.000370302  2.00024  0.000370302  
2.00066  0.000671217  2.00066  0.000671217  
2.00061  0.000611688  2.00061  0.000611688  
2.02217  0.0540345  2.03006  0.0491223  
2.00011  0.000370591  2.00011  0.000370591  
2.00224  0.00226111  2.00224  0.00226111  
2.00033  0.000370891  2.00033  0.000370891  
2.00033  0.000370603  2.00033  0.000370603  
2.00837  0.00837372  2.00837  0.00837372  
2.00031  0.000370376  2.00031  0.000370376  
2.00024  0.000370302  2.00024  0.000370302  
2.00066  0.000671217  2.00358  0.00359142  
2.00061  0.000611688  2.00061  0.000611688  
2.03006  0.0491223  2.02983  0.0579073  
2.00011  0.000370591  2.00011  0.000370591  
2.00224  0.00226111  2.00224  0.00226111  
2.00033  0.000370891  2.00033  0.000370891  
2.00033  0.000370603  2.00033  0.000370603  
2.00837  0.00837372  2.01204  0.0120452  
2.00031  0.000370376  2.00031  0.000370376  
2.00024  0.000370302  2.00024  0.000370302  
2.00066  0.000671217  2.00066  0.000671217  
2.00061  0.000611688  2.00061  0.000611688  
1.99205  0.01675  
0.990296  2.50174  
1.51496  1.28266  
1.11541  2.08793  
1.69117  0.914172  
1.99608  0.00843429  
0.643257  4.50188  
1.36377  1.58361  
0.892565  3.15613  
1.4844  1.34212  
1.44673  1.41909  
1.86782  0.266949  
1.65995  0.974405  
1.1596  2.03478  
1.79053  0.686908  
1.4592  1.39128  
1.35182  1.6073  
0.710177  4.00513  
1.38006  1.55674  
0.799431  3.63865  
1.84999  0.567991  
1.25659  1.78747  
1.9592  0.0822008  
1.64849  0.997309  
1.87852  0.26258  
1.89904  0.20511  
0.752547  3.9459  
0.790026  3.86427  
1.97369  0.0532294  
1.8166  0.634766  
1.833  0.601972  
1.54383  1.22589  
1.71163  0.868869  
1.27479  1.76297  
0.901891  2.67967  
1.38736  1.53091  
1.92364  0.153511  
1.73278  0.804993  
1.98653  0.0279351  
1.2418  1.82733  
1.57513  1.15607  
1.34021  1.63052  
1.94914  0.102631  
1.95491  0.0908646  
1.91338  0.174515  
1.82495  0.618065  
1.6986  0.894321  
1.41611  1.4787  
1.30538  1.70017  
1.80009  0.667785  
1.90444  0.194557  
2.00011  0.000369481  
1.80608  0.655797  
1.77136  0.725747  
1.85759  0.55279  
1.32894  1.65306  
1.22077  1.86938  
1.39933  1.51227  
1.92988  0.141685  
1.20774  1.90174  
1.93754  0.125546  
1.74787  0.772644  
1.71955  0.843665  
1.4745  1.36355  
1.43221  1.44485  
1.60882  1.07557  
1.76303  0.741905  
1.6326  1.02909  
1.49248  1.32419  
0.632069  4.53387  
1.40824  1.49445  
1.88886  0.225391  
1.66643  0.96409  
1.56314  1.19901  
1.84401  0.579943  
1.57065  1.17008  
1.3194  1.67223  
1.59612  1.10471  
1.96941  0.0619644  
1.90853  0.18455  
0.871862  3.51602  
1.91886  0.162916  
0.62743  4.60942  
1.50841  1.3004  
1.96355  0.0735129  
1.78094  0.706096  
1.72631  0.824906  
1.67967  0.937597  
1.88708  0.243912  
1.52858  1.25538  
1.19176  1.93003  
1.62713  1.04268  
1.58459  1.14176  
1.98212  0.0363613  
1.74096  0.789596  
1.97791  0.0447836  
1.75513  0.757711  
1.94323  0.11462  
1.93308  0.135439  
1.28324  1.74445  
2.02729  0.0273753  2.02729  0.0273753  
2  0.000255756  2  0.000255756  
2.00324  0.00328163  2.00324  0.00328163  
2.00046  0.000462097  2.0005  0.000503142  
2.00409  0.0041092  2.00409  0.0041092  
2.00062  0.000621092  2.00062  0.000621092  
2.00026  0.000258983  2.00026  0.000258983  
2.00025  0.000256092  2.00025  0.000256092  
2.00029  0.000292462  2.00029  0.000292462  
2.0003  0.000302062  2.0003  0.000302062  
2.02729  0.0273753  2.02729  0.0273753  
2  0.000255756  2  0.000255756  
2.00324  0.00328163  2.00324  0.00328163  
2.00046  0.000462097  2.00046  0.000462097  
2.00409  0.0041092  2.00409  0.0041092  
2.00062  0.000621092  2.00062  0.000621092  
2.00026  0.000258983  2.00026  0.000258983  
2.00025  0.000256092  2.00025  0.000256092  
2.00029  0.000292462  2.00029  0.000292462  
2.0003  0.000302062  2.00064  0.000635911  
2.02729  0.0273753  2.02729  0.0273753  
2  0.000255756  2  0.000255756  
2.00324  0.00328163  2.00324  0.00328163  
2.00046  0.000462097  2.00046  0.000462097  
2.00409  0.0041092  2.00629  0.00631782  
2.00062  0.000621092  2.00062  0.000621092  
2.00026  0.000258983  2.00026  0.000258983  
2.00025  0.000256092  2.00025  0.000256092  
2.00029  0.000292462  2.00029  0.000292462  
2.0003  0.000302062  2.0003  0.000302062  
2.02724  0.0272871  2.02724  0.0272871  
2  0.000255756  2  0.000255756  
2.00324  0.00328163  2.00324  0.00328163  
2.00046  0.000462097  2.00159  0.00159484  
2.00409  0.0041092  2.00409  0.0041092  
2.00062  0.000621092  2.00062  0.000621092  
2.00026  0.000258983  2.00026  0.000258983  
2.00025  0.000256092  2.00025  0.000256092  
2.00029  0.000292462  2.00029  0.000292462  
2.0003  0.000302062  2.0003  0.000302062  
2.02729  0.0273753  2.02729  0.0273753  
2  0.000255756  2  0.000255756  
2.00324  0.00328163  2.00324  0.00328163  
2.00046  0.000462097  2.00046  0.000462097  
2.00409  0.0041092  2.00409  0.0041092  
2.00062  0.000621092  2.00663  0.00662712  
2.00026  0.000258983  2.00026  0.000258983  
2.00025  0.000256092  2.00025  0.000256092  
2.00029  0.000292462  2.00029  0.000292462  
2.0003  0.000302062  2.0003  0.000302062  
2.02724  0.0272871  2.02724  0.0272871  
2  0.000255756  2  0.000255756  
2.00324  0.00328163  2.00324  0.00328163  
2.00046  0.000462097  2.00046  0.000462097  
2.00409  0.0041092  2.00409  0.0041092  
2.00062  0.000621092  2.00062  0.000621092  
2.00026  0.000258983  2.00026  0.000258983  
2.00025  0.000256092  2.00124  0.00124815  
2.00029  0.000292462  2.00029  0.000292462  
2.0003  0.000302062  2.0003  0.000302062  
2.02729  0.0273753  2.02729  0.0273753  
2  0.000255756  2  0.000255756  
2.00324  0.00328163  2.00324  0.00328163  
2.00046  0.000462097  2.00046  0.000462097  
2.00409  0.0041092  2.00409  0.0041092  
2.00062  0.000621092  2.00062  0.000621092  
2.00026  0.000258983  2.00026  0.000258983  
2.00025  0.000256092  2.01033  0.0103369  
2.00029  0.000292462  2.00029  0.000292462  
2.0003  0.000302062  2.0003  0.000302062  
2.02723  0.0273077  2.02723  0.0273077  
2  0.000255756  2  0.000255756  
2.00324  0.00328163  2.00324  0.00328163  
2.00046  0.000462097  2.00046  0.000462097  
2.00409  0.0041092  2.00409  0.0041092  
2.00062  0.000621092  2.00062  0.000621092  
2.00026  0.000258983  2.00244  0.00244114  
2.00025  0.000256092  2.00025  0.000256092  
2.00029  0.000292462  2.00029  0.000292462  
2.0003  0.000302062  2.0003  0.000302062  
2.02729  0.0273753  2.02729  0.0273753  
2  0.000255756  2  0.000255756  
2.00324  0.00328163  2.00324  0.00328163  
2.00046  0.000462097  2.00046  0.000462097  
2.00409  0.0041092  2.00409  0.0041092  
2.00062  0.000621092  2.00147  0.00146668  
2.00026  0.000258983  2.00026  0.000258983  
2.00025  0.000256092  2.00025  0.000256092  
2.00029  0.000292462  2.00029  0.000292462  
2.0003  0.000302062  2.0003  0.000302062  
2.02725  0.0273331  2.02725  0.0273331  
2  0.000255756  2.0176  0.0178556  
2.00324  0.00328163  2.00324  0.00328163  
2.00046  0.000462097  2.00046  0.000462097  
2.00409  0.0041092  2.00409  0.0041092  
2.00062  0.000621092  2.00062  0.000621092  
2.00026  0.000258983  2.00026  0.000258983  
2.00025  0.000256092  2.00025  0.000256092  
2.00029  0.000292462  2.00029  0.000292462  
2.0003  0.000302062  2.0003  0.000302062  
1.99476  0.0107448  
0.990296  2.50174  
1.51496  1.28266  
1.11541  2.08793  
1.69117  0.914172  
1.99069  0.0188728  
0.643257  4.50188  
1.36377  1.58361  
0.892565  3.15613  
1.4844  1.34212  
1.44673  1.41909  
1.86782  0.266949  
1.65995  0.974405  
1.1596  2.03478  
1.79053  0.686908  
1.4592  1.39128  
1.35182  1.6073  
0.710177  4.00513  
1.38006  1.55674  
0.799431  3.63865  
1.84999  0.567991  
1.25659  1.78747  
1.95905  0.0821625  
1.64849  0.997309  
1.87852  0.26258  
1.89904  0.20511  
0.752547  3.9459  
0.790026  3.86427  
1.97351  0.0532445  
1.8166  0.634766  
1.833  0.601972  
1.54383  1.22589  
1.71163  0.868869  
1.27479  1.76297  
0.901891  2.67967  
1.38736  1.53091  
1.92364  0.153511  
1.73278  0.804993  
1.98622  0.0278262  
1.2418  1.82733  
1.57513  1.15607  
1.34021  1.63052  
1.9491  0.102552  
1.95338  0.0934988  
1.91438  0.172282  
1.82495  0.618065  
1.6986  0.894321  
1.41611  1.4787  
1.30538  1.70017  
1.80009  0.667785  
1.90444  0.194557  
2  0.000255756  
1.80608  0.655797  
1.77136  0.725747  
1.85759  0.55279  
1.32894  1.65306  
1.22077  1.86938  
1.39933  1.51227  
1.92844  0.143386  
1.20774  1.90174  
1.93859  0.123586  
1.74787  0.772644  
1.71955  0.843665  
1.4745  1.36355  
1.43221  1.44485  
1.60882  1.07557  
1.76303  0.741905  
1.6326  1.02909  
1.49248  1.32419  
0.632069  4.53387  
1.40824  1.49445  
1.88886  0.225391  
1.66643  0.96409  
1.56314  1.19901  
1.84401  0.579943  
1.57065  1.17008  
1.3194  1.67223  
1.59612  1.10471  
1.96785  0.0647207  
1.90853  0.18455  
0.871862  3.51602  
1.91886  0.162916  
0.62743  4.60942  
1.50841  1.3004  
1.96368  0.0734041  
1.78094  0.706096  
1.72631  0.824906  
1.67967  0.937597  
1.88708  0.243912  
1.52858  1.25538  
1.19176  1.93003  
1.62713  1.04268  
1.58459  1.14176  
1.98204  0.0361725  
1.74096  0.789596  
1.97788  0.0445057  
1.75513  0.757711  
1.94323  0.11462  
1.93308  0.135439  
1.28324  1.74445  
2.01626  0.0285714  2.01626  0.0285714  
2  0.000253678  2  0.000253678  
2.00042  0.000424292  1.99937  0.00252602  
2.0014  0.00139567  2.0014  0.00139567  
2.00382  0.00382004  2.00382  0.00382004  
2.00167  0.00167326  2.00167  0.00167326  
2.00025  0.000253722  2.00025  0.000253722  
2.00025  0.000254007  2.00025  0.000254007  
2.00027  0.000267032  2.00027  0.000267032  
2.00035  0.000354142  2.00035  0.000354142  
2.01662  0.0278633  2.01662  0.0278633  
2  0.000253678  2  0.000253678  
2.00042  0.000424292  2.00042  0.000424292  
2.0014  0.00139567  2.0014  0.00139567  
2.00382  0.00382004  2.00382  0.00382004  
2.00167  0.00167326  2.02254  0.0225429  
2.00025  0.000253722  2.00025  0.000253722  
2.00025  0.000254007  2.00025  0.000254007  
2.00027  0.000267032  2.00027  0.000267032  
2.00035  0.000354142  2.00035  0.000354142  
2.01691  0.0273957  2.01691  0.0273957  
2  0.000253678  2  0.000253678  
2.00042  0.000424292  2.00042  0.000424292  
2.0014  0.00139567  2.0014  0.00139567  
2.00382  0.00382004  2.00382  0.00382004  
2.00167  0.00167326  2.00678  0.00678445  
2.00025  0.000253722  2.00025  0.000253722  
2.00025  0.000254007  2.00025  0.000254007  
2.00027  0.000267032  2.00027  0.000267032  
2.00035  0.000354142  2.00035  0.000354142  
2.01832  0.0257259  2.01832  0.0257259  
2  0.000253678  2  0.000253678  
2.00042  0.000424292  2.00359  0.0035942  
2.0014  0.00139567  2.0014  0.00139567  
2.00382  0.00382004  2.00382  0.00382004  
2.00167  0.00167326  2.00167  0.00167326  
2.00025  0.000253722  2.00025  0.000253722  
2.00025  0.000254007  2.00025  0.000254007  
2.00027  0.000267032  2.00027  0.000267032  
2.00035  0.000354142  2.00035  0.000354142  
2.01468  0.0265251  2.01468  0.0265251  
2  0.000253678  2  0.000253678  
2.00042  0.000424292  2.00042  0.000424292  
2.0014  0.00139567  2.0014  0.00139567  
2.00382  0.00382004  2.00382  0.00382004  
2.00167  0.00167326  2.00167  0.00167326  
2.00025  0.000253722  2.00025  0.000253722  
2.00025  0.000254007  2.00168  0.00168187  
2.00027  0.000267032  2.00027  0.000267032  
2.00035  0.000354142  2.00035  0.000354142  
2.01452  0.0263595  2.01452  0.0263595  
2  0.000253678  2  0.000253678  
2.00042  0.000424292  2.00042  0.000424292  
2.0014  0.00139567  2.0014  0.00139567  
2.00382  0.00382004  2.00382  0.00382004  
2.00167  0.00167326  2.017  0.0169998  
2.00025  0.000253722  2.00025  0.000253722  
2.00025  0.000254007  2.00025  0.000254007  
2.00027  0.000267032  2.00027  0.000267032  
2.00035  0.000354142  2.00035  0.000354142  
2.01468  0.0265251  2.01468  0.0265251  
2  0.000253678  2  0.000253678  
2.00042  0.000424292  2.00042  0.000424292  
2.0014  0.00139567  2.0014  0.00139567  
2.00382  0.00382004  2.00382  0.00382004  
2.00167  0.00167326  2.00167  0.00167326  
2.00025  0.000253722  2.00025  0.000253722  
2.00025  0.000254007  2.00742  0.00742307  
2.00027  0.000267032  2.00027  0.000267032  
2.00035  0.000354142  2.00035  0.000354142  
2.01621  0.0267036  2.01621  0.0267036  
2  0.000253678  2  0.000253678  
2.00042  0.000424292  2.00042  0.000424292  
2.0014  0.00139567  2.0014  0.00139567  
2.00382  0.00382004  2.00949  0.00949234  
2.00167  0.00167326  2.00167  0.00167326  
2.00025  0.000253722  2.00025  0.000253722  
2.00025  0.000254007  2.00025  0.000254007  
2.00027  0.000267032  2.00027  0.000267032  
2.00035  0.000354142  2.00035  0.000354142  
2.01566  0.0275054  2.01566  0.0275054  
2  0.000253678  2  0.000253678  
2.00042  0.000424292  2.00042  0.000424292  
2.0014  0.00139567  2.0014  0.00139567  
2.00382  0.00382004  2.00382  0.00382004  
2.00167  0.00167326  2.00167  0.00167326  
2.00025  0.000253722  2.00025  0.000253722  
2.00025  0.000254007  2.00114  0.00114718  
2.00027  0.000267032  2.00027  0.000267032  
2.00035  0.000354142  2.00035  0.000354142  
2.01566  0.0275054  2.01566  0.0275054  
2  0.000253678  2  0.000253678  
2.00042  0.000424292  2.00042  0.000424292  
2.0014  0.00139567  2.0014  0.00139567  
2.00382  0.00382004  2.00382  0.00382004  
2.00167  0.00167326  2.00167  0.00167326  
2.00025  0.000253722  2.00025  0.000253722  
2.00025  0.000254007  2.00025  0.000254007  
2.00027  0.000267032  2.00027  0.000267032  
2.00035  0.000354142  2.01814  0.0181415  
1.99479  0.0106729  
0.990296  2.50174  
1.51496  1.28266  
1.11541  2.08793  
1.69117  0.914172  
1.9904  0.0194617  
0.643257  4.50188  
1.36377  1.58361  
0.892565  3.15613  
1.4844  1.34212  
1.44673  1.41909  
1.86782  0.266949  
1.65995  0.974405  
1.1596  2.03478  
1.79053  0.686908  
1.4592  1.39128  
1.35182  1.6073  
0.710177  4.00513  
1.38006  1.55674  
0.799431  3.63865  
1.84999  0.567991  
1.25659  1.78747  
1.95905  0.0821625  
1.64849  0.997309  
1.87852  0.26258  
1.89661  0.208225  
0.752547  3.9459  
0.790026  3.86427  
1.97207  0.0561139  
1.8166  0.634766  
1.833  0.601972  
1.54383  1.22589  
1.71163  0.868869  
1.27479  1.76297  
0.901891  2.67967  
1.38736  1.53091  
1.92364  0.153511  
1.73278  0.804993  
1.98485  0.0305579  
1.2418  1.82733  
1.57513  1.15607  
1.34021  1.63052  
1.94753  0.105204  
1.95338  0.0934988  
1.91438  0.172282  
1.82495  0.618065  
1.6986  0.894321  
1.41611  1.4787  
1.30538  1.70017  
1.80009  0.667785  
1.90233  0.19695  
2  0.000253678  
1.80608  0.655797  
1.77136  0.725747  
1.85759  0.55279  
1.32894  1.65306  
1.22077  1.86938  
1.39933  1.51227  
1.92844  0.143386  
1.20774  1.90174  
1.93859  0.123586  
1.74787  0.772644  
1.71955  0.843665  
1.4745  1.36355  
1.43221  1.44485  
1.60882  1.07557  
1.76303  0.741905  
1.6326  1.02909  
1.49248  1.32419  
0.632069  4.53387  
1.40824  1.49445  
1.88886  0.225391  
1.66643  0.96409  
1.56314  1.19901  
1.84401  0.579943  
1.57065  1.17008  
1.3194  1.67223  
1.59612  1.10471  
1.9678  0.064664  
1.90853  0.18455  
0.871862  3.51602  
1.91886  0.162916  
0.62743  4.60942  
1.50841  1.3004  
1.96357  0.0731132  
1.78094  0.706096  
1.72631  0.824906  
1.67967  0.937597  
1.88684  0.238403  
1.52858  1.25538  
1.19176  1.93003  
1.62713  1.04268  
1.58459  1.14176  
1.9808  0.038646  
1.74096  0.789596  
1.97645  0.0473636  
1.75513  0.757711  
1.9434  0.114419  
1.93428  0.131687  
1.28324  1.74445  
