2.92559  0.982032  2.94975  0.991017  
2.79883  1.05843  2.94126  0.972873  
2.91758  0.982307  2.93834  0.978184  
2.9528  0.981496  2.92782  0.986309  
2.93388  0.978513  2.93411  0.990158  
2.95391  0.98632  2.93958  0.979596  
2.92449  0.987554  2.93291  0.977158  
2.96697  0.974349  2.91527  0.987344  
2.90632  0.977821  2.9003  0.985297  
2.93495  0.986036  2.90439  0.983832  
2.85369  1.00652  2.95431  0.981277  
2.94302  0.97375  2.91143  0.975442  
2.93744  0.981542  2.93673  0.98339  
2.86054  0.990699  2.93126  0.982958  
2.91573  0.988025  2.90747  0.987916  
2.96097  0.98927  2.96021  0.971337  
2.88345  0.991192  2.90582  0.987145  
2.86765  1.01065  2.8791  1.0109  
2.93069  0.983707  2.90994  0.981181  
2.96706  0.983659  2.87987  1.00297  
2.95249  0.983862  2.94949  0.979924  
2.89346  0.993569  2.87853  0.987304  
2.92012  0.979726  2.91427  0.987982  
2.92228  0.978856  2.95479  0.985111  
2.90895  0.986368  2.96281  0.986565  
2.94949  0.984983  2.85839  1.01159  
2.92724  0.980644  2.9123  0.979307  
2.88605  1.01279  2.92534  0.993941  
2.89717  0.998284  2.93691  0.984072  
2.92909  0.989857  2.92542  0.984265  
2.90992  0.983176  2.93341  0.980802  
2.91132  0.990462  2.93121  0.985502  
2.93274  0.986786  2.84938  1.03457  
2.87709  1.00359  2.93533  0.988297  
2.89893  0.993264  2.95044  0.980424  
2.94584  0.977126  2.88014  0.99066  
2.94319  0.991583  2.86276  1.01046  
2.92368  0.98387  2.94582  0.980448  
2.88696  0.992945  2.88472  0.985995  
2.89136  1.00078  2.92461  0.977578  
2.95114  0.983823  2.94602  0.980141  
2.78306  1.11958  2.93828  0.984771  
2.89943  0.986206  2.91794  0.981091  
2.96193  0.981973  2.95907  0.983055  
2.94616  0.986739  2.94094  0.978931  
2.93704  0.99196  2.93672  0.983372  
2.89953  0.973899  2.92875  0.991064  
2.93399  0.983086  2.90387  0.991501  
2.94856  0.983826  2.94654  0.979541  
2.9331  0.983873  2.91025  0.988813  
2.93986  0.982457  2.92804  0.990957  
2.95717  0.982971  2.91057  0.981464  
2.94163  0.985781  2.94924  0.982001  
2.90502  0.989985  2.97702  0.984641  
2.91739  0.991943  2.94281  0.981707  
2.93613  0.988431  2.96388  0.983168  
2.95949  0.981302  2.95113  0.984001  
2.90952  0.989163  2.93116  0.982877  
2.89403  0.986323  2.91944  0.987621  
2.90043  0.993074  2.94702  0.983803  
2.94256  0.977166  2.83342  1.0337  
2.87645  0.995466  2.8915  0.996584  
2.95945  0.985558  2.92933  0.985313  
2.93452  0.979786  2.95564  0.980699  
2.92865  0.988358  2.95288  0.984791  
2.94248  0.986961  2.95806  0.986705  
2.86857  1.01687  2.93735  0.986592  
2.91034  0.983637  2.94379  0.983642  
2.8777  1.00725  2.89908  0.990952  
2.90115  1.00092  2.95923  0.983797  
2.89627  0.993105  2.92583  0.988581  
2.95832  0.978321  2.90494  0.990923  
2.90758  0.98828  2.9423  0.985504  
2.90602  0.992472  2.93721  0.988326  
2.93292  0.984402  2.92636  0.981899  
2.88086  1.00948  2.95988  0.98652  
2.92919  0.988707  2.93082  0.988813  
2.92064  0.994624  2.92485  0.989507  
2.95116  0.979794  2.94743  0.981242  
2.83355  1.04971  2.93519  0.989146  
2.90419  0.992599  2.97491  0.986629  
2.93599  0.986237  2.95407  0.976623  
2.91806  0.987389  2.81129  1.0859  
2.86839  1.00866  2.8889  0.989885  
2.936  0.984672  2.93423  0.984905  
2.94758  0.989126  2.96361  0.987177  
2.87741  0.990231  2.9232  0.98646  
2.92722  0.987444  2.89534  0.995678  
2.92146  0.9705  2.92316  0.992165  
2.93435  0.968817  2.94148  0.97317  
2.93189  0.986525  2.9099  0.983938  
2.8598  1.01177  2.85505  1.02272  
2.93117  0.983637  2.91332  0.978255  
2.87426  1.00874  2.91672  0.986884  
2.93068  0.993108  2.96494  0.984886  
2.91106  1.0033  2.92431  0.984467  
2.9114  0.983074  2.96101  0.984339  
2.88493  0.995918  2.90614  0.982057  
2.94322  0.985466  2.82816  1.06233  
2.86785  1.0155  2.94397  0.978013  
2.83342  1.0337  
2.79883  1.05843  
2.88472  0.985995  
2.87853  0.987304  
2.94975  0.991017  
2.95391  0.98632  
2.92449  0.987554  
2.96697  0.974349  
2.90632  0.977821  
2.93495  0.986036  
2.85369  1.00652  
2.94302  0.97375  
2.93744  0.981542  
2.86054  0.990699  
2.91573  0.988025  
2.96097  0.98927  
2.88345  0.991192  
2.86765  1.01065  
2.93069  0.983707  
2.96706  0.983659  
2.95249  0.983862  
2.89346  0.993569  
2.92012  0.979726  
2.92228  0.978856  
2.90895  0.986368  
2.94949  0.984983  
2.92724  0.980644  
2.88605  1.01279  
2.89717  0.998284  
2.92909  0.989857  
2.90992  0.983176  
2.91132  0.990462  
2.93274  0.986786  
2.87709  1.00359  
2.89893  0.993264  
2.94584  0.977126  
2.94319  0.991583  
2.92368  0.98387  
2.88696  0.992945  
2.89136  1.00078  
2.95114  0.983823  
2.78306  1.11958  
2.89943  0.986206  
2.96193  0.981973  
2.94616  0.986739  
2.93704  0.99196  
2.89953  0.973899  
2.93399  0.983086  
2.94856  0.983826  
2.9331  0.983873  
2.93986  0.982457  
2.95717  0.982971  
2.94163  0.985781  
2.90502  0.989985  
2.91739  0.991943  
2.93613  0.988431  
2.95949  0.981302  
2.90952  0.989163  
2.89403  0.986323  
2.90043  0.993074  
2.94256  0.977166  
2.87645  0.995466  
2.95945  0.985558  
2.93452  0.979786  
2.92865  0.988358  
2.94248  0.986961  
2.86857  1.01687  
2.91034  0.983637  
2.8777  1.00725  
2.90115  1.00092  
2.89627  0.993105  
2.95832  0.978321  
2.90758  0.98828  
2.90602  0.992472  
2.93292  0.984402  
2.88086  1.00948  
2.92919  0.988707  
2.92064  0.994624  
2.95116  0.979794  
2.83355  1.04971  
2.90419  0.992599  
2.93599  0.986237  
2.91806  0.987389  
2.86839  1.00866  
2.936  0.984672  
2.94758  0.989126  
2.87741  0.990231  
2.92722  0.987444  
2.92146  0.9705  
2.93435  0.968817  
2.93189  0.986525  
2.8598  1.01177  
2.93117  0.983637  
2.87426  1.00874  
2.93068  0.993108  
2.91106  1.0033  
2.9114  0.983074  
2.88493  0.995918  
2.94322  0.985466  
2.86785  1.0155  
2.89617  0.973851  2.89617  0.973851  
2.85958  0.988106  2.85958  0.988106  
2.10318  2.03468  2.10827  2.03977  
2.94682  0.973897  2.91503  0.973835  
2.95457  0.969561  2.95457  0.969561  
2.92929  0.982506  2.92929  0.982506  
2.86095  0.997597  2.86095  0.997597  
2.93779  0.983411  2.93779  0.983411  
0.982483  4.09624  0.982483  4.09624  
2.49169  1.70271  2.49169  1.70271  
2.93275  0.961079  2.87163  0.991589  
2.58027  1.56829  2.58607  1.52864  
2.93344  0.984526  2.85648  1.00624  
2.91263  0.96268  2.94861  0.972484  
2.81351  1.04983  2.73497  1.11536  
2.96062  0.97931  0.983504  4.09431  
2.69331  1.25475  2.13795  1.96125  
2.02206  2.26023  2.94393  0.97269  
0.982015  4.09259  2.90303  0.981878  
2.9056  0.989515  2.87472  0.996283  
2.90609  0.920504  2.93666  0.964991  
2.06909  2.05501  2.58027  1.56829  
2.92691  0.974206  2.93344  0.984526  
2.65864  1.30608  2.91263  0.96268  
2.51931  1.65396  2.81351  1.04983  
2.8223  1.03569  2.96062  0.97931  
2.88393  0.985052  2.69331  1.25475  
2.7904  1.07469  2.02206  2.26023  
0.943953  4.06383  0.982015  4.09259  
2.90404  0.977243  2.9056  0.989515  
2.95447  0.980501  2.88523  0.921746  
0.979709  4.09144  2.06909  2.05501  
2.74368  1.12991  2.92691  0.974206  
2.5623  1.59917  2.65864  1.30608  
2.94402  0.967429  2.51931  1.65396  
2.94096  0.978544  2.8223  1.03569  
2.87448  0.991609  2.88393  0.985052  
2.81707  1.02587  2.7904  1.07469  
2.91092  0.986138  0.943953  4.06383  
1.91323  2.46274  2.90404  0.977243  
2.55705  1.56907  2.95447  0.980501  
2.8911  0.981084  0.979709  4.09144  
2.78779  1.06313  2.74368  1.12991  
2.70585  1.2575  2.5623  1.59917  
2.92459  0.944329  2.94402  0.967429  
2.91732  0.994608  2.94089  0.978465  
2.13085  1.91521  2.87448  0.991609  
2.8792  0.987154  2.81707  1.02587  
0.976188  4.09425  2.91092  0.986138  
2.9554  0.966168  1.91323  2.46274  
2.68719  0.976811  2.91576  0.983564  
2.48032  1.42071  2.86646  0.993602  
2.6047  1.13983  2.80695  1.05658  
2.10614  1.73595  0.952836  4.06644  
1.1841  3.35123  2.6006  1.508  
2.43348  1.76319  2.74003  1.16038  
0.81967  4.65056  2.9028  0.980786  
2.90977  0.936853  2.0503  2.13937  
2.81772  0.840279  2.94554  0.96344  
1.86599  2.31575  2.91694  0.976282  
2.8748  0.982002  2.55824  1.56829  
2.91158  0.983131  2.8911  0.981084  
0.960049  4.07408  2.78779  1.06313  
2.96483  0.974026  2.70585  1.2575  
2.73158  1.13652  2.92459  0.944329  
2.88456  0.98351  2.91732  0.994608  
2.93223  0.966729  2.13085  1.91521  
2.64663  1.37257  2.8792  0.987154  
2.93049  0.951139  0.976188  4.09425  
2.1433  1.92272  2.9554  0.966168  
2.91576  0.983564  2.68719  0.976811  
2.86609  0.993236  2.48032  1.42071  
2.80695  1.05658  2.6047  1.13983  
0.952836  4.06644  2.10614  1.73595  
2.6006  1.508  1.1841  3.35123  
2.74003  1.16038  2.43348  1.76319  
2.9028  0.980786  0.81967  4.65056  
2.0503  2.13937  2.90977  0.936853  
2.94554  0.96344  2.84593  0.868487  
2.91694  0.976282  1.86599  2.31575  
2.87163  0.991589  2.8748  0.982002  
2.58607  1.52864  2.91158  0.983131  
2.85648  1.00624  0.989849  4.10388  
2.94861  0.972484  2.92228  0.975905  
2.73754  1.11794  2.62935  1.38592  
0.978732  4.09436  2.88456  0.98351  
2.13795  1.96125  2.93223  0.966729  
2.94393  0.97269  2.64663  1.37257  
2.90303  0.981878  2.93049  0.951139  
2.87472  0.996283  2.1433  1.92272  
2.91455  0.980838  2.91455  0.980838  
2.46139  1.73289  2.46139  1.73289  
2.6944  1.25176  2.6944  1.25176  
2.92634  0.983749  2.92324  0.980649  
0.960311  4.07281  0.963406  4.07334  
2.91028  0.985991  2.91028  0.985991  
2.90183  0.980397  2.90183  0.980397  
2.79028  1.06783  2.79028  1.06783  
2.04476  2.20139  2.04476  2.20139  
2.92501  0.957097  2.92501  0.957097  
2.55298  1.2394  
1.42837  2.72539  
2.3684  1.49915  
0.968194  3.95205  
2.46429  1.30777  
2.15634  1.68662  
2.10222  1.7185  
0.931122  4.00189  
1.79537  2.38125  
1.08412  3.35924  
2.78599  0.843347  
1.53237  2.47586  
2.81772  0.840279  
2.25012  1.66215  
2.63467  1.04421  
1.4831  2.56523  
2.73539  0.865687  
2.44975  1.48801  
1.35164  2.96487  
2.13565  1.70664  
1.31699  3.07923  
1.59866  2.42167  
1.80772  2.29768  
1.92461  2.16999  
1.95153  2.0852  
1.13257  3.25247  
1.94073  2.12406  
2.19091  1.66776  
1.50893  2.51408  
2.68694  0.945444  
1.0071  3.77366  
2.01838  1.79114  
2.72637  0.885608  
1.03528  3.63028  
0.843315  4.42675  
2.45144  1.48401  
2.00184  1.8248  
1.97219  1.99553  
1.12454  3.263  
2.1774  1.67482  
2.06132  1.7364  
1.54771  2.43611  
2.15285  1.68987  
1.05824  3.53124  
1.29084  3.18942  
2.56077  1.21716  
1.41674  2.85333  
1.62825  2.41717  
1.14745  3.23643  
1.24723  3.21502  
2.65604  1.00228  
2.45975  1.4765  
0.8205  4.6483  
2.61762  1.08117  
0.989878  3.86117  
2.66173  0.991665  
1.87775  2.28918  
2.75494  0.857723  
0.984126  3.88375  
1.30528  3.17025  
2.57797  1.17532  
2.58962  1.1465  
1.19125  3.2243  
2.54359  1.26579  
1.02113  3.69654  
2.64769  1.01788  
0.952989  3.98731  
1.91042  2.20435  
2.62422  1.06843  
0.833532  4.45475  
2.57222  1.19229  
1.71836  2.41164  
2.32463  1.63769  
2.53534  1.29284  
1.91618  2.18513  
0.972183  3.91805  
1.39012  2.87106  
2.77197  0.84794  
1.01291  3.74182  
2.70244  0.914616  
2.66469  0.986477  
0.997779  3.82255  
1.93084  2.15501  
2.60709  1.10523  
1.29743  3.173  
2.58585  1.15573  
1.08059  3.44406  
1.34864  3.05864  
2.67463  0.970116  
0.902588  4.00977  
1.9027  2.22482  
2.21475  1.66429  
2.54877  1.24976  
2.59959  1.12289  
2.30982  1.65549  
0.81967  4.65056  
1.45459  2.67826  
2.5652  1.20759  
1.10904  3.28339  
1.97456  1.83066  
2.46225  1.67877  2.46225  1.67877  
2.94148  0.97301  2.94148  0.97301  
2.55773  1.57068  2.55773  1.57068  
2.93464  0.966589  2.93464  0.966589  
0.702192  4.70219  0.702192  4.70219  
2.57651  0.617463  2.57651  0.617463  
2.82293  1.04115  2.89514  0.985227  
2.93075  0.980298  2.93075  0.980298  
1.96578  2.34378  1.96578  2.34378  
2.23391  1.69821  2.23391  1.69821  
2.81645  1.06182  2.86225  1.00275  
2.59566  0.618139  2.59757  0.61715  
2.83847  1.02441  2.94937  0.972766  
2.08742  1.91917  2.69226  1.25389  
2.37505  1.73668  2.95704  0.978612  
0.701684  4.70168  0.707138  4.70714  
2.50116  1.65353  2.103  1.86931  
2.92695  0.970339  2.93111  0.96376  
1.54115  2.66736  2.4267  1.73365  
2.96357  0.976722  1.55466  2.67875  
1.52358  2.75089  2.81645  1.06182  
2.5892  0.615706  2.59566  0.618139  
2.43093  1.73316  2.84407  1.03002  
2.89648  0.969197  2.08742  1.91917  
2.07236  1.93105  2.37505  1.73668  
2.935  0.977632  0.701684  4.70168  
0.700265  4.70026  2.50116  1.65353  
2.94122  0.971221  2.92695  0.970339  
2.51775  1.67191  1.54115  2.66736  
2.90103  0.965479  2.96357  0.976722  
2.95201  0.977058  1.54234  2.69365  
2.58462  0.612483  2.5892  0.615706  
2.71737  1.2627  2.43093  1.73316  
2.09971  1.87738  2.89648  0.969197  
1.54458  2.69817  2.07236  1.93105  
2.56579  1.55252  2.935  0.977632  
2.87541  0.999764  0.700265  4.70026  
0.682498  4.6825  2.94122  0.971221  
2.90535  0.982329  2.51775  1.67191  
2.33145  1.73931  2.90103  0.965479  
2.76087  1.09  2.94993  0.974976  
2.55656  0.579863  2.58462  0.612483  
2.83503  0.973147  2.71737  1.2627  
1.49236  2.70877  2.09971  1.87738  
1.98552  2.1436  1.54458  2.69817  
0.647456  4.64746  2.56579  1.55252  
2.9125  0.935121  2.87541  0.999764  
2.17744  1.76253  0.682498  4.6825  
2.89298  0.959165  2.90535  0.982329  
2.46854  1.6276  2.33145  1.73931  
2.32048  1.74781  2.76087  1.09  
2.59377  0.613087  2.55656  0.579863  
2.51455  1.62057  2.83503  0.973147  
0.695746  4.69575  1.49236  2.70877  
2.79435  1.07229  1.98552  2.1436  
1.54235  2.6776  0.647456  4.64746  
2.94761  0.958005  2.9125  0.935121  
2.88815  0.973777  2.18215  1.76724  
2.10116  1.87131  2.90408  0.956996  
2.89861  0.971322  2.46854  1.6276  
2.09394  1.90506  2.32048  1.74781  
2.58485  0.615955  2.59377  0.613087  
2.89286  0.973419  2.51455  1.62057  
0.690318  4.69032  0.695746  4.69575  
1.52975  2.71587  2.79435  1.07229  
2.94744  0.980067  1.54235  2.6776  
2.77258  1.10514  2.94761  0.958005  
2.5855  1.52334  2.88815  0.973777  
2.39143  1.73495  2.10116  1.87131  
2.95967  0.982677  2.89624  0.97199  
2.90537  0.971626  2.09394  1.90506  
2.59469  0.614215  2.58485  0.615955  
2.82751  1.05224  2.89286  0.973419  
1.536  2.69948  0.690318  4.69032  
2.37953  1.74853  1.52975  2.71587  
0.693602  4.6936  2.94424  0.976868  
2.09828  1.88089  2.77258  1.10514  
2.92384  0.983282  2.5855  1.52334  
2.54194  1.62229  2.39143  1.73495  
2.91675  0.977556  2.95967  0.982677  
2.85941  0.999904  2.90537  0.971626  
2.59757  0.61715  2.60049  0.620015  
2.94937  0.972766  2.82751  1.05224  
2.69226  1.25389  1.536  2.69948  
2.95704  0.978612  2.37953  1.74853  
0.707138  4.70714  0.693602  4.6936  
2.103  1.86931  2.09828  1.88089  
2.93111  0.96376  2.92384  0.983282  
2.4267  1.73365  2.54194  1.62229  
1.55466  2.67875  2.91675  0.977556  
1.55834  2.68213  1.55939  2.68318  
2.58696  0.612703  2.58696  0.612703  
2.91577  0.972276  2.91577  0.972276  
2.34852  1.74355  2.34852  1.74355  
2.59265  1.52449  2.59265  1.52449  
0.69744  4.69744  0.69744  4.69744  
2.91728  0.966977  2.91728  0.966977  
2.82846  1.00888  2.82846  1.00888  
2.07564  1.96031  2.07564  1.96031  
2.90329  0.974834  2.90329  0.974834  
0.70492  4.29304  
1.9286  1.69619  
2.31803  1.16694  
1.94126  1.62663  
1.6901  2.10305  
2.51102  0.601111  
1.195  2.93038  
2.46155  0.71026  
0.733743  3.85366  
0.970012  3.08317  
2.48172  0.66341  
1.38454  2.34529  
2.54092  0.580823  
2.11244  1.52014  
1.40291  2.3209  
2.56575  0.57966  
1.82512  1.93167  
0.955911  3.11653  
1.29715  2.6392  
0.977329  3.07577  
0.991725  3.06152  
1.46783  2.28344  
0.796669  3.85349  
2.5204  0.590883  
0.625208  4.62521  
1.5717  2.21777  
1.36478  2.3512  
1.74585  1.97056  
1.85893  1.73748  
1.96854  1.5981  
1.34265  2.36734  
2.47335  0.684873  
2.45828  1.6748  
0.903482  3.33521  
0.848367  3.5938  
0.863696  3.5822  
0.673336  4.32276  
1.901  1.71294  
1.50195  2.28004  
1.72088  2.07194  
0.814603  3.73969  
1.3285  2.48849  
2.48838  0.627292  
1.43162  2.28869  
1.93274  1.63315  
1.24228  2.80328  
1.30285  2.59551  
0.930484  3.28268  
0.682855  4.30844  
0.887214  3.47166  
0.835422  3.64678  
0.72498  3.86473  
0.827354  3.66992  
0.93806  3.22097  
0.677207  4.31505  
2.6704  0.689107  
1.24476  2.69433  
1.33355  2.46315  
1.66661  2.21482  
0.955101  3.15548  
1.5552  2.26744  
1.08322  3.05962  
1.18835  2.93763  
1.64278  2.21771  
0.837501  3.60727  
2.43191  1.02138  
2.94719  0.973065  
0.686811  4.30172  
1.72738  2.02515  
0.832159  3.71497  
2.54306  0.644114  
1.16523  2.95521  
1.12329  3.02658  
1.0709  3.05989  
1.39113  2.325  
1.20709  2.90941  
1.63062  2.23125  
1.20224  2.91964  
2.55151  0.639771  
1.67804  2.11677  
1.32972  2.46836  
0.71055  3.96878  
0.923506  3.30131  
2.59905  0.613972  
1.00661  3.07778  
1.54473  2.6653  
2.66742  0.687877  
0.841245  3.87125  
2.89305  0.969491  
1.40552  2.60749  
1.17652  3.13995  
1.06219  3.22058  
1.97419  1.91594  
2.46412  1.44697  
1.55019  2.42723  
0.77109  4.4071  
0.901672  3.94056  
2.09502  1.67995  
2.65664  1.35139  
1.97456  1.83066  
