1.28118  4.00753  0.602974  4.56961  
1.15468  4.25038  2.12646  2.47528  
1.45923  4.09219  0.707899  4.49121  
1.87115  3.46497  1.05893  4.28442  
2.13416  2.96168  2.13218  2.68459  
2.00248  3.08153  1.18545  4.29476  
0.670343  4.49623  1.33596  4.10607  
1.35545  4.11247  1.48695  4.15836  
1.60407  3.72941  1.17934  4.31406  
1.90019  3.4675  1.8778  3.01972  
1.63981  3.72526  1.81093  3.30952  
0.890416  4.47361  1.50006  3.90967  
1.99239  2.97576  0.516189  4.50957  
1.66683  3.49826  1.09667  4.16706  
1.21761  4.38108  2.14205  2.29672  
0.690104  4.52728  2.03268  2.99186  
1.67864  3.58653  1.81537  3.12479  
0.784327  4.47597  1.32668  4.23545  
0.650987  4.56409  0.711578  4.53976  
1.28572  4.04664  2.01399  2.92088  
0.620257  4.51972  1.1333  4.34578  
1.87384  3.26618  1.86386  3.42073  
1.88802  3.62487  1.13818  4.39668  
1.88961  3.47114  1.20344  4.33762  
2.09326  2.83307  1.84516  3.43977  
1.67789  3.6908  1.85922  3.17111  
0.861153  4.29072  2.00462  3.10568  
0.584526  4.53016  0.473983  4.45611  
1.1939  4.3932  1.48372  4.09762  
1.18169  4.24559  1.7686  3.70358  
1.28669  4.37447  1.62902  3.69637  
0.607422  4.60742  1.36629  4.30334  
0.539209  4.49353  2.14797  2.92114  
2.02569  3.21817  1.97621  3.05954  
1.17282  4.32622  2.26728  2.1984  
0.721582  4.54541  2.06913  2.85734  
1.34992  4.394  1.08886  4.33523  
0.743188  4.44605  0.80959  4.4579  
1.85024  3.66034  1.72233  3.68318  
1.91193  3.27101  1.64235  4.01302  
1.87132  3.33171  1.87902  3.30409  
0.896843  4.43204  1.79138  3.46218  
1.40906  4.08207  2.13021  3.00251  
1.61369  3.9415  2.05568  3.04536  
0.642424  4.4346  2.36944  2.22275  
0.54504  4.52882  2.21907  2.65078  
0.588456  4.51333  1.36188  4.12073  
2.16314  2.27957  0.97731  4.15819  
0.613402  4.55308  1.93401  3.45992  
1.50855  3.78927  2.12177  2.99558  
0.897479  4.63136  1.6534  3.83801  
1.93348  2.85865  1.95774  3.09508  
1.54849  3.89698  1.26556  4.16988  
2.26251  2.26961  0.647551  4.51881  
1.0701  4.20963  1.80428  3.71176  
2.37578  1.30285  1.60614  3.76297  
1.89672  3.29475  0.982512  4.54143  
2.04064  2.86972  1.85914  3.44895  
0.61398  4.56696  1.1336  4.52437  
1.31111  4.09109  1.52381  3.97902  
0.612557  4.58301  1.06642  4.51476  
0.96426  4.28069  0.594032  4.50595  
1.96876  3.29125  1.5596  4.14851  
1.75796  3.3614  2.0134  3.38272  
1.53411  3.94053  1.60799  3.88373  
0.78497  4.62874  2.24657  2.76178  
0.664283  4.57046  1.9816  3.28892  
2.06093  3.04595  2.11807  2.62758  
2.50197  1.25108  0.443653  4.4334  
1.53518  3.89395  0.517036  4.50014  
2.01198  3.06403  0.913225  4.50928  
1.92492  3.30161  1.44778  3.73582  
1.77166  3.59805  1.92265  3.41832  
1.60906  3.88361  0.645485  4.55928  
1.34949  4.10425  2.00228  3.00091  
1.898  3.17837  1.94028  3.57032  
0.680055  4.59873  1.82032  3.24735  
2.4066  1.80222  1.23567  4.24491  
1.87881  3.25155  0.477256  4.44718  
1.21474  4.17344  1.90766  3.18818  
0.607826  4.46886  1.08802  4.47147  
1.72244  3.5211  2.23827  1.93767  
1.87971  3.24975  2.3309  2.44706  
2.40311  1.79633  2.158  2.84977  
1.16737  4.22365  2.00115  3.16511  
1.96984  3.2755  1.5718  3.84366  
1.71684  3.77056  1.1304  4.33201  
1.94721  3.34657  1.17632  4.03737  
0.692544  4.40807  1.2542  4.22051  
0.883781  4.35318  1.49204  4.04951  
0.749032  4.43563  2.15024  3.00678  
0.914429  4.51643  2.0228  3.29682  
1.09691  4.41343  2.05316  3.17324  
0.483471  4.42999  0.616151  4.42868  
2.17349  2.69569  1.83227  3.3422  
1.16312  4.25958  2.30072  1.8583  
0.606159  4.53684  1.57123  3.9283  
1.16203  4.34956  2.12062  2.92146  
1.9832  3.49768  2.0055  3.08556  
2.25813  2.33269  1.68531  3.81016  
1.17111  3.24253  0.608179  3.81057  
1.70474  2.09177  1.17111  3.24253  
1.82952  1.61599  1.92824  1.0619  
0.608179  3.81057  1.38136  2.89265  
0.918364  3.55337  1.70474  2.09177  
0.00877635  3.99996  1.82952  1.61599  
1.92824  1.0619  1.5577  2.50885  
1.38136  2.89265  0.918364  3.55337  
2  0.00112148  2  0.00112148  
1.5577  2.50885  0.00877635  3.99996  
0.00877635  3.99996  1.70474  2.09177  
1.70474  2.09177  1.38136  2.89265  
0.918364  3.55337  2  0.00112148  
1.92824  1.0619  0.918364  3.55337  
1.82952  1.61599  1.17111  3.24253  
1.38136  2.89265  1.82952  1.61599  
0.608179  3.81057  1.5577  2.50885  
1.5577  2.50885  0.608179  3.81057  
2  0.00112148  0.00877635  3.99996  
1.17111  3.24253  1.92824  1.0619  
1.92824  1.0619  1.5577  2.50885  
1.70474  2.09177  1.70474  2.09177  
2  0.00112148  0.00877635  3.99996  
0.918364  3.55337  0.918364  3.55337  
1.38136  2.89265  1.17111  3.24253  
0.00877635  3.99996  0.608179  3.81057  
1.82952  1.61599  1.56847  2.48186  
0.608179  3.81057  2  0.00112148  
1.17111  3.24253  1.92824  1.0619  
1.5577  2.50885  1.82952  1.61599  
1.82952  1.61599  0.00877635  3.99996  
1.70474  2.09177  2  0.00112148  
1.5577  2.50885  1.92824  1.0619  
1.92824  1.0619  1.93785  0.989438  
0.00877635  3.99996  1.70474  2.09177  
0.918364  3.55337  1.38136  2.89265  
1.38136  2.89265  0.918364  3.55337  
1.17111  3.24253  0.608179  3.81057  
0.608179  3.81057  1.82952  1.61599  
2  0.00112148  1.17111  3.24253  
1.38136  2.89265  1.38136  2.89265  
1.70474  2.09177  1.92824  1.0619  
1.82952  1.61599  1.70474  2.09177  
0.608179  3.81057  1.17111  3.24253  
1.5577  2.50885  1.5577  2.50885  
1.17111  3.24253  1.92824  1.0619  
1.92824  1.0619  0.00877635  3.99996  
0.00877635  3.99996  0.608179  3.81057  
2  0.00112148  0.918364  3.55337  
0.918364  3.55337  2  0.00112148  
1.92824  1.0619  0.918364  3.55337  
1.70474  2.09177  1.17111  3.24253  
0.00877635  3.99996  2  0.00112148  
1.38136  2.89265  1.70474  2.09177  
1.17111  3.24253  1.82952  1.61599  
0.918364  3.55337  1.38136  2.89265  
1.82952  1.61599  0.00877635  3.99996  
1.5577  2.50885  1.09893  3.34207  
2  0.00112148  0.608179  3.81057  
0.608179  3.81057  1.5577  2.50885  
2  0.00112148  1.38136  2.89265  
1.70474  2.09177  0.00877635  3.99996  
1.38136  2.89265  1.82952  1.61599  
1.92824  1.0619  1.70474  2.09177  
1.17111  3.24253  2  0.00112148  
1.82952  1.61599  1.5577  2.50885  
0.608179  3.81057  1.17111  3.24253  
0.918364  3.55337  0.918364  3.55337  
0.00877635  3.99996  0.608179  3.81057  
1.5577  2.50885  1.92824  1.0619  
0.608179  3.81057  1.5577  2.50885  
1.70474  2.09177  0.918364  3.55337  
2  0.00112148  1.92824  1.0619  
1.82952  1.61599  1.38136  2.89265  
0.00877635  3.99996  0.00877635  3.99996  
1.38136  2.89265  1.84811  1.52904  
0.918364  3.55337  2  0.00112148  
1.92824  1.0619  1.70474  2.09177  
1.5577  2.50885  1.17111  3.24253  
1.17111  3.24253  0.608179  3.81057  
0.608179  3.81057  0.918364  3.55337  
1.70474  2.09177  1.17111  3.24253  
1.38136  2.89265  1.38136  2.89265  
1.82952  1.61599  1.92824  1.0619  
1.92824  1.0619  1.5577  2.50885  
1.5577  2.50885  0.608179  3.81057  
0.00877635  3.99996  1.82952  1.61599  
0.918364  3.55337  1.70474  2.09177  
2  0.00112148  0.00877635  3.99996  
1.17111  3.24253  2  0.00112148  
0.918364  3.55337  1.38136  2.89265  
1.70474  2.09177  1.82952  1.61599  
1.92824  1.0619  2  0.00112148  
1.5577  2.50885  0.00877635  3.99996  
0.608179  3.81057  1.92824  1.0619  
1.17111  3.24253  0.918364  3.55337  
1.38136  2.89265  1.17111  3.24253  
2  0.00112148  1.70474  2.09177  
1.82952  1.61599  1.5577  2.50885  
0.00877635  3.99996  0.608179  3.81057  
1.69687  2.11721  1.36741  2.91904  
2  0.000731272  1.62542  2.33067  
1.36741  2.91904  1.16205  3.25554  
0.91734  3.55443  1.82396  1.64096  
1.54168  2.54813  1.92692  1.07142  
0.606502  3.81164  1.54168  2.54813  
1.16205  3.25554  1.69687  2.11721  
1.82396  1.64096  0.00705508  3.99998  
0.00705508  3.99998  2  0.000731272  
1.92692  1.07142  0.91734  3.55443  
1.69687  2.11721  1.16205  3.25554  
2  0.000731272  0.00705508  3.99998  
0.606502  3.81164  2  0.000731272  
1.16205  3.25554  1.92692  1.07142  
1.54168  2.54813  1.69687  2.11721  
1.82396  1.64096  1.36741  2.91904  
1.92692  1.07142  0.606502  3.81164  
1.36741  2.91904  0.91734  3.55443  
0.91734  3.55443  1.54168  2.54813  
0.00705508  3.99998  1.82396  1.64096  
1.69687  2.11721  1.36741  2.91904  
2  0.000731272  1.92692  1.07142  
1.82396  1.64096  1.16205  3.25554  
0.91734  3.55443  1.69687  2.11721  
1.92692  1.07142  1.54168  2.54813  
1.16205  3.25554  0.00705508  3.99998  
0.00705508  3.99998  2  0.000731272  
1.54168  2.54813  0.606502  3.81164  
1.36741  2.91904  0.91734  3.55443  
0.606502  3.81164  1.73562  1.98758  
1.69687  2.11721  1.54168  2.54813  
0.91734  3.55443  0.606502  3.81164  
1.16205  3.25554  1.82688  1.62788  
0.00705508  3.99998  1.36741  2.91904  
2  0.000731272  2  0.000731272  
1.54168  2.54813  1.92692  1.07142  
1.82688  1.62788  0.91734  3.55443  
1.36741  2.91904  1.69687  2.11721  
1.92692  1.07142  0.00705508  3.99998  
0.606502  3.81164  1.16205  3.25554  
1.69687  2.11721  1.16205  3.25554  
0.606502  3.81164  0.91734  3.55443  
1.16205  3.25554  1.36741  2.91904  
0.00705508  3.99998  1.69687  2.11721  
1.82688  1.62788  1.54168  2.54813  
0.91734  3.55443  2  0.000731272  
1.54168  2.54813  0.00705508  3.99998  
1.92692  1.07142  1.92692  1.07142  
1.36741  2.91904  1.82688  1.62788  
2  0.000731272  0.606502  3.81164  
1.69687  2.11721  1.92692  1.07142  
0.00705508  3.99998  0.00705508  3.99998  
0.606502  3.81164  2  0.000731272  
1.16205  3.25554  1.69687  2.11721  
2  0.000731272  1.16205  3.25554  
1.92692  1.07142  0.91734  3.55443  
0.91734  3.55443  1.36741  2.91904  
1.54168  2.54813  1.82688  1.62788  
1.36741  2.91904  1.54168  2.54813  
1.82688  1.62788  0.606502  3.81164  
1.69687  2.11721  1.69687  2.11721  
2  0.000731272  1.82688  1.62788  
1.82688  1.62788  1.36741  2.91904  
0.00705508  3.99998  0.606502  3.81164  
0.606502  3.81164  1.54168  2.54813  
1.54168  2.54813  2  0.000731272  
0.91734  3.55443  0.91734  3.55443  
1.36741  2.91904  1.16205  3.25554  
1.16205  3.25554  0.00705508  3.99998  
1.92692  1.07142  1.92692  1.07142  
1.69687  2.11721  1.54168  2.54813  
1.92692  1.07142  1.16205  3.25554  
1.16205  3.25554  1.79508  1.76373  
0.00705508  3.99998  2  0.000731272  
2  0.000731272  1.82688  1.62788  
0.91734  3.55443  0.91734  3.55443  
1.54168  2.54813  1.92692  1.07142  
1.36741  2.91904  0.00705508  3.99998  
1.82688  1.62788  1.36741  2.91904  
0.606502  3.81164  0.606502  3.81164  
1.69687  2.11721  1.16205  3.25554  
2  0.000731272  1.36741  2.91904  
1.16205  3.25554  0.00705508  3.99998  
0.91734  3.55443  1.54168  2.54813  
0.00705508  3.99998  1.82688  1.62788  
1.92692  1.07142  1.69687  2.11721  
1.54168  2.54813  0.91734  3.55443  
1.82688  1.62788  2  0.000731272  
0.606502  3.81164  1.71893  2.04478  
1.36741  2.91904  1.92692  1.07142  
1.69687  2.11721  1.54168  2.54813  
0.00705508  3.99998  0.00705508  3.99998  
1.16205  3.25554  1.16205  3.25554  
1.82688  1.62788  0.91734  3.55443  
0.606502  3.81164  1.69687  2.11721  
1.36741  2.91904  0.606502  3.81164  
1.54168  2.54813  1.82688  1.62788  
1.92692  1.07142  1.36741  2.91904  
2  0.000731272  2  0.000731272  
0.91734  3.55443  1.92692  1.07142  
1.71969  2.04222  0.606502  3.81164  
1.36741  2.91904  1.71969  2.04222  
0.606502  3.81164  0.685453  3.75774  
1.69687  2.11721  1.83757  1.57902  
1.16205  3.25554  1.69687  2.11721  
0.91734  3.55443  1.36741  2.91904  
0.00705508  3.99998  0.00705508  3.99998  
1.54168  2.54813  1.16205  3.25554  
1.83757  1.57902  0.91734  3.55443  
2  0.000731272  2  0.000731272  
1.64814  2.26595  1.83757  1.57902  
2  0.000731272  0.91734  3.55443  
1.36741  2.91904  0.606502  3.81164  
1.53428  2.56593  1.71969  2.04222  
1.82688  1.62788  1.36741  2.91904  
0.91734  3.55443  1.54168  2.54813  
1.92434  1.0898  0.00705508  3.99998  
0.00705508  3.99998  2  0.000731272  
1.69687  2.11721  1.69687  2.11721  
1.16205  3.25554  1.16205  3.25554  
1.36741  2.91904  0.00705508  3.99998  
2  0.000731272  0.962332  3.50652  
1.69687  2.11721  1.36741  2.91904  
1.82688  1.62788  0.606502  3.81164  
0.606502  3.81164  1.54168  2.54813  
0.91734  3.55443  1.64814  2.26595  
0.00705508  3.99998  1.69687  2.11721  
1.64814  2.26595  1.82688  1.62788  
1.54168  2.54813  2  0.000731272  
1.16205  3.25554  1.16205  3.25554  
1.82688  1.62788  1.92692  1.07142  
2  0.000731272  1.51529  2.61067  
1.16205  3.25554  0.91734  3.55443  
0.91734  3.55443  1.36741  2.91904  
1.92692  1.07142  1.82688  1.62788  
1.69687  2.11721  1.16205  3.25554  
1.54168  2.54813  2  0.000731272  
0.606502  3.81164  1.54168  2.54813  
1.36741  2.91904  0.606502  3.81164  
0.00705508  3.99998  0.00705508  3.99998  
0.00705508  3.99998  1.83757  1.57902  
0.91734  3.55443  0.00705508  3.99998  
1.36741  2.91904  1.71969  2.04222  
1.54168  2.54813  1.36741  2.91904  
1.92692  1.07142  1.16205  3.25554  
1.69687  2.11721  2  0.000731272  
1.16205  3.25554  0.606502  3.81164  
2  0.000731272  1.69687  2.11721  
0.606502  3.81164  1.54168  2.54813  
1.82688  1.62788  0.91734  3.55443  
1.92434  1.0898  2  0.000731272  
1.16205  3.25554  1.92692  1.07142  
0.91734  3.55443  1.54168  2.54813  
1.64814  2.26595  1.69687  2.11721  
1.36741  2.91904  0.00705508  3.99998  
2  0.000731272  1.82688  1.62788  
1.53428  2.56593  1.36741  2.91904  
0.00705508  3.99998  0.606502  3.81164  
1.69687  2.11721  0.91734  3.55443  
1.82688  1.62788  1.16205  3.25554  
1.54168  2.54813  1.36741  2.91904  
1.82688  1.62788  0.606502  3.81164  
1.92692  1.07142  1.40741  2.84197  
0.606502  3.81164  1.16205  3.25554  
2  0.000731272  0.00705508  3.99998  
1.69687  2.11721  1.69687  2.11721  
1.36741  2.91904  0.91734  3.55443  
1.16205  3.25554  1.92692  1.07142  
0.00705508  3.99998  1.82688  1.62788  
0.91734  3.55443  2  0.000731272  
0.606502  3.81164  0.606502  3.81164  
1.92692  1.07142  2  0.000731272  
0.00705508  3.99998  1.69687  2.11721  
1.16205  3.25554  1.82688  1.62788  
1.36741  2.91904  1.54168  2.54813  
1.69687  2.11721  0.00705508  3.99998  
1.54168  2.54813  1.36741  2.91904  
2  0.000731272  1.16205  3.25554  
0.91734  3.55443  1.92692  1.07142  
1.82688  1.62788  0.91734  3.55443  
1.54168  2.54813  1.36741  2.91904  
1.82688  1.62788  1.92692  1.07142  
0.00705508  3.99998  0.91734  3.55443  
1.16205  3.25554  0.606502  3.81164  
1.92692  1.07142  2  0.000731272  
0.606502  3.81164  1.69687  2.11721  
0.91734  3.55443  1.54168  2.54813  
2  0.000731272  0.00705508  3.99998  
1.69687  2.11721  1.82688  1.62788  
1.36741  2.91904  1.16205  3.25554  
0.606502  3.81164  1.16205  3.25554  
1.36741  2.91904  1.82688  1.62788  
0.00705508  3.99998  1.54168  2.54813  
1.82688  1.62788  1.36741  2.91904  
1.16205  3.25554  0.00705508  3.99998  
1.69687  2.11721  0.606502  3.81164  
0.91734  3.55443  1.92692  1.07142  
2  0.000731272  0.91734  3.55443  
1.92692  1.07142  2  0.000731272  
1.54168  2.54813  1.69687  2.11721  
0.91734  3.55443  1.16205  3.25554  
1.54168  2.54813  1.92692  1.07142  
1.82688  1.62788  0.911447  3.56049  
1.36741  2.91904  1.69686  2.11723  
2  0.000731272  0.91734  3.55443  
1.92692  1.07142  1.54168  2.54813  
1.16205  3.25554  1.82688  1.62788  
1.69686  2.11723  0.606502  3.81164  
0.606502  3.81164  1.36741  2.91904  
0.00705508  3.99998  2  0.000731272  
2  0.000731272  0.606502  3.81164  
0.00705508  3.99998  1.69686  2.11723  
1.82688  1.62788  1.92692  1.07142  
1.36741  2.91904  1.16205  3.25554  
1.69686  2.11723  1.82688  1.62788  
1.92692  1.07142  1.36741  2.91904  
0.91734  3.55443  2  0.000731272  
1.54168  2.54813  0.887743  3.58436  
0.606502  3.81164  1.54168  2.54813  
1.16205  3.25554  0.00705508  3.99998  
1.54168  2.54813  0.00705508  3.99998  
2  0.000731272  1.96314  0.764394  
1.82688  1.62788  1.16205  3.25554  
1.36741  2.91904  2  0.000731272  
1.16205  3.25554  1.69686  2.11723  
1.69686  2.11723  1.82688  1.62788  
0.00705508  3.99998  1.36741  2.91904  
0.91734  3.55443  1.54168  2.54813  
0.606502  3.81164  0.91734  3.55443  
1.92692  1.07142  0.606502  3.81164  
1.82688  1.62788  0.606502  3.81164  
1.69686  2.11723  1.36741  2.91904  
0.00705508  3.99998  0.00705508  3.99998  
0.606502  3.81164  1.69686  2.11723  
1.16205  3.25554  2  0.000731272  
1.92692  1.07142  1.92692  1.07142  
0.91734  3.55443  1.82688  1.62788  
2  0.000731272  1.54168  2.54813  
1.36741  2.91904  1.16205  3.25554  
1.54168  2.54813  0.91734  3.55443  
2  0.000731272  1.36741  2.91904  
1.69686  2.11723  0.623366  3.80074  
1.82688  1.62788  1.16205  3.25554  
0.00705508  3.99998  2  0.000731272  
1.16205  3.25554  1.69686  2.11723  
1.92692  1.07142  0.00705508  3.99998  
1.54168  2.54813  1.01647  3.44487  
0.91734  3.55443  1.54168  2.54813  
0.606502  3.81164  1.82688  1.62788  
1.36741  2.91904  0.91734  3.55443  
1.92692  1.07142  1.36741  2.91904  
1.16205  3.25554  0.606502  3.81164  
1.69686  2.11723  2  0.000731272  
1.54168  2.54813  1.69686  2.11723  
1.82688  1.62788  0.00705508  3.99998  
1.36741  2.91904  1.54168  2.54813  
0.00705508  3.99998  1.16205  3.25554  
2  0.000731272  1.82688  1.62788  
0.606502  3.81164  1.16205  3.25554  
0.91734  3.55443  1.92692  1.07142  
1.82688  1.62788  1.16205  3.25554  
1.16205  3.25554  0.91734  3.55443  
1.54168  2.54813  1.54168  2.54813  
0.00705508  3.99998  1.36741  2.91904  
0.91734  3.55443  1.92692  1.07142  
2  0.000731272  2  0.000731272  
1.36741  2.91904  0.00705508  3.99998  
1.69686  2.11723  1.82688  1.62788  
0.606502  3.81164  0.606502  3.81164  
1.92692  1.07142  1.69686  2.11723  
2  0.000731272  2  0.000731272  
1.36741  2.91904  1.36741  2.91904  
1.54168  2.54813  0.91734  3.55443  
1.69686  2.11723  0.606502  3.81164  
1.16205  3.25554  0.00705508  3.99998  
1.82688  1.62788  1.92692  1.07142  
1.92692  1.07142  1.16205  3.25554  
0.00705508  3.99998  1.69686  2.11723  
0.606502  3.81164  1.82688  1.62788  
0.91734  3.55443  1.54168  2.54813  
1.82688  1.62788  0.91734  3.55443  
1.54168  2.54813  1.92692  1.07142  
0.606502  3.81164  1.54168  2.54813  
0.00705508  3.99998  1.69686  2.11723  
1.16205  3.25554  1.36741  2.91904  
1.36741  2.91904  0.00705508  3.99998  
0.91734  3.55443  1.16205  3.25554  
2  0.000731272  2  0.000731272  
1.92692  1.07142  1.82688  1.62788  
1.69686  2.11723  0.606502  3.81164  
1.16205  3.25554  2  0.000731272  
1.69686  2.11723  0.00705508  3.99998  
1.92692  1.07142  1.16205  3.25554  
0.00705508  3.99998  1.36741  2.91904  
1.36741  2.91904  1.82688  1.62788  
1.82688  1.62788  0.606502  3.81164  
0.91734  3.55443  1.45826  2.7375  
2  0.000731272  1.69686  2.11723  
0.606502  3.81164  0.91734  3.55443  
1.54168  2.54813  1.54168  2.54813  
0.0061395  3.99998  1.36714  2.91954  
1.70054  2.10539  0.0061395  3.99998  
1.92692  1.07142  0.606133  3.81188  
1.16176  3.25595  1.92692  1.07142  
0.91693  3.55485  1.82682  1.62815  
2  0.000731272  0.91693  3.55485  
1.36714  2.91954  1.54668  2.53596  
1.82682  1.62815  1.70054  2.10539  
0.606133  3.81188  1.16176  3.25595  
1.54668  2.53596  2  0.000731272  
1.70054  2.10539  0.0061395  3.99998  
1.54668  2.53596  1.16176  3.25595  
2  0.000731272  1.92692  1.07142  
1.82682  1.62815  0.91693  3.55485  
0.606133  3.81188  2  0.000731272  
1.16176  3.25595  1.36714  2.91954  
1.92692  1.07142  1.82682  1.62815  
1.36714  2.91954  1.54668  2.53596  
0.0061395  3.99998  1.70054  2.10539  
0.91693  3.55485  0.606133  3.81188  
0.0061395  3.99998  1.75698  1.91105  
1.54668  2.53596  0.0061395  3.99998  
1.82682  1.62815  2  0.000731272  
1.70054  2.10539  1.36714  2.91954  
1.92692  1.07142  0.606133  3.81188  
1.16176  3.25595  0.91693  3.55485  
0.606133  3.81188  1.82682  1.62815  
0.91693  3.55485  1.70054  2.10539  
2  0.000731272  1.16176  3.25595  
1.36714  2.91954  1.92692  1.07142  
0.0061395  3.99998  1.82682  1.62815  
0.606133  3.81188  0.0061395  3.99998  
2  0.000731272  0.606133  3.81188  
1.36714  2.91954  2  0.000731272  
1.82682  1.62815  1.92692  1.07142  
1.16176  3.25595  1.16176  3.25595  
1.70054  2.10539  1.36714  2.91954  
0.91693  3.55485  1.54668  2.53596  
1.54668  2.53596  1.16176  3.25595  
1.92692  1.07142  1.70054  2.10539  
1.36714  2.91954  1.36714  2.91954  
1.92692  1.07142  1.82682  1.62815  
0.606133  3.81188  0.91693  3.55485  
2  0.000731272  1.54668  2.53596  
1.16176  3.25595  0.606133  3.81188  
0.91693  3.55485  1.70054  2.10539  
1.54668  2.53596  1.16176  3.25595  
0.0061395  3.99998  2  0.000731272  
1.70054  2.10539  1.92692  1.07142  
1.82682  1.62815  0.0061395  3.99998  
1.54668  2.53596  2  0.000731272  
1.36714  2.91954  0.0061395  3.99998  
1.92692  1.07142  1.54668  2.53596  
1.82682  1.62815  1.16176  3.25595  
0.606133  3.81188  0.91693  3.55485  
0.91693  3.55485  1.687  2.14851  
0.0061395  3.99998  1.36714  2.91954  
2  0.000731272  1.70054  2.10539  
1.70054  2.10539  1.92692  1.07142  
1.16176  3.25595  1.82682  1.62815  
1.92692  1.07142  0.606133  3.81188  
1.16176  3.25595  1.16176  3.25595  
2  0.000731272  1.54668  2.53596  
0.0061395  3.99998  2  0.000731272  
1.36714  2.91954  1.92692  1.07142  
0.91693  3.55485  0.0061395  3.99998  
1.82682  1.62815  1.82682  1.62815  
0.606133  3.81188  1.70054  2.10539  
1.54668  2.53596  1.36714  2.91954  
1.70054  2.10539  0.91693  3.55485  
1.82682  1.62815  2  0.000731272  
1.70054  2.10539  0.91693  3.55485  
1.54668  2.53596  1.16176  3.25595  
2  0.000731272  0.606133  3.81188  
0.91693  3.55485  1.92692  1.07142  
1.92692  1.07142  1.54668  2.53596  
1.16176  3.25595  1.49139  2.66516  
0.0061395  3.99998  1.70054  2.10539  
0.606133  3.81188  1.82682  1.62815  
1.36714  2.91954  0.0061395  3.99998  
1.36714  2.91954  0.606133  3.81188  
0.91693  3.55485  2  0.000731272  
0.606133  3.81188  1.92692  1.07142  
1.92692  1.07142  1.70054  2.10539  
1.54668  2.53596  0.91693  3.55485  
1.16176  3.25595  1.82682  1.62815  
0.0061395  3.99998  1.36714  2.91954  
2  0.000731272  0.0061395  3.99998  
1.82682  1.62815  1.54668  2.53596  
1.70054  2.10539  1.16176  3.25595  
0.91693  3.55485  1.82682  1.62815  
0.606133  3.81188  1.54668  2.53596  
1.36714  2.91954  0.91693  3.55485  
1.82682  1.62815  1.16176  3.25595  
0.0061395  3.99998  1.36714  2.91954  
1.16176  3.25595  0.0061395  3.99998  
2  0.000731272  2  0.000731272  
1.92692  1.07142  1.92692  1.07142  
1.70054  2.10539  1.70054  2.10539  
1.54668  2.53596  0.606133  3.81188  
2  0.000731272  2  0.000731272  
0.91693  3.55485  0.91693  3.55485  
1.82682  1.62815  1.92692  1.07142  
1.54668  2.53596  0.606133  3.81188  
0.0061395  3.99998  1.36714  2.91954  
1.92692  1.07142  1.82682  1.62815  
1.36714  2.91954  1.16176  3.25595  
0.606133  3.81188  1.70054  2.10539  
1.16176  3.25595  0.0061395  3.99998  
1.70054  2.10539  1.54668  2.53596  
1.92692  1.07142  1.92692  1.07142  
1.54668  2.53596  1.82682  1.62815  
1.70054  2.10539  0.606133  3.81188  
1.16176  3.25595  1.70054  2.10539  
0.0061395  3.99998  1.54668  2.53596  
0.606133  3.81188  1.36714  2.91954  
1.82682  1.62815  0.0061395  3.99998  
0.91693  3.55485  0.91693  3.55485  
2  0.000731272  2  0.000731272  
1.36714  2.91954  1.16176  3.25595  
1.36714  2.91954  0.91693  3.55485  
2  0.000731272  1.82682  1.62815  
1.54668  2.53596  1.92692  1.07142  
1.92692  1.07142  0.0061395  3.99998  
0.0061395  3.99998  0.606133  3.81188  
1.70054  2.10539  1.43434  2.78759  
0.606133  3.81188  1.16176  3.25595  
1.16176  3.25595  1.54668  2.53596  
1.82682  1.62815  2  0.000731272  
0.91693  3.55485  1.36714  2.91954  
1.36714  2.91954  1.54668  2.53596  
1.16176  3.25595  1.36714  2.91954  
0.606133  3.81188  0.91693  3.55485  
0.0061395  3.99998  1.82682  1.62815  
0.91693  3.55485  1.92692  1.07142  
1.92692  1.07142  0.0061395  3.99998  
1.54668  2.53596  2  0.000731272  
2  0.000731272  1.16176  3.25595  
1.82682  1.62815  1.70054  2.10539  
1.70054  2.10539  1.57402  2.46776  
1.16176  3.25595  1.82682  1.62815  
1.54668  2.53596  1.16176  3.25595  
1.92692  1.07142  0.91693  3.55485  
2  0.000731272  0.606133  3.81188  
1.82682  1.62815  1.36714  2.91954  
0.0061395  3.99998  0.0061395  3.99998  
1.36714  2.91954  1.54668  2.53596  
0.606133  3.81188  1.92692  1.07142  
1.70054  2.10539  1.70054  2.10539  
0.91693  3.55485  2  0.000731272  
0.91693  3.55485  1.70054  2.10539  
1.70054  2.10539  1.54668  2.53596  
1.36714  2.91954  1.82682  1.62815  
1.54668  2.53596  1.92692  1.07142  
1.16176  3.25595  1.36714  2.91954  
2  0.000731272  0.0061395  3.99998  
1.82682  1.62815  2  0.000731272  
1.92692  1.07142  1.16176  3.25595  
0.0061395  3.99998  0.606133  3.81188  
0.606133  3.81188  0.91693  3.55485  
0.606133  3.81188  0.606133  3.81188  
1.82682  1.62815  0.91693  3.55485  
1.16176  3.25595  1.82682  1.62815  
0.0061395  3.99998  1.16176  3.25595  
1.54668  2.53596  1.54668  2.53596  
1.70054  2.10539  1.36714  2.91954  
0.91693  3.55485  1.70054  2.10539  
1.92692  1.07142  2  0.000731272  
1.36714  2.91954  0.0061395  3.99998  
2  0.000731272  1.92692  1.07142  
1.70054  2.10539  1.54668  2.53596  
1.82682  1.62815  2  0.000731272  
0.91693  3.55485  0.0061395  3.99998  
1.16176  3.25595  1.82682  1.62815  
0.606133  3.81188  0.91693  3.55485  
0.0061395  3.99998  1.36714  2.91954  
1.54668  2.53596  1.70054  2.10539  
1.36714  2.91954  1.92692  1.07142  
1.92692  1.07142  0.606133  3.81188  
2  0.000731272  1.16176  3.25595  
0.0061395  3.99998  1.36714  2.91954  
2  0.000731272  2  0.000731272  
0.91693  3.55485  0.91693  3.55485  
1.36714  2.91954  1.16176  3.25595  
1.70054  2.10539  1.92692  1.07142  
0.606133  3.81188  1.54668  2.53596  
1.16176  3.25595  0.0061395  3.99998  
1.82682  1.62815  1.82682  1.62815  
1.92692  1.07142  0.606133  3.81188  
1.54668  2.53596  1.70054  2.10539  
1.82682  1.62815  0.606133  3.81188  
1.70054  2.10539  1.70054  2.10539  
0.91693  3.55485  1.54668  2.53596  
1.92692  1.07142  1.36714  2.91954  
0.606133  3.81188  1.82682  1.62815  
1.16176  3.25595  0.91693  3.55485  
0.0061395  3.99998  1.81481  1.68103  
1.36714  2.91954  1.16176  3.25595  
1.54668  2.53596  0.0061395  3.99998  
2  0.000731272  1.92692  1.07142  
1.92692  1.07142  0.91693  3.55485  
0.91693  3.55485  0.993447  3.47164  
1.54668  2.53596  1.70054  2.10539  
1.36714  2.91954  1.82682  1.62815  
1.16176  3.25595  0.0061395  3.99998  
1.82682  1.62815  1.36714  2.91954  
1.70054  2.10539  2  0.000731272  
0.0061395  3.99998  0.606133  3.81188  
0.606133  3.81188  1.92692  1.07142  
2  0.000731272  1.16176  3.25595  
0.606133  3.81188  0.0061395  3.99998  
1.16176  3.25595  1.70054  2.10539  
1.54668  2.53596  1.54668  2.53596  
2  0.000731272  0.606133  3.81188  
0.0061395  3.99998  1.16176  3.25595  
1.92692  1.07142  0.91693  3.55485  
1.82682  1.62815  1.36714  2.91954  
0.91693  3.55485  1.92692  1.07142  
1.70054  2.10539  1.82682  1.62815  
1.36714  2.91954  2  0.000731272  
0.0061395  3.99998  0.606133  3.81188  
1.54668  2.53596  2  0.000731272  
0.91693  3.55485  1.16176  3.25595  
1.36714  2.91954  0.0061395  3.99998  
1.82682  1.62815  0.91693  3.55485  
1.16176  3.25595  1.82682  1.62815  
1.92692  1.07142  1.36714  2.91954  
0.606133  3.81188  1.92692  1.07142  
2  0.000731272  1.70054  2.10539  
1.70054  2.10539  1.54668  2.53596  
1.82682  1.62815  1.82682  1.62815  
1.70054  2.10539  1.70054  2.10539  
0.91693  3.55485  1.16176  3.25595  
0.0061395  3.99998  1.54668  2.53596  
2  0.000731272  2  0.000731272  
1.54668  2.53596  0.606133  3.81188  
0.606133  3.81188  0.0061395  3.99998  
1.92692  1.07142  0.91693  3.55485  
1.16176  3.25595  1.36714  2.91954  
1.36714  2.91954  1.92692  1.07142  
1.70054  2.10539  1.16176  3.25595  
1.54668  2.53596  0.606133  3.81188  
1.92692  1.07142  1.36714  2.91954  
0.0061395  3.99998  1.82682  1.62815  
2  0.000731272  1.54668  2.53596  
1.36714  2.91954  1.70054  2.10539  
1.16176  3.25595  0.91693  3.55485  
0.606133  3.81188  1.92692  1.07142  
0.91693  3.55485  2  0.000731272  
1.82682  1.62815  0.0061395  3.99998  
2  0.000731272  0.91693  3.55485  
0.0061395  3.99998  1.70054  2.10539  
1.92692  1.07142  1.54668  2.53596  
1.70054  2.10539  1.44742  2.76042  
0.606133  3.81188  0.606133  3.81188  
0.91693  3.55485  1.92692  1.07142  
1.16176  3.25595  1.82682  1.62815  
1.36714  2.91954  1.16176  3.25595  
1.54668  2.53596  0.0061395  3.99998  
1.82682  1.62815  2  0.000731272  
0.91693  3.55485  1.82682  1.62815  
1.70054  2.10539  1.54668  2.53596  
1.92692  1.07142  0.0061395  3.99998  
2  0.000731272  0.606133  3.81188  
1.36714  2.91954  0.91693  3.55485  
1.82682  1.62815  2  0.000731272  
1.54668  2.53596  1.70054  2.10539  
1.16176  3.25595  1.16176  3.25595  
0.606133  3.81188  1.36714  2.91954  
0.0061395  3.99998  1.92692  1.07142  
0.0061395  3.99998  1.82682  1.62815  
1.54668  2.53596  1.70054  2.10539  
1.70054  2.10539  1.16176  3.25595  
0.91693  3.55485  2  0.000731272  
0.606133  3.81188  1.92692  1.07142  
1.36714  2.91954  0.0061395  3.99998  
1.16176  3.25595  0.606133  3.81188  
2  0.000731272  0.91693  3.55485  
1.82682  1.62815  1.54668  2.53596  
1.92692  1.07142  1.36714  2.91954  
0.91693  3.55485  1.54668  2.53596  
1.70054  2.10539  1.82682  1.62815  
1.36714  2.91954  0.0061395  3.99998  
1.54668  2.53596  1.92692  1.07142  
1.16176  3.25595  1.36714  2.91954  
2  0.000731272  0.91693  3.55485  
1.82682  1.62815  2  0.000731272  
1.92692  1.07142  1.16176  3.25595  
0.0061395  3.99998  0.606133  3.81188  
0.606133  3.81188  1.70054  2.10539  
1.82682  1.62815  1.23562  3.14531  
0.91693  3.55485  2  0.000731272  
1.92692  1.07142  1.82682  1.62815  
2  0.000731272  1.70054  2.10539  
0.606133  3.81188  1.36714  2.91954  
1.54668  2.53596  0.91693  3.55485  
1.36714  2.91954  0.0061395  3.99998  
0.0061395  3.99998  1.92692  1.07142  
1.70054  2.10539  1.54668  2.53596  
1.16176  3.25595  0.606133  3.81188  
0.0061395  3.99998  0.91693  3.55485  
2  0.000731272  1.16176  3.25595  
1.16176  3.25595  1.36714  2.91954  
0.91693  3.55485  2  0.000731272  
1.70054  2.10539  1.92692  1.07142  
0.606133  3.81188  0.0061395  3.99998  
1.82682  1.62815  1.54668  2.53596  
1.36714  2.91954  1.82682  1.62815  
1.54668  2.53596  1.70054  2.10539  
1.92692  1.07142  0.606133  3.81188  
2  0.000731272  1.16176  3.25595  
0.0061395  3.99998  0.606133  3.81188  
1.82682  1.62815  1.82682  1.62815  
0.606133  3.81188  0.91693  3.55485  
0.91693  3.55485  2  0.000731272  
1.92692  1.07142  1.36714  2.91954  
1.70054  2.10539  0.0061395  3.99998  
1.36714  2.91954  1.70054  2.10539  
1.54668  2.53596  1.92692  1.07142  
1.16176  3.25595  1.54668  2.53596  
1.70054  2.10539  1.16176  3.25595  
0.606133  3.81188  1.36714  2.91954  
1.92692  1.07142  0.606133  3.81188  
1.82682  1.62815  1.54668  2.53596  
0.91693  3.55485  1.70054  2.10539  
0.0061395  3.99998  0.91693  3.55485  
2  0.000731272  2  0.000731272  
1.54668  2.53596  1.82682  1.62815  
1.36714  2.91954  1.92692  1.07142  
1.16176  3.25595  0.0061395  3.99998  
2  0.000731272  0.0061395  3.99998  
1.16176  3.25595  1.82682  1.62815  
1.82682  1.62815  1.54668  2.53596  
1.54668  2.53596  1.16176  3.25595  
1.92692  1.07142  0.606133  3.81188  
0.91693  3.55485  0.91693  3.55485  
0.606133  3.81188  2  0.000731272  
1.70054  2.10539  1.92692  1.07142  
0.0061395  3.99998  1.36714  2.91954  
1.36714  2.91954  1.70054  2.10539  
0.0061395  3.99998  0.606133  3.81188  
0.606133  3.81188  1.92692  1.07142  
1.54668  2.53596  2  0.000731272  
1.70054  2.10539  0.0061395  3.99998  
1.92692  1.07142  1.82682  1.62815  
1.36714  2.91954  1.70054  2.10539  
1.16176  3.25595  1.36714  2.91954  
1.82682  1.62815  0.91693  3.55485  
0.91693  3.55485  1.54668  2.53596  
2  0.000731272  1.14958  3.2732  
0.91693  3.55485  2  0.000731272  
1.70054  2.10539  1.92692  1.07142  
1.36714  2.91954  0.91693  3.55485  
1.54668  2.53596  0.606133  3.81188  
1.16176  3.25595  1.16176  3.25595  
2  0.000731272  1.82682  1.62815  
1.82682  1.62815  1.54668  2.53596  
1.92692  1.07142  0.0061395  3.99998  
0.0061395  3.99998  1.70054  2.10539  
0.606133  3.81188  1.36714  2.91954  
1.16176  3.25595  0.606133  3.81188  
2  0.000731272  1.16176  3.25595  
0.91693  3.55485  1.82682  1.62815  
0.0061395  3.99998  1.54668  2.53596  
0.606133  3.81188  1.99905  0.123005  
1.36714  2.91954  0.0061395  3.99998  
1.92692  1.07142  1.92692  1.07142  
1.70054  2.10539  1.36714  2.91954  
1.82682  1.62815  0.91693  3.55485  
1.54668  2.53596  1.70054  2.10539  
1.54668  2.53596  2  0.000731272  
1.70054  2.10539  1.82682  1.62815  
0.0061395  3.99998  1.36714  2.91954  
1.16176  3.25595  0.91693  3.55485  
1.82682  1.62815  1.54668  2.53596  
1.36714  2.91954  1.70054  2.10539  
0.606133  3.81188  0.606133  3.81188  
2  0.000731272  1.92692  1.07142  
0.91693  3.55485  1.16176  3.25595  
1.92692  1.07142  0.0061395  3.99998  
1.82682  1.62815  1.82682  1.62815  
1.36714  2.91954  1.36714  2.91954  
0.606133  3.81188  1.92692  1.07142  
1.54668  2.53596  0.0061395  3.99998  
0.91693  3.55485  0.606133  3.81188  
2  0.000731272  2  0.000731272  
0.0061395  3.99998  1.70054  2.10539  
1.92692  1.07142  1.54668  2.53596  
1.70054  2.10539  1.16176  3.25595  
1.16176  3.25595  0.91693  3.55485  
1.54668  2.53596  0.0061395  3.99998  
2  0.000731272  1.82682  1.62815  
1.92692  1.07142  2  0.000731272  
0.0061395  3.99998  0.91693  3.55485  
1.70054  2.10539  1.92692  1.07142  
1.82682  1.62815  1.36714  2.91954  
1.36714  2.91954  1.54668  2.53596  
1.16176  3.25595  1.16176  3.25595  
0.606133  3.81188  0.606133  3.81188  
0.91693  3.55485  1.7615  1.89433  
0.0061395  3.99998  0.606133  3.81188  
1.70054  2.10539  1.70054  2.10539  
1.16176  3.25595  1.54668  2.53596  
1.82682  1.62815  1.92692  1.07142  
0.91693  3.55485  0.0061395  3.99998  
1.92692  1.07142  2  0.000731272  
1.54668  2.53596  1.36714  2.91954  
1.36714  2.91954  1.16176  3.25595  
0.606133  3.81188  1.82682  1.62815  
2  0.000731272  0.91693  3.55485  
1.36714  2.91954  0.122867  3.99244  
1.54668  2.53596  2  0.000731272  
0.606133  3.81188  1.82682  1.62815  
2  0.000731272  1.70054  2.10539  
0.91693  3.55485  1.54668  2.53596  
1.70054  2.10539  1.36714  2.91954  
0.0061395  3.99998  1.16176  3.25595  
1.82682  1.62815  0.91693  3.55485  
1.16176  3.25595  0.606133  3.81188  
1.92692  1.07142  1.92692  1.07142  
1.36714  2.91954  1.82682  1.62815  
1.54668  2.53596  1.70054  2.10539  
1.16176  3.25595  1.92692  1.07142  
1.92692  1.07142  0.91693  3.55485  
2  0.000731272  0.0061395  3.99998  
1.70054  2.10539  0.606133  3.81188  
0.606133  3.81188  1.36714  2.91954  
1.82682  1.62815  1.16176  3.25595  
0.0061395  3.99998  2  0.000731272  
0.91693  3.55485  1.54668  2.53596  
0.91693  3.55485  1.92692  1.07142  
1.16176  3.25595  2  0.000731272  
1.36714  2.91954  1.16176  3.25595  
1.70054  2.10539  0.606133  3.81188  
2  0.000731272  1.36714  2.91954  
0.606133  3.81188  1.82682  1.62815  
1.54668  2.53596  1.54668  2.53596  
1.82682  1.62815  1.70054  2.10539  
0.0061395  3.99998  0.0061395  3.99998  
1.92692  1.07142  0.91693  3.55485  
0.0061395  3.99998  0.0061395  3.99998  
1.36714  2.91954  0.91693  3.55485  
1.92692  1.07142  1.70054  2.10539  
0.606133  3.81188  1.82682  1.62815  
1.54668  2.53596  1.54668  2.53596  
1.82682  1.62815  1.92692  1.07142  
2  0.000731272  2  0.000731272  
0.91693  3.55485  1.36714  2.91954  
1.70054  2.10539  0.606133  3.81188  
1.16176  3.25595  1.16176  3.25595  
0.91693  3.55485  0.0061395  3.99998  
1.70054  2.10539  1.16176  3.25595  
1.36714  2.91954  0.606133  3.81188  
1.54668  2.53596  1.70054  2.10539  
1.16176  3.25595  1.54668  2.53596  
2  0.000731272  2  0.000731272  
1.82682  1.62815  1.36714  2.91954  
1.92692  1.07142  0.91693  3.55485  
0.0061395  3.99998  1.82682  1.62815  
0.606133  3.81188  1.92692  1.07142  
1.92692  1.07142  1.92692  1.07142  
1.70054  2.10539  1.82682  1.62815  
1.36714  2.91954  2  0.000731272  
1.82682  1.62815  1.70054  2.10539  
0.606133  3.81188  1.54668  2.53596  
0.0061395  3.99998  0.0061395  3.99998  
2  0.000731272  1.36714  2.91954  
1.54668  2.53596  1.16176  3.25595  
0.91693  3.55485  1.25861  3.10864  
1.16176  3.25595  0.606133  3.81188  
1.92692  1.07142  0.0061395  3.99998  
1.36714  2.91954  1.92692  1.07142  
0.0061395  3.99998  1.82682  1.62815  
1.70054  2.10539  0.91693  3.55485  
1.16176  3.25595  1.70054  2.10539  
2  0.000731272  1.54668  2.53596  
1.54668  2.53596  0.606133  3.81188  
0.91693  3.55485  2  0.000731272  
0.606133  3.81188  1.16176  3.25595  
1.82682  1.62815  1.36714  2.91954  
1.36714  2.91954  1.92692  1.07142  
1.92692  1.07142  1.36714  2.91954  
0.0061395  3.99998  0.0061395  3.99998  
1.54668  2.53596  0.91693  3.55485  
1.16176  3.25595  1.16176  3.25595  
1.82682  1.62815  1.70054  2.10539  
0.606133  3.81188  0.606133  3.81188  
2  0.000731272  1.59931  2.40184  
1.70054  2.10539  2  0.000731272  
0.91693  3.55485  1.54668  2.53596  
1.16176  3.25595  1.36714  2.91954  
1.82682  1.62815  0.0061395  3.99998  
0.0061395  3.99998  1.16176  3.25595  
0.91693  3.55485  1.82682  1.62815  
2  0.000731272  1.54668  2.53596  
1.70054  2.10539  2  0.000731272  
0.606133  3.81188  0.769771  3.69186  
1.36714  2.91954  1.92692  1.07142  
1.92692  1.07142  0.91693  3.55485  
1.54668  2.53596  1.70054  2.10539  
0.91693  3.55485  0.606133  3.81188  
0.606133  3.81188  1.82682  1.62815  
1.82682  1.62815  1.92692  1.07142  
1.70054  2.10539  1.36714  2.91954  
1.16176  3.25595  1.70054  2.10539  
2  0.000731272  1.16176  3.25595  
1.92692  1.07142  0.0061395  3.99998  
1.54668  2.53596  2  0.000731272  
0.0061395  3.99998  1.54668  2.53596  
1.36714  2.91954  0.91693  3.55485  
1.70054  2.10539  0.0061395  3.99998  
1.16176  3.25595  2  0.000731272  
1.36714  2.91954  1.82682  1.62815  
2  0.000731272  1.92692  1.07142  
1.54668  2.53596  1.16176  3.25595  
1.92692  1.07142  0.91693  3.55485  
0.0061395  3.99998  0.606133  3.81188  
0.91693  3.55485  1.36714  2.91954  
0.606133  3.81188  1.54668  2.53596  
1.82682  1.62815  1.70054  2.10539  
1.16176  3.25595  0.0061395  3.99998  
1.54668  2.53596  1.54668  2.53596  
1.92692  1.07142  0.91693  3.55485  
1.70054  2.10539  2  0.000731272  
1.82682  1.62815  1.82682  1.62815  
2  0.000731272  1.92692  1.07142  
0.0061395  3.99998  1.16176  3.25595  
1.36714  2.91954  1.70054  2.10539  
0.91693  3.55485  1.36714  2.91954  
0.606133  3.81188  1.23541  3.14565  
1.36714  2.91954  1.54668  2.53596  
0.0061395  3.99998  1.16176  3.25595  
1.82682  1.62815  0.91693  3.55485  
1.92692  1.07142  1.92692  1.07142  
2  0.000731272  1.82682  1.62815  
1.16176  3.25595  1.36714  2.91954  
1.54668  2.53596  0.606133  3.81188  
0.606133  3.81188  2  0.000731272  
1.70054  2.10539  0.0061395  3.99998  
0.91693  3.55485  1.50744  2.62879  
1.92692  1.07142  0.91693  3.55485  
1.16176  3.25595  0.606133  3.81188  
1.82682  1.62815  1.54668  2.53596  
0.91693  3.55485  1.36714  2.91954  
0.606133  3.81188  1.16176  3.25595  
1.70054  2.10539  0.0061395  3.99998  
1.36714  2.91954  1.82682  1.62815  
1.54668  2.53596  2  0.000731272  
0.0061395  3.99998  1.92692  1.07142  
2  0.000731272  1.70054  2.10539  
0.91693  3.55485  1.54668  2.53596  
1.70054  2.10539  0.0061395  3.99998  
1.36714  2.91954  0.91693  3.55485  
1.54668  2.53596  1.70054  2.10539  
1.16176  3.25595  1.92692  1.07142  
2  0.000731272  1.36714  2.91954  
1.82682  1.62815  0.606133  3.81188  
1.92692  1.07142  1.16176  3.25595  
0.0061395  3.99998  1.82682  1.62815  
0.606133  3.81188  2  0.000731272  
1.70054  2.10539  1.54668  2.53596  
0.606133  3.81188  1.92692  1.07142  
1.36714  2.91954  0.91693  3.55485  
1.54668  2.53596  1.70054  2.10539  
1.82682  1.62815  0.0061395  3.99998  
0.91693  3.55485  2  0.000731272  
0.0061395  3.99998  1.36714  2.91954  
1.16176  3.25595  0.606133  3.81188  
1.92692  1.07142  1.16176  3.25595  
2  0.000731272  1.82682  1.62815  
1.70054  2.10539  0.91693  3.55485  
0.0061395  3.99998  1.82682  1.62815  
1.54668  2.53596  1.16176  3.25595  
0.606133  3.81188  1.70054  2.10539  
2  0.000731272  1.54668  2.53596  
1.16176  3.25595  2  0.000731272  
1.82682  1.62815  0.0061395  3.99998  
0.91693  3.55485  1.92692  1.07142  
1.36714  2.91954  1.36714  2.91954  
1.92692  1.07142  0.606133  3.81188  
1.82682  1.62815  1.92692  1.07142  
1.54668  2.53596  1.82682  1.62815  
1.70054  2.10539  1.36714  2.91954  
1.36714  2.91954  0.0061395  3.99998  
0.606133  3.81188  0.606133  3.81188  
0.0061395  3.99998  1.70054  2.10539  
1.92692  1.07142  1.45905  2.73582  
2  0.000731272  2  0.000731272  
1.16176  3.25595  0.91693  3.55485  
0.91693  3.55485  1.54668  2.53596  
0.0061395  3.99998  1.83389  1.59606  
1.36714  2.91954  1.92692  1.07142  
2  0.000731272  0.606133  3.81188  
1.92692  1.07142  1.54668  2.53596  
0.606133  3.81188  1.36714  2.91954  
1.70054  2.10539  0.0061395  3.99998  
1.82682  1.62815  1.82682  1.62815  
0.91693  3.55485  1.70054  2.10539  
1.16176  3.25595  0.91693  3.55485  
1.54668  2.53596  1.16176  3.25595  
