1.10608  1.62124  4.17473  0.939879  2.55901  2.71936  
0.866733  1.49224  4.00764  1.06092  0.93935  4.49656  
0.75608  1.28836  4.65818  1.23124  2.68686  2.00471  
0.724009  1.44612  4.20607  0.834068  1.81698  3.98654  
0.954115  1.83823  2.51543  0.798699  1.07596  4.99927  
0.871735  0.898313  4.77033  1.46444  2.12055  1.84243  
1.16  1.27504  3.05955  1.42455  2.34491  1.75724  
1.19205  2.16005  2.80624  0.767213  1.63292  3.27211  
0.973235  1.65539  3.69976  0.974939  1.00006  4.6591  
1.22174  1.7395  2.52952  1.24795  1.83922  2.63504  
1.18426  1.97872  2.75483  1.11358  1.39804  3.18049  
0.791749  1.87974  4.08507  1.47343  2.22637  1.1652  
0.943589  1.40155  3.8595  0.956132  1.14759  4.35463  
1.26727  1.69042  3.17088  1.14006  3.09654  1.59141  
1.42532  1.51578  2.59482  0.678037  1.06221  5.3582  
0.806942  1.06548  4.76849  0.609428  0.66974  6.10104  
0.801593  1.0271  5.3075  1.06404  1.46275  3.45405  
1.32839  2.58343  1.79961  1.39703  1.30571  2.91917  
1.34352  2.15793  1.57817  0.585999  0.721186  5.98123  
0.832277  1.25868  4.12198  0.796101  1.10209  5.26028  
0.988898  1.00022  4.50757  1.57802  1.21888  2.86634  
1.08607  1.74853  3.48483  1.49182  1.69667  2.31751  
1.24682  1.7126  2.64238  1.39107  1.48988  2.53575  
0.748981  1.43824  4.69853  1.04752  2.46469  1.99561  
1.20287  1.55433  3.34906  0.995034  1.76987  3.71655  
1.21857  1.38682  3.1654  0.678997  0.956301  5.42622  
0.973925  2.00432  3.3343  0.984101  1.62261  3.09568  
1.15713  1.68967  3.37631  1.16509  1.92929  2.63527  
0.96835  1.08845  4.62228  0.785468  0.847122  6.31842  
1.31948  1.61548  2.27179  0.948353  1.3952  4.29553  
0.710263  1.12154  5.45684  0.82336  1.18357  4.74909  
1.07169  1.63663  3.13702  1.43864  2.16131  1.84185  
1.28202  1.47751  3.09812  0.787046  0.87129  5.15375  
1.01325  2.46406  2.33656  1.05094  1.81253  3.18407  
1.15739  1.6895  2.95957  1.89335  1.5349  1.49544  
0.753926  1.12339  5.46962  1.00194  1.47468  3.53088  
0.902899  1.70967  3.37586  1.06215  1.00679  4.29218  
1.20341  1.84146  2.73914  0.904276  1.77989  3.56348  
1.3177  1.66607  3.01592  0.990064  1.62653  3.39397  
0.965291  1.13663  4.4615  0.698202  1.29825  4.70221  
1.10591  2.34311  2.14217  0.815533  1.21086  4.32452  
1.17976  1.78696  2.96089  1.15389  2.16924  2.31932  
1.3313  2.05385  2.39465  1.03943  0.997791  4.70928  
1.54813  1.19754  3.12633  1.21931  1.17691  3.85501  
1.42818  1.28313  3.36808  1.39256  2.01871  1.37163  
0.728963  0.917486  5.39281  0.982848  1.34047  3.94766  
0.841104  1.19025  4.72115  1.19177  1.43486  3.24729  
1.45139  2.03083  1.19185  1.25175  1.27907  3.07392  
0.938941  1.33676  3.94304  0.817117  1.39803  4.98669  
1.08061  1.50222  3.74871  1.5211  2.11134  1.68202  
1.38526  1.30834  3.64808  1.28607  1.62169  2.84866  
1.04076  1.43334  3.89438  1.12484  1.9067  2.47884  
0.75563  0.715805  6.25341  0.722838  1.17671  5.12529  
1.30734  1.78979  2.34751  0.822602  1.52131  3.81993  
0.829807  1.59318  3.68736  0.869943  1.30969  3.78229  
0.947078  1.38848  4.10143  1.30318  1.63309  3.52878  
1.25054  1.14128  3.66877  0.945714  1.38391  4.36376  
0.933181  1.41934  4.00883  1.04602  1.39099  3.70475  
0.77894  1.20542  4.54685  1.36005  1.6069  3.18091  
1.06397  1.68546  3.07539  1.30538  1.47699  2.41813  
0.987308  1.14744  4.6617  1.25415  1.73324  3.10247  
1.09878  1.72712  3.46578  0.599848  0.621487  6.27466  
0.677399  0.713756  6.27743  1.17341  1.26512  4.00068  
1.33949  1.0941  3.37605  1.04712  1.84079  3.13012  
1.07851  2.05852  2.74895  0.695562  0.686266  5.77568  
1.02614  1.50436  3.75043  0.956253  1.76764  4.08694  
1.09527  1.58852  3.67871  0.757933  0.832379  5.42952  
1.06534  0.99041  4.2304  1.17763  1.59744  3.57658  
1.70937  1.59458  2.2118  1.07029  1.1572  3.82259  
0.725492  1.19019  4.8116  0.776945  0.93232  5.86464  
1.03967  1.3229  3.92125  0.586562  0.683911  6.15655  
1.05143  1.65821  3.47812  0.814022  0.902973  5.67475  
0.820627  0.945545  5.64802  0.693451  0.787486  6.04306  
0.991114  1.04816  4.30801  1.20291  1.59846  2.86117  
0.796776  1.14372  5.23746  1.10823  1.08989  3.76189  
1.18855  1.22423  3.69262  0.881218  1.83491  3.79954  
1.11506  2.11121  3.21997  0.874169  1.43949  4.27265  
1.36468  1.50917  3.23594  0.981708  2.26876  2.41204  
1.0656  2.17344  2.33906  1.13697  1.58959  3.57919  
1.20209  2.58884  2.02186  1.22509  1.87452  2.81273  
1.15391  1.49944  3.14223  0.869574  1.93193  3.30791  
1.22527  1.9311  2.18756  1.60176  2.04934  1.28989  
1.17077  1.81896  2.76735  1.07647  1.2619  4.60731  
0.938239  1.54503  3.04217  0.928425  1.89575  3.73955  
0.998242  1.13738  4.71557  1.63333  2.16385  1.38253  
0.911327  1.3894  4.39989  1.07479  1.45468  3.46929  
1.04389  1.93681  2.79638  1.2911  1.09342  4.17413  
1.4023  2.09659  1.25007  0.783862  1.01235  5.47903  
0.736731  1.26895  5.06172  0.800176  1.05626  4.43086  
1.26624  1.12232  3.58014  1.8122  1.6094  0.966269  
0.988485  1.47552  3.54955  0.935371  1.85669  3.625  
1.1897  1.56715  2.89801  1.21094  1.43189  3.99658  
1.2261  1.51846  3.18371  1.04002  1.27496  3.98655  
1.13251  1.45833  3.61843  1.14558  1.621  2.68719  
1.22691  2.60084  1.79248  0.704202  0.915952  4.944  
1.0805  1.47331  3.5822  1.43636  1.89139  2.09373  
1.13209  1.75932  3.43745  1.29595  1.66579  3.26505  
1.52571  1.59098  2.54655  0.813198  1.69192  4.8184  
1.35787  2.16214  2.0521  0.867616  1.26371  4.47127  
0.792824  1.0594  4.99385  0.93597  1.33559  4.22411  
0.723122  1.44633  1.66139  0.857262  1.71464  0.85653  
0.857262  1.71464  0.85653  0.750208  1.50051  1.49889  
2.14254  1.42872  0.571406  2.91442  1.0317  1.03125  
0.333952  0.6678  3.99669  0.000623405  0.00120203  5.99657  
2.91442  1.0317  1.03125  0.599739  1.19954  2.40172  
0.000623405  0.00120203  5.99657  0.333952  0.6678  3.99669  
1.00005  1.99984  0.000373043  0.194087  0.388096  4.83584  
0.750208  1.50051  1.49889  1.00005  1.99984  0.000373043  
0.428958  0.857795  3.42668  0.428958  0.857795  3.42668  
0.194087  0.388096  4.83584  2.09454  1.45271  0.547408  
0.723122  1.44633  1.66139  0.599739  1.19954  2.40172  
2.14254  1.42872  0.571406  0.428958  0.857795  3.42668  
2.91442  1.0317  1.03125  1.00005  1.99984  0.000373043  
0.000623405  0.00120203  5.99657  2.91442  1.0317  1.03125  
0.428958  0.857795  3.42668  0.857262  1.71464  0.85653  
0.333952  0.6678  3.99669  1.96024  1.32924  1.26753  
0.750208  1.50051  1.49889  0.194087  0.388096  4.83584  
0.857262  1.71464  0.85653  0.000623405  0.00120203  5.99657  
0.194087  0.388096  4.83584  0.333952  0.6678  3.99669  
1.00005  1.99984  0.000373043  0.750208  1.50051  1.49889  
0.428958  0.857795  3.42668  0.333952  0.6678  3.99669  
0.0726117  0.0732112  6.06857  0.194087  0.388096  4.83584  
0.857262  1.71464  0.85653  0.857262  1.71464  0.85653  
0.333952  0.6678  3.99669  0.428958  0.857795  3.42668  
0.750208  1.50051  1.49889  1.00005  1.99984  0.000373043  
0.194087  0.388096  4.83584  2.91442  1.0317  1.03125  
0.599739  1.19954  2.40172  0.000623405  0.00120203  5.99657  
1.00005  1.99984  0.000373043  2.14254  1.42872  0.571406  
2.91442  1.0317  1.03125  0.750208  1.50051  1.49889  
2.14254  1.42872  0.571406  0.599739  1.19954  2.40172  
0.599739  1.19954  2.40172  2.14254  1.42872  0.571406  
1.96024  1.32924  1.26753  0.723122  1.44633  1.66139  
0.750208  1.50051  1.49889  2.91442  1.0317  1.03125  
2.91442  1.0317  1.03125  0.000623405  0.00120203  5.99657  
0.333952  0.6678  3.99669  0.428958  0.857795  3.42668  
0.194087  0.388096  4.83584  0.857262  1.71464  0.85653  
0.857262  1.71464  0.85653  0.194087  0.388096  4.83584  
1.00005  1.99984  0.000373043  0.750208  1.50051  1.49889  
0.428958  0.857795  3.42668  1.00005  1.99984  0.000373043  
0.000623405  0.00120203  5.99657  0.333952  0.6678  3.99669  
0.750208  1.50051  1.49889  0.428958  0.857795  3.42668  
0.333952  0.6678  3.99669  0.333952  0.6678  3.99669  
2.91442  1.0317  1.03125  1.00005  1.99984  0.000373043  
0.194087  0.388096  4.83584  2.91442  1.0317  1.03125  
0.857262  1.71464  0.85653  0.000623405  0.00120203  5.99657  
2.14254  1.42872  0.571406  0.599739  1.19954  2.40172  
0.599739  1.19954  2.40172  0.194087  0.388096  4.83584  
0.428958  0.857795  3.42668  0.750208  1.50051  1.49889  
1.00005  1.99984  0.000373043  0.857262  1.71464  0.85653  
0.000623405  0.00120203  5.99657  2.14254  1.42872  0.571406  
1.00005  1.99984  0.000373043  2.91442  1.0317  1.03125  
0.333952  0.6678  3.99669  1.00005  1.99984  0.000373043  
0.723122  1.44633  1.66139  0.428958  0.857795  3.42668  
2.14254  1.42872  0.571406  0.599739  1.19954  2.40172  
0.857262  1.71464  0.85653  0.857262  1.71464  0.85653  
2.91442  1.0317  1.03125  0.0726117  0.0732112  6.06857  
0.750208  1.50051  1.49889  0.750208  1.50051  1.49889  
0.194087  0.388096  4.83584  0.194087  0.388096  4.83584  
0.428958  0.857795  3.42668  2.14254  1.42872  0.571406  
0.000623405  0.00120203  5.99657  0.333952  0.6678  3.99669  
0.333952  0.6678  3.99669  0.194087  0.388096  4.83584  
0.750208  1.50051  1.49889  0.750208  1.50051  1.49889  
1.00005  1.99984  0.000373043  0.428958  0.857795  3.42668  
0.428958  0.857795  3.42668  1.00005  1.99984  0.000373043  
0.599739  1.19954  2.40172  0.599739  1.19954  2.40172  
0.194087  0.388096  4.83584  0.857262  1.71464  0.85653  
0.857262  1.71464  0.85653  0.000623405  0.00120203  5.99657  
2.91442  1.0317  1.03125  2.14254  1.42872  0.571406  
2.14254  1.42872  0.571406  2.91442  1.0317  1.03125  
0.000623405  0.00120203  5.99657  0.333952  0.6678  3.99669  
0.194087  0.388096  4.83584  0.000623405  0.00120203  5.99657  
2.91442  1.0317  1.03125  0.857262  1.71464  0.85653  
1.00005  1.99984  0.000373043  1.00005  1.99984  0.000373043  
0.599739  1.19954  2.40172  0.333952  0.6678  3.99669  
2.14254  1.42872  0.571406  0.750208  1.50051  1.49889  
0.857262  1.71464  0.85653  2.91442  1.0317  1.03125  
0.750208  1.50051  1.49889  0.428958  0.857795  3.42668  
0.333952  0.6678  3.99669  2.14254  1.42872  0.571406  
0.428958  0.857795  3.42668  0.599739  1.19954  2.40172  
0.000623405  0.00120203  5.99657  0.194087  0.388096  4.83584  
0.333952  0.6678  3.99669  1.96024  1.32924  1.26753  
0.599739  1.19954  2.40172  0.194087  0.388096  4.83584  
2.91442  1.0317  1.03125  0.428958  0.857795  3.42668  
0.857262  1.71464  0.85653  0.857262  1.71464  0.85653  
0.194087  0.388096  4.83584  2.91442  1.0317  1.03125  
0.428958  0.857795  3.42668  0.333952  0.6678  3.99669  
1.00005  1.99984  0.000373043  0.750208  1.50051  1.49889  
2.14254  1.42872  0.571406  0.000623405  0.00120203  5.99657  
0.750208  1.50051  1.49889  0.599739  1.19954  2.40172  
0.000623405  0.00120203  5.99657  1.00005  1.99984  0.000373043  
0.428958  0.857795  3.42668  0.599739  1.19954  2.40172  
0.857262  1.71464  0.85653  1.00005  1.99984  0.000373043  
2.14254  1.42872  0.571406  1.96024  1.32924  1.26753  
0.333952  0.6678  3.99669  0.194087  0.388096  4.83584  
2.91442  1.0317  1.03125  2.91442  1.0317  1.03125  
0.599739  1.19954  2.40172  0.333952  0.6678  3.99669  
1.00005  1.99984  0.000373043  0.000623405  0.00120203  5.99657  
0.750208  1.50051  1.49889  0.857262  1.71464  0.85653  
0.194087  0.388096  4.83584  0.428958  0.857795  3.42668  
0.000623405  0.00120203  5.99657  0.750208  1.50051  1.49889  
0.750077  1.50024  1.49965  0.750077  1.50024  1.49965  
2.14253  1.42872  0.571402  0.428784  0.857522  3.42761  
0.857183  1.71447  0.85699  0.857183  1.71447  0.85699  
1  1.99991  0.000366901  2.20197  2.4566  1.03125  
2.20197  2.4566  1.03125  0.000623175  0.00120177  5.99657  
0.333672  0.66724  3.99837  1  1.99991  0.000366901  
0.193906  0.387733  4.83693  0.600122  1.20027  2.39947  
0.600122  1.20027  2.39947  0.193906  0.387733  4.83693  
0.428784  0.857522  3.42761  2.14253  1.42872  0.571402  
0.000623175  0.00120177  5.99657  0.333672  0.66724  3.99837  
2.17314  2.44523  1.00824  0.333672  0.66724  3.99837  
0.193906  0.387733  4.83693  0.600122  1.20027  2.39947  
0.600142  1.20023  2.39947  2.14253  1.42872  0.571402  
0.857183  1.71447  0.85699  0.750077  1.50024  1.49965  
1  1.99991  0.000366901  0.193906  0.387733  4.83693  
2.19151  1.40424  0.59589  0.000623175  0.00120177  5.99657  
0.750077  1.50024  1.49965  1  1.99991  0.000366901  
0.387308  0.680625  4.03859  2.20197  2.4566  1.03125  
0.428803  0.857484  3.42761  0.428784  0.857522  3.42761  
0.000623175  0.00120177  5.99657  0.857183  1.71447  0.85699  
2.19151  1.40424  0.59589  1.56672  1.19292  2.32616  
0.193906  0.387733  4.83693  0.857183  1.71448  0.856992  
0.428803  0.857484  3.42761  0.193906  0.387733  4.83693  
2.17314  2.44523  1.00824  0.428803  0.857484  3.42761  
0.857183  1.71447  0.85699  1.00004  1.99985  0.000366901  
0.750077  1.50024  1.49965  0.333672  0.66724  3.99837  
1  1.99991  0.000366901  0.000623175  0.00120177  5.99657  
0.600142  1.20023  2.39947  2.62242  1.17537  0.88447  
0.333672  0.66724  3.99837  0.750077  1.50024  1.49965  
0.000623175  0.00120177  5.99657  0.600122  1.20027  2.39947  
0.333672  0.66724  3.99837  1  1.99991  0.000366901  
1.56672  1.19292  2.32616  0.428784  0.857522  3.42761  
0.428803  0.857484  3.42761  0.333672  0.66724  3.99837  
0.600122  1.20027  2.39947  2.20197  2.4566  1.03125  
0.857183  1.71448  0.856992  0.193906  0.387733  4.83693  
2.62242  1.17537  0.88447  0.600122  1.20027  2.39947  
1.00004  1.99985  0.000366901  0.857183  1.71447  0.85699  
0.193906  0.387733  4.83693  0.750077  1.50024  1.49965  
0.750077  1.50024  1.49965  2.14253  1.42872  0.571402  
0.000623175  0.00120177  5.99657  0.000623175  0.00120177  5.99657  
2.91442  1.03171  1.03125  2.91442  1.03171  1.03125  
1.00004  1.99985  0.000366901  0.750077  1.50024  1.49965  
0.193906  0.387733  4.83693  0.600122  1.20027  2.39947  
0.750077  1.50024  1.49965  2.14253  1.42872  0.571402  
0.428803  0.857484  3.42761  0.428803  0.857484  3.42761  
0.333672  0.66724  3.99837  0.000623175  0.00120177  5.99657  
2.14253  1.42872  0.571402  0.333672  0.66724  3.99837  
0.000623175  0.00120177  5.99657  0.193906  0.387733  4.83693  
0.857183  1.71447  0.85699  0.857183  1.71447  0.85699  
0.600122  1.20027  2.39947  1.00004  1.99985  0.000366901  
2.14253  1.42872  0.571402  1.00004  1.99985  0.000366901  
0.857183  1.71447  0.85699  0.600122  1.20027  2.39947  
0.193906  0.387733  4.83693  0.428803  0.857484  3.42761  
0.750077  1.50024  1.49965  0.193906  0.387733  4.83693  
1.00004  1.99985  0.000366901  2.91442  1.03171  1.03125  
2.91442  1.03171  1.03125  0.333672  0.66724  3.99837  
0.600122  1.20027  2.39947  0.857183  1.71447  0.85699  
0.000623175  0.00120177  5.99657  2.14253  1.42872  0.571402  
0.428803  0.857484  3.42761  0.750077  1.50024  1.49965  
0.333672  0.66724  3.99837  0.000623175  0.00120177  5.99657  
2.14253  1.42872  0.571402  2.91442  1.03171  1.03125  
0.193906  0.387733  4.83693  0.193906  0.387733  4.83693  
1.00004  1.99985  0.000366901  0.333672  0.66724  3.99837  
0.857183  1.71447  0.85699  0.857183  1.71447  0.85699  
2.91442  1.03171  1.03125  1.00004  1.99985  0.000366901  
0.333672  0.66724  3.99837  0.428803  0.857484  3.42761  
0.428803  0.857484  3.42761  0.600122  1.20027  2.39947  
0.000623175  0.00120177  5.99657  2.14253  1.42872  0.571402  
0.750077  1.50024  1.49965  0.000623175  0.00120177  5.99657  
0.600122  1.20027  2.39947  0.750077  1.50024  1.49965  
0.333672  0.66724  3.99837  2.91442  1.03171  1.03125  
0.600122  1.20027  2.39947  0.193906  0.387733  4.83693  
2.14253  1.42872  0.571402  1.00004  1.99985  0.000366901  
0.750077  1.50024  1.49965  0.333672  0.66724  3.99837  
0.857183  1.71447  0.85699  0.600122  1.20027  2.39947  
2.91442  1.03171  1.03125  0.750077  1.50024  1.49965  
1.00004  1.99985  0.000366901  2.14253  1.42872  0.571402  
0.000623175  0.00120177  5.99657  0.857183  1.71447  0.85699  
0.428803  0.857484  3.42761  0.000623175  0.00120177  5.99657  
0.193906  0.387733  4.83693  0.428803  0.857484  3.42761  
0.857183  1.71448  0.856992  2.62242  1.17537  0.88447  
0.193906  0.387733  4.83693  0.333672  0.66724  3.99837  
1.00004  1.99985  0.000366901  0.600122  1.20027  2.39947  
0.600122  1.20027  2.39947  0.000623175  0.00120177  5.99657  
0.428803  0.857484  3.42761  1.00004  1.99985  0.000366901  
2.62242  1.17537  0.88447  0.193906  0.387733  4.83693  
1.66746  1.16947  2.38549  0.857183  1.71448  0.856992  
0.750077  1.50024  1.49965  0.428803  0.857484  3.42761  
0.000623175  0.00120177  5.99657  0.750077  1.50024  1.49965  
0.333672  0.66724  3.99837  1.66746  1.16947  2.38549  
0.000623175  0.00120177  5.99657  0.857183  1.71448  0.856992  
0.750077  1.50024  1.49965  1.66746  1.16947  2.38549  
1.00004  1.99985  0.000366901  1.00004  1.99985  0.000366901  
1.66746  1.16947  2.38549  0.600122  1.20027  2.39947  
0.428803  0.857484  3.42761  0.333672  0.66724  3.99837  
2.62242  1.17537  0.88447  0.428803  0.857484  3.42761  
0.600122  1.20027  2.39947  0.750077  1.50024  1.49965  
0.333672  0.66724  3.99837  2.62242  1.17537  0.88447  
0.857183  1.71448  0.856992  0.000623175  0.00120177  5.99657  
0.193906  0.387733  4.83693  0.193906  0.387733  4.83693  
0.333568  0.667033  3.99899  0.428803  0.857484  3.42761  
2.14253  1.42872  0.571402  0.193828  0.387577  4.83739  
2.91442  1.03171  1.03125  1.00004  1.99985  0.000366901  
0.193828  0.387577  4.83739  0.000623161  0.00120178  5.99657  
0.857183  1.71447  0.85699  2.91442  1.03171  1.03125  
0.600121  1.20027  2.39947  0.857183  1.71447  0.85699  
0.750077  1.50024  1.49965  2.14253  1.42872  0.571402  
0.000623161  0.00120178  5.99657  0.600121  1.20027  2.39947  
1.00004  1.99985  0.000366901  0.333568  0.667033  3.99899  
0.428803  0.857484  3.42761  0.750077  1.50024  1.49965  
2.91442  1.03171  1.03125  2.14253  1.42872  0.571402  
0.428803  0.857484  3.42761  1.00004  1.99985  0.000366902  
0.193828  0.387577  4.83739  0.600121  1.20027  2.39947  
1.00004  1.99985  0.000366901  0.428803  0.857484  3.42761  
2.14253  1.42872  0.571402  2.91442  1.03171  1.03125  
0.000623143  0.00120181  5.99657  0.193828  0.387577  4.83739  
0.333568  0.667033  3.99899  0.000623143  0.00120181  5.99657  
0.600121  1.20027  2.39947  0.333568  0.667033  3.99899  
0.750077  1.50024  1.49965  0.857183  1.71447  0.85699  
0.857183  1.71447  0.85699  0.750077  1.50024  1.49965  
1.00004  1.99985  0.000366901  0.428803  0.857484  3.42761  
0.600121  1.20027  2.39947  0.750077  1.50024  1.49965  
2.91442  1.03171  1.03125  0.857183  1.71447  0.85699  
0.750077  1.50024  1.49965  0.600121  1.20027  2.39947  
0.000623161  0.00120178  5.99657  0.333568  0.667033  3.99899  
0.193828  0.387577  4.83739  0.000623187  0.00120173  5.99657  
2.14253  1.42872  0.571402  1.00004  1.99985  0.000366901  
0.333568  0.667033  3.99899  2.14253  1.42872  0.571402  
0.857183  1.71447  0.85699  2.91442  1.03171  1.03125  
0.428803  0.857484  3.42761  0.193828  0.387577  4.83739  
0.333568  0.667033  3.99899  2.91442  1.03171  1.03125  
2.91442  1.03171  1.03125  0.750077  1.50024  1.49965  
0.857183  1.71447  0.85699  0.193828  0.387577  4.83739  
0.428803  0.857484  3.42761  0.000623143  0.00120181  5.99657  
0.193828  0.387577  4.83739  1.00004  1.99985  0.000366901  
0.600121  1.20027  2.39947  0.428803  0.857484  3.42761  
2.14253  1.42872  0.571402  0.857183  1.71447  0.85699  
1.00004  1.99985  0.000366901  0.333568  0.667033  3.99899  
0.750077  1.50024  1.49965  0.600121  1.20027  2.39947  
0.000623187  0.00120173  5.99657  2.14253  1.42872  0.571402  
0.333568  0.667033  3.99899  2.14253  1.42872  0.571402  
0.428803  0.857484  3.42761  0.750077  1.50024  1.49965  
2.14253  1.42872  0.571402  1.00004  1.99985  0.000366901  
1.00004  1.99985  0.000366901  0.428803  0.857484  3.42761  
0.000623143  0.00120181  5.99657  0.193828  0.387577  4.83739  
0.193828  0.387577  4.83739  0.857183  1.71447  0.85699  
0.750077  1.50024  1.49965  0.333568  0.667033  3.99899  
0.600121  1.20027  2.39947  2.91442  1.03171  1.03125  
0.857183  1.71447  0.85699  0.000623161  0.00120178  5.99657  
2.91442  1.03171  1.03125  0.600121  1.20027  2.39947  
0.333568  0.667033  3.99899  0.333568  0.667033  3.99899  
0.428803  0.857484  3.42761  2.91442  1.03171  1.03125  
0.750077  1.50024  1.49965  0.193828  0.387577  4.83739  
2.91442  1.03171  1.03125  0.000623143  0.00120181  5.99657  
0.000623161  0.00120178  5.99657  1.00004  1.99985  0.000366901  
0.193828  0.387577  4.83739  0.857183  1.71447  0.85699  
2.14253  1.42872  0.571402  0.600121  1.20027  2.39947  
0.857183  1.71447  0.85699  0.428803  0.857484  3.42761  
1.00004  1.99985  0.000366901  2.14253  1.42872  0.571402  
0.600121  1.20027  2.39947  0.750077  1.50024  1.49965  
0.000623169  0.00120176  5.99657  0.193828  0.387577  4.83739  
1.00004  1.99985  0.000366901  0.000623161  0.00120178  5.99657  
0.857183  1.71447  0.85699  2.91442  1.03171  1.03125  
2.91442  1.03171  1.03125  0.750077  1.50024  1.49965  
0.428803  0.857484  3.42761  0.600121  1.20027  2.39947  
0.600121  1.20027  2.39947  2.14253  1.42872  0.571402  
2.14253  1.42872  0.571402  0.857183  1.71447  0.85699  
0.333568  0.667033  3.99899  0.333568  0.667033  3.99899  
0.750077  1.50024  1.49965  1.07757  1.96109  0.0391336  
0.193828  0.387577  4.83739  0.428803  0.857484  3.42761  
0.193828  0.387577  4.83739  0.428803  0.857484  3.42761  
0.600121  1.20027  2.39947  0.750077  1.50024  1.49965  
1.00004  1.99985  0.000366901  0.000623169  0.00120176  5.99657  
2.91442  1.03171  1.03125  2.91442  1.03171  1.03125  
2.14253  1.42872  0.571402  0.600121  1.20027  2.39947  
0.000623169  0.00120176  5.99657  1.00004  1.99985  0.000366901  
0.750077  1.50024  1.49965  0.333568  0.667033  3.99899  
0.857183  1.71447  0.85699  0.193828  0.387577  4.83739  
0.428803  0.857484  3.42761  2.14253  1.42872  0.571402  
0.333568  0.667033  3.99899  0.857183  1.71447  0.85699  
0.428803  0.857484  3.42761  0.193828  0.387577  4.83739  
0.857183  1.71447  0.85699  0.600121  1.20027  2.39947  
0.193828  0.387577  4.83739  0.000623161  0.00120178  5.99657  
1.00004  1.99985  0.000366901  0.750077  1.50024  1.49965  
2.91442  1.03171  1.03125  2.14253  1.42872  0.571402  
0.333568  0.667033  3.99899  0.333568  0.667033  3.99899  
0.750077  1.50024  1.49965  0.428803  0.857484  3.42761  
0.600121  1.20027  2.39947  1.00004  1.99985  0.000366901  
2.14253  1.42872  0.571402  0.857183  1.71447  0.85699  
0.000623143  0.00120181  5.99657  2.91442  1.03171  1.03125  
0.193828  0.387577  4.83739  0.600121  1.20027  2.39947  
2.14253  1.42872  0.571402  2.91442  1.03171  1.03125  
0.428803  0.857484  3.42761  2.14253  1.42872  0.571402  
0.600121  1.20027  2.39947  0.750077  1.50024  1.49965  
0.000623161  0.00120178  5.99657  0.333568  0.667033  3.99899  
2.91442  1.03171  1.03125  0.428803  0.857484  3.42761  
0.333568  0.667033  3.99899  1.00004  1.99985  0.000366901  
0.750077  1.50024  1.49965  0.857183  1.71447  0.85699  
1.00004  1.99985  0.000366901  0.000623169  0.00120176  5.99657  
0.857183  1.71447  0.85699  0.193828  0.387577  4.83739  
0.750077  1.50024  1.49965  2.91442  1.03171  1.03125  
0.857182  1.71447  0.85699  0.000623163  0.00120178  5.99657  
2.91442  1.03171  1.03125  0.0843121  0.168565  5.49446  
0.193828  0.387577  4.83739  2.14253  1.42872  0.571402  
0.333568  0.667033  3.99899  0.600121  1.20027  2.39947  
0.428803  0.857484  3.42761  0.428803  0.857484  3.42761  
2.14253  1.42872  0.571402  1.00004  1.99985  0.000366901  
1.00004  1.99985  0.000366901  0.750077  1.50024  1.49965  
0.000623143  0.00120181  5.99657  0.333568  0.667033  3.99899  
0.600121  1.20027  2.39947  0.857182  1.71447  0.85699  
0.193828  0.387577  4.83739  0.0843121  0.168565  5.49446  
0.333568  0.667033  3.99899  0.428803  0.857484  3.42761  
0.428803  0.857484  3.42761  2.91442  1.03171  1.03125  
0.750077  1.50024  1.49965  0.750077  1.50024  1.49965  
0.600121  1.20027  2.39947  0.857182  1.71447  0.85699  
1.00004  1.99985  0.000366901  0.600121  1.20027  2.39947  
2.91442  1.03171  1.03125  1.00004  1.99985  0.000366901  
2.14253  1.42872  0.571402  2.14253  1.42872  0.571402  
0.857182  1.71447  0.85699  0.333568  0.667033  3.99899  
0.000623163  0.00120178  5.99657  0.000623163  0.00120178  5.99657  
0.333568  0.667033  3.99899  1.00004  1.99985  0.000366901  
0.750077  1.50024  1.49965  2.91442  1.03171  1.03125  
1.00004  1.99985  0.000366901  2.14253  1.42872  0.571402  
0.193828  0.387577  4.83739  0.750077  1.50024  1.49965  
0.428803  0.857484  3.42761  0.333568  0.667033  3.99899  
2.91442  1.03171  1.03125  0.600121  1.20027  2.39947  
0.857182  1.71447  0.85699  0.000623163  0.00120178  5.99657  
0.600121  1.20027  2.39947  0.857182  1.71447  0.85699  
0.000623143  0.00120181  5.99657  0.193828  0.387577  4.83739  
2.14253  1.42872  0.571402  0.428803  0.857484  3.42761  
1.00004  1.99985  0.000366901  0.333568  0.667033  3.99899  
0.193828  0.387577  4.83739  2.91442  1.03171  1.03125  
2.14253  1.42872  0.571402  0.000623162  0.00120178  5.99657  
2.91442  1.03171  1.03125  2.14253  1.42872  0.571402  
0.333568  0.667033  3.99899  0.750077  1.50024  1.49965  
0.428803  0.857484  3.42761  0.857182  1.71447  0.85699  
0.750077  1.50024  1.49965  0.600121  1.20027  2.39947  
0.600121  1.20027  2.39947  1.00004  1.99985  0.000366901  
0.857182  1.71447  0.85699  0.193828  0.387577  4.83739  
0.000623163  0.00120178  5.99657  0.428803  0.857484  3.42761  
0.193828  0.387577  4.83739  0.857182  1.71447  0.85699  
2.91442  1.03171  1.03125  0.000623163  0.00120178  5.99657  
0.428803  0.857484  3.42761  0.193828  0.387577  4.83739  
0.333568  0.667033  3.99899  2.91442  1.03171  1.03125  
1.00004  1.99985  0.000366901  0.333568  0.667033  3.99899  
0.750077  1.50024  1.49965  2.14253  1.42872  0.571402  
0.857182  1.71447  0.85699  0.428803  0.857484  3.42761  
2.14253  1.42872  0.571402  0.750077  1.50024  1.49965  
0.600121  1.20027  2.39947  0.600121  1.20027  2.39947  
0.000623163  0.00120178  5.99657  1.00004  1.99985  0.000366901  
0.000623163  0.00120178  5.99657  0.428803  0.857484  3.42761  
0.333568  0.667033  3.99899  0.857182  1.71447  0.85699  
0.857182  1.71447  0.85699  2.14253  1.42872  0.571402  
2.91442  1.03171  1.03125  0.333568  0.667033  3.99899  
0.600121  1.20027  2.39947  0.600121  1.20027  2.39947  
0.750077  1.50024  1.49965  0.193828  0.387577  4.83739  
1.00004  1.99985  0.000366901  1.00004  1.99985  0.000366901  
0.428803  0.857484  3.42761  2.91442  1.03171  1.03125  
0.193828  0.387577  4.83739  0.000623162  0.00120178  5.99657  
2.14253  1.42872  0.571402  0.750077  1.50024  1.49965  
0.193828  0.387577  4.83739  2.14253  1.42872  0.571402  
0.600121  1.20027  2.39947  0.600121  1.20027  2.39947  
0.428803  0.857484  3.42761  0.857182  1.71447  0.85699  
1.00004  1.99985  0.000366901  1.00004  1.99985  0.000366901  
0.333568  0.667033  3.99899  2.91442  1.03171  1.03125  
0.750077  1.50024  1.49965  0.333568  0.667033  3.99899  
2.91442  1.03171  1.03125  0.750077  1.50024  1.49965  
0.000623143  0.00120181  5.99657  0.428803  0.857484  3.42761  
0.857182  1.71447  0.85699  0.000623163  0.00120178  5.99657  
2.14253  1.42872  0.571402  0.193828  0.387577  4.83739  
0.428803  0.857484  3.42761  0.000623163  0.00120178  5.99657  
2.14253  1.42872  0.571402  0.857182  1.71447  0.85699  
0.857182  1.71447  0.85699  0.333568  0.667033  3.99899  
0.193828  0.387577  4.83739  0.193828  0.387577  4.83739  
2.91442  1.03171  1.03125  1.00004  1.99985  0.000366901  
0.750077  1.50024  1.49965  0.428803  0.857484  3.42761  
1.00004  1.99985  0.000366901  2.14253  1.42872  0.571402  
0.600121  1.20027  2.39947  0.600121  1.20027  2.39947  
0.333568  0.667033  3.99899  0.750077  1.50024  1.49965  
0.000623143  0.00120181  5.99657  2.91442  1.03171  1.03125  
0.428803  0.857484  3.42761  0.193828  0.387577  4.83739  
1.00004  1.99985  0.000366901  0.428803  0.857484  3.42761  
0.857182  1.71447  0.85699  2.91442  1.03171  1.03125  
0.600121  1.20027  2.39947  0.000623163  0.00120178  5.99657  
0.333568  0.667033  3.99899  0.750077  1.50024  1.49965  
0.193828  0.387577  4.83739  0.600121  1.20027  2.39947  
0.750077  1.50024  1.49965  1.00004  1.99985  0.000366901  
0.000623143  0.00120181  5.99657  0.857182  1.71447  0.85699  
2.91442  1.03171  1.03125  2.14253  1.42872  0.571402  
2.14253  1.42872  0.571402  0.333568  0.667033  3.99899  
0.193828  0.387577  4.83739  0.600121  1.20027  2.39947  
0.333568  0.667033  3.99899  1.00004  1.99985  0.000366901  
0.750077  1.50024  1.49965  0.193828  0.387577  4.83739  
2.14253  1.42872  0.571402  0.428803  0.857484  3.42761  
0.428803  0.857484  3.42761  0.333568  0.667033  3.99899  
0.000623163  0.00120178  5.99657  2.14253  1.42872  0.571402  
0.600121  1.20027  2.39947  0.000623143  0.00120181  5.99657  
2.91442  1.03171  1.03125  0.857182  1.71447  0.85699  
0.857182  1.71447  0.85699  2.91442  1.03171  1.03125  
1.00004  1.99985  0.000366901  0.750077  1.50024  1.49965  
0.000623164  0.00120177  5.99657  2.14253  1.42872  0.571402  
0.193828  0.387577  4.83739  0.333568  0.667033  3.99899  
0.428803  0.857484  3.42761  2.91442  1.03171  1.03125  
1.00004  1.99985  0.000366901  0.000623158  0.00120179  5.99657  
0.857182  1.71447  0.85699  0.600121  1.20027  2.39947  
0.600121  1.20027  2.39947  0.857182  1.71447  0.85699  
0.333568  0.667033  3.99899  0.750077  1.50024  1.49965  
2.91442  1.03171  1.03125  0.193828  0.387577  4.83739  
0.750077  1.50024  1.49965  0.428803  0.857484  3.42761  
2.14253  1.42872  0.571402  1.00004  1.99985  0.000366901  
2.14253  1.42872  0.571402  0.750077  1.50024  1.49965  
0.750077  1.50024  1.49965  1.00004  1.99985  0.000366901  
0.600121  1.20027  2.39947  0.000623164  0.00120177  5.99657  
2.91442  1.03171  1.03125  0.428803  0.857484  3.42761  
0.428803  0.857484  3.42761  0.193828  0.387577  4.83739  
1.00004  1.99985  0.000366901  2.04294  1.47851  0.521607  
0.857182  1.71447  0.85699  0.333568  0.667033  3.99899  
0.000623164  0.00120177  5.99657  2.91442  1.03171  1.03125  
0.333568  0.667033  3.99899  0.600121  1.20027  2.39947  
0.193828  0.387577  4.83739  0.857182  1.71447  0.85699  
2.14253  1.42872  0.571402  0.600121  1.20027  2.39947  
0.000623164  0.00120177  5.99657  2.14253  1.42872  0.571402  
0.428803  0.857484  3.42761  0.193828  0.387577  4.83739  
0.750077  1.50024  1.49965  1.00004  1.99985  0.000366901  
0.333568  0.667033  3.99899  0.000623188  0.00120172  5.99657  
0.193828  0.387577  4.83739  0.857182  1.71447  0.85699  
0.857182  1.71447  0.85699  2.91442  1.03171  1.03125  
0.600121  1.20027  2.39947  0.750077  1.50024  1.49965  
1.00004  1.99985  0.000366901  0.428803  0.857484  3.42761  
2.91442  1.03171  1.03125  0.333568  0.667033  3.99899  
0.750077  1.50024  1.49965  2.91442  1.03171  1.03125  
0.857182  1.71447  0.85699  0.600121  1.20027  2.39947  
0.000623188  0.00120172  5.99657  0.193828  0.387577  4.83739  
2.91442  1.03171  1.03125  1.00004  1.99985  0.000366901  
2.14253  1.42872  0.571402  2.14253  1.42872  0.571402  
0.600121  1.20027  2.39947  0.333568  0.667033  3.99899  
0.193828  0.387577  4.83739  0.000623158  0.00120179  5.99657  
0.428803  0.857484  3.42761  0.750077  1.50024  1.49965  
1.00004  1.99985  0.000366901  0.428803  0.857484  3.42761  
0.333568  0.667033  3.99899  0.857182  1.71447  0.85699  
0.428803  0.857484  3.42761  1.00004  1.99985  0.000366901  
0.600121  1.20027  2.39947  2.91442  1.03171  1.03125  
0.000623164  0.00120177  5.99657  0.750077  1.50024  1.49965  
1.00004  1.99985  0.000366901  0.333568  0.667033  3.99899  
0.750077  1.50024  1.49965  2.14253  1.42872  0.571402  
0.193828  0.387577  4.83739  0.600121  1.20027  2.39947  
0.857182  1.71447  0.85699  0.857182  1.71447  0.85699  
2.14253  1.42872  0.571402  0.00122515  0.0024058  5.99296  
2.91442  1.03171  1.03125  0.428803  0.857484  3.42761  
0.333568  0.667033  3.99899  0.193828  0.387577  4.83739  
0.333568  0.667033  3.99899  0.333568  0.667033  3.99899  
0.193828  0.387577  4.83739  1.00004  1.99985  0.000366901  
0.857182  1.71447  0.85699  0.193828  0.387577  4.83739  
0.600121  1.20027  2.39947  0.750077  1.50024  1.49965  
0.000623164  0.00120177  5.99657  0.000623164  0.00120177  5.99657  
2.91442  1.03171  1.03125  2.91442  1.03171  1.03125  
2.14253  1.42872  0.571402  2.14253  1.42872  0.571402  
0.750077  1.50024  1.49965  0.428803  0.857484  3.42761  
1.00004  1.99985  0.000366901  0.857182  1.71447  0.85699  
0.428803  0.857484  3.42761  0.600121  1.20027  2.39947  
0.600121  1.20027  2.39947  0.428803  0.857484  3.42761  
0.857182  1.71447  0.85699  2.91442  1.03171  1.03125  
0.428803  0.857484  3.42761  0.857182  1.71447  0.85699  
0.333568  0.667033  3.99899  1.00004  1.99985  0.000366901  
2.14253  1.42872  0.571402  0.193828  0.387577  4.83739  
0.000623158  0.00120179  5.99657  2.14253  1.42872  0.571402  
0.193828  0.387577  4.83739  0.600121  1.20027  2.39947  
1.00004  1.99985  0.000366901  0.000623188  0.00120172  5.99657  
2.91442  1.03171  1.03125  0.333568  0.667033  3.99899  
0.750077  1.50024  1.49965  0.750077  1.50024  1.49965  
0.600121  1.20027  2.39947  1.00004  1.99985  0.000366901  
0.857182  1.71447  0.85699  0.750077  1.50024  1.49965  
0.428803  0.857484  3.42761  0.333568  0.667033  3.99899  
1.00004  1.99985  0.000366901  2.14253  1.42872  0.571402  
2.14253  1.42872  0.571402  0.428803  0.857484  3.42761  
0.000623164  0.00120177  5.99657  2.91442  1.03171  1.03125  
0.750077  1.50024  1.49965  0.193828  0.387577  4.83739  
0.333568  0.667033  3.99899  0.857182  1.71447  0.85699  
2.91442  1.03171  1.03125  0.000623164  0.00120177  5.99657  
0.193828  0.387577  4.83739  0.600121  1.20027  2.39947  
0.333568  0.667033  3.99899  0.750077  1.50024  1.49965  
2.91442  1.03171  1.03125  0.857182  1.71447  0.85699  
0.428803  0.857484  3.42761  0.600128  1.20029  2.39948  
0.600121  1.20027  2.39947  0.333568  0.667033  3.99899  
2.14253  1.42872  0.571402  0.000623164  0.00120177  5.99657  
0.750077  1.50024  1.49965  0.428803  0.857484  3.42761  
0.000623188  0.00120172  5.99657  2.91442  1.03171  1.03125  
0.193828  0.387577  4.83739  0.193828  0.387577  4.83739  
1.00004  1.99985  0.000366901  1.00004  1.99985  0.000366901  
0.857182  1.71447  0.85699  2.14253  1.42872  0.571402  
2.14253  1.42872  0.571402  2.86489  1.05608  1.00635  
0.000623164  0.00120177  5.99657  0.600121  1.20027  2.39947  
0.750077  1.50024  1.49965  1.00004  1.99985  0.000366901  
0.600121  1.20027  2.39947  0.857182  1.71447  0.85699  
0.428803  0.857484  3.42761  2.14253  1.42872  0.571402  
0.333568  0.667033  3.99899  0.000623164  0.00120177  5.99657  
1.00004  1.99985  0.000366901  0.333568  0.667033  3.99899  
0.857182  1.71447  0.85699  0.428803  0.857484  3.42761  
2.91442  1.03171  1.03125  0.193828  0.387577  4.83739  
0.193828  0.387577  4.83739  0.750077  1.50024  1.49965  
0.750077  1.50024  1.49965  0.428803  0.857484  3.42761  
0.600121  1.20027  2.39947  2.91442  1.03171  1.03125  
0.333568  0.667033  3.99899  2.14253  1.42872  0.571402  
2.91442  1.03171  1.03125  0.193828  0.387577  4.83739  
2.14253  1.42872  0.571402  0.857182  1.71447  0.85699  
0.857182  1.71447  0.85699  0.600121  1.20027  2.39947  
0.428803  0.857484  3.42761  0.000623188  0.00120172  5.99657  
0.193828  0.387577  4.83739  0.750077  1.50024  1.49965  
1.00004  1.99985  0.000366901  0.333568  0.667033  3.99899  
0.000623188  0.00120172  5.99657  1.00004  1.99985  0.000366901  
2.14253  1.42872  0.571402  0.000623188  0.00120173  5.99657  
0.333568  0.667033  3.99899  0.428803  0.857484  3.42761  
0.857182  1.71447  0.85699  2.14253  1.42872  0.571402  
0.193828  0.387577  4.83739  0.857182  1.71447  0.85699  
0.428803  0.857484  3.42761  1.00004  1.99985  0.000366901  
1.00004  1.99985  0.000366901  0.333568  0.667033  3.99899  
0.750077  1.50024  1.49965  2.91442  1.03171  1.03125  
0.600121  1.20027  2.39947  0.750077  1.50024  1.49965  
0.000623188  0.00120172  5.99657  0.600121  1.20027  2.39947  
2.91442  1.03171  1.03125  0.193828  0.387577  4.83739  
0.193828  0.387577  4.83739  0.857182  1.71447  0.85699  
0.428803  0.857484  3.42761  2.91442  1.03171  1.03125  
0.000623188  0.00120172  5.99657  0.428803  0.857484  3.42761  
2.14253  1.42872  0.571402  0.000623188  0.00120172  5.99657  
0.857182  1.71447  0.85699  1.00004  1.99985  0.000366901  
0.600121  1.20027  2.39947  2.14253  1.42872  0.571402  
0.750077  1.50024  1.49965  0.333568  0.667033  3.99899  
0.333568  0.667033  3.99899  0.600121  1.20027  2.39947  
1.00004  1.99985  0.000366901  0.193828  0.387577  4.83739  
2.91442  1.03171  1.03125  0.750077  1.50024  1.49965  
2.14253  1.42872  0.571402  0.750077  1.50024  1.49965  
1.00004  1.99985  0.000366901  1.00004  1.99985  0.000366901  
0.333568  0.667033  3.99899  0.333568  0.667033  3.99899  
0.857182  1.71447  0.85699  0.000623188  0.00120172  5.99657  
0.193828  0.387577  4.83739  0.600121  1.20027  2.39947  
0.428803  0.857484  3.42761  0.857182  1.71447  0.85699  
0.600121  1.20027  2.39947  2.91442  1.03171  1.03125  
0.000623188  0.00120172  5.99657  0.193828  0.387577  4.83739  
0.750077  1.50024  1.49965  2.14253  1.42872  0.571402  
2.91442  1.03171  1.03125  0.428803  0.857484  3.42761  
2.91442  1.03171  1.03125  0.428803  0.857484  3.42761  
2.14253  1.42872  0.571402  0.000623188  0.00120172  5.99657  
0.000623188  0.00120172  5.99657  0.333568  0.667033  3.99899  
1.00004  1.99985  0.000366901  1.00004  1.99985  0.000366901  
0.600121  1.20027  2.39947  0.193828  0.387577  4.83739  
0.750077  1.50024  1.49965  2.77119  1.10217  0.959255  
0.857182  1.71447  0.85699  0.857182  1.71447  0.85699  
0.333568  0.667033  3.99899  0.750077  1.50024  1.49965  
0.193828  0.387577  4.83739  0.600121  1.20027  2.39947  
0.428803  0.857484  3.42761  2.14253  1.42872  0.571402  
0.750077  1.50024  1.49965  0.600121  1.20027  2.39947  
0.857182  1.71447  0.85699  0.333568  0.667033  3.99899  
0.000623188  0.00120172  5.99657  0.750077  1.50024  1.49965  
2.91442  1.03171  1.03125  1.00004  1.99985  0.000366901  
2.14253  1.42872  0.571402  0.428803  0.857484  3.42761  
0.600121  1.20027  2.39947  2.91442  1.03171  1.03125  
0.193828  0.387577  4.83739  0.193828  0.387577  4.83739  
0.428803  0.857484  3.42761  0.857182  1.71447  0.85699  
1.00004  1.99985  0.000366901  0.000623188  0.00120172  5.99657  
0.333568  0.667033  3.99899  2.14253  1.42872  0.571402  
0.600121  1.20027  2.39947  0.000623188  0.00120172  5.99657  
1.00004  1.99985  0.000366901  0.193828  0.387577  4.83739  
0.857182  1.71447  0.85699  0.333568  0.667033  3.99899  
2.91442  1.03171  1.03125  0.750077  1.50024  1.49965  
0.193828  0.387577  4.83739  0.857182  1.71447  0.85699  
2.14253  1.42872  0.571402  0.600121  1.20027  2.39947  
0.000623188  0.00120172  5.99657  2.91442  1.03171  1.03125  
0.428803  0.857484  3.42761  0.428803  0.857484  3.42761  
0.333568  0.667033  3.99899  2.14253  1.42872  0.571402  
0.750077  1.50024  1.49965  1.00004  1.99985  0.000366901  
0.750077  1.50024  1.49965  0.333568  0.667033  3.99899  
0.428803  0.857484  3.42761  0.000623188  0.00120172  5.99657  
1.00004  1.99985  0.000366901  1.00004  1.99985  0.000366901  
0.333568  0.667033  3.99899  0.193828  0.387577  4.83739  
0.857182  1.71447  0.85699  0.428803  0.857484  3.42761  
2.91442  1.03171  1.03125  0.857182  1.71447  0.85699  
0.600121  1.20027  2.39947  0.750077  1.50024  1.49965  
0.000623188  0.00120172  5.99657  2.7163  1.12918  0.93166  
0.193828  0.387577  4.83739  0.600121  1.20027  2.39947  
2.14253  1.42872  0.571402  2.14253  1.42872  0.571402  
0.193828  0.387577  4.83739  2.91442  1.03171  1.03125  
2.91442  1.03171  1.03125  0.857182  1.71447  0.85699  
1.00004  1.99985  0.000366901  1.00004  1.99985  0.000366901  
2.14253  1.42872  0.571402  2.14253  1.42872  0.571402  
0.750077  1.50024  1.49965  0.193828  0.387577  4.83739  
0.600121  1.20027  2.39947  0.428803  0.857484  3.42761  
0.000623188  0.00120172  5.99657  0.333568  0.667033  3.99899  
0.428803  0.857484  3.42761  0.000623188  0.00120172  5.99657  
0.857182  1.71447  0.85699  0.750077  1.50024  1.49965  
0.333568  0.667033  3.99899  0.600121  1.20027  2.39947  
0.857182  1.71447  0.85699  0.193828  0.387577  4.83739  
0.600121  1.20027  2.39947  0.857182  1.71447  0.85699  
2.14253  1.42872  0.571402  0.428803  0.857484  3.42761  
0.428803  0.857484  3.42761  0.750077  1.50024  1.49965  
1.00004  1.99985  0.000366901  0.333568  0.667033  3.99899  
0.000623188  0.00120172  5.99657  0.600121  1.20027  2.39947  
2.91442  1.03171  1.03125  2.91442  1.03171  1.03125  
0.750077  1.50024  1.49965  1.00004  1.99985  0.000366901  
0.333568  0.667033  3.99899  2.14253  1.42872  0.571402  
0.193828  0.387577  4.83739  0.000623188  0.00120172  5.99657  
1.00004  1.99985  0.000366901  0.857182  1.71447  0.85699  
0.000623188  0.00120172  5.99657  0.193828  0.387577  4.83739  
0.333568  0.667033  3.99899  2.91442  1.03171  1.03125  
0.193828  0.387577  4.83739  0.750077  1.50024  1.49965  
2.14253  1.42872  0.571402  0.000623188  0.00120172  5.99657  
0.857182  1.71447  0.85699  2.14253  1.42872  0.571402  
0.600121  1.20027  2.39947  0.428803  0.857484  3.42761  
0.428803  0.857484  3.42761  1.00004  1.99985  0.000366901  
2.91442  1.03171  1.03125  0.333568  0.667033  3.99899  
0.750077  1.50024  1.49965  0.600121  1.20027  2.39947  
0.428803  0.857484  3.42761  0.600121  1.20027  2.39947  
2.14253  1.42872  0.571402  0.193828  0.387577  4.83739  
0.600121  1.20027  2.39947  0.333568  0.667033  3.99899  
0.333568  0.667033  3.99899  0.750077  1.50024  1.49965  
0.000623188  0.00120172  5.99657  0.857182  1.71447  0.85699  
0.750077  1.50024  1.49965  0.000623188  0.00120172  5.99657  
0.857182  1.71447  0.85699  0.999991  1.99994  0.000366901  
2.91442  1.03171  1.03125  2.91442  1.03171  1.03125  
1.00004  1.99985  0.000366901  0.428803  0.857484  3.42761  
0.193828  0.387577  4.83739  2.14253  1.42872  0.571402  
0.600121  1.20027  2.39947  2.91442  1.03171  1.03125  
2.91442  1.03171  1.03125  0.600121  1.20027  2.39947  
0.193828  0.387577  4.83739  0.857182  1.71447  0.85699  
0.857182  1.71447  0.85699  0.750077  1.50024  1.49965  
0.000623188  0.00120172  5.99657  2.14253  1.42872  0.571402  
1.00004  1.99985  0.000366901  0.000623188  0.00120172  5.99657  
0.333568  0.667033  3.99899  0.193828  0.387577  4.83739  
0.750077  1.50024  1.49965  0.333568  0.667033  3.99899  
2.14253  1.42872  0.571402  0.428803  0.857484  3.42761  
0.428803  0.857484  3.42761  1.00004  1.99985  0.000366901  
2.91442  1.03171  1.03125  0.600121  1.20027  2.39947  
0.600121  1.20027  2.39947  0.857182  1.71447  0.85699  
1.00004  1.99985  0.000366901  2.14253  1.42872  0.571402  
0.750077  1.50024  1.49965  0.428803  0.857484  3.42761  
0.193828  0.387577  4.83739  0.193828  0.387577  4.83739  
0.000623188  0.00120172  5.99657  2.91442  1.03171  1.03125  
0.857182  1.71447  0.85699  0.750077  1.50024  1.49965  
2.14253  1.42872  0.571402  0.000623188  0.00120172  5.99657  
0.428803  0.857484  3.42761  1.00004  1.99985  0.000366901  
0.333568  0.667033  3.99899  0.333568  0.667033  3.99899  
0.750077  1.50024  1.49965  0.333568  0.667033  3.99899  
0.857182  1.71447  0.85699  0.600121  1.20027  2.39947  
0.000623188  0.00120172  5.99657  0.750077  1.50024  1.49965  
2.91442  1.03171  1.03125  2.91442  1.03171  1.03125  
2.14253  1.42872  0.571402  0.428803  0.857484  3.42761  
0.600121  1.20027  2.39947  1.00004  1.99985  0.000366901  
0.193828  0.387577  4.83739  0.193828  0.387577  4.83739  
0.428803  0.857484  3.42761  0.000623188  0.00120172  5.99657  
1.00004  1.99985  0.000366901  0.857182  1.71447  0.85699  
0.333568  0.667033  3.99899  2.14253  1.42872  0.571402  
1.00004  1.99985  0.000366901  0.193828  0.387577  4.83739  
0.333568  0.667033  3.99899  2.91442  1.03171  1.03125  
0.428803  0.857484  3.42761  2.14253  1.42872  0.571402  
0.193828  0.387577  4.83739  0.333568  0.667033  3.99899  
0.857182  1.71447  0.85699  0.428803  0.857484  3.42761  
2.91442  1.03171  1.03125  0.000623188  0.00120172  5.99657  
0.000623188  0.00120172  5.99657  1.00004  1.99985  0.000366901  
0.750077  1.50024  1.49965  0.600121  1.20027  2.39947  
0.600121  1.20027  2.39947  0.750077  1.50024  1.49965  
2.14253  1.42872  0.571402  0.857182  1.71447  0.85699  
0.193828  0.387577  4.83739  0.750077  1.50024  1.49965  
0.000623188  0.00120172  5.99657  0.857182  1.71447  0.85699  
1.00004  1.99985  0.000366901  2.14253  1.42872  0.571402  
0.428803  0.857484  3.42761  2.91442  1.03171  1.03125  
0.333568  0.667033  3.99899  0.600121  1.20027  2.39947  
0.857182  1.71447  0.85699  0.193828  0.387577  4.83739  
0.750077  1.50024  1.49965  0.333568  0.667033  3.99899  
2.91442  1.03171  1.03125  0.000623188  0.00120172  5.99657  
0.600121  1.20027  2.39947  1.00004  1.99985  0.000366901  
2.14253  1.42872  0.571402  0.428803  0.857484  3.42761  
0.000623188  0.00120172  5.99657  1.00004  1.99985  0.000366901  
0.857182  1.71447  0.85699  0.750077  1.50024  1.49965  
0.750077  1.50024  1.49965  0.333568  0.667033  3.99899  
0.428803  0.857484  3.42761  0.428803  0.857484  3.42761  
1.00004  1.99985  0.000366901  0.600121  1.20027  2.39947  
0.193828  0.387577  4.83739  2.14253  1.42872  0.571402  
0.600121  1.20027  2.39947  0.857182  1.71447  0.85699  
2.91442  1.03171  1.03125  0.193828  0.387577  4.83739  
0.333568  0.667033  3.99899  0.000623188  0.00120172  5.99657  
2.14253  1.42872  0.571402  2.91442  1.03171  1.03125  
1.00004  1.99985  0.000366901  1.00004  1.99985  0.000366901  
2.14253  1.42872  0.571402  0.857182  1.71447  0.85699  
0.000623188  0.00120172  5.99657  0.428803  0.857484  3.42761  
2.91442  1.03171  1.03125  0.600121  1.20027  2.39947  
0.600121  1.20027  2.39947  2.14253  1.42872  0.571402  
0.750077  1.50024  1.49965  0.333568  0.667033  3.99899  
0.428803  0.857484  3.42761  2.91442  1.03171  1.03125  
0.333568  0.667033  3.99899  0.000623188  0.00120172  5.99657  
0.857182  1.71447  0.85699  0.193828  0.387577  4.83739  
0.193828  0.387577  4.83739  0.750081  1.50028  1.49967  
1.00004  1.99985  0.000366901  0.428803  0.857484  3.42761  
0.000623188  0.00120172  5.99657  0.333568  0.667033  3.99899  
0.193828  0.387577  4.83739  0.193828  0.387577  4.83739  
0.750077  1.50024  1.49965  2.91442  1.03171  1.03125  
0.333568  0.667033  3.99899  1.00004  1.99985  0.000366901  
2.14253  1.42872  0.571402  2.14253  1.42872  0.571402  
0.428803  0.857484  3.42761  0.000623188  0.00120172  5.99657  
2.91442  1.03171  1.03125  0.857182  1.71447  0.85699  
0.857182  1.71447  0.85699  0.750077  1.50024  1.49965  
0.600121  1.20027  2.39947  0.600121  1.20027  2.39947  
1.00004  1.99985  0.000366901  2.91442  1.03171  1.03125  
0.750077  1.50024  1.49965  1.00004  1.99985  0.000366901  
0.600121  1.20027  2.39947  0.428803  0.857484  3.42761  
0.333568  0.667033  3.99899  0.193828  0.387577  4.83739  
0.428803  0.857484  3.42761  0.000623188  0.00120172  5.99657  
0.193828  0.387577  4.83739  0.333568  0.667033  3.99899  
2.14253  1.42872  0.571402  0.750077  1.50024  1.49965  
0.857182  1.71447  0.85699  0.857182  1.71447  0.85699  
0.000623188  0.00120172  5.99657  0.600121  1.20027  2.39947  
2.91442  1.03171  1.03125  2.14253  1.42872  0.571402  
0.857182  1.71447  0.85699  0.857182  1.71447  0.85699  
2.91442  1.03171  1.03125  0.000623188  0.00120172  5.99657  
1.00004  1.99985  0.000366901  0.750077  1.50024  1.49965  
0.193828  0.387577  4.83739  0.193828  0.387577  4.83739  
2.14253  1.42872  0.571402  0.428803  0.857484  3.42761  
0.428803  0.857484  3.42761  0.600121  1.20027  2.39947  
0.333568  0.667033  3.99899  1.00004  1.99985  0.000366901  
0.750077  1.50024  1.49965  2.14253  1.42872  0.571402  
0.000623188  0.00120172  5.99657  2.91442  1.03171  1.03125  
0.600121  1.20027  2.39947  0.333568  0.667033  3.99899  
0.750077  1.50024  1.49965  0.193828  0.387577  4.83739  
0.193828  0.387577  4.83739  0.428803  0.857484  3.42761  
0.857182  1.71447  0.85699  2.14253  1.42872  0.571402  
1.00004  1.99985  0.000366901  1.00004  1.99985  0.000366901  
0.428803  0.857484  3.42761  0.600121  1.20027  2.39947  
2.91442  1.03171  1.03125  2.91442  1.03171  1.03125  
0.333568  0.667033  3.99899  0.333568  0.667033  3.99899  
0.600121  1.20027  2.39947  0.857182  1.71447  0.85699  
0.000623188  0.00120172  5.99657  0.000623188  0.00120172  5.99657  
2.14253  1.42872  0.571402  0.750077  1.50024  1.49965  
0.750077  1.50024  1.49965  1.00004  1.99985  0.000366901  
1.00004  1.99985  0.000366901  0.193828  0.387577  4.83739  
2.91442  1.03171  1.03125  0.857182  1.71447  0.85699  
0.000623188  0.00120172  5.99657  2.09285  1.45356  0.546559  
0.600121  1.20027  2.39947  0.333568  0.667033  3.99899  
0.428803  0.857484  3.42761  0.428803  0.857484  3.42761  
0.193828  0.387577  4.83739  0.750077  1.50024  1.49965  
2.14253  1.42872  0.571402  2.91442  1.03171  1.03125  
0.333568  0.667033  3.99899  0.000623188  0.00120172  5.99657  
0.857182  1.71447  0.85699  0.600121  1.20027  2.39947  
2.91442  1.03171  1.03125  0.428803  0.857484  3.42761  
0.000623188  0.00120172  5.99657  0.750077  1.50024  1.49965  
0.428803  0.857484  3.42761  0.333568  0.667033  3.99899  
0.193828  0.387577  4.83739  0.600121  1.20027  2.39947  
0.600121  1.20027  2.39947  1.00004  1.99985  0.000366901  
1.00004  1.99985  0.000366901  0.000623188  0.00120172  5.99657  
0.750077  1.50024  1.49965  0.193828  0.387577  4.83739  
0.857182  1.71447  0.85699  2.14253  1.42872  0.571402  
0.333568  0.667033  3.99899  2.91442  1.03171  1.03125  
2.14253  1.42872  0.571402  0.857182  1.71447  0.85699  
0.333568  0.667033  3.99899  0.600121  1.20027  2.39947  
2.14253  1.42872  0.571402  0.333568  0.667033  3.99899  
0.750077  1.50024  1.49965  2.91442  1.03171  1.03125  
0.857182  1.71447  0.85699  1.00004  1.99985  0.000366901  
0.600121  1.20027  2.39947  0.750077  1.50024  1.49965  
0.000623188  0.00120172  5.99657  0.282994  0.433323  4.91209  
0.428803  0.857484  3.42761  0.857182  1.71447  0.85699  
0.193828  0.387577  4.83739  0.000623188  0.00120172  5.99657  
2.91442  1.03171  1.03125  2.14253  1.42872  0.571402  
1.00004  1.99985  0.000366901  0.428803  0.857484  3.42761  
1.00004  1.99985  0.000366901  2.91442  1.03171  1.03125  
0.428803  0.857484  3.42761  0.600121  1.20027  2.39947  
0.600121  1.20027  2.39947  1.00004  1.99985  0.000366901  
0.750077  1.50024  1.49965  0.750077  1.50024  1.49965  
2.91442  1.03171  1.03125  0.333568  0.667033  3.99899  
2.14253  1.42872  0.571402  0.193828  0.387577  4.83739  
0.000623188  0.00120172  5.99657  2.14253  1.42872  0.571402  
0.333568  0.667033  3.99899  0.428803  0.857484  3.42761  
0.857182  1.71447  0.85699  0.000623188  0.00120172  5.99657  
0.193828  0.387577  4.83739  0.857182  1.71447  0.85699  
0.750077  1.50024  1.49965  0.193828  0.387577  4.83739  
0.857182  1.71447  0.85699  2.91442  1.03171  1.03125  
0.000623188  0.00120172  5.99657  0.333568  0.667033  3.99899  
2.91442  1.03171  1.03125  0.000623188  0.00120172  5.99657  
2.14253  1.42872  0.571402  1.00004  1.99985  0.000366901  
0.600121  1.20027  2.39947  0.750077  1.50024  1.49965  
0.193828  0.387577  4.83739  2.14253  1.42872  0.571402  
0.428803  0.857484  3.42761  0.428803  0.857484  3.42761  
1.00004  1.99985  0.000366901  0.406819  0.813644  3.55932  
0.333568  0.667033  3.99899  0.857182  1.71447  0.85699  
2.14253  1.42872  0.571402  0.428803  0.857484  3.42761  
2.91442  1.03171  1.03125  0.857182  1.71447  0.85699  
0.857182  1.71447  0.85699  0.333568  0.667033  3.99899  
0.193828  0.387577  4.83739  0.000623188  0.00120172  5.99657  
1.00004  1.99985  0.000366901  0.750077  1.50024  1.49965  
0.000623188  0.00120172  5.99657  1.00004  1.99985  0.000366901  
0.750077  1.50024  1.49965  0.193828  0.387577  4.83739  
0.600121  1.20027  2.39947  2.14253  1.42872  0.571402  
0.333568  0.667033  3.99899  2.91442  1.03171  1.03125  
0.428803  0.857484  3.42761  0.600121  1.20027  2.39947  
0.857182  1.71447  0.85699  0.750077  1.50024  1.49965  
0.428803  0.857484  3.42761  0.193828  0.387577  4.83739  
0.333568  0.667033  3.99899  0.857182  1.71447  0.85699  
2.14253  1.42872  0.571402  0.333568  0.667033  3.99899  
0.600121  1.20027  2.39947  1.00004  1.99985  0.000366901  
1.00004  1.99985  0.000366901  0.0965688  0.0969809  6.09246  
2.91442  1.03171  1.03125  2.91442  1.03171  1.03125  
0.750077  1.50024  1.49965  2.14253  1.42872  0.571402  
0.193828  0.387577  4.83739  0.428803  0.857484  3.42761  
0.000623188  0.00120172  5.99657  0.600121  1.20027  2.39947  
0.857182  1.71447  0.85699  0.750077  1.50024  1.49965  
1.00004  1.99985  0.000366901  0.333568  0.667033  3.99899  
0.193828  0.387577  4.83739  0.857182  1.71447  0.85699  
0.750077  1.50024  1.49965  2.14253  1.42872  0.571402  
0.000623188  0.00120172  5.99657  0.600121  1.20027  2.39947  
0.428803  0.857484  3.42761  2.91442  1.03171  1.03125  
2.14253  1.42872  0.571402  1.00004  1.99985  0.000366901  
0.333568  0.667033  3.99899  0.000623188  0.00120172  5.99657  
0.600121  1.20027  2.39947  0.428803  0.857484  3.42761  
2.91442  1.03171  1.03125  0.193828  0.387577  4.83739  
0.000623188  0.00120172  5.99657  0.750077  1.50024  1.49965  
0.750077  1.50024  1.49965  1.00004  1.99985  0.000366901  
0.600121  1.20027  2.39947  0.000623188  0.00120172  5.99657  
0.193828  0.387577  4.83739  2.14253  1.42872  0.571402  
2.91442  1.03171  1.03125  0.428803  0.857484  3.42761  
2.14253  1.42872  0.571402  0.857182  1.71447  0.85699  
0.428803  0.857484  3.42761  0.600121  1.20027  2.39947  
1.00004  1.99985  0.000366901  2.91442  1.03171  1.03125  
0.333568  0.667033  3.99899  0.333568  0.667033  3.99899  
0.857182  1.71447  0.85699  0.193828  0.387577  4.83739  
1.00004  1.99985  0.000366901  0.750077  1.50024  1.49965  
2.91442  1.03171  1.03125  0.857182  1.71447  0.85699  
0.750077  1.50024  1.49965  2.14253  1.42872  0.571402  
0.333568  0.667033  3.99899  0.428803  0.857484  3.42761  
0.193828  0.387577  4.83739  1.00004  1.99985  0.000366901  
2.14253  1.42872  0.571402  0.600121  1.20027  2.39947  
0.000623188  0.00120172  5.99657  0.000623188  0.00120172  5.99657  
0.428803  0.857484  3.42761  2.91442  1.03171  1.03125  
0.857182  1.71447  0.85699  0.333568  0.667033  3.99899  
0.600121  1.20027  2.39947  0.193828  0.387577  4.83739  
0.857182  1.71447  0.85699  2.14253  1.42872  0.571402  
2.14253  1.42872  0.571402  0.857182  1.71447  0.85699  
0.428803  0.857484  3.42761  0.750077  1.50024  1.49965  
2.91442  1.03171  1.03125  0.000623188  0.00120172  5.99657  
0.333568  0.667033  3.99899  0.428803  0.857484  3.42761  
1.00004  1.99985  0.000366901  0.333568  0.667033  3.99899  
0.750077  1.50024  1.49965  0.193828  0.387577  4.83739  
0.000623188  0.00120172  5.99657  0.600121  1.20027  2.39947  
0.193828  0.387577  4.83739  1.00004  1.99985  0.000366901  
0.600121  1.20027  2.39947  2.91442  1.03171  1.03125  
0.193828  0.387577  4.83739  2.91442  1.03171  1.03125  
2.14253  1.42872  0.571402  2.14253  1.42872  0.571402  
0.428803  0.857484  3.42761  0.000623188  0.00120172  5.99657  
0.857182  1.71447  0.85699  0.193828  0.387577  4.83739  
2.91442  1.03171  1.03125  0.600121  1.20027  2.39947  
1.00004  1.99985  0.000366901  0.750077  1.50024  1.49965  
0.750077  1.50024  1.49965  0.468337  0.861429  3.45528  
0.333568  0.667033  3.99899  1.00004  1.99985  0.000366901  
0.000623188  0.00120172  5.99657  0.333568  0.667033  3.99899  
0.600121  1.20027  2.39947  0.857182  1.71447  0.85699  
0.750077  1.50024  1.49965  2.14253  1.42872  0.571402  
0.857182  1.71447  0.85699  2.91442  1.03171  1.03125  
0.000623188  0.00120172  5.99657  0.333568  0.667033  3.99899  
2.91442  1.03171  1.03125  0.600121  1.20027  2.39947  
2.14253  1.42872  0.571402  0.193828  0.387577  4.83739  
0.600121  1.20027  2.39947  1.00004  1.99985  0.000366901  
0.193828  0.387577  4.83739  0.750077  1.50024  1.49965  
0.428803  0.857484  3.42761  0.428803  0.857484  3.42761  
1.00004  1.99985  0.000366901  0.000623188  0.00120172  5.99657  
0.333568  0.667033  3.99899  0.857182  1.71447  0.85699  
0.000623188  0.00120172  5.99657  0.750077  1.50024  1.49965  
0.857182  1.71447  0.85699  0.333568  0.667033  3.99899  
1.00004  1.99985  0.000366901  2.14253  1.42872  0.571402  
2.14253  1.42872  0.571402  1.00004  1.99985  0.000366901  
0.193828  0.387577  4.83739  0.857182  1.71447  0.85699  
0.750077  1.50024  1.49965  0.428803  0.857484  3.42761  
0.600121  1.20027  2.39947  0.600121  1.20027  2.39947  
0.333568  0.667033  3.99899  2.91442  1.03171  1.03125  
2.91442  1.03171  1.03125  0.000623188  0.00120172  5.99657  
0.428803  0.857484  3.42761  0.193828  0.387577  4.83739  
0.750077  1.50024  1.49965  0.333568  0.667033  3.99899  
0.000623188  0.00120172  5.99657  0.750077  1.50024  1.49965  
0.428803  0.857484  3.42761  2.91442  1.03171  1.03125  
1.00004  1.99985  0.000366901  0.857182  1.71447  0.85699  
0.600121  1.20027  2.39947  2.14253  1.42872  0.571402  
2.91442  1.03171  1.03125  0.600121  1.20027  2.39947  
2.14253  1.42872  0.571402  0.428803  0.857484  3.42761  
0.333568  0.667033  3.99899  0.000623188  0.00120172  5.99657  
0.193828  0.387577  4.83739  1.00004  1.99985  0.000366901  
0.857182  1.71447  0.85699  0.193828  0.387577  4.83739  
1.00004  1.99985  0.000366901  0.857182  1.71447  0.85699  
0.600121  1.20027  2.39947  2.91442  1.03171  1.03125  
0.750077  1.50024  1.49965  0.000623188  0.00120172  5.99657  
0.333568  0.667033  3.99899  0.750077  1.50024  1.49965  
0.000623188  0.00120172  5.99657  0.193828  0.387577  4.83739  
0.193828  0.387577  4.83739  2.14253  1.42872  0.571402  
0.857182  1.71447  0.85699  0.428803  0.857484  3.42761  
2.91442  1.03171  1.03125  1.00004  1.99985  0.000366901  
0.428803  0.857484  3.42761  0.333568  0.667033  3.99899  
2.14253  1.42872  0.571402  0.600121  1.20027  2.39947  
2.91442  1.03171  1.03125  0.193828  0.387577  4.83739  
0.333568  0.667033  3.99899  2.14253  1.42872  0.571402  
0.193828  0.387577  4.83739  0.333568  0.667033  3.99899  
0.857182  1.71447  0.85699  1.00004  1.99985  0.000366901  
0.600121  1.20027  2.39947  0.857182  1.71447  0.85699  
0.428803  0.857484  3.42761  0.750077  1.50024  1.49965  
0.750077  1.50024  1.49965  0.600121  1.20027  2.39947  
1.00004  1.99985  0.000366901  2.91442  1.03171  1.03125  
2.14253  1.42872  0.571402  0.000623188  0.00120172  5.99657  
0.000623188  0.00120172  5.99657  0.428803  0.857484  3.42761  
0.750077  1.50024  1.49965  0.857182  1.71447  0.85699  
2.91442  1.03171  1.03125  0.750077  1.50024  1.49965  
0.000623188  0.00120172  5.99657  1.00004  1.99985  0.000366901  
0.600121  1.20027  2.39947  0.000623188  0.00120172  5.99657  
0.193828  0.387577  4.83739  0.600121  1.20027  2.39947  
2.14253  1.42872  0.571402  2.14253  1.42872  0.571402  
1.00004  1.99985  0.000366901  0.193828  0.387577  4.83739  
0.857182  1.71447  0.85699  2.91442  1.03171  1.03125  
0.333568  0.667033  3.99899  0.428803  0.857484  3.42761  
0.428803  0.857484  3.42761  0.333568  0.667033  3.99899  
0.000623188  0.00120172  5.99657  0.333568  0.667033  3.99899  
1.00004  1.99985  0.000366901  1.00004  1.99985  0.000366901  
0.750077  1.50024  1.49965  2.14253  1.42872  0.571402  
0.333568  0.667033  3.99899  0.000623188  0.00120172  5.99657  
2.91442  1.03171  1.03125  0.428803  0.857484  3.42761  
0.600121  1.20027  2.39947  0.193828  0.387577  4.83739  
2.14253  1.42872  0.571402  0.600121  1.20027  2.39947  
0.857182  1.71447  0.85699  2.91442  1.03171  1.03125  
0.428803  0.857484  3.42761  0.857182  1.71447  0.85699  
0.193828  0.387577  4.83739  0.750077  1.50024  1.49965  
2.14253  1.42872  0.571402  0.428803  0.857484  3.42761  
1.00004  1.99985  0.000366901  0.750077  1.50024  1.49965  
0.600121  1.20027  2.39947  0.600121  1.20027  2.39947  
0.428803  0.857484  3.42761  0.193828  0.387577  4.83739  
2.91442  1.03171  1.03125  0.333568  0.667033  3.99899  
0.000623188  0.00120172  5.99657  0.000623188  0.00120172  5.99657  
0.750077  1.50024  1.49965  1.00004  1.99985  0.000366901  
0.857182  1.71447  0.85699  2.14253  1.42872  0.571402  
0.193828  0.387577  4.83739  2.91442  1.03171  1.03125  
0.333568  0.667033  3.99899  0.857182  1.71447  0.85699  
0.193828  0.387577  4.83739  0.750077  1.50024  1.49965  
0.333568  0.667033  3.99899  2.91442  1.03171  1.03125  
2.14253  1.42872  0.571402  2.14253  1.42872  0.571402  
0.000623188  0.00120172  5.99657  1.00004  1.99985  0.000366901  
0.600121  1.20027  2.39947  0.000623188  0.00120172  5.99657  
0.750077  1.50024  1.49965  0.864909  1.85434  0.908764  
0.428803  0.857484  3.42761  0.428803  0.857484  3.42761  
1.00004  1.99985  0.000366901  0.193828  0.387577  4.83739  
0.857182  1.71447  0.85699  0.333568  0.667033  3.99899  
2.91442  1.03171  1.03125  0.600121  1.20027  2.39947  
1.00004  1.99985  0.000366901  2.91442  1.03171  1.03125  
0.600121  1.20027  2.39947  1.00004  1.99985  0.000366901  
0.193828  0.387577  4.83739  0.333568  0.667033  3.99899  
0.750077  1.50024  1.49965  0.750077  1.50024  1.49965  
0.857182  1.71447  0.85699  0.000623188  0.00120172  5.99657  
2.14253  1.42872  0.571402  0.428803  0.857484  3.42761  
0.428803  0.857484  3.42761  2.14253  1.42872  0.571402  
0.333568  0.667033  3.99899  0.857182  1.71447  0.85699  
0.000623188  0.00120172  5.99657  0.600121  1.20027  2.39947  
2.91442  1.03171  1.03125  0.193828  0.387577  4.83739  
0.750077  1.50024  1.49965  2.91442  1.03171  1.03125  
0.857182  1.71447  0.85699  0.857182  1.71447  0.85699  
0.000623188  0.00120172  5.99657  0.750077  1.50024  1.49965  
2.91442  1.03171  1.03125  0.193828  0.387577  4.83739  
2.14253  1.42872  0.571402  0.000623188  0.00120172  5.99657  
0.600121  1.20027  2.39947  0.428803  0.857484  3.42761  
0.193828  0.387577  4.83739  2.14253  1.42872  0.571402  
0.428803  0.857484  3.42761  0.333568  0.667033  3.99899  
1.00004  1.99985  0.000366901  1.15768  1.92104  0.0791907  
0.333568  0.667033  3.99899  0.600121  1.20027  2.39947  
2.14253  1.42872  0.571402  2.91442  1.03171  1.03125  
2.91442  1.03171  1.03125  0.857182  1.71447  0.85699  
1.00004  1.99985  0.000366901  1.00004  1.99985  0.000366901  
0.750077  1.50024  1.49965  0.333568  0.667033  3.99899  
0.428803  0.857484  3.42761  0.000623188  0.00120172  5.99657  
0.000623188  0.00120172  5.99657  0.750077  1.50024  1.49965  
0.857182  1.71447  0.85699  0.600121  1.20027  2.39947  
0.193828  0.387577  4.83739  2.14253  1.42872  0.571402  
0.333568  0.667033  3.99899  0.193828  0.387577  4.83739  
0.600121  1.20027  2.39947  0.428803  0.857484  3.42761  
0.428803  0.857484  3.42761  0.333568  0.667033  3.99899  
2.14253  1.42872  0.571402  0.193828  0.387577  4.83739  
0.600121  1.20027  2.39947  0.857182  1.71447  0.85699  
0.750077  1.50024  1.49965  2.14253  1.42872  0.571402  
0.000623188  0.00120172  5.99657  0.600121  1.20027  2.39947  
0.333568  0.667033  3.99899  2.91442  1.03171  1.03125  
1.00004  1.99985  0.000366901  1.00004  1.99985  0.000366901  
0.193828  0.387577  4.83739  0.000623188  0.00120172  5.99657  
2.91442  1.03171  1.03125  0.428803  0.857484  3.42761  
0.857182  1.71447  0.85699  0.750077  1.50024  1.49965  
2.14253  1.42872  0.571402  0.333568  0.667033  3.99899  
0.333568  0.667033  3.99899  2.91442  1.03171  1.03125  
2.91442  1.03171  1.03125  2.14253  1.42872  0.571402  
0.193828  0.387577  4.83739  1.00004  1.99985  0.000366901  
0.750077  1.50024  1.49965  0.857182  1.71447  0.85699  
0.428803  0.857484  3.42761  0.428803  0.857484  3.42761  
1.00004  1.99985  0.000366901  0.600121  1.20027  2.39947  
0.600121  1.20027  2.39947  0.193828  0.387577  4.83739  
0.000623188  0.00120172  5.99657  0.750077  1.50024  1.49965  
0.857182  1.71447  0.85699  0.000623188  0.00120172  5.99657  
0.857182  1.71447  0.85699  2.14253  1.42872  0.571402  
2.14253  1.42872  0.571402  0.428803  0.857484  3.42761  
0.333568  0.667033  3.99899  0.333568  0.667033  3.99899  
2.91442  1.03171  1.03125  0.857182  1.71447  0.85699  
0.600121  1.20027  2.39947  0.750077  1.50024  1.49965  
1.00004  1.99985  0.000366901  2.91442  1.03171  1.03125  
0.193828  0.387577  4.83739  1.00004  1.99985  0.000366901  
0.000623188  0.00120172  5.99657  0.600121  1.20027  2.39947  
0.750077  1.50024  1.49965  0.193828  0.387577  4.83739  
0.428803  0.857484  3.42761  0.0303088  0.0308358  6.02624  
