2.28711  1.69011  3.95594  1.54025  3.62965  3.4462  
0.73058  1.32574  6.4698  1.05464  2.52607  5.7793  
2.24919  1.8744  4.62552  2.20928  2.06206  4.42271  
1.1857  3.45589  4.99413  1.69433  1.29264  5.96761  
2.62682  2.52676  2.15136  2.17361  2.13965  4.79134  
1.41561  4.36358  2.09322  1.03669  4.56095  2.20305  
1.32405  4.0968  3.88221  2.18089  1.41464  4.82296  
1.08079  3.05682  5.84616  1.06091  1.60477  6.65982  
0.762109  1.29964  6.68434  2.42262  1.98972  4.02165  
1.93333  1.05189  5.65493  1.35669  1.97118  6.27732  
1.50042  3.13079  4.21418  0.897758  2.05914  6.48475  
2.43321  2.09124  1.93344  0.856191  4.72544  1.36764  
2.27372  1.61074  3.8203  1.78522  3.90687  1.59884  
1.38365  3.54241  3.50991  1.35276  1.41516  5.9629  
1.63018  1.66449  6.39879  1.40751  1.50954  6.18435  
2.00406  2.47194  4.36849  2.22408  2.95834  2.97674  
1.568  1.67247  5.58706  2.88902  1.16754  1.12065  
1.67396  2.39547  5.52706  1.65987  3.9215  3.89395  
2.13105  2.18179  4.37454  2.07753  2.61493  4.74455  
1.02728  0.975523  6.86556  0.929764  1.04517  6.80429  
1.82493  2.43017  5.22577  2.01751  1.57258  3.9299  
2.24644  2.30094  3.29804  2.23451  1.98639  3.18682  
2.78918  1.26238  1.90463  0.897543  2.00072  6.3611  
1.43996  4.35291  1.61297  1.24775  3.55853  4.78005  
1.6526  2.27654  5.76407  0.823197  2.9872  5.72551  
0.672919  0.8715  6.57225  0.855835  2.55761  6.1788  
1.54083  4.20086  1.2668  1.33711  1.58377  6.6318  
1.77058  2.18321  4.97927  0.66872  3.18061  5.11471  
0.757523  0.95015  6.6776  1.91253  2.27122  5.19851  
1.95958  1.07755  5.07644  1.08842  1.56509  6.60034  
1.94547  1.42813  4.79709  1.53281  2.25108  5.41681  
2.00385  2.43912  4.18986  0.953951  4.67051  2.62312  
1.46315  2.75499  5.60122  1.10303  1.28055  6.71571  
1.61929  4.21061  3.21828  2.36622  2.98267  3.33342  
1.62573  3.13658  4.31014  1.07911  1.93216  6.22175  
1.8098  2.10485  5.19667  0.772372  0.827946  6.68093  
1.31973  4.14562  3.98619  1.9426  3.43036  1.6802  
1.98501  3.40394  3.60009  0.6142  2.0279  6.16272  
2.18852  1.52826  5.00667  0.992589  4.80993  2.04218  
2.50597  1.96506  4.03524  1.08996  1.51781  6.24873  
2.53588  2.17935  3.24226  1.73725  3.58742  4.0865  
1.84343  2.97344  3.98515  1.07648  2.25509  5.51352  
2.51844  2.20126  1.13658  2.1627  3.31214  3.2076  
0.684852  0.968023  6.66129  0.700399  0.910233  6.68602  
0.75738  0.685293  6.64565  0.949265  2.3454  6.50951  
1.48012  3.749  3.11212  1.46367  4.12063  2.69446  
0.869358  1.01209  6.47236  0.814158  0.777361  6.69013  
2.49599  2.67566  2.37178  2.13933  2.45985  4.64473  
1.96232  3.15834  4.09957  2.50998  1.85888  3.14473  
1.96218  3.08163  4.76622  2.01165  1.02116  5.43836  
0.444608  0.65167  6.4297  0.989343  1.21412  6.70758  
1.69306  2.17621  5.53519  1.54204  1.85264  6.23621  
1.70844  2.02069  5.58607  1.32679  1.36635  6.09503  
2.53985  1.55721  3.15816  2.4179  1.6368  3.03622  
0.806316  1.26477  6.60588  0.943923  3.30852  5.33112  
2.29244  1.57775  4.26799  0.834002  1.74567  6.60241  
1.22549  3.1894  4.82151  0.792731  0.959867  6.70629  
2.58589  1.6907  1.47183  1.55548  3.02096  4.25979  
1.91473  2.35514  5.28668  0.893272  3.71327  4.73207  
1.75621  3.97328  3.16434  2.18115  3.71898  1.96813  
2.55682  2.17238  3.18373  1.02108  4.24054  3.50883  
0.908752  3.23339  5.60895  1.79466  2.49602  3.75137  
2.20588  1.576  4.6874  1.43588  3.84179  3.89065  
2.41678  1.71336  3.22159  1.46304  1.70794  6.35265  
1.98339  2.65834  3.06916  2.60508  1.30159  3.62768  
1.83347  1.7993  5.29875  0.894919  0.998215  6.81892  
1.3816  3.17951  5.53503  0.838916  3.52241  5.03866  
0.790096  1.4477  6.62613  1.56831  1.68355  5.57023  
1.62392  1.67617  5.36766  1.31245  3.18363  5.39752  
1.51155  1.46083  6.22926  0.936036  1.10601  6.87113  
0.790163  0.718739  6.65749  0.913224  2.67073  6.21817  
1.73952  2.0691  5.21483  1.05168  1.09405  6.73695  
1.61548  1.04779  5.69098  1.3498  2.09926  6.32912  
1.81676  3.49694  3.39725  0.55299  0.836896  6.52237  
1.64416  3.57624  4.52723  1.40541  2.88437  5.20326  
2.31902  1.8609  2.99381  2.08969  2.11295  4.18822  
1.70995  0.921729  5.49448  1.02168  3.26945  5.42848  
0.703668  4.26541  2.90445  0.88706  4.18172  3.44139  
2.13618  2.2501  4.96075  1.67456  1.79079  5.78371  
1.22513  1.27428  6.61319  0.825026  0.869746  6.70751  
1.18736  1.66817  6.19444  2.11937  2.82706  2.28983  
2.16856  3.19609  2.26309  2.4807  2.11893  1.20536  
1.00267  0.868239  6.61861  0.90867  0.931791  6.8038  
2.36153  1.86893  4.06258  1.87177  3.04697  3.0578  
1.01441  1.43016  6.62332  1.61034  1.85351  6.00647  
1.85019  2.34138  3.98481  2.43844  3.06771  2.3991  
1.27428  3.94316  4.44502  0.637179  2.08897  6.10833  
2.20773  2.48018  3.46207  1.23908  1.58149  6.6348  
0.468039  0.680211  6.45328  1.38152  4.34229  3.40761  
2.11968  2.8656  3.99629  2.12812  1.17492  5.54236  
2.28006  1.96413  4.30044  1.68035  2.70539  5.12238  
0.928525  1.12708  6.72463  2.20955  1.32782  5.13094  
1.59142  1.97366  5.31472  0.638327  0.841904  6.62462  
1.54742  1.72098  5.59164  0.888733  1.72016  6.62154  
1.27825  2.55279  6.10388  2.09428  1.89595  4.30112  
2.23219  2.99554  3.8434  1.40163  2.87974  5.91691  
1.13043  1.55517  6.4177  0.841569  4.64837  1.47992  
1.4408  3.87476  4.46482  0.856728  1.08462  6.79988  
2.20452  3.0759  3.44566  1.38132  2.59544  5.43173  
2.13519  3.07891  1.60242  0.774522  3.79139  4.48074  
2.13291  0.891319  3.35475  0.225943  0.935124  6.02966  
0.249854  0.161905  6.13395  0.410294  3.44884  4.07449  
0.967245  3.34844  4.78566  1.58165  1.87674  4.2369  
0.545461  2.79425  5.15561  2.1403  0.982774  0.48819  
2.45631  1.30336  1.56214  2.24812  0.76265  0.969387  
1.51887  1.35709  4.65472  1.35413  3.13349  4.21584  
1.27349  4.08202  0.735282  0.63048  4.5152  0.834006  
2.21183  0.983963  1.08308  1.49533  1.7862  5.76007  
1.15718  1.81762  6.30038  1.99202  0.833303  2.21046  
1.58138  3.05636  3.97741  0.803027  0.420423  6.09574  
2.07494  0.271251  0.253818  0.0384306  0.418122  5.99318  
1.89244  0.210519  2.87824  1.34907  3.24508  0.391868  
1.41924  1.67524  6.45326  1.89244  0.210519  2.87824  
0.0384306  0.418122  5.99318  2.07494  0.271251  0.253818  
0.218965  4.10582  0.349454  0.174534  0.0440525  6.01092  
1.11322  3.63905  0.683323  0.218965  4.10582  0.349454  
0.174534  0.0440525  6.01092  1.36849  0.247631  4.74753  
0.242597  2.87111  4.19534  2.39125  2.55983  3.64122  
1.34907  3.24508  0.391868  0.242597  2.87111  4.19534  
1.36849  0.247631  4.74753  1.11322  3.63905  0.683323  
2.25427  2.12971  0.939066  2.25427  2.12971  0.939066  
1.52849  3.70468  3.83375  0.323337  0.527137  6.30961  
1.28875  0.439967  5.46042  1.52849  3.70468  3.83375  
1.74402  2.53197  2.59674  1.89827  2.16854  4.44683  
2.39072  0.991694  2.74849  1.28875  0.439967  5.46042  
1.89827  2.16854  4.44683  1.81907  2.38376  2.97399  
1.34234  3.69202  2.45158  0.95607  3.76495  2.1115  
0.323337  0.527137  6.30961  1.34234  3.69202  2.45158  
0.802749  0.405803  6.09952  2.39072  0.991694  2.74849  
0.95607  3.76495  2.1115  0.802749  0.405803  6.09952  
0.639383  3.44835  4.10791  1.36139  3.91607  2.0276  
1.49011  1.74476  5.30983  0.767707  0.881673  6.69978  
1.77234  3.47713  0.990662  1.77234  3.47713  0.990662  
0.767707  0.881673  6.69978  1.91603  1.97264  2.18168  
2.13559  0.730412  4.01362  0.704143  4.31839  2.81211  
1.98725  1.82281  1.76138  0.641745  4.51505  0.948181  
1.36139  3.91607  2.0276  0.125281  0.328859  6.11158  
0.125281  0.328859  6.11158  1.49011  1.74476  5.30983  
0.641745  4.51505  0.948181  0.639383  3.44835  4.10791  
0.704143  4.31839  2.81211  2.13559  0.730412  4.01362  
1.84955  2.01409  0.308819  1.35413  3.13349  4.21584  
0.101384  0.304962  6.08768  2.24812  0.76265  0.969387  
0.231893  4.11811  0.386298  1.58165  1.87674  4.2369  
2.11121  0.270318  0.289742  0.225943  0.935124  6.02966  
1.59248  0.2343  3.75331  0.63048  4.5152  0.834006  
0.488123  3.78732  2.94088  1.99202  0.833303  2.21046  
0.271525  2.84564  4.53002  1.49533  1.7862  5.76007  
1.63227  2.53999  0.493886  0.801589  0.404264  6.09847  
0.21177  0.0446885  6.00662  0.410294  3.44884  4.07449  
1.13187  3.52298  0.987129  2.1403  0.982774  0.48819  
1.17639  0.717688  5.12345  0.101384  0.304962  6.08768  
1.74646  0.538056  4.52413  1.84955  2.01409  0.308819  
2.2468  2.79878  0.856684  1.63227  2.53999  0.493886  
0.637389  0.889591  6.07896  0.488123  3.78732  2.94088  
1.26132  4.02781  0.719744  0.271525  2.84564  4.53002  
2.63702  0.807209  1.14182  0.21177  0.0446885  6.00662  
1.87156  3.08341  2.42201  1.59248  0.2343  3.75331  
0.105087  0.308666  6.09139  2.11121  0.270318  0.289742  
1.29547  3.21765  3.99194  0.231893  4.11811  0.386298  
0.733878  4.57363  1.58832  1.25175  3.68633  0.811203  
0.242597  2.87111  4.19534  2.2468  2.79878  0.856684  
0.0384306  0.418122  5.99318  2.63702  0.807209  1.14182  
1.36849  0.247631  4.74753  1.26132  4.02781  0.719744  
0.218965  4.10582  0.349454  0.733878  4.57363  1.58832  
1.6773  2.48778  0.748557  1.87156  3.08341  2.42201  
1.89244  0.210519  2.87824  0.105087  0.308666  6.09139  
1.11616  3.6497  0.406033  0.637389  0.889591  6.07896  
2.07494  0.271251  0.253818  0.466379  0.344437  6.30711  
1.34907  3.24508  0.391868  1.17639  0.717688  5.12345  
0.174534  0.0440525  6.01092  1.29547  3.21765  3.99194  
2.04484  1.06818  2.07111  0.174534  0.0440525  6.01092  
2.37033  0.806168  1.00197  1.6773  2.48778  0.748557  
0.433383  4.05912  0.490538  1.11616  3.6497  0.406033  
0.870743  3.32323  3.95186  1.36849  0.247631  4.74753  
2.27091  1.35202  0.786519  1.34907  3.24508  0.391868  
0.272658  4.13389  0.339271  0.0384306  0.418122  5.99318  
1.48154  3.33975  1.88375  0.242597  2.87111  4.19534  
0.21004  0.111421  6.09719  2.07494  0.271251  0.253818  
0.47709  0.255188  6.13598  1.89244  0.210519  2.87824  
1.41568  0.705197  4.74975  0.218868  4.1034  0.427893  
0.754192  4.15894  0.996187  2.04484  1.06818  2.07111  
0.967245  3.34844  4.78566  0.433383  4.05912  0.490538  
1.58138  3.05636  3.97741  1.41568  0.705197  4.74975  
2.45631  1.30336  1.56214  2.27091  1.35202  0.786519  
0.545461  2.79425  5.15561  0.272658  4.13389  0.339271  
2.13291  0.891319  3.35475  0.870743  3.32323  3.95186  
0.249854  0.161905  6.13395  0.21004  0.111421  6.09719  
2.21183  0.983963  1.08308  2.38028  0.80079  1.05217  
1.51887  1.35709  4.65472  0.47709  0.255188  6.13598  
1.27349  4.08202  0.735282  1.48154  3.33975  1.88375  
0.801589  0.404264  6.09847  1.64512  3.43989  0.856769  
0.410294  3.44884  4.07449  2.24812  0.76265  0.969387  
2.1403  0.982774  0.48819  0.410294  3.44884  4.07449  
1.58165  1.87674  4.2369  0.801589  0.404264  6.09847  
0.63048  4.5152  0.834006  1.99202  0.833303  2.21046  
1.99202  0.833303  2.21046  2.1403  0.982774  0.48819  
1.49533  1.7862  5.76007  0.225943  0.935124  6.02966  
0.225943  0.935124  6.02966  1.49533  1.7862  5.76007  
1.64512  3.43989  0.856769  0.63048  4.5152  0.834006  
2.24812  0.76265  0.969387  1.58165  1.87674  4.2369  
2.24175  1.00649  0.451134  0.783884  0.573817  6.29295  
0.0485847  0.255248  6.02894  0.123952  0.331527  6.10487  
0.541496  1.23177  5.62736  1.02489  3.5809  4.20428  
0.273801  3.84111  2.54047  0.273801  3.84111  2.54047  
2.07145  0.213299  0.30818  1.32878  0.977496  5.01  
0.230729  2.94674  4.36845  2.24175  1.00649  0.451134  
1.02489  3.5809  4.20428  0.230729  2.94674  4.36845  
0.783884  0.573817  6.29295  2.07145  0.213299  0.30818  
0.280714  4.10153  0.359931  0.280714  4.10153  0.359931  
1.32878  0.977496  5.01  0.541496  1.23177  5.62736  
1.02489  3.5809  4.20428  0.280714  4.10153  0.359931  
1.27429  3.21687  0.251508  0.631632  0.336219  6.17151  
0.217595  3.80301  2.41691  1.27429  3.21687  0.251508  
1.00218  3.97692  0.941725  1.02489  3.5809  4.20428  
0.0465119  0.254092  6.02744  0.230729  2.94674  4.36845  
0.280714  4.10153  0.359931  1.38752  0.909221  4.90415  
0.230729  2.94674  4.36845  1.00218  3.97692  0.941725  
0.631632  0.336219  6.17151  0.195467  0.410091  6.17488  
2.07145  0.213299  0.30818  2.07145  0.213299  0.30818  
1.38752  0.909221  4.90415  0.217595  3.80301  2.41691  
0.551318  2.87985  4.41012  0.278026  3.81285  2.66018  
0.771892  0.557871  6.28189  0.771892  0.557871  6.28189  
2.24175  1.00649  0.451134  0.598692  0.120912  5.89088  
0.278026  3.81285  2.66018  1.32878  0.977496  5.01  
1.32878  0.977496  5.01  0.230729  2.94674  4.36845  
0.0465119  0.254092  6.02744  0.551318  2.87985  4.41012  
0.230729  2.94674  4.36845  0.0465119  0.254092  6.02744  
0.598692  0.120912  5.89088  0.299079  4.09691  0.563357  
0.275655  4.10282  0.290348  2.24175  1.00649  0.451134  
0.98288  2.36331  4.13121  0.98288  2.36331  4.13121  
1.27184  3.18098  0.19387  0.12507  0.125738  6.01879  
0.12507  0.125738  6.01879  0.135482  0.0283226  6.01108  
1.36442  0.387965  4.71497  2.07349  0.179968  0.260972  
0.0309926  0.392894  5.9945  1.22388  0.678224  4.98109  
0.135482  0.0283226  6.01108  0.206755  2.52061  4.89874  
0.196102  3.46047  3.05141  1.27184  3.18098  0.19387  
0.206755  2.52061  4.89874  0.200052  4.08685  0.333051  
2.07349  0.179968  0.260972  0.196102  3.46047  3.05141  
1.8131  0.371085  3.19505  1.8131  0.371085  3.19505  
0.200052  4.08685  0.333051  0.0309926  0.392894  5.9945  
0.12507  0.125738  6.01879  0.12507  0.125738  6.01879  
2.07349  0.179968  0.260972  0.0309926  0.392894  5.9945  
1.42989  0.228388  4.56298  1.8131  0.371085  3.19505  
0.0309926  0.392894  5.9945  1.27184  3.18098  0.19387  
0.135482  0.0283226  6.01108  0.135482  0.0283226  6.01108  
0.196102  3.46047  3.05141  0.206755  2.52061  4.89874  
1.27184  3.18098  0.19387  0.196102  3.46047  3.05141  
0.206755  2.52061  4.89874  1.42989  0.228388  4.56298  
0.200052  4.08685  0.333051  0.200052  4.08685  0.333051  
1.8131  0.371085  3.19505  2.07349  0.179968  0.260972  
1.27184  3.18098  0.19387  1.38795  0.169219  4.69137  
0.0522086  0.259786  6.03313  0.200898  0.103124  6.08806  
0.200213  2.20017  5.23284  0.274374  3.26316  3.59002  
0.20017  4.08729  0.320128  0.200213  2.20017  5.23284  
1.38795  0.169219  4.69137  1.70988  1.61586  2.80318  
1.70988  1.61586  2.80318  0.197028  0.199169  6.09329  
0.200898  0.103124  6.08806  0.0522086  0.259786  6.03313  
2.04623  0.161781  0.257917  1.27184  3.18098  0.19387  
0.274374  3.26316  3.59002  0.200309  4.05604  0.889457  
0.197028  0.199169  6.09329  2.04623  0.161781  0.257917  
0.135482  0.0283226  6.01108  0.200052  4.08685  0.333051  
1.27184  3.18098  0.19387  1.27184  3.18098  0.19387  
1.42989  0.228388  4.56298  0.196102  3.46047  3.05141  
0.0309926  0.392894  5.9945  0.0309926  0.392894  5.9945  
0.200052  4.08685  0.333051  1.42989  0.228388  4.56298  
0.196102  3.46047  3.05141  0.209825  2.60419  4.80255  
0.209825  2.60419  4.80255  1.8131  0.371085  3.19505  
0.271665  0.288438  6.16865  1.58465  0.137393  3.80051  
2.07349  0.179968  0.260972  0.271665  0.288438  6.16865  
1.8131  0.371085  3.19505  2.07349  0.179968  0.260972  
1.27184  3.18098  0.19387  2.23517  0.57541  1.25119  
1.32962  0.45535  5.12243  1.61896  2.45361  4.74847  
0.0431589  0.250749  6.0241  0.164913  0.052828  6.03444  
0.243711  3.85047  2.36061  1.27184  3.18098  0.19387  
0.231207  2.96915  4.33418  1.32962  0.45535  5.12243  
2.24348  0.770169  0.832656  0.243711  3.85047  2.36061  
0.164913  0.052828  6.03444  0.0431589  0.250749  6.0241  
0.252076  2.22127  5.37344  0.231207  2.96915  4.33418  
0.268996  4.10074  0.405198  0.252076  2.22127  5.37344  
1.61896  2.45361  4.74847  0.268996  4.10074  0.405198  
0.200898  0.103124  6.08806  0.274374  3.26316  3.59002  
0.0522086  0.259786  6.03313  0.20017  4.08729  0.320128  
0.204775  2.34927  5.08862  0.188247  0.220002  6.09232  
0.197028  0.199169  6.09329  1.27184  3.18098  0.19387  
1.70988  1.61586  2.80318  0.204775  2.34927  5.08862  
0.274374  3.26316  3.59002  0.0522086  0.259786  6.03313  
1.38795  0.169219  4.69137  0.200898  0.103124  6.08806  
2.04623  0.161781  0.257917  1.70988  1.61586  2.80318  
1.27184  3.18098  0.19387  2.04623  0.161781  0.257917  
0.20017  4.08729  0.320128  1.38795  0.169219  4.69137  
0.244699  3.59397  2.8146  1.8131  0.371085  3.19505  
0.210586  2.63903  4.75971  0.12507  0.125738  6.01879  
0.0309926  0.392894  5.9945  0.0309926  0.392894  5.9945  
0.12507  0.125738  6.01879  0.598471  1.46572  5.39368  
0.135482  0.0283226  6.01108  0.102843  0.307569  6.08902  
1.43019  0.227515  4.56221  0.135482  0.0283226  6.01108  
0.598471  1.46572  5.39368  0.222989  2.97279  4.30834  
0.102843  0.307569  6.08902  1.43019  0.227515  4.56221  
1.8131  0.371085  3.19505  0.244699  3.59397  2.8146  
2.07349  0.179968  0.260972  2.07349  0.179968  0.260972  
1.67345  0.172796  3.3512  2.0214  0.15039  0.0376786  
0.121373  0.0154471  6.00682  0.262432  2.95057  4.27325  
1.74122  2.5796  0.341731  1.67345  0.172796  3.3512  
1.19156  0.506214  5.11407  1.05188  2.93313  3.17822  
1.05188  2.93313  3.17822  1.74122  2.5796  0.341731  
0.262432  2.95057  4.27325  1.75661  1.7549  1.30334  
0.0130277  0.219659  5.99867  0.0130277  0.219659  5.99867  
0.218593  4.10708  0.271112  0.121373  0.0154471  6.00682  
1.75661  1.7549  1.30334  0.218364  4.05808  1.07423  
2.0214  0.15039  0.0376786  1.19156  0.506214  5.11407  
1.17709  3.42296  0.168058  0.218593  4.10708  0.271112  
1.19156  0.506214  5.11407  1.68519  0.310595  3.48988  
0.121373  0.0154471  6.00682  1.46092  3.1121  2.76991  
1.67345  0.172796  3.3512  1.19156  0.506214  5.11407  
0.218593  4.10708  0.271112  1.17709  3.42296  0.168058  
0.262432  2.95057  4.27325  0.121373  0.0154471  6.00682  
0.0130277  0.219659  5.99867  0.262432  2.95057  4.27325  
1.46092  3.1121  2.76991  0.0130277  0.219659  5.99867  
1.75661  1.7549  1.30334  2.0214  0.15039  0.0376786  
2.0214  0.15039  0.0376786  1.75661  1.7549  1.30334  
1.05188  2.93313  3.17822  1.6755  0.187454  3.3659  
0.0130277  0.219659  5.99867  1.19156  0.506214  5.11407  
0.121373  0.0154471  6.00682  0.121373  0.0154471  6.00682  
1.6755  0.187454  3.3659  0.192258  2.43053  4.96114  
0.218593  4.10708  0.271112  1.05188  2.93313  3.17822  
0.262432  2.95057  4.27325  1.75661  1.7549  1.30334  
2.01547  1.39192  1.48754  2.0214  0.15039  0.0376786  
2.0214  0.15039  0.0376786  2.01547  1.39192  1.48754  
1.19156  0.506214  5.11407  0.0130277  0.219659  5.99867  
1.75661  1.7549  1.30334  0.218593  4.10708  0.271112  
1.67345  0.172796  3.3512  0.218593  4.10708  0.271112  
1.19156  0.506214  5.11407  0.121373  0.0154471  6.00682  
1.74122  2.5796  0.341731  1.74122  2.5796  0.341731  
0.262432  2.95057  4.27325  1.17709  3.42296  0.168058  
0.218593  4.10708  0.271112  0.262432  2.95057  4.27325  
1.80019  1.68909  1.4282  1.67345  0.172796  3.3512  
0.121373  0.0154471  6.00682  1.19156  0.506214  5.11407  
2.0214  0.15039  0.0376786  1.80019  1.68909  1.4282  
0.0130277  0.219659  5.99867  2.0214  0.15039  0.0376786  
1.17709  3.42296  0.168058  0.0130277  0.219659  5.99867  
0.0130277  0.219659  5.99867  0.106961  0.106611  6.00316  
0.104744  0.104651  6.00099  1.17586  0.232406  5.16248  
1.74122  2.5796  0.341731  0.121373  0.0154471  6.00682  
0.262432  2.95057  4.27325  1.67345  0.172796  3.3512  
0.218593  4.10708  0.271112  0.262432  2.95057  4.27325  
2.0214  0.15039  0.0376786  0.218593  4.10708  0.271112  
1.17586  0.232406  5.16248  0.0130277  0.219659  5.99867  
1.17709  3.42296  0.168058  1.74122  2.5796  0.341731  
0.121373  0.0154471  6.00682  1.17709  3.42296  0.168058  
1.67345  0.172796  3.3512  2.0214  0.15039  0.0376786  
0.121373  0.0154471  6.00682  0.121373  0.0154471  6.00682  
1.67345  0.172796  3.3512  2.0214  0.15039  0.0376786  
0.0130277  0.219659  5.99867  1.74122  2.5796  0.341731  
1.17709  3.42296  0.168058  0.218593  4.10708  0.271112  
0.218593  4.10708  0.271112  1.17709  3.42296  0.168058  
1.74122  2.5796  0.341731  0.104744  0.104651  6.00099  
1.17586  0.232406  5.16248  0.262432  2.95057  4.27325  
0.262432  2.95057  4.27325  1.67345  0.172796  3.3512  
0.104744  0.104651  6.00099  0.0130277  0.219659  5.99867  
2.0214  0.15039  0.0376786  1.17586  0.232406  5.16248  
0.262432  2.95057  4.27325  0.104744  0.104651  6.00099  
0.0130277  0.219659  5.99867  1.17709  3.42296  0.168058  
1.74122  2.5796  0.341731  0.121373  0.0154471  6.00682  
0.121373  0.0154471  6.00682  1.74122  2.5796  0.341731  
1.17709  3.42296  0.168058  2.0214  0.15039  0.0376786  
0.104744  0.104651  6.00099  1.17586  0.232406  5.16248  
1.17586  0.232406  5.16248  0.218593  4.10708  0.271112  
0.218593  4.10708  0.271112  0.262432  2.95057  4.27325  
1.67783  0.164925  3.3433  1.70066  0.165012  3.34335  
2.0214  0.15039  0.0376786  0.0130277  0.219659  5.99867  
0.218593  4.10708  0.271112  1.67561  0.187169  3.36562  
0.104744  0.104651  6.00099  0.901263  2.58271  4.05769  
2.0214  0.15039  0.0376786  0.218593  4.10708  0.271112  
1.38029  3.09235  1.76834  1.38029  3.09235  1.76834  
1.67345  0.172796  3.3512  0.0130277  0.219659  5.99867  
0.0130277  0.219659  5.99867  0.104744  0.104651  6.00099  
1.18944  0.415813  5.12399  0.121373  0.0154471  6.00682  
0.121373  0.0154471  6.00682  0.548919  3.6446  2.64165  
0.901263  2.58271  4.05769  1.18944  0.415813  5.12399  
0.548919  3.6446  2.64165  2.0214  0.15039  0.0376786  
0.218593  4.10708  0.271112  0.218593  4.10708  0.271112  
1.18944  0.415813  5.12399  0.548919  3.6446  2.64165  
0.0130277  0.219659  5.99867  0.901263  2.58271  4.05769  
0.548919  3.6446  2.64165  0.121373  0.0154471  6.00682  
0.901263  2.58271  4.05769  1.18944  0.415813  5.12399  
2.0214  0.15039  0.0376786  0.123952  0.128483  6.02111  
0.104744  0.104651  6.00099  0.0130277  0.219659  5.99867  
0.121373  0.0154471  6.00682  1.67345  0.172796  3.3512  
1.67345  0.172796  3.3512  0.228442  0.346941  6.12946  
0.228442  0.346941  6.12946  2.0214  0.15039  0.0376786  
0.262432  2.95057  4.27325  1.19156  0.506214  5.11407  
1.19156  0.506214  5.11407  0.121373  0.0154471  6.00682  
1.67345  0.172796  3.3512  0.2237  3.99597  1.58469  
0.121373  0.0154471  6.00682  0.0130277  0.219659  5.99867  
0.218593  4.10708  0.271112  2.0214  0.15039  0.0376786  
1.74122  2.5796  0.341731  1.75661  1.7549  1.30334  
0.0130277  0.219659  5.99867  1.67345  0.172796  3.3512  
1.17709  3.42296  0.168058  1.17709  3.42296  0.168058  
1.75661  1.7549  1.30334  1.74122  2.5796  0.341731  
2.0214  0.15039  0.0376786  0.262432  2.95057  4.27325  
1.09336  3.40235  0.177712  0.204157  0.212026  6.08529  
0.10227  0.102417  5.99859  0.257149  2.97848  4.22675  
0.204157  0.212026  6.08529  1.17586  0.227655  5.14342  
0.0132851  0.21927  5.9984  1.6385  0.192654  3.48233  
0.257149  2.97848  4.22675  2.0214  0.15039  0.025617  
0.121352  0.0154375  6.00682  0.217057  4.10663  0.18056  
1.17586  0.227655  5.14342  0.0132851  0.21927  5.9984  
1.6385  0.192654  3.48233  0.121352  0.0154375  6.00682  
2.0214  0.15039  0.025617  1.09336  3.40235  0.177712  
0.217057  4.10663  0.18056  0.10227  0.102417  5.99859  
0.217057  4.10663  0.18056  1.6385  0.192654  3.48233  
0.0132851  0.21927  5.9984  0.121352  0.0154375  6.00682  
2.0214  0.15039  0.025617  0.257149  2.97848  4.22675  
1.6385  0.192654  3.48233  0.217057  4.10663  0.18056  
0.10227  0.102417  5.99859  1.72505  2.41122  0.324845  
1.09336  3.40235  0.177712  0.0132851  0.21927  5.9984  
0.121352  0.0154375  6.00682  2.0214  0.15039  0.025617  
0.257149  2.97848  4.22675  1.09336  3.40235  0.177712  
1.19078  2.78312  3.24627  1.19078  2.78312  3.24627  
1.72505  2.41122  0.324845  0.10227  0.102417  5.99859  
0.257149  2.97848  4.22675  0.217057  4.10663  0.18056  
0.0132851  0.21927  5.9984  1.19078  2.78312  3.24627  
1.6385  0.192654  3.48233  2.0214  0.15039  0.025617  
1.09336  3.40235  0.177712  0.0132851  0.21927  5.9984  
0.10227  0.102417  5.99859  0.10227  0.102417  5.99859  
1.72505  2.41122  0.324845  1.9262  1.53481  1.20143  
2.0214  0.15039  0.025617  1.6385  0.192654  3.48233  
0.217057  4.10663  0.18056  1.09336  3.40235  0.177712  
1.19078  2.78312  3.24627  0.257149  2.97848  4.22675  
0.121352  0.0154375  6.00682  0.121352  0.0154375  6.00682  
0.0132851  0.21927  5.9984  2.0214  0.15039  0.025617  
1.09336  3.40235  0.177712  0.217057  4.10663  0.18056  
1.6385  0.192654  3.48233  0.10227  0.102417  5.99859  
0.10227  0.102417  5.99859  0.0132851  0.21927  5.9984  
2.0214  0.15039  0.025617  1.6385  0.192654  3.48233  
0.217057  4.10663  0.18056  0.922976  0.5632  5.51419  
0.922976  0.5632  5.51419  0.121352  0.0154375  6.00682  
1.72505  2.41122  0.324845  1.09336  3.40235  0.177712  
0.121352  0.0154375  6.00682  1.72505  2.41122  0.324845  
0.257149  2.97848  4.22675  0.257149  2.97848  4.22675  
1.6385  0.192654  3.48233  1.6385  0.192654  3.48233  
1.72505  2.41122  0.324845  0.0132851  0.21927  5.9984  
0.257149  2.97848  4.22675  1.77094  0.141535  3.05939  
1.09336  3.40235  0.177712  0.10227  0.102417  5.99859  
2.0214  0.15039  0.025617  1.72505  2.41122  0.324845  
0.121352  0.0154375  6.00682  1.09336  3.40235  0.177712  
0.217057  4.10663  0.18056  0.121352  0.0154375  6.00682  
1.17586  0.227655  5.14342  0.257149  2.97848  4.22675  
0.10227  0.102417  5.99859  1.17586  0.227655  5.14342  
0.0132851  0.21927  5.9984  0.217057  4.10663  0.18056  
1.17586  0.227655  5.14342  0.0132851  0.21927  5.9984  
0.10227  0.102417  5.99859  0.217057  4.10663  0.18056  
1.6385  0.192654  3.48233  1.09336  3.40235  0.177712  
1.09336  3.40235  0.177712  1.17586  0.227655  5.14342  
2.0214  0.15039  0.025617  0.257149  2.97848  4.22675  
0.217057  4.10663  0.18056  0.121352  0.0154375  6.00682  
0.257149  2.97848  4.22675  1.68992  2.50875  0.279602  
1.72505  2.41122  0.324845  0.10227  0.102417  5.99859  
0.121352  0.0154375  6.00682  1.6385  0.192654  3.48233  
0.0132851  0.21927  5.9984  2.0214  0.15039  0.025617  
1.6385  0.192654  3.48233  1.09336  3.40235  0.177712  
0.257149  2.97848  4.22675  1.17586  0.227655  5.14342  
0.0132851  0.21927  5.9984  0.10227  0.102417  5.99859  
1.72505  2.41122  0.324845  0.121352  0.0154375  6.00682  
0.121352  0.0154375  6.00682  0.257149  2.97848  4.22675  
0.217057  4.10663  0.18056  1.47307  2.96695  1.52311  
0.10227  0.102417  5.99859  0.217057  4.10663  0.18056  
1.09336  3.40235  0.177712  0.0132851  0.21927  5.9984  
1.17586  0.227655  5.14342  2.0214  0.15039  0.025617  
2.0214  0.15039  0.025617  1.6385  0.192654  3.48233  
1.72505  2.41122  0.324845  1.72505  2.41122  0.324845  
0.257149  2.97848  4.22675  0.0132851  0.21927  5.9984  
0.0132851  0.21927  5.9984  0.257149  2.97848  4.22675  
1.09336  3.40235  0.177712  0.121352  0.0154375  6.00682  
1.6385  0.192654  3.48233  2.0214  0.15039  0.025617  
0.217057  4.10663  0.18056  1.17586  0.227655  5.14342  
2.0214  0.15039  0.025617  0.10227  0.102417  5.99859  
1.17586  0.227655  5.14342  1.6385  0.192654  3.48233  
0.121352  0.0154375  6.00682  0.217057  4.10663  0.18056  
0.10227  0.102417  5.99859  1.09336  3.40235  0.177712  
2.0214  0.15039  0.025617  1.72505  2.41122  0.324845  
1.6385  0.192654  3.48233  0.10227  0.102417  5.99859  
0.10227  0.102417  5.99859  0.121352  0.0154375  6.00682  
0.0132851  0.21927  5.9984  0.209901  3.35985  3.64473  
1.09336  3.40235  0.177712  1.09336  3.40235  0.177712  
0.217057  4.10663  0.18056  2.0214  0.15039  0.025617  
1.72505  2.41122  0.324845  0.257145  2.97844  4.22682  
1.17586  0.227655  5.14342  1.6385  0.192654  3.48233  
0.121352  0.0154375  6.00682  1.17586  0.227655  5.14342  
0.257145  2.97844  4.22682  0.0132851  0.21927  5.9984  
1.17586  0.227655  5.14342  1.63876  0.208326  3.50802  
0.121352  0.0154375  6.00682  1.09336  3.40235  0.177712  
1.72505  2.41122  0.324845  0.10227  0.102417  5.99859  
0.10227  0.102417  5.99859  1.17586  0.227655  5.14342  
2.0214  0.15039  0.025617  0.257149  2.97848  4.22675  
0.217057  4.10663  0.18056  0.129466  0.149368  6.03041  
1.09336  3.40235  0.177712  0.0132851  0.21927  5.9984  
1.63876  0.208326  3.50802  1.72505  2.41122  0.324845  
0.257149  2.97848  4.22675  2.0214  0.15039  0.025617  
0.0132851  0.21927  5.9984  0.217057  4.10663  0.18056  
0.262666  2.94494  4.27659  0.217057  4.10663  0.18056  
1.72512  2.4108  0.32521  1.09902  3.38684  0.1805  
1.09902  3.38684  0.1805  2.0214  0.15039  0.025617  
1.17531  0.227763  5.1422  0.121352  0.0154375  6.00682  
0.121352  0.0154375  6.00682  1.17531  0.227763  5.1422  
0.102198  0.102244  5.99855  0.324172  2.66132  4.64826  
1.63823  0.19328  3.47971  0.102198  0.102244  5.99855  
0.0131749  0.219159  5.99829  0.0131749  0.219159  5.99829  
2.0214  0.15039  0.025617  1.63823  0.19328  3.47971  
0.217057  4.10663  0.18056  1.72512  2.4108  0.32521  
0.121352  0.0154375  6.00682  0.102198  0.102244  5.99855  
1.17531  0.227763  5.1422  1.17531  0.227763  5.1422  
1.72512  2.4108  0.32521  1.72512  2.4108  0.32521  
0.0131749  0.219159  5.99829  1.63823  0.19328  3.47971  
0.102198  0.102244  5.99855  2.0214  0.15039  0.025617  
1.63823  0.19328  3.47971  0.0131749  0.219159  5.99829  
1.09902  3.38684  0.1805  0.262666  2.94494  4.27659  
0.217057  4.10663  0.18056  0.217057  4.10663  0.18056  
2.0214  0.15039  0.025617  1.09902  3.38684  0.1805  
0.262666  2.94494  4.27659  0.121352  0.0154375  6.00682  
0.121352  0.0154375  6.00682  1.72512  2.4108  0.32521  
2.0214  0.15039  0.025617  0.109559  0.123479  6.00917  
0.262666  2.94494  4.27659  1.09902  3.38684  0.1805  
0.0131749  0.219159  5.99829  0.102198  0.102244  5.99855  
0.217057  4.10663  0.18056  0.217057  4.10663  0.18056  
1.63823  0.19328  3.47971  0.0131749  0.219159  5.99829  
1.09902  3.38684  0.1805  1.63823  0.19328  3.47971  
0.102198  0.102244  5.99855  1.17531  0.227763  5.1422  
1.72512  2.4108  0.32521  0.262666  2.94494  4.27659  
1.17531  0.227763  5.1422  2.0214  0.15039  0.025617  
0.102198  0.102244  5.99855  0.262666  2.94494  4.27659  
0.217057  4.10663  0.18056  1.17531  0.227763  5.1422  
1.63823  0.19328  3.47971  0.121352  0.0154375  6.00682  
2.0214  0.15039  0.025617  0.0167961  0.222755  6.0019  
0.121352  0.0154375  6.00682  1.72512  2.4108  0.32521  
0.0131749  0.219159  5.99829  1.63823  0.19328  3.47971  
1.72512  2.4108  0.32521  1.09902  3.38684  0.1805  
0.262666  2.94494  4.27659  2.0214  0.15039  0.025617  
1.09902  3.38684  0.1805  0.217057  4.10663  0.18056  
1.17531  0.227763  5.1422  0.102198  0.102244  5.99855  
0.121352  0.0154375  6.00682  1.63823  0.19328  3.47971  
1.72512  2.4108  0.32521  1.17531  0.227763  5.1422  
0.0131749  0.219159  5.99829  0.262666  2.94494  4.27659  
0.102198  0.102244  5.99855  0.102198  0.102244  5.99855  
1.63823  0.19328  3.47971  1.90058  1.70133  1.0485  
0.262666  2.94494  4.27659  0.217057  4.10663  0.18056  
1.09902  3.38684  0.1805  0.121352  0.0154375  6.00682  
2.0214  0.15039  0.025617  0.0131749  0.219159  5.99829  
1.17531  0.227763  5.1422  1.09902  3.38684  0.1805  
0.217057  4.10663  0.18056  2.0214  0.15039  0.025617  
0.102198  0.102244  5.99855  1.09902  3.38684  0.1805  
0.121352  0.0154375  6.00682  1.63823  0.19328  3.47971  
1.72512  2.4108  0.32521  0.121352  0.0154375  6.00682  
1.63823  0.19328  3.47971  2.0214  0.15039  0.025617  
0.217057  4.10663  0.18056  1.60023  0.867436  3.87648  
0.262666  2.94494  4.27659  0.217057  4.10663  0.18056  
1.17531  0.227763  5.1422  0.262666  2.94494  4.27659  
1.09902  3.38684  0.1805  1.72512  2.4108  0.32521  
2.0214  0.15039  0.025617  0.0131749  0.219159  5.99829  
0.0131749  0.219159  5.99829  0.102198  0.102244  5.99855  
1.72512  2.4108  0.32521  1.63823  0.19328  3.47971  
0.262666  2.94494  4.27659  0.969441  2.97595  3.07277  
0.102198  0.102244  5.99855  0.121352  0.0154375  6.00682  
1.63823  0.19328  3.47971  2.0214  0.15039  0.025617  
2.0214  0.15039  0.025617  0.102198  0.102244  5.99855  
0.217057  4.10663  0.18056  0.0131749  0.219159  5.99829  
1.09902  3.38684  0.1805  1.17531  0.227763  5.1422  
0.121352  0.0154375  6.00682  0.262666  2.94494  4.27659  
0.0131749  0.219159  5.99829  0.217057  4.10663  0.18056  
1.17531  0.227763  5.1422  1.72512  2.4108  0.32521  
1.63823  0.19328  3.47971  0.262666  2.94494  4.27659  
0.217057  4.10663  0.18056  0.102198  0.102244  5.99855  
0.262666  2.94494  4.27659  0.103435  0.309013  6.08833  
0.0131749  0.219159  5.99829  0.121352  0.0154375  6.00682  
1.72512  2.4108  0.32521  0.217057  4.10663  0.18056  
0.121352  0.0154375  6.00682  1.72512  2.4108  0.32521  
1.09902  3.38684  0.1805  2.0214  0.15039  0.025617  
0.102198  0.102244  5.99855  1.17531  0.227763  5.1422  
2.0214  0.15039  0.025617  1.09902  3.38684  0.1805  
1.17531  0.227763  5.1422  1.63823  0.19328  3.47971  
1.17531  0.227763  5.1422  0.995532  2.95381  3.08348  
1.63823  0.19328  3.47971  1.63823  0.19328  3.47971  
2.0214  0.15039  0.025617  0.217057  4.10663  0.18056  
0.217057  4.10663  0.18056  1.72512  2.4108  0.32521  
0.121352  0.0154375  6.00682  0.0131749  0.219159  5.99829  
0.102198  0.102244  5.99855  2.0214  0.15039  0.025617  
1.72512  2.4108  0.32521  0.262666  2.94494  4.27659  
0.0131749  0.219159  5.99829  1.17531  0.227763  5.1422  
1.09902  3.38684  0.1805  0.102198  0.102244  5.99855  
0.262666  2.94494  4.27659  0.121352  0.0154375  6.00682  
1.09902  3.38684  0.1805  1.17531  0.227763  5.1422  
0.121352  0.0154375  6.00682  0.102198  0.102244  5.99855  
2.0214  0.15039  0.025617  0.223341  3.17585  3.90454  
1.63823  0.19328  3.47971  1.09902  3.38684  0.1805  
0.0131749  0.219159  5.99829  0.121352  0.0154375  6.00682  
1.72512  2.4108  0.32521  0.217057  4.10663  0.18056  
0.102198  0.102244  5.99855  0.0131749  0.219159  5.99829  
0.217057  4.10663  0.18056  2.0214  0.15039  0.025617  
0.262666  2.94494  4.27659  1.63823  0.19328  3.47971  
1.17531  0.227763  5.1422  1.72512  2.4108  0.32521  
1.63816  0.193297  3.47973  1.17545  0.227508  5.14194  
2.0214  0.150389  0.0256383  1.63816  0.193297  3.47973  
0.262678  2.94488  4.27668  0.583552  3.49541  4.47883  
1.17545  0.227508  5.14194  1.72512  2.4108  0.32521  
0.013172  0.219156  5.99829  0.262678  2.94488  4.27668  
0.121352  0.0154375  6.00682  2.0214  0.150389  0.0256383  
0.102197  0.102239  5.99854  0.102197  0.102239  5.99854  
1.72512  2.4108  0.32521  1.09902  3.38684  0.1805  
0.217058  4.10667  0.175579  0.121352  0.0154375  6.00682  
1.09902  3.38684  0.1805  0.013172  0.219156  5.99829  
1.09902  3.38684  0.1805  0.262678  2.94488  4.27668  
0.262678  2.94488  4.27668  0.013172  0.219156  5.99829  
1.63816  0.193297  3.47973  0.217058  4.10667  0.175579  
0.102197  0.102239  5.99854  1.17545  0.227508  5.14194  
0.121352  0.0154375  6.00682  0.102197  0.102239  5.99854  
1.72512  2.4108  0.32521  1.72512  2.4108  0.32521  
0.217058  4.10667  0.175579  1.63816  0.193297  3.47973  
2.0214  0.150389  0.0256383  0.121352  0.0154375  6.00682  
0.013172  0.219156  5.99829  0.998265  2.94208  3.11218  
1.17545  0.227508  5.14194  2.0214  0.150389  0.0256383  
0.102197  0.102239  5.99854  0.125627  0.143119  6.02603  
0.217058  4.10667  0.175579  1.63816  0.193297  3.47973  
2.0214  0.150389  0.0256383  1.09902  3.38684  0.1805  
0.262678  2.94488  4.27668  1.17545  0.227508  5.14194  
1.63816  0.193297  3.47973  0.262678  2.94488  4.27668  
0.013172  0.219156  5.99829  0.217058  4.10667  0.175579  
1.72512  2.4108  0.32521  0.013172  0.219156  5.99829  
1.17545  0.227508  5.14194  2.0214  0.150389  0.0256383  
0.121352  0.0154375  6.00682  0.102197  0.102239  5.99854  
1.09902  3.38684  0.1805  1.72512  2.4108  0.32521  
0.262678  2.94488  4.27668  1.488  3.32845  3.78396  
1.72512  2.4108  0.32521  1.17545  0.227508  5.14194  
0.217058  4.10667  0.175579  0.102197  0.102239  5.99854  
0.013172  0.219156  5.99829  0.013172  0.219156  5.99829  
0.121352  0.0154375  6.00682  1.72512  2.4108  0.32521  
1.09902  3.38684  0.1805  1.63816  0.193297  3.47973  
1.17545  0.227508  5.14194  0.217058  4.10667  0.175579  
2.0214  0.150389  0.0256383  0.121352  0.0154375  6.00682  
1.63816  0.193297  3.47973  2.0214  0.150389  0.0256383  
0.102197  0.102239  5.99854  0.262678  2.94488  4.27668  
0.121352  0.0154375  6.00682  0.262678  2.94488  4.27668  
0.217058  4.10667  0.175579  0.013172  0.219156  5.99829  
1.72512  2.4108  0.32521  2.0214  0.150389  0.0256383  
1.09902  3.38684  0.1805  0.121352  0.0154375  6.00682  
0.013172  0.219156  5.99829  0.217058  4.10667  0.175579  
0.262678  2.94488  4.27668  0.513916  0.51828  6.41112  
0.102197  0.102239  5.99854  1.17545  0.227508  5.14194  
2.0214  0.150389  0.0256383  1.63816  0.193297  3.47973  
1.63816  0.193297  3.47973  1.09902  3.38684  0.1805  
1.17545  0.227508  5.14194  1.72512  2.4108  0.32521  
1.63816  0.193297  3.47973  2.0214  0.150389  0.0256383  
0.217058  4.10667  0.175579  1.63816  0.193297  3.47973  
0.102197  0.102239  5.99854  1.17545  0.227508  5.14194  
0.121352  0.0154375  6.00682  0.013172  0.219156  5.99829  
2.0214  0.150389  0.0256383  0.217058  4.10667  0.175579  
1.09902  3.38684  0.1805  0.128562  0.126354  6.02448  
0.013172  0.219156  5.99829  0.262678  2.94488  4.27668  
0.262678  2.94488  4.27668  1.09902  3.38684  0.1805  
1.72512  2.4108  0.32521  1.72512  2.4108  0.32521  
1.17545  0.227508  5.14194  0.121352  0.0154375  6.00682  
1.09902  3.38684  0.1805  0.102197  0.102239  5.99854  
1.72512  2.4108  0.32521  1.63816  0.193297  3.47973  
0.121352  0.0154375  6.00682  0.262678  2.94488  4.27668  
1.17545  0.227508  5.14194  0.0472493  0.25298  6.03223  
0.013172  0.219156  5.99829  2.0214  0.150389  0.0256383  
0.217058  4.10667  0.175579  1.09902  3.38684  0.1805  
0.102197  0.102239  5.99854  1.17545  0.227508  5.14194  
1.63816  0.193297  3.47973  0.217058  4.10667  0.175579  
0.262678  2.94488  4.27668  0.121352  0.0154375  6.00682  
2.0214  0.150389  0.0256383  1.72512  2.4108  0.32521  
0.217058  4.10667  0.175579  0.121352  0.0154375  6.00682  
0.102197  0.102239  5.99854  1.63816  0.193297  3.47973  
2.0214  0.150389  0.0256383  1.72512  2.4108  0.32521  
0.121352  0.0154375  6.00682  0.013172  0.219156  5.99829  
1.09902  3.38684  0.1805  0.217058  4.10667  0.175579  
1.72512  2.4108  0.32521  1.17545  0.227508  5.14194  
0.013172  0.219156  5.99829  0.262678  2.94488  4.27668  
1.63816  0.193297  3.47973  1.7493  0.585753  3.05216  
0.262678  2.94488  4.27668  0.102197  0.102239  5.99854  
1.17545  0.227508  5.14194  1.09902  3.38684  0.1805  
1.63816  0.193297  3.47973  0.121352  0.0154375  6.00682  
0.102197  0.102239  5.99854  0.013172  0.219156  5.99829  
1.72512  2.4108  0.32521  0.102197  0.102239  5.99854  
0.217058  4.10667  0.175579  1.09902  3.38684  0.1805  
1.17545  0.227508  5.14194  1.72512  2.4108  0.32521  
0.121352  0.0154375  6.00682  1.79791  0.305784  3.14654  
1.09902  3.38684  0.1805  0.262678  2.94488  4.27668  
0.262678  2.94488  4.27668  1.17545  0.227508  5.14194  
2.0214  0.150389  0.0256383  1.63816  0.193297  3.47973  
0.013172  0.219156  5.99829  0.217058  4.10667  0.175579  
0.121352  0.0154375  6.00682  1.09902  3.38684  0.1805  
1.17545  0.227508  5.14194  1.72512  2.4108  0.32521  
1.72512  2.4108  0.32521  0.262678  2.94488  4.27668  
0.102197  0.102239  5.99854  0.121352  0.0154375  6.00682  
0.217058  4.10667  0.175579  1.17545  0.227508  5.14194  
0.262678  2.94488  4.27668  0.102197  0.102239  5.99854  
1.63816  0.193297  3.47973  1.63816  0.193297  3.47973  
2.0214  0.150389  0.0256383  2.0214  0.150389  0.0256383  
1.09902  3.38684  0.1805  0.013172  0.219156  5.99829  
0.013172  0.219156  5.99829  0.217058  4.10667  0.175579  
0.121352  0.0154375  6.00682  0.217058  4.10667  0.175579  
1.72512  2.4108  0.32521  0.013172  0.219156  5.99829  
1.17545  0.227509  5.14194  1.17545  0.227509  5.14194  
0.217058  4.10667  0.175579  2.0214  0.150389  0.0256383  
0.102197  0.102239  5.99854  0.262678  2.94488  4.27668  
0.013172  0.219156  5.99829  1.63815  0.193297  3.47973  
2.0214  0.150389  0.0256383  1.72512  2.4108  0.32521  
1.09902  3.38684  0.1805  0.102197  0.102239  5.99854  
0.262678  2.94488  4.27668  0.121352  0.0154375  6.00682  
1.63815  0.193297  3.47973  1.09902  3.38684  0.1805  
1.17545  0.227509  5.14194  2.0214  0.150389  0.0256383  
2.0214  0.150389  0.0256383  1.63815  0.193297  3.47973  
0.013172  0.219156  5.99829  1.09902  3.38684  0.1805  
0.121352  0.0154375  6.00682  0.013172  0.219156  5.99829  
0.217058  4.10667  0.175579  0.102197  0.102239  5.99854  
0.102197  0.102239  5.99854  1.72512  2.4108  0.32521  
1.09902  3.38684  0.1805  0.121352  0.0154375  6.00682  
1.72512  2.4108  0.32521  0.25065  3.00458  4.18722  
0.262678  2.94488  4.27668  0.217058  4.10667  0.175579  
1.63815  0.193297  3.47973  1.17545  0.227509  5.14194  
1.63815  0.193297  3.47973  0.217058  4.10667  0.175579  
0.102197  0.102239  5.99854  1.17545  0.227509  5.14194  
1.09902  3.38684  0.1805  1.72512  2.4108  0.32521  
0.121352  0.0154375  6.00682  0.102197  0.102239  5.99854  
2.0214  0.150389  0.0256383  2.0214  0.150389  0.0256383  
1.17545  0.227509  5.14194  0.262678  2.94488  4.27668  
1.72512  2.4108  0.32521  1.60254  1.0389  3.29065  
0.262678  2.94488  4.27668  0.013172  0.219156  5.99829  
0.217058  4.10667  0.175579  1.09902  3.38684  0.1805  
0.013172  0.219156  5.99829  0.121352  0.0154375  6.00682  
1.63815  0.193297  3.47973  0.102197  0.102239  5.99854  
1.72512  2.4108  0.32521  1.72512  2.4108  0.32521  
0.121352  0.0154375  6.00682  0.262895  2.94385  4.27818  
0.102197  0.102239  5.99854  0.217058  4.10667  0.175579  
0.262678  2.94488  4.27668  2.0214  0.150389  0.0256383  
1.17545  0.227509  5.14194  1.63815  0.193297  3.47973  
0.217058  4.10667  0.175579  0.121352  0.0154375  6.00682  
0.013172  0.219156  5.99829  1.17545  0.227509  5.14194  
2.0214  0.150389  0.0256383  1.09902  3.38684  0.1805  
1.09902  3.38684  0.1805  0.013172  0.219156  5.99829  
0.121352  0.0154375  6.00682  0.262678  2.94488  4.27668  
0.013172  0.219156  5.99829  1.09902  3.38684  0.1805  
1.72512  2.4108  0.32521  0.102197  0.102239  5.99854  
0.217058  4.10667  0.175579  0.013172  0.219156  5.99829  
0.262678  2.94488  4.27668  0.217058  4.10667  0.175579  
1.09902  3.38684  0.1805  1.63815  0.193297  3.47973  
0.102197  0.102239  5.99854  0.121352  0.0154375  6.00682  
1.17545  0.227509  5.14194  1.9385  0.252285  2.43318  
2.0214  0.150389  0.0256383  2.0214  0.150389  0.0256383  
1.63815  0.193297  3.47973  1.17545  0.227509  5.14194  
0.102197  0.102239  5.99854  0.121352  0.0154375  6.00682  
1.09902  3.38684  0.1805  1.14315  0.283728  5.19889  
0.121352  0.0154375  6.00682  0.102197  0.102239  5.99854  
1.17545  0.227509  5.14194  1.63815  0.193297  3.47973  
1.72512  2.4108  0.32521  2.0214  0.150389  0.0256383  
0.013172  0.219156  5.99829  0.217058  4.10667  0.175579  
1.63815  0.193297  3.47973  1.72512  2.4108  0.32521  
0.217058  4.10667  0.175579  1.09902  3.38684  0.1805  
0.262678  2.94488  4.27668  0.262678  2.94488  4.27668  
2.0214  0.150389  0.0256383  0.013172  0.219156  5.99829  
2.0214  0.150389  0.0256383  1.63815  0.193297  3.47973  
0.102197  0.102239  5.99854  1.09902  3.38684  0.1805  
0.121352  0.0154375  6.00682  1.17545  0.227509  5.14194  
0.013172  0.219156  5.99829  0.217058  4.10667  0.175579  
1.17545  0.227509  5.14194  0.262678  2.94488  4.27668  
1.09902  3.38684  0.1805  0.013172  0.219156  5.99829  
0.262678  2.94488  4.27668  0.905681  0.935818  6.80904  
1.72512  2.4108  0.32521  0.102197  0.102239  5.99854  
0.217058  4.10667  0.175579  2.0214  0.150389  0.0256383  
1.63815  0.193297  3.47973  1.72512  2.4108  0.32521  
0.121352  0.0154375  6.00682  1.63815  0.193297  3.47973  
2.0214  0.150389  0.0256383  0.102197  0.102239  5.99854  
0.102197  0.102239  5.99854  1.72512  2.4108  0.32521  
1.09902  3.38684  0.1805  1.09902  3.38684  0.1805  
1.63815  0.193297  3.47973  0.262678  2.94488  4.27668  
0.217058  4.10667  0.175579  0.013172  0.219156  5.99829  
0.262678  2.94488  4.27668  2.0214  0.150389  0.0256383  
1.17545  0.227509  5.14194  0.217058  4.10667  0.175579  
1.72512  2.4108  0.32521  0.121352  0.0154375  6.00682  
0.013172  0.219156  5.99829  1.17545  0.227509  5.14194  
0.262678  2.94488  4.27668  1.09902  3.38684  0.1805  
1.17545  0.227509  5.14194  0.102197  0.102239  5.99854  
1.09902  3.38684  0.1805  0.121352  0.0154375  6.00682  
0.121352  0.0154375  6.00682  0.217058  4.10667  0.175579  
0.013172  0.219156  5.99829  1.72512  2.4108  0.32521  
0.102197  0.102239  5.99854  0.013172  0.219156  5.99829  
2.0214  0.150389  0.0256383  1.63815  0.193297  3.47973  
1.63815  0.193297  3.47973  1.17545  0.227509  5.14194  
0.217058  4.10667  0.175579  0.262678  2.94488  4.27668  
1.72512  2.4108  0.32521  1.76089  0.222926  3.14001  
1.63815  0.193297  3.47973  0.262678  2.94488  4.27668  
1.17545  0.227509  5.14194  1.72512  2.4108  0.32521  
1.72512  2.4108  0.32521  1.09902  3.38684  0.1805  
2.0214  0.150389  0.0256383  1.17545  0.227509  5.14194  
0.217058  4.10667  0.175579  1.63815  0.193297  3.47973  
0.121352  0.0154375  6.00682  0.217058  4.10667  0.175579  
0.262678  2.94488  4.27668  0.102197  0.102239  5.99854  
0.013172  0.219156  5.99829  0.013172  0.219156  5.99829  
0.102197  0.102239  5.99854  0.114353  0.106892  6.00957  
1.09902  3.38684  0.1805  2.0214  0.150389  0.0256383  
1.17545  0.227509  5.14194  1.09902  3.38684  0.1805  
1.09902  3.38684  0.1805  1.63815  0.193297  3.47973  
0.013172  0.219156  5.99829  0.013172  0.219156  5.99829  
0.102197  0.102239  5.99854  0.217058  4.10667  0.175579  
0.217058  4.10667  0.175579  2.0214  0.150389  0.0256383  
1.63815  0.193297  3.47973  0.285413  2.84495  4.41637  
0.121352  0.0154375  6.00682  0.121352  0.0154375  6.00682  
1.72512  2.4108  0.32521  1.17545  0.227509  5.14194  
0.262678  2.94488  4.27668  0.102197  0.102239  5.99854  
2.0214  0.150389  0.0256383  1.72512  2.4108  0.32521  
0.217058  4.10667  0.175579  0.121352  0.0154375  6.00682  
1.72512  2.4108  0.32521  0.217058  4.10667  0.175579  
2.0214  0.150389  0.0256383  1.17545  0.227509  5.14194  
0.121352  0.0154375  6.00682  1.63815  0.193297  3.47973  
1.17545  0.227509  5.14194  0.013172  0.219156  5.99829  
1.09902  3.38684  0.1805  1.09902  3.38684  0.1805  
0.102197  0.102239  5.99854  0.262678  2.94488  4.27668  
0.262678  2.94488  4.27668  0.102197  0.102239  5.99854  
1.63815  0.193297  3.47973  2.0214  0.150389  0.0256383  
0.013172  0.219156  5.99829  1.72512  2.4108  0.32521  
0.262678  2.94488  4.27668  0.013172  0.219156  5.99829  
1.63815  0.193297  3.47973  1.09902  3.38684  0.1805  
0.217058  4.10667  0.175579  1.72512  2.4108  0.32521  
1.17545  0.227509  5.14194  0.102197  0.102239  5.99854  
0.013172  0.219156  5.99829  0.217058  4.10667  0.175579  
0.102197  0.102239  5.99854  0.121352  0.0154375  6.00682  
1.72512  2.4108  0.32521  0.906234  0.581432  5.53676  
0.121352  0.0154375  6.00682  0.262678  2.94488  4.27668  
2.0214  0.150389  0.0256383  1.63815  0.193297  3.47973  
1.09902  3.38684  0.1805  2.0214  0.150389  0.0256383  
1.17545  0.227509  5.14194  1.09902  3.38684  0.1805  
1.72512  2.4108  0.32521  0.121352  0.0154375  6.00682  
0.262678  2.94488  4.27668  2.0214  0.150389  0.0256383  
1.63815  0.193297  3.47973  1.73684  2.37554  0.365004  
0.013172  0.219156  5.99829  0.262678  2.94488  4.27668  
1.09902  3.38684  0.1805  1.63815  0.193297  3.47973  
2.0214  0.150389  0.0256383  1.17545  0.227509  5.14194  
0.217058  4.10667  0.175579  0.013172  0.219156  5.99829  
0.121352  0.0154375  6.00682  0.102197  0.102239  5.99854  
0.102197  0.102239  5.99854  0.217058  4.10667  0.175579  
1.63815  0.193297  3.47973  1.09902  3.38684  0.1805  
0.102197  0.102239  5.99854  0.217058  4.10667  0.175579  
1.09902  3.38684  0.1805  0.262678  2.94488  4.27668  
0.121352  0.0154375  6.00682  0.013172  0.219156  5.99829  
2.0214  0.150389  0.0256383  2.0214  0.150389  0.0256383  
1.17545  0.227509  5.14194  0.121352  0.0154375  6.00682  
1.72512  2.4108  0.32521  1.63815  0.193297  3.47973  
0.262678  2.94488  4.27668  0.102197  0.102239  5.99854  
0.217058  4.10667  0.175579  1.17545  0.227509  5.14194  
0.013172  0.219156  5.99829  1.72512  2.4108  0.32521  
1.17545  0.227509  5.14194  0.217058  4.10667  0.175579  
0.013172  0.219156  5.99829  1.17545  0.227509  5.14194  
0.102197  0.102239  5.99854  2.0214  0.150389  0.0256383  
0.217058  4.10667  0.175579  1.63815  0.193297  3.47973  
0.121352  0.0154375  6.00682  1.09902  3.38684  0.1805  
1.72512  2.4108  0.32521  0.124942  0.14098  6.02502  
2.0214  0.150389  0.0256383  1.72512  2.4108  0.32521  
0.262678  2.94488  4.27668  0.013172  0.219156  5.99829  
1.63815  0.193297  3.47973  0.102197  0.102239  5.99854  
1.09902  3.38684  0.1805  0.262678  2.94488  4.27668  
0.262678  2.94488  4.27668  0.217058  4.10667  0.175579  
2.0214  0.150389  0.0256383  1.09902  3.38684  0.1805  
1.63815  0.193297  3.47973  2.0214  0.150389  0.0256383  
0.121352  0.0154375  6.00682  0.121352  0.0154375  6.00682  
0.217058  4.10667  0.175579  1.63815  0.193297  3.47973  
1.17545  0.227509  5.14194  0.104683  0.102876  6.00068  
1.72512  2.4108  0.32521  0.262678  2.94488  4.27668  
1.09902  3.38684  0.1805  1.17545  0.227509  5.14194  
0.013172  0.219156  5.99829  1.72512  2.4108  0.32521  
0.102197  0.102239  5.99854  0.013172  0.219156  5.99829  
0.102197  0.102239  5.99854  0.217058  4.10667  0.175579  
0.013172  0.219156  5.99829  0.013172  0.219156  5.99829  
0.217058  4.10667  0.175579  1.63815  0.193297  3.47973  
1.17545  0.227509  5.14194  1.72512  2.4108  0.32521  
1.63815  0.193297  3.47973  0.121352  0.0154375  6.00682  
0.262678  2.94488  4.27668  2.0214  0.150389  0.0256383  
2.0214  0.150389  0.0256383  1.17545  0.227509  5.14194  
1.09902  3.38684  0.1805  1.09902  3.38684  0.1805  
0.121352  0.0154375  6.00682  0.262678  2.94488  4.27668  
1.72512  2.4108  0.32521  0.102197  0.102239  5.99854  
0.121352  0.0154375  6.00682  1.17545  0.227509  5.14194  
0.013172  0.219156  5.99829  1.63815  0.193297  3.47973  
1.72512  2.4108  0.32521  1.61215  2.68548  0.707751  
0.217058  4.10667  0.175579  0.217058  4.10667  0.175579  
0.262678  2.94488  4.27668  0.262678  2.94488  4.27668  
1.09902  3.38684  0.1805  1.09902  3.38684  0.1805  
0.102197  0.102239  5.99854  0.121352  0.0154375  6.00682  
1.17545  0.227509  5.14194  2.0214  0.150389  0.0256383  
2.0214  0.150389  0.0256383  0.102197  0.102239  5.99854  
1.63815  0.193297  3.47973  0.013172  0.219156  5.99829  
1.63815  0.193297  3.47973  1.72512  2.4108  0.32521  
0.262678  2.94488  4.27668  1.09902  3.38684  0.1805  
0.217058  4.10667  0.175579  0.102197  0.102239  5.99854  
1.09902  3.38684  0.1805  1.63815  0.193297  3.47973  
2.0214  0.150389  0.0256383  0.013172  0.219156  5.99829  
0.102197  0.102239  5.99854  1.17545  0.227509  5.14194  
0.013172  0.219156  5.99829  0.121352  0.0154375  6.00682  
1.17545  0.227509  5.14194  0.262678  2.94488  4.27668  
1.72512  2.4108  0.32521  0.217058  4.10667  0.175579  
0.121352  0.0154375  6.00682  2.0214  0.150389  0.0256383  
1.72512  2.4108  0.32521  2.0214  0.150389  0.0256383  
1.17545  0.227509  5.14194  0.121352  0.0154375  6.00682  
0.102197  0.102239  5.99854  1.17545  0.227509  5.14194  
0.262678  2.94488  4.27668  0.262678  2.94488  4.27668  
0.217058  4.10667  0.175579  1.09902  3.38684  0.1805  
2.0214  0.150389  0.0256383  0.105776  0.31159  6.0908  
1.09902  3.38684  0.1805  0.102197  0.102239  5.99854  
0.121352  0.0154375  6.00682  1.72512  2.4108  0.32521  
0.013172  0.219156  5.99829  1.63815  0.193297  3.47973  
1.63815  0.193297  3.47973  0.217058  4.10667  0.175579  
0.262678  2.94488  4.27668  1.09902  3.38684  0.1805  
0.217058  4.10667  0.175579  2.0214  0.150389  0.0256383  
0.013172  0.219156  5.99829  1.17545  0.227509  5.14194  
1.09902  3.38684  0.1805  0.013172  0.219156  5.99829  
1.72512  2.4108  0.32521  0.262678  2.94488  4.27668  
1.17545  0.227509  5.14194  0.217058  4.10667  0.175579  
0.102197  0.102239  5.99854  0.121352  0.0154375  6.00682  
2.0214  0.150389  0.0256383  1.68591  0.142948  3.43544  
0.121352  0.0154375  6.00682  1.72512  2.4108  0.32521  
1.63815  0.193297  3.47973  0.102197  0.102239  5.99854  
1.63815  0.193297  3.47973  0.121352  0.0154375  6.00682  
0.102197  0.102239  5.99854  1.63815  0.193297  3.47973  
1.09902  3.38684  0.1805  1.72512  2.4108  0.32521  
0.121352  0.0154375  6.00682  1.17545  0.227509  5.14194  
2.0214  0.150389  0.0256383  0.102197  0.102239  5.99854  
1.17545  0.227509  5.14194  0.199078  3.4053  3.50968  
1.72512  2.4108  0.32521  2.0214  0.150389  0.0256383  
0.262678  2.94488  4.27668  0.013172  0.219156  5.99829  
0.217058  4.10667  0.175579  0.262678  2.94488  4.27668  
0.013172  0.219156  5.99829  1.09902  3.38684  0.1805  
0.013172  0.219156  5.99829  1.17545  0.227509  5.14194  
1.72512  2.4108  0.32521  0.262678  2.94488  4.27668  
1.63815  0.193297  3.47973  1.72512  2.4108  0.32521  
0.121352  0.0154375  6.00682  0.013172  0.219156  5.99829  
0.102197  0.102239  5.99854  1.09902  3.38684  0.1805  
1.17545  0.227509  5.14194  2.0214  0.150389  0.0256383  
1.09902  3.38684  0.1805  0.121352  0.0154375  6.00682  
0.217058  4.10667  0.175579  1.70321  0.173742  3.4654  
2.0214  0.150389  0.0256383  0.217058  4.10667  0.175579  
0.262678  2.94488  4.27668  0.102197  0.102239  5.99854  
0.121352  0.0154375  6.00682  1.17545  0.227509  5.14194  
0.013172  0.219156  5.99829  0.217058  4.10667  0.175579  
1.72512  2.4108  0.32521  1.72512  2.4108  0.32521  
0.217058  4.10667  0.175579  1.63815  0.193297  3.47973  
0.262678  2.94488  4.27668  0.102197  0.102239  5.99854  
1.09902  3.38684  0.1805  0.121352  0.0154375  6.00682  
0.102197  0.102239  5.99854  0.26991  2.91148  4.3247  
1.17545  0.227509  5.14194  0.013172  0.219156  5.99829  
2.0214  0.150389  0.0256383  2.0214  0.150389  0.0256383  
1.63815  0.193297  3.47973  1.09902  3.38684  0.1805  
1.09902  3.38684  0.1805  0.262678  2.94488  4.27668  
0.013172  0.219156  5.99829  1.72512  2.4108  0.32521  
1.17545  0.227509  5.14194  0.217058  4.10667  0.175579  
1.72512  2.4108  0.32521  1.63815  0.193297  3.47973  
0.262678  2.94488  4.27668  0.151525  3.48394  3.03371  
1.63815  0.193297  3.47973  0.121352  0.0154375  6.00682  
2.0214  0.150389  0.0256383  1.09902  3.38684  0.1805  
0.102197  0.102239  5.99854  0.102197  0.102239  5.99854  
0.121352  0.0154375  6.00682  1.17545  0.227509  5.14194  
0.217058  4.10667  0.175579  0.013172  0.219156  5.99829  
0.262678  2.94488  4.27668  1.63815  0.193297  3.47973  
0.013172  0.219156  5.99829  2.0214  0.150389  0.0256383  
1.17545  0.227509  5.14194  0.121352  0.0154375  6.00682  
1.63815  0.193297  3.47973  0.349579  2.46547  4.87034  
0.102197  0.102239  5.99854  0.013172  0.219156  5.99829  
0.121352  0.0154375  6.00682  1.09902  3.38684  0.1805  
0.217058  4.10667  0.175579  0.217058  4.10667  0.175579  
1.09902  3.38684  0.1805  1.72512  2.4108  0.32521  
2.0214  0.150389  0.0256383  1.17545  0.227509  5.14194  
1.72512  2.4108  0.32521  0.102197  0.102239  5.99854  
1.17545  0.227509  5.14194  0.121352  0.0154375  6.00682  
2.0214  0.150389  0.0256383  0.262678  2.94488  4.27668  
0.013172  0.219156  5.99829  0.102197  0.102239  5.99854  
0.121352  0.0154375  6.00682  1.72512  2.4108  0.32521  
1.63815  0.193297  3.47973  1.17545  0.227509  5.14194  
0.102197  0.102239  5.99854  1.09902  3.38684  0.1805  
1.09902  3.38684  0.1805  0.202176  3.54039  3.19227  
1.72512  2.4108  0.32521  2.0214  0.150389  0.0256383  
0.262678  2.94488  4.27668  0.013172  0.219156  5.99829  
0.217058  4.10667  0.175579  1.63815  0.193297  3.47973  
1.63815  0.193297  3.47973  1.09902  3.38684  0.1805  
2.0214  0.150389  0.0256383  1.64277  0.192202  3.47898  
0.217058  4.10667  0.175579  0.013172  0.219156  5.99829  
1.72512  2.4108  0.32521  0.262678  2.94488  4.27668  
1.17545  0.227509  5.14194  0.121352  0.0154375  6.00682  
0.013172  0.219156  5.99829  1.17545  0.227509  5.14194  
0.121352  0.0154375  6.00682  0.217058  4.10667  0.175579  
1.09902  3.38684  0.1805  2.0214  0.150389  0.0256383  
0.102197  0.102239  5.99854  1.72512  2.4108  0.32521  
0.262678  2.94488  4.27668  0.102197  0.102239  5.99854  
2.0214  0.150389  0.0256383  1.09902  3.38684  0.1805  
1.72512  2.4108  0.32521  1.17545  0.227509  5.14194  
1.63815  0.193297  3.47973  0.102197  0.102239  5.99854  
0.217058  4.10667  0.175579  0.121352  0.0154375  6.00682  
0.013172  0.219156  5.99829  0.262678  2.94488  4.27668  
1.09902  3.38684  0.1805  2.0214  0.150389  0.0256383  
0.102197  0.102239  5.99854  0.201645  3.46175  3.38693  
0.121352  0.0154375  6.00682  0.013172  0.219156  5.99829  
0.262678  2.94488  4.27668  1.63815  0.193297  3.47973  
1.17545  0.227509  5.14194  1.72512  2.4108  0.32521  
0.121352  0.0154375  6.00682  0.217058  4.10667  0.175579  
2.0214  0.150389  0.0256383  0.121352  0.0154375  6.00682  
0.262678  2.94488  4.27668  0.102197  0.102239  5.99854  
1.09902  3.38684  0.1805  0.013172  0.219156  5.99829  
0.013172  0.219156  5.99829  0.262678  2.94488  4.27668  
1.17545  0.227509  5.14194  2.0214  0.150389  0.0256383  
1.72512  2.4108  0.32521  1.63815  0.193297  3.47973  
0.217058  4.10667  0.175579  1.17545  0.227509  5.14194  
1.63815  0.193297  3.47973  1.72512  2.4108  0.32521  
0.102197  0.102239  5.99854  0.962987  2.96185  3.03388  
0.121352  0.0154375  6.00682  1.17545  0.227509  5.14194  
0.102197  0.102239  5.99854  1.72512  2.4108  0.32521  
0.262678  2.94488  4.27668  1.63815  0.193297  3.47973  
2.0214  0.150389  0.0256383  1.09902  3.38684  0.1805  
1.17545  0.227509  5.14194  0.121352  0.0154375  6.00682  
1.09902  3.38684  0.1805  2.0214  0.150389  0.0256383  
1.63815  0.193297  3.47973  0.102197  0.102239  5.99854  
0.013172  0.219156  5.99829  0.262678  2.94488  4.27668  
0.217058  4.10667  0.175579  0.013172  0.219156  5.99829  
1.72512  2.4108  0.32521  0.200558  3.49123  3.31142  
0.121352  0.0154375  6.00682  0.217058  4.10667  0.175579  
0.013172  0.219156  5.99829  1.17545  0.227509  5.14194  
0.217058  4.10667  0.175579  2.0214  0.150389  0.0256383  
0.262678  2.94488  4.27668  0.013172  0.219156  5.99829  
1.17545  0.227509  5.14194  0.121352  0.0154375  6.00682  
1.72512  2.4108  0.32521  0.105687  0.105556  6.002  
2.0214  0.150389  0.0256383  1.63815  0.193297  3.47973  
0.102197  0.102239  5.99854  1.09902  3.38684  0.1805  
1.63815  0.193297  3.47973  0.262678  2.94488  4.27668  
1.09902  3.38684  0.1805  1.72512  2.4108  0.32521  
1.63815  0.193297  3.47973  0.0502033  0.256317  6.03538  
0.102197  0.102239  5.99854  0.262678  2.94488  4.27668  
1.09902  3.38684  0.1805  0.102197  0.102239  5.99854  
0.121352  0.0154375  6.00682  1.17545  0.227509  5.14194  
2.0214  0.150389  0.0256383  0.121352  0.0154375  6.00682  
1.17545  0.227509  5.14194  1.72512  2.4108  0.32521  
1.72512  2.4108  0.32521  1.09902  3.38684  0.1805  
0.262678  2.94488  4.27668  0.217058  4.10667  0.175579  
0.217058  4.10667  0.175579  2.0214  0.150389  0.0256383  
0.013172  0.219156  5.99829  1.63815  0.193297  3.47973  
0.217058  4.10667  0.175579  0.262678  2.94488  4.27668  
1.63815  0.193297  3.47973  2.0214  0.150389  0.0256383  
1.09902  3.38684  0.1805  1.72512  2.4108  0.32521  
1.72512  2.4108  0.32521  1.09902  3.38684  0.1805  
2.0214  0.150389  0.0256383  0.102197  0.102239  5.99854  
0.013172  0.219156  5.99829  0.121352  0.0154375  6.00682  
0.121352  0.0154375  6.00682  0.013172  0.219156  5.99829  
1.17545  0.227509  5.14194  1.17545  0.227509  5.14194  
0.102197  0.102239  5.99854  0.217058  4.10667  0.175579  
0.262678  2.94488  4.27668  1.63815  0.193297  3.47973  
0.121352  0.0154375  6.00682  0.217058  4.10667  0.175579  
0.013172  0.219156  5.99829  0.013172  0.219156  5.99829  
1.72512  2.4108  0.32521  2.0214  0.150389  0.0256383  
0.217058  4.10667  0.175579  1.63815  0.193297  3.47973  
0.262678  2.94488  4.27668  1.72512  2.4108  0.32521  
1.09902  3.38684  0.1805  0.121352  0.0154375  6.00682  
0.102197  0.102239  5.99854  1.65322  1.03208  3.13444  
1.17545  0.227509  5.14194  0.262678  2.94488  4.27668  
2.0214  0.150389  0.0256383  0.102197  0.102239  5.99854  
1.63815  0.193297  3.47973  1.17545  0.227509  5.14194  
1.09902  3.38684  0.1805  0.262678  2.94488  4.27668  
0.102197  0.102239  5.99854  0.217058  4.10667  0.175579  
1.17545  0.227509  5.14194  0.167024  0.184321  6.06745  
2.0214  0.150389  0.0256383  1.72512  2.4108  0.32521  
0.217058  4.10667  0.175579  2.0214  0.150389  0.0256383  
1.72512  2.4108  0.32521  0.102197  0.102239  5.99854  
0.013172  0.219156  5.99829  0.013172  0.219156  5.99829  
0.121352  0.0154375  6.00682  1.17545  0.227509  5.14194  
0.262678  2.94488  4.27668  1.63815  0.193297  3.47973  
1.63815  0.193297  3.47973  1.09902  3.38684  0.1805  
2.0214  0.150389  0.0256383  0.013172  0.219156  5.99829  
0.121352  0.0154375  6.00682  0.121352  0.0154375  6.00682  
0.102197  0.102239  5.99854  2.0214  0.150389  0.0256383  
1.63815  0.193297  3.47973  0.102197  0.102239  5.99854  
0.262678  2.94488  4.27668  0.217058  4.10667  0.175579  
1.72512  2.4108  0.32521  0.262678  2.94488  4.27668  
0.217058  4.10667  0.175579  1.17545  0.227509  5.14194  
1.09902  3.38684  0.1805  1.09902  3.38684  0.1805  
0.013172  0.219156  5.99829  1.63815  0.193297  3.47973  
1.17545  0.227509  5.14194  1.95827  1.23835  1.46181  
0.121352  0.0154375  6.00682  0.217058  4.10667  0.175579  
0.217058  4.10667  0.175579  0.121352  0.0154375  6.00682  
1.09902  3.38684  0.1805  0.102197  0.102239  5.99854  
0.013172  0.219156  5.99829  1.17545  0.227509  5.14194  
0.262678  2.94488  4.27668  0.013172  0.219156  5.99829  
0.102197  0.102239  5.99854  1.63815  0.193297  3.47973  
1.72512  2.4108  0.32521  1.72512  2.4108  0.32521  
2.0214  0.150389  0.0256383  1.09902  3.38684  0.1805  
1.63815  0.193297  3.47973  2.0214  0.150389  0.0256383  
1.17545  0.227509  5.14194  0.22069  3.19428  3.87078  
1.17545  0.227509  5.14194  0.262678  2.94488  4.27668  
0.217058  4.10667  0.175579  2.0214  0.150389  0.0256383  
0.102197  0.102239  5.99854  0.013172  0.219156  5.99829  
1.09902  3.38684  0.1805  0.121352  0.0154375  6.00682  
1.72512  2.4108  0.32521  0.217058  4.10667  0.175579  
0.262678  2.94488  4.27668  1.67283  0.195456  3.48389  
0.121352  0.0154375  6.00682  0.102197  0.102239  5.99854  
0.013172  0.219156  5.99829  1.72512  2.4108  0.32521  
1.63815  0.193297  3.47973  1.09902  3.38684  0.1805  
2.0214  0.150389  0.0256383  1.17545  0.227509  5.14194  
