1.48277  2.34884  1.93749  1.78268  
1.97086  1.96224  1.43987  2.82069  
1.73234  1.94669  1.75148  2.37441  
1.20594  2.99706  2.0208  1.48152  
1.81414  1.84544  1.16146  3.23282  
1.45643  2.74348  1.61724  2.90301  
1.39077  3.21066  1.39549  3.07381  
1.81714  2.04894  1.51452  2.41768  
1.77855  2.07982  2.03387  1.38231  
1.38275  2.95508  1.5477  2.85261  
1.29006  2.9838  1.64965  2.63035  
1.59835  2.33808  1.56854  2.41474  
1.73839  2.11369  1.45489  2.89674  
1.96943  1.5789  1.326  3.14738  
1.97569  1.68064  1.59644  2.15851  
1.41421  2.52233  1.86413  1.76146  
1.27974  3.23788  1.28059  3.05307  
1.70329  2.32367  1.36168  2.76234  
1.48909  2.70467  1.77961  2.12972  
1.6813  2.26621  1.58064  2.63379  
0.975964  3.69492  1.73761  2.21709  
1.83898  2.23769  1.28003  2.99353  
1.04994  3.47461  1.47239  2.94234  
1.23669  2.88681  1.45392  2.73761  
1.67536  2.35599  1.27098  3.47902  
1.15275  3.41968  1.78217  2.33876  
1.50785  2.45977  1.71363  2.25365  
1.46602  3.02938  1.64536  2.1394  
1.58715  2.27981  1.11141  3.12291  
1.53978  2.92585  1.00933  3.62667  
1.90041  2.10234  1.39445  2.64362  
1.37852  2.83087  1.78849  2.30529  
1.61239  2.35358  1.55146  2.87983  
1.34511  2.90001  0.98102  3.46553  
1.67318  2.34682  1.434  2.59477  
1.29305  3.13364  1.06094  3.70132  
1.65902  1.98579  1.91154  2.10346  
1.17124  3.36225  1.44399  2.91964  
1.61239  2.3656  1.7291  2.26792  
1.83232  2.06978  1.45361  2.76307  
1.83381  1.65977  2.14981  1.45985  
1.47249  2.64355  2.12601  1.47166  
1.32254  3.00503  1.17738  2.99422  
1.49096  2.58695  1.63729  2.1947  
1.2262  3.06972  1.53767  2.76576  
1.54893  2.42729  1.8873  2.42178  
1.29857  2.70108  1.50338  2.68694  
1.54164  2.52315  1.24336  3.02593  
1.64217  2.41874  1.67684  2.36508  
1.07397  3.46857  2.19377  1.65971  
1.58416  2.61092  1.00263  3.54934  
1.92744  1.80812  1.44796  2.56258  
1.33796  3.12803  1.33267  3.12727  
1.06823  3.86715  1.50259  2.36105  
2.00357  1.66257  1.86573  2.17197  
1.87671  1.79552  1.16743  3.11025  
1.47341  2.93435  1.36831  3.31557  
1.81103  2.09171  1.79755  2.09363  
1.77548  2.32058  1.58105  2.75873  
1.69109  2.17245  1.48033  2.69258  
1.53784  2.67686  1.72852  2.14644  
1.52093  2.50038  1.4598  2.75969  
2.09027  1.45283  1.43192  2.40418  
2.0047  1.82849  1.46453  2.91595  
1.58183  2.31692  1.67181  2.31113  
1.80938  2.13787  1.6307  2.43708  
1.98415  1.91654  1.28382  3.12149  
2.3665  0.793862  1.45165  2.67194  
0.787741  3.89764  1.58163  2.53879  
1.60702  2.28467  1.52783  2.50237  
1.82327  2.15242  1.93165  2.26162  
2.44145  0.78777  1.00034  3.66476  
1.91522  1.47083  2.10126  1.34707  
1.36297  2.8955  0.911682  3.5423  
1.31108  2.77125  1.88961  1.76772  
1.57432  2.62408  1.44953  2.63956  
1.41001  2.88771  1.32812  2.83299  
1.53947  2.08733  1.65637  2.64219  
1.71879  2.17099  1.16693  3.16062  
1.67694  2.29057  1.56788  2.60824  
1.38515  2.59629  1.7447  2.38772  
2.19344  1.42722  2.2863  1.3053  
1.62321  2.2279  1.72482  2.35615  
1.70997  2.32439  2.15558  1.72942  
1.49082  2.97098  1.40453  2.95462  
1.29136  2.94239  2.0494  1.91163  
1.31467  3.13319  1.84812  1.85932  
1.68852  2.01236  1.78779  2.20844  
1.22398  3.29788  1.55467  2.15241  
1.73887  2.21401  1.85733  2.02694  
1.39365  2.94554  2.09524  1.63212  
1.80948  2.22314  1.17986  3.40629  
1.27355  3.10294  1.39615  2.69271  
1.47215  2.76921  1.49765  2.87388  
1.4598  2.89978  1.24785  2.84061  
1.77731  2.12962  2.1467  1.57294  
1.44995  2.84909  1.46784  2.72931  
1.71444  2.3983  1.53206  2.55283  
0.892811  3.7511  1.32466  3.22865  
1.47785  2.16786  1.30196  2.90429  
1.99934  0.00131094  1.40581  1.18838  
0.737583  2.52483  1.81372  0.372557  
1.6159  0.768199  0.737583  2.52483  
1.19094  1.61811  0.969744  2.06051  
1.40581  1.18838  0.00118753  3.99762  
1.81372  0.372557  0.497808  3.00438  
0.255289  3.48942  0.255289  3.48942  
0.969744  2.06051  1.6159  0.768199  
0.497808  3.00438  1.19094  1.61811  
0.00118753  3.99762  1.99934  0.00131094  
1.99934  0.00131094  1.81372  0.372557  
1.40581  1.18838  0.737583  2.52483  
0.969744  2.06051  0.255289  3.48942  
0.255289  3.48942  1.99934  0.00131094  
1.6159  0.768199  0.497808  3.00438  
0.737583  2.52483  0.969744  2.06051  
1.81372  0.372557  1.6159  0.768199  
1.19094  1.61811  1.19094  1.61811  
0.497808  3.00438  1.17005  1.6599  
0.00118753  3.99762  0.00118753  3.99762  
0.255289  3.48942  0.255289  3.48942  
1.40581  1.18838  0.00118753  3.99762  
1.81372  0.372557  0.737583  2.52483  
0.00118753  3.99762  1.6159  0.768199  
1.19094  1.61811  1.81372  0.372557  
0.737583  2.52483  1.99934  0.00131094  
1.99934  0.00131094  0.969744  2.06051  
0.969744  2.06051  0.497808  3.00438  
0.497808  3.00438  1.40581  1.18838  
1.6159  0.768199  1.19094  1.61811  
0.00118753  3.99762  0.497808  3.00438  
1.40581  1.18838  1.19094  1.61811  
1.6159  0.768199  1.40581  1.18838  
1.19094  1.61811  0.00118753  3.99762  
1.99934  0.00131094  1.88036  0.239278  
1.81372  0.372557  0.255289  3.48942  
0.969744  2.06051  0.737583  2.52483  
0.737583  2.52483  1.99934  0.00131094  
0.497808  3.00438  1.6159  0.768199  
0.255289  3.48942  0.969744  2.06051  
1.81372  0.372557  0.497808  3.00438  
0.737583  2.52483  0.737583  2.52483  
0.00118753  3.99762  1.40581  1.18838  
1.40581  1.18838  0.00118753  3.99762  
0.969744  2.06051  1.6159  0.768199  
0.255289  3.48942  0.255289  3.48942  
1.99934  0.00131094  1.99934  0.00131094  
1.19094  1.61811  0.969744  2.06051  
0.497808  3.00438  1.81372  0.372557  
1.6159  0.768199  1.19094  1.61811  
1.19094  1.61811  1.40581  1.18838  
1.6159  0.768199  0.255289  3.48942  
0.255289  3.48942  0.737583  2.52483  
1.81372  0.372557  0.497808  3.00438  
1.40581  1.18838  1.19094  1.61811  
0.00118753  3.99762  0.969744  2.06051  
1.99934  0.00131094  1.99934  0.00131094  
0.737583  2.52483  1.64802  0.703963  
0.497808  3.00438  1.81372  0.372557  
0.969744  2.06051  0.00118753  3.99762  
1.6159  0.768199  1.81372  0.372557  
0.255289  3.48942  0.255289  3.48942  
1.40581  1.18838  0.00118753  3.99762  
1.81372  0.372557  1.6159  0.768199  
1.19094  1.61811  1.95158  0.096843  
0.969744  2.06051  1.40581  1.18838  
0.00118753  3.99762  0.497808  3.00438  
0.737583  2.52483  0.969744  2.06051  
0.497808  3.00438  0.737583  2.52483  
1.99934  0.00131094  1.19094  1.61811  
1.19094  1.61811  1.19094  1.61811  
1.81372  0.372557  1.40581  1.18838  
0.00118753  3.99762  1.99934  0.00131094  
1.99934  0.00131094  0.255289  3.48942  
1.40581  1.18838  0.969744  2.06051  
0.255289  3.48942  1.81372  0.372557  
1.6159  0.768199  0.497808  3.00438  
0.737583  2.52483  0.737583  2.52483  
0.497808  3.00438  0.00118753  3.99762  
0.969744  2.06051  1.6159  0.768199  
1.40581  1.18838  1.40581  1.18838  
0.00118753  3.99762  0.969744  2.06051  
1.99934  0.00131094  0.497808  3.00438  
1.6159  0.768199  1.99934  0.00131094  
0.255289  3.48942  1.6159  0.768199  
0.737583  2.52483  1.81372  0.372557  
1.19094  1.61811  0.918183  2.16363  
0.969744  2.06051  0.00118753  3.99762  
0.497808  3.00438  0.255289  3.48942  
1.81372  0.372557  0.737583  2.52483  
0.00118753  3.99762  0.737583  2.52483  
1.40581  1.18838  1.40581  1.18838  
1.81372  0.372557  0.497808  3.00438  
0.737583  2.52483  0.255289  3.48942  
1.6159  0.768199  1.19094  1.61811  
1.99934  0.00131094  0.00118753  3.99762  
1.19094  1.61811  1.81372  0.372557  
0.969744  2.06051  0.969744  2.06051  
0.497808  3.00438  1.6159  0.768199  
0.255289  3.48942  1.99934  0.00131094  
1.40581  1.18838  0.497817  3.00437  
0.497817  3.00437  1.81372  0.372557  
0.737583  2.52483  0.00118753  3.99762  
1.19094  1.61811  1.5119  0.976201  
1.73591  0.528175  0.255289  3.48942  
0.255289  3.48942  1.99934  0.00131094  
0.969744  2.06051  0.737583  2.52483  
0.00118753  3.99762  1.40581  1.18838  
1.81372  0.372557  1.19094  1.61811  
1.99934  0.00131094  0.969744  2.06051  
1.99934  0.00131094  0.255289  3.48942  
0.00118753  3.99762  1.19094  1.61811  
0.737583  2.52483  1.40581  1.18838  
0.255289  3.48942  1.81372  0.372557  
0.969744  2.06051  1.99934  0.00131094  
1.81372  0.372557  0.969744  2.06051  
1.5119  0.976201  0.737583  2.52483  
0.497817  3.00437  1.5119  0.976201  
1.19094  1.61811  0.00118753  3.99762  
1.40581  1.18838  0.497817  3.00437  
1.40581  1.18838  1.99934  0.00131094  
1.5119  0.976201  0.969744  2.06051  
0.737583  2.52483  0.737583  2.52483  
0.497817  3.00437  0.255289  3.48942  
0.255289  3.48942  1.81372  0.372557  
1.19094  1.61811  0.00118753  3.99762  
0.00118753  3.99762  1.40581  1.18838  
1.81372  0.372557  1.02561  1.94877  
0.969744  2.06051  0.497817  3.00437  
1.99934  0.00131094  1.5119  0.976201  
1.40581  1.18838  0.255289  3.48942  
1.5119  0.976201  1.19094  1.61811  
0.737583  2.52483  1.40581  1.18838  
0.497817  3.00437  0.00118753  3.99762  
0.969744  2.06051  1.81372  0.372557  
0.255289  3.48942  0.969744  2.06051  
1.99934  0.00131094  1.6159  0.768199  
1.19094  1.61811  1.99934  0.00131094  
1.81372  0.372557  0.737583  2.52483  
0.00118753  3.99762  0.497817  3.00437  
0.497817  3.00437  0.255289  3.48942  
0.255289  3.48942  1.81372  0.372557  
0.737583  2.52483  0.737583  2.52483  
0.969744  2.06051  0.00118753  3.99762  
1.40581  1.18838  0.497817  3.00437  
1.19094  1.61811  1.40581  1.18838  
1.6159  0.768199  1.73591  0.528175  
1.99934  0.00131094  0.969744  2.06051  
0.00118753  3.99762  1.99934  0.00131094  
1.81372  0.372557  1.19094  1.61811  
1.6159  0.768199  0.969744  2.06051  
1.99934  0.00131094  0.737583  2.52483  
0.737583  2.52483  1.19094  1.61811  
0.497817  3.00437  0.00118753  3.99762  
0.969744  2.06051  1.6159  0.768199  
1.19094  1.61811  1.99934  0.00131094  
0.00118753  3.99762  0.497817  3.00437  
1.81372  0.372557  1.81372  0.372557  
0.255289  3.48942  1.40581  1.18838  
1.40581  1.18838  0.255289  3.48942  
0.00118753  3.99762  0.737583  2.52483  
1.40581  1.18838  1.6159  0.768199  
0.737583  2.52483  1.19094  1.61811  
0.497817  3.00437  0.00118753  3.99762  
1.81372  0.372557  0.969744  2.06051  
1.19094  1.61811  0.497817  3.00437  
1.99934  0.00131094  1.40581  1.18838  
0.255289  3.48942  1.81372  0.372557  
0.969744  2.06051  1.99934  0.00131094  
1.6159  0.768199  0.255289  3.48942  
1.6159  0.768199  0.737583  2.52483  
0.497817  3.00437  0.373659  3.25268  
0.737583  2.52483  1.6159  0.768199  
1.40581  1.18838  1.99934  0.00131094  
1.19094  1.61811  0.255289  3.48942  
0.255289  3.48942  0.00118753  3.99762  
0.00118753  3.99762  1.40581  1.18838  
0.969744  2.06051  1.81372  0.372557  
1.81372  0.372557  0.969744  2.06051  
1.99934  0.00131094  1.19094  1.61811  
0.497817  3.00437  0.255289  3.48942  
0.969744  2.06051  0.00118753  3.99762  
0.737583  2.52483  0.497817  3.00437  
0.255289  3.48942  1.19094  1.61811  
1.99934  0.00131094  1.40581  1.18838  
1.19094  1.61811  0.737583  2.52483  
1.81372  0.372557  0.969744  2.06051  
1.40581  1.18838  1.6159  0.768199  
0.00118753  3.99762  1.81372  0.372557  
1.6159  0.768199  1.99934  0.00131094  
1.40581  1.18838  0.969744  2.06051  
1.99934  0.00131094  1.19094  1.61811  
0.737583  2.52483  1.6159  0.768199  
1.19094  1.61811  1.81372  0.372557  
0.255289  3.48942  1.99934  0.00131094  
0.497817  3.00437  0.255289  3.48942  
0.969744  2.06051  0.737583  2.52483  
1.81372  0.372557  0.00118753  3.99762  
1.6159  0.768199  1.40581  1.18838  
0.00118753  3.99762  0.737583  2.52483  
0.255289  3.48942  1.19094  1.61811  
1.99929  0.00141891  0.255289  3.48942  
1.19094  1.61811  0.497817  3.00437  
1.40581  1.18838  1.99929  0.00141891  
0.497817  3.00437  0.00118753  3.99762  
1.61587  0.76826  1.81372  0.372557  
0.00118753  3.99762  0.737597  2.52481  
0.737597  2.52481  0.96983  2.06034  
1.81372  0.372557  1.61587  0.76826  
0.96983  2.06034  1.40581  1.18838  
1.81372  0.372557  1.40581  1.18838  
1.19094  1.61811  0.96983  2.06034  
0.00118753  3.99762  1.99929  0.00141891  
1.40581  1.18838  0.255289  3.48942  
0.96983  2.06034  1.81372  0.372557  
0.497817  3.00437  1.19094  1.61811  
1.99929  0.00141891  0.497817  3.00437  
0.737597  2.52481  0.00118753  3.99762  
0.255289  3.48942  0.737597  2.52481  
1.61587  0.76826  1.61587  0.76826  
0.00118753  3.99762  1.19094  1.61811  
1.40581  1.18838  0.255289  3.48942  
1.19094  1.61811  1.99929  0.00141891  
1.61587  0.76826  1.61587  0.76826  
0.96983  2.06034  0.737597  2.52481  
0.255289  3.48942  0.96983  2.06034  
1.81372  0.372557  1.40581  1.18838  
0.737597  2.52481  0.497817  3.00437  
1.99929  0.00141891  1.81372  0.372557  
0.497817  3.00437  0.00118753  3.99762  
0.00118753  3.99762  0.737597  2.52481  
1.99929  0.00141891  1.19094  1.61811  
0.497817  3.00437  1.61587  0.76826  
1.40581  1.18838  0.00118753  3.99762  
1.81372  0.372557  0.96983  2.06034  
0.255289  3.48942  0.255289  3.48942  
0.96983  2.06034  1.99929  0.00141891  
0.737597  2.52481  1.40581  1.18838  
1.19094  1.61811  0.497817  3.00437  
1.61587  0.76826  1.81372  0.372557  
1.81372  0.372557  0.96983  2.06034  
0.497817  3.00437  1.81372  0.372557  
1.99929  0.00141891  0.737597  2.52481  
0.00118753  3.99762  1.19094  1.61811  
0.96983  2.06034  0.497817  3.00437  
1.40581  1.18838  1.61587  0.76826  
0.255289  3.48942  0.00118753  3.99762  
0.737597  2.52481  1.40581  1.18838  
1.61587  0.76826  0.255289  3.48942  
1.19094  1.61811  1.99929  0.00141891  
1.81372  0.372557  0.96983  2.06034  
1.61587  0.76826  0.00118753  3.99762  
0.00118753  3.99762  0.255289  3.48942  
1.19094  1.61811  1.61587  0.76826  
0.96983  2.06034  1.75956  0.480877  
0.255289  3.48942  0.737597  2.52481  
1.99929  0.00141891  1.81372  0.372557  
0.737597  2.52481  1.40581  1.18838  
1.40581  1.18838  1.19094  1.61811  
0.497817  3.00437  0.497817  3.00437  
1.19094  1.61811  0.255289  3.48942  
1.99929  0.00141891  1.99929  0.00141891  
0.255289  3.48942  0.497817  3.00437  
1.40581  1.18838  1.40581  1.18838  
0.96983  2.06034  1.19094  1.61811  
1.81372  0.372557  0.00118753  3.99762  
0.497817  3.00437  1.81372  0.372557  
0.00118753  3.99762  0.96983  2.06034  
0.737597  2.52481  1.61587  0.76826  
1.61587  0.76826  0.737597  2.52481  
1.61587  0.76826  1.81372  0.372557  
0.497817  3.00437  0.96983  2.06034  
1.19094  1.61811  0.737597  2.52481  
1.99929  0.00141891  1.40581  1.18838  
0.96983  2.06034  0.00118753  3.99762  
0.00118753  3.99762  0.497817  3.00437  
0.255289  3.48942  0.255289  3.48942  
0.737597  2.52481  1.99929  0.00141891  
1.81372  0.372557  1.19094  1.61811  
1.40581  1.18838  1.61587  0.76826  
0.96983  2.06034  0.255289  3.48942  
1.81372  0.372557  0.96983  2.06034  
0.255289  3.48942  0.737597  2.52481  
1.40581  1.18838  1.81372  0.372557  
1.61587  0.76826  1.19094  1.61811  
1.99929  0.00141891  1.99929  0.00141891  
0.497817  3.00437  0.497817  3.00437  
0.737597  2.52481  1.61587  0.76826  
1.19094  1.61811  0.00118753  3.99762  
0.00118753  3.99762  1.40581  1.18838  
1.19094  1.61811  1.19094  1.61811  
1.99929  0.00141891  0.737597  2.52481  
0.737597  2.52481  1.81372  0.372557  
1.40581  1.18838  1.81372  0.372557  
0.96983  2.06034  0.497817  3.00437  
1.81372  0.372557  0.96983  2.06034  
0.497817  3.00437  1.40581  1.18838  
0.00118753  3.99762  0.255289  3.48942  
0.255289  3.48942  0.00118753  3.99762  
1.61587  0.76826  1.61587  0.76826  
1.40577  1.18846  1.19098  1.61804  
1.61303  0.773935  1.61303  0.773935  
1.99929  0.00141891  0.00118753  3.99762  
1.81075  0.378503  1.40577  1.18846  
1.19098  1.61804  1.31021  1.37958  
0.255289  3.48942  1.99929  0.00141891  
0.00118753  3.99762  0.255289  3.48942  
0.497817  3.00437  0.984935  2.03013  
1.31021  1.37958  1.81075  0.378503  
0.917526  2.16495  0.497817  3.00437  
1.40577  1.18846  1.99929  0.00141891  
0.917526  2.16495  1.31021  1.37958  
1.61303  0.773935  1.40577  1.18846  
1.99929  0.00141891  0.497817  3.00437  
1.81075  0.378503  1.81075  0.378503  
1.31021  1.37958  0.255289  3.48942  
0.255289  3.48942  1.19098  1.61804  
0.00118753  3.99762  1.61303  0.773935  
0.497817  3.00437  0.00118753  3.99762  
1.19098  1.61804  0.917526  2.16495  
1.81075  0.378503  0.00118753  3.99762  
0.00118753  3.99762  1.61303  0.773935  
1.61303  0.773935  0.497817  3.00437  
0.917526  2.16495  1.40577  1.18846  
0.497817  3.00437  1.99929  0.00141891  
1.19098  1.61804  1.19098  1.61804  
0.255289  3.48942  0.917526  2.16495  
1.40577  1.18846  1.81075  0.378503  
1.31021  1.37958  0.255289  3.48942  
1.99929  0.00141891  1.31021  1.37958  
0.969794  2.06041  1.81075  0.378503  
1.81075  0.378503  0.00118753  3.99762  
1.61303  0.773935  1.19098  1.61804  
1.40577  1.18846  0.737651  2.5247  
0.737651  2.5247  0.497817  3.00437  
0.255289  3.48942  1.61303  0.773935  
1.19098  1.61804  0.255289  3.48942  
0.497817  3.00437  1.40577  1.18846  
0.00118753  3.99762  0.969794  2.06041  
1.99929  0.00141891  1.99929  0.00141891  
1.19098  1.61804  1.40577  1.18846  
1.61303  0.773935  0.497817  3.00437  
1.81075  0.378503  1.19098  1.61804  
0.00118753  3.99762  1.99929  0.00141891  
0.497817  3.00437  1.61303  0.773935  
0.917526  2.16495  1.81075  0.378503  
0.255289  3.48942  0.917526  2.16495  
1.31021  1.37958  0.255289  3.48942  
1.99929  0.00141891  0.00118753  3.99762  
1.40577  1.18846  1.31021  1.37958  
0.969794  2.06041  1.37288  1.25425  
1.99929  0.00141891  1.19098  1.61804  
0.00118753  3.99762  0.969794  2.06041  
0.255289  3.48942  1.61303  0.773935  
1.61303  0.773935  1.81075  0.378503  
0.497817  3.00437  1.40577  1.18846  
1.40577  1.18846  0.737651  2.5247  
1.81075  0.378503  1.99929  0.00141891  
1.19098  1.61804  0.00118753  3.99762  
0.737651  2.5247  0.497817  3.00437  
0.00118753  3.99762  0.497817  3.00437  
1.19098  1.61804  1.19098  1.61804  
1.61303  0.773935  1.61303  0.773935  
1.99929  0.00141891  0.00118753  3.99762  
1.81075  0.378503  0.737651  2.5247  
0.969794  2.06041  1.81075  0.378503  
0.255289  3.48942  1.40577  1.18846  
1.40577  1.18846  1.99929  0.00141891  
0.497817  3.00437  0.969794  2.06041  
0.737651  2.5247  0.255289  3.48942  
0.737651  2.5247  0.497817  3.00437  
1.40577  1.18846  0.00118753  3.99762  
1.61303  0.773935  0.737651  2.5247  
0.255289  3.48942  1.61303  0.773935  
0.00118753  3.99762  0.969794  2.06041  
0.497817  3.00437  1.81075  0.378503  
0.969794  2.06041  0.255289  3.48942  
1.81075  0.378503  1.77943  0.441148  
1.19098  1.61804  1.19098  1.61804  
1.99929  0.00141891  1.40577  1.18846  
0.969794  2.06041  1.81075  0.378503  
1.40577  1.18846  0.00118753  3.99762  
0.255289  3.48942  0.737651  2.5247  
0.737651  2.5247  1.61303  0.773935  
1.81075  0.378503  0.497817  3.00437  
1.61303  0.773935  1.99929  0.00141891  
1.19098  1.61804  1.40577  1.18846  
0.00118753  3.99762  1.31373  1.37255  
0.497817  3.00437  0.969794  2.06041  
1.99929  0.00141891  1.19098  1.61804  
0.969794  2.06041  0.255289  3.48942  
1.40577  1.18846  1.61303  0.773935  
1.61303  0.773935  0.497817  3.00437  
0.255289  3.48942  0.737651  2.5247  
1.99929  0.00141891  0.00118753  3.99762  
0.00118753  3.99762  1.81075  0.378503  
1.19098  1.61804  1.19098  1.61804  
0.497817  3.00437  1.40577  1.18846  
0.737651  2.5247  1.99929  0.00141891  
1.81075  0.378503  0.969794  2.06041  
1.81133  0.377347  0.737622  2.52476  
1.40911  1.18178  1.61303  0.773946  
1.99929  0.00141891  0.497817  3.00437  
1.61303  0.773946  0.00118753  3.99762  
0.255289  3.48942  0.969794  2.06041  
0.497817  3.00437  1.81133  0.377347  
1.19489  1.61022  0.255289  3.48942  
0.737622  2.52476  1.99929  0.00141891  
0.00118753  3.99762  1.19489  1.61022  
0.969794  2.06041  1.40911  1.18178  
1.61303  0.773946  0.557768  2.88446  
0.497817  3.00437  1.81133  0.377347  
1.40911  1.18178  0.00118753  3.99762  
1.99929  0.00141891  0.497817  3.00437  
0.737622  2.52476  1.99929  0.00141891  
0.255289  3.48942  1.40911  1.18178  
0.00118753  3.99762  0.969794  2.06041  
1.81133  0.377347  0.255289  3.48942  
0.969794  2.06041  1.19489  1.61022  
1.19489  1.61022  1.61303  0.773946  
0.969794  2.06041  1.19489  1.61022  
1.81133  0.377347  1.81133  0.377347  
1.40911  1.18178  0.737622  2.52476  
1.19489  1.61022  0.255289  3.48942  
1.61303  0.773946  1.99929  0.00141891  
0.497817  3.00437  0.497817  3.00437  
0.255289  3.48942  1.61303  0.773946  
0.00118753  3.99762  0.905495  2.18901  
0.737622  2.52476  0.969794  2.06041  
1.99929  0.00141891  0.00118753  3.99762  
0.255289  3.48942  0.497817  3.00437  
0.497817  3.00437  0.969794  2.06041  
1.81133  0.377347  1.8434  0.313204  
0.00118753  3.99762  1.61303  0.773946  
1.19489  1.61022  1.19489  1.61022  
1.61303  0.773946  1.40911  1.18178  
0.737622  2.52476  1.99929  0.00141891  
0.969794  2.06041  0.737622  2.52476  
1.40911  1.18178  0.00118753  3.99762  
1.99929  0.00141891  0.255289  3.48942  
0.255289  3.48942  1.19489  1.61022  
1.19489  1.61022  1.99929  0.00141891  
0.00118753  3.99762  1.40911  1.18178  
0.737622  2.52476  0.969794  2.06041  
1.61303  0.773946  0.255289  3.48942  
1.40911  1.18178  0.00118753  3.99762  
1.99929  0.00141891  1.81133  0.377347  
0.497817  3.00437  0.497817  3.00437  
0.969794  2.06041  0.737622  2.52476  
1.81133  0.377347  1.61303  0.773946  
0.497817  3.00437  0.737622  2.52476  
0.255289  3.48942  1.19489  1.61022  
0.00118753  3.99762  0.661231  2.67754  
1.99929  0.00141891  1.81133  0.377347  
1.19489  1.61022  1.40911  1.18178  
1.81133  0.377347  0.00118753  3.99762  
0.737622  2.52476  1.99929  0.00141891  
1.40911  1.18178  0.497817  3.00437  
0.969794  2.06041  0.969794  2.06041  
1.61303  0.773946  0.255289  3.48942  
1.61303  0.773946  1.81133  0.377347  
1.99929  0.00141891  1.40911  1.18178  
0.737622  2.52476  0.00118753  3.99762  
0.255289  3.48942  0.969794  2.06041  
1.40911  1.18178  0.737622  2.52476  
0.00118753  3.99762  0.255289  3.48942  
0.497817  3.00437  1.61303  0.773946  
1.81133  0.377347  0.497817  3.00437  
1.19489  1.61022  1.19489  1.61022  
0.969794  2.06041  1.99929  0.00141891  
1.99929  0.00141891  1.61303  0.773946  
0.255289  3.48942  0.969794  2.06041  
0.969794  2.06041  1.81133  0.377347  
0.737622  2.52476  0.737622  2.52476  
1.40911  1.18178  1.40911  1.18178  
1.81133  0.377347  1.99929  0.00141891  
1.61303  0.773946  0.497817  3.00437  
1.19489  1.61022  0.00118753  3.99762  
0.00118753  3.99762  1.19489  1.61022  
0.497817  3.00437  0.255289  3.48942  
0.255289  3.48942  0.969794  2.06041  
0.737622  2.52476  1.99929  0.00141891  
1.81133  0.377347  0.00118753  3.99762  
0.497817  3.00437  0.737622  2.52476  
0.969794  2.06041  1.19489  1.61022  
0.00118753  3.99762  0.255289  3.48942  
1.61303  0.773946  1.99929  0.00141891  
1.19489  1.61022  1.61303  0.773946  
1.99929  0.00141891  0.497817  3.00437  
1.40911  1.18178  1.40911  1.18178  
0.255289  3.48942  1.19489  1.61022  
1.99929  0.00141891  0.00118753  3.99762  
0.497817  3.00437  0.497817  3.00437  
0.969794  2.06041  0.255289  3.48942  
1.81133  0.377347  0.969794  2.06041  
1.61303  0.773946  1.40911  1.18178  
1.19489  1.61022  1.61303  0.773946  
0.00118753  3.99762  1.81133  0.377347  
0.737622  2.52476  0.737622  2.52476  
1.40911  1.18178  1.99929  0.00141891  
0.00118753  3.99762  1.81133  0.377347  
1.61303  0.773946  1.40911  1.18178  
0.737622  2.52476  0.00118753  3.99762  
0.255289  3.48942  0.737622  2.52476  
1.99929  0.00141891  1.99929  0.00141891  
0.497817  3.00437  1.19489  1.61022  
0.969794  2.06041  1.61303  0.773946  
1.40911  1.18178  0.497817  3.00437  
1.81133  0.377347  0.969794  2.06041  
1.19489  1.61022  0.255289  3.48942  
1.61303  0.773946  0.255289  3.48942  
1.40911  1.18178  1.40911  1.18178  
0.497817  3.00437  0.497817  3.00437  
0.255289  3.48942  1.19489  1.61022  
1.19489  1.61022  0.969794  2.06041  
1.99929  0.00141891  1.81133  0.377347  
1.81133  0.377347  1.99929  0.00141891  
0.00118753  3.99762  0.737622  2.52476  
0.969794  2.06041  0.00118753  3.99762  
0.737622  2.52476  1.61303  0.773946  
1.40911  1.18178  1.81133  0.377347  
0.737622  2.52476  1.5639  0.8722  
1.81133  0.377347  1.19489  1.61022  
1.61303  0.773946  0.497817  3.00437  
1.19489  1.61022  0.255289  3.48942  
0.255289  3.48942  1.99929  0.00141891  
0.497817  3.00437  0.00118753  3.99762  
0.00118753  3.99762  0.969794  2.06041  
0.969794  2.06041  0.737622  2.52476  
1.99929  0.00141891  1.40911  1.18178  
1.40911  1.18178  1.61303  0.773946  
1.99929  0.00141891  0.00118753  3.99762  
0.497817  3.00437  1.40911  1.18178  
0.255289  3.48942  0.255289  3.48942  
1.19489  1.61022  1.81133  0.377347  
1.61303  0.773946  1.19489  1.61022  
0.00118753  3.99762  0.737622  2.52476  
1.81133  0.377347  1.99929  0.00141891  
0.737622  2.52476  0.611141  2.77772  
0.969794  2.06041  0.969794  2.06041  
1.99929  0.00141891  0.00118753  3.99762  
0.255289  3.48942  1.99929  0.00141891  
0.969794  2.06041  0.497817  3.00437  
1.81133  0.377347  1.19489  1.61022  
1.61303  0.773946  1.81133  0.377347  
0.737622  2.52476  1.40911  1.18178  
0.00118753  3.99762  0.737622  2.52476  
1.19489  1.61022  0.969794  2.06041  
1.40911  1.18178  1.61303  0.773946  
0.497817  3.00437  0.969794  2.06041  
0.255289  3.48942  0.737622  2.52476  
1.19489  1.61022  0.255289  3.48942  
0.00118753  3.99762  0.969794  2.06041  
0.737622  2.52476  1.99929  0.00141891  
1.61303  0.773946  1.61303  0.773946  
1.40911  1.18178  1.40911  1.18178  
1.99929  0.00141891  1.19489  1.61022  
0.497817  3.00437  0.00118753  3.99762  
0.969794  2.06041  0.497817  3.00437  
1.81133  0.377347  1.81133  0.377347  
0.497817  3.00437  1.40911  1.18178  
1.40911  1.18178  0.672085  2.65583  
0.00118753  3.99762  0.255289  3.48942  
0.969794  2.06041  1.99929  0.00141891  
0.737622  2.52476  0.00118753  3.99762  
1.19489  1.61022  0.497817  3.00437  
1.61303  0.773946  1.61303  0.773946  
0.255289  3.48942  1.19489  1.61022  
1.81133  0.377347  0.969794  2.06041  
1.99929  0.00141891  1.81133  0.377347  
1.61303  0.773946  1.40911  1.18178  
1.99929  0.00141891  1.19489  1.61022  
1.81133  0.377347  0.969794  2.06041  
1.40911  1.18178  0.969794  2.06041  
0.497817  3.00437  1.99929  0.00141891  
1.19489  1.61022  1.81133  0.377347  
0.737622  2.52476  1.61303  0.773946  
0.969794  2.06041  0.255289  3.48942  
0.255289  3.48942  0.497817  3.00437  
0.00118753  3.99762  0.00118753  3.99762  
1.81133  0.377347  0.969794  2.06041  
0.969794  2.06041  1.61303  0.773946  
1.40911  1.18178  0.00118753  3.99762  
1.61303  0.773946  1.40911  1.18178  
1.19489  1.61022  0.255289  3.48942  
0.00118753  3.99762  1.19489  1.61022  
0.737622  2.52476  0.737622  2.52476  
0.497817  3.00437  1.81133  0.377347  
1.99929  0.00141891  1.99929  0.00141891  
0.255289  3.48942  0.497817  3.00437  
0.00118753  3.99762  0.255289  3.48942  
0.497817  3.00437  0.737622  2.52476  
1.40911  1.18178  0.00118753  3.99762  
1.61303  0.773946  1.40911  1.18178  
0.255289  3.48942  1.61303  0.773946  
1.99929  0.00141891  0.497817  3.00437  
0.737622  2.52476  1.99929  0.00141891  
1.81133  0.377347  0.969794  2.06041  
1.19489  1.61022  1.19489  1.61022  
0.969794  2.06041  1.81133  0.377347  
0.255289  3.48942  0.00118753  3.99762  
0.00118753  3.99762  1.40911  1.18178  
1.81133  0.377347  0.255289  3.48942  
0.737622  2.52476  1.81133  0.377347  
0.497817  3.00437  0.969794  2.06041  
1.40911  1.18178  1.99929  0.00141891  
1.61303  0.773946  0.737622  2.52476  
0.969794  2.06041  1.19489  1.61022  
1.19489  1.61022  1.61303  0.773946  
1.99929  0.00141891  0.497817  3.00437  
0.00118753  3.99762  1.81133  0.377347  
1.81133  0.377347  0.497817  3.00437  
0.255289  3.48942  0.00118753  3.99762  
1.99929  0.00141891  0.255289  3.48942  
0.969794  2.06041  1.19489  1.61022  
1.40911  1.18178  1.99929  0.00141891  
0.497817  3.00437  0.969794  2.06041  
1.19489  1.61022  1.61303  0.773946  
1.61303  0.773946  1.40911  1.18178  
0.737622  2.52476  0.737622  2.52476  
0.255289  3.48942  0.255289  3.48942  
0.737622  2.52476  0.969794  2.06041  
1.61303  0.773946  1.81133  0.377347  
1.99929  0.00141891  0.737622  2.52476  
1.19489  1.61022  0.497817  3.00437  
1.40911  1.18178  1.19489  1.61022  
0.00118753  3.99762  1.61303  0.773946  
1.81133  0.377347  1.99929  0.00141891  
0.497817  3.00437  0.00118753  3.99762  
0.969794  2.06041  1.40911  1.18178  
0.969794  2.06041  0.497817  3.00437  
1.19489  1.61022  1.81133  0.377347  
0.497817  3.00437  1.02062  1.95876  
1.81133  0.377347  1.19489  1.61022  
1.99929  0.00141891  0.969794  2.06041  
0.00118753  3.99762  1.99929  0.00141891  
0.255289  3.48942  0.00118753  3.99762  
0.737622  2.52476  0.255289  3.48942  
1.61303  0.773946  1.61303  0.773946  
1.40911  1.18178  1.40911  1.18178  
0.255289  3.48942  1.61303  0.773946  
1.19489  1.61022  1.40911  1.18178  
0.00118753  3.99762  0.255289  3.48942  
0.737622  2.52476  0.00118753  3.99762  
1.61303  0.773946  1.81133  0.377347  
1.40911  1.18178  0.969794  2.06041  
1.99929  0.00141891  1.99929  0.00141891  
0.497817  3.00437  0.639724  2.72055  
0.969794  2.06041  0.737622  2.52476  
1.81133  0.377347  1.19489  1.61022  
1.40911  1.18178  0.969794  2.06041  
1.61303  0.773946  1.99929  0.00141891  
0.497817  3.00437  1.19489  1.61022  
0.737622  2.52476  0.255289  3.48942  
0.969794  2.06041  1.81133  0.377347  
1.19489  1.61022  0.737622  2.52476  
1.81133  0.377347  1.61303  0.773946  
0.255289  3.48942  1.40911  1.18178  
0.00118753  3.99762  0.497817  3.00437  
1.99929  0.00141891  0.00118753  3.99762  
0.737622  2.52476  0.497817  3.00437  
1.81133  0.377347  0.737622  2.52476  
0.00118753  3.99762  1.81133  0.377347  
0.497817  3.00437  0.00118753  3.99762  
1.40911  1.18178  0.969794  2.06041  
0.969794  2.06041  1.19489  1.61022  
0.255289  3.48942  0.255289  3.48942  
1.61303  0.773946  1.40911  1.18178  
1.99929  0.00141891  1.99929  0.00141891  
1.19489  1.61022  1.61303  0.773946  
1.99929  0.00141891  1.61303  0.773946  
1.19489  1.61022  1.99929  0.00141891  
0.737622  2.52476  1.40911  1.18178  
0.00118753  3.99762  0.00118753  3.99762  
1.61303  0.773946  0.497817  3.00437  
0.969794  2.06041  0.969794  2.06041  
0.255289  3.48942  0.737622  2.52476  
1.81133  0.377347  1.81133  0.377347  
1.40911  1.18178  0.255289  3.48942  
0.497817  3.00437  1.19489  1.61022  
0.969794  2.06041  0.497817  3.00437  
0.497817  3.00437  1.40911  1.18178  
1.81133  0.377347  1.19489  1.61022  
1.40911  1.18178  1.99929  0.00141891  
0.00118753  3.99762  0.255289  3.48942  
0.737622  2.52476  1.61303  0.773946  
1.19489  1.61022  0.969794  2.06041  
0.255289  3.48942  0.00118753  3.99762  
1.61303  0.773946  0.737622  2.52476  
1.99929  0.00141891  1.81133  0.377347  
0.255289  3.48942  0.737622  2.52476  
0.737622  2.52476  1.61303  0.773946  
0.969794  2.06041  1.81133  0.377347  
1.19489  1.61022  0.255289  3.48942  
1.81133  0.377347  0.497817  3.00437  
0.497817  3.00437  1.99929  0.00141891  
1.61303  0.773946  1.40911  1.18178  
0.00118753  3.99762  0.969794  2.06041  
1.99929  0.00141891  0.00118753  3.99762  
1.40911  1.18178  1.19489  1.61022  
1.40911  1.18178  0.737622  2.52476  
0.00118753  3.99762  0.969794  2.06041  
0.737622  2.52476  0.497817  3.00437  
0.497817  3.00437  1.19489  1.61022  
0.255289  3.48942  0.255289  3.48942  
1.61303  0.773946  1.61303  0.773946  
0.969794  2.06041  1.81133  0.377347  
1.19489  1.61022  1.99929  0.00141891  
1.99929  0.00141891  1.40911  1.18178  
1.81133  0.377347  0.00118753  3.99762  
1.40911  1.18178  0.497817  3.00437  
0.00118753  3.99762  1.61303  0.773946  
0.737622  2.52476  1.40911  1.18178  
1.99929  0.00141891  1.81133  0.377347  
0.255289  3.48942  0.969794  2.06041  
1.81133  0.377347  0.255289  3.48942  
1.61303  0.773946  1.60299  0.794026  
0.969794  2.06041  0.00118753  3.99762  
1.19489  1.61022  1.19489  1.61022  
0.497817  3.00437  1.99929  0.00141891  
0.497817  3.00437  0.91821  2.16358  
0.255289  3.48942  1.99929  0.00141891  
0.969794  2.06041  1.61303  0.773946  
1.19489  1.61022  0.737622  2.52476  
1.99929  0.00141891  0.00118753  3.99762  
0.737622  2.52476  1.81133  0.377347  
0.00118753  3.99762  1.19489  1.61022  
1.81133  0.377347  0.969794  2.06041  
1.61303  0.773946  0.497817  3.00437  
1.40911  1.18178  0.255289  3.48942  
0.737622  2.52476  0.737622  2.52476  
0.00118753  3.99762  0.969794  2.06041  
1.81133  0.377347  0.497817  3.00437  
1.61303  0.773946  0.00118753  3.99762  
0.255289  3.48942  1.19489  1.61022  
1.40911  1.18178  1.61303  0.773946  
1.19489  1.61022  1.85832  0.283365  
0.497817  3.00437  1.40911  1.18178  
1.99929  0.00141891  0.255289  3.48942  
0.969794  2.06041  1.99929  0.00141891  
1.61303  0.773946  0.00118753  3.99762  
0.497817  3.00437  0.737622  2.52476  
1.81133  0.377347  0.969794  2.06041  
0.969794  2.06041  1.99929  0.00141891  
1.40911  1.18178  1.40911  1.18178  
0.00118753  3.99762  1.19489  1.61022  
1.99929  0.00141891  0.255289  3.48942  
1.19489  1.61022  1.81133  0.377347  
0.737622  2.52476  1.61303  0.773946  
0.255289  3.48942  0.497817  3.00437  
0.255289  3.48942  0.00118753  3.99762  
1.19489  1.61022  1.61303  0.773946  
0.00118753  3.99762  1.81133  0.377347  
0.737622  2.52476  0.255289  3.48942  
1.61303  0.773946  0.737622  2.52476  
1.40911  1.18178  1.19489  1.61022  
1.99929  0.00141891  0.969794  2.06041  
0.497817  3.00437  0.497817  3.00437  
0.969794  2.06041  0.929712  2.14058  
1.81133  0.377347  1.40911  1.18178  
1.19489  1.61022  1.81133  0.377347  
0.497817  3.00437  0.378288  3.24342  
0.969794  2.06041  0.00118753  3.99762  
1.40911  1.18178  0.255289  3.48942  
0.255289  3.48942  0.969794  2.06041  
1.81133  0.377347  1.61303  0.773946  
1.61303  0.773946  1.40911  1.18178  
1.99929  0.00141891  0.497817  3.00437  
0.00118753  3.99762  1.19489  1.61022  
0.737622  2.52476  1.99929  0.00141891  
0.969794  2.06041  1.99929  0.00141891  
0.737622  2.52476  0.00118753  3.99762  
1.81133  0.377347  0.497817  3.00437  
0.497817  3.00437  1.61303  0.773946  
1.19489  1.61022  1.40911  1.18178  
1.61303  0.773946  0.737622  2.52476  
0.00118753  3.99762  0.969794  2.06041  
0.255289  3.48942  0.255289  3.48942  
1.99929  0.00141891  1.19489  1.61022  
1.40911  1.18178  1.81133  0.377347  
1.19489  1.61022  0.497817  3.00437  
1.61303  0.773946  0.737622  2.52476  
0.497817  3.00437  1.81133  0.377347  
0.255289  3.48942  0.00118753  3.99762  
1.99929  0.00141891  1.61303  0.773946  
1.81133  0.377347  1.19489  1.61022  
0.737622  2.52476  1.40911  1.18178  
0.969794  2.06041  1.99929  0.00141891  
0.00118753  3.99762  0.969794  2.06041  
1.40911  1.18178  0.255289  3.48942  
1.81133  0.377347  1.99929  0.00141891  
1.19489  1.61022  1.19489  1.61022  
1.99929  0.00141891  0.255289  3.48942  
0.497817  3.00437  0.00118753  3.99762  
1.61303  0.773946  1.40911  1.18178  
0.00118753  3.99762  0.969794  2.06041  
1.40911  1.18178  0.497817  3.00437  
0.737622  2.52476  1.61303  0.773946  
0.255289  3.48942  1.81133  0.377347  
0.969794  2.06041  0.737622  2.52476  
1.61303  0.773946  0.255289  3.48942  
1.81133  0.377347  0.969794  2.06041  
1.19489  1.61022  0.00118753  3.99762  
0.737622  2.52476  1.19489  1.61022  
0.969794  2.06041  1.99929  0.00141891  
0.497817  3.00437  1.99929  0.00141891  
1.40911  1.18178  1.40911  1.18178  
1.99929  0.00141891  1.61303  0.773946  
0.00118753  3.99762  0.497817  3.00437  
0.255289  3.48942  0.737622  2.52476  
1.81133  0.377347  1.40911  1.18178  
0.00118753  3.99762  0.497817  3.00437  
0.255289  3.48942  0.969794  2.06041  
1.40911  1.18178  1.99929  0.00141891  
1.99929  0.00141891  1.61303  0.773946  
1.19489  1.61022  1.81133  0.377347  
0.969794  2.06041  0.255289  3.48942  
0.737622  2.52476  1.19489  1.61022  
0.497817  3.00437  0.737622  2.52476  
1.61303  0.773946  0.00118753  3.99762  
1.61303  0.773946  1.99929  0.00141891  
1.81133  0.377347  1.40911  1.18178  
1.99929  0.00141891  0.00118753  3.99762  
0.497817  3.00437  0.737622  2.52476  
0.255289  3.48942  0.497817  3.00437  
1.40911  1.18178  0.969794  2.06041  
1.19489  1.61022  1.81133  0.377347  
0.737622  2.52476  1.61303  0.773946  
0.00118753  3.99762  0.255289  3.48942  
0.969794  2.06041  1.19489  1.61022  
1.99929  0.00141891  0.00118753  3.99762  
1.19489  1.61022  1.61303  0.773946  
0.00118753  3.99762  0.255289  3.48942  
1.40911  1.18178  1.81133  0.377347  
1.81133  0.377347  1.99929  0.00141891  
1.61303  0.773946  0.497817  3.00437  
0.737622  2.52476  1.40911  1.18178  
0.497817  3.00437  0.969794  2.06041  
0.969794  2.06041  1.19489  1.61022  
0.255289  3.48942  0.737622  2.52476  
1.40911  1.18178  0.255289  3.48942  
1.99929  0.00141891  0.00118753  3.99762  
0.255289  3.48942  1.81133  0.377347  
0.737622  2.52476  1.61303  0.773946  
1.19489  1.61022  1.19489  1.61022  
0.969794  2.06041  0.497817  3.00437  
1.81133  0.377347  1.40911  1.18178  
0.00118753  3.99762  0.969794  2.06041  
1.61303  0.773946  0.737622  2.52476  
0.497817  3.00437  1.99929  0.00141891  
0.255289  3.48942  0.737622  2.52476  
1.19489  1.61022  0.00118753  3.99762  
0.00118753  3.99762  1.81133  0.377347  
0.737622  2.52476  1.19489  1.61022  
1.61303  0.773946  0.969794  2.06041  
1.40911  1.18178  1.40911  1.18178  
1.99929  0.00141891  1.61303  0.773946  
0.497817  3.00437  1.99929  0.00141891  
0.969794  2.06041  0.255289  3.48942  
1.81133  0.377347  0.497817  3.00437  
1.99929  0.00141891  0.737622  2.52476  
1.19489  1.61022  1.19489  1.61022  
0.497817  3.00437  0.497817  3.00437  
0.969794  2.06041  1.61303  0.773946  
0.737622  2.52476  0.00118753  3.99762  
0.255289  3.48942  1.99929  0.00141891  
1.81133  0.377347  0.255289  3.48942  
1.61303  0.773946  1.81133  0.377347  
0.00118753  3.99762  0.969794  2.06041  
1.40911  1.18178  1.40911  1.18178  
0.969794  2.06041  1.61303  0.773946  
1.99929  0.00141891  0.497817  3.00437  
1.40911  1.18178  0.737622  2.52476  
1.19489  1.61022  0.255289  3.48942  
0.737622  2.52476  0.969794  2.06041  
0.497817  3.00437  1.81133  0.377347  
0.255289  3.48942  0.00118753  3.99762  
0.00118753  3.99762  1.99929  0.00141891  
1.61303  0.773946  1.19489  1.61022  
1.81133  0.377347  1.40911  1.18178  
1.40911  1.18178  1.81133  0.377347  
0.737622  2.52476  0.00118753  3.99762  
0.969794  2.06041  1.61303  0.773946  
1.61303  0.773946  1.99929  0.00141891  
0.00118753  3.99762  0.497817  3.00437  
1.99929  0.00141891  0.969794  2.06041  
0.497817  3.00437  0.737622  2.52476  
0.255289  3.48942  1.40911  1.18178  
1.19489  1.61022  0.255289  3.48942  
1.81133  0.377347  1.19489  1.61022  
0.497817  3.00437  1.19489  1.61022  
1.19489  1.61022  1.99929  0.00141891  
1.81133  0.377347  0.969794  2.06041  
1.40911  1.18178  1.40911  1.18178  
0.255289  3.48942  0.255289  3.48942  
1.61303  0.773946  1.61303  0.773946  
0.00118753  3.99762  0.00118753  3.99762  
1.99929  0.00141891  0.497817  3.00437  
0.737622  2.52476  0.737622  2.52476  
0.969794  2.06041  1.81133  0.377347  
1.81133  0.377347  0.497817  3.00437  
0.497817  3.00437  1.19489  1.61022  
0.00118753  3.99762  1.81133  0.377347  
0.737622  2.52476  0.255289  3.48942  
1.40911  1.18178  0.969794  2.06041  
0.969794  2.06041  1.61303  0.773946  
1.61303  0.773946  1.40911  1.18178  
0.255289  3.48942  0.737622  2.52476  
1.19489  1.61022  1.99929  0.00141891  
1.99929  0.00141891  0.00118753  3.99762  
1.61303  0.773946  1.40911  1.18178  
1.81133  0.377347  0.00118753  3.99762  
0.255289  3.48942  1.61303  0.773946  
0.969794  2.06041  1.81133  0.377347  
1.40911  1.18178  0.497817  3.00437  
0.497817  3.00437  1.19489  1.61022  
1.19489  1.61022  0.737622  2.52476  
0.00118753  3.99762  0.969794  2.06041  
0.737622  2.52476  0.255289  3.48942  
1.99929  0.00141891  1.99929  0.00141891  
0.00118753  3.99762  0.497817  3.00437  
1.99929  0.00141891  0.123322  3.75336  
1.61303  0.773946  1.99929  0.00141891  
0.969794  2.06041  0.737622  2.52476  
1.40911  1.18178  1.81133  0.377347  
1.81133  0.377347  1.40911  1.18178  
1.19489  1.61022  0.969794  2.06041  
0.737622  2.52476  1.61303  0.773946  
0.255289  3.48942  0.255289  3.48942  
0.497817  3.00437  1.19489  1.61022  
0.737622  2.52476  1.40911  1.18178  
1.99929  0.00141891  0.00118753  3.99762  
0.497817  3.00437  0.255289  3.48942  
1.81133  0.377347  0.969794  2.06041  
1.19489  1.61022  0.737622  2.52476  
1.61303  0.773946  1.19489  1.61022  
0.255289  3.48942  1.61303  0.773946  
1.40911  1.18178  1.81133  0.377347  
0.00118753  3.99762  1.99929  0.00141891  
0.969794  2.06041  0.497817  3.00437  
1.40911  1.18178  1.40911  1.18178  
0.497817  3.00437  0.969794  2.06041  
1.99929  0.00141891  0.737622  2.52476  
0.255289  3.48942  1.99929  0.00141891  
0.00118753  3.99762  0.255289  3.48942  
1.81133  0.377347  1.81133  0.377347  
1.61303  0.773946  0.00118753  3.99762  
1.19489  1.61022  1.61303  0.773946  
0.737622  2.52476  1.19489  1.61022  
0.969794  2.06041  0.969794  2.06041  
0.737622  2.52476  1.61303  0.773946  
1.81133  0.377347  0.497817  3.00437  
0.969794  2.06041  1.40911  1.18178  
0.255289  3.48942  1.19489  1.61022  
1.99929  0.00141891  1.99929  0.00141891  
1.40911  1.18178  0.255289  3.48942  
0.00118753  3.99762  0.969794  2.06041  
1.19489  1.61022  0.00118753  3.99762  
1.61303  0.773946  0.737622  2.52476  
0.497817  3.00437  1.81133  0.377347  
0.255289  3.48942  1.99929  0.00141891  
1.19489  1.61022  1.03408  1.93184  
0.00118753  3.99762  0.00118753  3.99762  
0.737622  2.52476  0.737622  2.52476  
1.61303  0.773946  0.255289  3.48942  
1.40911  1.18178  1.40911  1.18178  
1.99929  0.00141891  0.497817  3.00437  
0.497817  3.00437  1.61303  0.773946  
0.969794  2.06041  1.19489  1.61022  
1.81133  0.377347  1.81133  0.377347  
1.81133  0.377347  0.00118753  3.99762  
0.969794  2.06041  1.40911  1.18178  
1.40911  1.18178  1.19489  1.61022  
0.737622  2.52476  0.497817  3.00437  
0.00118753  3.99762  0.255289  3.48942  
0.255289  3.48942  1.61303  0.773946  
0.497817  3.00437  1.99929  0.00141891  
1.99929  0.00141891  1.81133  0.377347  
1.19489  1.61022  0.737622  2.52476  
1.61303  0.773946  0.969794  2.06041  
0.497817  3.00437  0.969794  2.06041  
1.40911  1.18178  1.61303  0.773946  
1.61303  0.773946  1.81133  0.377347  
0.255289  3.48942  0.497817  3.00437  
1.19489  1.61022  0.00118753  3.99762  
1.99929  0.00141891  0.737622  2.52476  
0.00118753  3.99762  1.99929  0.00141891  
0.737622  2.52476  1.19489  1.61022  
0.969794  2.06041  0.255289  3.48942  
1.81133  0.377347  1.40911  1.18178  
0.969794  2.06041  1.61303  0.773946  
1.81133  0.377347  0.00118753  3.99762  
1.61303  0.773946  1.40911  1.18178  
0.497817  3.00437  0.255289  3.48942  
1.99929  0.00141891  0.969794  2.06041  
0.255289  3.48942  0.497817  3.00437  
1.40911  1.18178  1.81133  0.377347  
1.19489  1.61022  0.737622  2.52476  
0.737622  2.52476  1.99929  0.00141891  
0.00118753  3.99762  1.19489  1.61022  
