0.256709  1.16492  0.617679  0.987745  
0.672834  0.909863  0.318837  1.15455  
0.443259  1.14381  0.864675  0.677214  
0.645751  0.898113  1.07978  0.283631  
0.868218  0.675226  0.479931  1.11142  
0.222899  1.17857  0.346728  1.18014  
0.914893  0.675899  0.737732  0.815345  
0.478473  1.07181  0.596303  0.95887  
0.894836  0.680956  1.09114  0.311901  
0.622943  0.981539  1.09066  0.41418  
0.663722  0.89701  0.819979  0.71329  
1.06905  0.394161  0.821572  0.713008  
1.17578  0.220944  0.490347  1.03373  
0.635929  0.963214  0.563262  1.03136  
1.00219  0.479604  0.762231  0.795067  
0.892085  0.624462  0.838732  0.755074  
0.646327  0.976459  0.991461  0.482519  
0.654928  0.963182  0.287322  1.13234  
1.09957  0.273815  0.800481  0.822792  
0.384334  1.08697  0.765392  0.833188  
1.0213  0.480881  0.261715  1.15705  
0.725346  0.90363  0.855301  0.7033  
0.203867  1.16871  0.599167  0.998772  
0.829401  0.760849  0.300362  1.08838  
0.765291  0.815508  0.475742  1.07802  
0.314288  1.15052  0.367757  1.11205  
0.445938  1.09649  0.756135  0.843884  
0.816435  0.762255  0.322497  1.16258  
0.250516  1.14986  0.400537  1.14694  
0.226742  1.18461  0.566301  0.997825  
0.841356  0.699257  0.740334  0.890163  
0.306593  1.16088  1.09521  0.395201  
0.765164  0.804742  0.492689  1.04201  
1.14258  0.210085  1.00533  0.474048  
0.576995  1.02469  0.93652  0.546742  
0.514221  1.0615  0.997249  0.497569  
0.685983  0.90877  0.501226  1.08274  
0.205881  1.19036  0.747053  0.871433  
0.879593  0.701259  0.676311  0.938649  
0.394116  1.14234  0.59929  0.966948  
0.686877  0.852736  0.262354  1.17906  
0.193932  1.17034  0.770113  0.822725  
0.747288  0.871699  0.491906  1.06196  
0.698447  0.87253  0.78536  0.833539  
0.260482  1.18464  0.523472  1.00061  
0.879797  0.692114  0.974979  0.571792  
0.510679  1.05982  0.907866  0.571674  
0.499358  1.00479  0.422528  1.08828  
0.249901  1.18405  0.814465  0.74742  
0.340391  1.14368  1.01983  0.436083  
0.798228  0.781534  0.886919  0.665453  
0.960046  0.5214  1.08971  0.325125  
1.14393  0.249758  0.372062  1.1612  
0.778919  0.783879  0.522452  1.06732  
1.11696  0.191135  0.776489  0.811543  
0.170691  1.15389  0.779487  0.786355  
0.464141  1.03312  0.872483  0.677536  
0.468421  1.06289  0.158648  1.16374  
0.447469  1.08673  0.968765  0.52623  
0.842478  0.701742  0.755972  0.85257  
0.304688  1.17272  0.757377  0.856525  
0.299526  1.12522  0.232001  1.15911  
0.211142  1.17797  0.875174  0.623864  
1.08003  0.421313  0.436356  1.09212  
0.728753  0.83922  0.466536  1.10489  
0.796407  0.799347  1.02301  0.45295  
0.953716  0.568173  0.683493  0.863174  
0.192864  1.20636  0.67216  0.94529  
0.453306  1.08221  0.362292  1.1123  
1.12571  0.364181  0.187124  1.16673  
0.722671  0.882028  0.47689  1.05021  
0.872494  0.632859  0.880953  0.655836  
0.967943  0.538699  0.920675  0.55086  
0.851519  0.678926  0.511015  1.07092  
0.170367  1.1843  0.215216  1.1501  
0.67044  0.888625  0.292062  1.12274  
0.446793  1.09278  0.780422  0.825672  
0.383028  1.1294  0.171889  1.1713  
0.249227  1.16708  0.723965  0.830416  
1.16785  0.175667  1.10417  0.285367  
0.602502  0.973286  1.08893  0.373278  
0.739508  0.877966  0.609925  1.00852  
1.03691  0.362645  0.996738  0.530104  
0.277572  1.16901  0.918247  0.564122  
0.41362  1.12534  0.921799  0.592223  
0.479118  1.10433  0.716353  0.881071  
0.893355  0.696796  0.201602  1.19877  
0.376245  1.1377  0.370573  1.09669  
0.486567  1.08502  0.218098  1.20655  
0.378024  1.09538  0.508001  1.06428  
0.436033  1.11987  0.341297  1.12196  
0.922221  0.565528  0.468973  1.06381  
0.936145  0.578087  0.787371  0.739909  
0.354078  1.14644  0.688253  0.89888  
0.428903  1.10916  0.53007  1.02466  
0.545773  1.0061  0.343627  1.19882  
1.13511  0.227369  0.527767  1.04846  
0.2196  1.1648  1.03817  0.421975  
0.743873  0.858039  0.295703  1.1345  
0.723413  0.910468  0.432726  1.12825  
0.99637  0.0108688  0.00530888  1.00327  
0.8863  0.236622  0.823437  0.325309  
0.507552  0.761599  0.507552  0.744998  
0.927677  0.147841  0.230573  0.948666  
0.635379  0.599954  1.06048  0.531753  
0.823437  0.325309  0.99637  0.0108688  
1.06048  0.529697  0.754147  0.434694  
0.230573  0.948666  0.635379  0.599954  
0.754147  0.434694  0.8863  0.236622  
0.00530888  1.00175  0.927677  0.147841  
0.927677  0.147841  0.823437  0.325309  
0.99637  0.0108688  0.635379  0.599954  
0.230573  0.948666  0.00530888  1.00175  
0.507552  0.744998  0.8863  0.218534  
0.823437  0.325309  0.230573  0.948666  
0.635379  0.599954  0.754147  0.434694  
1.06048  0.531753  0.927677  0.147841  
0.754147  0.434694  0.99637  0.0108688  
0.8863  0.236622  0.507552  0.762731  
0.00530888  1.00175  1.06048  0.531753  
0.823437  0.325309  0.00530888  1.00175  
1.06048  0.531753  0.754147  0.434694  
0.99637  0.0108688  0.927677  0.147841  
0.230573  0.948666  0.230573  0.948666  
0.8863  0.218534  1.06048  0.531753  
0.635379  0.599954  0.635379  0.599954  
0.754147  0.434694  0.507552  0.761599  
0.507552  0.744998  0.99637  0.0108688  
0.927677  0.147841  0.823437  0.325309  
0.00530888  1.00175  0.8863  0.236622  
1.06048  0.523632  0.507552  0.744998  
0.754147  0.434694  0.230573  0.948666  
0.927677  0.147841  1.01409  0.0108688  
0.635379  0.599954  0.00530888  1.00175  
0.230573  0.948666  0.927677  0.147841  
0.99637  0.0108688  0.8863  0.218534  
0.507552  0.744998  0.635379  0.599954  
0.8863  0.218534  0.754147  0.434694  
0.823437  0.325309  1.06048  0.523632  
0.00530888  1.00175  0.823437  0.325309  
0.00530888  1.00175  0.507552  0.744998  
0.927677  0.147841  0.230573  0.948666  
0.886182  0.218534  0.823437  0.325309  
0.635379  0.599954  0.99637  0.0108688  
0.507552  0.744998  0.927677  0.147841  
0.754147  0.434694  0.754147  0.444771  
0.230573  0.948666  0.00530888  1.00175  
0.823437  0.325309  0.886182  0.218534  
0.99637  0.0108688  0.635379  0.599954  
0.453167  0.797322  0.453167  0.797322  
0.00530888  1.00175  0.886182  0.218534  
0.927677  0.147841  0.927677  0.147841  
0.823437  0.325309  0.754147  0.434694  
0.453167  0.797322  0.823437  0.325309  
0.754147  0.434694  0.99637  0.0108688  
0.230573  0.948666  0.507552  0.744998  
0.507552  0.744998  0.635379  0.599954  
0.635379  0.599954  0.230573  0.948666  
0.99637  0.0108688  0.453167  0.797322  
0.886182  0.218534  0.0216937  1.01586  
0.00530888  1.00175  1.00601  0.0108688  
0.230573  0.948666  0.754147  0.434694  
0.8863  0.218534  0.00530888  1.00175  
0.635379  0.599954  0.453167  0.797322  
0.99637  0.0108688  0.230573  0.948666  
0.453167  0.797322  0.927677  0.147841  
0.927677  0.147841  0.635379  0.599954  
0.507552  0.744998  0.823437  0.325309  
0.823437  0.325309  0.8863  0.218534  
0.754147  0.434694  0.507552  0.744998  
0.00530888  1.00175  0.927677  0.147841  
0.823437  0.325309  0.453167  0.797322  
0.230573  0.948666  0.754147  0.434694  
0.635379  0.599954  0.99637  0.0108688  
0.99637  0.0108688  0.507552  0.744998  
0.507552  0.744998  0.823437  0.325309  
0.927677  0.147841  0.24695  0.948666  
0.8863  0.218534  0.00530888  1.00175  
0.754147  0.434694  0.635379  0.599954  
0.453167  0.797322  0.8863  0.218534  
0.823437  0.325309  0.8863  0.218534  
0.00530888  1.00175  0.823437  0.325309  
0.754147  0.434694  0.754147  0.434694  
0.635379  0.599954  1.01538  0.0108688  
0.8863  0.218534  0.453167  0.797322  
0.230573  0.948666  0.230573  0.948666  
0.99637  0.0108688  0.635379  0.599954  
0.507552  0.744998  0.507552  0.744998  
0.927677  0.147841  0.00530888  1.00175  
0.453167  0.797322  0.927677  0.147841  
0.507552  0.744998  0.635379  0.599954  
0.8863  0.218534  0.230573  0.948666  
0.823437  0.325309  0.754147  0.434694  
0.635379  0.599954  0.823437  0.325309  
0.99637  0.0108688  0.00530888  1.00175  
0.927677  0.147841  0.99637  0.0108688  
0.453167  0.797322  0.453167  0.797322  
0.754147  0.434694  0.8863  0.218534  
0.00530888  1.00175  0.927677  0.147841  
0.230573  0.948666  0.507552  0.744998  
0.753424  0.434288  0.936166  0.150386  
0.99622  0.0144481  0.229731  0.948209  
0.822854  0.325232  0.452971  0.800607  
0.885762  0.21782  0.0050277  1.00562  
0.0050277  1.00077  0.753424  0.434288  
0.229731  0.948209  0.885762  0.21782  
0.634856  0.599257  0.506955  0.744775  
0.452971  0.800607  0.634856  0.599257  
0.506955  0.744775  0.822854  0.325232  
0.936166  0.150386  0.99622  0.0144481  
0.506955  0.744775  0.753424  0.434288  
0.240637  0.948209  0.0050277  1.00077  
0.885762  0.21782  0.452971  0.796439  
0.926307  0.145848  0.926307  0.145848  
0.0050277  1.00077  0.506955  0.744775  
0.99622  0.0105524  0.822854  0.325232  
0.753424  0.434288  0.240637  0.948209  
0.452971  0.796439  0.885762  0.21782  
0.634856  0.599257  0.99622  0.0105524  
0.822854  0.325232  0.634856  0.599257  
0.99622  0.0105524  0.926307  0.145848  
0.822854  0.325232  0.0050277  1.00077  
0.506955  0.744775  0.885762  0.21782  
0.452971  0.796439  0.780349  0.434288  
0.0050277  1.00077  0.822854  0.325232  
0.634856  0.599257  0.99622  0.0105524  
0.926307  0.145848  0.634856  0.599257  
0.885762  0.21782  0.229731  0.948209  
0.762002  0.434288  0.506955  0.744775  
0.229731  0.948209  0.452971  0.796439  
0.0050277  1.00077  0.822854  0.325232  
0.753424  0.434288  0.885762  0.21782  
0.229731  0.948209  0.99622  0.0105524  
0.822854  0.325232  0.634856  0.599257  
0.99622  0.0105524  0.0050277  1.00077  
0.506955  0.744775  0.506955  0.744775  
0.452971  0.796439  0.753424  0.45273  
0.885762  0.21782  0.926307  0.145848  
0.634856  0.599257  0.452971  0.796439  
0.926307  0.145848  0.229731  0.948209  
0.229731  0.948209  0.99622  0.0105524  
0.99622  0.0105524  0.650874  0.599257  
0.762002  0.434288  0.0050277  1.01394  
0.838951  0.325232  0.229731  0.948209  
0.0050277  1.01394  0.452971  0.796439  
0.926307  0.145848  0.838951  0.325232  
0.885762  0.21782  0.762002  0.434288  
0.634856  0.599257  0.506955  0.744775  
0.506955  0.744775  0.926307  0.145848  
0.452971  0.796439  0.885762  0.21782  
0.885762  0.21782  0.634856  0.599257  
0.753424  0.434288  0.822854  0.325232  
0.926307  0.145848  0.753424  0.434288  
0.452971  0.796439  0.885762  0.21782  
0.0050277  1.00077  0.0050277  1.00077  
0.99622  0.0105524  0.452971  0.796439  
0.506955  0.744775  0.926307  0.145848  
0.634856  0.599257  0.506955  0.744775  
0.822854  0.325232  0.99622  0.0105524  
0.229731  0.948209  0.229731  0.948209  
0.885762  0.21782  0.506955  0.744775  
0.753424  0.434288  0.634856  0.599257  
0.926307  0.145848  0.926307  0.145848  
0.452971  0.796439  0.0050277  1.00077  
0.0050277  1.00077  0.885762  0.21782  
0.229731  0.948209  0.452971  0.796439  
0.506955  0.744775  0.229731  0.948209  
0.634856  0.599257  0.99622  0.0105524  
0.822854  0.325232  0.822854  0.325232  
0.99622  0.0105524  0.753424  0.434288  
0.753424  0.434288  0.885762  0.21782  
0.506955  0.744775  0.229731  0.948209  
0.229731  0.948209  0.99622  0.0105524  
0.452971  0.796439  0.506955  0.744775  
0.0050277  1.00077  0.926307  0.145848  
0.634856  0.599257  0.452971  0.796439  
0.885762  0.21782  0.753424  0.434288  
0.822854  0.325232  0.634856  0.615062  
0.926307  0.145848  0.0050277  1.00077  
0.99622  0.0105524  0.822854  0.325232  
0.926307  0.145848  0.506955  0.744775  
0.885762  0.21782  0.926307  0.161103  
0.506955  0.744775  0.634856  0.599257  
0.822854  0.325232  0.229731  0.948209  
0.0050277  1.00077  0.822854  0.325232  
0.753424  0.434288  0.885762  0.21782  
0.99622  0.0105524  0.99622  0.0105524  
0.229731  0.948209  0.0050277  1.00077  
0.634856  0.599257  0.452971  0.796439  
0.452971  0.796439  0.753424  0.434288  
0.753424  0.434288  0.229731  0.948209  
0.634856  0.599257  0.506955  0.744775  
0.506955  0.744775  0.0050277  1.00077  
0.452971  0.796439  0.99622  0.0105524  
0.99622  0.0105524  0.452971  0.796439  
0.926307  0.145848  0.822854  0.325232  
0.885762  0.21782  0.926307  0.145848  
0.0050277  1.00077  0.885762  0.21782  
0.229731  0.948209  0.634856  0.599257  
0.822854  0.325232  0.753424  0.434288  
0.822831  0.325232  0.00479038  1.00062  
0.506794  0.744681  0.753424  0.434575  
0.885733  0.21782  0.996066  0.0105524  
0.926185  0.145347  0.506794  0.744681  
0.753424  0.434575  0.229607  0.948106  
0.452894  0.796435  0.822831  0.325232  
0.00479038  1.00062  0.885733  0.21782  
0.996066  0.0105524  0.926185  0.145347  
0.229607  0.948106  0.635027  0.599133  
0.635027  0.599133  0.452894  0.796435  
0.229607  0.948106  0.753424  0.434575  
0.00479038  1.00062  0.926185  0.145347  
0.452894  0.796435  0.885733  0.21782  
0.822831  0.325232  0.229607  0.948106  
0.885733  0.21782  0.996066  0.0105524  
0.635027  0.599133  0.506794  0.744681  
0.926185  0.145347  0.452894  0.796435  
0.996066  0.0105524  0.643098  0.60469  
0.753424  0.434575  0.00479038  1.00062  
0.506794  0.744681  0.822831  0.325232  
0.229607  0.948106  0.229607  0.948106  
0.452894  0.796435  0.753424  0.434575  
0.753424  0.434575  0.996066  0.0105524  
0.635027  0.599133  0.452894  0.796435  
0.506794  0.744681  0.635027  0.599133  
0.00479038  1.00062  0.885733  0.21782  
0.885733  0.21782  0.0244323  1.01914  
0.996066  0.0105524  0.926185  0.145347  
0.822831  0.325232  0.506794  0.744681  
0.926185  0.145347  0.822831  0.325232  
0.753424  0.434575  0.00479038  1.00062  
0.822831  0.325232  0.753424  0.434575  
0.506794  0.744681  0.996066  0.0105524  
0.00479038  1.00062  0.885733  0.21782  
0.926185  0.145347  0.506794  0.744681  
0.635027  0.599133  0.822831  0.328691  
0.229607  0.948106  0.926185  0.145347  
0.996066  0.0105524  0.635027  0.599133  
0.885733  0.21782  0.452894  0.796435  
0.452894  0.796435  0.229607  0.948106  
0.452894  0.796435  0.452894  0.796435  
0.885733  0.21782  0.506794  0.744681  
0.996066  0.0105524  0.885733  0.21782  
0.926185  0.145347  0.996066  0.0105524  
0.506794  0.744681  0.635027  0.602263  
0.635027  0.599133  0.229607  0.948106  
0.00479038  1.00062  0.753424  0.434575  
0.229607  0.948106  0.00479038  1.00062  
0.822831  0.325232  0.822831  0.325232  
0.753424  0.434575  0.926185  0.145347  
0.00479038  1.00062  0.229607  0.948106  
0.885733  0.21782  0.885733  0.21782  
0.635027  0.599133  0.926185  0.145347  
0.229607  0.948106  0.00479038  1.00062  
0.926185  0.145347  0.635027  0.599133  
0.506794  0.744681  0.996066  0.0105524  
0.452894  0.796435  0.753424  0.434575  
0.996066  0.0105524  0.822831  0.325232  
0.822831  0.325232  0.520705  0.744681  
0.753424  0.434575  0.452894  0.796435  
0.506794  0.744681  0.452894  0.796435  
0.885733  0.21782  0.885733  0.21782  
0.753424  0.434575  0.926185  0.145347  
0.452894  0.796435  0.506794  0.744681  
0.229607  0.948106  0.635027  0.599133  
0.635027  0.599133  0.822831  0.325232  
0.00479038  1.00062  0.996066  0.0105524  
0.926185  0.145347  0.753424  0.434575  
0.822831  0.325232  0.00479038  1.00062  
0.996066  0.0105524  0.229607  0.948106  
0.635027  0.599133  0.635027  0.599133  
0.926185  0.145347  0.00479038  1.00062  
0.506794  0.744681  0.753424  0.445865  
0.885733  0.21782  0.996066  0.0105524  
0.229607  0.948106  0.885733  0.21782  
0.452894  0.796435  0.506794  0.744681  
0.753424  0.434575  0.822831  0.325232  
0.996066  0.0105524  0.926185  0.145347  
0.822831  0.325232  0.452894  0.796435  
0.00479038  1.00062  0.229607  0.948106  
0.753424  0.434575  0.635027  0.599133  
0.00479038  1.00062  0.00479038  1.01801  
0.635027  0.599133  0.885733  0.21782  
0.885733  0.21782  0.229607  0.948106  
0.926185  0.145347  0.753424  0.434575  
0.452894  0.796435  0.452894  0.796435  
0.996066  0.0105524  0.506794  0.744681  
0.229607  0.948106  0.926185  0.145347  
0.822831  0.325232  0.822831  0.325232  
0.506794  0.744681  0.996066  0.0105524  
0.452894  0.796435  0.635027  0.599133  
0.00479038  1.00062  0.00479038  1.00062  
0.635027  0.599133  0.822831  0.343684  
0.822831  0.325232  0.506794  0.744681  
0.229607  0.948106  0.452894  0.796435  
0.753424  0.434575  0.753424  0.434575  
0.926185  0.145347  0.996066  0.0105524  
0.996066  0.0105524  0.885733  0.21782  
0.885733  0.21782  0.229607  0.948106  
0.506794  0.744681  0.926185  0.145347  
0.506794  0.744593  0.452869  0.796435  
0.996066  0.0105524  0.822831  0.325199  
0.753424  0.4343  0.634913  0.599133  
0.926021  0.14528  0.885678  0.217637  
0.452869  0.796435  0.00479038  1.00057  
0.822831  0.325199  0.996066  0.0105524  
0.885678  0.217637  0.926021  0.14528  
0.00479038  1.00057  0.506794  0.744593  
0.229576  0.965702  0.230796  0.948086  
0.634913  0.599133  0.753424  0.4343  
0.885678  0.217637  0.229576  0.948086  
0.634913  0.599133  0.634913  0.599133  
0.506794  0.744593  0.946325  0.635229  
0.229576  0.948086  0.996066  0.0105524  
0.926021  0.150881  0.753424  0.4343  
0.996066  0.0105524  0.00479038  1.00057  
0.822831  0.325199  0.926021  0.14528  
0.753424  0.4343  0.822831  0.325199  
0.00479038  1.00057  0.885678  0.217637  
0.452869  0.796435  0.452869  0.796435  
0.753424  0.4343  0.926021  0.14528  
0.00479038  1.00057  0.452869  0.796435  
0.885678  0.217637  0.822831  0.325199  
0.822831  0.325199  0.00479038  1.00057  
0.230796  0.948086  0.996066  0.0194789  
0.452869  0.796435  0.229576  0.948086  
0.506794  0.744593  0.634913  0.599133  
0.926021  0.14528  0.753424  0.4343  
0.996066  0.0105524  0.506794  0.744593  
0.634913  0.599133  0.885678  0.217637  
0.452869  0.796435  0.229576  0.966563  
0.885678  0.217637  0.00479038  1.00057  
0.926021  0.14528  0.996066  0.0105524  
0.753424  0.4343  0.634913  0.599133  
0.506794  0.744593  0.506794  0.744593  
0.822831  0.325199  0.885678  0.217637  
0.00479038  1.00057  0.452869  0.796435  
0.229576  0.948086  0.926021  0.14528  
0.634913  0.599133  0.822831  0.325199  
0.996066  0.0105524  0.753424  0.4343  
0.452869  0.796435  0.822831  0.325199  
0.822831  0.325199  0.634913  0.599133  
0.926021  0.14528  0.229576  0.948086  
0.506794  0.749443  0.753424  0.4343  
0.00479038  1.00057  0.506794  0.744593  
0.753424  0.4343  0.00479038  1.00057  
0.885678  0.217637  0.885678  0.217637  
0.229576  0.948086  0.996066  0.0105524  
0.634913  0.599133  0.452869  0.796435  
0.996066  0.0105524  0.926021  0.14528  
0.506794  0.744593  0.926021  0.14528  
0.926021  0.14528  0.885678  0.235999  
0.229576  0.948086  0.996066  0.0105524  
0.452869  0.796435  0.753424  0.4343  
0.00479038  1.00057  0.452869  0.796435  
0.753424  0.4343  0.229576  0.948086  
0.885678  0.217637  0.00479038  1.00057  
0.996066  0.0105524  0.822831  0.325199  
0.634913  0.599133  0.634913  0.599133  
0.822831  0.325199  0.506794  0.744593  
0.452869  0.796435  0.885678  0.217637  
0.229576  0.948086  0.00479038  1.00057  
0.00479038  1.00057  0.452869  0.796435  
0.506794  0.744593  0.753424  0.4343  
0.634913  0.599133  0.926021  0.14528  
0.822831  0.325199  0.506794  0.744593  
0.926021  0.14528  0.822831  0.325199  
0.996066  0.0105524  0.996066  0.0105524  
0.885678  0.217637  0.229576  0.948086  
0.753424  0.4343  0.634913  0.599133  
0.634913  0.599133  0.229576  0.948086  
0.926021  0.14528  0.452869  0.796435  
0.506794  0.744593  0.885678  0.217637  
0.00479038  1.00057  0.753424  0.4343  
0.885678  0.217637  0.822831  0.325199  
0.822831  0.325199  0.506794  0.744593  
0.452869  0.796435  0.926021  0.14528  
0.229576  0.948086  0.996066  0.0105524  
0.753424  0.4343  0.634913  0.599133  
0.996066  0.0105524  0.00479038  1.00057  
0.634913  0.599133  0.452869  0.796435  
0.00479038  1.00057  0.634913  0.599133  
0.926021  0.14528  0.885678  0.217637  
0.885678  0.217637  0.229576  0.948086  
0.822831  0.325199  0.506794  0.744593  
0.452869  0.796435  0.753424  0.4343  
0.506794  0.744593  0.822831  0.325199  
0.996066  0.0105524  0.996066  0.0105524  
0.229576  0.948086  0.926021  0.14528  
0.753424  0.4343  0.00479038  1.00057  
0.229576  0.948086  0.229576  0.965756  
0.634913  0.599133  0.996066  0.0105524  
0.926021  0.14528  0.822831  0.325199  
0.00479038  1.00057  0.634913  0.599133  
0.753424  0.4343  0.00479038  1.00057  
0.452869  0.796435  0.926021  0.14528  
0.885678  0.217637  0.452869  0.796435  
0.996066  0.0105524  0.506794  0.744593  
0.506794  0.744593  0.753424  0.4343  
0.822831  0.325199  0.885678  0.217637  
0.229565  0.948084  0.822831  0.325199  
0.822831  0.325199  0.00481207  1.00057  
0.753424  0.434297  0.926021  0.145247  
0.885678  0.217633  0.753424  0.434297  
0.452868  0.796435  0.506794  0.749723  
0.926021  0.145247  0.996022  0.0105524  
0.00481207  1.00057  0.229565  0.948084  
0.996022  0.0105524  0.452868  0.796435  
0.506794  0.744593  0.634913  0.599133  
0.634913  0.599133  0.885678  0.217633  
0.506794  0.744593  0.452868  0.796435  
0.229565  0.948084  0.822831  0.325199  
0.634913  0.599133  0.753424  0.434297  
0.996022  0.0105524  0.506794  0.744593  
0.885678  0.217633  0.00481207  1.00057  
0.926021  0.145247  0.229565  0.948084  
0.00481207  1.00057  0.634913  0.599133  
0.822831  0.325199  0.996022  0.0105524  
0.452868  0.796435  0.926021  0.145247  
0.753424  0.434297  0.885678  0.217633  
0.452868  0.796435  0.753424  0.434297  
0.926021  0.145247  0.996022  0.0105524  
0.822831  0.325199  0.885678  0.217633  
0.996022  0.0105524  0.634913  0.599133  
0.885678  0.217633  0.00481207  1.00057  
0.00481207  1.00057  0.506794  0.744593  
0.753424  0.434297  0.822831  0.325199  
0.634913  0.599133  0.452868  0.796435  
0.506794  0.744593  0.231812  0.948084  
0.229565  0.948084  0.926021  0.145247  
0.753424  0.434297  0.229565  0.948084  
0.452868  0.796435  0.926021  0.145247  
0.822831  0.325199  0.822831  0.325199  
0.996022  0.0105524  0.00481207  1.00057  
0.506794  0.744593  0.764373  0.434297  
0.885678  0.217633  0.452868  0.796435  
0.229565  0.948084  0.885678  0.217633  
0.926021  0.145247  0.996022  0.0105524  
0.634913  0.599133  0.506794  0.744593  
0.00481207  1.00057  0.634913  0.599133  
0.00481207  1.00057  0.00481207  1.00057  
0.822831  0.325199  0.926021  0.145247  
0.753424  0.434297  0.452868  0.796435  
0.634913  0.599133  0.753424  0.434297  
0.229565  0.948084  0.822831  0.342094  
0.885678  0.217633  0.996022  0.0105524  
0.506794  0.744593  0.885678  0.217633  
0.926021  0.145247  0.229565  0.948084  
0.452868  0.796435  0.634913  0.599133  
0.996022  0.0105524  0.506794  0.744593  
0.822831  0.325199  0.452868  0.796435  
0.885678  0.217633  0.00481207  1.00057  
0.926021  0.145247  0.926021  0.145247  
0.996022  0.0105524  0.996022  0.0105524  
0.229565  0.948084  0.634913  0.599133  
0.00481207  1.00057  0.885678  0.217633  
0.506794  0.744593  0.229565  0.961296  
0.753424  0.434297  0.506794  0.744593  
0.634913  0.599133  0.822831  0.325199  
0.452868  0.796435  0.753424  0.434297  
0.229565  0.948084  0.822831  0.325199  
0.885678  0.217633  0.926021  0.149218  
0.753424  0.434297  0.634913  0.599133  
0.996022  0.0105524  0.506794  0.744593  
0.634913  0.599133  0.753424  0.434297  
0.452868  0.796435  0.00481207  1.00057  
0.506794  0.744593  0.996022  0.0105524  
0.00481207  1.00057  0.452868  0.796435  
0.822831  0.325199  0.229565  0.948084  
0.926021  0.145247  0.885678  0.217633  
0.00481207  1.00057  0.229565  0.948084  
0.452868  0.796435  0.00481207  1.00057  
0.753424  0.434297  0.634913  0.599133  
0.229565  0.948084  0.452868  0.796435  
0.885678  0.217633  0.926021  0.145247  
0.634913  0.599133  0.996022  0.0105524  
0.506794  0.744593  0.753424  0.434297  
0.996022  0.0105524  0.885678  0.217633  
0.822831  0.325199  0.506794  0.759507  
0.926021  0.145247  0.822831  0.325199  
0.634913  0.599133  0.885678  0.217633  
0.885678  0.217633  0.634913  0.599133  
0.926021  0.145247  0.452868  0.796435  
0.229565  0.948084  0.753424  0.434297  
0.452868  0.796435  0.996022  0.0105524  
0.506794  0.744593  0.506794  0.744593  
0.996022  0.0105524  0.926021  0.145247  
0.753424  0.434297  0.229565  0.948084  
0.822831  0.325199  0.00481207  1.00057  
0.00481207  1.00057  0.822831  0.325199  
0.00481207  1.00057  0.245188  0.948084  
0.926021  0.145247  0.506794  0.744593  
0.634913  0.599133  0.885678  0.217633  
0.996022  0.0105524  0.926021  0.145247  
0.452868  0.796435  0.452868  0.796435  
0.506794  0.744593  0.822831  0.325199  
0.885678  0.217633  0.753424  0.434297  
0.229565  0.948084  0.634913  0.599133  
0.822831  0.325199  0.996022  0.0105524  
0.753424  0.434297  0.00481207  1.00057  
0.885678  0.217633  0.452868  0.796435  
0.634913  0.599133  0.229563  0.948084  
0.452868  0.796435  0.753423  0.434285  
0.50679  0.744593  0.885678  0.217633  
0.753423  0.434285  0.50679  0.744593  
0.82283  0.325172  0.996022  0.0105524  
0.229563  0.948084  0.00481207  1.00055  
0.996022  0.0105524  0.82283  0.325172  
0.00481207  1.00055  0.634913  0.599133  
0.926021  0.145243  0.926021  0.145243  
0.753423  0.434285  0.452868  0.796435  
0.229563  0.948084  0.901181  0.217633  
0.452868  0.796435  0.926021  0.145243  
0.996022  0.0105524  0.229563  0.948084  
0.50679  0.744593  0.634913  0.599133  
0.926021  0.145243  0.82283  0.325172  
0.634913  0.599133  0.50679  0.744593  
0.885678  0.217633  0.996022  0.0105524  
0.82283  0.325172  0.753423  0.434285  
0.00481207  1.00055  0.00481207  1.00055  
0.452868  0.796435  0.229563  0.948084  
0.50679  0.744593  0.82283  0.325172  
0.00481207  1.00055  0.00481207  1.00055  
0.634913  0.599133  0.452868  0.796435  
0.885678  0.217633  0.885678  0.217633  
0.82283  0.325172  0.753423  0.434285  
0.229563  0.948084  0.634913  0.599133  
0.753423  0.434285  0.50679  0.744593  
0.926021  0.145243  0.926021  0.158208  
0.996022  0.0105524  0.996022  0.0105524  
0.753423  0.434285  0.926021  0.145243  
0.229563  0.948084  0.82283  0.33474  
0.926021  0.145243  0.00481207  1.00055  
0.452868  0.796435  0.753423  0.434285  
0.00481207  1.00055  0.229563  0.948084  
0.996022  0.0105524  0.996022  0.0105524  
0.634913  0.599133  0.634913  0.599133  
0.50679  0.744593  0.50679  0.744593  
0.82283  0.325172  0.885678  0.217633  
0.885678  0.217633  0.452868  0.796435  
0.229563  0.948084  0.229563  0.948084  
0.996022  0.0105524  0.00481207  1.00055  
0.452868  0.796435  0.452868  0.796435  
0.885678  0.217633  0.50679  0.744593  
0.00481207  1.00055  0.996022  0.0105524  
0.634913  0.599133  0.634913  0.599133  
0.926021  0.145243  0.885678  0.217633  
0.82283  0.325172  1.10555  0.455932  
0.753423  0.434285  0.753423  0.434285  
0.50679  0.744593  0.926021  0.145243  
0.634913  0.599133  0.634913  0.599133  
0.926021  0.145243  0.50679  0.744593  
0.50679  0.744593  0.926021  0.145243  
0.82283  0.325172  0.00481207  1.00055  
0.885678  0.217633  0.82283  0.325172  
0.00481207  1.00055  0.452868  0.796435  
0.452868  0.796435  0.996574  0.0105524  
0.996022  0.0105524  0.229563  0.948084  
0.753423  0.434285  0.753423  0.434285  
0.229563  0.948084  0.885678  0.217633  
0.753423  0.434285  0.926021  0.145243  
0.926021  0.145243  0.229563  0.966242  
0.885678  0.217633  0.00481207  1.00055  
0.82283  0.325172  0.996022  0.0105524  
0.50679  0.744593  0.82283  0.325172  
0.452868  0.796435  0.50679  0.744593  
0.634913  0.599133  0.753423  0.434285  
0.229563  0.948084  0.634913  0.599133  
0.00481207  1.00055  0.885678  0.217633  
0.996022  0.0105524  0.452868  0.796435  
0.753423  0.434285  0.0174905  1.00055  
0.996022  0.0105524  0.634913  0.599133  
0.82283  0.325172  0.753423  0.434285  
0.926021  0.145243  0.996022  0.0105524  
0.229563  0.948084  0.82283  0.325172  
0.00481207  1.00055  0.885678  0.217633  
0.885678  0.217633  0.926021  0.145243  
0.634913  0.599133  0.229563  0.948084  
0.50679  0.744593  0.452868  0.796435  
0.452868  0.796435  0.50679  0.744593  
0.996022  0.0105524  0.82283  0.325172  
0.50679  0.744593  0.229563  0.948084  
0.753423  0.434285  0.00481207  1.01856  
0.229563  0.948084  0.634913  0.599133  
0.926021  0.145243  0.452868  0.796435  
0.452868  0.796435  0.753423  0.434285  
0.634913  0.599133  0.50679  0.744593  
0.00481207  1.00055  0.885678  0.217633  
0.885678  0.217633  0.926021  0.145243  
0.82283  0.325172  0.996022  0.0105524  
0.926021  0.145243  0.00481207  1.00055  
0.452868  0.796435  0.229563  0.965009  
0.50679  0.744593  0.753423  0.434285  
0.229563  0.948084  0.452868  0.796435  
0.753423  0.434285  0.885678  0.217633  
0.885678  0.217633  0.50679  0.744593  
0.996022  0.0105524  0.82283  0.325172  
0.82283  0.325172  0.634913  0.599133  
0.634913  0.599133  0.926021  0.145243  
0.00481207  1.00055  0.996022  0.0105524  
0.634913  0.599133  0.634913  0.599133  
0.452868  0.796435  0.885678  0.217628  
0.885678  0.217628  0.926021  0.145243  
0.229563  0.948084  0.229563  0.948084  
0.926021  0.145243  0.753423  0.434285  
0.50679  0.744593  0.452868  0.796435  
0.82283  0.325099  0.996022  0.0105524  
0.753423  0.434285  0.82283  0.325099  
0.00481207  1.00055  0.50679  0.744593  
0.996022  0.0105524  0.00993687  1.00602  
0.50679  0.744593  0.82283  0.325099  
0.926021  0.145243  0.634913  0.599133  
0.885678  0.217628  0.996022  0.0105524  
0.996022  0.0105524  0.229563  0.948084  
0.229563  0.948084  0.50679  0.744593  
0.452868  0.796435  0.932487  0.145243  
0.82283  0.325099  0.452868  0.796435  
0.00481207  1.00055  0.753423  0.434285  
0.634913  0.599133  0.885678  0.217628  
0.753423  0.434285  0.00481207  1.00055  
0.50679  0.744593  0.452868  0.796435  
0.452868  0.796435  0.753423  0.434285  
0.885678  0.217628  0.634913  0.617264  
0.00481207  1.00055  0.00481207  1.00055  
0.926021  0.145243  0.996022  0.0105524  
0.753423  0.434285  0.926021  0.145243  
0.996022  0.0105524  0.50679  0.744593  
0.634913  0.599133  0.229563  0.948084  
0.82283  0.325099  0.82283  0.325099  
0.229563  0.948084  0.885678  0.217628  
0.50679  0.744593  0.229563  0.948084  
0.00481207  1.00055  0.996022  0.0105524  
0.229563  0.948084  0.00481207  1.00055  
0.753423  0.434285  0.523352  0.744593  
0.82283  0.325099  0.753423  0.434285  
0.996022  0.0105524  0.634913  0.599133  
0.885678  0.217628  0.885678  0.217628  
0.926021  0.145243  0.452868  0.796435  
0.634913  0.599133  0.926021  0.145243  
0.452868  0.796435  0.82283  0.325099  
0.996022  0.0105524  0.753423  0.434285  
0.926021  0.145243  0.229563  0.948084  
0.885678  0.217628  0.50679  0.759688  
0.229563  0.948084  0.885678  0.217628  
0.00481207  1.00055  0.996022  0.0105524  
0.50679  0.744593  0.926021  0.145243  
0.634913  0.599133  0.00481207  1.00055  
0.82283  0.325099  0.634913  0.599133  
0.452868  0.796435  0.452868  0.796435  
0.753423  0.434285  0.82283  0.325099  
0.926021  0.145243  0.634913  0.599133  
0.996022  0.0105524  0.885678  0.217628  
0.753423  0.434285  0.753423  0.434285  
0.00481207  1.00055  0.00481207  1.00055  
0.452868  0.796435  0.996022  0.0105524  
0.82283  0.325099  0.926021  0.145243  
0.50679  0.744593  0.452868  0.796435  
0.634913  0.599133  0.229563  0.948084  
0.885678  0.217628  0.82283  0.325099  
0.229563  0.948084  0.50679  0.744593  
0.996022  0.0105524  0.753423  0.434285  
0.634913  0.599133  0.82283  0.325099  
0.00481207  1.00055  0.926021  0.145243  
0.82283  0.325099  0.634913  0.599133  
0.229563  0.948084  0.996022  0.0105524  
0.50679  0.744593  0.00481207  1.00055  
0.926021  0.145243  0.50679  0.744593  
0.753423  0.434285  0.452868  0.796435  
0.885678  0.217628  0.885678  0.235296  
0.452868  0.796435  0.229563  0.948084  
0.229563  0.948084  0.885678  0.217628  
0.996022  0.0105524  0.82283  0.337173  
0.753423  0.434285  0.50679  0.744593  
0.00481207  1.00055  0.229563  0.948084  
0.634913  0.599133  0.00481207  1.00055  
0.50679  0.744593  0.634913  0.599133  
0.885678  0.217628  0.452868  0.796435  
0.452868  0.796435  0.926021  0.145243  
0.82283  0.325099  0.996022  0.0105524  
0.926021  0.145243  0.753423  0.434285  
0.634913  0.599133  0.996022  0.0105524  
0.50679  0.744593  0.885678  0.217628  
0.753423  0.434285  0.82283  0.325099  
0.885678  0.217628  0.634913  0.599133  
0.229563  0.948084  0.50679  0.744593  
0.82283  0.325099  0.753423  0.434285  
0.452868  0.796435  0.00481207  1.00055  
0.926021  0.145243  0.229563  0.948084  
0.996022  0.0105524  0.926021  0.145243  
0.00481207  1.00055  0.452868  0.796435  
0.885678  0.217628  0.82283  0.325099  
0.926021  0.145243  0.00481207  1.00055  
0.452868  0.796435  0.634913  0.599133  
0.50679  0.744593  0.885678  0.217628  
0.753423  0.434285  0.229563  0.948084  
0.00481207  1.00055  0.996022  0.0105524  
0.229563  0.948084  0.50679  0.744593  
0.82283  0.325099  0.469495  0.796435  
0.634913  0.599133  0.926021  0.145243  
0.996022  0.0105524  0.753423  0.434285  
0.996022  0.0105524  0.452868  0.796435  
0.634913  0.599133  0.996022  0.0105524  
0.753423  0.434285  0.82283  0.325099  
0.229553  0.948084  0.634913  0.599133  
0.452868  0.796435  0.926021  0.145243  
0.926021  0.145243  0.00481207  1.00055  
0.82283  0.325099  0.753423  0.434285  
0.885678  0.217628  0.50679  0.744593  
0.50679  0.744593  0.901184  0.246603  
0.00481207  1.00055  0.229553  0.948084  
0.634913  0.599133  0.00481207  1.00055  
0.82283  0.325099  0.82283  0.325099  
0.885678  0.217628  0.229553  0.948084  
0.996022  0.0105524  1.12952  0.200885  
0.753423  0.434285  0.926021  0.145243  
0.926021  0.145243  0.753423  0.434285  
0.00481207  1.00055  0.50679  0.744593  
0.452868  0.796435  0.452868  0.796435  
0.50679  0.744593  0.885678  0.217628  
0.229553  0.948084  0.634913  0.599133  
0.926021  0.145243  0.885678  0.217628  
0.885678  0.217628  0.926021  0.145243  
0.634913  0.599133  0.996022  0.0105524  
0.50679  0.744593  0.82283  0.325099  
0.452868  0.796435  0.247446  0.948084  
0.229553  0.948084  0.753423  0.434285  
0.00481207  1.00055  0.50679  0.744593  
0.996022  0.0105524  0.452868  0.796435  
0.82283  0.325099  0.00481207  1.00055  
0.753423  0.434285  0.634913  0.599133  
0.50679  0.744593  0.996022  0.0105524  
0.82283  0.325099  0.634913  0.599133  
0.885678  0.217628  0.50679  0.744593  
0.452868  0.796435  0.82283  0.325099  
0.996022  0.0105524  0.926021  0.145243  
0.634913  0.599133  0.00481207  1.00055  
0.926021  0.145243  0.753423  0.434285  
0.753423  0.434285  0.885678  0.217628  
0.00481207  1.00055  0.452868  0.796435  
0.229553  0.948084  0.229553  0.948084  
0.885678  0.217628  0.452868  0.796435  
0.926021  0.145243  0.996022  0.0105524  
0.996022  0.0105524  0.82283  0.325099  
0.82283  0.325099  0.229553  0.948084  
0.634913  0.599133  0.00481207  1.00055  
0.00481207  1.00055  0.885678  0.217628  
0.753423  0.434285  0.753423  0.434285  
0.452868  0.796435  0.634913  0.599133  
0.50679  0.744593  0.926021  0.145243  
0.229553  0.948084  0.50679  0.744593  
0.753423  0.434285  0.765955  0.434285  
0.50679  0.744593  0.926021  0.145243  
0.996022  0.0105524  0.452868  0.796435  
0.926021  0.145243  0.229553  0.948084  
0.885678  0.217628  0.82283  0.325099  
0.452868  0.796435  0.885678  0.217628  
0.82283  0.325099  0.996022  0.0105524  
0.634913  0.599133  0.50679  0.744593  
0.00481207  1.00055  0.634913  0.599133  
0.229553  0.948084  0.00481207  1.00055  
0.452868  0.796435  0.452868  0.796435  
0.885678  0.217628  0.926021  0.145243  
0.996022  0.0105524  0.634913  0.617203  
0.229553  0.948084  0.82283  0.325099  
0.753423  0.434285  0.885678  0.217628  
0.82283  0.325099  0.229553  0.948084  
0.50679  0.744593  0.00481207  1.00055  
0.00481207  1.00055  0.50679  0.744593  
0.634913  0.599133  0.996022  0.0105524  
0.926021  0.145243  0.753423  0.434285  
0.00481207  1.00055  0.229553  0.948084  
0.634913  0.599133  0.82283  0.325099  
0.50679  0.744593  0.885678  0.217628  
0.885678  0.217628  0.753423  0.434285  
0.452868  0.796435  0.996022  0.0105524  
0.996022  0.0105524  0.634913  0.599133  
0.926021  0.145243  0.00481207  1.00055  
0.82283  0.325099  0.452868  0.796435  
0.229553  0.948084  0.926021  0.145243  
0.753423  0.434285  0.50679  0.744593  
0.885678  0.217628  0.50679  0.751211  
0.996022  0.0105524  0.229553  0.948084  
0.753423  0.434285  0.926021  0.145243  
0.229553  0.948084  0.753423  0.434285  
0.634913  0.599133  0.452868  0.796435  
0.926021  0.145243  0.634913  0.599133  
0.452868  0.796435  0.885678  0.217628  
0.00481207  1.00055  0.00481207  1.00055  
0.50679  0.744593  0.996022  0.0105524  
0.82283  0.325099  0.82283  0.325099  
0.753423  0.434285  0.50679  0.744593  
0.885678  0.217628  0.229553  0.948084  
0.00481207  1.00055  0.996022  0.0105524  
0.634913  0.599133  0.452868  0.796435  
0.229553  0.948084  0.82283  0.325099  
0.926021  0.145243  0.926021  0.158391  
0.50679  0.744593  0.634913  0.599133  
0.452868  0.796435  0.753423  0.434285  
0.82283  0.325099  0.885678  0.217628  
0.996022  0.0105524  0.00481207  1.00055  
0.634913  0.599133  0.885678  0.217628  
0.50679  0.744593  0.82283  0.325099  
0.82283  0.325099  0.634913  0.599133  
0.926021  0.145243  0.0157871  1.00055  
0.229553  0.948084  0.926021  0.145243  
0.00481207  1.00055  0.50679  0.744593  
0.885678  0.217628  0.452868  0.796435  
0.753423  0.434285  0.996022  0.0105524  
0.452868  0.796435  0.753423  0.434285  
0.996022  0.0105524  0.229553  0.948084  
0.229553  0.948084  0.00481207  1.00055  
0.885678  0.217628  0.82283  0.325099  
0.926021  0.145243  0.926021  0.145243  
0.753423  0.434285  0.885678  0.217628  
0.634913  0.599133  0.452868  0.796435  
0.452868  0.796435  0.229553  0.948084  
0.82283  0.325099  0.634913  0.599133  
0.996022  0.0105524  0.753423  0.434285  
0.00481207  1.00055  0.996022  0.0105524  
0.50679  0.744593  0.50679  0.749265  
0.452868  0.796435  0.926021  0.145243  
0.996022  0.0105524  0.00481207  1.00055  
0.82283  0.325099  0.50679  0.744593  
0.753423  0.434285  0.885678  0.217628  
0.229553  0.948084  0.237037  0.955295  
0.634913  0.599133  0.452868  0.796435  
0.885678  0.217628  0.996022  0.0105524  
0.50679  0.744593  0.753423  0.434285  
0.926021  0.145243  0.634913  0.599133  
0.00481207  1.00055  0.82283  0.325099  
0.50679  0.744593  0.634913  0.60992  
0.82283  0.325099  0.82283  0.325099  
0.885678  0.217628  0.885678  0.217628  
0.452868  0.796435  0.00481207  1.00055  
0.996022  0.0105524  0.996022  0.0105524  
0.634913  0.599133  0.452868  0.796435  
0.926021  0.145243  0.926021  0.145243  
0.753423  0.434285  0.50679  0.744593  
0.00481207  1.00055  0.229553  0.948084  
0.229553  0.948084  0.753423  0.434285  
0.229553  0.948084  0.753423  0.434285  
0.452868  0.796435  0.634913  0.599133  
0.634913  0.599133  0.452868  0.796435  
0.00481207  1.00055  0.926021  0.145243  
0.996022  0.0105524  0.00481207  1.00055  
0.926021  0.145243  0.50679  0.744593  
0.50679  0.744593  0.885678  0.217628  
0.753423  0.434285  0.229553  0.948084  
0.82283  0.325099  0.82283  0.325099  
0.885678  0.217628  0.996022  0.0105524  
0.885678  0.217628  0.452868  0.796435  
0.926021  0.145243  0.753423  0.434285  
0.996022  0.0105524  0.926021  0.145243  
0.82283  0.325099  0.82283  0.325099  
0.634913  0.599133  0.885678  0.217628  
0.00481207  1.00055  0.996022  0.0105524  
0.753423  0.434285  0.525672  0.744593  
0.452868  0.796435  0.229553  0.948084  
0.50679  0.744593  0.634913  0.599133  
0.229553  0.948084  0.00481207  1.00055  
0.996022  0.0105524  0.00481207  1.00055  
0.753423  0.434285  0.229553  0.948084  
0.926021  0.145243  0.885678  0.217628  
0.82283  0.325099  0.926021  0.145243  
0.452868  0.796435  0.50679  0.744593  
0.00481207  1.00055  0.996022  0.0105524  
0.634913  0.599133  0.82283  0.325099  
0.885678  0.217628  0.634913  0.599133  
0.229553  0.948084  0.753423  0.450244  
0.50679  0.744593  0.452868  0.796435  
0.50679  0.744593  0.996022  0.0105524  
0.996022  0.0105524  0.634913  0.599133  
0.753423  0.434285  0.452868  0.796435  
0.634913  0.599133  0.926021  0.145243  
0.82283  0.325099  0.82283  0.325099  
0.229553  0.948084  0.00481207  1.00055  
0.452868  0.796435  0.50679  0.744593  
0.885678  0.217628  0.885678  0.217628  
0.00481207  1.00055  0.753423  0.444885  
0.926021  0.145243  0.229553  0.948084  
0.229553  0.948084  0.996022  0.0105524  
0.00481207  1.00055  0.926021  0.145243  
0.634913  0.599133  0.50679  0.748155  
0.452868  0.796435  0.00481207  1.00055  
0.753423  0.434285  0.753423  0.434285  
0.82283  0.325099  0.82283  0.325099  
0.926021  0.145243  0.885678  0.217628  
0.50679  0.744593  0.229553  0.948084  
0.996022  0.0105524  0.452868  0.796435  
0.885678  0.217628  0.634913  0.599133  
0.753423  0.434285  0.885678  0.217628  
0.634913  0.599133  0.926021  0.145243  
0.50679  0.744593  0.456523  0.796435  
0.229553  0.948084  0.634913  0.599133  
0.82283  0.325099  0.229553  0.948084  
0.00481207  1.00055  0.00481207  1.00055  
0.885678  0.217628  0.50679  0.744593  
0.996022  0.0105524  0.753423  0.434285  
0.926021  0.145243  0.996022  0.0105524  
0.452868  0.796435  0.82283  0.325099  
0.926021  0.145243  0.885678  0.217628  
0.634913  0.599133  0.50679  0.744593  
0.82283  0.325099  0.00481207  1.00055  
0.229553  0.948084  0.82283  0.325099  
0.753423  0.434285  0.634913  0.599133  
0.452868  0.796435  0.926021  0.145243  
0.885678  0.217628  0.452868  0.796435  
0.50679  0.744593  0.753423  0.434285  
0.996022  0.0105524  0.229553  0.948084  
0.00481207  1.00055  0.996022  0.0105524  
0.229553  0.948084  0.00481207  1.00055  
0.00481207  1.00055  0.82283  0.325099  
0.885678  0.217628  0.926021  0.145243  
0.634913  0.599133  0.753423  0.434285  
0.926021  0.145243  0.885678  0.217628  
0.753423  0.434285  0.634913  0.599133  
0.50679  0.744593  0.229553  0.948084  
0.996022  0.0105524  0.50679  0.744593  
0.82283  0.325099  0.996022  0.0105524  
0.452868  0.796435  0.452868  0.796435  
0.50679  0.744593  0.82283  0.325099  
0.82283  0.325099  0.634913  0.617253  
0.885678  0.217628  0.996022  0.0105524  
0.452868  0.796435  0.229553  0.948084  
0.996022  0.0105524  0.753423  0.434285  
0.634913  0.599133  0.926021  0.145243  
0.926021  0.145243  0.885678  0.217628  
0.753423  0.434285  0.50679  0.744593  
0.00481207  1.00055  0.452868  0.796435  
0.229553  0.948084  0.00481207  1.00055  
0.885678  0.217628  0.00481207  1.01712  
0.634913  0.599133  0.996022  0.0105524  
0.452868  0.796435  0.634913  0.599133  
0.82283  0.325099  0.229553  0.948084  
0.00481207  1.00055  0.50679  0.744593  
0.926021  0.145243  0.885678  0.217628  
0.753423  0.434285  0.753423  0.434285  
0.996022  0.0105524  0.452868  0.796435  
0.229553  0.948084  0.82283  0.325099  
0.50679  0.744593  0.926021  0.145243  
0.885678  0.217628  0.0212761  1.00055  
0.926021  0.145243  0.753423  0.434285  
0.996022  0.0105524  0.885678  0.217628  
0.82283  0.325099  0.82283  0.325099  
0.634913  0.599133  0.229553  0.948084  
0.00481207  1.00055  0.926021  0.145243  
0.753423  0.434285  0.996022  0.0105524  
0.452868  0.796435  0.452868  0.796435  
0.50679  0.744593  0.50679  0.744593  
0.229553  0.948084  0.634913  0.599133  
0.634913  0.599133  0.885678  0.217628  
0.926021  0.145243  0.82283  0.325099  
0.229553  0.948084  0.753423  0.434285  
0.50679  0.744593  0.634913  0.599133  
0.452868  0.796435  0.50679  0.744593  
0.996022  0.0105524  0.229553  0.948084  
0.00481207  1.00055  0.452868  0.796435  
0.885678  0.217628  0.00481207  1.01858  
0.753423  0.434285  0.926021  0.145243  
0.82283  0.325099  0.996022  0.0105524  
0.452868  0.796435  0.996022  0.0105524  
0.926021  0.145243  0.885678  0.217628  
0.229553  0.948084  0.229553  0.948084  
0.82283  0.325099  0.634913  0.599133  
0.00481207  1.00055  0.753423  0.434285  
0.885678  0.217628  0.00481207  1.00055  
0.634913  0.599133  0.452868  0.796435  
0.50679  0.744593  0.926021  0.145243  
0.753423  0.434285  0.50679  0.744593  
0.996022  0.0105524  0.827098  0.325099  
0.926021  0.145243  0.452868  0.796435  
0.50679  0.744593  0.229553  0.948084  
0.229553  0.948084  0.00481207  1.01753  
0.996022  0.0105524  0.82283  0.325099  
0.634913  0.599133  0.885678  0.217628  
0.885678  0.217628  0.753423  0.434285  
0.452868  0.796435  0.50679  0.744593  
0.753423  0.434285  0.996022  0.0105524  
0.82283  0.325099  0.926021  0.145243  
0.00481207  1.00055  0.634913  0.599133  
0.885678  0.217628  0.452868  0.796435  
0.50679  0.744593  0.996022  0.0105524  
0.996022  0.0105524  0.50679  0.744593  
0.926021  0.145243  0.926021  0.145243  
0.452868  0.796435  0.8917  0.217628  
0.00481207  1.00055  0.00481207  1.00055  
0.82283  0.325099  0.82283  0.325099  
0.634913  0.599133  0.634913  0.599133  
0.753423  0.434285  0.229553  0.948084  
0.229553  0.948084  0.753423  0.434285  
0.926021  0.145243  0.82283  0.325099  
0.50679  0.744593  0.50679  0.744593  
0.996022  0.0105524  0.996022  0.0105524  
0.82283  0.325099  0.926021  0.145243  
0.885678  0.217628  0.634913  0.599133  
0.452868  0.796435  0.753423  0.434285  
0.229553  0.948084  0.229553  0.948084  
0.00481207  1.00055  0.00481207  1.00055  
0.753423  0.434285  0.885678  0.231016  
0.634913  0.599133  0.452868  0.796435  
