0.49202  1.10414  0.309583  1.10282  
0.295032  1.15339  0.358551  1.14227  
0.739836  0.869128  0.38742  1.06826  
0.592296  1.01033  0.651822  0.914057  
0.230032  1.18854  1.0517  0.413338  
0.467898  1.09184  0.674271  0.91699  
1.0015  0.453868  0.962354  0.476862  
0.656346  0.965987  1.15994  0.171158  
0.799918  0.729464  1.15591  0.216641  
0.304828  1.10285  0.792975  0.770904  
0.690402  0.888642  0.684678  0.91268  
0.761302  0.826545  0.442373  1.07414  
1.06785  0.404272  0.819443  0.694047  
0.77566  0.778075  0.703019  0.831604  
0.603001  0.978401  1.02729  0.461701  
0.920862  0.585042  0.243708  1.15315  
0.57427  0.991291  0.844735  0.76128  
0.572337  1.00336  0.25855  1.19515  
0.878797  0.691322  0.53169  1.03266  
0.467084  1.04222  0.908385  0.625247  
1.14069  0.205437  0.626195  0.993566  
0.252976  1.12951  0.681658  0.901669  
0.922544  0.563839  0.224237  1.15647  
1.16847  0.193205  0.3501  1.16827  
0.784255  0.778564  0.401064  1.12594  
0.260434  1.17308  0.755823  0.830778  
0.222483  1.20246  0.875046  0.681969  
0.998548  0.466161  0.721124  0.855944  
0.983357  0.516355  0.261163  1.17061  
0.802875  0.856292  0.91005  0.649736  
0.956292  0.551277  1.15888  0.153454  
0.421154  1.09796  0.602519  0.951854  
0.296286  1.1588  1.07208  0.310876  
0.837996  0.816387  0.682654  0.893877  
0.334772  1.10523  0.915187  0.585245  
0.564417  1.00198  1.08249  0.314946  
0.683897  0.937714  0.169679  1.14521  
0.212007  1.14183  0.88785  0.643092  
1.06982  0.321531  1.10246  0.301939  
0.751583  0.849622  0.830458  0.716696  
0.507347  1.05304  0.219596  1.19951  
1.02997  0.384547  0.449266  1.08869  
1.00772  0.438306  0.766526  0.812806  
0.56095  1.0091  0.659188  0.955604  
0.902529  0.607599  0.858743  0.728601  
0.845962  0.695929  1.20134  0.176482  
0.671269  0.829328  1.07345  0.435823  
0.221831  1.16994  0.353536  1.09282  
0.486082  1.08235  1.12243  0.221804  
0.234054  1.16497  0.210801  1.16136  
0.874204  0.696922  0.314671  1.16811  
1.11252  0.319008  0.504013  1.05526  
0.453713  1.05559  0.773692  0.804105  
1.09877  0.35215  1.00409  0.480161  
0.98652  0.435297  0.248032  1.17876  
0.39821  1.11046  0.318247  1.17466  
0.296694  1.1483  0.292406  1.16168  
0.924264  0.640493  0.212952  1.1651  
0.694944  0.861737  0.484078  1.0697  
1.14059  0.136719  0.251375  1.14815  
0.738031  0.877203  1.07742  0.333356  
0.972561  0.541128  0.36499  1.11021  
0.57203  1.0121  0.402945  1.14296  
1.12538  0.305845  1.04484  0.398626  
1.00912  0.533311  1.07342  0.389352  
1.07192  0.374531  0.69412  0.936888  
0.782589  0.753372  1.14067  0.22075  
1.15282  0.236562  0.668204  0.956099  
1.00805  0.575611  0.769041  0.812943  
1.03698  0.385149  0.720675  0.862053  
0.583375  1.03176  0.810999  0.738624  
0.648355  0.941373  0.682288  0.880638  
0.974201  0.525177  1.02961  0.438156  
0.578001  1.04259  1.13776  0.2115  
1.10474  0.332589  0.708121  0.884188  
1.03597  0.373388  0.944345  0.52385  
1.13518  0.238294  0.736444  0.863822  
1.07394  0.230486  1.05661  0.338755  
0.167005  1.21196  0.787797  0.745011  
0.690318  0.904043  0.864585  0.721709  
0.184381  1.17744  1.00406  0.54876  
0.286419  1.15584  0.474237  1.0911  
1.02551  0.33208  1.10483  0.337019  
1.04379  0.353523  0.607541  0.980683  
0.754586  0.850759  1.10257  0.222974  
0.676352  0.904794  0.810148  0.726958  
1.11865  0.182654  0.823635  0.696251  
0.391434  1.10464  0.288556  1.12386  
0.757932  0.871975  0.243168  1.16191  
0.341778  1.14019  0.42006  1.12081  
1.11012  0.234302  0.471405  1.0594  
0.864038  0.69772  0.913924  0.582294  
0.929065  0.575892  1.01399  0.481127  
1.1212  0.310989  0.260131  1.20614  
0.264247  1.1189  0.424731  1.09747  
0.203459  1.16595  1.10462  0.261501  
0.455495  1.08438  0.799762  0.794842  
1.00683  0.505374  0.402009  1.11153  
0.323854  1.17811  0.232651  1.18746  
1.01789  0.515502  0.382968  1.13546  
1.00939  0.0136942  0.28478  0.943062  
0.885526  0.250316  0.838682  0.351184  
0.28478  0.943062  0.0134512  1.0173  
0.735132  0.515107  0.552579  0.739704  
0.838682  0.351184  0.670886  0.603188  
0.552579  0.723961  1.00939  0.0136942  
0.377212  0.891938  0.434204  0.956142  
0.0134512  1.0173  0.960899  0.107879  
0.658911  0.590432  0.735132  0.515107  
0.982194  0.119194  0.885526  0.250316  
0.982194  0.119194  0.982194  0.119194  
0.735132  0.515107  0.552579  0.723961  
0.0134512  1.0173  0.377212  0.891938  
1.00939  0.0136942  0.838682  0.351184  
0.28478  0.943062  0.28478  0.943062  
0.838682  0.351184  0.885526  0.250316  
0.377212  0.891938  0.735132  0.515107  
0.658911  0.589237  0.0279447  1.04425  
0.885526  0.250316  0.427707  1.00536  
0.552579  0.723961  1.00939  0.0136942  
0.552579  0.723961  0.28478  0.943062  
0.377212  0.891938  1.07409  0.354245  
0.678644  0.589237  0.377212  0.891938  
0.885526  0.250316  1.00939  0.0136942  
0.0134512  1.0173  0.0134512  1.0173  
0.960899  0.107879  0.664427  0.80158  
0.838682  0.351184  0.838682  0.351184  
1.00939  0.0136942  0.885526  0.250316  
0.28478  0.943062  0.658911  0.589237  
0.735132  0.515107  0.735132  0.515107  
0.838682  0.351184  0.0134512  1.0173  
0.960899  0.107879  0.838682  0.351184  
1.00939  0.0136942  0.960899  0.107879  
0.552579  0.739704  0.28478  0.943062  
0.377212  0.891938  0.377212  0.891938  
0.0134512  1.0173  0.885526  0.250316  
0.28478  0.943062  0.751519  0.53251  
0.658911  0.589237  1.00939  0.0136942  
0.885526  0.250316  0.552579  0.723961  
0.735132  0.515107  0.678644  0.589237  
0.552579  0.723961  0.376657  1.03797  
0.28478  0.943062  0.735132  0.515107  
0.960899  0.107879  0.885526  0.250316  
0.838682  0.351184  0.658911  0.589237  
0.377212  0.891938  0.377212  0.891938  
0.0134512  1.0173  0.552579  0.723961  
0.735132  0.515107  0.838682  0.351184  
0.658911  0.589237  0.960899  0.107879  
0.885526  0.250316  0.0134512  1.0173  
1.00939  0.0136942  1.00939  0.0136942  
0.377212  0.891938  0.960899  0.107879  
0.658911  0.589237  0.897701  0.377802  
1.00939  0.0136942  1.00939  0.0136942  
0.735132  0.515107  0.885526  0.250316  
0.552579  0.723961  0.0134512  1.0173  
0.0134512  1.0173  0.552579  0.723961  
0.838682  0.351184  0.377212  0.891938  
0.28478  0.947556  0.658911  0.589237  
0.960899  0.107879  0.735132  0.515107  
0.885526  0.250316  0.28478  0.943062  
0.735132  0.515107  0.735132  0.515107  
0.960899  0.107879  0.28478  0.943062  
0.885526  0.250316  0.838682  0.351184  
0.838682  0.351184  0.377212  0.891938  
0.552579  0.723961  0.0134512  1.0173  
0.28478  0.943062  0.658911  0.589237  
0.0134512  1.0173  1.00939  0.0136942  
1.00939  0.0136942  0.590125  0.76555  
0.658911  0.589237  0.885526  0.250316  
0.377212  0.891938  0.960899  0.107879  
0.838682  0.351184  0.792081  0.574773  
0.28478  0.943062  0.960899  0.107879  
1.00939  0.0136942  1.00939  0.0136942  
0.552579  0.723961  0.28478  0.943062  
0.658911  0.589237  0.377212  0.891938  
0.960899  0.107879  0.885526  0.250316  
0.0134512  1.0173  0.658911  0.589237  
0.885526  0.250316  0.838682  0.351184  
0.735132  0.515107  0.552579  0.723961  
0.377212  0.891938  0.0134512  1.0173  
1.00939  0.0136942  0.735132  0.515107  
0.28478  0.943062  0.377212  0.891938  
0.885526  0.250316  1.00939  0.0136942  
0.960899  0.107879  0.960899  0.107879  
0.552579  0.723961  0.28478  0.943062  
0.0134512  1.0173  0.658911  0.589237  
0.838682  0.351184  0.885526  0.250316  
0.735132  0.515107  0.838682  0.351184  
0.377212  0.891938  0.0134512  1.0173  
0.658911  0.589237  0.601303  0.756245  
0.377212  0.891938  0.960899  0.107879  
0.552579  0.723961  0.377212  0.891938  
1.00939  0.0136942  1.00939  0.0136942  
0.838682  0.351184  0.838682  0.351184  
0.960899  0.107879  0.670886  0.603188  
0.0134512  1.0173  0.0134512  1.0173  
0.735132  0.515107  0.28478  0.943062  
0.658911  0.589237  0.885526  0.250316  
0.28478  0.943062  0.552579  0.739704  
0.885526  0.250316  0.735132  0.515107  
0.369865  0.885646  1.00514  0.0121878  
0.00839587  1.01612  0.958725  0.10462  
0.734141  0.513158  0.734141  0.513158  
0.55199  0.719879  0.836063  0.348431  
0.65565  0.586655  0.279384  0.939072  
0.958725  0.10462  0.369865  0.885646  
1.00514  0.0121878  0.00839587  1.01612  
0.884276  0.243281  0.55199  0.719879  
0.279384  0.939072  0.892471  0.243281  
0.836063  0.348431  0.65565  0.586655  
1.00514  0.0121878  1.04092  0.0380125  
0.279384  0.939072  0.00839587  1.01612  
0.734141  0.513158  0.734141  0.513158  
0.836063  0.348431  0.884276  0.243281  
0.369865  0.885646  0.836063  0.348431  
0.00839587  1.01612  0.958725  0.10462  
0.958725  0.10462  0.55199  0.719879  
0.65565  0.586655  0.279384  0.939072  
0.55199  0.719879  0.65565  0.586655  
0.884276  0.243281  0.369865  0.885646  
0.55199  0.719879  0.369865  0.885646  
0.279384  0.939072  0.55199  0.719879  
0.836063  0.348431  0.734141  0.513158  
0.734141  0.513158  0.65565  0.586655  
1.00514  0.0121878  0.279384  0.939072  
0.958725  0.10462  0.958725  0.10462  
0.369865  0.885646  0.836063  0.348431  
0.884276  0.243281  0.908938  0.278585  
0.00839587  1.01612  0.045055  1.08253  
0.65565  0.586655  1.00514  0.0121878  
0.958725  0.10462  0.856393  0.613887  
0.00839587  1.01612  0.884276  0.243281  
0.279384  0.939072  0.958725  0.10462  
0.836063  0.348431  0.65565  0.586655  
0.55199  0.719879  0.836063  0.348431  
1.00514  0.0121878  0.00839587  1.01612  
0.884276  0.243281  0.369865  0.885646  
0.734141  0.513158  0.279384  0.939072  
0.369865  0.885646  1.00514  0.0121878  
0.65565  0.586655  0.55199  0.719879  
0.279384  0.939072  1.00514  0.0121878  
0.369865  0.885646  0.00839587  1.01612  
0.55199  0.719879  0.279384  0.939072  
0.836063  0.348431  0.369865  0.885646  
0.00839587  1.01612  0.734141  0.513158  
1.00514  0.0121878  0.65565  0.586655  
0.65565  0.586655  0.55199  0.719879  
0.884276  0.243281  0.884276  0.243281  
0.958725  0.10462  0.958725  0.10462  
0.734141  0.513158  0.853207  0.365988  
0.734141  0.513158  0.00839587  1.01612  
0.65565  0.586655  0.836063  0.348431  
0.00839587  1.01612  1.00514  0.0121878  
0.836063  0.348431  0.369865  0.885646  
1.00514  0.0121878  0.958725  0.10462  
0.279384  0.939072  0.55199  0.719879  
0.958725  0.10462  0.65565  0.586655  
0.884276  0.243281  0.333333  0.98441  
0.55199  0.719879  0.884276  0.243281  
0.369865  0.885646  0.734141  0.513158  
0.279384  0.939072  0.836063  0.348431  
0.734141  0.513158  0.884276  0.243281  
0.836063  0.348431  0.369865  0.885646  
0.55199  0.719879  0.65565  0.586655  
0.65565  0.586655  1.00514  0.0121878  
1.00514  0.0121878  0.55199  0.719879  
0.958725  0.10462  0.734141  0.513158  
0.884276  0.243281  0.00839587  1.01612  
0.369865  0.885646  0.279384  0.939072  
0.00839587  1.01612  0.958725  0.10462  
0.65565  0.586655  0.279384  0.939072  
0.00839587  1.01612  0.00839587  1.01612  
0.734141  0.513158  0.958725  0.10462  
0.836063  0.348431  0.884276  0.243281  
0.55199  0.719879  0.369865  0.885646  
0.279384  0.939072  1.00028  0.331477  
0.958725  0.10462  0.734141  0.513158  
0.884276  0.243281  0.55199  0.719879  
1.00514  0.0121878  0.665816  0.586655  
0.369865  0.885646  0.836063  0.348431  
1.00514  0.0121878  0.279384  0.939072  
0.00839587  1.01612  0.65565  0.586655  
0.958725  0.10462  0.836063  0.348431  
0.369865  0.885646  1.00514  0.0121878  
0.55199  0.719879  0.884276  0.243281  
0.65565  0.586655  0.55199  0.719879  
0.279384  0.939072  0.958725  0.10462  
0.884276  0.243281  0.0265242  1.03332  
0.836063  0.348431  0.734141  0.513158  
0.734141  0.513158  0.369865  0.885646  
0.836063  0.348431  0.65565  0.586655  
1.00514  0.0121878  1.02362  0.0299974  
0.279384  0.939072  0.00839587  1.01612  
0.734141  0.513158  0.836063  0.348431  
0.369865  0.885646  0.279384  0.939072  
0.55199  0.719879  0.55199  0.719879  
0.65565  0.586655  0.958725  0.10462  
0.884276  0.243281  0.734141  0.513158  
0.958725  0.10462  0.369865  0.885646  
0.00839587  1.01612  0.884276  0.243281  
0.958633  0.102491  0.369671  0.885646  
0.655364  0.58614  0.883321  0.242167  
0.550431  0.717287  0.550431  0.717287  
1.00419  0.0121878  0.977126  0.11712  
0.734054  0.510824  0.655364  0.58614  
0.279418  0.938398  0.835968  0.34822  
0.369671  0.885646  0.00828277  1.0112  
0.883321  0.242167  0.734054  0.510824  
0.835968  0.34822  0.279418  0.938398  
0.00828277  1.0112  1.00419  0.0121878  
1.00419  0.0121878  0.835968  0.34822  
0.279418  0.938398  0.734054  0.510824  
0.369671  0.885646  0.958633  0.102491  
0.883321  0.242167  1.00419  0.0121878  
0.00828277  1.0112  0.655364  0.58614  
0.655364  0.58614  0.883321  0.242167  
0.958633  0.102491  0.369671  0.885646  
0.550431  0.717287  0.00828277  1.0112  
0.835968  0.34822  0.570198  0.717287  
0.734054  0.510824  0.279418  0.938398  
0.550431  0.717287  0.734054  0.510824  
0.279418  0.938398  0.550431  0.717287  
0.958633  0.102491  0.655364  0.58614  
0.883321  0.242167  0.835968  0.34822  
0.00828277  1.0112  0.883321  0.242167  
1.00419  0.0121878  0.298765  0.972639  
0.369671  0.885646  0.00828277  1.0112  
0.655364  0.58614  0.369671  0.885646  
0.734054  0.510824  0.958633  0.102491  
0.835968  0.34822  1.00419  0.0121878  
0.734054  0.510824  1.00419  0.0121878  
0.958633  0.102491  0.835968  0.34822  
0.279418  0.938398  0.958633  0.102491  
0.835968  0.34822  0.550431  0.717287  
0.00828277  1.0112  0.734054  0.510824  
1.00419  0.0121878  0.883321  0.242167  
0.369671  0.885646  0.655364  0.58614  
0.655364  0.58614  0.369671  0.885646  
0.550431  0.717287  0.0107809  1.01558  
0.883321  0.242167  0.279418  0.938398  
0.279418  0.938398  0.835968  0.34822  
0.655364  0.58614  0.655364  0.58614  
1.00419  0.0121878  0.369671  0.885646  
0.883321  0.242167  0.51556  1.00145  
0.00828277  1.0112  0.00828277  1.0112  
0.958633  0.102491  1.00419  0.0121878  
0.369671  0.885646  0.253766  1.16473  
0.835968  0.34822  0.770079  0.541224  
0.734054  0.510824  0.958633  0.102491  
0.550431  0.717287  0.883321  0.242167  
0.958633  0.102491  0.655364  0.58614  
0.279418  0.938398  0.883321  0.242167  
0.369671  0.885646  1.00419  0.0121878  
0.883321  0.242167  0.734054  0.510824  
0.00828277  1.0112  0.958633  0.102491  
0.655364  0.58614  0.369671  0.885646  
0.734054  0.510824  0.589621  0.73289  
1.00419  0.0121878  0.00828277  1.0112  
0.550431  0.717287  0.835968  0.34822  
0.835968  0.34822  0.279418  0.938398  
0.958633  0.102491  0.655364  0.58614  
0.655364  0.58614  0.00828277  1.0112  
0.734054  0.510824  0.854757  0.349243  
0.883321  0.242167  0.883321  0.242167  
1.00419  0.0121878  0.958633  0.102491  
0.550431  0.717287  0.734054  0.510824  
0.369671  0.885646  0.279418  0.938398  
0.00828277  1.0112  1.00419  0.0121878  
0.279418  0.938398  0.369671  0.885646  
0.835968  0.34822  0.550431  0.717287  
0.279418  0.938398  0.958633  0.102491  
0.835968  0.34822  1.00419  0.0121878  
0.655364  0.58614  0.835968  0.34822  
0.883321  0.242167  0.369671  0.885646  
0.958633  0.102491  0.734054  0.510824  
1.00419  0.0121878  0.655364  0.58614  
0.369671  0.885646  0.550431  0.717287  
0.550431  0.717287  0.00828277  1.0112  
0.734054  0.510824  0.279418  0.938398  
0.00828277  1.0112  0.883321  0.242167  
0.835968  0.34822  0.279418  0.938398  
0.655364  0.58614  0.369671  0.885646  
0.734054  0.510824  0.883321  0.242167  
0.883321  0.242167  0.655364  0.58614  
0.00828277  1.0112  0.0180808  1.02142  
0.958633  0.102491  0.550431  0.717287  
0.550431  0.717287  1.00419  0.0121878  
0.279418  0.938398  0.835968  0.34822  
0.369671  0.885646  0.958633  0.102491  
1.00419  0.0121878  0.734054  0.510824  
0.835968  0.34822  0.835968  0.34822  
0.655364  0.58614  0.734054  0.510824  
0.279418  0.938398  0.883321  0.242167  
0.883321  0.242167  0.655364  0.58614  
0.734054  0.510824  0.00828277  1.0112  
0.958633  0.102491  0.975261  0.117771  
0.00828277  1.0112  0.279418  0.938398  
0.550431  0.717287  0.550431  0.731222  
0.369671  0.885646  1.00419  0.0121878  
1.00419  0.0121878  0.369671  0.885646  
1.00357  0.0121639  0.835146  0.348435  
0.36938  0.885462  0.882311  0.240395  
0.882311  0.240395  0.957664  0.102216  
0.835146  0.348435  0.00759869  1.01069  
0.653852  0.584993  0.653852  0.584993  
0.277906  0.938141  0.379186  0.894812  
0.550367  0.715404  0.277906  0.938141  
0.00759869  1.01069  1.00357  0.0121639  
0.957664  0.102216  0.550367  0.715404  
0.733305  0.510212  0.733305  0.510212  
0.277906  0.938141  0.835146  0.348435  
0.550367  0.715404  0.733305  0.510212  
0.957664  0.102216  0.99695  0.120614  
0.835146  0.348435  0.882311  0.240395  
0.00759869  1.01069  0.550367  0.715404  
0.733305  0.510212  0.653852  0.584993  
1.00357  0.0121639  0.00759869  1.01069  
0.36938  0.885462  1.00357  0.0121639  
0.882311  0.240395  0.36938  0.885462  
0.653852  0.584993  0.277906  0.938141  
0.550367  0.715404  0.36938  0.885462  
0.882311  0.240395  0.00759869  1.01069  
0.00759869  1.01069  0.653852  0.584993  
0.835146  0.348435  0.277906  0.938141  
0.957664  0.102216  0.550367  0.715404  
0.36938  0.885462  0.957664  0.102216  
0.653852  0.584993  0.760454  0.539071  
1.00357  0.0121639  1.00357  0.0121639  
0.277906  0.938141  0.835146  0.348435  
0.733305  0.510212  0.882311  0.240395  
0.00759869  1.01069  0.733305  0.510212  
0.550367  0.715404  1.00357  0.0121639  
0.653852  0.584993  0.882311  0.240395  
0.957664  0.102216  0.835146  0.34733  
0.36938  0.885462  0.957664  0.102216  
0.835146  0.34733  0.550367  0.715404  
0.882311  0.240395  0.277906  0.938141  
1.00357  0.0121639  0.00759869  1.01069  
0.277906  0.938141  0.387044  0.906401  
0.733305  0.510212  0.653852  0.584993  
0.733305  0.510212  1.00357  0.0121639  
0.277906  0.938141  0.882311  0.240395  
1.00357  0.0121639  0.36938  0.885462  
0.00759869  1.01069  0.842314  0.362783  
0.957664  0.102216  0.00759869  1.01069  
0.835146  0.348435  0.967968  0.112158  
0.550367  0.715404  0.277906  0.938141  
0.653852  0.584993  0.550367  0.715404  
0.882311  0.240395  0.733305  0.510212  
0.36938  0.885462  0.653852  0.584993  
0.36938  0.885462  0.882311  0.240395  
0.00759869  1.01069  0.835146  0.34733  
0.957664  0.102216  0.957664  0.102216  
0.550367  0.715404  0.36938  0.885462  
0.835146  0.34733  0.0713756  1.06573  
0.277906  0.938141  1.00357  0.0121639  
0.653852  0.584993  0.733305  0.510212  
0.882311  0.240395  0.550367  0.715404  
1.00357  0.0121639  0.277906  0.938141  
0.733305  0.510212  0.653852  0.584993  
0.550367  0.715404  0.835146  0.34733  
0.00759869  1.01069  0.443751  0.936791  
0.653852  0.584993  0.957664  0.102216  
0.835146  0.34733  0.882311  0.240395  
0.733305  0.510212  0.550367  0.715404  
0.957664  0.102216  0.653852  0.584993  
0.36938  0.885462  1.00357  0.0121639  
0.277906  0.938141  0.733305  0.510212  
1.00357  0.0121639  0.00759869  1.01069  
0.882311  0.240395  0.295124  0.970385  
0.882311  0.240395  0.36938  0.885462  
0.835146  0.34733  0.890561  0.242478  
0.653852  0.584993  0.653852  0.584993  
0.00759869  1.01069  0.957664  0.102216  
0.277906  0.938141  1.00357  0.0121639  
0.550367  0.715404  0.550367  0.715404  
1.00357  0.0121639  0.733305  0.510212  
0.957664  0.102216  0.277906  0.938141  
0.36938  0.885462  0.894622  0.667537  
0.733305  0.510212  0.00759869  1.01069  
0.00759869  1.01069  0.957664  0.117651  
0.882311  0.240395  0.00759869  1.01069  
0.835146  0.34733  1.00357  0.0121639  
0.277906  0.938141  0.835146  0.34733  
0.653852  0.584993  0.36938  0.885462  
0.733305  0.510212  0.882311  0.240395  
0.550367  0.715404  0.550367  0.715404  
0.957664  0.102216  0.277906  0.938141  
1.00357  0.0121639  0.653852  0.584993  
0.36938  0.885462  0.733305  0.510212  
0.653852  0.584993  0.882311  0.240395  
0.882311  0.240395  1.00357  0.0121639  
0.550367  0.715404  0.277906  0.938141  
0.00759869  1.01069  0.733305  0.510212  
0.277906  0.938141  0.550367  0.715404  
0.36938  0.885462  0.756736  0.817126  
0.835146  0.34733  0.653852  0.584993  
0.957664  0.102216  0.859763  0.373812  
1.00357  0.0121639  0.00759869  1.01069  
0.733305  0.510212  0.36938  0.885462  
0.732147  0.509766  0.732147  0.509766  
0.95726  0.0985234  0.369173  0.88542  
0.653248  0.584993  0.882146  0.238591  
0.276021  0.933342  0.548693  0.713472  
0.882146  0.238591  0.95726  0.0985234  
0.369173  0.88542  0.835022  0.34548  
1.00247  0.0121639  1.00247  0.0121639  
0.835022  0.34548  0.653248  0.584993  
0.548693  0.713472  0.276021  0.933342  
0.00756363  1.01069  0.00756363  1.01069  
0.369173  0.88542  0.548693  0.713472  
0.732147  0.509766  1.08506  0.0833923  
0.95726  0.0985234  0.653248  0.584993  
0.882146  0.238591  0.369173  0.88542  
0.00756363  1.01069  0.835022  0.34548  
0.276021  0.933342  0.276021  0.933342  
0.835022  0.34548  0.00756363  1.01069  
0.548693  0.713472  0.882146  0.238591  
0.653248  0.584993  0.95726  0.0985234  
1.00247  0.0121639  0.732147  0.509766  
1.00247  0.0121639  1.00247  0.0121639  
0.835022  0.34548  0.00756363  1.01069  
0.276021  0.933342  0.653248  0.584993  
0.882146  0.238591  0.882146  0.238591  
0.548693  0.713472  0.652044  0.81441  
0.653248  0.584993  0.369173  0.88542  
0.95726  0.0985234  0.835022  0.34548  
0.00756363  1.01069  0.276021  0.933342  
0.369173  0.88542  0.95726  0.0985234  
0.732147  0.509766  0.732147  0.509766  
0.548693  0.713472  0.548693  0.713472  
0.882146  0.238591  0.653248  0.601105  
0.732147  0.509766  0.369173  0.88542  
0.369173  0.88542  0.835022  0.34548  
0.00756363  1.01069  0.276021  0.933342  
1.00247  0.0121639  0.882146  0.238591  
0.653248  0.584993  0.00756363  1.01069  
0.835022  0.34548  0.732147  0.509766  
0.276021  0.933342  0.95726  0.0985234  
0.95726  0.0985234  1.00247  0.0121639  
1.00247  0.0121639  0.669352  0.598049  
0.882146  0.238591  0.548693  0.713472  
0.95726  0.0985234  0.95726  0.0985234  
0.548693  0.713472  0.369173  0.88542  
0.00756363  1.01069  0.882146  0.238591  
0.835022  0.34548  0.00756363  1.01069  
0.653248  0.584993  0.276021  0.933342  
0.732147  0.509766  0.835022  0.34548  
0.369173  0.88542  1.00247  0.0121639  
0.276021  0.933342  0.732147  0.509766  
0.548693  0.713472  0.00756363  1.01069  
0.95726  0.0985234  0.95726  0.0985234  
0.369173  0.88542  1.00247  0.0121639  
0.653248  0.584993  0.835022  0.34548  
0.00756363  1.01069  0.653248  0.584993  
0.276021  0.933342  0.732147  0.509766  
0.732147  0.509766  0.663105  0.947473  
1.00247  0.0121639  0.882146  0.238591  
0.835022  0.34548  0.276021  0.933342  
0.882146  0.238591  0.548693  0.713472  
0.369173  0.88542  0.00756363  1.01069  
0.653248  0.584993  0.584623  0.742108  
0.276021  0.933342  0.732147  0.509766  
0.732147  0.509766  0.276021  0.933342  
0.548693  0.713472  0.95726  0.0985234  
1.00247  0.0121639  0.835022  0.34548  
0.882146  0.238591  0.369173  0.88542  
0.95726  0.0985234  1.00247  0.0121639  
0.835022  0.34548  0.882146  0.238591  
0.00756363  1.01069  0.653248  0.584993  
0.653248  0.584993  0.732147  0.509766  
0.548693  0.713472  0.00756363  1.01069  
0.835022  0.34548  1.00247  0.0121639  
0.882146  0.238591  0.835022  0.34548  
0.732147  0.509766  0.369173  0.88542  
0.369173  0.88542  0.882146  0.238591  
0.276021  0.933342  0.276021  0.933342  
0.95726  0.0985234  0.95726  0.0985234  
1.00247  0.0121639  0.548693  0.713472  
0.00756363  1.01069  0.653248  0.584993  
0.95726  0.0985234  0.462817  1.04517  
0.653248  0.584993  0.548693  0.713472  
1.00247  0.0121639  0.653248  0.584993  
0.276021  0.933342  1.00247  0.0121639  
0.369173  0.88542  0.919483  0.271052  
0.882146  0.238591  0.732147  0.509766  
0.548693  0.713472  0.00756363  1.01069  
0.00756363  1.01069  0.276021  0.933342  
0.835022  0.34548  0.835022  0.34548  
0.732147  0.509766  0.369173  0.88542  
0.653248  0.584993  0.00756363  1.01069  
0.95726  0.0985234  1.00247  0.0121639  
0.369173  0.88542  0.835022  0.34548  
0.835022  0.34548  0.882146  0.238591  
0.00756363  1.01069  0.548693  0.713472  
0.882146  0.238591  0.276021  0.933342  
0.276021  0.933342  0.732147  0.509766  
0.732147  0.509766  0.95726  0.0985234  
1.00247  0.0121639  0.377633  0.900499  
0.548693  0.713472  0.653248  0.584993  
0.730526  0.509641  1.00241  0.0109411  
0.275415  0.933245  0.95726  0.0985234  
0.00747342  1.01012  0.548693  0.71347  
0.835022  0.343882  0.730526  0.509641  
0.881999  0.238495  0.835022  0.343882  
0.548693  0.71347  0.652601  0.584993  
0.95726  0.0985234  0.881999  0.238495  
1.00241  0.0109411  0.349467  0.982942  
0.367729  0.885387  0.00747342  1.01012  
0.652601  0.584993  0.367729  0.885387  
0.95726  0.0985234  0.95726  0.0985234  
0.00747342  1.01012  0.367729  0.885387  
0.881999  0.238495  1.00241  0.0109411  
1.00241  0.0109411  0.548693  0.71347  
0.652601  0.584993  0.652601  0.584993  
0.835022  0.343882  0.275415  0.933245  
0.275415  0.933245  0.881999  0.238495  
0.548693  0.71347  0.733274  0.509641  
0.730439  0.509641  0.00747342  1.01012  
0.367729  0.885387  0.835022  0.343882  
0.548693  0.71347  0.835022  0.343882  
0.00747342  1.01012  0.730526  0.509641  
0.367729  0.885387  0.881999  0.238495  
0.881999  0.238495  0.275415  0.933245  
1.00241  0.0109411  0.00747342  1.01012  
0.835022  0.343882  0.548693  0.71347  
0.275415  0.933245  0.384121  0.900426  
0.652601  0.584993  0.652601  0.584993  
0.95726  0.0985234  0.95726  0.0985234  
0.730439  0.509641  1.00241  0.0109411  
0.95726  0.0985234  0.00747342  1.01012  
0.652601  0.584993  0.595476  0.762413  
0.835022  0.343882  0.95726  0.0985234  
1.00241  0.0109411  0.835022  0.343882  
0.367729  0.885387  0.881999  0.238495  
0.548693  0.71347  1.00241  0.0109411  
0.881999  0.238495  0.730439  0.509641  
0.730439  0.509641  0.367729  0.885387  
0.275415  0.933245  0.275415  0.933245  
0.00747342  1.01012  0.652601  0.584993  
0.730439  0.509641  0.275415  0.933245  
0.548693  0.71347  0.548693  0.71347  
0.95726  0.0985234  0.367729  0.885387  
0.881999  0.238495  1.00241  0.0109411  
0.275415  0.933245  0.881999  0.238495  
1.00241  0.0109411  0.829977  0.591582  
0.652601  0.584993  0.835022  0.343882  
0.367729  0.885387  0.652601  0.584993  
0.835022  0.343882  0.95726  0.0985234  
0.00747342  1.01012  0.470998  1.07982  
0.367729  0.885387  0.367729  0.885387  
0.652601  0.584993  0.835022  0.343882  
0.548693  0.71347  0.881999  0.238495  
0.00747342  1.01012  0.00747342  1.01012  
0.730439  0.509641  1.00241  0.0109411  
0.835022  0.343882  0.730439  0.509641  
0.275415  0.933245  0.95726  0.0985234  
0.881999  0.238495  0.652601  0.584993  
1.00241  0.0109411  0.392984  1.04052  
0.95726  0.0985234  0.548693  0.71347  
0.367729  0.885387  0.548693  0.71347  
0.730439  0.509641  0.95726  0.0985234  
0.652601  0.584993  0.367729  0.885387  
0.881999  0.238495  0.00747342  1.01012  
0.548693  0.71347  0.652601  0.584993  
0.275415  0.933245  0.916616  0.408696  
1.00241  0.0109411  1.00241  0.0109411  
0.95726  0.0985234  0.881999  0.238495  
0.00747342  1.01012  0.275415  0.933245  
0.835022  0.343882  0.730439  0.509641  
0.730439  0.509641  0.652601  0.584993  
0.881999  0.238495  0.275415  0.933245  
0.275415  0.933245  0.367729  0.885387  
1.00241  0.0109411  0.548693  0.71347  
0.652601  0.584993  0.00747342  1.01012  
0.95726  0.0985234  0.730526  0.509641  
0.548693  0.71347  0.881999  0.238495  
0.00747342  1.01012  1.00241  0.0109411  
0.835022  0.343882  0.95726  0.0985234  
0.367729  0.885387  0.835022  0.343882  
0.00747342  1.01012  0.652601  0.584993  
0.275415  0.933245  0.95726  0.0985234  
0.881999  0.238495  0.730439  0.509641  
0.95726  0.0985234  1.00241  0.0109411  
0.367729  0.885387  0.367729  0.885387  
0.652601  0.584993  0.881999  0.238495  
0.835022  0.343882  0.548693  0.71347  
1.00241  0.0109411  0.275415  0.933245  
0.548693  0.71347  0.845962  0.365325  
0.730439  0.509641  0.00747342  1.01012  
0.367729  0.885387  0.367729  0.885387  
0.275415  0.933245  0.95726  0.0985234  
0.652601  0.584993  0.00747342  1.01012  
0.00747342  1.01012  0.835022  0.343882  
0.548693  0.71347  0.275415  0.933245  
1.00241  0.0109411  0.730526  0.509641  
0.881999  0.238495  0.881999  0.238495  
0.95726  0.0985234  1.00241  0.0109411  
0.730439  0.509641  0.548693  0.71347  
0.835022  0.343882  0.652601  0.584993  
1.00227  0.0109411  0.275068  0.932464  
0.957203  0.0985234  0.863424  0.395277  
0.88209  0.23827  0.957203  0.0985234  
0.3677  0.884597  0.730294  0.508085  
0.652601  0.584993  1.00227  0.0109411  
0.730294  0.508085  0.652601  0.584993  
0.834978  0.34373  0.3677  0.884597  
0.548709  0.713131  0.00747342  1.0089  
0.00747342  1.0089  0.585543  0.758153  
0.275068  0.932464  0.88209  0.23827  
0.88209  0.23827  0.730294  0.508085  
0.275068  0.932464  0.3677  0.884597  
0.548709  0.713131  0.00747342  1.0089  
0.652601  0.584993  0.548709  0.713131  
0.00747342  1.0089  0.834978  0.34373  
1.00227  0.0109411  0.88209  0.23827  
0.957203  0.0985234  0.957203  0.0985234  
0.730294  0.508085  1.00227  0.0109411  
0.3677  0.884597  0.335008  1.0061  
0.834978  0.34373  0.652601  0.584993  
0.834978  0.34373  0.3677  0.884597  
0.957203  0.0985234  1.00227  0.0109411  
0.275068  0.932464  0.834978  0.34373  
1.00227  0.0109411  0.88209  0.23827  
0.548709  0.713131  0.734929  0.770818  
0.00747342  1.0089  0.275068  0.932464  
0.730294  0.508085  0.791893  0.711  
0.652601  0.584993  0.548709  0.713131  
0.88209  0.23827  0.957203  0.0985234  
0.3677  0.884597  0.00747342  1.0089  
1.00227  0.0109411  0.275068  0.932464  
0.3677  0.884597  1.00227  0.0109411  
0.00747342  1.0089  0.957203  0.0985234  
0.88209  0.23827  0.671838  0.601397  
0.834978  0.34373  0.834978  0.34373  
0.730294  0.508085  0.00747342  1.0089  
0.275068  0.932464  0.3677  0.884597  
0.548709  0.713131  0.548709  0.713131  
0.652601  0.584993  0.730294  0.508085  
0.957203  0.0985234  0.88209  0.23827  
0.957203  0.0985234  0.88209  0.23827  
1.00227  0.0109411  0.3677  0.884597  
0.652601  0.584993  0.00747342  1.0089  
0.730294  0.508085  0.672052  0.603299  
0.3677  0.884597  0.730294  0.508085  
0.00747342  1.0089  0.834978  0.34373  
0.88209  0.23827  0.275068  0.932464  
0.834978  0.34373  1.00227  0.0109411  
0.275068  0.932464  0.548709  0.713131  
0.548709  0.713131  0.961888  0.10764  
0.00747342  1.0089  0.548709  0.713131  
0.3677  0.884597  0.88209  0.23827  
0.548709  0.713131  0.957203  0.0985234  
0.957203  0.0985234  0.743758  0.852135  
0.652601  0.584993  0.834978  0.34373  
0.88209  0.23827  0.652601  0.584993  
0.275068  0.932464  0.765926  0.542075  
0.834978  0.34373  1.00227  0.0109411  
1.00227  0.0109411  0.275068  0.932464  
0.730294  0.508085  0.3677  0.884597  
1.00227  0.0109411  0.275068  0.932464  
0.730294  0.508085  0.652601  0.584993  
0.00747342  1.0089  0.957203  0.0985234  
0.957203  0.0985234  0.773007  0.667087  
0.88209  0.23827  0.834978  0.34373  
0.834978  0.34373  0.548709  0.713131  
0.548709  0.713131  0.958628  0.299558  
0.652601  0.584993  1.00227  0.0109411  
0.275068  0.932464  0.730294  0.508085  
0.3677  0.884597  0.3677  0.884597  
0.957203  0.0985234  0.3677  0.884597  
0.275068  0.932464  0.88209  0.23827  
0.834978  0.34373  0.730294  0.508085  
0.730294  0.508085  0.652601  0.584993  
0.88209  0.23827  0.834978  0.34373  
0.00747342  1.0089  0.957203  0.0985234  
0.652601  0.584993  0.548709  0.713131  
1.00227  0.0109411  1.00227  0.0109411  
0.3677  0.884597  0.275068  0.932464  
0.548709  0.713131  0.00747342  1.0089  
0.3677  0.884597  0.88209  0.23827  
1.00227  0.0109411  0.548709  0.713131  
0.275068  0.932464  0.3677  0.884597  
0.834978  0.34373  0.730294  0.508085  
0.730294  0.508085  1.02689  0.184261  
0.652601  0.584993  0.834978  0.34373  
0.00747342  1.0089  1.00227  0.0109411  
0.88209  0.23827  0.652601  0.584993  
0.957203  0.0985234  0.275068  0.932464  
0.548709  0.713131  0.00747342  1.0089  
0.88209  0.23827  0.957203  0.0985234  
0.275068  0.932464  0.730294  0.508085  
0.3677  0.884597  0.3677  0.884597  
1.00227  0.0109411  0.275068  0.932464  
0.00747342  1.0089  0.834978  0.34373  
0.834978  0.34373  1.00227  0.0109411  
0.548709  0.713131  0.652601  0.584993  
0.957203  0.0985234  0.916011  0.260594  
0.652601  0.584993  0.548709  0.713131  
0.730294  0.508085  0.00747342  1.0089  
0.730294  0.507877  0.00747342  1.00819  
1.00225  0.0109411  0.83493  0.34373  
0.88209  0.23827  0.274774  0.93208  
0.274774  0.93208  0.652487  0.584993  
0.00747342  1.00819  0.730294  0.507877  
0.3677  0.884396  0.608393  0.776644  
0.548709  0.713128  0.3677  0.884396  
0.83493  0.34373  1.00225  0.0109411  
0.652487  0.584993  0.88209  0.23827  
0.95717  0.0985234  0.95717  0.0985234  
0.95717  0.0985234  0.88209  0.23827  
0.83493  0.34373  0.274774  0.93208  
0.00747342  1.00819  1.00225  0.0109411  
0.274774  0.93208  0.652487  0.584993  
0.88209  0.23827  0.3677  0.884396  
0.730294  0.507877  0.95717  0.0985234  
0.3677  0.884396  0.730294  0.507877  
1.00225  0.0109411  0.671178  0.868139  
0.652487  0.584993  0.548709  0.713128  
0.548709  0.713128  0.83493  0.34373  
0.652487  0.584993  0.730294  0.507877  
0.88209  0.23827  1.00225  0.0109411  
0.83493  0.34373  0.548709  0.713128  
0.95717  0.0985234  0.3677  0.884396  
1.00225  0.0109411  0.274774  0.93208  
0.730294  0.507877  0.95717  0.0985234  
0.00747342  1.00819  0.00747342  1.00819  
0.548709  0.713128  0.652487  0.584993  
0.274774  0.93208  0.83493  0.34373  
0.3677  0.884396  1.05676  0.374584  
0.730294  0.507877  0.652487  0.584993  
0.548709  0.713128  0.95717  0.0985234  
0.83493  0.34373  0.3677  0.884396  
0.95717  0.0985234  0.730294  0.507877  
0.274774  0.93208  0.83493  0.34373  
0.00747342  1.00819  1.03785  0.0293639  
0.88209  0.23827  0.00747342  1.00819  
0.652487  0.584993  0.548709  0.713128  
1.00225  0.0109411  0.88209  0.23827  
0.3677  0.884396  0.274774  0.93208  
0.274774  0.93208  0.652487  0.584993  
0.652487  0.584993  0.548709  0.713128  
1.00225  0.0109411  0.88209  0.23827  
0.88209  0.23827  0.730294  0.507877  
0.83493  0.34373  0.274774  0.93208  
0.00747342  1.00819  0.95717  0.10502  
0.548709  0.713128  1.00225  0.0109411  
0.95717  0.0985234  0.00747342  1.00819  
0.730294  0.507877  0.83493  0.34373  
0.3677  0.884396  0.3677  0.884396  
1.00225  0.0109411  0.730294  0.507877  
0.95717  0.0985234  0.274774  0.93208  
0.83493  0.34373  0.652487  0.584993  
0.548709  0.713128  1.00225  0.0109411  
0.730294  0.507877  0.88209  0.23827  
0.274774  0.93208  0.83493  0.34373  
0.88209  0.23827  0.0142492  1.02113  
0.652487  0.584993  0.3677  0.884396  
0.00747342  1.00819  0.548709  0.713128  
0.3677  0.884396  0.95717  0.0985234  
0.652487  0.584993  0.730294  0.507877  
0.3677  0.884396  0.83493  0.34373  
0.95717  0.0985234  0.00747342  1.00819  
1.00225  0.0109411  0.88209  0.23827  
0.730294  0.507877  0.95717  0.0985234  
0.83493  0.34373  0.274774  0.93208  
0.00747342  1.00819  0.652487  0.584993  
0.88209  0.23827  1.00225  0.0109411  
0.548709  0.713128  0.3677  0.884396  
0.274774  0.93208  0.548709  0.713128  
0.274774  0.93208  0.730294  0.507877  
0.3677  0.884396  0.411926  0.914601  
1.00225  0.0109411  0.83493  0.34373  
0.00747342  1.00819  0.400109  0.938089  
0.83493  0.34373  0.95717  0.0985234  
0.95717  0.0985234  0.274774  0.93208  
0.730294  0.507877  0.548709  0.713128  
0.652487  0.584993  0.88209  0.23827  
0.88209  0.23827  0.652487  0.584993  
0.548709  0.713128  1.15973  0.311198  
0.88209  0.23827  0.3677  0.884396  
0.3677  0.884396  0.00747342  1.00819  
0.652487  0.584993  0.730294  0.507877  
0.730294  0.507877  0.652487  0.584993  
0.274774  0.93208  0.996136  0.12416  
0.83493  0.34373  0.88209  0.23827  
0.95717  0.0985234  0.83493  0.34373  
1.00225  0.0109411  0.548709  0.713128  
0.00747342  1.00819  0.274774  0.93208  
0.548709  0.713128  1.00225  0.0109411  
0.274774  0.93208  0.95717  0.0985234  
0.3677  0.884396  0.660076  0.9808  
0.83493  0.34373  0.730294  0.507877  
0.88209  0.23827  0.274774  0.93208  
0.730294  0.507877  0.548709  0.713128  
0.00747342  1.00819  1.03972  0.0433516  
1.00225  0.0109411  0.83493  0.34373  
0.652487  0.584993  0.652487  0.584993  
0.95717  0.0985234  0.88209  0.23827  
0.548709  0.713128  0.00747342  1.00819  
0.548588  0.713091  0.294622  0.950096  
0.95717  0.0984495  0.730294  0.507877  
0.00747342  1.00819  1.00225  0.0109411  
0.274774  0.931972  0.652404  0.584902  
0.3677  0.88363  0.00747342  1.00819  
0.83493  0.343676  0.548588  0.713091  
0.652404  0.584902  0.83493  0.343676  
0.88209  0.238057  0.3677  0.88363  
0.730294  0.507877  0.95717  0.0984495  
1.00225  0.0109411  0.88209  0.238057  
0.95717  0.0984495  0.274774  0.931972  
0.274774  0.931972  0.730294  0.507877  
1.00225  0.0109411  0.849166  0.361795  
0.00747342  1.00819  0.00747342  1.00819  
0.88209  0.238057  0.310463  1.15875  
0.652404  0.584902  0.652404  0.584902  
0.83493  0.343676  0.548588  0.713091  
0.730294  0.507877  1.00225  0.0109411  
0.548588  0.713091  0.95717  0.0984495  
0.3677  0.88363  0.870164  0.574207  
0.274774  0.931972  0.95717  0.0984495  
0.00747342  1.00819  0.274774  0.931972  
0.95717  0.0984495  0.83493  0.343676  
0.730294  0.507877  0.730294  0.507877  
0.652404  0.584902  0.652404  0.584902  
0.83493  0.343676  0.548588  0.713091  
0.548588  0.713091  0.00747342  1.00819  
1.00225  0.0109411  0.88209  0.238057  
0.3677  0.88363  1.00225  0.0109411  
0.88209  0.238057  0.381697  0.898955  
0.652404  0.584902  0.369291  0.88363  
0.548588  0.713091  0.274774  0.931972  
0.95717  0.0984495  0.00747342  1.00819  
0.274774  0.931972  0.83493  0.343676  
0.00747342  1.00819  0.88209  0.238057  
0.730294  0.507877  0.652404  0.584902  
0.83493  0.343676  0.548588  0.713091  
0.88209  0.238057  0.95717  0.0984495  
0.3677  0.88363  1.00225  0.0109411  
1.00225  0.0109411  0.730294  0.507877  
0.95717  0.0984495  0.3677  0.88363  
0.00747342  1.00819  0.652404  0.584902  
0.548588  0.713091  1.04922  0.0790807  
0.3677  0.88363  0.00747342  1.00819  
0.730294  0.507877  0.894405  0.382035  
1.00225  0.0109411  0.548588  0.713091  
0.88209  0.238057  0.95717  0.0984495  
0.274774  0.931972  0.274774  0.931972  
0.83493  0.343676  0.730294  0.507877  
0.652404  0.584902  0.88209  0.238057  
0.95717  0.0984495  0.00747342  1.00819  
0.652404  0.584902  0.3677  0.88363  
0.730294  0.507877  0.718444  0.641006  
0.88209  0.238057  0.730294  0.507877  
0.00747342  1.00819  0.548588  0.713091  
0.83493  0.343676  0.83493  0.343676  
1.00225  0.0109411  0.88209  0.238057  
0.548588  0.713091  1.02508  0.0581799  
0.3677  0.88363  0.274774  0.931972  
0.274774  0.931972  1.00225  0.0109411  
1.00225  0.0109411  1.00225  0.0109411  
0.00747342  1.00819  0.652404  0.584902  
0.88209  0.238057  0.548588  0.713091  
0.548588  0.713091  0.274774  0.931972  
0.652404  0.584902  0.3677  0.88363  
0.274774  0.931972  0.00747342  1.00819  
0.3677  0.88363  0.88209  0.238057  
0.730294  0.507877  0.83493  0.343676  
0.83493  0.343676  0.730294  0.507877  
0.95717  0.0984495  0.95717  0.0984495  
0.83493  0.343676  0.548588  0.713091  
0.652404  0.584902  0.88209  0.238057  
1.00225  0.0109411  0.730294  0.507877  
0.95717  0.0984495  0.83493  0.343676  
0.730294  0.507877  1.0188  0.0300815  
0.00747342  1.00819  0.652404  0.584902  
0.3677  0.88363  0.95717  0.0984495  
0.88209  0.238057  0.274774  0.931972  
0.274774  0.931972  0.00747342  1.00819  
0.548588  0.713091  0.3677  0.88363  
1.00225  0.0109411  0.900838  0.453792  
0.3677  0.88363  0.761261  0.789966  
0.548588  0.713091  1.00225  0.0109411  
0.88209  0.238057  0.00747342  1.00819  
0.652404  0.584902  0.652404  0.584902  
0.00747342  1.00819  0.730294  0.507877  
0.730294  0.507877  0.88209  0.238057  
0.274774  0.931972  0.274774  0.931972  
0.83493  0.343676  0.548588  0.713091  
0.95717  0.0984495  0.3677  0.88363  
0.83493  0.343676  0.00747342  1.00819  
0.274774  0.931972  0.3677  0.88363  
0.88209  0.238057  0.666718  0.594169  
1.00225  0.0109411  0.95717  0.0984495  
0.652404  0.584902  0.548588  0.713091  
0.95717  0.0984495  0.83493  0.343676  
0.730294  0.507877  1.00225  0.0109411  
0.548588  0.713091  0.730294  0.507877  
0.00747342  1.00819  0.274774  0.931972  
0.3677  0.88363  0.88209  0.238057  
0.83493  0.343676  0.88209  0.238055  
0.652404  0.584716  0.00747342  1.00814  
0.88209  0.238055  0.95717  0.0984495  
0.95717  0.0984495  0.652404  0.584716  
0.3677  0.883381  0.388945  0.888307  
0.00747342  1.00814  0.274745  0.931953  
1.00224  0.0109411  0.548588  0.713091  
0.274745  0.931953  1.00224  0.0109411  
0.548588  0.713091  0.730294  0.507877  
0.730294  0.507877  0.83493  0.343676  
0.548588  0.713091  0.742283  0.507877  
0.274745  0.931953  0.274745  0.931953  
0.88209  0.238055  0.3677  0.883381  
0.00747342  1.00814  1.00224  0.0109411  
0.83493  0.343676  0.95717  0.0984495  
0.3677  0.883381  0.83493  0.343676  
0.652404  0.584716  0.00747342  1.00814  
1.00224  0.0109411  0.88209  0.238055  
0.730294  0.507877  0.548588  0.713091  
0.95717  0.0984495  0.652404  0.584716  
0.730294  0.507877  0.730294  0.507877  
0.83493  0.343676  0.00747342  1.00814  
0.3677  0.883381  0.548588  0.713091  
0.00747342  1.00814  0.3677  0.883381  
0.548588  0.713091  0.845177  0.367744  
0.274745  0.931953  1.00224  0.0109411  
0.95717  0.0984495  0.274745  0.931953  
0.652404  0.584716  0.652404  0.584716  
1.00224  0.0109411  0.95717  0.0984495  
0.88209  0.238055  0.88209  0.238055  
0.274745  0.931953  0.548588  0.713091  
0.548588  0.713091  0.83493  0.343676  
0.95717  0.0984495  0.652404  0.584716  
1.00224  0.0109411  0.274745  0.931953  
0.3677  0.883381  0.95717  0.0984495  
0.652404  0.584716  0.88209  0.238055  
0.730294  0.507877  0.3677  0.883381  
0.88209  0.238055  0.00747342  1.00814  
0.00747342  1.00814  0.730294  0.507877  
0.83493  0.343676  1.00224  0.0109411  
1.00224  0.0109411  0.652404  0.584716  
0.88209  0.238055  0.00747342  1.00814  
0.00747342  1.00814  0.274745  0.931953  
0.95717  0.0984495  0.95717  0.0984495  
0.274745  0.931953  0.548588  0.713091  
0.730294  0.507877  0.83493  0.343676  
0.652404  0.584716  1.00224  0.0259064  
0.3677  0.883381  0.88209  0.238055  
0.548588  0.713091  0.730294  0.507877  
0.83493  0.343676  0.3677  0.883381  
0.83493  0.343676  0.730294  0.507877  
0.95717  0.0984495  0.88209  0.238055  
0.548588  0.713091  0.95717  0.0984495  
0.00747342  1.00814  0.3677  0.883381  
0.730294  0.507877  0.83493  0.343676  
0.274745  0.931953  0.00747342  1.00814  
0.3677  0.883381  0.652404  0.584716  
0.88209  0.238055  1.00224  0.0109411  
0.652404  0.584716  0.548588  0.713091  
1.00224  0.0109411  0.274745  0.931953  
0.548588  0.713091  0.730294  0.507877  
1.00224  0.0109411  0.548588  0.713091  
0.00747342  1.00814  0.83493  0.343676  
0.95717  0.0984495  0.3677  0.883381  
0.652404  0.584716  1.00224  0.0109411  
0.88209  0.238055  0.88209  0.238055  
0.83493  0.343676  1.11649  0.187886  
0.730294  0.507877  0.274745  0.931953  
0.274745  0.931953  0.652404  0.584716  
0.3677  0.883381  0.142483  1.12395  
0.00747342  1.00814  1.00224  0.0109411  
0.95717  0.0984495  0.88209  0.238055  
1.00224  0.0109411  0.652404  0.584716  
0.3677  0.883381  0.95717  0.0984495  
0.548588  0.713091  0.730294  0.507877  
0.274745  0.931953  0.83493  0.343676  
0.83493  0.343676  0.00747342  1.00814  
0.652404  0.584716  0.274745  0.931953  
0.88209  0.238055  0.41191  0.92657  
0.730294  0.507877  0.548588  0.713091  
0.00747342  1.00814  0.88209  0.238055  
0.548588  0.713091  0.274745  0.931953  
0.730294  0.507877  0.652404  0.584716  
0.3677  0.883381  0.95717  0.0984495  
0.88209  0.238055  0.83493  0.343676  
0.95717  0.0984495  0.3677  0.883381  
0.83493  0.343676  0.548588  0.713091  
0.652404  0.584716  0.00747342  1.00814  
1.00224  0.0109411  0.730294  0.507877  
0.274745  0.931953  1.00224  0.0109411  
0.730294  0.507877  0.321953  0.966235  
0.548588  0.713091  0.730294  0.507877  
1.00224  0.0109411  0.83493  0.343676  
0.83493  0.343676  0.95717  0.0984495  
0.00747342  1.00814  0.00747342  1.00814  
0.88209  0.238055  0.652404  0.584716  
0.95717  0.0984495  0.548588  0.713091  
0.274745  0.931953  1.00224  0.0109411  
0.3677  0.883381  0.88209  0.238055  
0.652404  0.584716  0.3677  0.883381  
