1.96058  3.10511  3.51374  1.12853  4.20328  3.32334  
1.48141  2.98818  4.2209  1.7215  4.06732  1.04132  
0.961832  1.53812  6.64646  2.03718  3.93286  1.78417  
2.21052  3.22943  3.18703  2.07608  2.2293  4.53076  
0.985073  1.45434  6.62302  2.03429  1.30789  5.81479  
0.8726  2.43358  6.1991  2.39836  1.92926  3.28961  
0.702698  0.966559  6.67118  0.455024  0.928919  6.39584  
1.89256  1.21472  4.28025  0.74145  0.674654  6.62799  
1.41189  1.54805  6.34671  1.36857  4.55914  2.65325  
1.68453  2.44527  5.3841  2.20558  2.83926  3.45893  
0.588491  0.885707  6.54848  0.838314  1.11554  6.80394  
0.841065  1.01483  6.75112  0.708363  2.06061  6.28907  
0.919901  1.75047  6.52339  1.39848  1.28709  6.57835  
0.97854  3.76827  4.62876  1.06184  2.36946  6.20273  
2.1644  2.36375  4.77943  0.653808  1.82047  6.34611  
0.940166  2.2323  6.51616  2.50417  1.92806  3.72084  
2.08017  2.88378  2.97614  1.50097  1.60957  6.07223  
1.10621  1.1168  6.25783  2.09863  1.7286  4.36615  
0.805667  1.10374  6.76407  0.990447  2.62926  6.06271  
2.36481  2.74007  3.02639  2.09723  3.22617  3.62653  
1.02336  1.75032  6.72371  2.02924  2.70349  3.29909  
2.07978  2.33899  4.80808  1.00411  4.39381  3.46679  
0.881819  1.08542  6.86756  1.93695  1.92256  5.22149  
2.26652  2.49083  3.79247  1.36701  0.912701  6.56833  
1.32826  2.14565  5.63728  1.98269  2.06129  5.42613  
1.69733  2.718  5.03589  1.86856  2.9978  3.87664  
2.23714  3.18722  2.00878  1.49446  1.35771  6.4998  
1.85669  3.1177  3.81494  1.20517  2.74024  6.06014  
1.45787  3.72492  4.30893  1.00141  4.61283  2.38463  
1.70974  4.46835  1.94155  1.70676  2.35437  4.65324  
2.30536  3.00662  4.00309  1.60083  2.79893  4.70334  
1.06539  2.15149  6.36953  1.88833  3.83929  2.61873  
2.48897  2.34365  2.31778  1.88725  1.89893  5.31547  
2.34815  2.24535  3.54947  1.66979  1.53278  5.93912  
1.40732  4.10321  3.64894  2.10102  1.11155  5.06879  
1.79601  1.61279  5.49737  0.994896  0.882798  6.79318  
0.98789  0.89366  6.7009  2.34064  2.58908  3.00288  
1.18801  4.10978  3.88333  2.42486  2.55811  2.7697  
2.48192  1.12233  4.272  2.01706  0.972881  5.12193  
2.40854  1.95779  3.39093  2.232  3.41501  3.3234  
1.82462  2.69888  5.47213  1.26935  4.85322  1.36968  
2.22265  2.57249  3.22124  1.29903  1.39123  6.69511  
1.31532  3.04093  5.23433  1.0566  3.38121  5.12638  
0.847219  1.17472  6.78826  1.67388  1.74435  5.17569  
1.58078  1.22203  5.82114  2.25827  3.40966  1.50363  
1.28849  2.03178  6.13411  0.491578  1.90718  6.04022  
1.61394  3.05277  4.85069  0.832521  0.993559  6.66243  
1.32426  2.00189  6.54907  1.99949  3.75847  3.21181  
0.488337  0.911278  6.43697  0.740039  0.869845  6.67209  
0.836972  3.60061  3.997  0.967537  1.89329  6.48413  
2.0178  1.29074  5.17224  2.39132  2.45617  3.1878  
1.07432  2.78669  5.70874  2.72946  1.76843  1.41649  
1.91729  4.20635  1.98232  0.959051  1.11965  6.90583  
2.50909  1.54047  2.57072  1.23035  1.59635  6.63038  
1.6065  0.965792  6.41885  1.13139  2.29558  6.44863  
1.85985  3.86937  3.15696  1.57615  2.86999  5.63373  
1.69966  3.9198  3.60732  1.4586  4.15014  3.55997  
1.91423  2.74996  4.31733  2.00195  1.70677  4.99834  
2.14899  2.87088  3.97586  1.99119  1.58144  5.18569  
1.95862  2.18766  4.8616  1.0894  4.17432  3.91832  
0.965525  0.979891  6.76943  2.24938  2.23188  3.81702  
0.805949  2.5262  6.13413  2.62623  1.81132  3.26783  
0.891402  1.01096  6.74094  1.0536  1.32661  6.51235  
1.82692  4.33555  1.20312  2.22487  1.91719  4.40306  
2.74821  1.10012  1.88919  1.28988  1.08475  6.65229  
1.97674  3.46244  1.99621  1.45519  3.49933  4.92801  
0.744125  1.75335  6.51151  2.12921  3.00924  3.85274  
2.21903  2.25947  4.26272  0.983557  4.09703  3.80214  
2.55397  2.05242  1.79057  0.906052  0.980584  6.80183  
1.62692  3.51967  3.50317  0.553745  0.761634  6.53957  
0.93614  3.60474  5.22221  1.31604  3.66969  4.72995  
2.09435  3.75171  2.10134  1.91386  3.43865  2.92774  
1.0643  3.30655  4.57463  1.2773  4.35162  2.73634  
0.740821  1.02513  6.42257  0.924802  1.0155  6.8455  
2.7086  1.49859  1.65666  1.61553  1.18801  6.36626  
1.02429  3.93473  4.7154  1.07777  2.58259  6.28513  
2.08342  1.43597  5.49234  1.18083  3.65739  4.86977  
1.61393  4.27459  2.9583  2.03342  3.40959  1.39673  
2.18292  2.60173  4.46268  2.03838  3.65577  2.43898  
1.51955  2.257  5.18113  2.3899  2.69674  2.31181  
1.70005  2.52393  5.65038  1.34113  3.80097  4.15257  
0.759829  0.946065  6.73129  0.917775  0.836725  6.79823  
1.14819  3.98259  4.14498  0.885161  4.49796  2.79617  
0.907302  3.88958  4.30974  1.81726  2.0446  4.95609  
2.38234  2.20991  2.37615  1.48923  1.1501  6.45351  
1.90822  2.72476  4.84576  1.32318  4.44149  1.49537  
2.40094  1.80267  3.43308  0.722747  3.35772  4.90175  
1.42908  1.0321  6.6365  0.928053  2.66728  6.00207  
1.37162  1.72707  6.63483  1.79243  1.99372  5.04514  
0.807716  1.06392  6.76816  0.809962  0.890906  6.61548  
2.19456  3.39708  2.44734  1.04325  1.7339  6.54823  
2.36794  1.72519  3.49287  1.87141  1.10783  5.92482  
2.48186  1.97165  3.56498  1.65549  2.3734  4.65588  
0.897993  1.08096  6.8119  0.88157  2.50347  6.27586  
1.43684  3.36071  4.62973  2.34609  2.29968  1.50141  
2.34772  1.66344  3.22163  2.40726  2.60187  3.4882  
1.75522  1.83323  5.07957  1.7048  3.36174  4.2265  
0.890983  1.17869  6.8642  0.832482  1.94951  6.54889  
1.55105  2.52439  5.63247  1.39684  2.27554  6.02501  
0.886484  1.21205  6.78411  0.619311  4.43201  1.5432  
0.245862  3.03702  3.8704  1.29248  0.222793  4.60982  
2.01947  0.170387  0.179177  1.677  0.186899  3.31891  
1.08594  2.75854  2.97777  1.08594  2.75854  2.97777  
1.29248  0.222793  4.60982  0.0203451  0.307631  5.99619  
0.175486  3.99352  0.168226  2.01947  0.170387  0.179177  
0.52058  1.61165  5.33929  0.245862  3.03702  3.8704  
0.123742  0.0148123  5.99797  0.175486  3.99352  0.168226  
0.562913  0.68566  5.68851  0.123742  0.0148123  5.99797  
1.677  0.186899  3.31891  0.52058  1.61165  5.33929  
0.0203451  0.307631  5.99619  0.585076  0.699652  5.69838  
1.13211  3.24999  1.34  1.23776  3.17332  0.0171455  
0.247071  3.03947  3.868  0.0203451  0.307631  5.99619  
0.0203451  0.307631  5.99619  1.97223  0.22186  1.45759  
1.23776  3.17332  0.0171455  1.13211  3.24999  1.34  
0.123742  0.0148123  5.99797  0.497833  3.91284  0.199858  
0.497833  3.91284  0.199858  0.121215  2.32996  4.91721  
1.29583  0.253485  4.63632  0.123742  0.0148123  5.99797  
1.97351  0.360671  1.38319  1.76181  1.99982  0.390627  
1.76181  1.99982  0.390627  0.247071  3.03947  3.868  
0.121215  2.32996  4.91721  1.29583  0.253485  4.63632  
0.121215  2.32996  4.91721  0.121215  2.32996  4.91721  
1.3219  0.228395  4.57953  1.71572  2.09485  0.283624  
0.273066  3.093  3.81128  1.3219  0.228395  4.57953  
0.0203451  0.307631  5.99619  2.02109  0.170035  0.182103  
1.6938  0.194594  3.36075  0.273066  3.093  3.81128  
2.02109  0.170035  0.182103  0.0481792  0.299876  5.99683  
1.13211  3.24999  1.34  1.23776  3.17332  0.0171455  
1.71572  2.09485  0.283624  1.13211  3.24999  1.34  
0.123742  0.0148123  5.99797  1.6938  0.194594  3.36075  
1.23776  3.17332  0.0171455  0.123742  0.0148123  5.99797  
0.273066  3.093  3.81128  0.121215  2.32996  4.91721  
0.0203451  0.307631  5.99619  2.01947  0.170387  0.179177  
1.3219  0.228395  4.57953  1.3219  0.228395  4.57953  
1.6938  0.194594  3.36075  0.0203451  0.307631  5.99619  
1.13194  3.24837  1.33477  1.23776  3.17332  0.0171455  
1.71572  2.09485  0.283624  1.69571  0.203637  3.34303  
0.123742  0.0148123  5.99797  0.273066  3.093  3.81128  
2.01947  0.170387  0.179177  0.123742  0.0148123  5.99797  
0.121215  2.32996  4.91721  1.71572  2.09485  0.283624  
1.23776  3.17332  0.0171455  1.13194  3.24837  1.33477  
0.123742  0.0148123  5.99797  0.0203451  0.307631  5.99619  
0.0203451  0.307631  5.99619  0.123742  0.0148123  5.99797  
2.01947  0.170387  0.179177  0.175486  3.99352  0.168226  
1.677  0.186899  3.31891  1.23776  3.17332  0.0171455  
0.245862  3.03702  3.8704  1.71572  2.09485  0.283624  
1.23776  3.17332  0.0171455  1.29248  0.222793  4.60982  
1.71572  2.09485  0.283624  0.245862  3.03702  3.8704  
0.175486  3.99352  0.168226  1.677  0.186899  3.31891  
1.29248  0.222793  4.60982  2.01947  0.170387  0.179177  
0.52058  1.61165  5.33929  1.06438  3.34156  1.35836  
0.497833  3.91284  0.199858  1.29583  0.253485  4.63632  
0.123742  0.0148123  5.99797  1.23776  3.17332  0.0171455  
1.29583  0.253485  4.63632  0.199537  4.01199  0.203922  
1.1481  3.2508  1.36586  0.0203451  0.307631  5.99619  
0.199537  4.01199  0.203922  0.247071  3.03947  3.868  
1.23776  3.17332  0.0171455  1.99609  0.655568  0.375199  
0.247071  3.03947  3.868  1.1481  3.2508  1.36586  
1.99609  0.655568  0.375199  0.123742  0.0148123  5.99797  
1.6938  0.194594  3.36075  0.497833  3.91284  0.199858  
0.0203451  0.307631  5.99619  1.6938  0.194594  3.36075  
0.0203451  0.307631  5.99619  2.01947  0.170387  0.179177  
1.677  0.186899  3.31891  0.175486  3.99352  0.168226  
0.123742  0.0148123  5.99797  0.52058  1.61165  5.33929  
1.29248  0.222793  4.60982  0.123742  0.0148123  5.99797  
0.175486  3.99352  0.168226  1.71572  2.09485  0.283624  
1.23776  3.17332  0.0171455  1.677  0.186899  3.31891  
0.52058  1.61165  5.33929  0.0203451  0.307631  5.99619  
0.245862  3.03702  3.8704  0.245862  3.03702  3.8704  
1.71572  2.09485  0.283624  1.23776  3.17332  0.0171455  
2.01947  0.170387  0.179177  1.29883  0.263013  4.64487  
0.123742  0.0148123  5.99797  0.123742  0.0148123  5.99797  
1.71572  2.09485  0.283624  1.29248  0.222793  4.60982  
1.29248  0.222793  4.60982  2.01947  0.170387  0.179177  
0.0203451  0.307631  5.99619  1.677  0.186899  3.31891  
1.677  0.186899  3.31891  1.23776  3.17332  0.0171455  
1.23776  3.17332  0.0171455  0.0203451  0.307631  5.99619  
0.52058  1.61165  5.33929  0.175486  3.99352  0.168226  
0.175486  3.99352  0.168226  1.71553  2.09525  0.283182  
0.291923  3.14055  3.7383  0.291923  3.14055  3.7383  
2.01947  0.170387  0.179177  0.52058  1.61165  5.33929  
0.52058  1.61165  5.33929  0.175486  3.99352  0.168226  
0.123742  0.0148123  5.99797  0.245862  3.03702  3.8704  
1.23776  3.17332  0.0171455  0.123742  0.0148123  5.99797  
1.677  0.186899  3.31891  0.562913  0.68566  5.68851  
0.562913  0.68566  5.68851  1.677  0.186899  3.31891  
0.175486  3.99352  0.168226  0.0203451  0.307631  5.99619  
0.245862  3.03702  3.8704  1.29248  0.222793  4.60982  
2.01947  0.170387  0.179177  2.01947  0.170387  0.179177  
0.0203451  0.307631  5.99619  1.05921  3.35194  1.34767  
1.29248  0.222793  4.60982  1.23776  3.17332  0.0171455  
1.6938  0.194594  3.36075  0.497833  3.91284  0.199858  
0.0203451  0.307631  5.99619  0.199537  4.01199  0.203922  
1.13211  3.24999  1.34  0.0203451  0.307631  5.99619  
1.23776  3.17332  0.0171455  1.6938  0.194594  3.36075  
0.123742  0.0148123  5.99797  1.29583  0.253485  4.63632  
1.29583  0.253485  4.63632  1.13211  3.24999  1.34  
0.247071  3.03947  3.868  1.99609  0.655568  0.375199  
1.99609  0.655568  0.375199  0.247071  3.03947  3.868  
0.497833  3.91284  0.199858  0.123742  0.0148123  5.99797  
0.199537  4.01199  0.203922  1.23776  3.17332  0.0171455  
1.65972  2.25549  0.295125  0.249476  3.31326  3.31589  
0.123396  0.0144503  5.99769  0.0194852  0.240752  6.00009  
1.3759  0.21119  4.37571  2.01665  0.16761  0.176331  
0.242634  2.23133  4.94485  0.242634  2.23133  4.94485  
0.0203451  0.307631  5.99619  0.171669  3.98994  0.165256  
1.23278  3.18351  0.016571  1.65972  2.25549  0.295125  
2.01665  0.16761  0.176331  1.23278  3.18351  0.016571  
0.249476  3.31326  3.31589  0.0203451  0.307631  5.99619  
1.78185  0.173267  2.76981  1.78185  0.173267  2.76981  
0.171669  3.98994  0.165256  1.3759  0.21119  4.37571  
1.78185  0.173267  2.76981  0.123396  0.0144503  5.99769  
1.65972  2.25549  0.295125  1.23278  3.18351  0.016571  
0.242634  2.23133  4.94485  1.65972  2.25549  0.295125  
1.3759  0.21119  4.37571  1.78185  0.173267  2.76981  
0.249476  3.31326  3.31589  0.0203451  0.307631  5.99619  
0.123396  0.0144503  5.99769  0.171669  3.98994  0.165256  
0.0203451  0.307631  5.99619  1.3759  0.21119  4.37571  
1.23278  3.18351  0.016571  0.254752  3.32495  3.30683  
2.01665  0.16761  0.176331  2.01665  0.16761  0.176331  
0.171669  3.98994  0.165256  0.242634  2.23133  4.94485  
1.65972  2.25549  0.295125  1.3759  0.21119  4.37571  
1.3759  0.21119  4.37571  1.23278  3.18351  0.016571  
0.249476  3.31326  3.31589  0.123396  0.0144503  5.99769  
1.78185  0.173267  2.76981  2.01665  0.16761  0.176331  
0.123396  0.0144503  5.99769  1.78185  0.173267  2.76981  
2.01665  0.16761  0.176331  0.249476  3.31326  3.31589  
1.23278  3.18351  0.016571  1.65972  2.25549  0.295125  
0.0203451  0.307631  5.99619  0.415745  3.81353  1.5197  
0.242634  2.23133  4.94485  0.0203451  0.307631  5.99619  
0.171669  3.98994  0.165256  0.171669  3.98994  0.165256  
0.0203451  0.307631  5.99619  1.3759  0.21119  4.37571  
1.65972  2.25549  0.295125  0.123396  0.0144503  5.99769  
0.123396  0.0144503  5.99769  0.0203451  0.307631  5.99619  
0.249476  3.31326  3.31589  0.249511  3.3131  3.31635  
1.78185  0.173267  2.76981  1.23278  3.18351  0.016571  
1.23278  3.18351  0.016571  1.65972  2.25549  0.295125  
1.3759  0.21119  4.37571  0.171669  3.98994  0.165256  
2.01665  0.16761  0.176331  2.01665  0.16761  0.176331  
0.242634  2.23133  4.94485  0.242634  2.23133  4.94485  
0.171669  3.98994  0.165256  1.78185  0.173267  2.76981  
1.23278  3.18351  0.016571  1.0903  2.59303  3.26659  
1.3759  0.21119  4.37571  1.78185  0.173267  2.76981  
0.0203451  0.307631  5.99619  0.171669  3.98994  0.165256  
1.78185  0.173267  2.76981  2.01665  0.16761  0.176331  
0.242634  2.23133  4.94485  0.242634  2.23133  4.94485  
0.123396  0.0144503  5.99769  1.65972  2.25549  0.295125  
2.01665  0.16761  0.176331  0.123396  0.0144503  5.99769  
1.65972  2.25549  0.295125  0.0203451  0.307631  5.99619  
0.249476  3.31326  3.31589  0.249476  3.31326  3.31589  
0.171669  3.98994  0.165256  1.3759  0.21119  4.37571  
1.65972  2.25549  0.295125  1.78185  0.173267  2.76981  
2.01665  0.16761  0.176331  1.23278  3.18351  0.016571  
0.0203451  0.307631  5.99619  0.249476  3.31326  3.31589  
1.3759  0.21119  4.37571  0.0203451  0.307631  5.99619  
1.78185  0.173267  2.76981  0.242634  2.23133  4.94485  
0.242634  2.23133  4.94485  0.171669  3.98994  0.165256  
1.23278  3.18351  0.016571  2.01665  0.16761  0.176331  
0.123396  0.0144503  5.99769  1.65972  2.25549  0.295125  
0.249476  3.31326  3.31589  1.38465  0.238246  4.40943  
0.171669  3.98994  0.165256  0.123396  0.0144503  5.99769  
0.249476  3.31326  3.31589  1.65972  2.25549  0.295125  
1.23278  3.18351  0.016571  1.78185  0.173267  2.76981  
0.0203451  0.307631  5.99619  1.3759  0.21119  4.37571  
1.3759  0.21119  4.37571  0.0203451  0.307631  5.99619  
2.01665  0.16761  0.176331  2.01665  0.16761  0.176331  
1.65972  2.25549  0.295125  0.249476  3.31326  3.31589  
1.78185  0.173267  2.76981  0.171669  3.98994  0.165256  
0.123396  0.0144503  5.99769  0.242634  2.23133  4.94485  
0.242634  2.23133  4.94485  1.23278  3.18351  0.016571  
0.171669  3.98994  0.165256  0.123396  0.0144503  5.99769  
0.242634  2.23133  4.94485  1.3759  0.21119  4.37571  
1.78185  0.173267  2.76981  0.171669  3.98994  0.165256  
2.01665  0.16761  0.176331  1.65972  2.25549  0.295125  
0.0203451  0.307631  5.99619  0.123396  0.0144503  5.99769  
1.65972  2.25549  0.295125  2.01665  0.16761  0.176331  
1.3759  0.21119  4.37571  1.78185  0.173267  2.76981  
0.249476  3.31326  3.31589  1.23278  3.18351  0.016571  
1.23278  3.18351  0.016571  0.249476  3.31326  3.31589  
0.123396  0.0144503  5.99769  0.242634  2.23133  4.94485  
0.171669  3.98994  0.165256  0.0203451  0.307631  5.99619  
0.123396  0.0144503  5.99769  1.65972  2.25549  0.295125  
2.01665  0.16761  0.176331  0.171669  3.98994  0.165256  
1.23278  3.18351  0.016571  0.411241  3.8085  1.50777  
1.78185  0.173267  2.76981  1.3759  0.21119  4.37571  
0.249476  3.31326  3.31589  2.01665  0.16761  0.176331  
1.3759  0.21119  4.37571  1.78185  0.173267  2.76981  
1.65972  2.25549  0.295125  0.0203451  0.307631  5.99619  
0.242634  2.23133  4.94485  0.249476  3.31326  3.31589  
0.0203451  0.307631  5.99619  1.23278  3.18351  0.016571  
0.171669  3.98994  0.165256  0.123396  0.0144503  5.99769  
0.0203451  0.307631  5.99619  0.242634  2.23133  4.94485  
1.78185  0.173267  2.76981  0.249476  3.31326  3.31589  
2.01665  0.16761  0.176331  0.123396  0.0144503  5.99769  
0.242634  2.23133  4.94485  1.3759  0.21119  4.37571  
0.249476  3.31326  3.31589  2.01665  0.16761  0.176331  
1.65972  2.25549  0.295125  1.78185  0.173267  2.76981  
0.123396  0.0144503  5.99769  1.66976  2.24676  0.312623  
1.23278  3.18351  0.016571  1.23278  3.18351  0.016571  
1.3759  0.21119  4.37571  0.0203451  0.307631  5.99619  
0.171669  3.98994  0.165256  0.171669  3.98994  0.165256  
0.254235  2.8963  4.09853  0.171498  3.98986  0.167197  
1.7344  0.18104  3.02769  1.16991  0.223896  4.87036  
1.23278  3.18351  0.016571  2.01665  0.167617  0.17633  
0.0203448  0.307631  5.99619  1.23278  3.18351  0.016571  
0.134266  0.0144021  5.99568  0.134266  0.0144021  5.99568  
2.01665  0.167617  0.17633  0.0203448  0.307631  5.99619  
1.16991  0.223896  4.87036  0.254235  2.8963  4.09853  
0.171498  3.98986  0.167197  1.7344  0.18104  3.02769  
1.67945  2.22414  0.15433  1.51903  1.99181  2.64249  
0.109096  0.0937155  6.00388  0.109096  0.0937155  6.00388  
0.254235  2.8963  4.09853  0.109096  0.0937155  6.00388  
1.7344  0.18104  3.02769  1.20529  0.296354  4.85302  
1.16991  0.223896  4.87036  0.254235  2.8963  4.09853  
0.134266  0.0144021  5.99568  1.7344  0.18104  3.02769  
0.109096  0.0937155  6.00388  0.0203448  0.307631  5.99619  
1.23278  3.18351  0.016571  2.01665  0.167617  0.17633  
2.01665  0.167617  0.17633  1.67945  2.22414  0.15433  
0.171498  3.98986  0.167197  0.134266  0.0144021  5.99568  
0.0203448  0.307631  5.99619  0.171498  3.98986  0.167197  
1.67945  2.22414  0.15433  1.23278  3.18351  0.016571  
2.01665  0.167617  0.17633  1.16991  0.223896  4.87036  
1.7344  0.18104  3.02769  1.67945  2.22414  0.15433  
0.134266  0.0144021  5.99568  0.109096  0.0937155  6.00388  
0.109096  0.0937155  6.00388  0.0806882  1.64773  5.48334  
1.23278  3.18351  0.016571  0.254235  2.8963  4.09853  
1.16991  0.223896  4.87036  2.01665  0.167617  0.17633  
0.254235  2.8963  4.09853  1.23278  3.18351  0.016571  
1.67945  2.22414  0.15433  0.0203448  0.307631  5.99619  
0.0203448  0.307631  5.99619  1.7344  0.18104  3.02769  
0.171498  3.98986  0.167197  0.134266  0.0144021  5.99568  
0.254235  2.8963  4.09853  1.16991  0.223896  4.87036  
1.7344  0.18104  3.02769  1.67945  2.22414  0.15433  
0.109096  0.0937155  6.00388  2.01665  0.167617  0.17633  
1.16991  0.223896  4.87036  0.0203448  0.307631  5.99619  
0.134266  0.0144021  5.99568  0.109096  0.0937155  6.00388  
0.171498  3.98986  0.167197  1.20058  3.09011  1.4662  
0.0203448  0.307631  5.99619  1.7344  0.18104  3.02769  
1.23278  3.18351  0.016571  0.134266  0.0144021  5.99568  
1.67945  2.22414  0.15433  0.254235  2.8963  4.09853  
2.01665  0.167617  0.17633  0.171498  3.98986  0.167197  
1.23278  3.18351  0.016571  1.74107  0.175852  3.01337  
1.7344  0.18104  3.02769  0.0203448  0.307631  5.99619  
2.01665  0.167617  0.17633  0.134266  0.0144021  5.99568  
0.109096  0.0937155  6.00388  0.109096  0.0937155  6.00388  
1.16991  0.223896  4.87036  0.254235  2.8963  4.09853  
0.134266  0.0144021  5.99568  1.23278  3.18351  0.016571  
1.67945  2.22414  0.15433  1.16991  0.223896  4.87036  
0.254235  2.8963  4.09853  1.67945  2.22414  0.15433  
0.171498  3.98986  0.167197  2.01665  0.167617  0.17633  
0.0203448  0.307631  5.99619  0.171498  3.98986  0.167197  
1.16991  0.223896  4.87036  0.134266  0.0144021  5.99568  
1.7344  0.18104  3.02769  0.254235  2.8963  4.09853  
1.67945  2.22414  0.15433  1.16991  0.223896  4.87036  
0.254235  2.8963  4.09853  0.171498  3.98986  0.167197  
1.23278  3.18351  0.016571  2.01665  0.167617  0.17633  
0.171498  3.98986  0.167197  0.0203448  0.307631  5.99619  
0.109096  0.0937155  6.00388  1.23278  3.18351  0.016571  
0.134266  0.0144021  5.99568  1.74775  0.166747  2.99212  
2.01665  0.167617  0.17633  0.109096  0.0937155  6.00388  
0.0203448  0.307631  5.99619  1.67945  2.22414  0.15433  
1.16991  0.223896  4.87036  0.171498  3.98986  0.167197  
1.7344  0.18104  3.02769  1.23278  3.18351  0.016571  
0.134266  0.0144021  5.99568  0.254235  2.8963  4.09853  
1.67945  2.22414  0.15433  1.67945  2.22414  0.15433  
0.254235  2.8963  4.09853  0.0203448  0.307631  5.99619  
0.109096  0.0937155  6.00388  0.109096  0.0937155  6.00388  
1.23278  3.18351  0.016571  0.134266  0.0144021  5.99568  
2.01665  0.167617  0.17633  1.16991  0.223896  4.87036  
0.171498  3.98986  0.167197  0.432005  0.0557992  5.8916  
0.0203448  0.307631  5.99619  1.7344  0.18104  3.02769  
0.134266  0.0144021  5.99568  0.27179  2.92898  4.07518  
1.7344  0.18104  3.02769  0.171498  3.98986  0.167197  
0.109096  0.0937155  6.00388  1.16991  0.223896  4.87036  
2.01665  0.167617  0.17633  1.67945  2.22414  0.15433  
0.171498  3.98986  0.167197  0.109096  0.0937155  6.00388  
1.16991  0.223896  4.87036  1.7344  0.18104  3.02769  
1.67945  2.22414  0.15433  2.01665  0.167617  0.17633  
1.23278  3.18351  0.016571  0.0203448  0.307631  5.99619  
0.0203448  0.307631  5.99619  1.23278  3.18351  0.016571  
0.254235  2.8963  4.09853  0.134266  0.0144021  5.99568  
1.16991  0.223896  4.87036  0.254235  2.8963  4.09853  
1.7344  0.18104  3.02769  0.134266  0.0144021  5.99568  
1.67945  2.22414  0.15433  0.109096  0.0937155  6.00388  
0.254235  2.8963  4.09853  0.171498  3.98986  0.167197  
1.23278  3.18351  0.016571  1.7344  0.18104  3.02769  
0.171498  3.98986  0.167197  1.97342  0.166479  1.26534  
0.0203448  0.307631  5.99619  1.16991  0.223896  4.87036  
2.01665  0.167617  0.17633  0.0203448  0.307631  5.99619  
0.134266  0.0144021  5.99568  1.67945  2.22414  0.15433  
0.109096  0.0937155  6.00388  1.23278  3.18351  0.016571  
0.0203448  0.307631  5.99619  1.7344  0.18104  3.02769  
1.7344  0.18104  3.02769  0.0203448  0.307631  5.99619  
2.01665  0.167617  0.17633  0.160629  0.0408207  6.01822  
1.16991  0.223896  4.87036  1.16991  0.223896  4.87036  
0.109096  0.0937155  6.00388  0.109096  0.0937155  6.00388  
1.67945  2.22414  0.15433  1.67945  2.22414  0.15433  
0.134266  0.0144021  5.99568  1.23278  3.18351  0.016571  
0.254235  2.8963  4.09853  0.171498  3.98986  0.167197  
1.23278  3.18351  0.016571  2.01665  0.167617  0.17633  
0.171498  3.98986  0.167197  0.254235  2.8963  4.09853  
0.0201825  0.307424  5.99595  2.01511  0.166071  0.174782  
0.254371  2.89685  4.0953  0.171445  3.98986  0.164936  
1.23278  3.18351  0.016571  0.134262  0.0144562  5.99567  
1.67781  2.22223  0.227835  1.84082  1.68606  0.322855  
1.18178  0.248605  4.86547  1.74704  0.177454  2.96169  
0.171445  3.98986  0.164936  0.0202117  0.307387  5.99595  
2.01511  0.166071  0.174782  1.16983  0.224893  4.87053  
0.108337  0.0928531  6.00317  1.67848  2.22312  0.144305  
0.134262  0.0144562  5.99567  0.25714  2.88345  4.1466  
1.74704  0.177454  2.96169  1.23278  3.18351  0.016571  
0.134262  0.0144562  5.99567  0.134262  0.0144562  5.99567  
0.254371  2.89685  4.0953  0.171445  3.98986  0.164936  
0.108337  0.0928531  6.00317  0.108337  0.0928531  6.00317  
1.16983  0.224893  4.87053  0.254371  2.89685  4.0953  
1.67781  2.22223  0.227835  1.67781  2.22223  0.227835  
1.23278  3.18351  0.016571  1.64068  1.22836  2.99681  
0.0201825  0.307424  5.99595  1.16983  0.224893  4.87053  
2.01511  0.166071  0.174782  1.23278  3.18351  0.016571  
0.171445  3.98986  0.164936  2.01511  0.166071  0.174782  
1.74876  0.176102  2.98067  0.0201825  0.307424  5.99595  
0.0201825  0.307424  5.99595  1.74704  0.177454  2.96169  
1.67781  2.22223  0.227835  1.23278  3.18351  0.016571  
0.171445  3.98986  0.164936  0.171445  3.98986  0.164936  
0.254371  2.89685  4.0953  1.67848  2.22312  0.144305  
0.108337  0.0928531  6.00317  0.258156  2.90468  4.08678  
1.16983  0.224893  4.87053  0.108337  0.0928531  6.00317  
1.23278  3.18351  0.016571  1.16983  0.224893  4.87053  
0.134262  0.0144562  5.99567  0.0201825  0.307424  5.99595  
2.01511  0.166071  0.174782  0.134262  0.0144562  5.99567  
1.74704  0.177454  2.96169  2.01511  0.166071  0.174782  
0.171445  3.98986  0.164936  1.67712  2.3047  0.193408  
0.254382  2.8969  4.09521  1.74876  0.176102  2.98067  
1.16983  0.224893  4.87053  1.82862  1.74665  0.413884  
0.0201825  0.307424  5.99595  0.254371  2.89685  4.0953  
0.134262  0.0144562  5.99567  1.23278  3.18351  0.016571  
2.01511  0.166071  0.174782  0.0201825  0.307424  5.99595  
1.67848  2.22312  0.144305  1.16983  0.224893  4.87053  
0.108337  0.0928531  6.00317  0.171445  3.98986  0.164936  
1.74704  0.177454  2.96169  2.01511  0.166071  0.174782  
1.23278  3.18351  0.016571  0.134262  0.0144562  5.99567  
1.67712  2.3047  0.193408  1.23278  3.18351  0.016571  
1.23278  3.18351  0.016571  0.171445  3.98986  0.164936  
0.171445  3.98986  0.164936  0.0201825  0.307424  5.99595  
0.0201825  0.307424  5.99595  1.16983  0.224893  4.87053  
0.108337  0.0928531  6.00317  2.01511  0.166071  0.174782  
1.16983  0.224893  4.87053  0.134262  0.0144562  5.99567  
0.134262  0.0144562  5.99567  1.48735  0.35159  4.01797  
2.01511  0.166071  0.174782  1.74704  0.177454  2.96169  
0.254371  2.89685  4.0953  0.108337  0.0928531  6.00317  
1.74876  0.176102  2.98067  1.67848  2.22312  0.144305  
1.16983  0.224893  4.87053  0.108337  0.0928531  6.00317  
1.74704  0.177454  2.96169  0.254382  2.8969  4.09521  
0.108337  0.0928531  6.00317  2.01511  0.166071  0.174782  
0.0201825  0.307424  5.99595  1.67848  2.22312  0.144305  
1.67848  2.22312  0.144305  0.171445  3.98986  0.164936  
0.171445  3.98986  0.164936  1.1714  0.233878  4.94998  
2.01511  0.166071  0.174782  0.134262  0.0144562  5.99567  
0.254382  2.8969  4.09521  1.74704  0.177454  2.96169  
0.134262  0.0144562  5.99567  0.0201825  0.307424  5.99595  
1.23278  3.18351  0.016571  1.23278  3.18351  0.016571  
1.23278  3.18351  0.016571  0.0201825  0.307424  5.99595  
0.171445  3.98986  0.164936  0.171445  3.98986  0.164936  
1.74704  0.177454  2.96169  1.67781  2.22223  0.227835  
1.16983  0.224893  4.87053  2.01511  0.166071  0.174782  
1.67848  2.22312  0.144305  1.23278  3.18351  0.016571  
0.134262  0.0144562  5.99567  0.134262  0.0144562  5.99567  
2.01511  0.166071  0.174782  1.74704  0.177454  2.96169  
0.108337  0.0928531  6.00317  0.12276  0.105001  6.00059  
0.254382  2.8969  4.09521  1.16983  0.224893  4.87053  
0.0201825  0.307424  5.99595  0.254371  2.89685  4.0953  
1.23278  3.18351  0.016571  0.108337  0.0928531  6.00317  
1.16983  0.224893  4.87053  0.134262  0.0144562  5.99567  
0.134262  0.0144562  5.99567  1.67848  2.22312  0.144305  
0.0201825  0.307424  5.99595  2.02904  0.188094  0.227119  
0.254382  2.8969  4.09521  0.254382  2.8969  4.09521  
2.01511  0.166071  0.174782  1.23278  3.18351  0.016571  
0.108337  0.0928531  6.00317  1.74704  0.177454  2.96169  
0.171445  3.98986  0.164936  1.16983  0.224893  4.87053  
1.67848  2.22312  0.144305  0.171445  3.98986  0.164936  
1.74704  0.177454  2.96169  0.0201825  0.307424  5.99595  
1.23278  3.18351  0.016571  0.134262  0.0144562  5.99567  
0.171445  3.98986  0.164936  0.108337  0.0928531  6.00317  
1.16983  0.224893  4.87053  1.74704  0.177454  2.96169  
1.74704  0.177454  2.96169  1.23278  3.18351  0.016571  
1.67848  2.22312  0.144305  2.01511  0.166071  0.174782  
0.254382  2.8969  4.09521  0.209523  4.02215  0.241021  
0.108337  0.0928531  6.00317  0.0201825  0.307424  5.99595  
0.134262  0.0144562  5.99567  1.16983  0.224893  4.87053  
2.01511  0.166071  0.174782  1.67848  2.22312  0.144305  
0.0201825  0.307424  5.99595  0.254382  2.8969  4.09521  
1.67781  2.22223  0.227835  0.134262  0.0144562  5.99567  
0.108337  0.0928531  6.00317  0.0201825  0.307424  5.99595  
1.16983  0.224893  4.87053  2.01511  0.166071  0.174782  
1.23278  3.18351  0.016571  1.67848  2.22312  0.144305  
0.0201825  0.307424  5.99595  1.23278  3.18351  0.016571  
0.254371  2.89685  4.0953  1.74704  0.177454  2.96169  
0.171445  3.98986  0.164936  1.16983  0.224893  4.87053  
0.134262  0.0144562  5.99567  1.84082  1.68606  0.322855  
2.01511  0.166071  0.174782  0.25714  2.88345  4.1466  
1.74704  0.177454  2.96169  0.171445  3.98986  0.164936  
0.254361  2.895  4.09775  0.254361  2.895  4.09775  
0.0201825  0.307424  5.99595  1.1701  0.224868  4.87001  
2.01511  0.166071  0.174581  2.01511  0.166071  0.174581  
0.108161  0.0927055  6.0032  0.108161  0.0927055  6.0032  
0.13426  0.014456  5.99567  1.747  0.177476  2.96187  
1.747  0.177476  2.96187  1.66996  2.2142  0.609154  
1.1701  0.224868  4.87001  0.0201825  0.307424  5.99595  
1.23278  3.18351  0.016571  0.13426  0.014456  5.99567  
1.67759  2.22003  0.153829  0.171445  3.98989  0.163444  
0.171445  3.98989  0.163444  1.23278  3.18351  0.016571  
0.0201825  0.307424  5.99595  0.171445  3.98989  0.163444  
1.747  0.177476  2.96187  1.43184  0.132079  4.26617  
1.23278  3.18351  0.016571  0.0201825  0.307424  5.99595  
0.171445  3.98989  0.163444  1.23278  3.18351  0.016571  
2.01511  0.166071  0.174581  1.747  0.177476  2.96187  
0.13426  0.014456  5.99567  0.254361  2.895  4.09775  
1.67759  2.22003  0.153829  0.108161  0.0927055  6.0032  
0.254361  2.895  4.09775  0.13426  0.014456  5.99567  
1.1701  0.224868  4.87001  1.1701  0.224868  4.87001  
0.108161  0.0927055  6.0032  1.67759  2.22003  0.153829  
2.01511  0.166071  0.174581  0.171445  3.98989  0.163444  
1.67759  2.22003  0.153829  2.01511  0.166071  0.174581  
1.1701  0.224868  4.87001  1.1701  0.224868  4.87001  
0.254361  2.895  4.09775  0.0201825  0.307424  5.99595  
1.747  0.177476  2.96187  0.254361  2.895  4.09775  
0.108161  0.0927055  6.0032  0.13426  0.014456  5.99567  
0.0201825  0.307424  5.99595  1.747  0.177476  2.96187  
1.23278  3.18351  0.016571  0.150871  0.128589  5.99428  
0.171445  3.98989  0.163444  1.67759  2.22003  0.153829  
0.13426  0.014456  5.99567  1.23278  3.18351  0.016571  
0.0201825  0.307424  5.99595  1.1701  0.224868  4.87001  
1.67759  2.22003  0.153829  0.108161  0.0927055  6.0032  
0.254361  2.895  4.09775  2.01511  0.166071  0.174581  
0.13426  0.014456  5.99567  0.17934  3.99573  0.185103  
2.01511  0.166071  0.174581  1.23278  3.18351  0.016571  
0.171445  3.98989  0.163444  0.254361  2.895  4.09775  
1.23278  3.18351  0.016571  1.747  0.177476  2.96187  
1.1701  0.224868  4.87001  0.13426  0.014456  5.99567  
1.747  0.177476  2.96187  1.67759  2.22003  0.153829  
0.108161  0.0927055  6.0032  0.0201825  0.307424  5.99595  
0.13426  0.014456  5.99567  1.747  0.177476  2.96187  
0.108161  0.0927055  6.0032  0.0201825  0.307424  5.99595  
2.01511  0.166071  0.174581  0.171445  3.98989  0.163444  
0.254361  2.895  4.09775  0.254361  2.895  4.09775  
1.747  0.177476  2.96187  1.85583  1.63943  0.251245  
0.171445  3.98989  0.163444  1.1701  0.224868  4.87001  
1.67759  2.22003  0.153829  0.13426  0.014456  5.99567  
1.23278  3.18351  0.016571  2.01511  0.166071  0.174581  
0.0201825  0.307424  5.99595  1.67759  2.22003  0.153829  
1.1701  0.224868  4.87001  1.23278  3.18351  0.016571  
0.0201825  0.307424  5.99595  1.67759  2.22003  0.153829  
0.108161  0.0927055  6.0032  1.1701  0.224868  4.87001  
0.13426  0.014456  5.99567  0.108161  0.0927055  6.0032  
1.1701  0.224868  4.87001  2.01511  0.166071  0.174581  
1.23278  3.18351  0.016571  1.75399  0.175607  2.95284  
0.254361  2.895  4.09775  1.23278  3.18351  0.016571  
1.747  0.177476  2.96187  0.254361  2.895  4.09775  
1.67759  2.22003  0.153829  0.13426  0.014456  5.99567  
2.01511  0.166071  0.174581  0.171445  3.98989  0.163444  
0.171445  3.98989  0.163444  0.0201825  0.307424  5.99595  
0.171445  3.98989  0.163444  0.254361  2.895  4.09775  
2.01511  0.166071  0.174581  0.142315  0.0238184  6.00418  
0.0201825  0.307424  5.99595  1.747  0.177476  2.96187  
0.254361  2.895  4.09775  1.23278  3.18351  0.016571  
1.23278  3.18351  0.016571  0.0201825  0.307424  5.99595  
1.67759  2.22003  0.153829  1.1701  0.224868  4.87001  
0.13426  0.014456  5.99567  0.108161  0.0927055  6.0032  
1.747  0.177476  2.96187  2.01511  0.166071  0.174581  
1.1701  0.224868  4.87001  1.67759  2.22003  0.153829  
0.108161  0.0927055  6.0032  0.171445  3.98989  0.163444  
1.1701  0.224868  4.87001  2.01511  0.166071  0.174581  
1.67759  2.22003  0.153829  0.0201825  0.307424  5.99595  
2.01511  0.166071  0.174581  0.938148  2.99542  2.93192  
1.747  0.177476  2.96187  0.254361  2.895  4.09775  
0.108161  0.0927055  6.0032  1.67759  2.22003  0.153829  
0.254361  2.895  4.09775  0.108161  0.0927055  6.0032  
0.171445  3.98989  0.163444  1.23278  3.18351  0.016571  
0.0201825  0.307424  5.99595  0.13426  0.014456  5.99567  
1.23278  3.18351  0.016571  0.171445  3.98989  0.163444  
0.13426  0.014456  5.99567  1.1701  0.224868  4.87001  
0.0201825  0.307424  5.99595  1.87401  1.53371  0.196734  
1.67759  2.22003  0.153829  1.67759  2.22003  0.153829  
0.171445  3.98989  0.163444  2.01511  0.166071  0.174581  
2.01511  0.166071  0.174581  1.747  0.177476  2.96187  
0.254361  2.895  4.09775  1.1701  0.224868  4.87001  
0.13426  0.014456  5.99567  0.171445  3.98989  0.163444  
1.747  0.177476  2.96187  1.23278  3.18351  0.016571  
1.1701  0.224868  4.87001  0.0201825  0.307424  5.99595  
0.108161  0.0927055  6.0032  0.13426  0.014456  5.99567  
1.23278  3.18351  0.016571  0.254361  2.895  4.09775  
2.01511  0.166071  0.174581  0.108161  0.0927055  6.0032  
0.171445  3.98989  0.163444  0.254361  2.895  4.09775  
1.67759  2.22003  0.153829  0.177467  0.0580679  6.03399  
1.1701  0.224868  4.87001  2.01511  0.166071  0.174581  
1.747  0.177476  2.96187  0.171445  3.98989  0.163444  
0.0201825  0.307424  5.99595  1.23278  3.18351  0.016571  
0.254361  2.895  4.09775  1.747  0.177476  2.96187  
1.23278  3.18351  0.016571  1.67759  2.22003  0.153829  
0.13426  0.014456  5.99567  1.1701  0.224868  4.87001  
0.108161  0.0927055  6.0032  0.0201825  0.307424  5.99595  
0.254353  2.89498  4.09776  0.171445  3.98989  0.163444  
0.171445  3.98989  0.163444  0.254353  2.89498  4.09776  
1.74698  0.177465  2.96191  1.23209  3.18294  0.116394  
2.01511  0.166071  0.174581  1.1701  0.224869  4.87001  
1.23278  3.18351  0.016615  1.74698  0.177465  2.96191  
1.1701  0.224869  4.87001  1.67758  2.22003  0.154079  
0.108161  0.0927055  6.0032  0.13426  0.0144561  5.99567  
1.67758  2.22003  0.154079  0.108161  0.0927055  6.0032  
0.0201825  0.307424  5.99595  0.0201825  0.307424  5.99595  
0.13426  0.0144561  5.99567  2.01511  0.166071  0.174581  
1.67758  2.22003  0.154079  0.0201825  0.307424  5.99595  
0.13426  0.0144561  5.99567  0.254353  2.89498  4.09776  
2.01511  0.166071  0.174581  0.171445  3.98989  0.163444  
1.23278  3.18351  0.016615  0.13426  0.0144561  5.99567  
0.171445  3.98989  0.163444  1.23278  3.18351  0.016615  
0.0201825  0.307424  5.99595  2.01511  0.166071  0.174581  
1.1701  0.224869  4.87001  1.1701  0.224869  4.87001  
0.108161  0.0927055  6.0032  1.67758  2.22003  0.154079  
1.74698  0.177465  2.96191  1.74732  0.181396  2.96875  
0.254353  2.89498  4.09776  0.108161  0.0927055  6.0032  
2.01511  0.166071  0.174581  0.108161  0.0927055  6.0032  
1.23278  3.18351  0.016615  1.1701  0.224869  4.87001  
0.171445  3.98989  0.163444  1.74698  0.177465  2.96191  
0.13426  0.0144561  5.99567  0.0201825  0.307424  5.99595  
0.108161  0.0927055  6.0032  0.171445  3.98989  0.163444  
1.74698  0.177465  2.96191  0.13426  0.0144561  5.99567  
1.67758  2.22003  0.154079  0.254353  2.89498  4.09776  
1.1701  0.224869  4.87001  1.67758  2.22003  0.154079  
0.254353  2.89498  4.09776  2.01511  0.166071  0.174581  
0.0201825  0.307424  5.99595  1.23278  3.18351  0.016615  
2.01511  0.166071  0.174581  0.162067  0.0270259  5.99555  
0.0201825  0.307424  5.99595  1.23278  3.18351  0.016615  
1.67758  2.22003  0.154079  0.13426  0.0144561  5.99567  
0.254353  2.89498  4.09776  1.67758  2.22003  0.154079  
0.171445  3.98989  0.163444  2.01511  0.166071  0.174581  
1.74698  0.177465  2.96191  0.171445  3.98989  0.163444  
0.13426  0.0144561  5.99567  1.1701  0.224869  4.87001  
1.1701  0.224869  4.87001  1.74698  0.177465  2.96191  
0.108161  0.0927055  6.0032  0.254353  2.89498  4.09776  
1.23278  3.18351  0.016615  0.108161  0.0927055  6.0032  
1.1701  0.224869  4.87001  1.79682  0.278679  2.84992  
0.171445  3.98989  0.163444  0.13426  0.0144561  5.99567  
2.01511  0.166071  0.174581  1.23278  3.18351  0.016615  
1.23278  3.18351  0.016615  0.254353  2.89498  4.09776  
0.13426  0.0144561  5.99567  0.0201825  0.307424  5.99595  
0.108161  0.0927055  6.0032  0.108161  0.0927055  6.0032  
1.67758  2.22003  0.154079  1.67758  2.22003  0.154079  
0.254353  2.89498  4.09776  0.171445  3.98989  0.163444  
1.74698  0.177465  2.96191  1.1701  0.224869  4.87001  
0.0201825  0.307424  5.99595  2.01511  0.166071  0.174581  
2.01511  0.166071  0.174581  0.108161  0.0927055  6.0032  
1.67758  2.22003  0.154079  0.13426  0.0144561  5.99567  
1.1701  0.224869  4.87001  0.254353  2.89498  4.09776  
0.254353  2.89498  4.09776  1.1701  0.224869  4.87001  
0.13426  0.0144561  5.99567  0.171445  3.98989  0.163444  
1.74698  0.177465  2.96191  1.67231  2.20904  0.612265  
0.0201825  0.307424  5.99595  0.0201825  0.307424  5.99595  
0.171445  3.98989  0.163444  1.74698  0.177465  2.96191  
1.23278  3.18351  0.016615  1.23278  3.18351  0.016615  
0.108161  0.0927055  6.0032  2.01511  0.166071  0.174581  
0.0201825  0.307424  5.99595  0.0201825  0.307424  5.99595  
0.171445  3.98989  0.163444  1.74698  0.177465  2.96191  
0.13426  0.0144561  5.99567  2.01511  0.166071  0.174581  
1.23278  3.18351  0.016615  0.13426  0.0144561  5.99567  
1.1701  0.224869  4.87001  1.67758  2.22003  0.154079  
0.254353  2.89498  4.09776  1.86709  1.60335  0.196712  
1.67758  2.22003  0.154079  0.171445  3.98989  0.163444  
1.74698  0.177465  2.96191  1.1701  0.224869  4.87001  
2.01511  0.166071  0.174581  1.23278  3.18351  0.016615  
0.108161  0.0927055  6.0032  0.254353  2.89498  4.09776  
0.254353  2.89498  4.09776  1.23278  3.18351  0.016615  
1.1701  0.224869  4.87001  0.254353  2.89498  4.09776  
1.23278  3.18351  0.016615  0.13426  0.0144561  5.99567  
1.67758  2.22003  0.154079  0.0451778  0.300362  5.99575  
0.171445  3.98989  0.163444  0.171445  3.98989  0.163444  
2.01511  0.166071  0.174581  2.01511  0.166071  0.174581  
0.0201825  0.307424  5.99595  0.108161  0.0927055  6.0032  
0.13426  0.0144561  5.99567  1.1701  0.224869  4.87001  
1.74698  0.177465  2.96191  1.67758  2.22003  0.154079  
0.108161  0.0927055  6.0032  1.74698  0.177465  2.96191  
0.0201825  0.307424  5.99595  2.01511  0.166071  0.174581  
1.67758  2.22003  0.154079  0.254353  2.89498  4.09776  
2.01511  0.166071  0.174581  1.67758  2.22003  0.154079  
0.171445  3.98989  0.163444  1.1701  0.224869  4.87001  
1.1701  0.224869  4.87001  1.74698  0.177465  2.96191  
1.74698  0.177465  2.96191  0.171445  3.98989  0.163444  
0.108161  0.0927055  6.0032  1.23278  3.18351  0.016615  
0.254353  2.89498  4.09776  0.149447  0.0289936  6.00912  
1.23278  3.18351  0.016615  0.108161  0.0927055  6.0032  
0.13426  0.0144561  5.99567  0.0201825  0.307424  5.99595  
1.1701  0.224869  4.87001  1.23278  3.18351  0.016615  
0.171445  3.98989  0.163444  1.67758  2.22003  0.154079  
1.74698  0.177465  2.96191  0.171445  3.98989  0.163444  
0.108161  0.0927055  6.0032  1.1701  0.224869  4.87001  
0.254353  2.89498  4.09776  0.254353  2.89498  4.09776  
1.23278  3.18351  0.016615  0.1578  0.0444748  6.02149  
1.67758  2.22003  0.154079  2.01511  0.166071  0.174581  
0.0201825  0.307424  5.99595  0.108161  0.0927055  6.0032  
0.13426  0.0144561  5.99567  1.74698  0.177465  2.96191  
2.01511  0.166071  0.174581  0.0201825  0.307424  5.99595  
2.01511  0.166071  0.174581  1.67758  2.22003  0.154079  
0.0201825  0.307424  5.99595  0.108161  0.0927055  6.0032  
1.67758  2.22003  0.154079  0.13426  0.0144561  5.99567  
0.171445  3.98989  0.163444  1.1701  0.224869  4.87001  
1.23278  3.18351  0.016615  0.0201825  0.307424  5.99595  
1.1701  0.224869  4.87001  1.23278  3.18351  0.016615  
0.108161  0.0927055  6.0032  0.171445  3.98989  0.163444  
1.74698  0.177467  2.96192  2.02856  0.23622  0.208371  
0.13426  0.0144561  5.99567  0.254353  2.89498  4.09776  
0.254353  2.89498  4.09776  1.74698  0.177467  2.96192  
0.171445  3.98989  0.163444  1.23278  3.18351  0.016615  
1.23278  3.18351  0.016615  2.01511  0.166071  0.174581  
1.74698  0.177467  2.96192  1.1701  0.224869  4.87001  
0.254353  2.89498  4.09776  1.67758  2.22003  0.154079  
0.0201825  0.307424  5.99595  1.74698  0.177467  2.96192  
1.1701  0.224869  4.87001  0.254353  2.89498  4.09776  
1.67758  2.22003  0.154079  1.82256  1.70324  0.209607  
0.13426  0.0144561  5.99567  0.171445  3.98989  0.163444  
2.01511  0.166071  0.174581  0.13426  0.0144561  5.99567  
0.108161  0.0927055  6.0032  0.0201825  0.307424  5.99595  
1.23278  3.18351  0.016615  2.01511  0.166071  0.174581  
0.171445  3.98989  0.163444  0.13426  0.0144561  5.99567  
2.01511  0.166071  0.174581  0.254121  2.89033  4.11085  
1.74698  0.177467  2.96192  1.1701  0.224869  4.87001  
0.254353  2.89498  4.09776  1.67758  2.22003  0.154079  
0.108161  0.0927055  6.0032  0.0201825  0.307424  5.99595  
1.1701  0.224869  4.87001  1.23278  3.18351  0.016615  
1.67758  2.22003  0.154079  0.108161  0.0927055  6.0032  
0.0201825  0.307424  5.99595  0.171445  3.98989  0.163444  
0.13426  0.0144561  5.99567  1.74698  0.177467  2.96192  
0.171445  3.98989  0.163444  1.74698  0.177467  2.96192  
1.1701  0.224869  4.87001  1.1701  0.224869  4.87001  
0.0201825  0.307424  5.99595  0.0201825  0.307424  5.99595  
1.74698  0.177467  2.96192  1.67758  2.22003  0.154079  
0.108161  0.0927055  6.0032  0.108161  0.0927055  6.0032  
0.254353  2.89498  4.09776  2.01511  0.166071  0.174581  
2.01511  0.166071  0.174581  0.171445  3.98989  0.163444  
1.23278  3.18351  0.016615  1.07067  2.77684  2.98447  
1.67758  2.22003  0.154079  0.13426  0.0144561  5.99567  
0.13426  0.0144561  5.99567  0.254353  2.89498  4.09776  
1.23278  3.18351  0.016615  0.13426  0.0144561  5.99567  
1.1701  0.224869  4.87001  0.169252  0.0285009  5.99979  
2.01511  0.166071  0.174581  1.74698  0.177467  2.96192  
0.171445  3.98989  0.163444  1.23278  3.18351  0.016615  
0.108161  0.0927055  6.0032  2.01511  0.166071  0.174581  
0.254353  2.89498  4.09776  0.108161  0.0927055  6.0032  
0.0201825  0.307424  5.99595  0.171445  3.98989  0.163444  
0.13426  0.0144561  5.99567  1.1701  0.224869  4.87001  
1.74698  0.177467  2.96192  1.67758  2.22003  0.154079  
1.67758  2.22003  0.154079  0.254353  2.89498  4.09776  
0.13426  0.0144561  5.99567  0.0201825  0.307424  5.99595  
0.254353  2.89498  4.09776  2.01511  0.166071  0.174581  
0.171445  3.98989  0.163444  0.171445  3.98989  0.163444  
0.108161  0.0927055  6.0032  1.23278  3.18351  0.016615  
1.67758  2.22003  0.154079  1.67758  2.22003  0.154079  
1.1701  0.224869  4.87001  0.108161  0.0927055  6.0032  
1.74698  0.177467  2.96192  0.13426  0.0144561  5.99567  
0.0201825  0.307424  5.99595  0.254353  2.89498  4.09776  
2.01511  0.166071  0.174581  1.1701  0.224869  4.87001  
1.23278  3.18351  0.016615  1.74698  0.177467  2.96192  
1.67758  2.22003  0.154079  0.0201825  0.307424  5.99595  
2.01511  0.166071  0.174581  0.254353  2.89498  4.09776  
1.1701  0.224869  4.87001  1.74698  0.177467  2.96192  
0.254353  2.89498  4.09776  0.171445  3.98989  0.163444  
1.74698  0.177467  2.96192  1.23278  3.18351  0.016615  
0.108161  0.0927055  6.0032  1.1701  0.224869  4.87001  
0.0201825  0.307424  5.99595  0.13426  0.0144561  5.99567  
1.23278  3.18351  0.016615  0.108161  0.0927055  6.0032  
0.13426  0.0144561  5.99567  1.67153  2.21583  0.572674  
0.171445  3.98989  0.163444  2.01511  0.166071  0.174581  
0.108161  0.0927055  6.0032  0.254353  2.89498  4.09776  
0.13426  0.0144561  5.99567  2.01511  0.166071  0.174581  
0.171445  3.98989  0.163444  1.23278  3.18351  0.016615  
1.67758  2.22003  0.154079  0.0201825  0.307424  5.99595  
1.23278  3.18351  0.016615  1.74698  0.177467  2.96192  
2.01511  0.166071  0.174581  1.67758  2.22003  0.154079  
1.74698  0.177467  2.96192  0.169349  3.79862  1.88135  
1.1701  0.224869  4.87001  0.13426  0.0144561  5.99567  
0.0201825  0.307424  5.99595  0.108161  0.0927055  6.0032  
0.254353  2.89498  4.09776  1.1701  0.224869  4.87001  
2.01511  0.166071  0.174581  2.01511  0.166071  0.174581  
1.23278  3.18351  0.016615  0.254353  2.89498  4.09776  
0.171445  3.98989  0.163444  0.171445  3.98989  0.163444  
0.0201825  0.307424  5.99595  1.74698  0.177467  2.96192  
1.74698  0.177467  2.96192  1.67758  2.22003  0.154079  
0.254353  2.89498  4.09776  0.108161  0.0927055  6.0032  
0.108161  0.0927055  6.0032  0.13426  0.0144561  5.99567  
1.67758  2.22003  0.154079  1.1701  0.224869  4.87001  
0.13426  0.0144561  5.99567  1.23278  3.18351  0.016615  
1.1701  0.224869  4.87001  0.16272  0.0418112  5.99907  
0.13426  0.0144561  5.99567  1.67758  2.22003  0.154079  
0.108161  0.0927055  6.0032  1.23278  3.18351  0.016615  
0.0201825  0.307424  5.99595  2.01511  0.166071  0.174581  
0.171445  3.98989  0.163444  0.171445  3.98989  0.163444  
2.01511  0.166071  0.174581  0.13426  0.0144561  5.99567  
1.74698  0.177467  2.96192  0.108161  0.0927055  6.0032  
1.23278  3.18351  0.016615  0.254353  2.89498  4.09776  
0.254353  2.89498  4.09776  0.0201825  0.307424  5.99595  
1.67758  2.22003  0.154079  1.75245  0.177826  2.95815  
1.1701  0.224869  4.87001  1.1701  0.224869  4.87001  
0.171445  3.98989  0.163444  0.171445  3.98989  0.163444  
1.23278  3.18351  0.016615  1.23278  3.18351  0.016615  
0.108161  0.0927055  6.0032  1.74698  0.177467  2.96192  
1.1701  0.224869  4.87001  0.13426  0.0144561  5.99567  
0.254353  2.89498  4.09776  0.108161  0.0927055  6.0032  
2.01511  0.166071  0.174581  0.261913  2.88972  4.14372  
1.67758  2.22003  0.154079  1.1701  0.224869  4.87001  
0.0201825  0.307424  5.99595  1.67758  2.22003  0.154079  
0.13426  0.0144561  5.99567  0.0201825  0.307424  5.99595  
1.74698  0.177467  2.96192  2.01511  0.166071  0.174581  
1.1701  0.224869  4.87001  1.67758  2.22003  0.154079  
1.67758  2.22003  0.154079  0.108161  0.0927055  6.0032  
0.171445  3.98989  0.163444  0.13426  0.0144561  5.99567  
1.23278  3.18351  0.016615  2.01511  0.166071  0.174581  
0.254353  2.89498  4.09776  0.254353  2.89498  4.09776  
1.74698  0.177467  2.96192  1.1701  0.224869  4.87001  
0.13426  0.0144561  5.99567  0.161828  0.0212613  5.99661  
0.108161  0.0927055  6.0032  0.171445  3.98989  0.163444  
0.0201825  0.307424  5.99595  1.23278  3.18351  0.016615  
2.01511  0.166071  0.174581  1.74698  0.177467  2.96192  
1.23278  3.18351  0.016615  0.254353  2.89498  4.09776  
0.108161  0.0927055  6.0032  0.13426  0.0144561  5.99567  
0.171445  3.98989  0.163444  1.67758  2.22003  0.154079  
0.13426  0.0144561  5.99567  1.74698  0.177467  2.96192  
0.0201825  0.307424  5.99595  0.108161  0.0927055  6.0032  
0.254353  2.89498  4.09776  1.1701  0.224869  4.87001  
1.1701  0.224869  4.87001  0.171445  3.98989  0.163444  
1.74698  0.177467  2.96192  2.01511  0.166071  0.174581  
2.01511  0.166071  0.174581  1.23278  3.18351  0.016615  
1.67758  2.22003  0.154079  0.0201825  0.307424  5.99595  
0.254353  2.89498  4.09776  1.67758  2.22003  0.154079  
0.13426  0.0144561  5.99567  0.254353  2.89498  4.09776  
1.74698  0.177467  2.96192  0.0201825  0.307424  5.99595  
1.1701  0.224869  4.87001  1.17247  0.228926  4.86993  
0.0201825  0.307424  5.99595  2.01511  0.166071  0.174581  
0.108161  0.0927055  6.0032  1.23278  3.18351  0.016615  
2.01511  0.166071  0.174581  0.13426  0.0144561  5.99567  
0.171445  3.98989  0.163444  0.171445  3.98989  0.163444  
1.23278  3.18351  0.016615  1.74698  0.177467  2.96192  
1.67758  2.22003  0.154079  0.108161  0.0927055  6.0032  
0.13426  0.0144561  5.99567  2.01511  0.166071  0.174581  
1.67758  2.22003  0.154079  0.171445  3.98989  0.163444  
0.171445  3.98989  0.163444  1.74698  0.177467  2.96192  
1.74698  0.177467  2.96192  0.0201825  0.307424  5.99595  
0.108161  0.0927055  6.0032  0.142054  0.0243659  6.0042  
1.23278  3.18351  0.016615  1.1701  0.224869  4.87001  
0.254353  2.89498  4.09776  1.67758  2.22003  0.154079  
1.1701  0.224869  4.87001  1.23278  3.18351  0.016615  
2.01511  0.166071  0.174581  0.254353  2.89498  4.09776  
0.0201825  0.307424  5.99595  0.108161  0.0927055  6.0032  
1.67758  2.22003  0.154079  1.67758  2.22003  0.154079  
2.01511  0.166071  0.174581  1.74698  0.177467  2.96192  
1.23278  3.18351  0.016615  1.23278  3.18351  0.016615  
0.0201825  0.307424  5.99595  1.1701  0.224869  4.87001  
0.254353  2.89498  4.09776  0.254353  2.89498  4.09776  
0.108161  0.0927055  6.0032  1.57843  0.169008  3.81551  
0.171445  3.98989  0.163444  0.13426  0.0144561  5.99567  
1.74698  0.177467  2.96192  0.0201825  0.307424  5.99595  
0.13426  0.0144561  5.99567  0.171445  3.98989  0.163444  
1.1701  0.224869  4.87001  0.108161  0.0927055  6.0032  
1.1701  0.224869  4.87001  0.0201825  0.307424  5.99595  
0.108161  0.0927055  6.0032  0.108161  0.0927055  6.0032  
1.67758  2.22003  0.154079  0.13426  0.0144561  5.99567  
0.254353  2.89498  4.09776  1.67758  2.22003  0.154079  
1.23278  3.18351  0.016615  1.1701  0.224869  4.87001  
0.171445  3.98989  0.163444  0.180814  3.99682  0.185671  
0.0201825  0.307424  5.99595  0.254353  2.89498  4.09776  
1.74698  0.177467  2.96192  1.74698  0.177467  2.96192  
0.13426  0.0144561  5.99567  1.23278  3.18351  0.016615  
2.01511  0.166071  0.174581  2.01511  0.166071  0.174581  
0.108161  0.0927055  6.0032  1.74698  0.177467  2.96192  
0.254353  2.89498  4.09776  0.13426  0.0144561  5.99567  
0.13426  0.0144561  5.99567  1.23278  3.18351  0.016615  
1.1701  0.224869  4.87001  1.1701  0.224869  4.87001  
1.74698  0.177467  2.96192  0.108161  0.0927055  6.0032  
2.01511  0.166071  0.174581  0.171445  3.98989  0.163444  
0.171445  3.98989  0.163444  0.254353  2.89498  4.09776  
1.23278  3.18351  0.016615  0.0201825  0.307424  5.99595  
0.0201825  0.307424  5.99595  2.01441  0.166019  0.240574  
1.67758  2.22003  0.154079  1.67758  2.22003  0.154079  
1.1701  0.224869  4.87001  2.01511  0.166071  0.174581  
0.13426  0.0144561  5.99567  1.67758  2.22003  0.154079  
1.67758  2.22003  0.154079  1.20851  3.08191  1.45645  
1.23278  3.18351  0.016615  0.0201825  0.307424  5.99595  
1.74698  0.177467  2.96192  0.254353  2.89498  4.09776  
0.171445  3.98989  0.163444  1.74698  0.177467  2.96192  
0.254353  2.89498  4.09776  1.1701  0.224869  4.87001  
0.0201825  0.307424  5.99595  0.108161  0.0927055  6.0032  
0.108161  0.0927055  6.0032  0.171445  3.98989  0.163444  
2.01511  0.166071  0.174581  0.13426  0.0144561  5.99567  
1.67758  2.22003  0.154079  1.67758  2.22003  0.154079  
0.171445  3.98989  0.163444  1.23278  3.18351  0.016615  
1.74698  0.177467  2.96192  1.74698  0.177467  2.96192  
1.1701  0.224869  4.87001  1.1701  0.224869  4.87001  
0.108161  0.0927055  6.0032  0.13426  0.0144561  5.99567  
2.01511  0.166071  0.174581  2.01478  0.232329  0.287505  
1.23278  3.18351  0.016615  0.254353  2.89498  4.09776  
0.254353  2.89498  4.09776  0.171445  3.98989  0.163444  
0.0201825  0.307424  5.99595  0.108161  0.0927055  6.0032  
0.13426  0.0144561  5.99567  0.0201825  0.307424  5.99595  
1.23278  3.18351  0.016615  2.01511  0.166071  0.174581  
1.74698  0.177467  2.96192  0.13426  0.0144561  5.99567  
1.1701  0.224869  4.87001  1.1701  0.224869  4.87001  
0.13426  0.0144561  5.99567  1.74698  0.177467  2.96192  
0.254353  2.89498  4.09776  0.0201825  0.307424  5.99595  
0.0201825  0.307424  5.99595  1.08769  2.73549  3.03016  
0.108161  0.0927055  6.0032  0.254353  2.89498  4.09776  
2.01511  0.166071  0.174581  1.67758  2.22003  0.154079  
0.171445  3.98989  0.163444  0.171445  3.98989  0.163444  
1.67758  2.22003  0.154079  0.108161  0.0927055  6.0032  
0.254353  2.89498  4.09776  1.74698  0.177467  2.96192  
1.67758  2.22003  0.154079  0.13426  0.0144561  5.99567  
1.1701  0.224869  4.87001  0.108161  0.0927055  6.0032  
1.74698  0.177467  2.96192  1.1701  0.224869  4.87001  
0.0201825  0.307424  5.99595  0.254353  2.89498  4.09776  
0.108161  0.0927055  6.0032  1.67758  2.22003  0.154079  
0.171445  3.98989  0.163444  2.01511  0.166071  0.174581  
0.13426  0.0144561  5.99567  1.09252  2.73635  3.03864  
2.01511  0.166071  0.174581  0.0201825  0.307424  5.99595  
1.23278  3.18351  0.016615  0.171445  3.98989  0.163444  
0.13426  0.0144561  5.99567  1.67758  2.22003  0.154079  
0.254353  2.89498  4.09776  0.13426  0.0144561  5.99567  
1.74698  0.177467  2.96192  1.1701  0.224869  4.87001  
1.67758  2.22003  0.154079  1.23278  3.18351  0.016615  
0.0201825  0.307424  5.99595  0.254353  2.89498  4.09776  
1.23278  3.18351  0.016615  2.02607  0.221566  0.270611  
1.1701  0.224869  4.87001  0.0201825  0.307424  5.99595  
0.108161  0.0927055  6.0032  0.171445  3.98989  0.163444  
2.01511  0.166071  0.174581  0.108161  0.0927055  6.0032  
0.171445  3.98989  0.163444  1.74698  0.177467  2.96192  
1.67758  2.22003  0.154079  2.01511  0.166071  0.174581  
1.74698  0.177467  2.96192  0.254353  2.89498  4.09776  
1.23278  3.18351  0.016615  1.74698  0.177467  2.96192  
0.171445  3.98989  0.163444  1.67758  2.22003  0.154079  
0.108161  0.0927055  6.0032  0.13426  0.0144561  5.99567  
2.01511  0.166071  0.174581  1.1701  0.224869  4.87001  
0.13426  0.0144561  5.99567  0.171445  3.98989  0.163444  
0.0201825  0.307424  5.99595  1.04634  2.81644  3.0836  
1.1701  0.224869  4.87001  0.0201825  0.307424  5.99595  
0.254353  2.89498  4.09776  0.108161  0.0927055  6.0032  
0.13426  0.0144561  5.99567  2.01511  0.166071  0.174581  
0.0201825  0.307424  5.99595  0.108161  0.0927055  6.0032  
1.74698  0.177467  2.96192  1.74698  0.177467  2.96192  
0.108161  0.0927055  6.0032  1.1701  0.224869  4.87001  
1.23278  3.18351  0.016615  0.171445  3.98989  0.163444  
0.254353  2.89498  4.09776  0.13426  0.0144561  5.99567  
0.171445  3.98989  0.163444  1.00657  2.58346  3.51136  
2.01511  0.166071  0.174581  0.0201825  0.307424  5.99595  
1.67758  2.22003  0.154079  1.67758  2.22003  0.154079  
1.1701  0.224869  4.87001  0.254353  2.89498  4.09776  
0.171445  3.98989  0.163444  0.0201825  0.307424  5.99595  
0.108161  0.0927055  6.0032  1.74698  0.177467  2.96192  
0.254353  2.89498  4.09776  0.13426  0.0144561  5.99567  
1.74698  0.177467  2.96192  2.01511  0.166071  0.174581  
0.0201825  0.307424  5.99595  1.47769  1.90084  3.01152  
2.01511  0.166071  0.174581  1.23278  3.18351  0.016615  
1.67758  2.22003  0.154079  0.171445  3.98989  0.163444  
1.1701  0.224869  4.87001  1.1701  0.224869  4.87001  
1.23278  3.18351  0.016615  0.254353  2.89498  4.09776  
0.13426  0.0144561  5.99567  0.108161  0.0927055  6.0032  
0.13426  0.0144561  5.99567  1.1701  0.224869  4.87001  
0.108161  0.0927055  6.0032  0.13426  0.0144561  5.99567  
1.23278  3.18351  0.016615  1.67758  2.22003  0.154079  
2.01511  0.166071  0.174581  0.171445  3.98989  0.163444  
0.254353  2.89498  4.09776  1.23278  3.18351  0.016615  
1.67758  2.22003  0.154079  2.01511  0.166071  0.174581  
0.171445  3.98989  0.163444  0.254353  2.89498  4.09776  
0.0201825  0.307424  5.99595  0.108161  0.0927055  6.0032  
1.1701  0.224869  4.87001  0.0201825  0.307424  5.99595  
1.74698  0.177467  2.96192  1.74698  0.177467  2.96192  
0.108161  0.0927055  6.0032  2.01511  0.166071  0.174581  
0.0201825  0.307424  5.99595  1.1701  0.224869  4.87001  
1.67758  2.22003  0.154079  1.67758  2.22003  0.154079  
1.1701  0.224869  4.87001  0.0782698  0.234258  6.00256  
0.171445  3.98989  0.163444  0.108161  0.0927055  6.0032  
2.01511  0.166071  0.174581  0.0201825  0.307424  5.99595  
1.23278  3.18351  0.016615  0.171445  3.98989  0.163444  
0.254353  2.89498  4.09776  1.74698  0.177467  2.96192  
1.74698  0.177467  2.96192  1.23278  3.18351  0.016615  
0.13426  0.0144561  5.99567  0.254353  2.89498  4.09776  
1.67758  2.22003  0.154079  1.1701  0.224869  4.87001  
1.1701  0.224869  4.87001  1.74698  0.177467  2.96192  
0.254353  2.89498  4.09776  2.01511  0.166071  0.174581  
1.74698  0.177467  2.96192  0.254353  2.89498  4.09776  
0.108161  0.0927055  6.0032  0.108161  0.0927055  6.0032  
2.01511  0.166071  0.174581  1.23278  3.18351  0.016615  
0.0201825  0.307424  5.99595  0.157405  0.0382999  6.01303  
0.13426  0.0144561  5.99567  0.0201825  0.307424  5.99595  
1.23278  3.18351  0.016615  1.67758  2.22003  0.154079  
0.171445  3.98989  0.163444  0.171445  3.98989  0.163444  
1.74698  0.177467  2.96192  2.01511  0.166071  0.174581  
2.01511  0.166071  0.174581  1.74698  0.177467  2.96192  
0.108161  0.0927055  6.0032  0.254353  2.89498  4.09776  
0.171445  3.98989  0.163444  0.108161  0.0927055  6.0032  
0.0201825  0.307424  5.99595  0.0201825  0.307424  5.99595  
1.1701  0.224869  4.87001  1.1701  0.224869  4.87001  
0.254353  2.89498  4.09776  0.156573  3.54914  2.76502  
1.23278  3.18351  0.016615  1.23278  3.18351  0.016615  
1.67758  2.22003  0.154079  1.67758  2.22003  0.154079  
0.13426  0.0144561  5.99567  0.13426  0.0144561  5.99567  
1.23278  3.18351  0.016615  1.74698  0.177467  2.96192  
1.67758  2.22003  0.154079  1.23278  3.18351  0.016615  
0.171445  3.98989  0.163444  1.1701  0.224869  4.87001  
0.13426  0.0144561  5.99567  0.254353  2.89498  4.09776  
0.254353  2.89498  4.09776  0.171445  3.98989  0.163444  
2.01511  0.166071  0.174581  1.67758  2.22003  0.154079  
0.0201825  0.307424  5.99595  0.108161  0.0927055  6.0032  
1.74698  0.177467  2.96192  2.01511  0.166071  0.174581  
0.108161  0.0927055  6.0032  0.0201825  0.307424  5.99595  
1.1701  0.224869  4.87001  0.153655  0.0411666  6.01764  
0.171445  3.98989  0.163444  2.01511  0.166071  0.174581  
1.74698  0.177467  2.96192  1.1701  0.224869  4.87001  
1.67758  2.22003  0.154079  0.108161  0.0927055  6.0032  
1.23278  3.18351  0.016615  0.171445  3.98989  0.163444  
0.13426  0.0144561  5.99567  1.67758  2.22003  0.154079  
0.108161  0.0927055  6.0032  0.254353  2.89498  4.09776  
0.0201825  0.307424  5.99595  0.13426  0.0144561  5.99567  
1.1701  0.224869  4.87001  1.23278  3.18351  0.016615  
2.01511  0.166071  0.174581  1.74698  0.177467  2.96192  
0.254353  2.89498  4.09776  0.179787  0.0391014  6.01198  
1.67758  2.22003  0.154079  0.254353  2.89498  4.09776  
0.13426  0.0144561  5.99567  0.108161  0.0927055  6.0032  
1.23278  3.18351  0.016615  1.1701  0.224869  4.87001  
0.254353  2.89498  4.09776  1.74698  0.177467  2.96192  
2.01511  0.166071  0.174581  0.0201825  0.307424  5.99595  
0.171445  3.98989  0.163444  0.0603373  1.07779  5.799  
0.108161  0.0927055  6.0032  0.13426  0.0144561  5.99567  
1.74698  0.177467  2.96192  1.23278  3.18351  0.016615  
0.0201825  0.307424  5.99595  2.01511  0.166071  0.174581  
1.1701  0.224869  4.87001  1.67758  2.22003  0.154079  
0.0201825  0.307424  5.99595  1.85344  0.158436  2.38466  
1.74698  0.177467  2.96192  0.13426  0.0144561  5.99567  
0.254353  2.89498  4.09776  0.0201825  0.307424  5.99595  
2.01511  0.166071  0.174581  0.171445  3.98989  0.163444  
0.108161  0.0927055  6.0032  1.74698  0.177467  2.96192  
1.67758  2.22003  0.154079  0.108161  0.0927055  6.0032  
1.1701  0.224869  4.87001  1.67758  2.22003  0.154079  
0.171445  3.98989  0.163444  1.1701  0.224869  4.87001  
0.13426  0.0144561  5.99567  0.254353  2.89498  4.09776  
1.23278  3.18351  0.016615  1.23278  3.18351  0.016615  
1.67758  2.22003  0.154079  0.13426  0.0144561  5.99567  
1.1701  0.224869  4.87001  2.01511  0.166071  0.174581  
0.13426  0.0144561  5.99567  1.1701  0.224869  4.87001  
0.0201825  0.307424  5.99595  0.254353  2.89498  4.09776  
2.01511  0.166071  0.174581  1.23278  3.18351  0.016615  
0.254353  2.89498  4.09776  1.74698  0.177467  2.96192  
0.171445  3.98989  0.163444  0.0201825  0.307424  5.99595  
1.74698  0.177467  2.96192  0.171445  3.98989  0.163444  
0.108161  0.0927055  6.0032  1.86609  1.69885  0.330349  
1.23278  3.18351  0.016615  1.67758  2.22003  0.154079  
1.1701  0.224869  4.87001  0.0201825  0.307424  5.99595  
0.254353  2.89498  4.09776  1.1701  0.224869  4.87001  
0.171445  3.98989  0.163444  0.108161  0.0927055  6.0032  
1.67758  2.22003  0.154079  1.23278  3.18351  0.016615  
0.0201825  0.307424  5.99595  0.13426  0.0144561  5.99567  
1.74698  0.177467  2.96192  1.67758  2.22003  0.154079  
2.01511  0.166071  0.174581  0.254353  2.89498  4.09776  
0.13426  0.0144561  5.99567  2.01511  0.166071  0.174581  
1.23278  3.18351  0.016615  0.171445  3.98989  0.163444  
0.108161  0.0927055  6.0032  1.74698  0.177467  2.96192  
0.13426  0.0144561  5.99567  1.23278  3.18351  0.016615  
1.67758  2.22003  0.154079  0.0201825  0.307424  5.99595  
0.254353  2.89498  4.09776  0.162668  0.0540843  6.02638  
0.108161  0.0927055  6.0032  1.74698  0.177467  2.96192  
0.0201825  0.307424  5.99595  1.67758  2.22003  0.154079  
2.01511  0.166071  0.174581  0.254353  2.89498  4.09776  
1.74698  0.177467  2.96192  2.01511  0.166071  0.174581  
1.1701  0.224869  4.87001  0.171445  3.98989  0.163444  
0.171445  3.98989  0.163444  0.108161  0.0927055  6.0032  
1.23278  3.18351  0.016615  1.1701  0.224869  4.87001  
1.23278  3.18351  0.016615  0.171445  3.98989  0.163444  
0.254353  2.89498  4.09776  1.67758  2.22003  0.154079  
0.0201825  0.307424  5.99595  0.13426  0.0144561  5.99567  
1.74698  0.177467  2.96192  0.254353  2.89498  4.09776  
0.171445  3.98989  0.163444  1.74698  0.177467  2.96192  
0.13426  0.0144561  5.99567  0.0201825  0.307424  5.99595  
1.1701  0.224869  4.87001  1.23278  3.18351  0.016615  
2.01511  0.166071  0.174581  1.1701  0.224869  4.87001  
1.67758  2.22003  0.154079  0.108161  0.0927055  6.0032  
0.108161  0.0927055  6.0032  1.44771  0.149996  4.22437  
0.108161  0.0927055  6.0032  0.254353  2.89498  4.09776  
1.67758  2.22003  0.154079  1.23278  3.18351  0.016615  
0.254353  2.89498  4.09776  0.13426  0.0144561  5.99567  
1.1701  0.224869  4.87001  0.108161  0.0927055  6.0032  
2.01511  0.166071  0.174581  1.74698  0.177467  2.96192  
0.0201825  0.307424  5.99595  1.67758  2.22003  0.154079  
1.74698  0.177467  2.96192  1.1701  0.224869  4.87001  
0.171445  3.98989  0.163444  0.0201825  0.307424  5.99595  
1.23278  3.18351  0.016615  2.01511  0.166071  0.174581  
0.13426  0.0144561  5.99567  0.176896  3.99437  0.175492  
1.23278  3.18351  0.016615  0.108161  0.0927055  6.0032  
0.0201825  0.307424  5.99595  0.254353  2.89498  4.09776  
1.67758  2.22003  0.154079  1.1701  0.224869  4.87001  
1.74698  0.177467  2.96192  0.0201825  0.307424  5.99595  
0.254353  2.89498  4.09776  1.74698  0.177467  2.96192  
0.171445  3.98989  0.163444  2.02906  0.180196  0.216784  
0.108161  0.0927055  6.0032  1.67758  2.22003  0.154079  
0.13426  0.0144561  5.99567  0.13426  0.0144561  5.99567  
1.1701  0.224869  4.87001  1.23278  3.18351  0.016615  
2.01511  0.166071  0.174581  0.171445  3.98989  0.163444  
