4.05042  1.78363  2.93246  2.5111  
2.34109  1.75266  1.88135  1.93127  
1.91376  1.33705  1.45981  1.60483  
2.42328  5.43288  2.10248  2.33941  
1.77564  1.73725  1.90766  1.51831  
2.31848  1.1528  1.99021  1.16455  
1.90756  1.14498  1.94251  1.39462  
2.39174  2.10431  1.73525  2.53803  
1.61026  1.58934  1.78316  0.920538  
3.9706  2.70123  2.07963  2.22991  
2.13397  1.63123  1.99073  2.84142  
2.07518  3.81811  1.65429  2.51397  
1.8599  0.681125  1.56459  1.5732  
2.97792  1.80634  1.62677  1.13725  
1.35986  1.26665  2.17773  1.12205  
2.13383  1.35369  1.43006  1.1425  
1.96965  1.85984  1.93054  1.49571  
3.4931  2.93232  1.5956  1.10335  
2.02856  2.19931  1.97958  3.43468  
1.19462  1.28755  2.90328  2.58943  
2.1532  1.97819  1.57644  1.26804  
3.22514  2.84963  2.10117  2.0214  
1.61085  1.63556  4.02694  1.83364  
2.59059  2.86384  2.37533  1.91979  
2.25933  2.64617  3.64177  2.5549  
2.59391  3.59002  2.93536  2.28451  
1.86412  1.36399  1.66129  1.83751  
1.55679  1.15194  2.53395  1.66795  
2.68878  1.65195  2.66184  3.15574  
1.73324  0.98593  1.6609  1.25943  
1.55252  1.3694  2.80167  1.85209  
2.23328  3.28176  1.25059  1.14976  
1.44933  1.10676  2.89231  3.28632  
2.717  2.4454  2.36715  1.15546  
3.30978  1.96668  2.45306  2.19725  
1.89677  2.25174  2.50771  3.6828  
1.82627  1.32038  3.55972  2.19149  
1.78858  1.65058  2.18722  2.77584  
1.80532  1.09142  1.2808  1.06519  
1.8326  1.37582  3.61658  1.8971  
2.49007  1.97568  2.94948  3.06747  
1.88962  1.55498  2.79274  1.80389  
1.89251  1.29312  2.91876  1.89927  
2.62235  1.294  1.96776  1.2783  
1.10841  1.48326  1.51737  1.60591  
2.0613  1.20142  2.40859  4.00834  
2.13906  1.36883  1.30045  1.49486  
2.54398  3.12659  3.05477  1.79083  
1.51842  1.31644  2.64257  2.10411  
1.91595  0.994615  1.65311  2.07319  
2.85677  2.61346  2.08622  2.84105  
2.6596  1.40661  1.52593  1.42955  
2.5168  1.39296  2.39802  2.06353  
1.63603  1.08026  2.00845  1.07697  
1.82338  1.49454  2.03302  1.58725  
1.6901  1.14341  2.15164  2.04746  
1.78314  2.51665  1.54281  2.36676  
2.26745  2.57556  3.01884  4.50439  
2.72615  3.7342  2.81147  4.38243  
2.52802  3.48596  2.97712  3.09333  
1.94954  1.11845  3.81965  2.12609  
1.43446  1.46034  3.31661  4.11337  
2.47988  1.23145  1.92248  1.31925  
1.8696  1.75492  1.95852  2.40584  
2.66302  1.57404  2.52179  0.965078  
3.31641  1.32928  2.23537  2.65317  
1.88953  1.23463  2.35942  2.38968  
2.82961  2.83557  2.96607  3.62477  
2.66036  3.47817  2.889  2.95259  
2.12119  1.60144  1.47391  1.60834  
2.04321  1.84095  2.54816  1.6608  
2.87821  3.04669  1.57695  1.0779  
1.47378  1.25759  1.53018  1.40374  
2.5179  2.03295  4.91484  3.26877  
3.13325  1.42608  1.92806  1.2843  
2.20154  1.66738  1.96434  1.47285  
2.57272  1.99123  2.25646  1.3813  
2.39015  0.984934  2.26542  1.86653  
1.66856  1.18757  1.786  1.64306  
1.73015  1.59168  1.95812  2.39113  
1.70302  1.38653  1.60433  1.87534  
2.07944  2.16979  1.79493  1.60817  
2.82491  2.75688  1.94745  1.44252  
1.39794  1.42661  2.27655  1.61248  
2.35499  3.28053  1.97563  1.62276  
1.27336  1.311  1.515  1.94787  
2.3362  2.92608  3.3024  1.45344  
1.8843  2.07708  1.63194  1.81338  
3.05472  4.18455  3.14721  3.95097  
2.01622  1.81353  3.3315  2.43356  
1.44365  1.00135  1.40548  1.89729  
2.56995  2.22917  3.92883  3.57419  
2.70598  2.35088  2.15087  2.92325  
1.49778  1.12414  4.55125  3.1351  
2.43451  3.47671  3.05747  3.39169  
1.80023  1.19835  2.04354  2.61286  
1.69942  1.68509  3.46083  2.84708  
2.29715  3.79196  1.55408  2.1571  
3.25627  1.91672  1.94219  1.22557  
2.39213  2.7276  3.79127  1.83222  
1.38162  0.751012  2.53712  0.915514  
0.937671  1.15363  1.09162  0.938157  
1.87089  0.643387  1.13364  2.0763  
2.11484  1.92723  1.38162  0.751012  
2.53712  0.915514  0.937671  1.15363  
1.5914  0.898255  1.5914  0.898255  
1.22778  0.975798  1.22778  0.975798  
1.28181  0.975341  1.28181  0.975341  
1.10919  1.80694  2.11484  1.92723  
1.09162  0.938157  1.87089  0.643387  
1.07949  0.761685  1.5799  0.823131  
0.861163  1.45877  2.07211  1.68183  
1.69499  0.744232  1.01873  0.940611  
1.37918  1.01699  1.5336  2.12903  
0.910409  1.55121  1.61213  0.673033  
1.47914  1.41086  1.31336  1.10495  
1.69542  0.9834  0.9772  0.801774  
1.51331  0.743541  0.857252  1.01769  
1.13811  2.08244  1.04075  1.43204  
1.58366  1.99697  1.11775  0.926743  
1.1148  1.39678  1.96352  1.05146  
1.23616  0.8226  1.57694  1.26064  
1.93061  1.98457  1.13137  0.941949  
1.63353  1.87574  1.71566  1.23975  
1.57694  1.26064  1.1148  1.39678  
1.96352  1.05146  1.2826  1.28655  
1.71566  1.23975  1.63353  1.87574  
1.25837  1.28655  1.93061  1.98457  
1.64035  0.88732  1.64035  0.88732  
1.13137  0.941949  1.23616  0.8226  
1.37268  1.11023  1.38059  0.930455  
1.2639  1.32407  1.34125  1.14872  
1.38059  0.930455  1.18395  0.777702  
1.50701  1.20788  1.15424  0.956459  
1.98829  0.893921  1.50701  1.20788  
1.15424  0.956459  1.16551  0.92016  
1.16551  0.92016  1.2639  1.32407  
1.18395  0.777702  1.98829  0.893921  
1.34125  1.1463  1.22339  1.11785  
1.22339  1.11785  1.37268  1.11023  
0.971426  0.782257  1.16641  0.811748  
1.2924  0.913055  1.30148  0.830074  
0.993667  0.983532  1.71649  1.79153  
0.797861  0.918811  1.5769  0.619308  
0.738442  1.56196  1.15307  0.894589  
1.07735  0.900484  1.65348  0.915333  
1.25533  0.858416  1.14705  1.19075  
1.72887  1.23795  1.75509  1.85532  
1.79902  1.7068  1.18782  0.831496  
1.04203  0.50998  2.20424  2.87115  
1.04075  1.43204  1.25533  0.858416  
2.07211  1.68183  1.04203  0.50998  
1.01873  0.940611  0.738442  1.56196  
1.61213  0.673033  0.797861  0.918811  
0.857252  1.01769  0.966914  0.782257  
1.31336  1.10495  1.07735  0.900484  
1.5336  2.12903  1.79902  1.7068  
1.5799  0.823131  1.2924  0.913055  
1.11775  0.926743  1.72887  1.23795  
0.9772  0.801774  0.993667  0.983532  
0.799902  0.156429  0.645301  0.259425  
0.667477  0.206632  0.799902  0.156429  
0.179748  0.661228  0.871648  0.494346  
0.847353  0.100531  0.667477  0.206632  
0.751337  0.183844  0.745903  0.186461  
0.385335  0.491647  0.751337  0.183844  
0.645301  0.259425  0.385335  0.491647  
0.281977  0.494346  0.847353  0.100531  
0.745903  0.186461  0.179748  0.661228  
0.498339  0.308362  0.498339  0.308362  
2.53712  0.915514  1.5914  0.898255  
0.925994  1.0544  1.22778  0.975798  
1.87089  0.643387  0.925994  1.0544  
2.11484  1.92723  1.10919  1.80694  
1.10919  1.80694  1.09162  0.860457  
1.5914  0.898255  2.53712  0.915514  
1.09162  0.938157  1.28181  0.975341  
1.22778  0.975798  2.11484  1.92723  
1.28181  0.975341  1.87089  0.643387  
1.38162  0.751012  1.38162  0.751012  
1.08009  1.74686  1.19483  0.98199  
1.25829  0.964237  1.68364  0.785103  
1.07472  0.939077  1.25829  0.964237  
1.86367  1.71537  1.86367  1.71537  
1.19483  0.98199  1.37728  0.877711  
1.37728  0.877711  1.08009  1.74686  
1.68364  0.785103  1.03855  1.13926  
1.53307  1.44643  1.07472  0.939077  
1.03855  1.13926  1.53307  1.44643  
1.57392  0.586649  1.57392  0.586649  
1.75509  1.85532  1.58366  1.99697  
1.15307  0.894589  1.13811  2.08244  
1.5769  0.619308  0.910409  1.55121  
1.30148  0.830074  1.07949  0.761685  
1.18782  0.831496  1.47914  1.41086  
1.14705  1.19075  1.69499  0.744232  
2.20424  2.87115  0.861163  1.45877  
1.16641  0.80481  1.69542  0.9834  
1.71649  1.79153  1.51331  0.743541  
1.65348  0.915333  1.37918  1.01699  
0.497708  0.595852  0.697456  0.728594  
0.766319  0.716621  0.281604  0.493841  
1.08089  0.659331  0.497708  0.595852  
2.07137  2.2483  1.40272  1.63961  
0.281604  0.493841  1.34666  0.884184  
0.697456  0.516952  1.12703  0.483447  
1.12703  0.483447  0.750546  0.183564  
0.750546  0.183564  1.08089  0.659331  
1.34666  0.884184  2.07137  2.2483  
1.40272  1.63961  0.766319  0.716621  
0.281604  0.931166  1.00002  0.429938  
0.497708  0.582592  1.54601  1.65089  
0.757587  0.501058  0.666576  0.205829  
1.77288  1.14428  0.799788  0.155381  
1.55125  1.65089  0.745353  0.613454  
0.745353  0.186511  0.696711  0.501058  
0.666576  0.621746  0.281604  0.941209  
1.00002  0.729321  1.35143  0.68578  
1.35143  0.68578  1.82588  0.898756  
0.799788  0.155381  0.497708  0.857282  
0.799788  0.155381  1.00002  0.729321  
1.35143  0.68578  1.77288  1.14428  
0.666576  0.205829  0.799788  0.155381  
1.82588  0.898756  0.666576  0.621746  
0.281604  0.866021  0.757587  0.501058  
0.696711  0.501058  0.281604  0.931166  
0.745353  0.613454  0.745353  0.186511  
1.55125  1.65089  1.35143  0.68578  
1.00002  0.429938  1.55125  1.65089  
0.497708  0.857282  0.497708  0.582592  
0.696711  0.501058  1.82588  0.898756  
1.27942  0.155381  1.35143  0.68578  
0.666576  0.205829  0.497708  0.857282  
1.77288  0.898756  1.00002  0.429938  
1.35143  0.68578  0.799788  0.155381  
1.55125  1.65089  0.745353  0.613454  
0.745353  0.613454  0.281604  0.866021  
0.497708  0.307987  1.55125  1.65089  
1.00002  0.429938  0.662532  0.501058  
0.281604  0.866021  0.666576  0.205829  
0.281604  0.493841  0.696711  0.501058  
0.696711  0.501058  0.666576  0.205829  
0.497708  0.307987  0.497708  0.307987  
0.666576  0.205829  0.281604  0.493841  
0.745353  0.572769  1.35441  1.20868  
2.80778  3.32673  1.24609  0.146599  
1.35441  1.20868  1.07409  0.204441  
1.50432  1.60822  1.50432  1.60822  
1.24609  0.146599  2.80778  3.32673  
1.07409  0.204441  0.745353  0.572769  
0.281604  0.866021  0.799788  0.155381  
0.745353  0.613454  0.666576  0.205829  
1.00002  0.429938  1.35143  0.68578  
1.82588  0.898756  1.82588  0.898756  
0.696711  0.501058  1.00002  0.429938  
0.497708  0.307987  1.55125  1.65089  
0.799788  0.155381  0.696711  0.501058  
1.55125  1.65089  0.281604  0.941209  
1.35143  0.68578  0.745353  0.613454  
0.666576  0.205829  0.497708  0.857282  
0.381996  0.489102  0.799788  0.155381  
0.645202  0.259298  1.55125  1.65089  
0.666576  0.205826  0.281604  0.866021  
0.176962  0.659331  0.497708  0.307987  
0.281604  0.493841  1.00002  0.429938  
0.745353  0.186511  0.696711  0.501058  
0.799788  0.155381  0.666576  0.205829  
0.750546  0.183564  0.745353  0.613454  
0.84715  0.1003  1.35143  0.68578  
0.497708  0.307987  2.22142  0.898756  
1.07409  0.204441  0.736019  0.259298  
0.281604  0.493841  0.176962  0.659331  
0.696711  0.501058  0.745353  0.186511  
0.497708  0.307987  0.666576  0.205826  
1.50432  1.60822  0.799788  0.155381  
2.80778  3.32673  0.281604  0.493841  
1.35441  1.20868  0.750546  0.183564  
0.666576  0.205829  0.84715  0.1003  
0.745353  0.572769  0.381996  0.489102  
1.24609  0.146599  0.497708  0.307987  
1.55125  1.65089  0.745353  0.572769  
1.35143  0.68578  1.07409  0.204441  
0.666576  0.205829  1.35441  1.20868  
1.77288  0.898756  0.497708  0.307987  
0.799788  0.155381  1.24609  0.146599  
0.281604  0.866021  0.281604  0.493841  
0.696711  0.501058  2.80778  3.32673  
0.745353  0.613454  0.666576  0.205829  
1.00002  0.429938  0.696711  0.501058  
0.497708  0.307987  1.50432  1.60822  
0.666576  0.205829  0.281604  0.866021  
0.281604  0.866021  1.35143  0.68578  
0.497708  0.307987  1.00002  0.429938  
1.77288  0.898756  0.799788  0.155381  
0.745353  0.613454  0.696711  0.501058  
1.35143  0.68578  1.77288  0.898756  
1.00002  0.429938  0.666576  0.205829  
0.799788  0.155381  0.745353  0.613454  
0.696711  0.501058  0.497708  0.307987  
1.55125  1.65089  1.55125  1.65089  
0.497591  0.307946  0.497591  0.307946  
0.745219  0.171683  1.02457  0.480715  
1.04049  0.742838  0.745219  0.171683  
1.29345  0.738957  1.10857  0.742838  
0.66634  0.205753  0.680985  0.548507  
1.88863  1.18845  0.847086  0.100308  
0.847086  0.100308  0.466612  0.659273  
0.962199  0.480715  1.2183  0.734351  
0.680985  0.548507  0.66634  0.205753  
0.911568  0.659273  1.08849  0.592976  
0.497591  0.307946  0.66634  0.205753  
0.847086  0.100308  0.847086  0.100308  
0.962199  0.480715  0.745219  0.171683  
1.29345  0.738957  0.680985  0.548507  
0.66634  0.205753  1.08849  0.592976  
1.88863  1.18845  1.2183  0.734351  
0.680985  0.548507  1.01463  0.659273  
0.745219  0.171683  1.02457  0.480715  
1.04049  0.742838  0.497591  0.307946  
0.895763  0.659273  1.10857  0.742838  
1.08849  0.592976  0.979205  0.480715  
0.497591  0.307946  0.680985  0.548507  
1.2183  0.726627  0.997062  0.171683  
0.680985  0.548507  1.2183  0.726627  
1.10857  0.742838  1.10857  0.742838  
0.847086  0.100308  0.73137  0.547164  
0.745219  0.171683  1.08849  0.592976  
0.979205  0.480715  0.847086  0.100308  
1.18686  0.759416  1.18686  0.205753  
0.176779  0.659273  0.176779  0.659273  
0.847086  0.100308  1.04378  0.742838  
0.497591  0.307946  0.96261  0.171065  
1.30924  0.751414  0.176779  0.659273  
2.32089  2.10497  0.66634  0.205753  
0.745219  0.171065  0.917942  0.506113  
0.66634  0.205753  2.32089  2.10497  
0.176779  0.659273  1.30924  0.751414  
1.04378  0.742838  0.847086  0.100308  
1.50555  1.13708  1.50555  1.13708  
0.917942  0.506113  0.497591  0.307946  
0.744542  0.525805  0.997062  0.171683  
0.281593  0.493175  0.176779  0.659273  
0.974698  0.151889  1.18686  0.205753  
0.645175  0.259287  0.680985  0.548507  
0.775984  0.155366  0.497591  0.307946  
0.497613  0.307946  0.847086  0.100308  
0.176779  0.659273  1.2183  0.726627  
0.847086  0.100308  1.10857  0.742838  
0.745219  0.171683  0.979205  0.480715  
0.66634  0.205753  1.08849  0.592976  
0.979205  0.480715  0.744542  0.525805  
0.176779  0.659273  0.176779  0.659273  
1.2183  0.726627  0.745219  0.171683  
0.745219  0.171683  0.847086  0.366901  
0.847086  0.100308  0.281593  0.493175  
0.497591  0.307946  0.497613  0.307946  
0.66634  0.205753  0.974698  0.151889  
0.680985  0.548507  0.645175  0.259287  
1.10857  0.742838  0.66634  0.205753  
1.08849  0.592976  0.775984  0.155366  
0.680985  0.548507  0.497591  0.307946  
1.88863  1.18845  0.66634  0.205753  
0.745219  0.171683  1.04049  0.742838  
1.29345  0.738957  0.901304  0.659273  
0.66634  0.205753  0.745219  0.171683  
0.847086  0.100308  1.29345  0.738957  
1.04049  0.742838  1.88863  1.18845  
0.964532  0.480715  0.962199  0.480715  
0.497591  0.307946  0.847086  0.100308  
0.911568  0.659273  0.680985  0.548507  
0.680985  0.548507  1.32298  0.880504  
0.847086  0.100308  0.176779  0.659273  
1.27002  0.752383  0.745219  0.171683  
1.32298  0.880504  0.66634  0.205753  
1.04581  0.592976  1.45128  0.100308  
0.745219  0.171683  1.27002  0.752383  
1.02457  0.480715  1.02457  0.480715  
0.176779  0.659273  0.680985  0.548507  
0.66634  0.205753  0.497591  0.307946  
0.497591  0.307946  1.04581  0.592976  
0.847086  0.100308  0.745219  0.171683  
0.66634  0.205753  0.979205  0.480715  
1.2183  0.726627  0.497591  0.307946  
1.08849  0.592976  0.680985  0.548507  
1.10857  0.742838  1.08849  0.592976  
0.176779  0.659273  1.18686  0.205753  
0.745219  0.171683  1.2183  0.726627  
0.979205  0.480715  0.847086  0.100308  
1.13618  0.548507  1.10857  0.742838  
0.497591  0.307946  0.176779  0.659273  
0.66634  0.205753  1.27002  0.752383  
1.27002  0.752383  0.497591  0.307946  
0.497591  0.307946  1.02457  0.480715  
1.32298  0.880504  0.176779  0.753904  
1.02457  0.480715  0.680985  0.548507  
0.680985  0.548507  1.32298  0.880504  
0.176779  0.659273  0.847086  0.100308  
0.745219  0.512115  0.66634  0.205753  
1.04581  0.592976  1.04581  0.592976  
0.847086  0.100308  0.745219  0.512115  
0.964343  0.816387  1.03105  0.280022  
0.594839  0.265749  1.32742  0.159688  
0.176475  0.6595  1.26592  0.205725  
0.847142  0.100036  0.497576  0.30794  
1.04785  0.159688  0.607626  0.621804  
0.666325  0.205725  0.176475  0.6595  
0.818445  0.522695  1.01469  0.265749  
0.607626  0.536048  0.836481  0.522695  
0.281584  0.493137  1.30647  0.100036  
0.497576  0.30794  0.281584  0.493137  
0.836481  0.522695  0.176475  0.6595  
0.497576  0.30794  0.497576  0.30794  
0.967441  0.265749  0.836481  0.522695  
1.03105  0.59208  1.03105  0.280022  
0.176475  0.6595  1.26592  0.205725  
0.847142  0.100036  0.607626  0.621804  
1.26592  0.205725  0.847142  0.100036  
0.607626  0.621804  0.998241  0.265749  
1.32742  0.159688  0.281584  0.493137  
0.281584  0.493137  1.32742  0.159688  
0.607626  0.621804  0.281584  0.493137  
1.32742  0.159688  0.607626  0.621804  
0.967441  0.265749  0.497576  0.30794  
0.176475  0.6595  1.32742  0.159688  
0.847142  0.100036  0.847142  0.100036  
0.836481  0.522695  1.03105  0.280022  
1.26592  0.205725  0.836481  0.522695  
0.281584  0.493137  1.01469  0.265749  
1.03105  0.280022  0.176475  0.6595  
0.497576  0.30794  1.26592  0.205725  
0.607626  0.536048  0.281584  0.493137  
1.01486  0.279811  0.607626  0.621804  
0.836481  0.522695  1.32742  0.159688  
0.847142  0.100036  1.26592  0.205725  
0.176475  0.6595  0.847142  0.100036  
0.666325  0.205725  0.836481  0.522695  
1.29824  0.829561  0.998241  0.265749  
0.967441  0.683515  1.03105  0.280022  
0.497576  0.30794  0.176475  0.6595  
0.281584  0.493137  0.497576  0.30794  
0.818445  0.522695  1.29824  0.829561  
0.666325  0.205725  0.847142  0.100036  
0.607626  0.536048  0.607626  0.536048  
0.497576  0.30794  0.281584  0.493137  
1.04785  0.159688  0.836481  0.522695  
0.281584  0.493137  1.01486  0.279811  
0.594839  0.265749  0.497576  0.30794  
0.964343  0.827307  0.176475  0.6595  
0.847142  0.100036  0.666325  0.205725  
0.176475  0.6595  0.967441  0.683515  
1.01486  0.279811  0.607626  0.536048  
0.176475  0.6595  0.666325  0.205725  
0.967441  0.265749  1.01486  0.279811  
1.12047  0.159688  0.967441  0.265749  
0.497576  0.30794  0.176475  0.954832  
0.847142  0.100036  0.836481  0.522695  
0.607626  0.536048  0.281584  0.493137  
0.836481  0.522695  0.847142  0.100036  
0.666325  0.205725  0.497576  0.30794  
0.281584  0.493137  1.12047  0.159688  
0.847142  0.100036  0.666325  0.205725  
0.83854  0.277992  0.497576  0.393001  
0.281584  0.493137  0.176475  0.6595  
0.745265  0.159688  0.594839  0.265749  
0.830371  0.531763  0.847142  0.100036  
0.607626  0.536048  0.83854  0.277992  
0.666325  0.205725  0.281584  0.493137  
0.176475  0.6595  0.607626  0.536048  
0.497576  0.30794  0.830371  0.531763  
0.594839  0.265749  0.745265  0.159688  
0.847142  0.100036  0.176475  0.6595  
0.666325  0.205725  0.818445  0.522695  
0.594839  0.265749  0.281584  0.493137  
1.04785  0.159688  0.497576  0.30794  
0.607626  0.709229  0.594839  0.265749  
0.281584  0.493137  0.607626  0.709229  
0.818445  0.522695  0.666325  0.205725  
0.964343  0.827307  0.847142  0.460094  
0.176475  0.6595  1.04785  0.159688  
0.497576  0.30794  0.964343  0.827307  
0.836481  0.522695  1.01486  0.279811  
0.176475  0.6595  0.497576  0.30794  
1.906  1.12572  0.847142  0.100036  
0.847142  0.100036  1.32742  0.159688  
1.01486  0.279811  0.281584  0.493137  
0.607626  0.536048  0.836481  0.522695  
0.666325  0.205725  0.666325  0.205725  
0.497576  0.30794  0.607626  0.536048  
0.281584  0.493137  1.906  1.09651  
1.32742  0.159688  0.176475  0.6595  
1.29824  0.676934  0.847142  0.306364  
0.967441  0.265749  0.666325  0.205725  
1.01486  0.279811  0.607626  0.536048  
0.847142  0.100036  0.967441  0.265749  
0.176475  0.6595  0.281584  0.493137  
0.836481  0.522695  0.497576  0.30794  
0.607626  0.536048  1.29824  0.676934  
0.666325  0.205725  0.176475  0.6595  
0.497576  0.30794  0.836481  0.522695  
0.281584  0.493137  1.01486  0.279811  
0.405082  0.443154  0.66687  0.205488  
0.497522  0.307926  0.608911  0.227275  
0.852814  0.0950635  0.176121  0.636424  
0.0832002  0.794269  0.497522  0.307926  
0.176121  0.636424  0.852814  0.0950635  
0.281534  0.493074  0.630869  0.303963  
0.608911  0.227275  0.405082  0.443154  
0.156119  0.673524  0.0832002  0.794269  
0.630869  0.303963  0.156119  0.673524  
0.66687  0.205488  0.281534  0.493074  
0.405082  0.443154  0.66687  0.205488  
0.608911  0.227275  0.630869  0.303963  
0.497522  0.307926  0.852814  0.0950635  
0.852814  0.0950635  0.156119  0.673524  
0.630869  0.303963  0.281534  0.493074  
0.281534  0.493074  0.0832002  0.794269  
0.0832002  0.794269  0.405082  0.443154  
0.156119  0.673524  0.176121  0.636424  
0.176121  0.636424  0.608911  0.227275  
0.66687  0.205488  0.497522  0.307926  
0.66687  0.205488  0.281534  0.493074  
0.0832002  0.794269  0.497522  0.307926  
0.630869  0.303963  0.852814  0.0950635  
0.176121  0.636424  0.0832002  0.794269  
0.405082  0.443154  0.405082  0.443154  
0.156119  0.673524  0.176121  0.72845  
0.281534  0.493074  0.630869  0.303963  
0.497522  0.307926  0.156119  0.673524  
0.852814  0.0950635  0.66687  0.205488  
0.608911  0.227275  0.608911  0.227275  
0.156119  0.673524  0.156119  0.673524  
0.852814  0.0950635  0.176121  0.636424  
0.405082  0.443154  0.852814  0.0950635  
0.608911  0.227275  0.405082  0.443154  
0.630869  0.303963  0.66687  0.376843  
0.497522  0.307926  0.497522  0.307926  
0.281534  0.493074  0.630869  0.303963  
0.176121  0.636424  0.608911  0.227275  
0.0832002  0.794269  0.281534  0.493074  
0.66687  0.205488  0.0832002  0.794269  
0.497522  0.307926  0.0832002  0.794269  
0.156119  0.673524  0.176121  0.636424  
0.608911  0.227275  0.405082  0.443154  
0.66687  0.205488  0.497522  0.307926  
0.852814  0.0950635  0.608911  0.227275  
0.630869  0.303963  0.281534  0.493074  
0.0832002  0.794269  0.630869  0.303963  
0.405082  0.443154  0.156119  0.673524  
0.176121  0.636424  0.66687  0.205488  
0.281534  0.493074  0.852814  0.0950635  
0.156119  0.673524  0.630869  0.303963  
0.66687  0.205488  0.405082  0.443154  
0.497522  0.307926  0.281534  0.493074  
0.281534  0.493074  0.156119  0.673524  
0.852814  0.0950635  0.497522  0.307926  
0.608911  0.227275  0.852814  0.0950635  
0.0832002  0.794269  0.176121  0.636424  
0.176121  0.636424  0.0832002  0.794269  
0.630869  0.303963  0.608911  0.227275  
0.405082  0.443154  0.68924  0.205488  
0.156119  0.673524  0.405082  0.443154  
0.852814  0.0950635  0.852814  0.0950635  
0.176121  0.636424  0.66687  0.205488  
0.608911  0.227275  0.0832002  0.794269  
0.0832002  0.794269  0.497522  0.307926  
0.281534  0.493074  0.630869  0.303963  
0.630869  0.303963  0.156119  0.673524  
0.66687  0.205488  0.176121  0.636424  
0.497522  0.307926  0.608911  0.227275  
0.405082  0.443154  0.281534  0.493074  
0.405082  0.443154  0.405082  0.443154  
0.497522  0.307926  0.66687  0.205488  
0.176121  0.636424  0.0832002  0.794269  
0.608911  0.227275  0.281534  0.493074  
0.0832002  0.794269  0.176121  0.636424  
0.156119  0.673524  0.156119  0.673524  
0.630869  0.303963  0.497522  0.307926  
0.66687  0.205488  0.630869  0.303963  
0.281534  0.493074  0.608911  0.227275  
0.852814  0.0950635  1.45057  0.0950635  
0.156119  0.673524  0.281534  0.493074  
0.66687  0.205488  0.66687  0.205488  
0.608911  0.227275  0.0832002  0.794269  
0.0832002  0.794269  0.176121  0.636424  
0.405082  0.443154  0.630869  0.303963  
0.852814  0.0950635  0.852814  0.63313  
0.176121  0.636424  0.405082  0.443154  
0.497522  0.307926  0.156119  0.673524  
0.630869  0.303963  0.608911  0.227275  
0.281534  0.493074  0.497522  0.307926  
0.66687  0.205488  0.281534  0.493074  
0.630869  0.303963  0.630869  0.303963  
0.0832002  0.794269  0.156119  0.673524  
0.176121  0.636424  0.66687  0.205488  
0.156119  0.673524  0.852814  0.0950635  
0.608911  0.227275  0.176121  0.636424  
0.852814  0.0950635  0.608911  0.227275  
0.281534  0.493074  0.405082  0.443154  
0.497522  0.307926  0.0832002  0.794269  
0.405082  0.443154  0.497522  0.307926  
0.620768  0.289469  0.281532  0.493073  
0.667342  0.205245  0.620768  0.289469  
0.852903  0.092048  0.155831  0.673658  
0.155831  0.673658  0.608486  0.227581  
0.0823065  0.793925  0.0823065  0.793925  
0.405299  0.442851  0.405299  0.442851  
0.608486  0.227581  0.852903  0.092048  
0.281532  0.493073  0.667342  0.205245  
0.497223  0.308178  0.176113  0.636397  
0.176113  0.636397  0.497223  0.308178  
0.176113  0.636397  0.405299  0.442851  
0.0823065  0.793925  0.620768  0.289469  
0.281532  0.493073  0.497223  0.308178  
0.620768  0.289469  0.155831  0.673658  
0.852903  0.092048  0.852903  0.092048  
0.608486  0.227581  0.176113  0.636397  
0.667342  0.205245  0.667342  0.205245  
0.405299  0.442851  0.281532  0.553422  
0.155831  0.673658  0.0823065  0.793925  
0.497223  0.308178  0.608486  0.227581  
0.176113  0.636397  0.852903  0.092048  
0.155831  0.673658  0.281532  0.493073  
0.497223  0.308178  0.155831  0.673658  
0.852903  0.092048  0.608486  0.227581  
0.608486  0.227581  0.405299  0.442851  
0.405299  0.442851  0.667342  0.205245  
0.0823065  0.793925  0.620768  0.289469  
0.620768  0.289469  0.176113  0.636397  
0.281532  0.493073  0.0823065  0.793925  
0.667342  0.205245  0.497223  0.308178  
0.667342  0.205245  0.497223  0.308178  
0.0823065  0.793925  0.608486  0.763309  
0.155831  0.673658  0.405299  0.442851  
0.281532  0.493073  0.281532  0.493073  
0.852903  0.092048  0.852903  0.092048  
0.608486  0.227581  0.667342  0.205245  
0.176113  0.636397  0.0823065  0.793925  
0.405299  0.442851  0.620768  0.289469  
0.620768  0.289469  0.176113  0.636397  
0.497223  0.308178  0.155831  0.673658  
0.405299  0.442851  0.608486  0.227581  
0.608486  0.227581  0.667342  0.205245  
0.667342  0.205245  0.176113  0.636397  
0.176113  0.636397  0.620768  0.289469  
0.497223  0.308178  0.281532  0.493073  
0.0823065  0.793925  0.669213  0.308178  
0.281532  0.493073  0.405299  0.442851  
0.620768  0.289469  0.155831  0.673658  
0.852903  0.092048  0.852903  0.092048  
0.155831  0.673658  0.0823065  0.793925  
0.281532  0.493073  0.497223  0.308178  
0.176113  0.636397  0.0823065  0.793925  
0.667342  0.205245  0.176113  0.636397  
0.497223  0.308178  0.155831  0.673658  
0.608486  0.227581  0.608486  0.227581  
0.405299  0.442851  0.667342  0.205245  
0.620768  0.289469  0.852903  0.092048  
0.155831  0.673658  0.281532  0.493073  
0.852903  0.092048  0.405299  0.442851  
0.0823065  0.793925  0.620768  0.289469  
0.497223  0.308178  0.608486  0.227581  
0.281532  0.493073  0.155831  0.673658  
0.852903  0.092048  0.281532  0.493073  
0.405299  0.442851  0.405299  0.442851  
0.667342  0.205245  0.497223  0.491029  
0.155831  0.673658  0.620768  0.289469  
0.176113  0.636397  0.0823065  0.793925  
0.0823065  0.793925  0.667342  0.205245  
0.608486  0.227581  0.852903  0.092048  
0.620768  0.289469  0.176113  0.636397  
0.176113  0.636397  0.0823065  0.793925  
0.405299  0.442851  0.852903  0.092048  
0.281532  0.493073  0.281532  0.493073  
0.608486  0.227581  0.176113  0.636397  
0.497223  0.308178  1.08937  0.308178  
0.852903  0.092048  0.667342  0.205245  
0.155831  0.673658  0.155831  0.673658  
0.620768  0.289469  0.405299  0.442851  
0.0823065  0.793925  0.620768  0.289469  
0.667342  0.205245  0.608486  0.227581  
0.608486  0.227581  0.176113  0.636397  
0.281532  0.493073  0.608486  0.227581  
0.155831  0.673658  0.0823065  0.793925  
0.620768  0.289469  0.155831  0.673658  
0.852903  0.092048  0.667342  0.205245  
0.497223  0.308178  0.852903  0.092048  
0.176113  0.636397  0.281532  0.493073  
0.0823065  0.793925  0.673484  0.289469  
0.405299  0.442851  0.405299  0.442851  
0.667342  0.205245  0.497223  0.308178  
0.620768  0.289469  0.620768  0.289469  
0.667342  0.205245  0.608486  0.227581  
0.405299  0.442851  0.405299  0.442851  
0.281532  0.493073  0.497223  0.308178  
0.176113  0.636397  0.1765  0.793925  
0.608486  0.227581  0.155831  0.673658  
0.852903  0.092048  0.852903  0.092048  
0.155831  0.673658  0.176113  0.636397  
0.0823065  0.793925  0.281532  0.493073  
0.497223  0.308178  0.667342  0.205245  
0.0822741  0.793871  0.281532  0.493072  
0.664633  0.205252  0.852902  0.092048  
0.62139  0.289175  0.62139  0.289175  
0.852902  0.092048  0.664633  0.205252  
0.175712  0.636727  0.0822741  0.92874  
0.497223  0.308171  0.155897  0.623794  
0.60848  0.227544  0.60848  0.227544  
0.155897  0.623794  0.175712  0.636727  
0.40611  0.424194  0.40611  0.424194  
0.281532  0.493072  0.497223  0.308171  
0.62139  0.289175  0.60848  0.227544  
0.155897  0.623794  0.62139  0.289175  
0.175712  0.636727  0.281532  0.493072  
0.60848  0.227544  0.175712  0.636727  
0.664633  0.205252  0.497223  0.308171  
0.0822741  0.793871  0.852902  0.092048  
0.852902  0.092048  0.0822741  0.793871  
0.40611  0.424194  0.40611  0.424194  
0.497223  0.308171  0.155897  0.623794  
0.281532  0.493072  0.664633  0.205252  
0.0822741  0.793871  0.281532  0.493072  
0.155897  0.623794  0.852902  0.092048  
0.664633  0.205252  0.62139  0.289175  
0.60848  0.227544  0.60848  0.227544  
0.852902  0.092048  0.497223  0.308171  
0.40611  0.424194  0.155897  0.623794  
0.281532  0.493072  0.40611  0.424194  
0.175712  0.636727  0.0822741  1.2728  
0.62139  0.289175  0.175712  0.636727  
0.497223  0.308171  0.664633  0.205252  
0.155897  0.623794  0.852902  0.092048  
0.664633  0.205252  0.62139  0.289175  
0.62139  0.289175  0.0822741  0.793871  
0.281532  0.493072  0.155897  0.623794  
0.852902  0.092048  0.497223  0.308171  
0.40611  0.424194  0.281532  0.493072  
0.60848  0.227544  0.664633  0.205252  
0.497223  0.308171  0.40611  0.424194  
0.175712  0.636727  0.60848  0.227544  
0.0822741  0.793871  0.175712  0.72603  
0.281532  0.493072  0.60848  0.227544  
0.40611  0.424194  0.175712  0.636727  
0.497223  0.308171  0.0822741  0.793871  
0.0822741  0.793871  0.497223  0.308171  
0.155897  0.623794  0.155897  0.623794  
0.175712  0.636727  0.852902  0.092048  
0.664633  0.205252  0.452542  0.424194  
0.60848  0.227544  0.281532  0.493072  
0.852902  0.092048  0.62139  0.289175  
0.62139  0.289175  0.664633  0.205252  
0.175712  0.636727  0.60848  0.227544  
0.60848  0.227544  0.62139  0.289175  
0.497223  0.308171  0.497223  0.308171  
0.281532  0.493072  0.155897  0.623794  
0.155897  0.623794  0.344764  0.544278  
0.62139  0.289175  0.664633  0.205252  
0.40611  0.424194  0.175712  0.636727  
0.0822741  0.793871  0.852902  0.092048  
0.852902  0.092048  0.40611  0.424194  
0.664633  0.205252  0.0822741  0.793871  
0.497223  0.308171  0.60848  0.227544  
0.0822741  0.793871  0.40611  0.424194  
0.60848  0.227544  0.852902  0.092048  
0.281532  0.493072  0.0822741  0.793871  
0.664633  0.205252  0.281532  0.493072  
0.852902  0.092048  0.62139  0.289175  
0.155897  0.623794  0.497223  0.308171  
0.175712  0.636727  0.175712  0.896606  
0.62139  0.289175  0.155897  0.623794  
0.40611  0.424194  0.664633  0.205252  
0.497223  0.308171  0.40611  0.424194  
0.175712  0.636727  0.62139  0.289175  
0.60848  0.227544  0.664633  0.205252  
0.0822741  0.793871  0.155897  0.623794  
0.62139  0.289175  0.60848  0.227544  
0.40611  0.424194  0.175712  0.636727  
0.281532  0.493072  0.497223  0.308171  
0.155897  0.623794  0.0822741  0.793871  
0.664633  0.205252  0.281532  0.493072  
0.852902  0.092048  0.852902  0.092048  
0.175712  0.636727  0.852902  0.092048  
0.60848  0.227544  0.62139  0.289175  
0.664633  0.205252  0.175712  0.636727  
0.40611  0.424194  0.497223  0.308171  
0.0822741  0.793871  0.714784  0.205252  
0.281532  0.493072  0.0822741  0.793871  
0.497223  0.308171  0.60848  0.227544  
0.852902  0.092048  0.40611  0.424194  
0.155897  0.623794  0.155897  0.623794  
0.62139  0.289175  0.281532  0.493072  
0.281532  0.493072  0.40611  0.424194  
0.40611  0.424194  0.281532  0.493072  
0.852902  0.092048  0.175712  0.636727  
0.62139  0.289175  0.0822741  0.793871  
0.497223  0.308171  0.852902  0.092048  
0.175712  0.636727  0.497223  0.308171  
0.0822741  0.793871  0.664633  0.205252  
0.155897  0.623794  0.155897  0.623794  
0.664633  0.205252  0.62139  0.289175  
0.60848  0.227544  0.60848  0.227544  
0.497222  0.308171  0.852902  0.092048  
0.608473  0.227544  0.664558  0.205252  
0.281532  0.493072  0.405491  0.424179  
0.0822741  0.793871  0.497222  0.308171  
0.621385  0.289163  0.621385  0.289163  
0.405491  0.424179  0.0822741  0.793871  
0.175711  0.636727  0.608473  0.227544  
0.155897  0.623794  0.281532  0.493072  
0.664558  0.205252  0.175711  0.636727  
0.852902  0.092048  0.155897  0.623794  
0.664558  0.205252  0.664558  0.205252  
0.281532  0.493072  0.261006  0.623794  
0.0822741  0.793871  0.497222  0.308171  
0.155897  0.623794  0.281532  0.493072  
0.621385  0.289163  0.405491  0.424179  
0.497222  0.308171  0.175711  0.636727  
0.852902  0.092048  0.608473  0.227544  
0.405491  0.424179  0.0822741  0.793871  
0.175711  0.636727  0.852902  0.092048  
0.608473  0.227544  0.621385  0.289163  
0.0822741  0.793871  0.405491  0.449883  
0.852902  0.092048  0.608473  0.227544  
0.608473  0.227544  0.175711  0.636727  
0.281532  0.493072  0.852902  0.092048  
0.497222  0.308171  0.281532  0.493072  
0.405491  0.424179  0.621385  0.289163  
0.175711  0.636727  0.497222  0.308171  
0.621385  0.289163  0.0822741  0.793871  
0.155897  0.623794  0.155897  0.623794  
0.664558  0.205252  0.664558  0.205252  
0.608473  0.227544  0.405491  0.424179  
0.175711  0.636727  0.0822741  0.793871  
0.0822741  0.793871  0.175711  0.636727  
0.405491  0.424179  0.497222  0.308171  
0.281532  0.493072  0.664558  0.205252  
0.497222  0.308171  0.852902  0.092048  
0.664558  0.205252  0.608473  0.227544  
0.852902  0.092048  0.621385  0.289163  
0.621385  0.289163  0.528901  0.623794  
0.155897  0.623794  0.281532  0.493072  
0.621385  0.289163  0.664558  0.205252  
0.852902  0.092048  0.621385  0.289163  
0.608473  0.227544  0.497222  0.308171  
0.0822741  0.793871  0.608473  0.227544  
0.664558  0.205252  0.281532  0.493072  
0.497222  0.308171  0.798731  0.424179  
0.281532  0.493072  0.852902  0.092048  
0.405491  0.424179  0.155897  0.623794  
0.155897  0.623794  0.0822741  0.793871  
0.175711  0.636727  0.175711  0.636727  
0.155897  0.623794  0.405491  0.424179  
0.0822741  0.793871  0.281532  0.493072  
0.497222  0.308171  0.664558  0.205252  
0.175711  0.636727  0.852902  0.092048  
0.852902  0.092048  0.0822741  0.793871  
0.608473  0.227544  0.175711  0.636727  
0.281532  0.493072  0.621385  0.289163  
0.664558  0.205252  0.608473  0.227544  
0.405491  0.424179  0.497222  0.308171  
0.621385  0.289163  0.155897  0.623794  
0.175711  0.636727  0.664558  0.205252  
0.664558  0.205252  0.621385  0.289163  
0.621385  0.289163  0.405491  0.424179  
0.497222  0.308171  0.608473  0.227544  
0.0822741  0.793871  0.852902  0.092048  
0.608473  0.227544  0.281532  1.04482  
0.281532  0.493072  0.0822741  0.793871  
0.852902  0.092048  0.497222  0.308171  
0.155897  0.623794  0.175711  0.636727  
0.405491  0.424179  0.155897  0.623794  
0.664558  0.205252  0.852902  0.092048  
0.852902  0.092048  0.608473  0.227544  
0.175711  0.636727  0.405491  0.424179  
0.608473  0.227544  0.621385  0.289163  
0.405491  0.424179  0.664558  0.205252  
0.281532  0.493072  0.175711  0.636727  
0.0822741  0.793871  0.281532  0.493072  
0.497222  0.308171  0.0822741  0.793871  
0.621385  0.289163  0.155897  0.623794  
0.155897  0.623794  0.497222  0.308171  
0.405491  0.424179  0.497222  0.308171  
0.608473  0.227544  0.0822741  0.793871  
0.0822741  0.793871  0.852902  0.092048  
0.621385  0.289163  0.646556  0.797467  
0.175711  0.636727  0.281532  0.493072  
0.497222  0.308171  0.175711  0.636727  
0.664558  0.205252  0.664558  0.205252  
0.155897  0.623794  0.608473  0.227544  
0.281532  0.493072  0.155897  0.623794  
0.852902  0.092048  0.621385  0.289163  
0.155897  0.623794  0.175711  0.636727  
0.497222  0.308171  0.155897  0.623794  
0.621385  0.289163  0.0822741  0.793871  
0.175711  0.636727  0.608473  0.227544  
0.0822741  0.793871  0.664558  0.205252  
0.281532  0.493072  0.621385  0.289163  
0.852902  0.092048  0.497222  0.308171  
0.664558  0.205252  0.281532  0.493072  
0.405491  0.424179  0.405491  0.424179  
0.608473  0.227544  0.852902  0.092048  
0.621385  0.289163  0.664558  0.205252  
0.0822741  0.793871  0.0822741  0.793871  
0.852902  0.092048  0.155897  0.623794  
0.405491  0.424179  0.175711  0.636727  
0.281532  0.493072  0.852902  0.092048  
0.155897  0.623794  0.497222  0.308171  
0.608473  0.227544  0.621385  0.289163  
0.175711  0.636727  0.405491  0.424179  
0.497222  0.308171  0.608473  0.227544  
0.664558  0.205252  0.515918  0.493072  
0.281532  0.493072  0.621385  0.289163  
0.608473  0.227544  0.281532  0.493072  
0.0822741  0.793871  0.497222  0.308171  
0.852902  0.092048  0.852902  0.092048  
0.621385  0.289163  0.0822741  1.35524  
0.497222  0.308171  0.155897  0.623794  
0.175711  0.636727  0.664558  0.205252  
0.405491  0.424179  0.175711  0.636727  
0.664558  0.205252  0.405491  0.424179  
0.155897  0.623794  0.608473  0.227544  
0.175711  0.636727  0.405491  0.424179  
0.664558  0.205252  0.281532  0.493072  
0.852902  0.092048  0.175711  0.636727  
0.621385  0.289163  0.608473  0.227544  
0.155897  0.623794  0.497222  0.308171  
0.281532  0.493072  0.664558  0.205252  
0.405491  0.424179  0.155897  0.623794  
0.608473  0.227544  0.0822741  0.793871  
0.497222  0.308171  0.621385  0.289163  
0.0822741  0.793871  0.852902  0.092048  
0.281532  0.493072  0.664558  0.205252  
0.0822741  0.793871  0.497222  0.308171  
0.608473  0.227544  0.405491  0.424179  
0.155897  0.623794  0.621385  0.289163  
0.497222  0.308171  0.852902  0.092048  
0.852902  0.092048  0.155897  0.623794  
0.175711  0.636727  0.608473  0.227544  
0.405491  0.424179  0.175711  0.636727  
0.664558  0.205252  0.281532  0.493072  
0.621385  0.289163  0.0822741  0.793871  
0.621385  0.289163  0.852902  0.092048  
0.852902  0.092048  0.155897  0.623794  
0.608473  0.227544  0.664558  0.205252  
0.0822741  0.793871  0.608473  0.227544  
0.664558  0.205252  0.0822741  0.793871  
0.497222  0.308171  0.497222  0.308171  
0.281532  0.493072  0.281532  0.493072  
0.405491  0.424179  0.175711  0.636727  
0.155897  0.623794  0.405491  0.424179  
0.175711  0.636727  0.621385  0.289163  
0.175711  0.636727  0.175711  0.636727  
0.497222  0.308171  0.405491  0.424179  
0.155897  0.623794  0.608473  0.227544  
0.621385  0.289163  0.281532  0.493081  
0.664558  0.205252  0.664558  0.205252  
0.405491  0.424179  0.155897  0.623794  
0.0822741  0.793871  0.0822741  0.793871  
0.608473  0.227544  0.621385  0.289163  
0.852902  0.092048  0.497222  0.308171  
0.281532  0.493072  0.852902  0.092048  
0.175711  0.636727  0.155897  0.623794  
0.608473  0.227544  0.497222  0.308171  
0.497222  0.308171  0.608473  0.227544  
0.621385  0.289163  0.281532  0.493072  
0.155897  0.623794  0.621385  0.289163  
0.0822741  0.793871  0.405491  0.424179  
0.281532  0.493072  0.175711  0.636727  
0.405491  0.424179  0.852902  0.092048  
0.664558  0.205252  0.664558  0.205252  
0.852902  0.092048  0.0822741  0.793871  
0.405491  0.424179  0.852902  0.092048  
0.155897  0.623794  0.894625  0.308171  
0.621385  0.289163  0.405491  0.424179  
0.0822741  0.793871  0.608473  0.227544  
0.664558  0.205252  0.0822741  0.793871  
0.497222  0.308171  0.175711  0.636727  
0.175711  0.636727  0.621385  0.289163  
0.852902  0.092048  0.281532  0.493072  
0.281532  0.493072  0.155897  0.623794  
0.608473  0.227544  0.664558  0.205252  
0.852902  0.092048  0.621385  0.289163  
0.497222  0.308171  0.405491  0.424179  
0.0822741  0.793871  0.155897  0.623794  
0.155897  0.623794  0.664558  0.205252  
0.405491  0.424179  0.175711  0.636727  
0.175711  0.636727  0.608473  0.227544  
0.621385  0.289163  0.281532  0.493072  
0.664558  0.205252  0.0822741  0.793871  
0.608473  0.227544  0.497222  0.308171  
0.281532  0.493072  0.852902  0.092048  
0.175711  0.636727  0.281532  0.493072  
0.405491  0.424179  0.664558  0.205252  
0.0822741  0.793871  0.608473  0.227544  
0.608473  0.227544  0.497222  0.308171  
0.621385  0.289163  0.175711  0.636727  
0.281532  0.493072  0.155897  0.623794  
0.497222  0.308171  0.0822741  0.793871  
0.664558  0.205252  0.852902  0.350631  
0.852902  0.092048  0.405491  0.424179  
0.155897  0.623794  0.621385  0.289163  
0.608473  0.227544  0.497222  0.308171  
0.664558  0.205252  0.608473  0.227544  
0.175711  0.636727  0.664558  0.205252  
0.621385  0.289163  0.621385  0.289163  
0.852902  0.092048  0.281532  0.493072  
0.497222  0.308171  0.155897  0.623794  
0.281532  0.493072  0.175711  0.636727  
0.0822741  0.793871  0.405491  0.424179  
0.405491  0.424179  0.0822741  0.793871  
0.155897  0.623794  0.852902  0.092048  
0.852902  0.092048  0.0822741  0.793871  
0.497222  0.308171  0.621385  0.289163  
0.281532  0.493072  0.281532  0.493072  
0.621385  0.289163  0.155897  0.623794  
0.0822741  0.793871  0.701767  0.205252  
0.664558  0.205252  0.852902  0.092048  
0.405491  0.424179  0.497222  0.308171  
0.175711  0.636727  0.608473  0.227544  
0.608473  0.227544  0.175711  0.636727  
0.155897  0.623794  0.405491  0.424179  
0.281532  0.493072  0.155897  0.623794  
0.497222  0.308171  0.405491  0.424179  
0.405491  0.424179  0.621385  0.289163  
0.0822741  0.793871  0.852902  0.092048  
0.175711  0.636727  0.175711  0.636727  
0.852902  0.092048  0.497222  0.308171  
0.155897  0.623794  0.281532  0.493072  
0.664558  0.205252  0.0822741  0.793871  
0.608473  0.227544  0.608473  0.227544  
0.621385  0.289163  0.671017  0.205252  
0.281532  0.493072  0.175711  0.636727  
0.0822741  0.793871  0.664558  0.205252  
0.608473  0.227544  0.852902  0.092048  
0.155897  0.623794  0.608473  0.227544  
0.497222  0.308171  0.621385  0.289163  
0.852902  0.092048  0.281532  0.493072  
0.175711  0.636727  0.155897  0.623794  
0.405491  0.424179  0.405491  0.424179  
0.664558  0.205252  0.0822741  0.793871  
0.621385  0.289163  0.497222  0.308171  
0.852902  0.092048  0.281532  0.493072  
0.405491  0.424179  0.852902  0.092048  
0.664558  0.205252  0.621385  0.289163  
0.608473  0.227544  0.497222  0.308171  
0.155897  0.623794  0.664558  0.205252  
0.281532  0.493072  0.608473  0.227544  
0.497222  0.308171  0.155897  0.623794  
0.621385  0.289163  0.405491  0.424179  
0.0822741  0.793871  0.0822741  0.793871  
0.175711  0.636727  0.216499  0.636727  
0.621385  0.289163  0.281532  0.493072  
0.852902  0.092048  0.497222  0.308171  
0.608473  0.227544  0.664558  0.205252  
0.0822741  0.793871  0.155897  0.623794  
0.664558  0.205252  0.608473  0.227544  
0.497222  0.308171  0.672315  0.79025  
0.281532  0.493072  0.852902  0.092048  
0.405491  0.424179  0.0822741  0.793871  
0.155897  0.623794  0.175711  0.636727  
0.175711  0.636727  0.405491  0.424179  
0.0822741  0.793871  0.0822741  0.793871  
0.621385  0.289163  0.281532  0.493072  
0.281532  0.493072  0.155897  0.623794  
0.608473  0.227544  0.608473  0.227544  
0.664558  0.205252  0.405491  0.424179  
0.175711  0.636727  0.852902  0.092048  
0.497222  0.308171  0.497222  0.308171  
0.155897  0.623794  0.621385  0.289163  
0.852902  0.092048  0.175711  0.636727  
0.405491  0.424179  0.664558  0.205252  
0.852902  0.092048  0.175711  0.636727  
0.281532  0.493072  0.155897  0.623794  
0.664558  0.205252  0.608473  0.247135  
0.0822741  0.793871  0.405491  0.424179  
0.155897  0.623794  0.621385  0.289163  
0.497222  0.308171  0.664558  0.205252  
0.405491  0.424179  0.0822741  0.793871  
0.175711  0.636727  0.497222  0.308171  
0.608473  0.227544  0.852902  0.092048  
0.621385  0.289163  0.281532  0.493072  
0.155897  0.623794  0.405491  0.424179  
0.664558  0.205252  0.497222  0.308171  
0.405491  0.424179  0.664558  0.205252  
0.497222  0.308171  0.621385  0.289163  
0.621385  0.289163  0.608473  0.227544  
0.175711  0.636727  0.0822741  0.793871  
0.0822741  0.793871  0.852902  0.092048  
0.281532  0.493072  0.175711  0.636727  
0.852902  0.092048  0.155897  0.623794  
0.608473  0.227544  0.281532  0.493072  
0.852902  0.092048  0.497222  0.308171  
0.281532  0.493072  0.507889  0.493072  
0.175711  0.636727  0.155897  0.623794  
0.497222  0.308171  0.0822741  0.793871  
0.405491  0.424179  0.621385  0.289163  
0.0822741  0.793871  0.852902  0.092048  
0.155897  0.623794  0.664558  0.205252  
0.621385  0.289163  0.175711  0.636727  
0.664558  0.205252  0.608473  0.227544  
0.608473  0.227544  0.405491  0.424179  
