1.94058  1.64658  1.65554  1.6296  
1.74701  1.5533  3.10495  3.03097  
2.38075  2.01244  2.30798  4.12149  
2.24636  2.14813  1.85555  1.27499  
1.77268  1.52777  1.70392  1.18146  
3.20929  3.26004  1.58384  1.82651  
1.61491  3.12779  1.62673  2.44102  
1.40912  1.48347  3.55478  2.44887  
1.99131  1.63839  2.66121  2.06895  
1.75768  1.40601  1.73649  1.46737  
1.73135  1.42728  1.91008  3.16881  
2.14337  2.75119  2.17952  1.26303  
1.542  1.98925  1.96481  2.26958  
4.14964  3.24048  3.15866  2.50316  
1.35565  1.60568  1.89698  1.95063  
2.56739  3.02117  1.75632  1.47278  
2.1417  1.29933  2.77704  3.08453  
1.85367  1.97743  1.71974  1.93366  
1.20608  1.58212  1.62683  2.70196  
1.67053  1.49999  2.09472  1.11319  
2.55237  2.83318  2.45548  3.19677  
1.87659  1.44651  1.81959  1.22427  
1.66053  1.45125  2.13885  2.59451  
1.81586  1.41551  3.67522  2.73202  
1.68643  0.971141  3.84005  2.29337  
3.61666  3.17837  1.71527  0.93863  
3.05229  2.99732  1.88491  1.40442  
1.5403  1.09422  1.65691  2.73438  
1.4843  1.83681  1.55265  1.12193  
1.88756  3.24894  1.67065  3.06754  
1.4408  1.51852  3.60797  4.14161  
1.88757  2.75151  1.5847  1.23052  
1.66698  1.16658  2.26166  1.82877  
1.68753  2.53239  4.00761  1.82391  
2.92568  3.03146  2.17879  2.10198  
2.06041  1.08744  3.17952  2.10181  
1.96893  1.25225  1.34263  1.42544  
1.86175  1.12173  1.52279  1.77797  
2.27158  2.57374  2.37966  2.11279  
2.15434  1.55774  1.95087  1.8262  
1.77806  1.72328  3.19245  1.67016  
2.07008  2.52435  1.84696  1.66904  
2.37305  2.37566  4.42076  3.64155  
3.02238  1.5117  4.66477  4.07982  
3.31612  1.97142  2.30853  1.88338  
2.00584  1.73805  2.36964  3.41706  
1.98212  2.40499  1.75554  1.36963  
2.19651  2.49052  1.67374  3.09103  
1.92862  3.09411  1.77578  1.49166  
2.7771  2.21103  2.58328  3.02925  
2.07604  2.80165  2.69173  1.77888  
2.30963  2.96749  2.25757  1.59196  
2.20039  1.49456  1.94199  1.47061  
3.17628  3.57032  2.14555  2.66057  
1.62659  1.23543  1.44464  1.71342  
2.07289  1.9017  1.56679  1.93341  
1.68791  1.46373  1.95725  1.12261  
3.16259  2.08907  2.12518  2.06354  
2.12894  1.89195  1.57374  1.14745  
3.15754  2.4016  1.26577  1.97564  
1.84576  1.53589  1.23614  1.66989  
1.68665  1.66278  2.20745  1.66844  
1.72981  1.31777  2.5827  1.56258  
2.49973  1.61969  1.85827  2.20443  
2.01432  3.11595  1.88961  1.34645  
2.14348  2.29145  1.78773  1.82498  
1.16838  1.33755  1.39703  1.92805  
2.89964  3.86526  1.82099  2.14851  
4.30882  3.28715  2.5369  1.80211  
1.51426  1.61537  2.93649  1.65508  
2.9192  1.44249  1.9895  1.08483  
1.57153  2.83847  1.92087  2.6908  
2.10165  2.51743  1.24674  1.77745  
2.32641  1.6793  1.77021  1.70472  
2.91539  2.76001  1.62912  1.70468  
1.38116  1.31347  1.50837  1.31323  
1.40617  2.83159  1.53372  2.29385  
2.17157  1.08311  2.36378  3.91332  
2.94326  4.22051  1.96746  1.67632  
2.20044  3.2202  2.01357  1.56886  
1.01976  1.8226  2.69162  2.2248  
2.02016  1.42377  1.85985  1.88322  
2.06579  1.50966  2.26087  1.62191  
4.03102  2.42699  3.22079  3.43981  
2.49547  1.23085  2.25334  2.06494  
1.55073  1.48976  1.59011  1.73252  
1.81436  1.7101  2.69549  2.20708  
2.72382  2.30219  2.50637  1.6897  
1.58401  1.30467  2.99747  1.60434  
2.63364  3.49735  2.07211  1.15543  
3.27021  3.37712  3.84501  2.35315  
1.596  1.62599  1.5308  1.56887  
2.82854  2.88554  2.32887  1.76735  
1.55892  2.26721  2.21966  2.76874  
2.37884  2.65113  1.96558  2.22961  
2.56237  2.12849  1.80495  1.09367  
2.32653  2.29381  1.3644  1.89338  
2.44424  2.7491  1.93858  3.56266  
2.68955  1.50821  1.77569  1.43094  
2.05697  2.74064  2.6686  3.40748  
1.68455  1.11406  0.255576  0.525443  
0.837207  0.127632  0.0667484  1.24609  
0.0654028  0.884903  0.0291486  0.856597  
0.0405916  0.825524  1.4257  1.05692  
0.0291486  0.856597  0.852461  0.106483  
0.852461  0.106483  0.837207  0.127632  
0.255576  0.525443  1.03216  0.56646  
0.168175  0.599713  1.30703  0.874881  
1.72126  1.18051  0.0405916  0.825524  
1.0351  0.573491  0.168175  0.599713  
0.255576  0.525443  1.68455  1.11406  
1.68455  1.11406  0.0291486  0.856597  
0.0654028  0.884903  1.0351  0.573491  
0.837207  0.127632  0.168175  0.599713  
1.70567  1.09321  0.0405916  0.825524  
0.168175  0.599713  0.837207  0.127632  
0.0291486  0.856597  0.0654028  0.884903  
1.0351  0.573491  0.852461  0.106483  
0.852461  0.106483  0.255576  0.525443  
0.0405916  0.825524  1.72126  1.18051  
1.68455  1.11406  0.837207  0.127632  
0.0291486  0.856597  0.0291486  0.856597  
0.0405916  0.825524  0.27146  0.537774  
0.255576  0.525443  1.72918  1.24854  
0.852461  0.106483  1.70567  1.09321  
0.168175  0.599713  1.0351  0.573491  
1.70567  1.09321  0.0654028  0.884903  
1.0351  0.573491  0.852461  0.106483  
0.837207  0.127632  0.0405916  0.825524  
0.0654028  0.850409  0.168175  0.599713  
0.0405916  0.825524  0.837207  0.127632  
0.168175  0.599713  1.0351  0.566862  
0.0291486  0.856597  0.0405916  0.825524  
0.255576  0.525443  1.30703  0.874881  
0.0654028  0.850409  0.255576  0.525443  
0.837207  0.127632  0.0667484  1.24609  
0.852461  0.106483  1.4257  1.05692  
1.0351  0.573491  0.0291486  0.856597  
1.70567  1.09321  0.852461  0.106483  
1.68455  1.11406  0.168175  0.599713  
0.168175  0.599713  1.4257  1.05692  
0.852461  0.106483  0.168175  0.599713  
1.30703  0.874881  0.852461  0.106483  
0.0291486  0.856597  0.255576  0.525443  
1.0351  0.566862  0.0291486  0.856597  
0.0405916  0.825524  0.837207  0.127632  
1.4257  1.05692  0.414227  1.23712  
0.255576  0.525443  1.30703  0.874881  
0.0667484  0.885582  1.0351  0.566862  
0.837207  0.127632  0.0667484  0.885582  
0.255576  0.525443  2.05789  2.2283  
1.4257  1.05692  0.837207  0.127632  
1.0351  0.566862  1.0351  0.566862  
0.852461  0.106483  1.4257  1.05692  
0.837207  0.127632  0.0405916  0.825524  
0.168175  0.599713  0.168175  0.599713  
0.0291486  0.856597  0.852461  0.106483  
2.32508  2.24535  0.255576  0.525443  
0.0405916  0.825524  0.0609563  0.915297  
0.0667484  0.885582  0.0667484  0.885582  
2.29103  3.42376  1.16514  0.794819  
1.31034  0.937548  0.255576  0.525443  
0.0405916  0.825524  2.29103  3.42376  
0.255576  0.525443  0.0291486  0.856597  
0.837207  0.127632  0.0903796  0.809517  
0.0903796  0.809517  0.837207  0.127632  
0.973292  0.619954  0.0405916  0.825524  
0.168175  0.599713  0.852461  0.106483  
0.0291486  0.856597  0.168175  0.599713  
0.852461  0.106483  1.31034  0.937548  
0.837207  0.127632  1.0351  0.566862  
0.0405916  0.825524  1.30703  0.874881  
0.168175  0.599713  0.837207  0.127632  
0.255576  0.525443  0.0291486  0.856597  
1.30703  0.874881  0.0667484  0.885582  
0.0291486  0.856597  0.255576  0.525443  
0.0667484  0.885582  0.0405916  0.825524  
1.0351  0.566862  1.70786  1.00268  
1.70786  1.00268  0.676143  0.60416  
0.852461  0.106483  0.852461  0.106483  
0.837207  0.127632  1.73961  0.988669  
0.0405916  0.825524  1.4257  1.05692  
0.0291486  0.856597  1.14833  0.566482  
0.255576  0.525443  0.0667484  0.885582  
0.0667484  0.885582  0.0405916  0.825524  
1.4257  1.05692  2.32508  2.24535  
0.168175  0.599713  0.0291486  0.856597  
2.32508  2.24535  0.255576  0.525443  
1.14833  0.566482  0.168175  0.599713  
0.852461  0.106483  0.852461  0.106483  
0.0667484  0.885582  0.837207  0.127632  
0.852461  0.106483  0.168175  0.599713  
0.837207  0.127632  1.29207  1.7354  
1.70786  1.00268  1.39989  0.998722  
1.39989  0.998722  0.255576  0.525443  
0.168175  0.599713  1.70786  1.00268  
0.0405916  0.825524  0.852461  0.106483  
0.255576  0.525443  0.0667484  0.885582  
1.0351  0.566862  1.0351  0.566862  
0.0291486  0.856597  0.0291486  0.856597  
0.0619954  0.7596  0.852816  0.106342  
0.0889642  0.710624  0.128121  0.653391  
0.128121  0.653391  0.835919  0.128331  
0.2519  0.524714  0.0381003  0.824422  
0.0381003  0.824422  0.0889642  0.710624  
0.835919  0.128331  0.0278696  0.855024  
1.0669  0.465571  0.2519  0.524714  
0.852816  0.106342  1.0669  0.465571  
0.0278696  0.855024  0.0619954  0.7596  
0.00984613  0.920072  0.00984613  0.920072  
0.0889642  0.710624  0.128121  0.653391  
0.0380989  0.824414  0.00984613  0.920072  
0.0278696  0.855024  0.852816  0.106342  
0.2519  0.524714  0.0619954  0.7596  
0.128121  0.653391  0.302043  1.13126  
1.32109  0.772628  0.835919  0.128331  
0.00984613  0.920072  0.0380989  0.824414  
0.852816  0.106342  1.32109  0.772628  
0.835919  0.128331  0.2519  0.524714  
0.0619954  0.7596  0.0278696  0.855024  
0.0889642  0.710624  0.128121  0.653391  
1.20024  0.747408  0.0278696  0.855024  
0.128121  0.653391  0.835919  0.128331  
0.835919  0.128331  0.2519  0.524714  
0.00984613  0.920072  0.00984613  0.920072  
0.0619954  0.7596  0.852816  0.106342  
0.2519  0.524714  0.0619954  0.7596  
0.852816  0.106342  0.0889642  0.710624  
0.0380989  0.824414  0.0380989  0.824414  
0.0278696  0.855024  1.20024  0.747408  
0.852816  0.106342  1.14849  0.47729  
0.0889642  0.710624  0.0619954  0.7596  
0.2519  0.524714  0.852816  0.106342  
0.128121  0.653391  0.0380989  0.824414  
0.0619954  0.7596  0.128121  0.653391  
0.835919  0.128331  0.835919  0.128331  
1.14849  0.595259  0.0278696  0.855024  
0.00984613  0.920072  0.0889642  0.710624  
0.0380989  0.824414  0.2519  0.524714  
0.0278696  0.855024  0.250613  1.18567  
0.00984613  0.920072  0.128121  0.653391  
0.0889642  0.710624  0.0380989  0.824414  
0.852816  0.106342  0.0278696  0.855024  
0.835919  0.128331  0.852816  0.106342  
0.0619954  0.7596  0.0619954  0.7596  
0.2519  0.524714  0.2519  0.635939  
1.0669  0.465571  1.0669  0.465571  
0.0380989  0.824414  0.00984613  0.920072  
0.0278696  0.855024  0.835919  0.128331  
0.128121  0.653391  0.0889642  0.710624  
0.00986099  0.920078  0.0381621  0.824427  
0.0278696  0.855024  0.0278696  0.855024  
0.2519  0.524714  0.2519  0.524714  
0.852816  0.106342  0.0889642  0.710624  
0.0620696  0.759504  0.128128  0.653415  
0.0381621  0.824427  0.835919  0.128331  
0.835919  0.128331  0.00986099  0.920078  
0.128128  0.653415  0.0513867  0.807263  
0.0889642  0.710624  0.0620696  0.759504  
0.0513867  0.807263  0.852816  0.106342  
0.2519  0.524714  1.06952  0.595259  
0.835919  0.128331  0.0889642  0.710624  
0.0278696  0.855024  0.128121  0.653391  
0.0619954  0.7596  0.2519  0.524714  
0.852816  0.106342  0.835919  0.128331  
0.0889642  0.710624  1.59962  2.43688  
1.06952  0.595259  0.0619954  0.7596  
0.00984613  0.920072  0.852816  0.106342  
0.0380989  0.824414  0.0278696  0.855024  
0.128121  0.653391  0.0380989  0.824414  
0.2519  0.524714  0.2519  0.524714  
0.0380989  0.824414  0.852816  0.106342  
0.835919  0.128331  1.14849  0.595259  
0.00984613  0.920072  0.0278696  0.855024  
0.0889642  0.710624  0.0380989  0.824414  
0.852816  0.106342  0.0689347  1.00728  
1.14849  0.595259  0.0165338  0.924521  
0.128121  0.653391  0.128121  0.653391  
0.0619954  0.7596  0.835919  0.128331  
0.0278696  0.855024  0.0619954  0.7596  
0.835919  0.128331  0.852816  0.106342  
0.852816  0.106342  0.00984613  0.920072  
0.0380989  0.824414  0.2519  0.524714  
0.2519  0.524714  0.0380989  0.824414  
0.0619954  0.7596  0.0349236  0.859328  
0.0889642  0.710624  0.128121  0.653391  
1.14849  0.595259  0.0619954  0.7596  
0.128121  0.653391  1.14849  0.595259  
0.00984613  0.920072  0.0889642  0.710624  
0.0278696  0.855024  1.19947  0.763653  
0.852816  0.106342  0.00984613  0.920072  
0.128121  0.653391  0.0380989  0.824414  
0.00984613  0.920072  0.0889642  0.710624  
0.0380989  0.824414  0.852816  0.106342  
0.0889642  0.710624  0.835919  0.128331  
0.835919  0.128331  0.2519  0.524714  
1.14849  0.595259  0.0278696  0.855024  
0.0619954  0.7596  0.0619954  0.7596  
0.2519  0.524714  1.14413  1.76544  
0.0278696  0.855024  1.14849  0.595259  
0.158849  0.613871  0.253211  0.524234  
0.0381486  0.823909  0.00982142  0.92007  
0.00982142  0.92007  0.253211  0.524234  
0.719544  0.186196  0.0395153  0.824545  
0.253211  0.524234  0.0619574  0.759669  
0.824671  0.127306  0.824671  0.127306  
0.0619574  0.759669  0.719544  0.186196  
0.105792  0.685352  0.851928  0.106347  
0.253211  0.524234  0.105792  0.685352  
0.851928  0.106347  0.158849  0.613871  
0.824671  0.127306  0.719544  0.186196  
0.105792  0.685352  0.712227  0.88668  
0.00982142  0.92007  0.253211  0.524234  
0.719544  0.186196  0.105792  0.685352  
0.253211  0.524234  0.0961768  0.923996  
0.253211  0.524234  0.158849  0.613871  
0.851928  0.106347  0.0619574  0.759669  
0.158849  0.613871  0.253211  0.524234  
0.0381486  0.823909  0.824671  0.127306  
0.0619574  0.759669  0.851928  0.106347  
0.00982142  0.92007  0.0381486  0.823909  
0.105792  0.685352  0.253211  0.524234  
0.158849  0.613871  0.105792  0.685352  
0.719544  0.186196  0.158849  0.613871  
0.824671  0.127306  0.0623743  0.760281  
0.0619574  0.759669  0.719544  0.186196  
0.253211  0.524234  0.00982142  0.92007  
0.851928  0.106347  1.3679  0.467621  
0.253211  0.524234  0.851928  0.106347  
0.0381486  0.823909  0.253211  0.524234  
0.0381486  0.823909  0.719544  0.186196  
0.253211  0.524234  0.253211  0.524234  
0.0619574  0.759669  0.824671  0.127306  
0.719544  0.186196  0.105792  0.685352  
0.158849  0.613871  0.0619574  0.759669  
0.824671  0.127306  0.00982142  0.92007  
0.00982142  0.92007  0.253211  0.524234  
0.105792  0.685352  0.158849  0.613871  
0.851928  0.106347  0.851928  0.106347  
0.253211  0.524234  0.0381486  0.823909  
0.253211  0.524234  0.0381486  0.823909  
0.253211  0.524234  0.0176129  0.925187  
0.0381486  0.823909  0.719544  0.186196  
0.719544  0.186196  0.0619574  0.759669  
0.158849  0.613871  0.824671  0.127306  
0.824671  0.127306  0.105792  0.685352  
0.851928  0.106347  0.253211  0.524234  
0.105792  0.685352  0.851928  0.106347  
0.00982142  0.92007  0.158849  0.613871  
0.0619574  0.759669  0.253211  0.524234  
0.00982142  0.92007  0.253211  0.524234  
0.105792  0.685352  0.00982142  0.92007  
0.253211  0.524234  0.719544  0.186196  
0.719544  0.186196  0.0619574  0.759669  
0.0619574  0.759669  0.253211  0.524234  
0.253211  0.524234  0.158849  0.613871  
0.824671  0.127306  0.491286  0.960432  
0.158849  0.613871  0.851928  0.106347  
0.0381486  0.823909  0.824671  0.127306  
0.851928  0.106347  0.0381486  0.823909  
0.00982142  0.92007  0.0619574  0.759669  
0.253211  0.524234  0.253211  0.524234  
0.851928  0.106347  0.0381486  0.823909  
0.719544  0.186196  0.851928  0.106347  
0.158849  0.613871  0.253211  0.524234  
0.0381486  0.823909  0.719544  0.186196  
0.824671  0.127306  0.158849  0.613871  
0.0619574  0.759669  0.00982142  0.92007  
0.105792  0.685352  0.824671  0.127306  
0.253211  0.524234  0.105792  0.685352  
0.0381486  0.823909  0.105792  0.685352  
0.253211  0.524234  0.851928  0.106347  
0.158849  0.613871  0.719544  0.186196  
0.719544  0.186196  0.0381486  0.823909  
0.0619574  0.759669  0.824671  0.127306  
0.851928  0.106347  0.253211  0.524234  
0.824671  0.127306  0.253211  0.524234  
0.253211  0.524234  0.00982142  0.92007  
0.105792  0.685352  0.0619574  1.07906  
0.00982142  0.92007  0.158849  0.613871  
0.0381486  0.823909  0.0381486  0.823909  
0.824671  0.127306  0.824671  0.127306  
0.158849  0.613871  0.851928  0.106347  
0.719544  0.186196  0.00982142  0.92007  
0.851928  0.106347  0.253211  0.524234  
0.105792  0.685352  0.0619574  0.759669  
0.253211  0.524234  0.253211  0.524234  
0.0619574  0.759669  0.105792  0.685352  
0.00982142  0.92007  0.576176  0.80737  
0.253211  0.524234  1.12738  0.569092  
0.0381486  0.823909  0.387171  0.853424  
0.00982142  0.92007  0.851928  0.106347  
0.158849  0.613871  0.824671  0.127306  
0.719544  0.186196  0.00982142  0.92007  
0.253211  0.524234  0.105792  0.685352  
0.253211  0.524234  0.719544  0.186196  
0.105792  0.685352  0.158849  0.613871  
0.824671  0.127306  0.253211  0.524234  
0.851928  0.106347  0.253211  0.524234  
0.0619574  0.759669  0.0619574  0.759669  
0.636877  0.240186  0.0864289  0.71446  
0.719333  0.183367  0.719333  0.183367  
0.851465  0.106329  0.00757359  0.935677  
0.0379774  0.805921  0.0139298  0.917217  
0.631206  0.702306  0.156246  0.613219  
0.156246  0.613219  0.252897  0.523945  
0.0139298  0.917217  0.631206  0.702306  
0.252897  0.523945  0.0379774  0.805921  
0.00757359  0.935677  0.851465  0.106329  
0.0864289  0.71446  1.21367  0.561136  
0.0864289  0.71446  0.594636  0.651508  
0.252897  0.523945  0.719333  0.183367  
0.00757359  0.935677  0.00757359  0.935677  
0.594636  0.651508  0.0379774  0.805921  
0.156246  0.613219  0.252897  0.523945  
0.851465  0.106329  0.851465  0.106329  
0.636877  0.240186  0.0864289  0.71446  
0.0139298  0.917217  0.156246  0.613219  
0.0379774  0.805921  0.636877  0.240186  
0.719333  0.183367  0.0139298  0.917217  
0.594636  0.651508  0.719333  0.183367  
0.851465  0.106329  0.0139298  0.917217  
0.156246  0.613219  0.0379774  0.805921  
0.0139298  0.917217  0.851465  0.106329  
0.719333  0.183367  0.156246  0.613219  
0.252897  0.523945  0.252897  0.523945  
0.636877  0.240186  0.00757359  0.935677  
0.0379774  0.805921  0.0864289  0.71446  
0.00757359  0.935677  1.44503  0.88399  
0.0864289  0.71446  0.594636  0.651508  
0.0864289  0.71446  0.719333  0.183367  
0.851465  0.106329  0.155863  1.00896  
0.156246  0.613219  0.0139298  0.917217  
0.0379774  0.805921  0.0379774  0.805921  
0.594636  0.651508  0.156246  0.613219  
0.0139298  0.917217  0.252897  0.523945  
0.636877  0.240186  0.636877  0.240186  
0.252897  0.523945  0.00757359  0.935677  
0.00757359  0.935677  0.851465  0.106329  
0.719333  0.183367  0.594636  0.651508  
0.851465  0.106329  0.0139298  0.917217  
0.636877  0.240186  0.618846  0.607538  
0.0379774  0.805921  0.636877  0.240186  
0.0139298  0.917217  0.851465  0.106329  
0.156246  0.613219  0.456302  0.899292  
0.719333  0.183367  0.252897  0.523945  
0.00757359  0.935677  0.0864289  0.71446  
0.0864289  0.71446  0.719333  0.183367  
0.252897  0.523945  0.00757359  0.935677  
0.618846  0.607538  0.0379774  0.805921  
0.00757359  0.935677  0.851465  0.106329  
0.0864289  0.71446  0.0139298  0.917217  
0.51775  0.607538  0.0379774  0.805921  
0.0379774  0.805921  0.252897  0.523945  
0.0139298  0.917217  0.0864289  0.71446  
0.252897  0.523945  0.533546  0.812864  
0.851465  0.106329  0.156246  0.613219  
0.636877  0.240186  0.636877  0.240186  
0.156246  0.613219  0.00757359  0.935677  
0.719333  0.183367  0.719333  0.183367  
0.851465  0.106329  0.719333  0.183367  
0.636877  0.240186  0.618846  0.607538  
0.0864289  0.71446  0.970532  0.843408  
0.719333  0.183367  0.0379774  0.805921  
0.0139298  0.917217  0.0139298  0.917217  
0.156246  0.613219  0.0864289  0.71446  
0.00757359  0.935677  0.252897  0.523945  
0.252897  0.523945  0.156246  0.613219  
0.618846  0.607538  1.54569  0.402789  
0.0379774  0.805921  0.00757359  0.935677  
0.252897  0.523945  0.00757359  0.935677  
0.851465  0.106329  0.0864289  0.71446  
0.156246  0.613219  0.156246  0.613219  
0.0864289  0.71446  0.594636  0.651508  
0.00757359  0.935677  0.719333  0.183367  
0.594636  0.651508  0.0379774  0.805921  
0.636877  0.240186  0.851465  0.106329  
0.0139298  0.917217  0.252897  0.523945  
0.719333  0.183367  0.0139298  0.917217  
0.0379774  0.805921  1.00838  0.570155  
0.719333  0.183367  0.618846  0.607538  
0.636877  0.240186  0.719333  0.183367  
0.0864289  0.71446  0.156246  0.613219  
0.0139298  0.917217  0.636877  0.240186  
0.252897  0.523945  0.851465  0.106329  
0.851465  0.106329  0.38404  0.669348  
0.00757359  0.935677  0.00757359  0.935677  
0.0379774  0.805921  0.0379774  0.805921  
0.618846  0.607538  0.0139298  0.917217  
0.156246  0.613219  0.0864289  0.71446  
0.0379774  0.805921  1.14235  1.01624  
0.0864289  0.71446  0.618846  0.607538  
0.719333  0.183367  0.719333  0.183367  
0.00757359  0.935677  0.0864289  0.71446  
0.252897  0.523945  0.252897  0.523945  
0.156246  0.613219  0.851465  0.106329  
0.0139298  0.917217  0.00757359  0.935677  
0.851465  0.106329  0.0379774  0.805921  
0.636877  0.240186  0.0139298  0.917217  
0.618846  0.607538  0.636877  0.240186  
0.719363  0.182816  0.719363  0.182816  
0.00733546  0.935632  0.156189  0.613204  
0.0864225  0.71446  0.582397  0.269866  
0.037974  0.805912  0.506217  0.33452  
0.252897  0.523925  0.00733546  0.935632  
0.582397  0.269866  0.466771  0.359423  
0.506217  0.33452  0.865145  0.103732  
0.156189  0.613204  0.0864225  0.71446  
0.466771  0.359423  0.037974  0.805912  
0.865145  0.103732  0.252897  0.523925  
0.865145  0.103732  0.466771  0.359423  
0.252897  0.523925  0.00733546  0.935632  
0.0864225  0.71446  0.252897  0.523925  
0.00733546  0.935632  0.719363  0.182816  
0.719363  0.182816  1.36173  0.103732  
0.037974  0.805912  0.037974  0.805912  
0.506217  0.33452  0.0864225  0.71446  
0.156189  0.613204  0.506217  0.33452  
0.582397  0.269866  0.582397  0.269866  
0.466771  0.359423  0.156189  0.613204  
0.0864225  0.71446  0.156189  0.613204  
0.719363  0.182816  0.582397  0.269866  
0.156189  0.613204  0.252897  0.523925  
0.037974  0.805912  0.506217  0.33452  
0.865145  0.103732  0.466771  0.359423  
0.582397  0.269866  0.865145  0.103732  
0.252897  0.523925  0.037974  0.805912  
0.00733546  0.935632  0.00733546  0.935632  
0.506217  0.33452  0.719363  0.182816  
0.466771  0.359423  0.279365  0.918621  
0.0864225  0.71446  0.037974  0.805912  
0.466771  0.359423  0.865145  0.103732  
0.719363  0.182816  0.582397  0.269866  
0.865145  0.103732  0.00733546  0.935632  
0.156189  0.613204  0.719363  0.182816  
0.506217  0.33452  0.252897  0.523925  
0.037974  0.805912  0.0864225  0.71446  
0.582397  0.269866  0.17436  0.627516  
0.00733546  0.935632  0.466771  0.359423  
0.252897  0.523925  0.506217  0.33452  
0.00733546  0.935632  0.0864225  0.71446  
0.582397  0.269866  0.582397  0.269866  
0.0864225  0.71446  0.466771  0.359423  
0.252897  0.523925  0.719363  0.182816  
0.037974  0.805912  0.865145  0.103732  
0.156189  0.613204  0.00733546  0.935632  
0.719363  0.182816  0.940961  0.866756  
0.466771  0.359423  0.252897  0.523925  
0.506217  0.33452  0.156189  0.613204  
0.865145  0.103732  0.333733  1.18682  
0.0864225  0.71446  0.252897  0.523925  
0.582397  0.269866  0.865145  0.103732  
0.00733546  0.935632  0.466771  0.359423  
0.719363  0.182816  0.769872  0.71722  
0.156189  0.613204  0.00733546  0.935632  
0.865145  0.103732  0.719363  0.182816  
0.506217  0.33452  0.0864225  0.71446  
0.037974  0.805912  0.506217  0.33452  
0.466771  0.359423  0.156189  0.613204  
0.252897  0.523925  0.037974  0.805912  
0.037974  0.805912  0.466771  0.359423  
0.466771  0.359423  0.0864225  0.71446  
0.00733546  0.935632  0.719363  0.182816  
0.506217  0.33452  0.156189  0.613204  
0.252897  0.523925  0.037974  0.805912  
0.0864225  0.71446  0.00733546  0.935632  
0.719363  0.182816  0.252897  0.523925  
0.865145  0.103732  0.582397  0.269866  
0.582397  0.269866  0.865145  0.103732  
0.156189  0.613204  0.738415  0.542916  
0.0864225  0.71446  0.719363  0.182816  
0.037974  0.805912  0.252897  0.523925  
0.466771  0.359423  0.0864225  0.71446  
0.506217  0.33452  0.466771  0.359423  
0.156189  0.613204  0.037974  0.805912  
0.00733546  0.935632  0.00733546  0.935632  
0.719363  0.182816  0.865145  0.103732  
0.252897  0.523925  0.156189  0.613204  
0.582397  0.269866  0.582397  0.269866  
0.865145  0.103732  0.506217  0.33452  
0.0864225  0.71446  0.0864225  0.71446  
0.506217  0.33452  0.506217  0.33452  
0.865145  0.103732  0.582397  0.269866  
0.037974  0.805912  0.00733546  0.935632  
0.00733546  0.935632  0.156189  0.613204  
0.582397  0.269866  1.077  0.896259  
0.156189  0.613204  0.865145  0.103732  
0.466771  0.359423  0.037974  0.805912  
0.719363  0.182816  0.719363  0.182816  
0.252897  0.523925  0.252897  0.523925  
0.0864225  0.71446  0.865145  0.103732  
0.865145  0.103732  0.00733546  0.935632  
0.582397  0.269866  0.037974  0.805912  
0.719363  0.182816  0.156189  0.613204  
0.037974  0.805912  0.582397  0.269866  
0.252897  0.523925  0.719363  0.182816  
0.506217  0.33452  0.252897  0.523925  
0.00733546  0.935632  0.506217  0.33452  
0.466771  0.359423  0.0864225  0.71446  
0.156189  0.613204  0.466771  0.359423  
0.00733546  0.934792  0.465561  0.353707  
0.037974  0.805702  0.719133  0.182877  
0.252508  0.523875  0.037974  0.805702  
0.581211  0.269299  0.252508  0.523875  
0.503675  0.330609  0.581211  0.269299  
0.465561  0.353707  0.864782  0.103732  
0.0864225  0.71446  0.156186  0.613059  
0.156186  0.613059  0.503675  0.330609  
0.864782  0.103732  0.0864225  0.71446  
0.719133  0.182877  0.00733546  0.934792  
0.0864225  0.71446  0.864782  0.103732  
0.156186  0.613059  0.0864225  0.71446  
0.465561  0.353707  0.465561  0.353707  
0.864782  0.103732  0.503675  0.330609  
0.719133  0.182877  0.855577  1.23083  
0.252508  0.523875  0.719133  0.182877  
0.00733546  0.934792  0.252508  0.523875  
0.503675  0.330609  0.00733546  0.934792  
0.037974  0.805702  0.037974  0.805702  
0.581211  0.269299  0.581211  0.269299  
0.00733546  0.934792  0.252508  0.523875  
0.719133  0.182877  0.581211  0.269299  
0.037974  0.805702  0.719133  0.182877  
0.465561  0.353707  0.465561  0.353707  
0.252508  0.523875  8.55166  7.48338  
0.503675  0.330609  0.0667904  1.03711  
0.156186  0.613059  0.864782  0.103732  
0.581211  0.269299  0.156186  0.613059  
0.864782  0.103732  0.503675  0.330609  
0.0864225  0.71446  0.0864225  0.71446  
0.252508  0.523875  0.156186  0.613059  
0.465561  0.353707  0.037974  0.805702  
0.0864225  0.71446  0.719133  0.182877  
0.503675  0.330609  0.581211  0.269299  
0.864782  0.103732  0.465561  0.353707  
0.581211  0.269299  0.252508  0.523875  
0.156186  0.613059  0.864782  0.103732  
0.719133  0.182877  0.00733546  0.934792  
0.00733546  0.934792  0.706271  1.4971  
0.037974  0.805702  0.503675  0.330609  
0.00733546  0.934792  0.864782  0.103732  
0.581211  0.269299  0.156186  0.613059  
0.465561  0.353707  0.503675  0.330609  
0.156186  0.613059  0.0864225  0.71446  
0.503675  0.330609  0.677901  1.42223  
0.252508  0.523875  0.719133  0.182877  
0.037974  0.805702  0.00733546  0.934792  
0.0864225  0.71446  0.581211  0.269299  
0.719133  0.182877  0.465561  0.353707  
0.864782  0.103732  0.252508  0.523875  
0.252508  0.523875  0.531828  0.921509  
0.864782  0.103732  0.465561  0.353707  
0.00733546  0.934792  0.037974  0.805702  
0.719133  0.182877  0.0864225  0.71446  
0.037974  0.805702  0.719133  0.182877  
0.581211  0.269299  0.503675  0.330609  
0.0864225  0.71446  0.581211  0.269299  
0.156186  0.613059  0.864782  0.103732  
0.465561  0.353707  0.252508  0.523875  
0.503675  0.330609  0.00733546  0.934792  
0.037974  0.805702  0.864782  0.103732  
0.00733546  0.934792  0.252508  0.523875  
0.0864225  0.71446  0.465561  0.353707  
0.465561  0.353707  0.00733546  1.10363  
0.719133  0.182877  0.719133  0.182877  
0.252508  0.523875  0.156186  0.613059  
0.156186  0.613059  0.581211  0.269299  
0.864782  0.103732  0.503675  0.330609  
0.503675  0.330609  0.037974  0.805702  
0.581211  0.269299  0.0864225  0.71446  
0.00733546  0.934792  0.465561  0.353707  
0.0864225  0.71446  0.0864225  0.71446  
0.503675  0.330609  0.581211  0.269299  
0.581211  0.269299  0.037974  0.805702  
0.156186  0.613059  0.719133  0.182877  
0.252508  0.523875  0.00733546  0.934792  
0.037974  0.805702  0.503675  0.330609  
0.864782  0.103732  0.156186  0.613059  
0.719133  0.182877  0.864782  0.103732  
0.465561  0.353707  0.252508  0.523875  
0.252508  0.523875  0.0864225  0.71446  
0.581211  0.269299  0.883138  0.5262  
0.503675  0.330609  0.465561  0.353707  
0.00733546  0.934792  0.719133  0.182877  
0.465561  0.353707  0.156186  0.613059  
0.037974  0.805702  0.00733546  0.934792  
0.156186  0.613059  0.037974  0.805702  
0.719133  0.182877  0.864782  0.103732  
0.0864225  0.71446  0.503675  0.330609  
0.864782  0.103732  0.252508  0.523875  
0.581211  0.269299  0.037974  0.805702  
0.719133  0.182877  0.719133  0.182877  
0.037974  0.805702  0.465561  0.353707  
0.864782  0.103732  0.864782  0.103732  
0.156186  0.613059  0.0864225  0.71446  
0.465561  0.353707  0.252508  0.523875  
0.252508  0.523875  0.503675  0.330609  
0.0864225  0.71446  0.00733546  0.934792  
0.503675  0.330609  0.373864  1.13908  
0.00733546  0.934792  0.581211  0.269299  
0.037974  0.805698  0.156167  0.613053  
0.58116  0.269246  0.00733489  0.934792  
0.465363  0.350321  0.58116  0.269246  
0.156167  0.613053  0.465363  0.350321  
0.718794  0.182862  0.037974  0.805698  
0.252316  0.523875  0.86476  0.103732  
0.0864225  0.714446  0.503379  0.324211  
0.503379  0.324211  0.718794  0.182862  
0.00733489  0.934792  0.0864225  0.714446  
0.86476  0.103732  0.252316  0.523875  
0.00733489  0.934792  0.156167  0.613053  
0.037974  0.805698  0.00733489  0.934792  
0.86476  0.103732  0.736051  0.612736  
0.718794  0.182862  0.86476  0.103732  
0.58116  0.269246  0.58116  0.269246  
0.156167  0.613053  0.037974  0.805698  
0.503379  0.324211  0.0864225  0.714446  
0.252316  0.523875  0.718794  0.182862  
0.0864225  0.714446  0.465363  0.350321  
0.465363  0.350321  0.252316  0.523875  
0.252316  0.523875  0.718794  0.182862  
0.00733489  0.934792  0.252316  0.523875  
0.156167  0.613053  0.503379  0.324211  
0.718794  0.182862  0.58116  0.269246  
0.58116  0.269246  0.465363  0.350321  
0.037974  0.805698  0.00733489  0.934792  
0.86476  0.103732  0.298002  1.05788  
0.465363  0.350321  0.0864225  0.714446  
0.0864225  0.714446  0.86476  0.103732  
0.503379  0.324211  0.156167  0.613053  
0.86476  0.103732  0.465363  0.350321  
0.00733489  0.934792  0.252316  0.523875  
0.503379  0.324211  0.58116  0.269246  
0.252316  0.523875  0.348606  1.09228  
0.718794  0.182862  0.718794  0.182862  
0.037974  0.805698  0.86476  0.103732  
0.0864225  0.714446  0.0864225  0.714446  
0.465363  0.350321  0.503379  0.324211  
0.58116  0.269246  0.156167  0.613053  
0.156167  0.613053  0.00733489  0.934792  
0.00733489  0.934792  0.465363  0.350321  
0.718794  0.182862  0.0864225  0.714446  
0.252316  0.523875  1.80555  1.53114  
0.58116  0.269246  0.569572  0.812113  
0.037974  0.805698  0.718794  0.182862  
0.86476  0.103732  0.037974  0.805698  
0.156167  0.613053  0.156167  0.613053  
0.0864225  0.714446  0.58116  0.269246  
0.465363  0.350321  0.00733489  0.934792  
0.503379  0.324211  0.503379  0.324211  
0.252316  0.523875  0.58116  0.269246  
0.718794  0.182862  0.86476  0.103732  
0.156167  0.613053  0.0864225  0.714446  
0.0864225  0.714446  0.252316  0.523875  
0.503379  0.324211  0.465363  0.350321  
0.037974  0.805698  0.00733489  0.934792  
0.58116  0.269246  0.718794  0.182862  
0.86476  0.103732  0.156167  0.613053  
0.465363  0.350321  0.037974  0.805698  
0.00733489  0.934792  0.545113  0.372404  
0.037974  0.805698  0.58116  0.269246  
0.86476  0.103732  0.037974  0.805698  
0.58116  0.269246  0.503379  0.324211  
0.156167  0.613053  0.156167  0.613053  
0.465363  0.350321  0.86476  0.103732  
0.0864225  0.714446  0.718794  0.182862  
0.503379  0.324211  0.0864225  0.714446  
0.252316  0.523875  0.465363  0.350321  
0.718794  0.182862  0.252316  0.523875  
0.00733489  0.934792  0.00733489  0.934792  
0.58116  0.269246  0.00733489  0.934792  
0.00733489  0.934792  0.156167  0.613053  
0.0864225  0.714446  0.0864225  0.714446  
0.465363  0.350321  0.58116  0.269246  
0.037974  0.805698  1.73507  0.766082  
0.503379  0.324211  0.037974  0.805698  
0.252316  0.523875  0.86476  0.103732  
0.86476  0.103732  0.465363  0.350321  
0.156167  0.613053  0.503379  0.324211  
0.718794  0.182862  0.252316  0.523875  
0.58116  0.269246  0.0864225  0.714446  
0.00733489  0.934792  0.252316  0.523875  
0.252316  0.523875  0.465363  0.350321  
0.86476  0.103732  0.58116  0.269246  
0.156167  0.613053  0.86476  0.103732  
0.503379  0.324211  0.037974  0.805698  
0.718794  0.182862  0.156167  0.613053  
0.0864225  0.714446  0.503379  0.324211  
0.465363  0.350321  0.823432  0.264163  
0.037974  0.805698  0.00733489  0.934792  
0.503379  0.324211  0.037974  0.805698  
0.156167  0.613053  0.0864225  0.714446  
0.718794  0.182862  0.465363  0.350321  
0.58116  0.269246  0.503379  0.324211  
0.252316  0.523875  0.252316  0.523875  
0.037974  0.805698  0.718794  0.182862  
0.00733489  0.934792  0.238192  0.700909  
0.0864225  0.714446  0.00733489  0.934792  
0.86476  0.103732  0.86476  0.103732  
0.465363  0.350321  0.58116  0.269246  
0.465344  0.350279  0.00733489  0.934761  
0.037974  0.805698  0.0863016  0.714446  
0.581157  0.269246  0.503313  0.323681  
0.252307  0.523859  0.581157  0.269246  
0.718794  0.182788  0.252307  0.523859  
0.503313  0.323681  0.765745  0.769419  
0.156136  0.61295  0.718794  0.182788  
0.0863016  0.714446  0.86476  0.103732  
0.86476  0.103732  0.156136  0.61295  
0.00733489  0.934761  0.547305  0.419217  
0.0863016  0.714446  0.037974  0.805698  
0.037974  0.805698  0.86476  0.103732  
0.86476  0.103732  0.581157  0.269246  
0.00733489  0.934761  0.252307  0.523859  
0.156136  0.61295  0.0863016  0.714446  
0.503313  0.323681  0.718794  0.182788  
0.252307  0.523859  0.00733489  0.934761  
0.581157  0.269246  0.503313  0.323681  
0.465344  0.350279  0.156136  0.61295  
0.718794  0.182788  0.465344  0.350279  
0.156136  0.61295  0.718794  0.182788  
0.0863016  0.714446  0.252307  0.523859  
0.86476  0.103732  0.465344  0.350279  
0.252307  0.523859  0.156136  0.61295  
0.718794  0.182788  0.0863016  0.714446  
0.00733489  0.934761  0.00733489  0.934761  
0.465344  0.350279  1.02653  1.77852  
0.503313  0.323681  0.86476  0.103732  
0.037974  0.805698  0.503313  0.323681  
0.581157  0.269246  1.712  0.87668  
0.0863016  0.714446  4.24676  3.10839  
0.581157  0.269246  0.503313  0.323681  
0.86476  0.103732  0.581157  0.269246  
0.503313  0.323681  0.465344  0.350279  
0.465344  0.350279  0.00733489  0.934761  
0.252307  0.523859  0.0863016  0.714446  
0.718794  0.182788  0.037974  0.805698  
0.037974  0.805698  0.156136  0.625968  
0.156136  0.61295  0.86476  0.103732  
0.00733489  0.934761  0.718794  0.182788  
0.718794  0.182788  0.465344  0.350279  
0.252307  0.523859  0.156136  0.61295  
0.86476  0.103732  0.718794  0.182788  
0.465344  0.350279  0.252307  0.523859  
0.037974  0.805698  0.00733489  0.934761  
0.503313  0.323681  0.037974  0.805698  
0.156136  0.61295  0.0863016  0.714446  
0.581157  0.269246  1.30699  1.11702  
0.0863016  0.714446  0.581157  0.269246  
0.00733489  0.934761  0.86476  0.103732  
0.581157  0.269246  0.375236  1.06616  
0.465344  0.350279  0.86476  0.103732  
0.718794  0.182788  0.805075  0.603487  
0.00733489  0.934761  0.581157  0.269246  
0.86476  0.103732  0.00733489  0.934761  
0.252307  0.523859  0.252307  0.523859  
0.156136  0.61295  0.0863016  0.714446  
0.503313  0.323681  0.037974  0.805698  
0.0863016  0.714446  0.718794  0.182788  
0.037974  0.805698  0.465344  0.350279  
0.252307  0.523859  0.503313  0.715184  
0.0863016  0.714446  0.252307  0.523859  
0.86476  0.103732  0.156136  0.61295  
0.00733489  0.934761  0.0863016  0.714446  
0.581157  0.269246  0.465344  0.350279  
0.037974  0.805698  0.00733489  0.934761  
0.465344  0.350279  0.86476  0.103732  
0.156136  0.61295  0.037974  0.805698  
0.718794  0.182788  0.718794  0.182788  
0.503313  0.323681  0.581157  0.269246  
0.581157  0.269246  0.0863016  0.714446  
0.718794  0.182788  0.718794  0.182788  
0.037974  0.805698  1.10624  0.323681  
0.252307  0.523859  0.037974  0.805698  
0.465344  0.350279  0.86476  0.103732  
0.503313  0.323681  0.156136  0.61295  
0.156136  0.61295  0.581157  0.269246  
0.00733489  0.934761  0.252307  0.523859  
0.0863016  0.714446  0.465344  0.350279  
0.86476  0.103732  0.00733489  0.934761  
0.581157  0.269246  0.156136  0.61295  
0.465344  0.350279  0.00733489  0.934761  
0.156136  0.61295  0.875585  0.752808  
0.86476  0.103732  0.0863016  0.714446  
0.037974  0.805698  0.252307  0.523859  
0.252307  0.523859  0.581157  0.269246  
0.0863016  0.714446  0.037974  0.805698  
0.718794  0.182788  0.465344  0.350279  
0.00733489  0.934761  0.86476  0.103732  
0.503313  0.323681  0.718794  0.182788  
0.465344  0.350279  0.156136  0.61295  
0.00733489  0.934761  0.037974  0.805698  
0.503313  0.323681  0.00733489  0.934761  
0.156136  0.61295  0.718794  0.182788  
0.718794  0.182788  0.465344  0.350279  
0.252307  0.523859  0.0863016  0.714446  
0.0863016  0.714446  0.86476  0.103732  
0.037974  0.805698  0.581157  0.269246  
0.581157  0.269246  0.252307  0.538225  
0.86476  0.103732  0.503313  0.323681  
0.037974  0.805698  0.863934  0.103732  
0.0863016  0.714446  0.0863016  0.714446  
0.581156  0.269242  0.037974  0.805698  
0.156136  0.612949  0.00733489  0.934761  
0.00733489  0.934761  0.465318  0.350236  
0.252272  0.523859  0.581156  0.269242  
0.718794  0.182786  0.718794  0.182786  
0.465318  0.350236  0.503275  0.458206  
0.503275  0.323471  0.252272  0.523859  
0.863934  0.103732  0.156136  0.612949  
0.037974  0.805698  0.465318  0.350236  
0.00733489  0.934761  0.156136  0.612949  
0.0863016  0.714446  0.00733489  0.934761  
0.465318  0.350236  0.718794  0.182786  
0.503275  0.323471  0.503275  0.323471  
0.581156  0.269242  0.70187  0.366344  
0.863934  0.103732  0.037974  0.805698  
0.156136  0.612949  0.0863016  0.714446  
0.252272  0.523859  0.252272  0.523859  
0.718794  0.182786  0.863934  0.103732  
0.0863016  0.714446  0.037974  0.805698  
0.037974  0.805698  0.718794  0.182786  
0.581156  0.269242  0.0863016  0.714446  
0.718794  0.182786  0.252272  0.523859  
0.465318  0.350236  0.00733489  0.934761  
0.503275  0.323471  0.465318  0.350236  
0.863934  0.103732  0.503275  0.323471  
0.00733489  0.934761  0.581156  0.269242  
0.252272  0.523859  0.156136  0.612949  
0.156136  0.612949  0.863934  0.103732  
0.156136  0.612949  0.503275  0.323471  
0.465318  0.350236  0.465318  0.350236  
0.0863016  0.714446  1.30131  1.7663  
0.503275  0.323471  0.0863016  0.714446  
0.581156  0.269242  0.252272  0.523859  
0.037974  0.805698  0.00733489  0.934761  
0.00733489  0.934761  0.718794  0.182786  
0.718794  0.182786  0.037974  0.805698  
0.863934  0.103732  0.581156  0.269242  
0.252272  0.523859  0.863934  0.103732  
0.503275  0.323471  0.581156  0.269242  
0.465318  0.350236  0.465318  0.350236  
0.037974  0.805698  0.718794  0.182786  
0.718794  0.182786  0.252272  0.523859  
0.156136  0.612949  0.863934  0.103732  
0.252272  0.523859  0.0564383  0.83331  
0.863934  0.103732  0.503275  0.323471  
0.00733489  0.934761  0.0863016  0.714446  
0.0863016  0.714446  0.037974  0.805698  
0.581156  0.269242  0.156136  0.612949  
0.581156  0.269242  0.252272  0.523859  
0.465318  0.350236  0.00733489  0.934761  
0.0863016  0.714446  0.863934  0.103732  
0.503275  0.323471  0.503275  0.323471  
0.156136  0.612949  0.718794  0.182786  
0.252272  0.523859  0.769741  0.638088  
0.037974  0.805698  0.0863016  0.714446  
0.863934  0.103732  0.037974  0.805698  
0.00733489  0.934761  0.581156  0.269242  
0.718794  0.182786  0.156136  0.612949  
0.037974  0.805698  0.156136  0.612949  
0.863934  0.103732  0.252272  0.523859  
0.465318  0.350236  0.503275  0.323471  
0.252272  0.523859  0.465318  0.350236  
0.503275  0.323471  0.581156  0.269242  
0.718794  0.182786  0.037974  0.805698  
0.581156  0.269242  0.00733489  0.934761  
0.156136  0.612949  0.718794  0.182786  
0.00733489  0.934761  0.0863016  0.714446  
0.0863016  0.714446  0.863934  0.103732  
0.00733489  0.934761  0.156136  0.612949  
0.465318  0.350236  0.252272  0.523859  
0.863934  0.103732  0.503275  0.323471  
0.0863016  0.714446  1.61467  1.40579  
0.156136  0.612949  0.467243  1.39323  
0.503275  0.323471  0.863934  0.103732  
0.581156  0.269242  0.465318  0.350236  
0.252272  0.523859  0.581156  0.269242  
0.718794  0.182786  0.718794  0.182786  
0.037974  0.805698  0.037974  0.805698  
0.037974  0.805698  0.465318  0.350236  
0.863934  0.103732  0.503275  0.323471  
0.503275  0.323471  0.863934  0.103732  
0.252272  0.523859  0.581156  0.269242  
0.00733489  0.934761  1.77998  1.49432  
0.718794  0.182786  0.156136  0.612949  
0.581156  0.269242  0.718794  0.182786  
0.465318  0.350236  0.00733489  0.934761  
0.156136  0.612949  0.252272  0.523859  
0.0863016  0.714446  0.0863016  0.714446  
0.718794  0.182786  0.00733489  0.934761  
0.156136  0.612949  0.252272  0.523859  
0.037974  0.805698  0.703356  0.766268  
0.252272  0.523859  0.581156  0.269242  
0.863934  0.103732  0.503275  0.323471  
0.503275  0.323471  0.718794  0.182786  
0.465318  0.350236  0.863934  0.103732  
0.0863016  0.714446  0.0863016  0.714446  
0.581156  0.269242  0.037974  0.805698  
0.00733489  0.934761  0.465318  0.350236  
0.037974  0.805698  0.581154  0.269184  
0.718794  0.182786  0.00733489  0.934761  
0.863934  0.103732  0.863934  0.103732  
0.00733489  0.934761  0.18763  1.13578  
0.252272  0.523859  0.0863016  0.714446  
0.581154  0.269184  0.156136  0.612949  
0.0863016  0.714446  0.465316  0.758207  
0.465316  0.350236  0.252272  0.523859  
0.156136  0.612949  0.503216  0.323471  
0.503216  0.323471  0.718794  0.182786  
0.465316  0.350236  0.503216  0.323471  
0.00733489  0.934761  0.863934  0.103732  
0.718794  0.182786  0.0863016  0.714446  
0.037974  0.805698  0.00733489  0.934761  
0.503216  0.323471  0.581154  0.269184  
0.0863016  0.714446  0.541741  0.809533  
0.252272  0.523859  0.037974  0.805698  
0.863934  0.103732  1.02027  0.860099  
0.581154  0.269184  0.718794  0.182786  
0.156136  0.612949  0.465316  0.350236  
0.581154  0.269184  0.581154  0.269184  
0.00733489  0.934761  0.156136  0.612949  
0.037974  0.805698  0.465316  0.350236  
0.0863016  0.714446  0.863934  0.103732  
0.718794  0.182786  0.0863016  0.714446  
0.465316  0.350236  0.503216  0.323471  
0.503216  0.323471  0.00733489  0.934761  
0.252272  0.523859  0.181655  0.805698  
0.156136  0.612949  0.252272  0.523859  
0.863934  0.103732  0.718794  0.182786  
0.503216  0.323471  1.07428  0.513215  
0.863934  0.103732  0.863934  0.103732  
0.252272  0.523859  0.252272  0.523859  
0.0863016  0.714446  0.037974  0.805698  
0.037974  0.805698  0.581154  0.269184  
0.00733489  0.934761  0.465316  0.350236  
0.156136  0.612949  0.0863016  0.714446  
0.718794  0.182786  0.00733489  0.934761  
0.465316  0.350236  0.156136  0.612949  
0.581154  0.269184  0.503216  0.323471  
0.465316  0.350236  0.863934  0.103732  
0.252272  0.523859  0.581154  0.269184  
0.037974  0.805698  0.503216  0.323471  
0.863934  0.103732  0.00733489  0.934761  
0.156136  0.612949  0.156136  0.612949  
0.503216  0.323471  0.0863016  0.714446  
0.00733489  0.934761  0.252272  0.523859  
0.0863016  0.714446  0.465316  0.350236  
0.581154  0.269184  0.718794  0.182786  
0.718794  0.182786  0.0736162  0.858186  
0.465316  0.350236  0.503216  0.323471  
0.503216  0.323471  0.863934  0.103732  
0.037974  0.805698  0.328047  1.17405  
0.252272  0.523859  0.465316  0.350236  
0.718794  0.182786  0.0863016  0.714446  
0.00733489  0.934761  0.252272  0.523859  
0.581154  0.269184  0.581154  0.269184  
0.863934  0.103732  0.156136  0.612949  
0.0863016  0.714446  0.00733489  0.934761  
0.156136  0.612949  0.718794  0.182786  
0.00733489  0.934761  0.581154  0.269184  
0.718794  0.182786  0.718794  0.182786  
0.581154  0.269184  0.252272  0.523859  
0.0863016  0.714446  0.00733489  0.934761  
0.465316  0.350236  0.503216  0.323471  
0.037974  0.805698  0.863934  0.103732  
0.252272  0.523859  0.465316  0.350236  
0.863934  0.103732  0.0863016  0.714446  
0.156136  0.612949  0.037974  0.805698  
0.503216  0.323471  0.156136  0.612949  
0.00733489  0.934761  0.718794  0.182786  
0.465316  0.350236  0.0863016  0.714446  
0.863934  0.103732  0.503216  0.323471  
0.252272  0.523859  0.581154  0.269184  
0.581154  0.269184  0.037974  0.805698  
0.156136  0.612949  0.252704  1.21084  
0.718794  0.182786  0.863934  0.103732  
0.503216  0.323471  0.156136  0.612949  
0.0863016  0.714446  0.252272  0.523859  
0.037974  0.805698  0.465316  0.350236  
0.581154  0.269184  0.0863016  0.714446  
0.863934  0.103732  0.581154  0.269184  
0.465316  0.350236  0.465316  0.350236  
0.037974  0.805698  0.037974  0.805698  
0.156136  0.612949  0.863934  0.103732  
0.252272  0.523859  0.252272  0.523859  
0.00733489  0.934761  0.503216  0.323471  
0.718794  0.182786  0.156136  0.612949  
0.503216  0.323471  0.00733489  0.934761  
0.0863016  0.714446  0.718794  0.182786  
0.581154  0.269184  0.718794  0.182786  
0.0863016  0.714446  0.156136  0.612949  
0.503216  0.323471  0.0863016  0.714446  
0.156136  0.612949  0.863934  0.103732  
0.465316  0.350236  0.465316  0.350236  
0.863934  0.103732  0.503216  0.323471  
0.252272  0.523859  0.581154  0.269184  
0.00733489  0.934761  3.02515  2.15416  
0.037974  0.805698  0.037974  0.805698  
0.718794  0.182786  0.00733489  0.934761  
