2.2026  3.79608  2.05051  3.95378  
2.12355  4.00244  2.14502  3.8556  
2.66404  2.09745  2.69839  2.88171  
2.23978  3.49234  2.42608  3.03684  
1.59628  4.13471  2.36927  2.73806  
2.32655  2.8778  1.81561  4.23351  
2.71746  2.2411  2.25516  3.39195  
2.12693  3.96129  2.21447  3.25577  
1.41113  4.61705  2.24381  2.95856  
1.6752  4.19804  2.26896  3.34674  
2.7678  1.49168  2.3085  3.10259  
2.62337  2.35293  2.05688  3.93009  
2.04561  4.04621  2.37545  2.7707  
2.25023  3.27644  2.60374  2.21869  
0.810034  4.69997  2.02519  4.08026  
1.02384  4.85073  2.29417  3.50255  
2.27226  2.82063  1.34407  4.75949  
1.99126  3.50433  2.25989  3.00934  
1.76142  4.13568  2.17999  3.67061  
2.53855  2.926  2.51304  3.1657  
2.46325  3.14398  1.31766  4.41059  
2.58986  2.75063  2.40126  3.23865  
1.41147  4.64648  2.61995  2.39681  
2.27751  1.59167  2.11337  2.80657  
2.42656  2.16031  2.14613  3.65221  
2.36037  3.12001  2.51969  2.59057  
1.23237  4.68634  2.46737  2.83147  
1.9257  3.53234  1.57475  4.28533  
2.21605  3.06846  1.93141  3.54346  
2.32722  3.60331  2.08328  3.68437  
1.38623  4.77234  1.9737  3.61541  
1.76359  3.95121  2.52428  2.92244  
1.75525  3.25485  1.61404  4.53786  
2.47798  2.72368  2.25833  3.65919  
2.44492  2.86589  1.15284  4.84668  
0.796403  4.73142  2.34041  2.16134  
1.551  4.72042  2.51789  2.29187  
2.82702  1.38184  2.31654  3.43982  
1.8907  4.22133  2.30058  3.02472  
2.4627  2.68267  1.70866  4.4526  
2.10336  3.48279  1.91684  4.20716  
2.49241  2.62565  2.20781  2.38125  
2.72167  2.55108  1.69139  4.06078  
2.43016  3.00318  1.35084  4.72643  
1.51656  3.76087  2.25099  2.99234  
2.33885  3.02094  1.98454  4.12563  
1.62544  4.21904  1.88735  3.32053  
1.41718  4.68487  2.7162  2.74236  
1.9145  3.78606  2.12176  3.87919  
2.18792  3.32541  2.47437  2.86443  
2.55355  3.06413  2.23993  3.45838  
1.73414  4.06015  2.0531  3.71955  
2.09591  3.95536  2.37844  3.58273  
2.00222  3.39025  2.80091  1.73304  
2.42141  2.83758  2.36961  2.81282  
2.65511  2.08965  2.56425  2.02531  
2.26821  2.92203  2.47832  2.87914  
2.42755  3.31429  1.81564  4.28997  
2.1216  2.84107  2.4993  1.78932  
2.39792  1.59787  2.23382  3.3931  
2.48553  2.44133  2.26385  2.91905  
2.44799  2.78016  2.35485  2.99867  
2.38243  3.07211  1.82405  3.87506  
1.95534  3.89573  2.70041  1.55251  
2.34176  2.50029  2.04426  3.3838  
2.29021  3.53515  1.90531  3.33234  
2.41801  2.17294  1.44637  4.64349  
2.54099  2.624  2.29801  3.25697  
2.0149  3.62069  2.2316  3.79166  
2.35502  3.34019  2.34113  2.70197  
2.1065  2.52783  2.05545  3.85624  
2.72629  2.1627  2.60291  2.61521  
2.29363  2.83762  2.57274  2.23067  
1.92406  4.24435  2.67278  1.74416  
2.2607  2.81478  2.44687  1.78166  
2.63682  2.00078  0.809236  4.71724  
2.15798  3.1562  1.85737  3.46138  
2.07612  4.15782  1.90845  4.10679  
2.44448  2.99521  1.43119  3.81494  
0.485259  4.42019  1.92833  4.25808  
2.70113  2.23723  2.5132  3.20416  
1.89728  4.02712  2.4783  2.91302  
2.72011  2.3377  2.5353  3.01489  
2.15668  2.76451  2.52699  2.49111  
2.49033  2.60445  2.49556  3.29842  
2.18803  3.5614  1.70086  4.10372  
2.03611  3.61323  1.56537  4.60678  
1.084  4.74714  1.94295  3.63607  
2.53384  2.79832  1.83538  3.98525  
1.3521  4.39537  1.12211  4.4043  
2.29797  3.7051  2.43625  1.23024  
2.42372  2.86505  2.49565  3.16702  
1.65246  4.1908  1.28263  4.70054  
2.44166  2.70381  2.53358  2.41189  
1.87474  3.34536  2.59866  2.36256  
2.61214  1.57028  2.14097  3.74141  
2.13407  3.87377  1.71699  4.23559  
2.3795  3.15194  2.58986  2.56413  
1.73676  3.78998  2.59104  2.40973  
2.20863  3.00786  2.66058  2.29269  
2.16113  3.38629  1.21853  4.75093  
1.72016  4.41926  1.72016  4.41926  
2.03423  3.84486  2.43351  2.26328  
2.43351  2.26328  2.46031  2.73307  
2.28212  3.52195  2.16113  3.38629  
2.31025  3.23754  2.31025  3.23754  
1.21853  4.75093  2.23119  3.61926  
1.81705  4.232  2.35584  3.54391  
2.35584  3.54391  1.81705  4.232  
2.46031  2.73307  2.03423  3.84486  
0.706515  4.63126  1.97355  3.08773  
2.30968  2.50841  2.25051  3.30411  
2.69027  0.967691  1.43966  4.27536  
1.43966  4.27536  2.69027  0.967691  
2.42538  1.89575  2.30968  2.50841  
2.25051  3.30411  2.68294  2.0513  
1.97355  3.08773  0.559182  4.4114  
2.68294  2.0513  0.706515  4.63126  
1.68895  3.78208  2.42538  1.89575  
0.559182  4.4114  1.68895  3.78208  
2.03423  3.84486  1.952  3.75757  
2.45933  2.93998  2.29589  3.24593  
2.50156  2.27038  2.42965  2.57084  
2.28212  3.52195  2.28212  3.52195  
1.952  3.75757  2.29182  3.67974  
2.29589  3.24593  2.57894  2.85859  
2.29182  3.67974  2.50156  2.27038  
1.21853  4.75093  2.03423  3.84486  
2.57894  2.85859  1.21853  4.75093  
2.42965  2.57084  2.45933  2.93998  
2.71602  2.51483  1.6936  4.48072  
2.55768  2.02888  2.05798  3.68466  
2.10769  3.77906  2.10769  3.77906  
2.41565  2.77631  2.71602  2.51483  
2.52767  2.23502  2.41565  2.77631  
2.05798  3.68466  1.21646  4.75852  
1.21646  4.75852  2.55768  2.02888  
2.52842  2.56068  2.52767  2.23502  
1.6936  4.48072  2.27943  3.28629  
2.27943  3.28629  2.52842  2.56068  
2.68294  2.0513  0.706515  4.63126  
1.43812  4.2753  1.97355  3.08773  
1.63422  3.77703  2.30968  2.50841  
2.30968  2.50841  1.43812  4.2753  
2.42538  1.89575  1.63422  3.77703  
2.25051  3.30411  0.559182  4.4114  
2.69027  0.967691  2.69027  0.967691  
0.706515  4.63126  2.42538  1.89575  
1.97355  3.08773  2.13485  3.55532  
0.559182  4.4114  2.68294  2.0513  
0.779534  3.79184  2.02863  0.266254  
2.02863  0.266254  1.03443  3.63047  
1.80878  1.76652  1.63321  2.35481  
1.19087  3.26518  0.159231  4.09404  
0.553987  3.98906  1.43773  2.87149  
0.159231  4.09404  1.20099  3.25969  
1.03443  3.63047  0.553987  3.98906  
1.43773  2.87149  1.94222  1.06319  
1.94222  1.06319  0.779534  3.79184  
1.63321  2.35481  1.80878  1.76652  
2.35589  2.7262  2.35589  2.7262  
0.877086  4.54478  0.877086  4.54478  
1.835  4.03122  2.13886  2.66509  
2.49487  2.90004  2.60163  2.7159  
2.60163  2.7159  2.38401  2.86488  
2.38401  2.86488  2.49487  2.90004  
1.98318  3.96932  2.29697  3.6589  
2.29697  3.6589  1.98318  3.96932  
2.13886  2.66509  2.67575  1.88772  
2.67575  1.88772  1.66216  4.41103  
2.35589  2.7262  1.835  4.03122  
1.98318  3.96932  2.35589  2.7262  
2.49487  2.90004  2.13886  2.66509  
2.29697  3.6589  2.29697  3.6589  
0.877086  4.54478  1.76351  4.38029  
1.76351  4.38029  1.98318  3.96932  
2.64174  2.02502  2.49487  2.90004  
2.38401  2.86488  2.64174  2.02502  
2.13886  2.66509  0.877086  4.54478  
1.835  4.03122  2.38539  2.86058  
2.31025  3.23754  2.28212  3.52195  
1.81705  4.232  2.29055  3.31049  
2.16113  3.38629  2.43351  2.26328  
2.43351  2.26328  1.8696  4.29011  
2.35584  3.54391  2.16113  3.38629  
1.8696  4.29011  1.81705  4.232  
1.21853  4.75093  2.03423  3.84486  
2.28212  3.52195  2.35584  3.54391  
2.03423  3.84486  1.21853  4.75093  
1.98577  3.76132  1.98577  3.76132  
2.32494  3.24463  1.66636  4.32147  
2.08896  3.97163  2.83289  1.50857  
2.11521  3.6642  1.07847  4.59172  
2.10621  3.56624  2.08896  3.97163  
1.1658  4.63084  2.31826  3.26137  
1.07847  4.59172  2.11521  3.6642  
2.08456  3.81522  2.10621  3.56624  
1.96157  4.11806  2.08456  3.81522  
2.83289  1.50857  1.96157  4.11806  
1.66636  4.32147  1.1658  4.63084  
1.63766  4.14265  1.88019  3.52318  
1.50505  4.1114  2.22864  1.95246  
1.78417  4.13662  2.07507  3.23351  
2.49465  2.12909  2.0319  3.34667  
1.83381  3.42938  2.48099  1.87524  
2.04048  3.90939  2.79861  2.30284  
1.10065  4.54522  2.86743  1.28967  
2.02519  3.7736  2.53118  3.00818  
2.44403  3.00703  1.39471  3.84547  
2.27609  2.33412  2.33545  1.74411  
2.2634  3.19709  2.04048  3.90939  
2.49539  1.98976  1.78417  4.13662  
1.6767  3.64636  2.02519  3.7736  
2.10971  2.92039  1.50505  4.1114  
1.39954  4.21556  1.63766  4.14265  
2.42397  0.950598  2.49465  2.12909  
2.00774  3.47691  1.10065  4.54522  
0.802331  4.71945  1.83381  3.42938  
2.06786  3.00288  2.44403  3.00703  
2.44755  1.53376  2.27609  2.33412  
1.78417  4.13662  2.32213  3.0425  
2.04048  3.90939  2.00774  3.47691  
2.02519  3.7736  1.39954  4.21556  
2.27609  2.33412  1.6767  3.64636  
2.6401  1.71934  2.42397  0.950598  
1.50505  4.1114  0.802331  4.71945  
2.49465  2.12909  2.49539  1.98976  
2.44403  3.00703  2.06786  3.00288  
1.10065  4.54522  2.10971  2.92039  
1.83381  3.42938  2.44755  1.53376  
2.79861  2.30284  1.78417  4.13662  
2.07507  3.23351  1.10065  4.54522  
2.86743  1.28967  2.27609  2.33412  
2.22864  1.95246  1.50505  4.1114  
1.39471  3.84547  2.02519  3.7736  
2.33545  1.74411  1.83381  3.42938  
1.88019  3.52318  2.49465  2.12909  
2.53118  3.00818  2.6401  1.71934  
2.48099  1.87524  2.04048  3.90939  
2.0319  3.34667  2.44403  3.00703  
2.01029  3.21164  1.39826  3.9017  
0.433816  4.369  1.79442  3.36393  
2.42299  1.63097  2.59456  1.63736  
1.39826  3.9017  0.433816  4.369  
2.06994  2.50266  2.41873  2.01071  
2.56593  1.39232  2.61711  1.11816  
1.64176  3.71988  1.64176  3.71988  
1.79442  3.36393  2.01029  3.21164  
2.59456  1.63736  2.56593  1.39232  
2.61711  1.11816  2.06994  2.50266  
1.78727  3.4787  2.80232  1.54405  
2.41726  2.96568  0.853412  4.4582  
1.72711  3.73492  1.79736  2.69131  
2.73431  1.17  1.72711  3.73492  
1.79736  2.69131  2.41726  2.96568  
1.85397  3.55293  1.78727  3.4787  
2.28261  2.00329  2.28261  2.00329  
1.22267  3.84796  2.73431  1.17  
0.853412  4.4582  1.85397  3.55293  
2.80232  1.54405  1.22267  3.84796  
2.02776  0.261433  1.19038  3.26081  
0.780391  3.78879  0.158876  4.09366  
1.80465  1.78096  0.554315  3.98889  
1.19038  3.26081  2.02776  0.261433  
1.0328  3.6313  1.43992  2.86484  
0.554315  3.98889  0.780391  3.78879  
0.158876  4.09366  1.99903  1.42846  
1.62904  2.36201  1.0328  3.6313  
1.93959  1.07586  1.62904  2.36201  
1.43992  2.86484  1.80465  1.78096  
2.02157  3.13795  2.42397  0.950598  
1.39954  4.21556  1.39954  4.21556  
2.1353  2.8491  1.65841  3.6591  
2.7663  1.74793  1.22695  4.73012  
1.22695  4.73012  2.30379  2.57965  
2.48063  2.06497  2.7663  1.74793  
2.20296  1.34948  2.20296  1.34948  
2.42397  0.950598  2.48063  2.06497  
1.65841  3.6591  2.02157  3.13795  
0.785151  4.67528  0.785151  4.67528  
2.39372  2.49145  1.69528  4.0019  
1.97774  4.11398  1.04588  4.55736  
2.70272  1.95452  1.95344  3.2136  
1.04588  4.55736  2.8075  2.03431  
0.399281  4.33294  1.97774  4.11398  
2.4679  2.33594  1.76962  4.19028  
2.48124  3.33995  0.399281  4.33294  
1.69528  4.0019  2.70272  1.95452  
1.95344  3.2136  2.39372  2.49145  
1.76962  4.19028  2.4679  2.33594  
2.04391  3.07945  2.2312  3.19822  
0.425354  4.36024  2.43963  2.15756  
1.70459  4.46996  1.41201  4.23557  
1.25193  4.24732  1.95823  3.39692  
2.43963  2.15756  2.30573  2.70388  
0.944231  4.75513  1.70459  4.46996  
1.41201  4.23557  0.425354  4.36024  
2.04682  3.53743  2.04391  3.07945  
2.30573  2.70388  1.25193  4.24732  
1.95823  3.39692  0.944231  4.75513  
2.06586  0.90554  1.01921  3.64917  
1.01921  3.64917  0.989029  3.70164  
2.38693  2.91497  0.186832  4.12204  
0.186832  4.12204  1.46341  2.9458  
0.736619  3.88748  1.096  3.72716  
0.352883  4.06648  2.38693  2.91497  
0.989029  3.70164  1.26294  3.54214  
1.24911  3.56215  0.736619  3.88748  
1.096  3.72716  2.06586  0.90554  
1.46341  2.9458  0.352883  4.06648  
2.038  0.847422  0.966878  3.75482  
1.75098  2.12208  0.445647  4.07885  
1.11556  3.57739  1.70425  2.331  
1.37541  3.17418  2.53272  2.30761  
1.63197  2.66676  1.62766  2.88268  
0.162342  4.09355  1.2977  3.31043  
2.05938  1.77784  2.00568  0.829806  
0.785321  3.85453  0.364591  4.06675  
1.75492  2.60409  2.099  0.708822  
1.33598  3.53932  1.44261  3.216  
0.848152  3.80797  1.37541  3.17418  
0.162342  4.09355  2.03931  0.87786  
1.11556  3.57739  1.75492  2.60409  
1.33598  3.53932  1.63197  2.66676  
1.37541  3.17418  1.33598  3.53932  
1.63197  2.66676  0.162342  4.09355  
2.05938  1.77784  0.785321  3.85453  
1.75098  2.12208  1.75098  2.12208  
1.75492  2.60409  1.11556  3.57739  
2.038  0.847422  2.05938  1.77784  
2.04451  0.242949  0.848152  3.80797  
0.934503  3.73354  1.33598  3.53932  
0.158588  4.09379  2.038  0.847422  
1.50159  2.9473  2.05938  1.77784  
1.13974  3.52998  0.162342  4.09355  
1.93868  1.16559  1.75492  2.60409  
1.64825  2.73476  1.75098  2.12208  
0.749562  3.92153  1.20752  3.43447  
1.34025  3.28373  1.11556  3.57739  
1.71078  2.12336  1.63197  2.66676  
1.1618  3.48889  1.71078  2.12336  
1.61064  2.4155  1.50159  2.9473  
0.666644  3.92944  1.13974  3.52998  
2.04451  0.242949  0.158638  4.09384  
0.15806  4.09326  0.749562  3.92153  
1.98519  1.42279  1.93868  1.16559  
1.91052  1.7758  2.04451  0.242949  
1.34302  3.00355  1.64825  2.73476  
0.941661  3.72253  0.934503  3.73354  
1.82336  2.11179  1.34025  3.28373  
1.79602  1.85265  1.5566  3.29659  
2.10948  0.600156  2.34954  0.550852  
1.64697  2.83509  0.251956  4.17303  
0.158619  4.09382  2.11043  0.704034  
1.31583  3.11059  1.29437  3.57038  
0.720595  3.92521  0.797378  3.85161  
2.00141  0.868844  1.95608  1.90078  
2.34083  1.29566  1.63424  2.9213  
2.21823  0.427679  0.163323  4.09853  
1.03702  3.67505  2.00205  0.798845  
1.2977  3.31043  1.98519  1.42279  
0.966878  3.75482  0.941661  3.72253  
1.44261  3.216  1.48871  3.00101  
0.445647  4.07885  2.04451  0.242949  
1.70425  2.331  1.1618  3.48889  
1.62766  2.88268  1.91052  1.7758  
0.364591  4.06675  1.82336  2.11179  
2.00621  0.831782  0.666644  3.92944  
2.53272  2.30761  0.15806  4.09326  
2.099  0.708822  1.61064  2.4155  
1.71922  2.38284  1.03702  3.67505  
0.186832  4.12204  1.31583  3.11059  
0.423514  4.04753  1.79602  1.85265  
1.01921  3.64917  0.720595  3.92521  
2.09039  0.543473  2.21823  0.427679  
2.00023  1.44832  2.34083  1.29566  
1.46341  2.9458  0.158621  4.09383  
0.736619  3.88748  2.10948  0.600156  
1.096  3.72716  1.64697  2.83509  
1.32454  3.26285  2.00141  0.868844  
1.29437  3.57038  1.32454  3.26285  
0.251956  4.17303  1.89227  1.92612  
1.63424  2.9213  1.096  3.72716  
2.11398  2.10615  0.423514  4.04753  
2.00205  0.798845  1.46341  2.9458  
0.797378  3.85161  1.71922  2.38284  
2.11043  0.704034  1.01921  3.64917  
0.163323  4.09853  0.736619  3.88748  
1.5566  3.29659  0.186832  4.12204  
1.95608  1.90078  2.09039  0.543473  
1.58929  2.88582  2.02144  1.60198  
0.162342  4.09355  0.162342  4.09355  
1.94628  1.67103  2.01222  0.788656  
0.970813  3.69928  1.63197  2.66676  
1.33598  3.53932  1.68055  2.83828  
1.74847  2.12438  1.94628  1.67103  
1.37947  3.18503  1.33598  3.53932  
2.01222  0.788656  1.74847  2.12438  
1.63197  2.66676  0.970813  3.69928  
2.02144  1.60198  1.37947  3.18503  
0.68356  3.9185  0.9654  3.69745  
2.08065  0.116913  0.670831  3.92628  
1.57552  2.78671  2.08065  0.116913  
0.9654  3.69745  1.3932  3.13903  
1.85178  1.59694  1.57552  2.78671  
1.3932  3.13903  2.01376  0.199742  
2.01376  0.199742  1.85178  1.59694  
1.72468  2.41829  1.19098  3.44206  
1.19098  3.44206  0.158072  4.09328  
0.158072  4.09328  1.72468  2.41829  
0.959564  3.70307  1.20441  3.42443  
1.57552  2.78671  2.08065  0.116913  
2.01376  0.199742  1.40207  3.12379  
1.85178  1.59694  0.68356  3.9185  
2.08065  0.116913  0.158378  4.09358  
0.158072  4.09328  2.01376  0.199742  
1.20441  3.42443  1.72468  2.41829  
1.72468  2.41829  0.959564  3.70307  
0.68356  3.9185  1.85178  1.59694  
1.40207  3.12379  1.57552  2.78671  
1.20441  3.42443  1.72468  2.41829  
1.57552  2.78671  0.959564  3.70307  
0.959564  3.70307  2.07086  0.923086  
0.68356  3.9185  1.20441  3.42443  
0.158072  4.09328  1.85178  1.59694  
2.08065  0.116913  1.40207  3.12379  
2.01376  0.199742  0.158072  4.09328  
1.72468  2.41829  0.68356  3.9185  
1.40207  3.12379  1.57552  2.78671  
1.85178  1.59694  2.01376  0.199742  
0.9654  3.69745  1.72468  2.41829  
0.68356  3.9185  0.158072  4.09328  
1.40207  3.12379  1.40207  3.12379  
1.18978  3.44379  1.57552  2.78671  
0.158072  4.09328  0.68356  3.9185  
2.08065  0.116913  0.9654  3.69745  
1.57552  2.78671  1.85178  1.59694  
1.72468  2.41829  2.08065  0.116913  
1.85178  1.59694  2.01376  0.199742  
2.01376  0.199742  1.18978  3.44379  
0.9654  3.69745  1.72468  2.41829  
2.08065  0.116913  0.68356  3.9185  
1.40207  3.12379  0.158072  4.09328  
0.158072  4.09328  0.9654  3.69745  
1.20441  3.42443  1.9887  0.892943  
2.01376  0.199742  1.85178  1.59694  
1.85178  1.59694  1.20441  3.42443  
1.72468  2.41829  1.57552  2.78671  
1.57552  2.78671  1.40207  3.12379  
0.68356  3.9185  2.08065  0.116913  
1.85178  1.59694  2.08065  0.116913  
0.68356  3.9185  1.20441  3.42443  
2.01376  0.199742  0.158072  4.09328  
0.9654  3.69745  1.57552  2.78671  
1.57552  2.78671  0.9654  3.69745  
0.158072  4.09328  1.40207  3.12379  
1.40207  3.12379  0.68356  3.9185  
1.72468  2.41829  2.01376  0.199742  
1.20441  3.42443  1.85178  1.59694  
2.08065  0.116913  1.72468  2.41829  
1.57552  2.78671  2.01376  0.199742  
1.20441  3.42443  1.40207  3.12379  
2.08065  0.116913  0.9654  3.69745  
1.40207  3.12379  1.86415  1.63307  
2.01376  0.199742  1.57552  2.78671  
0.158072  4.09328  1.72468  2.41829  
1.85178  1.59694  0.158072  4.09328  
1.72468  2.41829  0.68356  3.9185  
0.68356  3.9185  1.20441  3.42443  
0.9654  3.69745  2.08065  0.116913  
0.9654  3.69745  1.72468  2.41828  
1.57552  2.78671  2.08065  0.116913  
1.85178  1.59694  1.85178  1.59694  
2.08065  0.116913  1.57552  2.78671  
0.68356  3.9185  0.9654  3.69745  
1.40207  3.12379  1.20441  3.42443  
1.20441  3.42443  0.68356  3.9185  
1.72468  2.41828  2.02497  0.854542  
2.01376  0.199742  0.158072  4.09328  
0.158072  4.09328  1.40207  3.12379  
0.158072  4.09328  1.40207  3.12379  
1.40207  3.12379  0.158072  4.09328  
2.01376  0.199742  1.20441  3.42443  
0.68356  3.9185  1.72468  2.41828  
0.9654  3.69745  1.7501  2.37434  
2.08065  0.116913  2.01376  0.199742  
1.85178  1.59694  0.68356  3.9185  
1.72468  2.41828  1.85178  1.59694  
1.20441  3.42443  0.9654  3.69745  
1.57552  2.78671  2.08065  0.116913  
2.08065  0.116913  0.158072  4.09328  
1.85178  1.59694  0.683623  3.91846  
0.9654  3.69745  0.9654  3.69745  
1.40207  3.12379  1.20441  3.42443  
0.683623  3.91846  2.01376  0.199742  
1.57552  2.78671  2.08065  0.116913  
0.158072  4.09328  1.57552  2.78671  
1.72468  2.41828  1.85178  1.59694  
1.20441  3.42443  1.60519  2.7214  
2.01376  0.199742  1.40207  3.12379  
1.56848  2.80124  1.88332  1.4086  
0.618248  3.95634  2.0158  0.0496327  
1.26812  3.33561  0.158072  4.09328  
2.0158  0.0496327  1.69713  2.18459  
1.42548  3.08279  0.618248  3.95634  
1.69713  2.18459  1.08452  3.57191  
1.88332  1.4086  0.878091  3.77664  
1.08452  3.57191  1.26812  3.33561  
0.878091  3.77664  1.42548  3.08279  
0.158072  4.09328  1.56848  2.80124  
1.08452  3.57191  1.42548  3.08279  
1.69713  2.18459  1.56848  2.80124  
2.0158  0.0496327  1.69713  2.18459  
1.42548  3.08279  1.08452  3.57191  
0.618248  3.95634  0.618248  3.95634  
0.158072  4.09328  0.158072  4.09328  
0.878091  3.77664  1.93158  1.66532  
1.56848  2.80124  2.0158  0.0496327  
1.88332  1.4086  1.26812  3.33561  
1.26812  3.33561  0.878091  3.77664  
1.42548  3.08279  1.08452  3.57191  
0.158072  4.09328  1.23853  3.37762  
1.26812  3.33561  2.0158  0.0496327  
1.69713  2.18459  1.42548  3.08279  
0.618248  3.95634  1.69713  2.18459  
1.08452  3.57191  1.88332  1.4086  
1.56848  2.80124  0.618248  3.95634  
2.0158  0.0496327  0.878091  3.77664  
1.88332  1.4086  0.158072  4.09328  
0.878091  3.77664  1.56848  2.80124  
2.0158  0.0496327  1.26812  3.33561  
0.878091  3.77664  2.0158  0.0496327  
1.88332  1.4086  1.56848  2.80124  
1.42548  3.08279  0.158072  4.09328  
1.26812  3.33561  0.878091  3.77664  
1.69713  2.18459  1.42548  3.08279  
1.08452  3.57191  1.88332  1.4086  
0.158072  4.09328  1.1423  3.50365  
1.56848  2.80124  0.618248  3.95634  
0.618248  3.95634  1.69713  2.18459  
0.158072  4.09328  1.08452  3.57191  
1.26812  3.33561  0.618248  3.95634  
1.56848  2.80124  1.42548  3.08279  
0.618248  3.95634  1.88332  1.4086  
1.88332  1.4086  1.69713  2.18459  
1.42548  3.08279  0.158072  4.09328  
0.878091  3.77664  2.0158  0.0496327  
1.08452  3.57191  1.26812  3.33561  
2.0158  0.0496327  1.56848  2.80124  
1.69713  2.18459  0.878091  3.77664  
1.08452  3.57191  2.0158  0.0496327  
1.88332  1.4086  1.69713  2.18459  
1.26812  3.33561  1.56848  2.80124  
0.158072  4.09328  0.158072  4.09328  
1.42548  3.08279  1.26812  3.33561  
0.878091  3.77664  1.08452  3.57191  
1.69713  2.18459  1.42548  3.08279  
1.56848  2.80124  0.618248  3.95634  
0.618248  3.95634  0.878099  3.77664  
2.0158  0.0496327  1.88332  1.4086  
0.878091  3.77664  1.08452  3.57191  
1.26812  3.33561  0.158072  4.09328  
0.158072  4.09328  1.56848  2.80124  
1.69713  2.18459  1.88332  1.4086  
2.0158  0.0496327  1.42548  3.08279  
1.08452  3.57191  2.0158  0.0496327  
0.618248  3.95634  1.26812  3.33561  
1.56848  2.80124  0.878091  3.77664  
1.88332  1.4086  1.69713  2.18459  
1.42548  3.08279  0.51593  4.00621  
1.88332  1.4086  0.618248  3.95634  
1.69713  2.18459  1.08452  3.57191  
0.878091  3.77664  0.158131  4.09334  
1.26812  3.33561  1.26812  3.33561  
1.08452  3.57191  0.878091  3.77664  
1.56848  2.80124  1.42548  3.08279  
0.158072  4.09328  1.88332  1.4086  
0.618248  3.95634  1.56848  2.80124  
2.0158  0.0496327  1.69713  2.18459  
1.42548  3.08279  2.0158  0.0496327  
2.0158  0.0496327  1.42548  3.08279  
1.26812  3.33561  0.158072  4.09328  
1.88332  1.4086  1.08452  3.57191  
0.618248  3.95634  1.88332  1.4086  
1.56848  2.80124  0.878091  3.77664  
1.42548  3.08279  1.26812  3.33561  
1.69713  2.18459  1.69713  2.18459  
1.08452  3.57191  0.618248  3.95634  
0.158072  4.09328  1.56848  2.80124  
0.878091  3.77664  1.99301  0.881401  
0.878091  3.77664  2.0158  0.0496327  
1.42548  3.08279  1.56848  2.80124  
1.56848  2.80124  1.08452  3.57191  
1.26812  3.33561  0.618248  3.95634  
1.88332  1.4086  0.878091  3.77664  
2.0158  0.0496327  0.158104  4.09331  
0.618248  3.95634  1.42548  3.08279  
0.158072  4.09328  1.26812  3.33561  
1.69713  2.18459  1.69713  2.18459  
1.08452  3.57191  1.88332  1.4086  
1.08452  3.57186  2.0158  0.0496469  
1.42545  3.0827  0.618251  3.95629  
1.69694  2.18428  1.26811  3.3356  
1.88331  1.40839  1.69694  2.18428  
2.0158  0.0496469  1.56849  2.80122  
0.158072  4.09328  0.880843  3.77425  
0.878085  3.77659  1.42545  3.0827  
1.56849  2.80122  1.88331  1.40839  
1.26811  3.3356  0.158072  4.09328  
0.618251  3.95629  1.08452  3.57186  
0.158072  4.09328  1.24654  3.36778  
0.618251  3.95629  1.69694  2.18428  
1.08452  3.57186  0.158072  4.09328  
1.56849  2.80122  0.878085  3.77659  
1.42545  3.0827  1.88331  1.40839  
0.878085  3.77659  1.56849  2.80122  
1.69694  2.18428  2.0158  0.0496469  
1.88331  1.40839  1.08452  3.57186  
2.0158  0.0496469  0.618251  3.95629  
1.26811  3.3356  1.26811  3.3356  
0.878085  3.77659  0.878085  3.77659  
0.158072  4.09328  1.88331  1.40839  
1.08452  3.57186  0.618251  3.95629  
2.0158  0.0496469  1.42545  3.0827  
0.618251  3.95629  0.158072  4.09328  
1.42545  3.0827  1.56849  2.80122  
1.56849  2.80122  1.26811  3.3356  
1.69694  2.18428  1.69694  2.18428  
1.26811  3.3356  1.08452  3.57186  
1.88331  1.40839  2.0158  0.0496469  
1.88331  1.40839  1.56849  2.80122  
1.69694  2.18428  0.618251  3.95629  
0.618251  3.95629  1.15353  3.48989  
1.42545  3.0827  1.69694  2.18428  
1.08452  3.57186  1.08452  3.57186  
0.878085  3.77659  2.0158  0.0496469  
1.26811  3.3356  1.42545  3.0827  
2.0158  0.0496469  1.88331  1.40839  
1.56849  2.80122  0.878085  3.77659  
0.158072  4.09328  0.158072  4.09328  
1.56849  2.80122  1.88331  1.40839  
1.69694  2.18428  1.56849  2.80122  
1.88331  1.40839  1.08452  3.57186  
0.158072  4.09328  1.24264  3.37187  
1.26811  3.3356  1.69694  2.18428  
2.0158  0.0496469  0.158072  4.09328  
0.618251  3.95629  0.878085  3.77659  
0.878085  3.77659  0.618251  3.95629  
1.42545  3.0827  1.42545  3.0827  
1.08452  3.57186  2.0158  0.0496469  
2.0158  0.0496469  0.158072  4.09328  
1.88331  1.40839  0.618251  3.95629  
0.618251  3.95629  1.42545  3.0827  
1.42545  3.0827  1.69694  2.18428  
1.56849  2.80122  0.878085  3.77659  
1.69694  2.18428  2.0158  0.0496469  
0.878085  3.77659  1.12564  3.52376  
1.26811  3.3356  1.88331  1.40839  
0.158072  4.09328  1.26811  3.3356  
1.08452  3.57186  1.56849  2.80122  
0.618251  3.95629  1.69694  2.18428  
0.158072  4.09328  0.158072  4.09328  
1.26811  3.3356  1.26811  3.3356  
0.878085  3.77659  1.88331  1.40839  
1.56849  2.80122  1.08452  3.57186  
2.0158  0.0496469  1.56849  2.80122  
1.42545  3.0827  2.01315  0.962101  
1.69694  2.18428  1.42545  3.0827  
1.88331  1.40839  0.878085  3.77659  
1.08452  3.57186  0.618251  3.95629  
1.26811  3.3356  1.08452  3.57186  
1.69694  2.18428  1.26811  3.3356  
1.56849  2.80122  0.158072  4.09328  
1.42545  3.0827  1.42545  3.0827  
1.88331  1.40839  1.69694  2.18428  
0.878085  3.77659  0.618251  3.95629  
0.158072  4.09328  1.88331  1.40839  
1.08452  3.57186  1.56849  2.80122  
0.618251  3.95629  2.0158  0.0496469  
2.0158  0.0496469  0.901964  3.75591  
0.158072  4.09328  1.08452  3.57186  
1.56849  2.80122  1.26811  3.3356  
0.618251  3.95629  2.0158  0.0496469  
2.0158  0.0496469  1.42545  3.0827  
1.26811  3.3356  0.878085  3.77659  
1.88331  1.40839  2.03257  2.33654  
1.69694  2.18428  0.618251  3.95629  
1.08452  3.57186  1.56849  2.80122  
0.878085  3.77659  1.88331  1.40839  
1.42545  3.0827  0.158072  4.09328  
1.56849  2.80122  1.42545  3.0827  
0.158072  4.09328  2.6255  1.8788  
0.618251  3.95629  0.878085  3.77659  
0.878085  3.77659  1.88331  1.40839  
2.0158  0.0496469  1.69694  2.18428  
1.08452  3.57186  0.618251  3.95629  
1.88331  1.40839  1.08452  3.57186  
1.69694  2.18428  1.26811  3.3356  
1.26811  3.3356  1.56849  2.80122  
1.42545  3.0827  0.158072  4.09328  
1.69725  2.18332  1.08485  3.57149  
1.26842  3.33507  1.26842  3.33507  
0.618416  3.9562  0.158072  4.09328  
0.158072  4.09328  0.618416  3.9562  
2.0158  0.0482531  1.88352  1.40711  
1.08485  3.57149  1.69725  2.18332  
1.42575  3.08199  2.0158  0.0482531  
0.878326  3.77637  1.36917  3.17914  
1.88352  1.40711  0.878326  3.77637  
1.56883  2.80047  1.56883  2.80047  
1.69725  2.18332  1.56883  2.80047  
1.56883  2.80047  1.08485  3.57149  
2.0158  0.0482531  1.88352  1.40711  
0.158072  4.09328  1.4256  3.08227  
1.42575  3.08199  2.0158  0.0482531  
0.618416  3.9562  1.26842  3.33507  
1.08485  3.57149  0.618416  3.9562  
1.88352  1.40711  0.878326  3.77637  
0.878326  3.77637  0.158072  4.09328  
1.26842  3.33507  1.69725  2.18332  
1.42575  3.08199  0.158072  4.09328  
1.26842  3.33507  0.878326  3.77637  
0.158072  4.09328  1.08485  3.57149  
0.618416  3.9562  1.69725  2.18332  
1.69725  2.18332  1.56883  2.80047  
2.0158  0.0482531  0.618416  3.9562  
1.88352  1.40711  2.0158  0.0482531  
1.56883  2.80047  1.26842  3.33507  
1.08485  3.57149  1.41884  3.09424  
0.878326  3.77637  1.88352  1.40711  
0.618416  3.9562  1.42575  3.08199  
1.42575  3.08199  1.26842  3.33507  
1.26842  3.33507  0.618416  3.9562  
1.88352  1.40711  1.56883  2.80047  
0.158072  4.09328  1.88352  1.40711  
0.878326  3.77637  1.08485  3.57149  
1.08485  3.57149  0.158072  4.09328  
1.69725  2.18332  1.69725  2.18332  
1.56883  2.80047  2.0158  0.0482531  
2.0158  0.0482531  0.947962  3.71396  
1.88352  1.40711  1.69725  2.18332  
0.878326  3.77637  0.158072  4.09328  
1.69725  2.18332  1.20301  3.42861  
1.08485  3.57149  1.56883  2.80047  
0.618416  3.9562  0.878326  3.77637  
2.0158  0.0482531  1.88352  1.40711  
1.56883  2.80047  2.0158  0.0482531  
1.26842  3.33507  0.618416  3.9562  
1.42575  3.08199  1.42575  3.08199  
0.158072  4.09328  1.26842  3.33507  
1.56883  2.80047  0.158072  4.09328  
1.69725  2.18332  1.69725  2.18332  
1.08485  3.57149  1.57045  2.79694  
0.158072  4.09328  0.618416  3.9562  
0.618416  3.9562  2.0158  0.0482531  
2.0158  0.0482531  1.42575  3.08199  
0.878326  3.77637  1.08485  3.57149  
1.88352  1.40711  1.88352  1.40711  
1.26842  3.33507  1.26842  3.33507  
1.42575  3.08199  0.878326  3.77637  
1.08485  3.57149  1.26842  3.33507  
1.69725  2.18332  0.618416  3.9562  
0.618416  3.9562  0.878326  3.77637  
2.0158  0.0482531  2.0158  0.0482531  
0.878326  3.77637  1.56883  2.80047  
1.42575  3.08199  0.158072  4.09328  
1.56883  2.80047  1.08485  3.57149  
1.26842  3.33507  1.89529  1.45166  
1.88352  1.40711  1.42575  3.08199  
0.158072  4.09328  1.69725  2.18332  
2.0158  0.0482531  2.0158  0.0482531  
1.88352  1.40711  0.158072  4.09328  
1.08485  3.57149  1.88352  1.40711  
1.56883  2.80047  1.56883  2.80047  
1.42575  3.08199  1.08485  3.57149  
1.69725  2.18332  1.04641  3.65048  
0.158072  4.09328  1.26842  3.33507  
0.618416  3.9562  1.42575  3.08199  
0.878326  3.77637  0.618416  3.9562  
1.26842  3.33507  1.69725  2.18332  
1.42575  3.08199  0.158072  4.09328  
1.26842  3.33507  2.0158  0.0482531  
1.69725  2.18332  1.08485  3.57149  
1.56883  2.80047  1.69725  2.18332  
0.158072  4.09328  0.618416  3.9562  
1.88352  1.40711  1.42575  3.08199  
0.618416  3.9562  1.28291  3.31388  
2.0158  0.0482531  1.88352  1.40711  
0.878326  3.77637  1.56883  2.80047  
1.08485  3.57149  0.878326  3.77637  
1.69725  2.18332  1.42575  3.08199  
1.08485  3.57149  1.26842  3.33507  
1.26842  3.33507  1.69725  2.18332  
0.878326  3.77637  0.158072  4.09328  
0.618416  3.9562  0.618416  3.9562  
1.56883  2.80047  2.0158  0.0482531  
1.88352  1.40711  1.08485  3.57149  
0.158072  4.09328  0.878326  3.77637  
2.0158  0.0482531  1.56883  2.80047  
1.42575  3.08199  1.9005  1.59925  
1.26842  3.33507  0.618416  3.9562  
0.158072  4.09328  0.158072  4.09328  
1.56883  2.80047  1.56883  2.80047  
0.618416  3.9562  1.88352  1.4071  
0.878324  3.77635  1.69726  2.18328  
1.88352  1.4071  2.0158  0.0482491  
1.42574  3.08196  1.71108  2.47292  
1.69726  2.18328  0.878324  3.77635  
2.0158  0.0482491  1.42574  3.08196  
1.0848  3.57148  1.26842  3.33507  
1.42574  3.08196  0.878324  3.77635  
1.56883  2.80047  1.69726  2.18328  
0.618416  3.9562  1.42574  3.08196  
1.88352  1.4071  1.0848  3.57148  
1.69726  2.18328  0.676238  3.92302  
1.26842  3.33507  1.56883  2.80047  
0.878324  3.77635  1.88352  1.4071  
2.0158  0.0482491  0.158072  4.09328  
0.158072  4.09328  2.0158  0.0482491  
1.0848  3.57148  1.26842  3.33507  
0.618416  3.9562  1.56883  2.80047  
0.158072  4.09328  2.47279  2.48334  
1.69726  2.18328  1.42574  3.08196  
0.878324  3.77635  0.618416  3.9562  
1.26842  3.33507  1.69726  2.18328  
1.0848  3.57148  1.0848  3.57148  
1.42574  3.08196  1.26842  3.33507  
1.56883  2.80047  0.158072  4.09328  
2.0158  0.0482491  0.878324  3.77635  
1.88352  1.4071  2.0158  0.0482491  
1.26842  3.33507  1.26842  3.33507  
1.69726  2.18328  1.0848  3.57148  
2.0158  0.0482491  1.69726  2.18328  
0.878324  3.77635  1.42574  3.08196  
0.158072  4.09328  1.88352  1.4071  
1.88352  1.4071  0.846854  3.80253  
0.618416  3.9562  1.56883  2.80047  
1.56883  2.80047  0.158072  4.09328  
1.0848  3.57148  2.0158  0.0482491  
1.42574  3.08196  0.618416  3.9562  
1.0848  3.57148  1.42574  3.08196  
2.0158  0.0482491  1.88352  1.4071  
1.42574  3.08196  1.69726  2.18328  
1.26842  3.33507  0.158072  4.09328  
0.158072  4.09328  1.0848  3.57148  
0.878324  3.77635  0.878324  3.77635  
1.56883  2.80047  1.56883  2.80047  
1.88352  1.4071  1.26842  3.33507  
1.69726  2.18328  0.618416  3.9562  
0.618416  3.9562  2.0158  0.0482491  
0.158072  4.09328  0.158072  4.09328  
1.56883  2.80047  1.42574  3.08196  
1.0848  3.57148  1.99719  0.878772  
0.618416  3.9562  1.56883  2.80047  
0.878324  3.77635  1.88352  1.4071  
1.26842  3.33507  0.618416  3.9562  
1.69726  2.18328  1.26842  3.33507  
1.42574  3.08196  1.69726  2.18328  
1.88352  1.4071  1.0848  3.57148  
2.0158  0.0482491  0.878324  3.77635  
2.0158  0.0482491  2.0158  0.0482491  
1.0848  3.57148  1.26842  3.33507  
1.56883  2.80047  0.878324  3.77635  
1.42574  3.08196  0.158072  4.09328  
1.88352  1.4071  1.0848  3.57148  
1.26842  3.33507  1.88352  1.4071  
1.69726  2.18328  1.69726  2.18328  
0.618416  3.9562  0.618416  3.9562  
0.878324  3.77635  1.56883  2.80047  
0.158072  4.09328  1.40504  3.11836  
1.0848  3.57148  1.0848  3.57148  
1.88352  1.4071  1.42574  3.08196  
0.158072  4.09328  1.56883  2.80047  
1.69726  2.18328  0.158072  4.09328  
1.42574  3.08196  1.88352  1.4071  
1.26842  3.33507  0.878324  3.77635  
2.0158  0.0482491  1.69725  2.18328  
1.56883  2.80047  2.0158  0.0482491  
0.878324  3.77635  0.618416  3.9562  
0.618416  3.9562  1.26842  3.33507  
0.158072  4.09328  1.88352  1.4071  
1.69726  2.18328  1.42574  3.08196  
1.26842  3.33507  1.56883  2.80047  
2.0158  0.0482491  2.0158  0.0482491  
0.618416  3.9562  1.69726  2.18328  
1.56883  2.80047  0.878324  3.77635  
1.0848  3.57148  0.618416  3.9562  
1.88352  1.4071  1.0848  3.57148  
1.42574  3.08196  0.158072  4.09328  
0.878324  3.77635  1.26842  3.33507  
1.56883  2.80047  1.0848  3.57148  
1.42574  3.08196  0.878324  3.77635  
1.0848  3.57148  2.0158  0.0482491  
0.618416  3.9562  1.69726  2.18328  
1.26842  3.33507  1.42574  3.08196  
2.0158  0.0482491  0.158072  4.09328  
0.878324  3.77635  1.26842  3.33507  
0.158072  4.09328  1.57038  2.7971  
1.69726  2.18328  0.618416  3.9562  
1.88352  1.4071  1.88352  1.4071  
1.69726  2.18328  1.42574  3.08196  
0.878324  3.77635  1.0848  3.57148  
1.0848  3.57148  1.26842  3.33507  
0.618416  3.9562  1.94219  1.71  
0.158072  4.09328  1.56883  2.80047  
1.42574  3.08196  1.69726  2.18328  
1.56883  2.80047  0.158072  4.09328  
1.26842  3.33507  0.618416  3.9562  
1.88352  1.4071  0.878324  3.77635  
2.0158  0.0482491  2.0158  0.0482491  
1.26842  3.33507  1.0848  3.57148  
1.42574  3.08196  2.0158  0.0482491  
1.56883  2.80047  1.26842  3.33507  
1.0848  3.57148  0.878324  3.77635  
0.618416  3.9562  1.42574  3.08196  
2.0158  0.0482491  1.69726  2.18328  
1.69726  2.18328  1.56883  2.80047  
0.878324  3.77635  1.88082  1.503  
1.88352  1.4071  0.158072  4.09328  
0.158072  4.09328  0.618416  3.9562  
1.69726  2.18328  1.0848  3.57148  
2.0158  0.0482491  2.0158  0.0482491  
1.88352  1.4071  1.69726  2.18328  
0.878324  3.77635  1.88352  1.4071  
0.158072  4.09328  1.42574  3.08196  
1.56883  2.80047  1.56883  2.80047  
1.0848  3.57148  0.618394  3.95622  
1.26842  3.33507  1.26842  3.33507  
0.618416  3.9562  0.158072  4.09328  
1.42574  3.08196  0.878324  3.77635  
1.0848  3.57148  0.618416  3.9562  
1.88352  1.4071  0.878324  3.77635  
1.42574  3.08196  1.26842  3.33507  
1.26842  3.33507  1.56883  2.80047  
0.618416  3.9562  1.42574  3.08196  
1.69726  2.18328  2.0158  0.0482491  
0.158072  4.09328  0.158072  4.09328  
2.0158  0.0482491  1.80095  1.82139  
0.878324  3.77635  1.88352  1.4071  
1.56883  2.80047  1.0848  3.57148  
2.0158  0.0482491  2.0158  0.0482491  
1.69726  2.18328  0.618416  3.9562  
1.0848  3.57148  1.26842  3.33507  
0.618416  3.9562  1.56883  2.80047  
1.42574  3.08196  0.878324  3.77635  
1.88352  1.4071  0.158737  4.09394  
1.56883  2.80047  1.69726  2.18328  
0.158072  4.09328  1.88352  1.4071  
1.26842  3.33507  1.42574  3.08196  
0.878324  3.77635  1.0848  3.57148  
0.618416  3.9562  1.69726  2.18328  
0.158072  4.09328  0.158072  4.09328  
1.0848  3.57148  0.618416  3.9562  
1.42574  3.08196  1.0848  3.57148  
2.0158  0.0482491  1.26842  3.33507  
1.69726  2.18328  1.42574  3.08197  
1.88352  1.4071  2.0158  0.0482491  
1.56883  2.80047  1.56883  2.80047  
1.26842  3.33507  1.88352  1.4071  
0.878324  3.77635  0.878324  3.77635  
1.26842  3.33507  0.878324  3.77635  
0.878324  3.77635  0.158114  4.09332  
1.56883  2.80047  1.26842  3.33507  
1.88352  1.4071  1.0848  3.57148  
1.69726  2.18328  1.56883  2.80047  
0.158072  4.09328  2.0158  0.0482491  
2.0158  0.0482491  1.69726  2.18328  
1.0848  3.57148  1.42574  3.08196  
0.618416  3.9562  0.618416  3.9562  
1.42574  3.08196  1.88352  1.4071  
2.0158  0.0482491  0.532911  4.0114  
1.0848  3.57148  0.878324  3.77635  
1.88352  1.4071  0.158072  4.09328  
1.42574  3.08196  1.26842  3.33507  
1.56883  2.80047  1.42574  3.08196  
0.878324  3.77635  1.0848  3.57148  
0.618416  3.9562  1.56883  2.80047  
1.69726  2.18328  1.88352  1.4071  
1.26842  3.33507  1.69726  2.18328  
0.158072  4.09328  2.0158  0.0482491  
1.42574  3.08196  0.158072  4.09328  
0.878324  3.77635  1.42574  3.08196  
0.618416  3.9562  1.26842  3.33507  
1.69726  2.18328  1.88352  1.4071  
1.0848  3.57148  1.69726  2.18328  
0.158072  4.09328  1.0848  3.57148  
2.0158  0.0482491  0.545478  3.99283  
1.56883  2.80047  2.0158  0.0482491  
1.26842  3.33507  1.56883  2.80047  
1.88352  1.4071  0.878324  3.77635  
1.56883  2.80047  0.618416  3.9562  
1.42574  3.08196  1.0848  3.57148  
0.158072  4.09328  2.0158  0.0482491  
0.878324  3.77635  0.158072  4.09328  
1.0848  3.57148  1.26842  3.33507  
1.69726  2.18328  1.42574  3.08196  
2.0158  0.0482491  1.69726  2.18328  
1.26842  3.33507  0.878324  3.77635  
0.618416  3.9562  1.56883  2.80047  
1.88352  1.4071  1.90624  1.47773  
1.88352  1.4071  1.42574  3.08196  
0.618416  3.9562  1.0848  3.57148  
1.56883  2.80047  0.158072  4.09328  
2.0158  0.0482491  1.40748  3.1142  
1.26842  3.33507  1.88352  1.4071  
1.42574  3.08196  2.0158  0.0482491  
1.0848  3.57148  1.56883  2.80047  
0.158072  4.09328  1.69726  2.18328  
0.878324  3.77635  0.878324  3.77635  
1.69726  2.18328  0.618416  3.9562  
1.56883  2.80047  1.26842  3.33507  
0.878324  3.77635  1.0848  3.57148  
1.0848  3.57148  1.88352  1.4071  
2.0158  0.0482491  0.878324  3.77635  
1.69726  2.18328  2.0158  0.0482491  
0.618416  3.9562  0.158072  4.09328  
1.42574  3.08196  1.69726  2.18328  
0.158072  4.09328  0.618416  3.9562  
1.88352  1.4071  1.65049  2.61119  
1.26842  3.33507  1.42574  3.08196  
0.158072  4.09328  1.88352  1.4071  
1.42574  3.08196  1.69726  2.18328  
1.88352  1.4071  0.618416  3.9562  
1.26842  3.33507  0.878324  3.77635  
1.69726  2.18328  1.26842  3.33507  
0.878324  3.77635  1.42574  3.08196  
0.618416  3.9562  0.158072  4.09328  
1.56883  2.80047  1.0848  3.57148  
1.0848  3.57148  2.00975  0.335786  
2.0158  0.0482491  1.56883  2.80047  
2.0158  0.0482491  1.56883  2.80047  
1.69726  2.18328  2.0158  0.0482491  
1.0848  3.57148  0.618416  3.9562  
0.618416  3.9562  1.69726  2.18328  
1.42574  3.08196  0.878324  3.77635  
1.88352  1.4071  1.26842  3.33507  
1.56883  2.80047  1.88352  1.4071  
0.158072  4.09328  1.42574  3.08196  
1.26842  3.33507  0.158072  4.09328  
0.878324  3.77635  1.10779  3.5451  
0.618416  3.9562  1.0848  3.57148  
2.0158  0.0482491  0.878324  3.77635  
1.88352  1.4071  1.26842  3.33507  
1.0848  3.57148  0.15808  4.09328  
1.26842  3.33507  0.618416  3.9562  
1.42574  3.08196  1.56883  2.80047  
0.878324  3.77635  1.88352  1.4071  
0.158072  4.09328  1.42574  3.08196  
1.56883  2.80047  1.69726  2.18328  
1.69726  2.18328  2.0158  0.0482491  
2.0158  0.0482491  1.56883  2.80047  
1.0848  3.57148  1.69726  2.18328  
1.88352  1.4071  2.0158  0.0482491  
1.42574  3.08196  0.158072  4.09328  
1.56883  2.80047  1.88352  1.4071  
0.878324  3.77635  1.42574  3.08196  
0.618416  3.9562  1.0848  3.57148  
1.69726  2.18328  0.618416  3.9562  
1.26842  3.33507  0.878324  3.77635  
0.158072  4.09328  1.26842  3.33507  
1.56883  2.80047  1.0848  3.57148  
1.0848  3.57148  0.158072  4.09328  
0.158072  4.09328  1.56883  2.80047  
1.26842  3.33507  1.26842  3.33507  
0.618416  3.9562  1.69726  2.18328  
0.878324  3.77635  0.618416  3.9562  
2.0158  0.0482491  2.0158  0.0482491  
1.88352  1.4071  0.878324  3.77635  
1.69726  2.18328  1.89548  1.43665  
1.42574  3.08196  1.42574  3.08196  
1.88352  1.4071  0.878324  3.77635  
0.158072  4.09328  1.26842  3.33507  
1.42574  3.08196  0.158072  4.09328  
2.0158  0.0482491  2.0158  0.0482491  
1.56883  2.80047  1.56904  2.80003  
0.618416  3.9562  1.69726  2.18328  
1.69726  2.18328  1.42574  3.08196  
1.26842  3.33507  1.0848  3.57148  
1.0848  3.57148  0.618416  3.9562  
0.878324  3.77635  1.88352  1.4071  
0.158072  4.09328  1.42574  3.08196  
0.618416  3.9562  0.878324  3.77635  
1.0848  3.57148  1.26842  3.33507  
1.56883  2.80047  1.88352  1.4071  
2.0158  0.0482491  1.56883  2.80047  
1.69726  2.18328  1.69726  2.18328  
1.88352  1.4071  1.0848  3.57148  
0.878324  3.77635  0.158072  4.09328  
1.26842  3.33507  1.98503  0.817845  
1.42574  3.08196  0.618416  3.9562  
0.158072  4.09328  1.42574  3.08196  
1.56883  2.80047  1.56883  2.80047  
1.69726  2.18328  0.158072  4.09328  
2.0158  0.0482491  2.0158  0.0482491  
0.878324  3.77635  1.69726  2.18328  
0.618416  3.9562  0.878324  3.77635  
1.42574  3.08196  1.26842  3.33507  
1.0848  3.57148  0.618416  3.9562  
1.88352  1.4071  1.88352  1.4071  
1.26842  3.33507  1.0848  3.57148  
