0.196078  0.214008  17.9394  0.537963  0.472504  19.2154  
0.117274  0.586716  19.8358  0.375082  0.297165  17.7471  
0.719879  0.28987  19.3794  0.00205841  0.378879  19.509  
0.90229  0.954445  18.6646  0.543314  0.525624  14.2363  
0.0254405  0.656558  18.8732  0.378337  0.122744  20.4102  
0.758558  0.879035  16.2137  0.24934  0.481761  18.2347  
0.676169  0.988233  18.4952  0.485641  0.104468  21.813  
0.232277  0.325398  16.3565  0.414483  0.405612  19.6185  
0.644099  0.139907  18.7269  0.68948  0.704739  17.2147  
0.751765  0.986043  18.7933  0.381553  0.194689  21.0617  
0.786986  0.235375  18.483  0.597309  0.656521  20.0775  
0.439852  0.674155  16.7484  0.782227  0.327207  19.5805  
0.669226  0.119874  18.5671  0.227396  0.0348704  19.5267  
0.818106  0.511374  18.4176  0.973035  0.982816  15.3654  
0.275256  0.244526  19.2512  0.944408  0.0801739  18.7123  
0.427926  0.0691281  20.2748  0.830177  0.42021  16.3206  
0.387039  0.330416  20.5922  0.150646  0.206439  19.616  
0.0805238  0.00551823  17.7051  0.988848  0.647876  19.9812  
0.667665  0.171065  17.5562  0.138205  0.705415  19.1481  
0.00401279  0.992404  17.4974  0.189543  0.540248  19.1599  
0.0598203  0.638695  19.845  0.242357  0.692836  17.9761  
0.629948  0.575689  19.3437  0.561939  0.552092  19.3077  
0.437794  0.316859  16.4811  0.596972  0.892161  17.1535  
0.990493  0.897056  17.4571  0.939402  0.189108  19.8783  
0.108542  0.162  21.3003  0.947565  0.986841  15.2479  
0.676548  0.25645  18.4596  0.110189  0.580239  21.9665  
0.86763  0.889551  18.0983  0.333132  0.0396512  19.3307  
0.530609  0.449467  19.6974  0.767169  0.42342  17.2677  
0.587799  0.552528  16.9554  0.228694  0.759349  16.7118  
0.475405  0.00927255  21.261  0.533893  0.466913  20.0084  
0.553672  0.320049  17.3066  0.559822  0.224546  17.8246  
0.867626  0.708942  13.3205  0.3161  0.336149  18.0708  
0.420942  0.337177  21.5636  0.495191  0.709056  18.1196  
0.847116  0.0761454  18.7304  0.480984  0.152421  21.1654  
0.184874  0.126889  17.3013  0.392292  0.795685  18.6672  
0.480967  0.852217  17.8553  0.0706377  0.338132  19.089  
0.50008  0.752618  18.9735  0.971578  0.43168  14.1707  
0.926616  0.591983  18.1218  0.263275  0.775112  19.1303  
0.93331  0.788757  16.5073  0.421766  0.497585  21.1316  
0.925644  0.559247  17.4547  0.650541  0.329828  17.7395  
0.725167  0.960497  18.2064  0.727853  0.548875  19.7679  
0.372452  0.0403938  22.0321  0.532324  0.668924  18.5261  
0.333049  0.542568  20.6448  0.197212  0.703136  15.9323  
0.147646  0.810631  19.7879  0.336494  0.280068  18.8826  
0.894819  0.654381  18.1202  0.31265  0.922565  19.7207  
0.828966  0.0892689  19.1338  0.755506  0.871948  17.4522  
0.059691  0.218004  17.9487  0.985717  0.263246  21.4477  
0.990413  0.504577  19.1169  0.747395  0.650583  17.9969  
0.732768  0.274409  18.1536  0.737888  0.689205  18.3599  
0.693845  0.754252  20.2974  0.604458  0.967545  21.3054  
0.887681  0.505246  17.6541  0.23195  0.636642  21.3278  
0.0859378  0.847518  17.2485  0.636578  0.461032  18.9448  
0.176004  0.92143  17.05  0.185751  0.220846  21.8483  
0.00365136  0.0912264  19.2663  0.698892  0.234609  17.3024  
0.826649  0.0674568  17.6604  0.889132  0.0201497  17.6474  
0.397965  0.345366  18.0194  0.644704  0.310947  20.1136  
0.00999071  0.283448  22.3643  0.615497  0.237245  18.3116  
0.92596  0.189912  16.7609  0.587675  0.424773  20.5713  
0.215212  0.86942  18.3056  0.506737  0.817261  18.7021  
0.471199  0.7688  18.2418  0.960177  0.131653  16.8863  
0.302618  0.81673  18.0067  0.924381  0.503826  20.9067  
0.0447069  0.720733  19.1199  0.27333  0.00313143  19.1306  
0.85673  0.260631  16.1615  0.185947  0.038204  18.1104  
0.474978  0.544006  20.3083  0.671087  0.195712  22.0921  
0.925157  0.247376  19.6023  0.112863  0.818149  17.9923  
0.58632  0.547528  16.9943  0.140827  0.20762  15.9244  
0.39873  0.0949944  17.5791  0.783348  0.894354  15.3513  
0.69399  0.713703  13.5569  0.557368  0.48208  20.4089  
0.89218  0.401171  16.2569  0.373202  0.592877  18.6089  
0.655095  0.633874  19.2793  0.514705  0.907557  16.804  
0.763441  0.050385  17.0245  0.463133  0.78699  18.2443  
0.586815  0.226797  19.193  0.739214  0.155066  19.4086  
0.0451763  0.440667  20.1279  0.418119  0.976293  16.9745  
0.379311  0.291342  21.8705  0.707566  0.561023  18.7326  
0.00310688  0.562881  21.6516  0.000153105  0.439783  22.1269  
0.0692771  0.280871  14.2903  0.762779  0.360936  18.6915  
0.930525  0.416127  16.5001  0.872376  0.77058  16.9218  
0.898199  0.849974  17.3874  0.00158426  0.733831  20.5389  
0.407105  0.92499  22.1304  0.723838  0.0507003  17.3782  
0.555602  0.692356  19.3423  0.710053  0.700646  19.8083  
0.423819  0.648889  17.3918  0.263864  0.821915  14.5187  
0.370954  0.305982  18.0741  0.379333  0.974115  19.9704  
0.371361  0.883445  19.3696  0.486757  0.460625  19.6013  
0.955235  0.923586  13.7394  0.775083  0.697459  17.0538  
0.786544  0.304021  16.6376  0.309649  0.908879  15.4974  
0.104192  0.515629  22.5678  0.655598  0.748795  17.8618  
0.477449  0.943947  20.5813  0.0567841  0.846831  18.8768  
0.940251  0.519744  19.1707  0.0966902  0.659239  20.2859  
0.671039  0.110282  21.0555  0.395938  0.0873385  20.8975  
0.771089  0.701874  16.5473  0.571959  0.197157  20.9342  
0.264658  0.48653  16.1638  0.18228  0.429372  18.9733  
0.411306  0.68111  17.7006  0.507058  0.688918  20.4997  
0.325256  0.950257  16.74  0.288078  0.264044  19.988  
0.0540057  0.422072  18.7352  0.173144  0.561997  20.9321  
0.905108  0.958073  16.0247  0.599493  0.913567  17.4183  
0.687996  0.932499  15.0226  0.296158  0.893054  18.0551  
0.0394568  0.439799  20.6412  0.398086  0.106256  19.7936  
0.249634  0.0401069  15.1697  0.617013  0.0534454  18.781  
0.481067  0.76853  16.6301  0.473776  0.662405  21.6456  
0.179717  0.614587  19.6681  0.500508  0.228486  18.5366  
0.602741  0.0164669  13.8891  0.115494  0.00673159  14.4115  
0.840972  0.956648  15.3326  0.138008  0.0350279  9.31027  
0.829067  0.294466  14.7262  0.709043  0.676039  13.4989  
0.894288  0.930343  8.57287  0.0581821  0.779762  13.8847  
0.0400791  0.124749  15.8971  0.307884  0.0299393  13.6872  
0.480359  0.314579  11.6467  0.559857  0.26159  11.1107  
0.445225  0.378452  16.438  0.0614456  0.893252  11.3631  
0.953843  0.879006  12.2429  0.348836  0.550549  15.7903  
0.4256  0.972614  12.7491  0.156559  0.512709  13.8584  
0.439729  0.213891  17.0963  0.214493  0.0615601  15.6846  
0.427623  0.310427  12.6031  0.538071  0.616666  14.8263  
0.0547387  0.351122  17.2122  0.0547387  0.351122  17.9518  
0.538071  0.616666  14.8263  0.182115  0.767008  15.2269  
0.944843  0.476633  9.93991  0.791608  0.890218  8.00537  
0.257027  0.0783976  14.4313  0.0917515  0.221842  13.0567  
0.0977931  0.31856  12.548  0.903741  0.860655  7.53774  
0.182115  0.767008  15.2269  0.427623  0.310427  12.6031  
0.0917515  0.221842  13.0567  0.0977931  0.31856  12.548  
0.791608  0.890218  8.00537  0.944843  0.476633  9.93991  
0.903741  0.860655  7.53774  0.257027  0.0783976  14.4313  
0.00104213  0.888495  10.2134  0.445225  0.378452  17.446  
0.28497  0.264951  9.56947  0.117979  0.945437  14.1955  
0.20098  0.792383  8.00055  0.840972  0.956648  15.3326  
0.840477  0.780688  4.26139  0.829067  0.294466  14.7262  
0.0139117  0.060084  18.1748  0.439729  0.213891  17.0963  
0.235886  0.855436  13.6446  0.0400791  0.124749  15.8971  
0.192359  0.0154328  15.6523  0.602741  0.0164669  13.8891  
0.554428  0.588968  11.9905  0.894288  0.930343  8.57287  
0.636103  0.0542044  16.0254  0.4256  0.972614  12.7491  
0.831005  0.314086  8.10697  0.0802667  0.314579  11.2573  
0.0929921  0.845215  11.8444  0.0139117  0.060084  18.1748  
0.182115  0.257503  15.9748  0.831005  0.314086  8.10697  
0.167622  0.310427  12.9526  0.28497  0.264951  9.56947  
0.687092  0.123091  11.0463  0.235886  0.855436  13.6446  
0.0917515  0.221842  13.0567  0.192359  0.0154328  15.6523  
0.236795  0.102853  13.0989  0.554428  0.588968  11.9905  
0.944843  0.476633  9.93991  0.20098  0.792383  8.00055  
0.0977931  0.688272  16.1798  0.00104213  0.888495  10.2134  
0.857584  0.0783976  13.7664  0.840477  0.780688  4.26139  
0.0547387  0.351122  19.428  0.636103  0.0542044  15.8897  
0.830999  0.732499  9.49802  0.933397  0.692827  5.12097  
0.748467  0.769956  12.1282  0.865355  0.856869  2.84835  
0.935783  0.000453904  11.3414  0.000634179  0.00448768  6.51287  
0.699578  0.992789  12.298  0.728953  0.849751  3.58112  
0.777082  0.79629  6.68989  0.943732  0.741262  9.48988  
0.339855  0.323303  16.6129  0.687813  0.0912982  8.64981  
0.187044  0.404129  13.3706  0.794924  0.15464  5.57483  
0.00669237  0.0170885  15.5959  0.135119  0.899115  4.43207  
0.0282334  0.0554417  12.6263  0.224219  0.000344097  6.37209  
0.00952573  0.726932  13.9333  0.776545  0.764007  3.52211  
0.687813  0.896699  7.75094  0.175039  0.416433  18.8331  
0.794924  0.15464  5.57483  0.855519  0.891839  7.22482  
0.135119  0.899115  4.43207  0.963801  0.920703  13.6448  
0.943732  0.741262  9.93571  0.374531  0.517254  13.7503  
0.776545  0.764007  3.52211  0.487362  0.173147  12.711  
0.865355  0.856869  2.84835  0.0573277  0.0164105  12.8773  
0.000634179  0.00448768  6.51287  0.528584  0.604918  13.8359  
0.933397  0.692827  5.12097  0.800691  0.118163  10.7729  
0.728953  0.849751  3.58112  0.464359  0.574893  14.2621  
0.224219  0.000344097  6.37209  0.00954601  0.285558  13.764  
0.602741  0.0164669  13.8891  0.935783  0.000453904  11.3414  
0.0802667  0.314579  11.2573  0.0282334  0.0554417  12.6263  
0.0400791  0.124749  15.8971  0.699578  0.992789  12.298  
0.829067  0.294466  14.7262  0.777082  0.79629  6.68989  
0.4256  0.972614  12.7491  0.00952573  0.726932  14.6099  
0.117979  0.945437  13.3435  0.748467  0.769956  12.1282  
0.767159  0.956648  15.3162  0.187044  0.404129  13.3706  
0.894288  0.930343  8.57287  0.830999  0.732499  9.49802  
0.445225  0.378452  17.446  0.339855  0.323303  16.6129  
0.439729  0.213891  17.0963  0.00669237  0.0170885  15.5959  
0.175039  0.416433  18.8331  0.182115  0.257503  15.9748  
0.8547  0.920703  13.9135  0.944843  0.476633  9.93991  
0.464359  0.574893  14.2621  0.0977931  0.688272  16.1798  
0.528584  0.604918  13.8359  0.0917515  0.221842  13.0567  
0.800691  0.118163  10.7729  0.857584  0.0783976  13.7664  
0.487362  0.173147  12.711  0.0929921  0.304145  13.1428  
0.374531  0.517254  13.7503  0.236795  0.102853  13.0989  
0.0573277  0.0164105  12.8773  0.687092  0.123091  11.0463  
0.00954601  0.285558  13.764  0.167622  0.310427  12.9526  
0.855519  0.891839  7.07518  0.0547387  0.351122  19.8566  
0.759177  0.587404  14.1956  0.0802667  0.314579  11.2573  
0.699108  0.0428071  11.8406  0.829067  0.294466  14.7262  
0.0573277  0.0164105  11.1471  0.840972  0.956648  15.3326  
0.236254  0.294678  15.664  0.445225  0.378452  16.438  
0.855519  0.787299  8.34981  0.602741  0.0164669  13.8891  
0.983169  0.577363  14.4801  0.0400791  0.124749  15.8971  
0.744004  0.0360365  13.5942  0.894288  0.930343  8.57287  
0.746673  0.0305052  10.191  0.439729  0.213891  17.0963  
0.388183  0.355601  14.5682  0.4256  0.972614  12.7491  
0.0105435  0.958826  13.8891  0.953843  0.879006  13.5117  
0.0614456  0.893252  11.3631  0.388183  0.355601  14.5682  
0.559857  0.26159  11.1107  0.699108  0.0428071  11.8406  
0.307884  0.0299393  13.6872  0.0573277  0.0164105  11.1471  
0.156559  0.947197  12.3357  0.855519  0.787299  8.34981  
0.138008  0.0350279  9.31027  0.746673  0.0305052  10.191  
0.709043  0.676039  13.4989  0.0105435  0.958826  13.8891  
0.115494  0.00673159  14.4115  0.759177  0.587404  14.1956  
0.0581821  0.779762  13.8847  0.983169  0.577363  14.4801  
0.348836  0.550549  15.7903  0.236254  0.294678  16.4974  
0.214493  0.0615601  15.6846  0.384345  0.0360365  15.8033  
0.376483  0.135626  11.2776  0.376483  0.135626  12.2951  
0.0376633  0.803142  10.0488  0.000353933  0.207373  11.4279  
0.891195  0.863388  3.18258  0.260463  0.126976  11.7305  
0.654147  0.751391  12.2478  0.750348  0.766078  8.98796  
0.750348  0.766078  8.98796  0.891252  0.863388  3.03704  
0.423373  0.0732092  15.0859  0.423373  0.0732092  14.1058  
0.106601  0.0583106  13.6509  0.798672  0.0583106  12.658  
0.229739  0.494824  14.319  0.417804  0.299602  12.53  
0.417804  0.843822  13.496  0.0376633  0.271354  16.8808  
0.000353933  0.207373  11.0696  0.17939  0.193952  7.13195  
0.417804  0.299602  12.53  0.654147  0.751391  12.2478  
0.260463  0.126976  11.7305  0.750348  0.766078  8.98796  
0.891252  0.863388  3.03704  0.106601  0.0583106  13.6509  
0.376483  0.135626  12.2951  0.417804  0.843822  13.496  
0.798672  0.0583106  12.658  0.0376633  0.803142  10.6693  
0.0376633  0.271354  16.6181  0.376483  0.135626  11.2776  
0.750348  0.766078  8.98796  0.229739  0.494824  14.319  
0.423373  0.0732092  14.1058  0.000353933  0.207373  11.0696  
0.000353933  0.207373  11.4279  0.891195  0.863388  3.18258  
0.17939  0.193952  7.13195  0.423373  0.0732092  15.0859  
0.0123181  0.0105028  13.8264  0.858204  0.859856  2.61609  
0.61671  0.573641  11.9258  0.855014  0.219922  3.92052  
0.17939  0.193952  5.81554  0.889122  0.1347  11.8915  
0.000353933  0.826007  10.5655  0.000353933  0.00248409  12.2593  
0.660769  0.652195  10.298  0.85826  0.720831  3.23601  
0.208203  0.415212  15.6017  0.831162  0.89232  8.54615  
0.0310475  0.0732092  16.1419  0.17939  0.265847  8.02411  
0.858204  0.859856  2.64417  0.857421  0.000344097  4.30919  
0.639091  0.67552  13.0953  0.346301  0.37799  13.787  
0.814215  0.00210772  4.9251  0.0123181  0.0105028  10.7356  
0.858204  0.859856  2.61607  0.643784  0.621313  10.8523  
0.814215  0.00210772  9.72392  0.65415  0.300674  14.8724  
0.24783  0.713026  7.80114  0.77819  0.00770351  8.65266  
0.000353933  0.914665  11.147  0.858204  0.859856  2.61608  
0.0123181  0.699276  12.6905  0.801561  0.268043  7.52423  
0.751754  0.184315  13.3649  0.0310475  0.192577  14.6522  
0.0207656  0.432639  15.6739  0.850319  0.00210772  10.1354  
0.817248  0.590169  8.00716  0.274561  0.142621  10.5044  
0.0310475  0.0487139  9.03526  0.000353933  0.855146  5.33032  
0.690775  0.879333  10.7431  0.0794914  0.138512  12.7549  
0.831162  0.89232  8.54615  0.857421  0.000344097  4.30919  
0.889122  0.1347  11.8915  0.119379  0.740343  5.51745  
0.17939  0.265847  8.02411  0.713126  0.857504  3.29814  
0.857421  0.000344097  4.30919  0.85826  0.720831  5.55252  
0.346301  0.37799  13.787  0.000353933  0.856469  4.32011  
0.858204  0.859856  2.61609  0.000353933  0.00248409  6.08583  
0.855014  0.219922  3.92052  0.026934  0.000149978  7.49363  
0.000353933  0.00248409  12.2593  0.248334  0.859856  3.88249  
0.0123181  0.0105028  10.6794  0.855014  0.219922  3.92052  
0.85826  0.720831  3.23601  0.858204  0.859856  2.61607  
0.857421  0.000344097  4.30919  0.817248  0.694596  7.33242  
0.248334  0.859856  3.88249  0.690775  0.879333  10.7431  
0.000353933  0.00248409  6.08583  0.144994  0.356232  15.0466  
0.855014  0.219922  3.92052  0.24783  0.486408  8.6022  
0.713126  0.857504  3.29814  0.000353933  0.914665  6.90716  
0.000353933  0.856469  4.32011  0.0207656  0.432639  15.6739  
0.119379  0.740343  5.51745  0.858204  0.859856  2.61645  
0.858204  0.859856  2.61607  0.0310475  0.0487139  9.11892  
0.85826  0.720831  3.23601  0.814215  0.00210772  9.72392  
0.178918  0.000149978  5.82329  0.0123181  0.0105028  6.49605  
0.0123181  0.0105028  6.49605  0.660769  0.652195  10.298  
0.144994  0.356232  15.0466  0.208203  0.415212  11.8465  
0.814215  0.00210772  9.72392  0.858204  0.859856  2.61607  
0.0207656  0.432639  15.6739  0.61671  0.573641  11.9258  
0.690775  0.879333  10.7431  0.17939  0.193952  5.81554  
0.0310475  0.0487139  9.11892  0.0310475  0.0732092  16.1419  
0.858204  0.859856  2.61607  0.000353933  0.826007  10.5655  
0.817248  0.590169  8.00716  0.814215  0.00210772  4.9251  
0.24783  0.486408  8.6022  0.639091  0.67552  13.0953  
0.000353933  0.914665  6.90716  0.0123181  0.0105028  13.8264  
0.190073  0.898314  5.10323  0.751754  0.184315  13.3649  
0.0310475  0.0732092  12.1781  0.814215  0.00210772  9.72392  
0.286395  0.872542  10.8915  0.000353933  0.914665  11.147  
0.814215  0.00210772  5.21097  0.24783  0.486408  8.6022  
0.858204  0.859856  2.61608  0.690775  0.879333  10.7431  
0.288737  0.862202  15.214  0.817248  0.590169  8.00716  
0.193353  0.570136  10.0285  0.858204  0.859856  2.61607  
0.711422  0.0732092  9.43211  0.0310475  0.0487139  9.03526  
0.692302  0.339019  9.42648  0.0207656  0.432639  15.6739  
0.000353933  0.252944  12.7785  0.0123181  0.699276  12.6905  
0.814215  0.00210772  6.32278  0.711422  0.0732092  9.43211  
0.0310475  0.0792232  13.1194  0.000353933  0.252944  12.7785  
0.938932  0.290146  11.36  0.193353  0.570136  10.0285  
0.858204  0.859856  2.61607  0.0310475  0.0732092  12.5721  
0.000353933  0.319173  15.1244  0.286395  0.872542  10.8915  
0.17939  0.265847  7.60809  0.814215  0.00210772  5.21097  
0.548427  0.201335  13.6843  0.190073  0.898314  5.10323  
0.0123181  0.0105028  14.9174  0.858204  0.859856  2.61608  
0.69855  0.537803  12.7762  0.692302  0.339019  9.42648  
0.703682  0.92545  10.4708  0.288737  0.862202  15.214  
0.0794914  0.138512  12.7549  0.0116463  0.309847  14.3766  
0.274561  0.142621  10.5044  0.17939  0.265847  7.60809  
0.850319  0.00210772  10.1354  0.548427  0.201335  13.6843  
0.77819  0.00770351  8.0199  0.938932  0.290146  11.36  
0.801561  0.268043  7.52423  0.0123181  0.0105028  14.9174  
0.0310475  0.192577  14.6522  0.000353933  0.319173  15.1244  
0.643784  0.621313  10.8523  0.703682  0.92545  10.4708  
0.858204  0.859856  2.61608  0.69855  0.537803  12.7762  
0.000353933  0.855146  5.33032  0.858204  0.859856  2.61607  
0.65415  0.300674  14.8724  0.663521  0.646187  13.2221  
0.69514  0.857458  3.42799  0.000202372  0.873071  8.10383  
0.000202372  0.718873  9.78192  0.787222  0.101827  4.85666  
0.837316  0.715675  3.29145  0.397713  0.871617  4.78829  
0.000202372  0.873071  8.10383  0.837316  0.715675  3.29145  
0.787222  0.101827  4.85666  0.000202372  0.718873  9.78192  
0.151287  0.0730341  7.42215  0.69514  0.857458  3.42799  
0.856612  0.000344097  6.93625  0.887985  0.857458  2.64644  
0.397713  0.871617  4.78829  0.559415  0.121708  6.14528  
0.887985  0.857458  2.64644  0.151287  0.0730341  7.42215  
0.559415  0.121708  6.14528  0.856612  0.000344097  6.93625  
0.790923  0.822522  4.97505  0.21569  0.540763  9.65962  
0.000202372  0.869432  8.08316  0.466517  0.835118  6.32826  
0.860736  0.324484  7.41072  0.000202372  0.869432  8.08316  
0.858276  0.857458  2.61427  0.396465  0.228781  5.41268  
0.203829  0.0692697  5.49346  0.203829  0.0692697  5.49346  
0.0528331  0.000344097  7.76085  0.790923  0.822522  4.97505  
0.396465  0.228781  5.41268  0.858276  0.857458  2.61427  
0.21569  0.540763  9.65965  0.0528331  0.000344097  7.76085  
0.837316  0.715675  3.29149  0.860736  0.324484  7.41072  
0.466517  0.835118  6.32826  0.291232  0.715675  4.56175  
0.337193  0.857458  4.18831  0.856612  0.000344097  5.53793  
0.000202372  0.824843  6.14659  0.837316  0.715675  3.29151  
0.856612  0.000344097  5.53793  0.00278113  0.694148  8.05397  
0.837316  0.715675  3.29151  0.000202372  0.0866605  7.87458  
0.858276  0.857458  2.61431  0.619377  0.617212  6.16677  
0.619377  0.617212  6.16677  0.858276  0.857458  4.86612  
0.00278113  0.694148  8.05397  0.337193  0.857458  4.18831  
0.600562  0.745573  9.17235  0.000202372  0.824843  6.14659  
0.000202372  0.0866605  7.87458  0.396465  0.228781  6.77224  
0.396465  0.228781  6.77224  0.600562  0.745573  9.17235  
0.847384  0.712105  3.30487  0.352762  0.724618  7.53731  
0.856612  0.000344097  4.30701  0.223556  0.857596  3.8914  
0.858276  0.857458  2.61422  0.847384  0.712105  3.30487  
0.855014  0.227643  3.88912  0.709613  0.847847  3.32321  
0.709613  0.847847  3.32321  0.000202372  0.000344097  6.46845  
0.000229559  0.852697  4.30856  0.658868  0.616375  9.68465  
0.223556  0.857596  3.8914  0.858276  0.857458  2.61422  
0.352762  0.724618  7.53732  0.000229559  0.852697  4.30856  
0.000202372  0.000344097  6.46845  0.855014  0.227643  3.88912  
0.658868  0.616375  9.68465  0.856612  0.000344097  4.30701  
0.790923  0.822522  4.97505  0.860736  0.324484  7.41072  
0.000202372  0.869432  8.08316  0.466517  0.835118  6.32826  
0.466517  0.835118  6.32826  0.21569  0.540763  9.65965  
0.860736  0.324484  7.41072  0.203829  0.0692697  5.49372  
0.837316  0.715675  3.29141  0.000202372  0.869432  8.08316  
0.000202372  0.000344097  5.99951  0.858276  0.857458  2.61427  
0.21569  0.540763  9.65965  0.790923  0.822522  4.97505  
0.203829  0.0692697  5.49346  0.837316  0.715675  3.29141  
0.396465  0.228781  5.41268  0.000202372  0.000344097  5.99951  
0.858276  0.857458  2.61427  0.858276  0.857458  2.6206  
0.214748  0.215681  5.18347  0.223556  0.857596  3.8914  
0.223556  0.857596  3.8914  0.855014  0.227643  3.88912  
0.000202372  0.000344097  5.99956  0.856612  0.000344097  4.30699  
0.709613  0.847847  3.32319  0.000229559  0.824898  6.26602  
0.858276  0.857458  2.61423  0.709613  0.847847  3.32319  
0.855014  0.227643  3.88912  0.858276  0.857458  2.61423  
0.856612  0.000344097  4.30699  0.214748  0.215681  5.18347  
0.000229559  0.852697  4.30857  0.000202372  0.000344097  5.99956  
0.847384  0.712105  3.30488  0.847384  0.712105  3.30488  
0.806327  0.809868  2.81469  0.806327  0.809868  2.81469  
0.396465  0.228781  5.41533  0.860736  0.324484  6.91858  
0.860736  0.324484  6.91858  0.709613  0.857458  3.31819  
0.000202372  0.869432  4.31097  0.466517  0.938425  7.02745  
0.858276  0.857458  2.61427  0.858276  0.857458  2.61427  
0.790923  0.822522  3.03897  0.790923  0.822522  3.03897  
0.000202372  0.000344097  5.99951  0.000202372  0.000344097  5.99951  
0.21569  0.540763  9.40659  0.396465  0.228781  5.41533  
0.837316  0.715675  3.29141  0.21569  0.540763  9.40617  
0.466517  0.938425  7.02745  0.388394  0.715675  4.76969  
0.709613  0.857458  3.31819  0.000202372  0.869432  4.31097  
0.0128253  0.000344097  7.203  0.239518  0.682226  6.40774  
0.709613  0.847847  3.32322  0.000202372  0.677666  8.64117  
0.000202372  0.677666  8.64117  0.000229559  0.852697  4.30868  
0.724085  0.320959  5.68751  0.724085  0.320959  5.68751  
0.000229559  0.852697  4.30868  0.352762  0.724618  7.0636  
0.827561  0.809211  6.16478  0.000202372  0.000344097  7.45767  
0.850589  0.715675  3.27557  0.850589  0.715675  3.27557  
0.239518  0.682226  6.40774  0.858276  0.857458  2.61436  
0.858276  0.857458  2.61436  0.827561  0.809211  6.16478  
0.000202372  0.000344097  7.45767  0.223556  0.847847  3.89653  
0.787222  0.101827  4.8566  0.151287  0.0730341  6.60442  
0.887985  0.857458  2.64645  0.887985  0.857458  2.64645  
0.000202372  0.873071  8.10364  0.000202372  0.718873  7.91918  
0.751607  0.811234  3.1043  0.787222  0.101827  4.8566  
0.873262  0.121708  4.5453  0.000202372  0.873071  8.10364  
0.197005  0.000344097  10.8399  0.873262  0.121708  4.5453  
0.397713  0.80289  6.45822  0.197005  0.000344097  10.8399  
0.151287  0.0730341  6.60442  0.397713  0.80289  6.45822  
0.837316  0.715675  3.29145  0.751607  0.811234  3.1043  
0.000202372  0.718873  7.91918  0.837316  0.715675  3.29145  
0.875106  0.530346  5.91887  0.858276  0.857458  2.61423  
0.000202372  0.838688  6.34499  0.80539  0.0660268  4.31286  
0.837316  0.756646  3.07555  0.635384  0.0866605  7.86275  
0.80539  0.0660268  4.31286  0.000202372  0.000344097  5.99951  
0.380226  0.982599  6.81733  0.380226  0.89053  6.69156  
0.161835  0.742403  5.35735  0.161835  0.742403  5.35735  
0.858276  0.857458  2.61423  0.875106  0.530346  5.91887  
0.842556  0.749143  3.04359  0.837316  0.756646  3.07555  
0.635384  0.0866605  7.86275  0.000202372  0.838688  6.34499  
0.000202372  0.000344097  5.99951  0.842556  0.749143  3.04359  
0.857773  0.858032  2.61419  0.852807  0.000255732  4.30845  
0.852807  0.000255732  4.30845  0.255068  0.105919  6.31588  
0.000333045  0.000336506  5.99933  0.000255592  0.852806  4.30845  
0.000333045  0.000336506  5.99933  0.857773  0.858032  2.61419  
0.066258  0.813297  4.28287  0.00494313  0.488724  5.99207  
0.00494313  0.488724  5.99207  0.226961  0.857596  3.88888  
0.795344  0.804796  2.87909  0.000333045  0.000336506  5.99933  
0.000255592  0.237524  5.57572  0.70919  0.861479  3.32131  
0.70919  0.861479  3.32131  0.795344  0.804796  2.87909  
0.226961  0.857596  3.88888  0.066258  0.813297  4.28287  
0.857576  0.22382  3.89119  0.066258  0.813297  4.28287  
0.857773  0.858032  2.61419  0.795344  0.804796  2.87909  
0.000333045  0.000336506  5.99933  0.000333045  0.000336506  5.99933  
0.851326  0.709263  3.32314  0.00494313  0.488724  5.99207  
0.852807  0.000255732  4.30845  0.000333045  0.000336506  5.99933  
0.41058  0.405524  6.41528  0.000255592  0.237524  5.57572  
0.70919  0.852418  3.32305  0.70919  0.861479  3.32131  
0.795344  0.804796  2.87909  0.857773  0.858032  2.61419  
0.000255592  0.851907  4.30895  0.226961  0.857596  3.88888  
0.991775  0.856693  4.48863  0.852807  0.000255732  4.30845  
0.000333045  0.000336506  5.99933  0.852807  0.000255732  4.30845  
0.852807  0.000255732  4.30845  0.226961  0.857596  3.88888  
0.00494313  0.488724  5.99207  0.000333045  0.000336506  5.99933  
0.066258  0.813297  5.53278  0.857773  0.858032  2.61419  
0.000255592  0.237524  5.57572  0.000255592  0.237524  5.57572  
0.795344  0.804796  2.87909  0.795344  0.804796  2.87909  
0.226961  0.857596  3.88888  0.066258  0.813297  5.53278  
0.70919  0.861479  3.32131  0.00494313  0.488724  5.99207  
0.857773  0.858032  2.61419  0.70919  0.861479  3.32131  
0.000333045  0.000336506  5.99933  0.160994  0.161064  5.35634  
0.000255592  0.852806  4.30845  0.795344  0.804796  2.87909  
0.795344  0.804796  2.87909  0.066258  0.813297  5.53278  
0.226961  0.857596  3.88888  0.857773  0.858032  2.61419  
0.852807  0.000255732  4.30845  0.000255592  0.852806  4.30845  
0.000333045  0.000336506  5.99933  0.00494313  0.488724  5.99207  
0.70919  0.861479  3.32131  0.000333045  0.000336506  5.99933  
0.255068  0.105919  6.31588  0.852807  0.000255732  4.30845  
0.00494313  0.488724  5.99207  0.70919  0.861479  3.32131  
0.066258  0.813297  5.53278  0.226961  0.857596  3.88888  
0.857773  0.858032  2.61419  0.255068  0.105919  6.31588  
0.991775  0.856693  4.48863  0.857576  0.22382  3.89119  
0.851326  0.709263  3.32314  0.795344  0.798  2.90759  
0.795344  0.804796  2.87909  0.000333045  0.000336506  5.99933  
0.857773  0.858032  2.61419  0.851326  0.709263  3.32314  
0.852807  0.000255732  4.30845  0.226961  0.857596  3.88888  
0.41058  0.405524  6.41528  0.000255592  0.852806  4.30845  
0.70919  0.852418  3.32305  0.70919  0.852418  3.32305  
0.000255592  0.851907  4.30895  0.852807  0.000255732  4.30845  
0.857576  0.22382  3.89119  0.857773  0.858032  2.61419  
0.000333045  0.000336506  5.99933  0.214547  0.21464  5.18467  
0.000255592  0.852806  4.30845  0.857576  0.22382  3.89119  
0.00494313  0.488724  5.99207  0.852807  0.000255732  4.30845  
0.795344  0.804796  2.87909  0.857773  0.858032  2.61419  
0.852807  0.000255732  4.30845  0.000255592  0.851907  4.30895  
0.857773  0.858032  2.61419  0.000333045  0.000336506  5.99933  
0.000333045  0.000336506  5.99933  0.795344  0.804796  2.87909  
0.066258  0.813297  4.28287  0.991775  0.856693  4.48863  
0.255068  0.105919  6.31588  0.851326  0.709263  3.32314  
0.226961  0.857596  3.88888  0.70919  0.852418  3.32305  
0.70919  0.861479  3.32131  0.41058  0.405524  6.41528  
0.000255592  0.852806  4.30845  0.730729  0.804796  3.27374  
0.226961  0.857596  3.88888  0.852807  0.000255732  4.30845  
0.214547  0.21464  5.18467  0.000333045  0.000336506  5.99933  
0.857773  0.858032  2.61419  0.226961  0.857596  3.88888  
0.857576  0.22382  3.89119  0.70919  0.861479  3.32131  
0.795344  0.804796  2.87909  0.857773  0.858032  2.61419  
0.000333045  0.000336506  5.99933  0.255068  0.105919  6.31588  
0.70919  0.852418  3.32305  0.000255592  0.852806  4.30845  
0.851326  0.709263  3.32314  0.000333045  0.000336506  5.99933  
0.852807  0.000255732  4.30845  0.066258  0.813297  4.28287  
0.851326  0.709263  3.32314  0.214547  0.21464  5.18467  
0.000333045  0.000336506  5.99933  0.000333045  0.000336506  5.99933  
0.857773  0.858032  2.61419  0.857773  0.858032  2.61419  
0.852807  0.000255732  4.30845  0.852807  0.000255732  4.30845  
0.857576  0.22382  3.89119  0.857576  0.22382  3.89119  
0.70919  0.852418  3.32305  0.70919  0.852418  3.32305  
0.41058  0.405524  6.41528  0.795344  0.804796  2.87909  
0.000255592  0.851907  4.30895  0.851326  0.709263  3.32314  
0.795344  0.804796  2.87909  0.000255592  0.852806  5.24589  
0.991775  0.856693  4.48863  0.226961  0.857596  3.88888  
0.857773  0.858032  2.61419  0.857576  0.22382  3.89119  
0.226961  0.857596  3.88888  0.70919  0.852418  3.32305  
0.214547  0.21464  5.18467  0.851326  0.709263  3.32314  
0.70919  0.852418  3.32305  0.852807  0.000255732  4.30845  
0.000255592  0.852806  5.24589  0.214547  0.21464  5.18467  
0.852807  0.000255732  4.30845  0.226961  0.857596  3.88888  
0.857576  0.22382  3.89119  0.450204  0.627714  6.48635  
0.795344  0.804796  2.87909  0.758604  0.000336506  4.66296  
0.851326  0.709263  3.32314  0.335728  0.339718  5.35256  
0.000333045  0.000336506  5.99933  0.857773  0.858032  2.61419  
0.214547  0.21464  5.18467  0.00494313  0.488724  5.99207  
0.226961  0.857596  3.88888  0.857773  0.858032  2.61419  
0.851326  0.709263  3.32314  0.852807  0.000255732  4.30845  
0.852807  0.000255732  4.30845  0.000333045  0.000336506  5.99933  
0.450204  0.627714  6.48635  0.000255592  0.852806  4.30845  
0.857576  0.22382  3.89119  0.70919  0.861479  3.32131  
0.857773  0.858032  2.61419  0.226961  0.857596  3.88888  
0.000333045  0.000336506  5.99933  0.255068  0.105919  6.31588  
0.795344  0.804796  2.87909  0.795344  0.804796  2.87909  
0.70919  0.852418  3.32305  0.066258  0.813297  4.28287  
0.223583  0.857541  3.89138  0.000333045  0.000336506  5.99933  
0.214274  0.21427  5.18533  0.214274  0.21427  5.18533  
0.70919  0.852145  3.3232  0.214693  0.21476  5.1844  
0.851121  0.709263  3.32327  0.70919  0.852145  3.3232  
0.857558  0.223578  3.89138  0.851121  0.709263  3.32327  
0.798402  0.801196  2.88015  0.000255592  0.852725  4.3085  
0.857772  0.858032  2.61419  0.857558  0.223578  3.89138  
0.000255592  0.852725  4.3085  0.857772  0.858032  2.61419  
0.85273  0.000255732  4.30849  0.798402  0.801196  2.88015  
0.000333045  0.000336506  5.99933  0.223583  0.857541  3.89138  
0.798402  0.801196  2.88015  0.70919  0.852145  3.3232  
0.85273  0.000255732  4.30849  0.857772  0.858032  2.61419  
0.851121  0.709263  3.32327  0.000333045  0.000336506  5.99933  
0.214274  0.21427  5.18533  0.857558  0.223578  3.89138  
0.857772  0.858032  2.61419  0.214274  0.21427  5.18533  
0.223583  0.857541  3.89138  0.000255592  0.852725  4.3085  
0.000333045  0.000336506  5.99933  0.858764  0.000255732  4.30676  
0.000255592  0.852725  4.3085  0.223583  0.857541  3.89138  
0.857558  0.223578  3.89138  0.798402  0.801196  2.88015  
0.70919  0.852145  3.3232  0.851121  0.709263  3.32327  
0.857772  0.858032  2.61419  0.857772  0.858032  2.61419  
0.798402  0.801196  2.88015  0.223583  0.857541  3.89138  
0.857558  0.223578  3.89138  0.000333045  0.000336506  5.99933  
0.851121  0.709263  3.32327  0.000255592  0.852725  4.3085  
0.70919  0.852145  3.3232  0.214274  0.21427  5.18533  
0.223583  0.857541  3.89138  0.851121  0.709263  3.32327  
0.85273  0.000255732  4.30849  0.798402  0.801196  2.88015  
0.000333045  0.000336506  5.99933  0.857558  0.223578  3.89138  
0.214274  0.21427  5.18533  0.85273  0.000255732  4.30849  
0.000255592  0.852725  4.3085  0.70919  0.852145  3.3232  
0.85273  0.000255732  4.30849  0.857558  0.223578  3.89138  
0.857558  0.223578  3.89138  0.857772  0.858032  2.61419  
0.70919  0.852145  3.3232  0.278076  0.894404  3.93886  
0.798402  0.801196  2.88015  0.85273  0.000255732  4.30849  
0.000333045  0.000336506  5.99933  0.70919  0.852145  3.3232  
0.223583  0.857541  3.89138  0.798402  0.801196  2.88015  
0.851121  0.709263  3.32327  0.223583  0.857541  3.89138  
0.000255592  0.852725  4.3085  0.000333045  0.000336506  5.99933  
0.214274  0.21427  5.18533  0.851121  0.709263  3.32327  
0.857772  0.858032  2.61419  0.000255592  0.852725  4.3085  
0.214274  0.21427  5.18533  0.223583  0.857541  3.89138  
0.798402  0.801196  2.88015  0.857558  0.223578  3.89138  
0.223583  0.857541  3.89138  0.851121  0.709263  3.32327  
0.70919  0.852145  3.3232  0.000333045  0.000336506  5.99933  
0.857772  0.858032  2.61419  0.85273  0.000255732  4.30849  
0.85273  0.000255732  4.30849  0.000255592  0.852725  4.3085  
0.000333045  0.000336506  5.99933  0.214274  0.21427  5.18533  
0.851121  0.709263  3.32327  0.798402  0.801196  2.88015  
0.857558  0.223578  3.89138  0.70919  0.852145  3.3232  
0.000255592  0.852725  4.3085  0.857772  0.858032  2.61419  
0.857558  0.223578  3.89138  0.798402  0.801196  2.88015  
0.214274  0.21427  5.18533  0.857558  0.223578  3.89138  
0.857772  0.858032  2.61419  0.851121  0.709263  3.32327  
0.851121  0.709263  3.32327  0.000333045  0.000336506  5.99933  
0.000333045  0.000336506  5.99933  0.223583  0.857541  3.89138  
0.85273  0.000255732  4.30849  0.857772  0.858032  2.61419  
0.70919  0.852145  3.3232  0.214274  0.21427  5.18533  
0.000255592  0.852725  4.3085  0.000255592  0.852725  4.3085  
0.223583  0.857541  3.89138  0.70919  0.852145  3.3232  
0.798402  0.801196  2.88015  0.85273  0.000255732  4.30849  
0.223583  0.857541  3.89138  0.70919  0.852145  3.3232  
0.851121  0.709263  3.32327  0.000255592  0.852725  4.3085  
0.857772  0.858032  2.61419  0.857772  0.858032  2.61419  
0.857558  0.223578  3.89138  0.798402  0.801196  2.88015  
0.000333045  0.000336506  5.99933  0.851121  0.709263  3.32327  
0.85273  0.000255732  4.30849  0.857558  0.223578  3.89138  
0.798402  0.801196  2.88015  0.85273  0.000255732  4.30849  
0.70919  0.852145  3.3232  0.000333045  0.000336506  5.99933  
0.214274  0.21427  5.18533  0.223583  0.857541  3.89138  
0.000255592  0.852725  4.3085  0.214274  0.21427  5.18533  
0.857772  0.858032  2.61419  0.798402  0.801196  2.88015  
0.85273  0.000255732  4.30849  0.70919  0.852145  3.3232  
0.000255592  0.852725  4.3085  0.85273  0.000255732  4.30849  
0.857558  0.223578  3.89138  0.000333045  0.000336506  5.99933  
0.223583  0.857541  3.89138  0.851121  0.709263  3.32327  
0.851121  0.709263  3.32327  0.857558  0.223578  3.89138  
0.798402  0.801196  2.88015  0.857772  0.858032  2.61419  
0.70919  0.852145  3.3232  0.214274  0.21427  5.18533  
0.214274  0.21427  5.18533  0.000255592  0.852725  4.3085  
0.000333045  0.000336506  5.99933  0.223583  0.857541  3.89138  
0.70919  0.852145  3.3232  0.70919  0.852145  3.3232  
0.798402  0.801196  2.88015  0.851121  0.709263  3.32327  
0.000255592  0.852725  4.3085  0.857558  0.223578  3.89138  
0.857558  0.223578  3.89138  0.85273  0.000255732  4.30849  
0.857772  0.858032  2.61419  0.857772  0.858032  2.61419  
0.214274  0.21427  5.18533  0.223583  0.857541  3.89138  
0.851121  0.709263  3.32327  0.000333045  0.000336506  5.99933  
0.223583  0.857541  3.89138  0.214274  0.21427  5.18533  
0.85273  0.000255732  4.30849  0.000255592  0.852725  4.3085  
0.000333045  0.000336506  5.99933  0.798402  0.801196  2.88015  
0.798402  0.801196  2.88015  0.890661  0.640313  3.86264  
0.851121  0.709263  3.32327  0.857558  0.223578  3.89138  
0.70919  0.852145  3.3232  0.857772  0.858032  2.61419  
0.000333045  0.000336506  5.99933  0.798402  0.801196  2.88015  
0.214274  0.21427  5.18533  0.716172  0.857541  3.26881  
0.85273  0.000255732  4.30849  0.000333045  0.000336506  5.99933  
0.857772  0.858032  2.61419  0.000255592  0.852725  4.3085  
0.000255592  0.852725  4.3085  0.85273  0.000255732  4.30849  
0.223583  0.857541  3.89138  0.70919  0.852145  3.3232  
0.857558  0.223578  3.89138  0.214274  0.21427  5.18533  
0.223583  0.857541  3.89138  0.70919  0.852145  3.3232  
0.798402  0.801196  2.88015  0.857772  0.858032  2.61419  
0.85273  0.000255732  4.30849  0.254121  0.0389023  5.52045  
0.214274  0.21427  5.18533  0.85273  0.000255732  4.30849  
0.857558  0.223578  3.89138  0.857353  0.857541  2.61431  
0.000333045  0.000336506  5.99933  0.79142  0.318743  4.11567  
0.851121  0.709263  3.32327  0.000333045  0.000336506  5.99933  
0.857772  0.858032  2.61419  0.816845  0.213228  3.9699  
0.70919  0.852145  3.3232  0.857558  0.223578  3.89138  
0.000255592  0.852725  4.3085  0.223583  0.857541  3.89138  
0.000333045  0.000336506  5.99933  0.000333045  0.000336506  5.99933  
0.223583  0.857541  3.89138  0.223583  0.857541  3.89138  
0.857558  0.223578  3.89138  0.000255592  0.852725  4.3085  
0.857772  0.858032  2.61419  0.857558  0.223578  3.89138  
0.70919  0.852145  3.3232  0.214274  0.21427  5.18533  
0.85273  0.000255732  4.30849  0.857772  0.858032  2.61419  
0.214274  0.21427  5.18533  0.798402  0.801196  2.88015  
0.798402  0.801196  2.88015  0.851121  0.709263  3.32327  
0.000255592  0.852725  4.3085  0.70919  0.852145  3.3232  
0.851121  0.709263  3.32327  0.85273  0.000255732  4.30849  
0.851121  0.709263  3.32327  0.000255592  0.852725  4.3085  
0.798402  0.801196  2.88015  0.214274  0.21427  5.18533  
0.000333045  0.000336506  5.99933  0.857772  0.858032  2.61419  
0.857558  0.223578  3.89138  0.798402  0.801196  2.88015  
0.000255592  0.852725  4.3085  0.85273  0.000255732  4.30849  
0.214274  0.21427  5.18533  0.851121  0.709263  3.32327  
0.85273  0.000255732  4.30849  0.857558  0.223578  3.89138  
0.223583  0.857541  3.89138  0.70919  0.852145  3.3232  
0.857772  0.858032  2.61419  0.000333045  0.000336506  5.99933  
0.70919  0.852145  3.3232  0.223583  0.857541  3.89138  
0.85273  0.000255732  4.30849  0.798402  0.801196  2.88015  
0.000255592  0.852725  4.3085  0.857558  0.223578  3.89138  
0.857772  0.858032  2.61419  0.798402  0.801196  2.88015  
0.000333045  0.000336506  5.99933  0.000333045  0.000336506  5.99933  
0.223583  0.857541  3.89138  0.70919  0.852145  3.3232  
0.214274  0.21427  5.18533  0.851121  0.709263  3.32327  
0.851121  0.709263  3.32327  0.214274  0.21427  5.18533  
0.798402  0.801196  2.88015  0.85273  0.000255732  4.30849  
0.857558  0.223578  3.89138  0.000255592  0.852725  4.3085  
0.70919  0.852145  3.3232  0.223583  0.857541  3.89138  
0.857772  0.858032  2.61419  0.000255592  0.852725  4.3085  
0.000255592  0.852725  4.3085  0.857558  0.223578  3.89138  
0.851121  0.709263  3.32327  0.223583  0.857541  3.89138  
0.000333045  0.000336506  5.99933  0.85273  0.000255732  4.30849  
0.214274  0.21427  5.18533  0.000333045  0.000336506  5.99933  
0.798402  0.801196  2.88015  0.857772  0.858032  2.61419  
0.857558  0.223578  3.89138  0.851121  0.709263  3.32327  
0.223583  0.857541  3.89138  0.167693  0.21427  5.25729  
0.85273  0.000255732  4.30849  0.798402  0.801196  2.88015  
0.70919  0.852145  3.3232  0.70919  0.852145  3.3232  
0.798402  0.801196  2.88015  0.70919  0.852145  3.3232  
0.223583  0.857541  3.89138  0.85273  0.000255732  4.30849  
0.214274  0.21427  5.18533  0.000333045  0.000336506  5.99933  
0.70919  0.852145  3.3232  0.798402  0.801196  2.88015  
0.000255592  0.852725  4.3085  0.000255592  0.852725  4.3085  
0.000333045  0.000336506  5.99933  0.857772  0.858032  2.61419  
0.851121  0.709263  3.32327  0.214274  0.21427  5.18533  
0.85273  0.000255732  4.30849  0.857558  0.223578  3.89138  
0.857558  0.223578  3.89138  0.223583  0.716245  4.54537  
0.857772  0.858032  2.61419  0.851121  0.709263  3.32327  
0.857558  0.223578  3.89138  0.857772  0.858032  2.61419  
0.214274  0.21427  5.18533  0.214274  0.21427  5.18533  
0.857772  0.858032  2.61419  0.000333045  0.000336506  5.99933  
0.851121  0.709263  3.32327  0.851121  0.709263  3.32327  
0.000333045  0.000336506  5.99933  0.857558  0.223578  3.89138  
0.85273  0.000255732  4.30849  0.85273  0.000255732  4.30849  
0.70919  0.852145  3.3232  0.000255592  0.852725  4.3085  
0.000255592  0.852725  4.3085  0.223583  0.857541  3.89138  
0.223583  0.857541  3.89138  0.798402  0.801196  2.88015  
0.798402  0.801196  2.88015  0.70919  0.852145  3.3232  
0.223583  0.857541  3.89138  0.000255592  0.852725  4.3085  
0.000255592  0.852725  4.3085  0.214274  0.21427  5.18533  
0.798402  0.801196  2.88015  0.85273  0.000255732  4.30849  
0.70919  0.852145  3.3232  0.223583  0.857541  3.89138  
0.851121  0.709263  3.32327  0.70919  0.852145  3.3232  
0.857558  0.223578  3.89138  0.857772  0.858032  2.61419  
0.214274  0.21427  5.18533  0.851121  0.709263  3.32327  
0.857772  0.858032  2.61419  0.000333045  0.000336506  5.99933  
0.85273  0.000255732  4.30849  0.798402  0.801196  2.88015  
0.000333045  0.000336506  5.99933  0.857558  0.223578  3.89138  
0.214274  0.21427  5.18533  0.223583  0.857541  3.89138  
0.857558  0.223578  3.89138  0.798402  0.801196  2.88015  
0.85273  0.000255732  4.30849  0.851121  0.709263  3.32327  
0.798402  0.801196  2.88015  0.857558  0.223578  3.89138  
0.70919  0.852145  3.3232  0.000333045  0.000336506  5.99933  
0.000255592  0.852725  4.3085  0.214274  0.21427  5.18533  
0.000333045  0.000336506  5.99933  0.70919  0.852145  3.3232  
0.851121  0.709263  3.32327  0.000255592  0.852725  4.3085  
0.223583  0.857541  3.89138  0.857772  0.858032  2.61419  
0.857772  0.858032  2.61419  0.85273  0.000255732  4.30849  
0.70919  0.852145  3.3232  0.223583  0.857541  3.89138  
0.000333045  0.000336506  5.99933  0.857558  0.223578  3.89138  
0.851121  0.709263  3.32327  0.798402  0.801196  2.88015  
0.857772  0.858032  2.61419  0.857772  0.858032  2.61419  
0.000255592  0.852725  4.3085  0.851121  0.709263  3.32327  
0.857558  0.223578  3.89138  0.214274  0.21427  5.18533  
0.223583  0.857541  3.89138  0.70919  0.852145  3.3232  
0.85273  0.000255732  4.30849  0.85273  0.000255732  4.30849  
0.214274  0.21427  5.18533  0.000333045  0.000336506  5.99933  
0.798402  0.801196  2.88015  0.000255592  0.852725  4.3085  
0.223583  0.857541  3.89138  0.85273  0.000255732  4.30849  
0.85273  0.000255732  4.30849  0.223583  0.857541  3.89138  
0.70919  0.852145  3.3232  0.851121  0.709263  3.32327  
0.857558  0.223578  3.89138  0.798402  0.801196  2.88015  
0.214274  0.21427  5.18533  0.000255592  0.852725  4.3085  
0.857772  0.858032  2.61419  0.70919  0.852145  3.3232  
0.798402  0.801196  2.88015  0.857558  0.223578  3.89138  
0.851121  0.709263  3.32327  0.000333045  0.000336506  5.99933  
0.000333045  0.000336506  5.99933  0.857772  0.858032  2.61419  
0.000255592  0.852725  4.3085  0.214274  0.21427  5.18533  
0.85273  0.000255732  4.30849  0.85273  0.000255732  4.30849  
0.851121  0.709263  3.32327  0.857558  0.223578  3.89138  
0.000333045  0.000336506  5.99933  0.214274  0.21427  5.18533  
0.798402  0.801196  2.88015  0.000255592  0.852725  4.3085  
0.857558  0.223578  3.89138  0.000333045  0.000336506  5.99933  
0.214274  0.21427  5.18533  0.70919  0.852145  3.3232  
0.857772  0.858032  2.61419  0.482719  0.859707  4.30062  
0.223583  0.857541  3.89138  0.851121  0.709263  3.32327  
0.70919  0.852145  3.3232  0.857772  0.858032  2.61419  
0.000255592  0.852725  4.3085  0.223583  0.857541  3.89138  
0.70919  0.852145  3.3232  0.857772  0.858032  2.61419  
0.000333045  0.000336506  5.99933  0.223583  0.857541  3.89138  
0.223583  0.857541  3.89138  0.851121  0.709263  3.32327  
0.798402  0.801196  2.88015  0.000333045  0.000336506  5.99933  
0.214274  0.21427  5.18533  0.857558  0.223578  3.89138  
0.851121  0.709263  3.32327  0.000255592  0.852725  4.3085  
0.85273  0.000255732  4.30849  0.85273  0.000255732  4.30849  
0.857772  0.858032  2.61419  0.70919  0.852145  3.3232  
0.000255592  0.852725  4.3085  0.798402  0.801196  2.88015  
0.857558  0.223578  3.89138  0.214274  0.21427  5.18533  
0.851121  0.709263  3.32327  0.000255592  0.852725  4.3085  
0.798402  0.801196  2.88015  0.70919  0.852145  3.3232  
0.000333045  0.000336506  5.99933  0.964221  0.750871  3.4306  
0.70919  0.852145  3.3232  0.798402  0.801196  2.88015  
0.214274  0.21427  5.18533  0.223583  0.857541  3.89138  
0.000255592  0.852725  4.3085  0.214274  0.21427  5.18533  
0.223583  0.857541  3.89138  0.85273  0.000255732  4.30849  
0.85273  0.000255732  4.30849  0.857558  0.223578  3.89138  
0.857558  0.223578  3.89138  0.857772  0.858032  2.61419  
0.857772  0.858032  2.61419  0.000333045  0.000336506  5.99933  
0.000255592  0.852725  4.3085  0.000255592  0.852725  4.3085  
0.857772  0.858032  2.61419  0.643335  0.858032  3.80407  
0.223583  0.857541  3.89138  0.857558  0.223578  3.89138  
0.70919  0.852145  3.3232  0.223583  0.857541  3.89138  
0.214274  0.21427  5.18533  0.851121  0.709263  3.32327  
0.851121  0.709263  3.32327  0.0538182  0.0538198  5.84008  
0.798402  0.801196  2.88015  0.70919  0.852145  3.3232  
0.857558  0.223578  3.89138  0.85273  0.000255732  4.30849  
0.85273  0.000255732  4.30849  0.214274  0.21427  5.18533  
0.000333045  0.000336506  5.99933  0.798402  0.801196  2.88015  
0.851121  0.709263  3.32327  0.798402  0.801196  2.88015  
0.223583  0.857541  3.89138  0.851121  0.709263  3.32327  
0.000255592  0.852725  4.3085  0.85273  0.000255732  4.30849  
0.857772  0.858032  2.61419  0.223583  0.857541  3.89138  
0.214274  0.21427  5.18533  0.857558  0.223578  3.89138  
0.70919  0.852145  3.3232  0.374729  0.374719  5.53555  
0.857558  0.223578  3.89138  0.000333045  0.000336506  5.99933  
0.85273  0.000255732  4.30849  0.70919  0.852145  3.3232  
0.798402  0.801196  2.88015  0.000255592  0.852725  4.3085  
0.000333045  0.000336506  5.99933  0.857772  0.858032  2.61419  
0.000255592  0.852725  4.3085  0.85273  0.000255732  4.30849  
0.70919  0.852145  3.3232  0.857772  0.858032  2.61419  
0.851121  0.709263  3.32327  0.223583  0.857541  3.89138  
0.85273  0.000255732  4.30849  0.160788  0.21427  5.27134  
0.857772  0.858032  2.61419  0.857558  0.223578  3.89138  
0.798402  0.801196  2.88015  0.70919  0.852145  3.3232  
0.223583  0.857541  3.89138  0.000255592  0.852725  4.3085  
0.000333045  0.000336506  5.99933  0.851121  0.709263  3.32327  
0.857558  0.223578  3.89138  0.798402  0.801196  2.88015  
0.214274  0.21427  5.18533  0.000333045  0.000336506  5.99933  
0.798402  0.801196  2.88015  0.223583  0.857541  3.89138  
0.214274  0.21427  5.18533  0.000333045  0.000336506  5.99933  
0.000333045  0.000336506  5.99933  0.857558  0.223578  3.89138  
0.70919  0.852145  3.3232  0.798402  0.801196  2.88015  
0.000255592  0.852725  4.3085  0.85273  0.000255732  4.30849  
0.851121  0.709263  3.32327  0.214274  0.21427  5.18533  
0.85273  0.000255732  4.30849  0.70919  0.852145  3.3232  
0.857558  0.223578  3.89138  0.857772  0.858032  2.61419  
0.223583  0.857541  3.89138  0.851121  0.709263  3.32327  
0.857772  0.858032  2.61419  0.000255592  0.852725  4.3085  
0.000333045  0.000336506  5.99933  0.857558  0.223578  3.89138  
0.223583  0.857541  3.89138  0.851121  0.709263  3.32327  
0.851121  0.709263  3.32327  0.000255592  0.852725  4.3085  
0.857558  0.223578  3.89138  0.857772  0.858032  2.61419  
0.214274  0.21427  5.18533  0.85273  0.000255732  4.30849  
0.857772  0.858032  2.61419  0.214274  0.21427  5.18533  
0.798402  0.801196  2.88015  0.223583  0.857541  3.89138  
0.000255592  0.852725  4.3085  0.000333045  0.000336506  5.99933  
0.85273  0.000255732  4.30849  0.798402  0.801196  2.88015  
0.70919  0.852145  3.3232  0.70919  0.852145  3.3232  
0.857772  0.858032  2.61419  0.214274  0.21427  5.18533  
0.857558  0.223578  3.89138  0.851121  0.709263  3.32327  
0.851121  0.709263  3.32327  0.85273  0.000255732  4.30849  
0.223583  0.857541  3.89138  0.857772  0.858032  2.61419  
0.85273  0.000255732  4.30849  0.000333045  0.000336506  5.99933  
0.000255592  0.852725  4.3085  0.798402  0.801196  2.88015  
0.70919  0.852145  3.3232  0.223583  0.857541  3.89138  
0.214274  0.21427  5.18533  0.70919  0.852145  3.3232  
0.798402  0.801196  2.88015  0.909839  0.805612  2.82288  
0.000333045  0.000336506  5.99933  0.857558  0.223578  3.89138  
0.000255592  0.852725  4.3085  0.214274  0.21427  5.18533  
0.000333045  0.000336506  5.99933  0.85273  0.000255732  4.30849  
0.70919  0.852145  3.3232  0.857558  0.223578  3.89138  
0.857772  0.858032  2.61419  0.798402  0.801196  2.88015  
0.85273  0.000255732  4.30849  0.851121  0.709263  3.32327  
0.851121  0.709263  3.32327  0.000333045  0.000336506  5.99933  
0.223583  0.857541  3.89138  0.223583  0.857541  3.89138  
0.857558  0.223578  3.89138  0.857772  0.858032  2.61419  
0.214274  0.21427  5.18533  0.000255592  0.852725  4.3085  
0.798402  0.801196  2.88015  0.70919  0.852145  3.3232  
0.857558  0.223578  3.89138  0.857558  0.223578  3.89138  
0.851121  0.709263  3.32327  0.85273  0.000255732  4.30849  
0.85273  0.000255732  4.30849  0.000255592  0.852725  4.3085  
0.214274  0.21427  5.18533  0.851121  0.709263  3.32327  
0.798402  0.801196  2.88015  0.70919  0.852145  3.3232  
0.000333045  0.000336506  5.99933  0.223583  0.857541  3.89138  
0.857772  0.858032  2.61419  0.214274  0.21427  5.18533  
0.000255592  0.852725  4.3085  0.798402  0.801196  2.88015  
0.223583  0.857541  3.89138  0.000333045  0.000336506  5.99933  
0.70919  0.852145  3.3232  0.857772  0.858032  2.61419  
0.000333045  0.000336506  5.99933  0.214274  0.21427  5.18533  
0.851121  0.709263  3.32327  0.851121  0.709263  3.32327  
0.857772  0.858032  2.61419  0.000255592  0.852725  4.3085  
0.798402  0.801196  2.88015  0.857772  0.858032  2.61419  
0.85273  0.000255732  4.30849  0.857558  0.223578  3.89138  
0.70919  0.852145  3.3232  0.70919  0.852145  3.3232  
0.214274  0.21427  5.18533  0.223583  0.857541  3.89138  
0.223583  0.857541  3.89138  0.000333045  0.000336506  5.99933  
0.000255592  0.852725  4.3085  0.0448609  0.0429632  5.87684  
0.857558  0.223578  3.89138  0.85273  0.000255732  4.30849  
0.857558  0.223578  3.89138  0.70919  0.852145  3.3232  
0.000255592  0.852725  4.3085  0.85273  0.000255732  4.30849  
0.214274  0.21427  5.18533  0.857558  0.223578  3.89138  
0.798402  0.801196  2.88015  0.851121  0.709263  3.32327  
0.85273  0.000255732  4.30849  0.000255592  0.852725  4.3085  
0.851121  0.709263  3.32327  0.223583  0.857541  3.89138  
0.857772  0.858032  2.61419  0.798402  0.801196  2.88015  
0.70919  0.852145  3.3232  0.000333045  0.000336506  5.99933  
0.000333045  0.000336506  5.99933  0.857772  0.858032  2.61419  
0.223583  0.857541  3.89138  0.214274  0.21427  5.18533  
0.85273  0.000255732  4.30849  0.851121  0.709263  3.32327  
0.857558  0.223578  3.89138  0.214274  0.21427  5.18533  
0.857772  0.858032  2.61419  0.70919  0.852145  3.3232  
0.214274  0.21427  5.18533  0.000255592  0.852725  4.3085  
0.000333045  0.000336506  5.99933  0.85273  0.000255732  4.30849  
0.223583  0.857541  3.89138  0.000333045  0.000336506  5.99933  
0.851121  0.709263  3.32327  0.857558  0.223578  3.89138  
0.000255592  0.852725  4.3085  0.223583  0.857541  3.89138  
0.70919  0.852145  3.3232  0.798402  0.801196  2.88015  
0.798402  0.801196  2.88015  0.857772  0.858032  2.61419  
0.000333045  0.000336506  5.99933  0.000333045  0.000336506  5.99933  
0.857558  0.223578  3.89138  0.857558  0.223578  3.89138  
0.851121  0.709263  3.32327  0.798402  0.801196  2.88015  
0.214274  0.21427  5.18533  0.214274  0.21427  5.18533  
0.70919  0.852145  3.3232  0.85273  0.000255732  4.30849  
0.857772  0.858032  2.61419  0.851121  0.709263  3.32327  
0.85273  0.000255732  4.30849  0.000255592  0.852725  4.3085  
0.223583  0.857541  3.89138  0.223583  0.857541  3.89138  
0.000255592  0.852725  4.3085  0.70919  0.852145  3.3232  
0.798402  0.801196  2.88015  0.857772  0.858032  2.61419  
0.000255592  0.852725  4.3085  0.223583  0.857541  3.89138  
0.70919  0.852145  3.3232  0.85273  0.000255732  4.30849  
0.851121  0.709263  3.32327  0.000333045  0.000336506  5.99933  
0.798402  0.801196  2.88015  0.214274  0.21427  5.18533  
0.223583  0.857541  3.89138  0.857772  0.858032  2.61419  
0.857558  0.223578  3.89138  0.798402  0.801196  2.88015  
0.214274  0.21427  5.18533  0.000255592  0.852725  4.3085  
0.000333045  0.000336506  5.99933  0.851121  0.709263  3.32327  
0.85273  0.000255732  4.30849  0.70919  0.852145  3.3232  
0.857772  0.858032  2.61419  0.857558  0.223578  3.89138  
0.857772  0.858032  2.61419  0.857772  0.858032  2.61419  
0.214274  0.21427  5.18533  0.857558  0.223578  3.89138  
0.000255592  0.852725  4.3085  0.223583  0.857541  3.89138  
0.70919  0.852145  3.3232  0.70919  0.852145  3.3232  
0.851121  0.709263  3.32327  0.85273  0.000255732  4.30849  
0.223583  0.857541  3.89138  0.214274  0.21427  5.18533  
0.798402  0.801196  2.88015  0.798402  0.801196  2.88015  
0.857558  0.223578  3.89138  0.000333045  0.000336506  5.99933  
0.000333045  0.000336506  5.99933  0.000255592  0.852725  4.3085  
0.85273  0.000255732  4.30849  0.851121  0.709263  3.32327  
0.851121  0.709263  3.32327  0.798402  0.801196  2.88015  
0.223583  0.857541  3.89138  0.85273  0.000255732  4.30849  
0.000255592  0.852725  4.3085  0.000255592  0.852725  4.3085  
0.857772  0.858032  2.61419  0.223583  0.857541  3.89138  
0.214274  0.21427  5.18533  0.857558  0.223578  3.89138  
0.70919  0.852145  3.3232  0.857772  0.858032  2.61419  
0.857558  0.223578  3.89138  0.000333045  0.000336506  5.99933  
0.85273  0.000255732  4.30849  0.70919  0.852145  3.3232  
0.798402  0.801196  2.88015  0.214274  0.21427  5.18533  
0.000333045  0.000336506  5.99933  0.851121  0.709263  3.32327  
0.857558  0.223578  3.89138  0.214274  0.371501  5.35193  
0.85273  0.000255732  4.30849  0.70919  0.852145  3.3232  
0.000333045  0.000336506  5.99933  0.000333045  0.000336506  5.99933  
0.214274  0.21427  5.18533  0.223583  0.857541  3.89138  
0.851121  0.709263  3.32327  0.851121  0.709263  3.32327  
0.798402  0.801196  2.88015  0.798402  0.801196  2.88015  
0.223583  0.857541  3.89138  0.857772  0.858032  2.61419  
0.857772  0.858032  2.61419  0.000255592  0.852725  4.3085  
0.000255592  0.852725  4.3085  0.857558  0.223578  3.89138  
0.70919  0.852145  3.3232  0.85273  0.000255732  4.30849  
0.223583  0.857541  3.89138  0.223583  0.857541  3.89138  
0.857558  0.223578  3.89138  0.851121  0.709263  3.32327  
0.70919  0.852145  3.3232  0.798402  0.801196  2.88015  
0.857772  0.858032  2.61419  0.857558  0.223578  3.89138  
0.000255592  0.852725  4.3085  0.000333045  0.000336506  5.99933  
0.798402  0.801196  2.88015  0.85273  0.000255732  4.30849  
0.85273  0.000255732  4.30849  0.214274  0.21427  5.18533  
0.000333045  0.000336506  5.99933  0.70919  0.852145  3.3232  
0.851121  0.709263  3.32327  0.857772  0.858032  2.61419  
0.214274  0.21427  5.18533  0.000255592  0.852725  4.3085  
0.214274  0.21427  5.18533  0.857558  0.223578  3.89138  
0.857558  0.223578  3.89138  0.000333045  0.000336506  5.99933  
0.223583  0.857541  3.89138  0.857772  0.858032  2.61419  
0.851121  0.709263  3.32327  0.798402  0.801196  2.88015  
0.000255592  0.852725  4.3085  0.214274  0.370272  5.34871  
0.857772  0.858032  2.61419  0.223583  0.857541  3.89138  
0.70919  0.852145  3.3232  0.85273  0.000255732  4.30849  
0.000333045  0.000336506  5.99933  0.000255592  0.852725  4.3085  
0.85273  0.000255732  4.30849  0.70919  0.852145  3.3232  
0.798402  0.801196  2.88015  0.851121  0.709263  3.32327  
0.857772  0.858032  2.61419  0.857772  0.858032  2.61419  
0.798402  0.801196  2.88015  0.000255592  0.852725  4.3085  
0.70919  0.852145  3.3232  0.000333045  0.000336506  5.99933  
0.000333045  0.000336506  5.99933  0.798402  0.801196  2.88015  
0.85273  0.000255732  4.30849  0.857558  0.223578  3.89138  
0.851121  0.709263  3.32327  0.85273  0.000255732  4.30849  
0.223583  0.857541  3.89138  0.851121  0.709263  3.32327  
0.214274  0.21427  5.18533  0.214274  0.21427  5.18533  
0.000255592  0.852725  4.3085  0.70919  0.852145  3.3232  
0.857558  0.223578  3.89138  0.223583  0.857541  3.89138  
0.70919  0.852145  3.3232  0.70919  0.852145  3.3232  
0.851121  0.709263  3.32327  0.0538182  0.0538198  5.84008  
0.223583  0.857541  3.89138  0.223583  0.857541  3.89138  
0.000255592  0.852725  4.3085  0.85273  0.000255732  4.30849  
0.857558  0.223578  3.89138  0.851121  0.709263  3.32327  
0.85273  0.000255732  4.30849  0.798402  0.801196  2.88015  
0.857772  0.858032  2.61419  0.857772  0.858032  2.61419  
0.000333045  0.000336506  5.99933  0.000255592  0.852725  4.3085  
0.214274  0.21427  5.18533  0.857558  0.223578  3.89138  
0.798402  0.801196  2.88015  0.000333045  0.000336506  5.99933  
0.000255592  0.852725  4.3085  0.857558  0.223578  3.89138  
0.70919  0.852145  3.3232  0.214274  0.21427  5.18533  
0.857772  0.858032  2.61419  0.000255592  0.852725  4.3085  
0.857558  0.223578  3.89138  0.85273  0.000255732  4.30849  
0.798402  0.801196  2.88015  0.798402  0.801196  2.88015  
0.000333045  0.000336506  5.99933  0.70919  0.852145  3.3232  
0.851121  0.709263  3.32327  0.000333045  0.000336506  5.99933  
0.214274  0.21427  5.18533  0.223583  0.857541  3.89138  
0.223583  0.857541  3.89138  0.851121  0.709263  3.32327  
0.85273  0.000255732  4.30849  0.857772  0.858032  2.61419  
0.857772  0.858032  2.61419  0.857558  0.223578  3.89138  
0.70919  0.852145  3.3232  0.857772  0.858032  2.61419  
0.000333045  0.000336506  5.99933  0.85273  0.000255732  4.30849  
0.798402  0.801196  2.88015  0.851121  0.709263  3.32327  
0.000255592  0.852725  4.3085  0.000333045  0.000336506  5.99933  
0.214274  0.21427  5.18533  0.000255592  0.852725  4.3085  
0.85273  0.000255732  4.30849  0.223583  0.857541  3.89138  
0.851121  0.709263  3.32327  0.70919  0.852145  3.3232  
0.857558  0.223578  3.89138  0.798402  0.801196  2.88015  
0.223583  0.857541  3.89138  0.214274  0.21427  5.18533  
0.851121  0.709263  3.32327  0.000255592  0.852725  4.3085  
0.223583  0.857541  3.89138  0.70919  0.852145  3.3232  
0.000255592  0.852725  4.3085  0.857772  0.858032  2.61419  
0.857772  0.858032  2.61419  0.964221  0.750871  3.4306  
0.214274  0.21427  5.18533  0.857558  0.223578  3.89138  
0.70919  0.852145  3.3232  0.798402  0.801196  2.88015  
0.857558  0.223578  3.89138  0.223583  0.857541  3.89138  
0.85273  0.000255732  4.30849  0.214274  0.21427  5.18533  
0.798402  0.801196  2.88015  0.85273  0.000255732  4.30849  
0.000333045  0.000336506  5.99933  0.000333045  0.000336506  5.99933  
0.851121  0.709263  3.32327  0.223583  0.857541  3.89138  
0.214274  0.21427  5.18533  0.70919  0.852145  3.3232  
0.85273  0.000255732  4.30849  0.000255592  0.852725  4.3085  
0.70919  0.852145  3.3232  0.851121  0.709263  3.32327  
0.223583  0.857541  3.89138  0.857772  0.858032  2.61419  
0.857558  0.223578  3.89138  0.000333045  0.000336506  5.99933  
0.857772  0.858032  2.61419  0.85273  0.000255732  4.30849  
0.798402  0.801196  2.88015  0.857558  0.223578  3.89138  
0.000333045  0.000336506  5.99933  0.214274  0.21427  5.18533  
0.000255592  0.852725  4.3085  0.798402  0.801196  2.88015  
0.70919  0.852145  3.3232  0.223583  0.857541  3.89138  
0.851121  0.709263  3.32327  0.000255592  0.852725  4.3085  
0.857558  0.223578  3.89138  0.798402  0.801196  2.88015  
0.000333045  0.000336506  5.99933  0.851121  0.709263  3.32327  
0.85273  0.000255732  4.30849  0.000333045  0.000336506  5.99933  
0.000255592  0.852725  4.3085  0.857558  0.223578  3.89138  
0.857772  0.858032  2.61419  0.857772  0.858032  2.61419  
0.223583  0.857541  3.89138  0.214274  0.21427  5.18533  
0.798402  0.801196  2.88015  0.85273  0.000255732  4.30849  
0.214274  0.21427  5.18533  0.70919  0.852145  3.3232  
0.857558  0.223578  3.89138  0.000333045  0.000336506  5.99933  
0.000255592  0.852725  4.3085  0.857772  0.858032  2.61419  
0.798402  0.801196  2.88015  0.798402  0.801196  2.88015  
0.70919  0.852145  3.3232  0.214274  0.21427  5.18533  
0.000333045  0.000336506  5.99933  0.85273  0.000255732  4.30849  
0.214274  0.21427  5.18533  0.857558  0.223578  3.89138  
0.851121  0.709263  3.32327  0.857558  0.223578  3.89138  
0.85273  0.000255732  4.30849  0.223583  0.857541  3.89138  
0.223583  0.857541  3.89138  0.000255592  0.852725  4.3085  
0.857772  0.858032  2.61419  0.70919  0.852145  3.3232  
0.70919  0.852145  3.3232  0.000255592  0.852725  4.3085  
0.857558  0.223578  3.89138  0.000333045  0.000336506  5.99933  
0.223583  0.857541  3.89138  0.857772  0.858032  2.61419  
0.857772  0.858032  2.61419  0.214274  0.21427  5.18533  
0.85273  0.000255732  4.30849  0.857558  0.223578  3.89138  
0.000255592  0.852725  4.3085  0.798402  0.801196  2.88015  
0.214274  0.21427  5.18533  0.85273  0.000255732  4.30849  
0.851121  0.709263  3.32327  0.70919  0.852145  3.3232  
0.000333045  0.000336506  5.99933  0.851121  0.709263  3.32327  
0.798402  0.801196  2.88015  0.223583  0.857541  3.89138  
0.70919  0.852145  3.3232  0.857558  0.223578  3.89138  
0.857558  0.223578  3.89138  0.857772  0.858032  2.61419  
0.85273  0.000255732  4.30849  0.851121  0.709263  3.32327  
0.798402  0.801196  2.88015  0.798402  0.0692057  4.33486  
0.000333045  0.000336506  5.99933  0.000333045  0.000336506  5.99933  
0.214274  0.21427  5.18533  0.331238  0.218624  5.25066  
0.223583  0.857541  3.89138  0.70919  0.852145  3.3232  
0.851121  0.709263  3.32327  0.85273  0.000255732  4.30849  
0.857772  0.858032  2.61419  0.223583  0.857541  3.89138  
0.000255592  0.852725  4.3085  0.214274  0.21427  5.18533  
0.223583  0.857541  3.89138  0.000255592  0.852725  4.3085  
0.000255592  0.852725  4.3085  0.857772  0.858032  2.61419  
0.857558  0.223578  3.89138  0.223583  0.857541  3.89138  
0.000333045  0.000336506  5.99933  0.214274  0.21427  5.18533  
0.798402  0.801196  2.88015  0.851121  0.709263  3.32327  
0.70919  0.852145  3.3232  0.000333045  0.000336506  5.99933  
0.85273  0.000255732  4.30849  0.857558  0.223578  3.89138  
0.851121  0.709263  3.32327  0.70919  0.852145  3.3232  
0.214274  0.21427  5.18533  0.798402  0.801196  2.88015  
0.857772  0.858032  2.61419  0.85273  0.000255732  4.30849  
0.85273  0.000255732  4.30849  0.223583  0.857541  3.89138  
0.223583  0.857541  3.89138  0.000333045  0.000336506  5.99933  
0.857772  0.858032  2.61419  0.000255592  0.852725  4.3085  
0.214274  0.21427  5.18533  0.70919  0.852145  3.3232  
0.851121  0.709263  3.32327  0.857772  0.858032  2.61419  
0.000333045  0.000336506  5.99933  0.851121  0.709263  3.32327  
0.70919  0.852145  3.3232  0.798402  0.801196  2.88015  
0.798402  0.801196  2.88015  0.85273  0.000255732  4.30849  
0.857558  0.223578  3.89138  0.214274  0.21427  5.18533  
0.000255592  0.852725  4.3085  0.857558  0.223578  3.89138  
0.000333045  0.000336506  5.99933  0.367287  0.843455  4.06518  
0.000255592  0.852725  4.3085  0.000255592  0.852725  4.3085  
0.70919  0.852145  3.3232  0.000333045  0.000336506  5.99933  
0.798402  0.801196  2.88015  0.85273  0.000255732  4.30849  
0.851121  0.709263  3.32327  0.70919  0.852145  3.3232  
0.857558  0.223578  3.89138  0.857772  0.858032  2.61419  
0.223583  0.857541  3.89138  0.857558  0.223578  3.89138  
0.214274  0.21427  5.18533  0.214274  0.21427  5.18533  
0.85273  0.000255732  4.30849  0.851121  0.709263  3.32327  
0.857772  0.858032  2.61419  0.223583  0.857541  3.89138  
0.223583  0.857541  3.89138  0.223583  0.857541  3.89138  
0.857558  0.223578  3.89138  0.857558  0.233791  3.8848  
0.000255592  0.852725  4.3085  0.70919  0.852145  3.3232  
0.000333045  0.000336506  5.99933  0.85273  0.000255732  4.30849  
0.214274  0.21427  5.18533  0.000333045  0.000336506  5.99933  
0.85273  0.000255732  4.30849  0.214274  0.21427  5.18533  
0.857772  0.858032  2.61419  0.000255592  0.852725  4.3085  
0.851121  0.709263  3.32327  0.857772  0.858032  2.61419  
0.798402  0.801196  2.88015  0.798402  0.801196  2.88015  
0.70919  0.852145  3.3232  0.851121  0.709263  3.32327  
0.798402  0.801196  2.88015  0.214274  0.21427  5.18533  
0.223583  0.857541  3.89138  0.857772  0.858032  2.61419  
0.70919  0.852145  3.3232  0.000333045  0.000336506  5.99933  
0.857772  0.858032  2.61419  0.851121  0.709263  3.32327  
0.85273  0.000255732  4.30849  0.85273  0.000255732  4.30849  
0.857558  0.223578  3.89138  0.70919  0.852145  3.3232  
0.000333045  0.000336506  5.99933  0.000255592  0.852725  4.3085  
0.214274  0.21427  5.18533  0.223583  0.857541  3.89138  
0.000255592  0.852725  4.3085  0.857558  0.223578  3.89138  
0.851121  0.709263  3.32327  0.798402  0.801196  2.88015  
0.851121  0.709263  3.32327  0.214274  0.21427  5.18533  
0.223583  0.857541  3.89138  0.798402  0.801196  2.88015  
0.000255592  0.852725  4.3085  0.85273  0.000255732  4.30849  
0.857772  0.858032  2.61419  0.851121  0.709263  3.32327  
0.214274  0.21427  5.18533  0.000333045  0.000336506  5.99933  
0.70919  0.852145  3.3232  0.70919  0.852145  3.3232  
0.857558  0.223578  3.89138  0.851121  0.709263  3.32327  
0.85273  0.000255732  4.30849  0.857772  0.858032  2.61419  
0.798402  0.801196  2.88015  0.223583  0.861588  3.89143  
0.000333045  0.000336506  5.99933  0.857558  0.223578  3.89138  
0.214274  0.21427  5.18533  0.851121  0.709263  3.32327  
0.000333045  0.000336506  5.99933  0.000333045  0.000336506  5.99933  
0.000255592  0.852725  4.3085  0.214274  0.21427  5.18533  
0.85273  0.000255732  4.30849  0.857558  0.223578  3.89138  
0.857558  0.223578  3.89138  0.000255592  0.852725  4.3085  
0.798402  0.801196  2.88015  0.857772  0.858032  2.61419  
0.857772  0.858032  2.61419  0.70919  0.852145  3.3232  
0.223583  0.857541  3.89138  0.223583  0.857541  3.89138  
0.70919  0.852145  3.3232  0.85273  0.000255732  4.30849  
0.851121  0.709263  3.32327  0.798402  0.801196  2.88015  
0.851121  0.709263  3.32327  0.798402  0.801196  2.88015  
0.223583  0.857541  3.89138  0.851121  0.709263  3.32327  
0.857558  0.223578  3.89138  0.85273  0.000255732  4.30849  
0.857772  0.858032  2.61419  0.223583  0.857541  3.89138  
0.214274  0.21427  5.18533  0.214274  0.21427  5.18533  
0.000333045  0.000336506  5.99933  0.857558  0.223578  3.89138  
0.70919  0.852145  3.3232  0.857772  0.858032  2.61419  
0.798402  0.801196  2.88015  0.000333045  0.000336506  5.99933  
0.000255592  0.852725  4.3085  0.70919  0.852145  3.3232  
0.85273  0.000255732  4.30849  0.000255592  0.852725  4.3085  
