0.588855  0.576644  5.3175  1.0277  1.01533  6.51448  
0.635594  0.766881  4.18978  1.06819  0.541997  5.75439  
1.07471  0.592814  5.58728  1.13248  1.13885  3.16209  
0.516  1.6126  2.90894  0.773834  0.678596  5.45349  
0.847583  0.530099  4.3884  0.548854  0.533997  5.76891  
0.770502  0.711552  5.99564  0.989793  0.611642  5.90381  
0.688812  1.58289  6.00064  1.23784  0.747066  6.56129  
0.743926  1.93886  3.8988  0.656143  1.14154  6.47568  
0.537307  0.55132  6.4337  0.586054  0.928882  3.81529  
0.896858  1.09232  4.85746  0.56976  0.559925  6.06364  
0.557099  1.22338  5.9792  0.66254  3.06033  6.54292  
0.64084  1.21196  6.56544  0.750438  1.26843  5.82419  
1.24288  0.731247  3.27039  0.671722  2.78478  2.0191  
0.625748  0.736909  5.47621  0.756196  2.07957  6.15168  
0.896457  0.921252  3.04736  0.781905  1.09419  6.60506  
0.660752  0.591618  5.58944  1.01899  0.689047  6.42584  
0.787795  0.967692  4.30761  0.603743  1.24688  4.76782  
1.02504  1.35981  1.97412  1.14724  0.698649  4.43572  
0.831031  0.652103  6.42142  0.7996  1.98783  4.26935  
0.685342  1.39912  4.59998  0.778772  0.472153  5.6162  
1.00158  0.560124  3.32305  0.665622  0.510197  4.87956  
1.07655  1.19187  4.95738  1.14335  1.01832  5.96646  
1.27707  0.532518  6.44907  0.627705  0.715434  5.93209  
0.600579  2.09198  3.01037  0.526557  1.01618  4.20563  
0.545888  2.17122  6.513  0.606858  0.860347  4.18049  
0.543018  0.550548  6.1881  1.1774  0.911206  1.94427  
0.766864  1.57311  6.38375  0.959395  0.454393  6.10243  
0.601332  0.653457  5.99562  1.04992  0.716401  3.03435  
0.705436  1.10944  6.38755  1.18983  0.599791  3.63869  
0.831062  0.637345  5.45444  1.44199  0.608274  6.28177  
1.23605  0.892748  4.51861  0.732238  0.658808  4.31422  
0.59009  1.2422  6.07359  1.4062  0.859578  2.91024  
0.720521  0.676447  6.40208  1.05439  0.939922  6.57049  
0.792119  1.36637  4.07987  0.664446  0.687864  5.7585  
0.418819  1.1782  4.58551  0.567771  0.661941  4.19177  
0.750195  0.603802  4.7037  0.605691  0.887533  6.46674  
0.757176  0.704613  4.44303  1.29351  0.920547  4.00831  
0.534751  1.2024  5.37257  0.640411  1.02079  6.08278  
0.458371  0.489734  5.98193  0.644162  0.754062  6.0717  
0.69028  0.565692  6.40016  0.7352  1.58224  1.73498  
0.713136  0.812943  6.39185  0.72851  0.810741  4.59232  
0.538573  0.731767  6.48904  0.570112  0.967634  5.60795  
0.760787  0.654066  6.50125  0.613386  1.96207  3.8824  
0.582329  1.02655  6.26324  1.33015  0.602715  6.40317  
0.60087  1.47335  2.91162  1.00073  0.654279  2.89872  
0.568731  0.946321  4.87914  0.537019  1.59441  6.1043  
0.801116  0.7577  5.83099  0.834583  0.891112  5.93938  
0.688719  1.64354  3.13053  0.973208  0.818125  3.81106  
0.580882  0.704021  5.73199  1.01234  0.593336  5.14217  
0.796203  0.64201  4.87487  0.743185  0.641355  4.14397  
0.759407  0.480221  4.30389  0.856015  1.55406  2.19681  
0.856846  1.18387  5.96917  0.948649  0.61566  4.09277  
0.920715  1.16287  6.25789  0.989783  0.942553  3.0819  
0.586453  1.8112  3.05818  0.738321  0.960076  2.8851  
0.582858  0.553101  5.59799  0.561086  0.617109  5.33843  
0.53518  0.923217  4.42297  0.924602  0.638387  5.05707  
0.699184  0.89033  6.41906  0.841326  1.3704  6.22204  
0.679522  1.98765  1.82874  0.861649  1.38104  3.39273  
0.672061  0.836838  6.35419  0.645573  1.29408  6.51054  
0.501865  1.76975  4.26989  0.661745  1.21467  5.86569  
0.678871  1.73347  5.74082  0.713795  1.11474  5.48795  
0.695505  1.05759  6.36013  0.747306  1.09742  6.56402  
0.62091  0.636231  6.52138  0.56412  0.460828  6.13966  
0.626301  2.01385  6.22585  1.02812  1.70145  6.07876  
1.31729  0.695699  6.33836  0.609741  0.876976  5.3037  
0.79301  0.830943  4.38161  0.548896  0.547686  6.03654  
0.847795  1.10676  3.87033  0.712014  2.35781  2.12044  
0.599766  0.580885  4.34612  1.00145  0.893474  3.03969  
1.23966  0.918126  2.2212  0.828829  1.03404  5.39338  
0.809783  1.14072  6.45919  1.02699  0.700772  4.53859  
0.540985  0.730296  6.4684  0.701483  0.878783  6.53185  
1.41939  0.592418  6.53277  0.641696  0.582324  4.69388  
0.782155  0.719018  4.22507  1.51403  0.80078  4.31997  
0.591961  1.41008  3.10584  0.759611  0.930897  6.28657  
0.482649  0.67748  3.9913  0.781938  0.681451  6.20703  
0.728517  0.953043  5.70143  0.79361  1.57911  4.89492  
1.26462  1.52106  4.2915  0.660713  0.701622  4.75621  
0.740338  0.95862  6.51657  0.717671  1.46032  1.9188  
0.626547  1.54115  5.33417  0.872797  1.06628  5.49911  
0.572716  0.789898  4.24864  0.58088  1.01264  5.77262  
0.820182  1.16339  6.69373  0.741123  1.1134  5.8192  
1.01078  1.08296  5.45232  1.01187  0.826718  5.48277  
0.647924  0.748989  5.60972  0.592596  0.527026  6.01428  
0.803053  0.779925  6.52369  0.877285  1.14467  3.3407  
0.591599  0.599951  5.46909  0.773753  0.786221  5.37931  
1.35868  0.969807  3.04312  1.31695  0.984993  5.63052  
0.819186  0.833051  5.5571  0.563121  0.974614  4.86005  
0.535875  0.655915  6.20688  0.585233  0.557506  5.74834  
1.09029  1.17978  5.1515  0.54129  0.718216  6.49152  
0.899311  1.2458  1.82567  0.561751  0.610479  6.30647  
0.64516  1.16171  5.92071  0.451251  1.69041  4.33939  
0.63525  0.645604  6.33057  0.990242  1.52357  1.85946  
0.673475  0.635275  4.81067  0.988141  0.754576  3.01412  
0.527088  0.582684  5.35119  0.523631  0.599739  5.52684  
0.6981  1.67808  6.52096  0.720238  0.772948  5.73492  
1.22044  1.37253  6.56813  0.611852  1.1148  4.8237  
0.650286  0.632625  6.52229  0.91411  0.941821  5.7138  
0.807417  1.3692  4.87346  1.14907  0.616848  5.6872  
0.71785  1.16226  4.84421  0.684279  0.813424  4.44379  
0.486701  0.534237  5.29116  0.882802  0.655978  5.96943  
0.843103  0.736111  0.00216702  1.02332  0.0938555  1.20408  
0.413871  1.56207  0.00216703  0.00055929  0.00038595  5.88233  
0.329885  0.329499  2.40025  0.530623  1.28511  0.00216703  
0.000389755  1.59797  2.40025  1.97962  0.000187077  0.00216703  
1.02332  0.0938555  1.20408  0.000389755  1.59797  2.40025  
0.000373501  3.92064  0.00216702  0.843103  0.736111  0.00216702  
0.00055929  0.00038595  5.88233  0.244905  2.08048  0.00216705  
0.244905  2.08048  0.00216705  0.140607  0.727694  2.40025  
0.530623  1.28511  0.00216703  0.413871  1.56207  0.00216703  
1.97962  0.000187077  0.00216703  0.000373501  3.92064  0.00216702  
1.97962  0.000187077  0.00216703  0.843103  0.736111  0.00216702  
0.530623  1.28511  0.00216703  0.244905  2.08048  0.00216705  
0.329885  0.329499  2.40025  0.413871  1.56207  0.00216703  
1.02332  0.0938555  1.20408  0.000373501  3.92064  0.00216702  
0.843103  0.736111  0.00216702  0.329885  0.329499  2.40025  
0.000373501  3.92064  0.00216702  0.000389755  1.59797  2.40025  
0.000389755  1.59797  2.40025  1.97962  0.000187077  0.00216703  
0.413871  1.56207  0.00216703  0.00055929  0.00038595  5.88233  
0.00055929  0.00038595  5.88233  1.02332  0.0938555  1.20408  
0.244905  2.08048  0.00216705  0.530623  1.28511  0.00216703  
0.244905  2.08048  0.00216705  0.218818  0.529951  2.40025  
0.413871  1.56207  0.00216703  1.97962  0.000187077  0.00216703  
0.000373501  3.92064  0.00216702  0.000373501  3.92064  0.00216702  
1.02332  0.0938555  1.20408  0.244905  2.08048  0.00216705  
1.97962  0.000187077  0.00216703  0.843103  0.736111  0.00216702  
0.218818  0.529951  2.40025  0.00055929  0.00038595  5.88233  
0.843103  0.736111  0.00216702  0.000389755  1.59797  2.40025  
0.000389755  1.59797  2.40025  0.329885  0.329499  2.40025  
0.00055929  0.00038595  5.88233  0.413871  1.56207  0.00216703  
0.329885  0.329499  2.40025  1.02332  0.0938555  1.20408  
0.000373501  3.92064  0.00216702  0.530623  1.28511  0.00216703  
0.000389755  1.59797  2.40025  1.97962  0.000187077  0.00216703  
1.02332  0.0938555  1.20408  1.02332  0.0938555  1.20408  
0.843103  0.736111  0.00216703  0.000389755  1.59797  2.40025  
0.000486974  0.000486405  5.88233  0.329885  0.329499  2.40025  
0.289962  1.0944  1.20843  0.843103  0.736111  0.00216703  
0.244905  2.08048  0.00216705  0.000373501  3.92064  0.00216702  
1.97962  0.000187077  0.00216703  0.244905  2.08048  0.00216705  
0.530623  1.28511  0.00216703  0.289962  1.0944  1.20843  
0.329885  0.329499  2.40025  0.000486974  0.000486405  5.88233  
1.29223  0.258193  0.00216703  0.329885  0.329499  2.40025  
0.329885  0.329499  2.40025  1.29223  0.258193  0.00216703  
0.244905  2.08048  0.00216705  0.000486974  0.000486405  5.88233  
0.000389755  1.59797  2.40025  1.97962  0.000187077  0.00216703  
1.02332  0.0938555  1.20408  0.000373501  3.92064  0.00216702  
1.97962  0.000187077  0.00216703  0.530623  1.28511  0.00216703  
0.000373501  3.92064  0.00216702  1.02332  0.0938555  1.20408  
0.000486974  0.000486405  5.88233  0.000389755  1.59797  2.40025  
0.530623  1.28511  0.00216703  0.244905  2.08048  0.00216705  
0.843103  0.736111  0.00216702  0.843103  0.736111  0.00216702  
0.000373501  3.92064  0.00216702  0.843103  0.736111  0.00216702  
1.97962  0.000187077  0.00216703  0.244905  2.08048  0.00216705  
0.843103  0.736111  0.00216702  0.289962  1.0944  1.20843  
0.329885  0.329499  2.40025  0.000486974  0.000486405  5.88233  
0.289962  1.0944  1.20843  0.000389755  1.59797  2.40025  
0.244905  2.08048  0.00216705  1.02332  0.0938555  1.20408  
0.000389755  1.59797  2.40025  0.329885  0.329499  2.40025  
1.02332  0.0938555  1.20408  1.97962  0.000187077  0.00216703  
0.530623  1.28511  0.00216703  0.000373501  3.92064  0.00216702  
0.000486974  0.000486405  5.88233  0.530623  1.28511  0.00216703  
0.843103  0.736111  0.00216702  0.000389755  1.59797  2.40025  
1.29223  0.258193  0.00216703  1.02332  0.0938555  1.20408  
0.329885  0.329499  2.40025  0.000486974  0.000486405  5.88233  
0.244905  2.08048  0.00216705  0.329885  0.329499  2.40025  
1.02332  0.0938555  1.20408  0.530623  1.28511  0.00216703  
0.000373501  3.92064  0.00216702  1.29223  0.258193  0.00216703  
0.000486974  0.000486405  5.88233  0.843103  0.736111  0.00216702  
1.97962  0.000187077  0.00216703  1.97962  0.000187077  0.00216703  
0.530623  1.28511  0.00216703  0.000373501  3.92064  0.00216702  
0.000389755  1.59797  2.40025  0.244905  2.08048  0.00216705  
0.329885  0.329499  2.40025  0.329885  0.329499  2.40025  
0.000486974  0.000486405  5.88233  0.000373501  3.92064  0.00216702  
0.000373501  3.92064  0.00216702  0.244905  2.08048  0.00216705  
1.97962  0.000187077  0.00216703  1.02332  0.0938555  1.20408  
1.02332  0.0938555  1.20408  1.29223  0.258193  0.00216703  
1.29223  0.258193  0.00216703  1.97962  0.000187077  0.00216703  
0.843103  0.736111  0.00216702  0.000389755  1.59797  2.40025  
0.000389755  1.59797  2.40025  0.000486974  0.000486405  5.88233  
0.530623  1.28511  0.00216703  0.530623  1.28511  0.00216703  
0.244905  2.08048  0.00216705  0.843103  0.736111  0.00216702  
0.000389755  1.59797  2.40025  0.843103  0.736111  0.00216702  
1.29223  0.258193  0.00216703  0.329885  0.329499  2.40025  
0.000373501  3.92064  0.00216702  1.29223  0.258193  0.00216703  
0.000486974  0.000486405  5.88233  1.02332  0.0938555  1.20408  
1.02332  0.0938555  1.20408  0.000486974  0.000486405  5.88233  
0.843103  0.736111  0.00216702  0.530623  1.28511  0.00216703  
0.329885  0.329499  2.40025  0.244905  2.08048  0.00216705  
1.97962  0.000187077  0.00216703  1.97962  0.000187077  0.00216703  
0.530623  1.28511  0.00216703  0.000389755  1.59797  2.40025  
0.244905  2.08048  0.00216705  0.000373501  3.92064  0.00216702  
0.843103  0.736111  0.00216702  0.530623  1.28511  0.00216703  
0.000486974  0.000486405  5.88233  1.97962  0.000187077  0.00216703  
1.29223  0.258193  0.00216703  0.000486974  0.000486405  5.88233  
0.329885  0.329499  2.40025  0.843103  0.736111  0.00216702  
1.02332  0.0938555  1.20408  0.000389755  1.59797  2.40025  
0.000389755  1.59797  2.40025  1.29223  0.258193  0.00216703  
0.000373501  3.92064  0.00216702  0.244905  2.08048  0.00216705  
0.244905  2.08048  0.00216705  0.000373501  3.92064  0.00216702  
0.530623  1.28511  0.00216703  1.02332  0.0938555  1.20408  
1.97962  0.000187077  0.00216703  0.329885  0.329499  2.40025  
0.000397431  3.9182  0.002167  1.97962  0.000187056  0.002167  
0.00048293  0.000492447  5.88233  0.329885  0.329499  2.40025  
0.843084  0.736139  0.002167  0.00048293  0.000492447  5.88233  
0.000389734  1.59797  2.40025  1.02332  0.0938554  1.20408  
0.329885  0.329499  2.40025  1.29196  0.258402  0.002167  
1.29196  0.258402  0.002167  0.134596  0.7458  2.40025  
0.00633105  3.67997  0.002167  0.529916  1.28664  0.002167  
1.97962  0.000187056  0.002167  0.000397431  3.9182  0.002167  
1.02332  0.0938554  1.20408  0.843084  0.736139  0.002167  
0.529916  1.28664  0.002167  0.244905  2.08048  0.002167  
0.000389734  1.59797  2.40025  0.244905  2.08048  0.002167  
0.244905  2.08048  0.002167  1.29196  0.258402  0.002167  
0.529916  1.28664  0.002167  0.329885  0.329499  2.40025  
0.00048293  0.000492447  5.88233  1.02332  0.0938554  1.20408  
1.2977  0.254078  0.002167  0.529916  1.28664  0.002167  
0.329885  0.329499  2.40025  0.00048293  0.000492447  5.88233  
1.02332  0.0938554  1.20408  0.843084  0.736139  0.002167  
0.000397431  3.9182  0.002167  1.97962  0.000187056  0.002167  
1.97962  0.000187056  0.002167  0.134596  0.7458  2.40025  
1.29196  0.258402  0.002167  0.000397431  3.9182  0.002167  
0.000397431  3.9182  0.002167  0.329885  0.329499  2.40025  
0.329885  0.329499  2.40025  0.529916  1.28664  0.002167  
0.00048293  0.000492447  5.88233  0.843084  0.736139  0.002167  
0.00633105  3.67997  0.002167  1.02332  0.0938554  1.20408  
1.02332  0.0938554  1.20408  1.97962  0.000187056  0.002167  
1.29196  0.258402  0.002167  0.244905  2.08048  0.002167  
0.000389734  1.59797  2.40025  0.000397431  3.9182  0.002167  
0.529916  1.28664  0.002167  1.29196  0.258402  0.002167  
1.97962  0.000187056  0.002167  0.000389734  1.59797  2.40025  
0.843084  0.736139  0.002167  0.00048293  0.000492447  5.88233  
0.000397431  3.9182  0.002167  1.02332  0.0938554  1.20408  
0.244905  2.08048  0.002167  0.329885  0.329499  2.40025  
1.02332  0.0938554  1.20408  0.000397431  3.9182  0.002167  
0.00048293  0.000492447  5.88233  1.29196  0.258402  0.002167  
1.29196  0.258402  0.002167  0.529916  1.28664  0.002167  
0.000389734  1.59797  2.40025  1.97962  0.000187056  0.002167  
0.329885  0.329499  2.40025  0.134596  0.7458  2.40025  
1.2977  0.254078  0.002167  0.843084  0.736139  0.002167  
1.97962  0.000187056  0.002167  0.00048293  0.000492447  5.88233  
0.529916  1.28664  0.002167  0.244905  2.08048  0.002167  
1.97962  0.000187056  0.002167  0.000389734  1.59797  2.40025  
0.000389734  1.59797  2.40025  0.244905  2.08048  0.002167  
1.29196  0.258402  0.002167  0.329885  0.329499  2.40025  
0.529916  1.28664  0.002167  1.29196  0.258402  0.002167  
0.244905  2.08048  0.002167  0.000397431  3.9182  0.002167  
1.02332  0.0938554  1.20408  1.97962  0.000187056  0.002167  
0.000397431  3.9182  0.002167  0.00048293  0.000492447  5.88233  
0.329885  0.329499  2.40025  1.02332  0.0938554  1.20408  
0.843084  0.736139  0.002167  0.843084  0.736139  0.002167  
0.00048293  0.000492447  5.88233  0.529916  1.28664  0.002167  
0.000397431  3.9182  0.002167  0.000389734  1.59797  2.40025  
0.843084  0.736139  0.002167  0.843084  0.736139  0.002167  
0.529916  1.28664  0.002167  0.529916  1.28664  0.002167  
0.329885  0.329499  2.40025  0.00633105  3.67997  0.002167  
1.02332  0.0938554  1.20408  1.97962  0.000187056  0.002167  
0.000389734  1.59797  2.40025  0.000397431  3.9182  0.002167  
0.00633105  3.67997  0.002167  0.329885  0.329499  2.40025  
1.29196  0.258402  0.002167  0.00048293  0.000492447  5.88233  
1.97962  0.000187056  0.002167  1.02332  0.0938554  1.20408  
0.00048293  0.000492447  5.88233  1.29196  0.258402  0.002167  
0.529916  1.28664  0.002167  0.000397431  3.9182  0.002167  
0.843084  0.736139  0.002167  1.02332  0.0938554  1.20408  
0.134596  0.7458  2.40025  1.97962  0.000187056  0.002167  
0.329885  0.329499  2.40025  0.329885  0.329499  2.40025  
0.00048293  0.000492447  5.88233  0.843084  0.736139  0.002167  
0.000397431  3.9182  0.002167  0.529916  1.28664  0.002167  
1.29196  0.258402  0.002167  1.29196  0.258402  0.002167  
0.244905  2.08048  0.002167  0.000389734  1.59797  2.40025  
1.02332  0.0938554  1.20408  0.00048293  0.000492447  5.88233  
1.97962  0.000187056  0.002167  0.244905  2.08048  0.002167  
1.02332  0.0938554  1.20408  0.244905  2.08048  0.002167  
0.329885  0.329499  2.40025  0.00048293  0.000492447  5.88233  
0.843084  0.736139  0.002167  1.02332  0.0938554  1.20408  
0.529916  1.28664  0.002167  0.000389734  1.59797  2.40025  
0.00048293  0.000492447  5.88233  0.843084  0.736139  0.002167  
0.000389734  1.59797  2.40025  0.529916  1.28664  0.002167  
0.000397431  3.9182  0.002167  0.329885  0.329499  2.40025  
1.97962  0.000187056  0.002167  1.97962  0.000187056  0.002167  
1.29196  0.258402  0.002167  1.29196  0.258402  0.002167  
0.244905  2.08048  0.002167  0.000397431  3.9182  0.002167  
0.00048293  0.000492447  5.88233  0.244905  2.08048  0.002167  
0.329885  0.329499  2.40025  0.529916  1.28664  0.002167  
0.000389734  1.59797  2.40025  1.29196  0.258402  0.002167  
0.529916  1.28664  0.002167  1.02332  0.0938554  1.20408  
0.843084  0.736139  0.002167  1.97962  0.000187056  0.002167  
0.000397431  3.9182  0.002167  0.134596  0.7458  2.40025  
0.244905  2.08048  0.002167  0.00048293  0.000492447  5.88233  
1.02332  0.0938554  1.20408  0.329885  0.329499  2.40025  
1.97962  0.000187056  0.002167  0.000397431  3.9182  0.002167  
1.29196  0.258402  0.002167  0.843084  0.736139  0.002167  
0.329885  0.329499  2.40025  0.000397431  3.9182  0.002167  
0.843084  0.736139  0.002167  1.02332  0.0938554  1.20408  
1.29196  0.258402  0.002167  1.29196  0.258402  0.002167  
0.529916  1.28664  0.002167  0.00048293  0.000492447  5.88233  
0.000389734  1.59797  2.40025  0.329885  0.329499  2.40025  
0.000397431  3.9182  0.002167  1.97962  0.000187056  0.002167  
1.97962  0.000187056  0.002167  0.529916  1.28664  0.002167  
0.00048293  0.000492447  5.88233  0.134596  0.7458  2.40025  
0.244905  2.08048  0.002167  0.244905  2.08048  0.002167  
1.02332  0.0938554  1.20408  0.843084  0.736139  0.002167  
1.29196  0.258402  0.002167  0.842414  0.73709  0.002167  
1.97962  0.000187056  0.002167  0.244905  2.08048  0.002167  
1.02434  0.0933085  1.20408  1.29196  0.258402  0.002167  
0.148229  0.705453  2.40025  0.000397431  3.9182  0.002167  
0.000397431  3.9182  0.002167  1.02434  0.0933085  1.20408  
0.244905  2.08048  0.002167  0.329885  0.329499  2.40025  
0.529916  1.28664  0.002167  0.529916  1.28664  0.002167  
0.000494999  0.000474431  5.88233  1.97962  0.000187056  0.002167  
0.329885  0.329499  2.40025  0.000494999  0.000474431  5.88233  
0.842414  0.73709  0.002167  0.148229  0.705453  2.40025  
1.97962  0.000187056  0.002167  0.000494999  0.000474431  5.88233  
0.244905  2.08048  0.002167  1.29196  0.258402  0.002167  
0.000393358  1.59774  2.40025  0.148229  0.705453  2.40025  
1.02434  0.0933085  1.20408  1.97962  0.000187056  0.002167  
0.529916  1.28664  0.002167  0.329885  0.329499  2.40025  
0.842414  0.73709  0.002167  0.529916  1.28664  0.002167  
1.29196  0.258402  0.002167  1.02434  0.0933085  1.20408  
0.329885  0.329499  2.40025  0.000397431  3.9182  0.002167  
0.000397431  3.9182  0.002167  0.244905  2.08048  0.002167  
0.000494999  0.000474431  5.88233  0.842414  0.73709  0.002167  
1.02434  0.0933085  1.20408  0.000494999  0.000474431  5.88233  
1.29196  0.258402  0.002167  0.244905  2.08048  0.002167  
0.000397431  3.9182  0.002167  0.329885  0.329499  2.40025  
0.244905  2.08048  0.002167  1.29196  0.258402  0.002167  
0.000494999  0.000474431  5.88233  1.02434  0.0933085  1.20408  
0.842414  0.73709  0.002167  0.000397431  3.9182  0.002167  
0.529916  1.28664  0.002167  0.842414  0.73709  0.002167  
0.329885  0.329499  2.40025  0.529916  1.28664  0.002167  
0.000393358  1.59774  2.40025  1.97962  0.000187056  0.002167  
1.97962  0.000187056  0.002167  0.000393358  1.59774  2.40025  
0.000494999  0.000474431  5.88233  1.02434  0.0933085  1.20408  
0.244905  2.08048  0.002167  0.000397431  3.9182  0.002167  
0.529916  1.28664  0.002167  0.000393358  1.59774  2.40025  
1.97962  0.000187056  0.002167  0.842414  0.73709  0.002167  
0.000393358  1.59774  2.40025  1.97962  0.000187056  0.002167  
0.000397431  3.9182  0.002167  0.000494999  0.000474431  5.88233  
1.02434  0.0933085  1.20408  0.329885  0.329499  2.40025  
0.329885  0.329499  2.40025  1.29196  0.258402  0.002167  
1.29196  0.258402  0.002167  0.244905  2.08048  0.002167  
0.842414  0.73709  0.002167  0.529916  1.28664  0.002167  
0.000494999  0.000474431  5.88233  0.329885  0.329499  2.40025  
1.29196  0.258402  0.002167  1.02434  0.0933085  1.20408  
0.000393358  1.59774  2.40025  0.148229  0.705453  2.40025  
0.244905  2.08048  0.002167  0.842414  0.73709  0.002167  
0.329885  0.329499  2.40025  1.97962  0.000187056  0.002167  
0.842414  0.73709  0.002167  0.000494999  0.000474431  5.88233  
1.97962  0.000187056  0.002167  1.29196  0.258402  0.002167  
0.529916  1.28664  0.002167  0.529916  1.28664  0.002167  
0.000397431  3.9182  0.002167  0.000397431  3.9182  0.002167  
1.02434  0.0933085  1.20408  0.244905  2.08048  0.002167  
1.02434  0.0933085  1.20408  1.29196  0.258402  0.002167  
0.329885  0.329499  2.40025  1.97962  0.000187056  0.002167  
0.000393358  1.59774  2.40025  0.000397431  3.9182  0.002167  
1.97962  0.000187056  0.002167  1.02434  0.0933085  1.20408  
0.244905  2.08048  0.002167  0.244905  2.08048  0.002167  
0.529916  1.28664  0.002167  0.329885  0.329499  2.40025  
0.000397431  3.9182  0.002167  0.000494999  0.000474431  5.88233  
1.29196  0.258402  0.002167  0.000393358  1.59774  2.40025  
0.000494999  0.000474431  5.88233  0.529916  1.28664  0.002167  
0.842414  0.73709  0.002167  0.842414  0.73709  0.002167  
1.29196  0.258402  0.002167  1.02434  0.0933085  1.20408  
0.000494999  0.000474431  5.88233  0.842414  0.73709  0.002167  
1.02434  0.0933085  1.20408  0.529916  1.28664  0.002167  
0.244905  2.08048  0.002167  0.244905  2.08048  0.002167  
0.842414  0.73709  0.002167  1.97962  0.000187056  0.002167  
0.529916  1.28664  0.002167  0.000494999  0.000474431  5.88233  
0.000393358  1.59774  2.40025  1.29196  0.258402  0.002167  
0.329885  0.329499  2.40025  0.329885  0.329499  2.40025  
0.000397431  3.9182  0.002167  0.000393358  1.59774  2.40025  
1.97962  0.000187056  0.002167  0.000397431  3.9182  0.002167  
0.000494999  0.000474431  5.88233  0.000397431  3.9182  0.002167  
0.842414  0.73709  0.002167  0.000393358  1.59774  2.40025  
0.244905  2.08048  0.002167  0.000494999  0.000474431  5.88233  
1.02434  0.0933085  1.20408  1.02434  0.0933085  1.20408  
1.29196  0.258402  0.002167  0.529916  1.28664  0.002167  
1.97962  0.000187056  0.002167  0.842414  0.73709  0.002167  
0.000397431  3.9182  0.002167  0.244905  2.08048  0.002167  
0.329885  0.329499  2.40025  0.329885  0.329499  2.40025  
0.000393358  1.59774  2.40025  1.97962  0.000187056  0.002167  
0.529916  1.28664  0.002167  1.29196  0.258402  0.002167  
0.000494999  0.000474431  5.88233  1.29196  0.258402  0.002167  
0.842414  0.73709  0.002167  0.244905  2.08048  0.002167  
1.29196  0.258402  0.002167  0.842414  0.73709  0.002167  
1.02434  0.0933085  1.20408  0.329885  0.329499  2.40025  
0.000397431  3.9182  0.002167  0.000494999  0.000474431  5.88233  
0.529916  1.28664  0.002167  0.000393358  1.59774  2.40025  
1.97962  0.000187056  0.002167  1.02434  0.0933085  1.20408  
0.244905  2.08048  0.002167  0.000397431  3.9182  0.002167  
0.000393358  1.59774  2.40025  1.97962  0.000187056  0.002167  
0.329885  0.329499  2.40025  0.529916  1.28664  0.002167  
1.97962  0.000187056  0.002167  0.244905  2.08048  0.002167  
1.29196  0.258402  0.002167  1.97962  0.000187056  0.002167  
1.02434  0.0933085  1.20408  0.000393358  1.59774  2.40025  
0.244905  2.08048  0.002167  1.02434  0.0933085  1.20408  
0.529916  1.28664  0.002167  0.842414  0.73709  0.002167  
0.000397431  3.9182  0.002167  1.29196  0.258402  0.002167  
0.329885  0.329499  2.40025  0.529916  1.28664  0.002167  
0.000494999  0.000474431  5.88233  0.329885  0.329499  2.40025  
0.000393358  1.59774  2.40025  0.000397431  3.9182  0.002167  
0.842414  0.73709  0.002167  0.000494999  0.000474431  5.88233  
0.371264  0.90143  1.20843  1.97876  0.000204115  0.002167  
1.29196  0.258402  0.002167  0.329885  0.329499  2.40025  
1.97876  0.000204115  0.002167  0.371264  0.90143  1.20843  
0.000393358  1.59774  2.40025  0.000472277  0.000508743  5.88233  
0.000397431  3.9182  0.002167  1.02434  0.0933085  1.20408  
1.02434  0.0933085  1.20408  1.36301  0.207715  0.002167  
0.842414  0.73709  0.002167  0.842414  0.73709  0.002167  
0.000472277  0.000508743  5.88233  0.000393358  1.59774  2.40025  
0.244905  2.08048  0.002167  0.244905  2.08048  0.002167  
0.329885  0.329499  2.40025  0.000397431  3.9182  0.002167  
0.244905  2.08048  0.002167  0.842414  0.73709  0.002167  
0.000393358  1.59774  2.40025  1.29196  0.258402  0.002167  
1.97876  0.000204115  0.002167  0.329885  0.329499  2.40025  
0.000397431  3.9182  0.002167  1.97876  0.000204115  0.002167  
1.29196  0.258402  0.002167  0.000393358  1.59774  2.40025  
0.000472277  0.000508743  5.88233  0.244905  2.08048  0.002167  
0.329885  0.329499  2.40025  0.529916  1.28664  0.002167  
1.02434  0.0933085  1.20408  0.000472277  0.000508743  5.88233  
0.842414  0.73709  0.002167  1.02434  0.0933085  1.20408  
0.529916  1.28664  0.002167  0.000397431  3.9182  0.002167  
0.842414  0.73709  0.002167  0.000393358  1.59774  2.40025  
1.97876  0.000204115  0.002167  0.000472277  0.000508743  5.88233  
0.329885  0.329499  2.40025  0.329885  0.329499  2.40025  
0.529916  1.28664  0.002167  1.29196  0.258402  0.002167  
0.000393358  1.59774  2.40025  1.02434  0.0933085  1.20408  
0.000472277  0.000508743  5.88233  0.244905  2.08048  0.002167  
0.000397431  3.9182  0.002167  0.529916  1.28664  0.002167  
1.02434  0.0933085  1.20408  0.000397431  3.9182  0.002167  
1.29196  0.258402  0.002167  0.842414  0.73709  0.002167  
0.244905  2.08048  0.002167  1.97876  0.000204115  0.002167  
0.842414  0.73709  0.002167  0.842414  0.73709  0.002167  
0.000397431  3.9182  0.002167  1.97876  0.000204115  0.002167  
1.97876  0.000204115  0.002167  1.29196  0.258402  0.002167  
0.529916  1.28664  0.002167  1.02434  0.0933085  1.20408  
1.02434  0.0933085  1.20408  0.000472277  0.000508743  5.88233  
0.000393358  1.59774  2.40025  0.329885  0.329499  2.40025  
0.244905  2.08048  0.002167  0.000393358  1.59774  2.40025  
0.329885  0.329499  2.40025  0.529916  1.28664  0.002167  
1.29196  0.258402  0.002167  0.000397431  3.9182  0.002167  
0.000472277  0.000508743  5.88233  0.244905  2.08048  0.002167  
1.29196  0.258402  0.002167  0.329885  0.329499  2.40025  
0.000397431  3.9182  0.002167  1.29196  0.258402  0.002167  
1.02434  0.0933085  1.20408  0.000472277  0.000508743  5.88233  
0.329885  0.329499  2.40025  0.000393358  1.59774  2.40025  
0.000393358  1.59774  2.40025  1.97876  0.000204115  0.002167  
0.000472277  0.000508743  5.88233  0.000397431  3.9182  0.002167  
0.244905  2.08048  0.002167  1.02434  0.0933085  1.20408  
0.842414  0.73709  0.002167  0.371264  0.90143  1.20843  
0.529916  1.28664  0.002167  0.244905  2.08048  0.002167  
1.97876  0.000204115  0.002167  0.842414  0.73709  0.002167  
0.329885  0.329499  2.40025  0.329885  0.329499  2.40025  
1.97876  0.000204115  0.002167  0.000472277  0.000508743  5.88233  
0.371264  0.90143  1.20843  1.02434  0.0933085  1.20408  
0.000397431  3.9182  0.002167  0.842414  0.73709  0.002167  
0.000472277  0.000508743  5.88233  0.000397431  3.9182  0.002167  
1.02434  0.0933085  1.20408  0.244905  2.08048  0.002167  
0.842414  0.73709  0.002167  1.29196  0.258402  0.002167  
0.244905  2.08048  0.002167  1.97876  0.000204115  0.002167  
0.000393358  1.59774  2.40025  0.000393358  1.59774  2.40025  
1.29196  0.258402  0.002167  0.529916  1.28664  0.002167  
0.842414  0.73709  0.002167  1.02434  0.0933085  1.20408  
1.97876  0.000204115  0.002167  0.842414  0.73709  0.002167  
0.000393358  1.59774  2.40025  0.329885  0.329499  2.40025  
1.02434  0.0933085  1.20408  1.29196  0.258402  0.002167  
0.529916  1.28664  0.002167  0.000393358  1.59774  2.40025  
0.000472277  0.000508743  5.88233  0.000397431  3.9182  0.002167  
0.000397431  3.9182  0.002167  0.000472277  0.000508743  5.88233  
1.29196  0.258402  0.002167  1.97876  0.000204115  0.002167  
0.244905  2.08048  0.002167  0.529916  1.28664  0.002167  
0.329885  0.329499  2.40025  0.244905  2.08048  0.002167  
0.244905  2.08048  0.002167  1.29196  0.258402  0.002167  
0.529916  1.28664  0.002167  1.97876  0.000204115  0.002167  
0.000393358  1.59774  2.40025  0.244905  2.08048  0.002167  
0.000397431  3.9182  0.002167  0.000393358  1.59774  2.40025  
1.02434  0.0933085  1.20408  0.842414  0.73709  0.002167  
1.97876  0.000204115  0.002167  0.329885  0.329499  2.40025  
0.329885  0.329499  2.40025  0.000397431  3.9182  0.002167  
0.842414  0.73709  0.002167  1.02434  0.0933085  1.20408  
1.29196  0.258402  0.002167  0.000472277  0.000508743  5.88233  
0.000472277  0.000508743  5.88233  0.529916  1.28664  0.002167  
1.29196  0.258402  0.002167  0.244905  2.08048  0.002167  
0.244905  2.08048  0.002167  1.97876  0.000204115  0.002167  
1.97876  0.000204115  0.002167  1.29196  0.258402  0.002167  
0.529916  1.28664  0.002167  0.000393358  1.59774  2.40025  
1.02434  0.0933085  1.20408  1.02434  0.0933085  1.20408  
0.000472277  0.000508743  5.88233  0.842414  0.73709  0.002167  
0.842414  0.73709  0.002167  0.000472277  0.000508743  5.88233  
0.329885  0.329499  2.40025  0.000397431  3.9182  0.002167  
0.000393358  1.59774  2.40025  0.329885  0.329499  2.40025  
0.000397431  3.9182  0.002167  0.529916  1.28664  0.002167  
1.29196  0.258402  0.002167  0.842414  0.73709  0.002167  
0.000472277  0.000508743  5.88233  0.329885  0.329499  2.40025  
0.000393358  1.59774  2.40025  0.000397431  3.9182  0.002167  
0.529916  1.28664  0.002167  0.244905  2.08048  0.002167  
0.000397431  3.9182  0.002167  1.29196  0.258402  0.002167  
0.244905  2.08048  0.002167  0.529916  1.28664  0.002167  
1.02434  0.0933085  1.20408  0.000472277  0.000508743  5.88233  
0.329885  0.329499  2.40025  0.000393358  1.59774  2.40025  
0.842414  0.73709  0.002167  1.02434  0.0933085  1.20408  
1.97876  0.000204115  0.002167  1.97876  0.000204115  0.002167  
0.00046199  0.000524836  5.88233  0.00046199  0.000524836  5.88233  
0.329885  0.329499  2.40025  0.329885  0.329499  2.40025  
1.97876  0.000204115  0.002167  0.000397431  3.9182  0.002167  
0.842414  0.73709  0.002167  1.97876  0.000204115  0.002167  
0.000397431  3.9182  0.002167  0.529916  1.28664  0.002167  
1.29196  0.258402  0.002167  0.244905  2.08048  0.002167  
1.02434  0.0933085  1.20408  0.000393358  1.59774  2.40025  
0.244905  2.08048  0.002167  1.02434  0.0933085  1.20408  
0.000393358  1.59774  2.40025  1.29196  0.258402  0.002167  
0.529916  1.28664  0.002167  0.842414  0.73709  0.002167  
1.97876  0.000204115  0.002167  0.842414  0.73709  0.002167  
0.529916  1.28664  0.002167  1.29196  0.258402  0.002167  
0.000393358  1.59774  2.40025  1.02434  0.0933085  1.20408  
1.29196  0.258402  0.002167  1.97876  0.000204115  0.002167  
0.00046199  0.000524836  5.88233  0.244905  2.08048  0.002167  
0.842414  0.73709  0.002167  0.000397431  3.9182  0.002167  
0.000397431  3.9182  0.002167  0.000587159  0.000351167  5.88233  
1.02434  0.0933085  1.20408  0.329885  0.329499  2.40025  
0.329885  0.329499  2.40025  0.000393358  1.59774  2.40025  
0.244905  2.08048  0.002167  0.529916  1.28664  0.002167  
0.244905  2.08048  0.002167  0.329885  0.329499  2.40025  
1.97876  0.000204115  0.002167  0.842414  0.73709  0.002167  
1.29196  0.258402  0.002167  1.29196  0.258402  0.002167  
0.329885  0.329499  2.40025  0.244905  2.08048  0.002167  
0.000397431  3.9182  0.002167  0.529916  1.28664  0.002167  
0.000587159  0.000351167  5.88233  0.000393358  1.59774  2.40025  
1.02434  0.0933085  1.20408  0.000397431  3.9182  0.002167  
0.529916  1.28664  0.002167  1.97876  0.000204115  0.002167  
0.000393358  1.59774  2.40025  0.00046199  0.000524836  5.88233  
0.842414  0.73709  0.002167  1.02434  0.0933085  1.20408  
0.842414  0.73709  0.002167  0.329885  0.329499  2.40025  
0.329885  0.329499  2.40025  1.02434  0.0933085  1.20408  
1.97876  0.000204115  0.002167  0.000397431  3.9182  0.002167  
0.529916  1.28664  0.002167  0.000393358  1.59774  2.40025  
1.02434  0.0933085  1.20408  0.244905  2.08048  0.002167  
0.000393358  1.59774  2.40025  1.29196  0.258402  0.002167  
1.29196  0.258402  0.002167  1.97876  0.000204115  0.002167  
0.244905  2.08048  0.002167  0.000587159  0.000351167  5.88233  
0.00046199  0.000524836  5.88233  0.529916  1.28664  0.002167  
0.000397431  3.9182  0.002167  0.842414  0.73709  0.002167  
0.842414  0.73709  0.002167  1.97876  0.000204115  0.002167  
0.529916  1.28664  0.002167  0.529916  1.28664  0.002167  
1.29196  0.258402  0.002167  0.000393358  1.59774  2.40025  
0.000587159  0.000351167  5.88233  0.000397431  3.9182  0.002167  
0.000397431  3.9182  0.002167  1.29196  0.258402  0.002167  
0.000393358  1.59774  2.40025  0.842414  0.73709  0.002167  
0.244905  2.08048  0.002167  0.329885  0.329499  2.40025  
0.329885  0.329499  2.40025  1.02434  0.0933085  1.20408  
1.97876  0.000204115  0.002167  0.000587159  0.000351167  5.88233  
1.02434  0.0933085  1.20408  0.244905  2.08048  0.002167  
1.29196  0.258402  0.002167  0.842414  0.73709  0.002167  
1.02434  0.0933085  1.20408  1.02434  0.0933085  1.20408  
0.244905  2.08048  0.002167  0.244905  2.08048  0.002167  
0.529916  1.28664  0.002167  0.000397431  3.9182  0.002167  
0.842414  0.73709  0.002167  1.97876  0.000204115  0.002167  
1.97876  0.000204115  0.002167  0.000393358  1.59774  2.40025  
0.00046199  0.000524836  5.88233  0.529916  1.28664  0.002167  
0.000397431  3.9182  0.002167  0.329885  0.329499  2.40025  
0.329885  0.329499  2.40025  1.29196  0.258402  0.002167  
0.000393358  1.59774  2.40025  0.00046199  0.000524836  5.88233  
1.29196  0.258402  0.002167  1.29196  0.258402  0.002167  
0.00046199  0.000524836  5.88233  0.529916  1.28664  0.002167  
0.000397431  3.9182  0.002167  1.97876  0.000204115  0.002167  
0.529916  1.28664  0.002167  1.02434  0.0933085  1.20408  
0.329885  0.329499  2.40025  0.000393358  1.59774  2.40025  
0.000393358  1.59774  2.40025  0.244905  2.08048  0.002167  
1.02434  0.0933085  1.20408  0.329885  0.329499  2.40025  
0.244905  2.08048  0.002167  0.000397431  3.9182  0.002167  
1.97876  0.000204115  0.002167  0.842414  0.73709  0.002167  
0.842414  0.73709  0.002167  0.000587159  0.000351167  5.88233  
1.02434  0.0933085  1.20408  1.29196  0.258402  0.002167  
0.329885  0.329499  2.40025  0.329885  0.329499  2.40025  
0.00046199  0.000524836  5.88233  1.97876  0.000204115  0.002167  
0.244905  2.08048  0.002167  0.842414  0.73709  0.002167  
0.529916  1.28664  0.002167  1.02434  0.0933085  1.20408  
0.000397431  3.9182  0.002167  0.529916  1.28664  0.002167  
1.97876  0.000204115  0.002167  0.000587159  0.000351167  5.88233  
0.842414  0.73709  0.002167  0.244905  2.08048  0.002167  
1.29196  0.258402  0.002167  0.000397431  3.9182  0.002167  
0.000393358  1.59774  2.40025  0.000393358  1.59774  2.40025  
0.244905  2.08048  0.002167  0.000587159  0.000351167  5.88233  
0.000393358  1.59774  2.40025  0.329885  0.329499  2.40025  
1.02434  0.0933085  1.20408  0.842414  0.73709  0.002167  
0.529916  1.28664  0.002167  1.29196  0.258402  0.002167  
0.842414  0.73709  0.002167  0.529916  1.28664  0.002167  
0.329885  0.329499  2.40025  0.000397431  3.9182  0.002167  
1.29196  0.258402  0.002167  0.000393358  1.59774  2.40025  
1.97876  0.000204115  0.002167  1.97876  0.000204115  0.002167  
0.000397431  3.9182  0.002167  1.02434  0.0933085  1.20408  
0.000587159  0.000351167  5.88233  0.244905  2.08048  0.002167  
0.244905  2.08048  0.002167  0.842414  0.73709  0.002167  
0.329885  0.329499  2.40025  0.329885  0.329499  2.40025  
0.529916  1.28664  0.002167  1.29196  0.258402  0.002167  
1.97876  0.000204115  0.002167  0.000397431  3.9182  0.002167  
0.000393358  1.59774  2.40025  0.000393358  1.59774  2.40025  
0.000397431  3.9182  0.002167  0.529916  1.28664  0.002167  
0.842414  0.73709  0.002167  1.97876  0.000204115  0.002167  
1.02434  0.0933085  1.20408  0.00046199  0.000524836  5.88233  
1.29196  0.258402  0.002167  1.02434  0.0933085  1.20408  
0.000587159  0.000351167  5.88233  0.244905  2.08048  0.002167  
0.329885  0.329499  2.40025  0.329885  0.329499  2.40025  
0.244905  2.08048  0.002167  0.00046199  0.000524836  5.88233  
0.00046199  0.000524836  5.88233  0.000397431  3.9182  0.002167  
0.000397431  3.9182  0.002167  0.529916  1.28664  0.002167  
1.02434  0.0933085  1.20408  0.244905  2.08048  0.002167  
0.842414  0.73709  0.002167  1.97876  0.000204115  0.002167  
1.97876  0.000204115  0.002167  0.842414  0.73709  0.002167  
1.29196  0.258402  0.002167  1.02434  0.0933085  1.20408  
0.000393358  1.59774  2.40025  0.000393358  1.59774  2.40025  
0.529916  1.28664  0.002167  1.29196  0.258402  0.002167  
1.29196  0.258402  0.002167  1.29196  0.258402  0.002167  
1.02434  0.0933085  1.20408  1.02434  0.0933085  1.20408  
0.529916  1.28664  0.002167  0.842414  0.73709  0.002167  
0.842414  0.73709  0.002167  0.000397431  3.9182  0.002167  
0.244905  2.08048  0.002167  1.97876  0.000204115  0.002167  
0.000393358  1.59774  2.40025  0.244905  2.08048  0.002167  
0.000397431  3.9182  0.002167  0.00046199  0.000524836  5.88233  
1.97876  0.000204115  0.002167  0.000393358  1.59774  2.40025  
0.00046199  0.000524836  5.88233  0.329885  0.329499  2.40025  
0.329885  0.329499  2.40025  0.529916  1.28664  0.002167  
1.29196  0.258402  0.002167  0.000393358  1.59774  2.40025  
0.000397431  3.9182  0.002167  0.529916  1.28664  0.002167  
0.842414  0.73709  0.002167  1.97876  0.000204115  0.002167  
1.02434  0.0933085  1.20408  0.329885  0.329499  2.40025  
0.00046199  0.000524836  5.88233  0.842414  0.73709  0.002167  
0.329885  0.329499  2.40025  0.000397431  3.9182  0.002167  
1.97876  0.000204115  0.002167  1.02434  0.0933085  1.20408  
0.529916  1.28664  0.002167  0.00046199  0.000524836  5.88233  
0.000393358  1.59774  2.40025  0.244905  2.08048  0.002167  
0.244905  2.08048  0.002167  1.29196  0.258402  0.002167  
0.244905  2.08048  0.002167  0.000397431  3.9182  0.002167  
0.000393358  1.59774  2.40025  0.244905  2.08048  0.002167  
0.842414  0.73709  0.002167  0.000393358  1.59774  2.40025  
0.329885  0.329499  2.40025  0.329885  0.329499  2.40025  
0.00046199  0.000524836  5.88233  0.00046199  0.000524836  5.88233  
1.97876  0.000204115  0.002167  0.529916  1.28664  0.002167  
1.02434  0.0933085  1.20408  1.02434  0.0933085  1.20408  
0.000397431  3.9182  0.002167  1.29196  0.258402  0.002167  
0.529916  1.28664  0.002167  1.97876  0.000204115  0.002167  
1.29196  0.258402  0.002167  0.842414  0.73709  0.002167  
0.329885  0.329499  2.40025  0.000393358  1.59774  2.40025  
0.842414  0.73709  0.002167  1.97876  0.000204115  0.002167  
1.29196  0.258402  0.002167  1.02434  0.0933085  1.20408  
0.244905  2.08048  0.002167  0.244905  2.08048  0.002167  
0.529916  1.28664  0.002167  0.00046199  0.000524836  5.88233  
0.000393358  1.59774  2.40025  0.842414  0.73709  0.002167  
0.000397431  3.9182  0.002167  1.29196  0.258402  0.002167  
1.97876  0.000204115  0.002167  0.529916  1.28664  0.002167  
0.00046199  0.000524836  5.88233  0.329885  0.329499  2.40025  
1.02434  0.0933085  1.20408  0.000397431  3.9182  0.002167  
1.29196  0.258402  0.002167  1.29196  0.258402  0.002167  
1.02434  0.0933085  1.20408  0.329885  0.329499  2.40025  
0.244905  2.08048  0.002167  0.00046199  0.000524836  5.88233  
0.529916  1.28664  0.002167  0.244905  2.08048  0.002167  
0.842414  0.73709  0.002167  0.000393358  1.59774  2.40025  
1.97876  0.000204115  0.002167  1.97876  0.000204115  0.002167  
0.00046199  0.000524836  5.88233  0.000397431  3.9182  0.002167  
0.000397431  3.9182  0.002167  0.842414  0.73709  0.002167  
0.329885  0.329499  2.40025  0.529916  1.28664  0.002167  
0.000393358  1.59774  2.40025  1.02434  0.0933085  1.20408  
0.842414  0.73709  0.002167  0.00046199  0.000524836  5.88233  
0.329885  0.329499  2.40025  0.244905  2.08048  0.002167  
0.00046199  0.000524836  5.88233  0.329885  0.329499  2.40025  
1.29196  0.258402  0.002167  0.000397431  3.9182  0.002167  
0.000397431  3.9182  0.002167  0.000393358  1.59774  2.40025  
0.000393358  1.59774  2.40025  1.29196  0.258402  0.002167  
1.02434  0.0933085  1.20408  0.529916  1.28664  0.002167  
0.244905  2.08048  0.002167  1.97876  0.000204115  0.002167  
0.529916  1.28664  0.002167  1.02434  0.0933085  1.20408  
1.97876  0.000204115  0.002167  0.842414  0.73709  0.002167  
0.000397431  3.9182  0.002167  0.329885  0.329499  2.40025  
0.00046199  0.000524836  5.88233  0.842414  0.73709  0.002167  
1.02434  0.0933085  1.20408  1.29196  0.258402  0.002167  
1.97876  0.000204115  0.002167  0.529916  1.28664  0.002167  
0.000393358  1.59774  2.40025  0.000393358  1.59774  2.40025  
1.29196  0.258402  0.002167  1.97876  0.000204115  0.002167  
0.842414  0.73709  0.002167  0.244905  2.08048  0.002167  
0.329885  0.329499  2.40025  0.00046199  0.000524836  5.88233  
0.244905  2.08048  0.002167  1.02434  0.0933085  1.20408  
0.529916  1.28664  0.002167  0.000397431  3.9182  0.002167  
1.97876  0.000204115  0.002167  0.529916  1.28664  0.002167  
0.842414  0.73709  0.002167  1.97876  0.000204115  0.002167  
0.00046199  0.000524836  5.88233  0.00046199  0.000524836  5.88233  
0.000393358  1.59774  2.40025  0.000397431  3.9182  0.002167  
1.29196  0.258402  0.002167  0.000393358  1.59774  2.40025  
1.02434  0.0933085  1.20408  1.29196  0.258402  0.002167  
0.244905  2.08048  0.002167  1.02434  0.0933085  1.20408  
0.529916  1.28664  0.002167  0.329885  0.329499  2.40025  
0.329885  0.329499  2.40025  0.244905  2.08048  0.002167  
0.000397431  3.9182  0.002167  0.842414  0.73709  0.002167  
0.00046199  0.000524836  5.88233  1.29196  0.258402  0.002167  
1.02434  0.0933085  1.20408  0.00046199  0.000524836  5.88233  
1.29196  0.258402  0.002167  1.41936  0.000146455  1.44912  
0.000393358  1.59774  2.40025  0.244905  2.08048  0.002167  
0.842414  0.73709  0.002167  0.329885  0.329499  2.40025  
0.000397431  3.9182  0.002167  0.000393358  1.59774  2.40025  
1.97876  0.000204115  0.002167  1.02434  0.0933085  1.20408  
0.244905  2.08048  0.002167  0.529916  1.28664  0.002167  
0.329885  0.329499  2.40025  0.842414  0.73709  0.002167  
0.529916  1.28664  0.002167  0.000397431  3.9182  0.002167  
1.97876  0.000204115  0.002167  0.000393358  1.59774  2.40025  
0.000393358  1.59774  2.40025  0.329885  0.329499  2.40025  
0.842414  0.73709  0.002167  0.842414  0.73709  0.002167  
0.329885  0.329499  2.40025  0.00046199  0.000524836  5.88233  
1.29196  0.258402  0.002167  0.244905  2.08048  0.002167  
1.02434  0.0933085  1.20408  1.29196  0.258402  0.002167  
0.244905  2.08048  0.002167  1.02434  0.0933085  1.20408  
0.000397431  3.9182  0.002167  0.000397431  3.9182  0.002167  
0.529916  1.28664  0.002167  0.529916  1.28664  0.002167  
0.00046199  0.000524836  5.88233  1.97876  0.000204115  0.002167  
0.329885  0.329499  2.40025  0.329885  0.329499  2.40025  
0.842414  0.73709  0.002167  0.00046199  0.000524836  5.88233  
1.29196  0.258402  0.002167  0.529916  1.28664  0.002167  
0.244905  2.08048  0.002167  0.244905  2.08048  0.002167  
0.000397431  3.9182  0.002167  1.97876  0.000204115  0.002167  
0.000393358  1.59774  2.40025  0.000397431  3.9182  0.002167  
0.00046199  0.000524836  5.88233  1.02434  0.0933085  1.20408  
0.529916  1.28664  0.002167  0.000393358  1.59774  2.40025  
1.02434  0.0933085  1.20408  0.842414  0.73709  0.002167  
1.97876  0.000204115  0.002167  1.29196  0.258402  0.002167  
1.29196  0.258402  0.002167  0.329885  0.329499  2.40025  
0.000397431  3.9182  0.002167  0.529916  1.28664  0.002167  
0.244905  2.08048  0.002167  0.00046199  0.000524836  5.88233  
0.529916  1.28664  0.002167  0.000397431  3.9182  0.002167  
0.842414  0.73709  0.002167  1.02434  0.0933085  1.20408  
1.97876  0.000204115  0.002167  0.000393358  1.59774  2.40025  
0.000393358  1.59774  2.40025  1.97876  0.000204115  0.002167  
1.02434  0.0933085  1.20408  0.842414  0.73709  0.002167  
0.329885  0.329499  2.40025  0.244905  2.08048  0.002167  
0.00046199  0.000524836  5.88233  1.29196  0.258402  0.002167  
0.329885  0.329499  2.40025  0.842414  0.73709  0.002167  
1.29196  0.258402  0.002167  0.00046199  0.000524836  5.88233  
0.00046199  0.000524836  5.88233  0.529916  1.28664  0.002167  
0.842414  0.73709  0.002167  1.02434  0.0933085  1.20408  
0.529916  1.28664  0.002167  0.000397431  3.9182  0.002167  
0.000393358  1.59774  2.40025  0.329885  0.329499  2.40025  
1.02434  0.0933085  1.20408  0.244905  2.08048  0.002167  
1.97876  0.000204115  0.002167  0.000393358  1.59774  2.40025  
0.000397431  3.9182  0.002167  1.29196  0.258402  0.002167  
0.244905  2.08048  0.002167  1.97876  0.000204115  0.002167  
0.00046199  0.000524836  5.88233  0.529916  1.28664  0.002167  
0.842414  0.73709  0.002167  0.244905  2.08048  0.002167  
0.000397431  3.9182  0.002167  0.842414  0.73709  0.002167  
0.529916  1.28664  0.002167  1.97876  0.000204115  0.002167  
0.000393358  1.59774  2.40025  1.02434  0.0933085  1.20408  
0.244905  2.08048  0.002167  0.329885  0.329499  2.40025  
1.29196  0.258402  0.002167  0.00046199  0.000524836  5.88233  
1.97876  0.000204115  0.002167  1.29196  0.258402  0.002167  
0.329885  0.329499  2.40025  0.000397431  3.9182  0.002167  
1.02434  0.0933085  1.20408  0.000393358  1.59774  2.40025  
1.29196  0.258402  0.002167  0.00046199  0.000524836  5.88233  
0.00046199  0.000524836  5.88233  0.529916  1.28664  0.002167  
0.000393358  1.59774  2.40025  0.842414  0.73709  0.002167  
1.97876  0.000204115  0.002167  0.000393358  1.59774  2.40025  
0.329885  0.329499  2.40025  0.000397431  3.9182  0.002167  
1.02434  0.0933085  1.20408  0.244905  2.08048  0.002167  
0.244905  2.08048  0.002167  0.329885  0.329499  2.40025  
0.000397431  3.9182  0.002167  1.97876  0.000204115  0.002167  
0.842414  0.73709  0.002167  1.29196  0.258402  0.002167  
0.529916  1.28664  0.002167  1.02434  0.0933085  1.20408  
1.29196  0.258402  0.002167  0.529916  1.28664  0.002167  
1.02434  0.0933085  1.20408  0.244905  2.08048  0.002167  
0.244905  2.08048  0.002167  0.00046199  0.000524836  5.88233  
0.529916  1.28664  0.002167  0.000393358  1.59774  2.40025  
0.842414  0.73709  0.002167  0.000397431  3.9182  0.002167  
1.97876  0.000204115  0.002167  0.329885  0.329499  2.40025  
0.00046199  0.000524836  5.88233  1.02434  0.0933085  1.20408  
0.000397431  3.9182  0.002167  0.842414  0.73709  0.002167  
0.329885  0.329499  2.40025  1.97876  0.000204115  0.002167  
0.000393358  1.59774  2.40025  1.29196  0.258402  0.002167  
0.244905  2.08048  0.002167  1.97876  0.000204115  0.002167  
1.02434  0.0933085  1.20408  0.842414  0.73709  0.002167  
0.00046199  0.000524836  5.88233  1.02434  0.0933085  1.20408  
0.529916  1.28664  0.002167  0.329885  0.329499  2.40025  
1.29196  0.258402  0.002167  0.00046199  0.000524836  5.88233  
0.329885  0.329499  2.40025  0.244905  2.08048  0.002167  
1.97876  0.000204115  0.002167  0.000397431  3.9182  0.002167  
0.842414  0.73709  0.002167  1.29196  0.258402  0.002167  
0.000397431  3.9182  0.002167  0.000393358  1.59774  2.40025  
0.000393358  1.59774  2.40025  0.529916  1.28664  0.002167  
0.329885  0.329499  2.40025  0.244905  2.08048  0.002167  
0.842414  0.73709  0.002167  0.842414  0.73709  0.002167  
0.529916  1.28664  0.002167  0.529916  1.28664  0.002167  
1.02434  0.0933085  1.20408  0.00046199  0.000524836  5.88233  
0.000393358  1.59774  2.40025  1.02434  0.0933085  1.20408  
1.97876  0.000204115  0.002167  0.591328  1.15931  0.002167  
0.00046199  0.000524836  5.88233  0.329885  0.329499  2.40025  
0.000397431  3.9182  0.002167  1.29196  0.258402  0.002167  
1.29196  0.258402  0.002167  0.000393358  1.59774  2.40025  
0.244905  2.08048  0.002167  0.000397431  3.9182  0.002167  
0.329885  0.329499  2.40025  0.842414  0.73709  0.002167  
1.97876  0.000204115  0.002167  0.000393358  1.59774  2.40025  
0.00046199  0.000524836  5.88233  1.02434  0.0933085  1.20408  
0.000397431  3.9182  0.002167  0.329885  0.329499  2.40025  
0.244905  2.08048  0.002167  1.29196  0.258402  0.002167  
0.842414  0.73709  0.002167  1.97876  0.000204115  0.002167  
1.02434  0.0933085  1.20408  0.000397431  3.9182  0.002167  
1.29196  0.258402  0.002167  0.529916  1.28664  0.002167  
0.529916  1.28664  0.002167  0.244905  2.08048  0.002167  
0.000393358  1.59774  2.40025  0.00046199  0.000524836  5.88233  
0.329885  0.329499  2.40025  1.02434  0.0933085  1.20408  
0.00046199  0.000524836  5.88233  0.329885  0.329499  2.40025  
0.529916  1.28664  0.002167  1.29196  0.258402  0.002167  
0.000397431  3.9182  0.002167  1.97876  0.000204115  0.002167  
1.97876  0.000204115  0.002167  0.842414  0.73709  0.002167  
1.02434  0.0933085  1.20408  0.000393358  1.59774  2.40025  
1.29196  0.258402  0.002167  0.000397431  3.9182  0.002167  
0.244905  2.08048  0.002167  0.244905  2.08048  0.002167  
0.000393358  1.59774  2.40025  0.529916  1.28664  0.002167  
0.842414  0.73709  0.002167  0.00046199  0.000524836  5.88233  
1.02434  0.0933085  1.20408  0.000397431  3.9182  0.002167  
0.000397431  3.9182  0.002167  1.02434  0.0933085  1.20408  
0.00046199  0.000524836  5.88233  0.00046199  0.000524836  5.88233  
0.529916  1.28664  0.002167  0.529916  1.28664  0.002167  
0.000393358  1.59774  2.40025  0.329885  0.329499  2.40025  
1.29196  0.258402  0.002167  1.29196  0.258402  0.002167  
0.842414  0.73709  0.002167  1.97876  0.000204115  0.002167  
0.329885  0.329499  2.40025  0.244905  2.08048  0.002167  
0.244905  2.08048  0.002167  0.842414  0.73709  0.002167  
1.97876  0.000204115  0.002167  0.000393358  1.59774  2.40025  
0.842414  0.73709  0.002167  1.97876  0.000204115  0.002167  
1.29196  0.258402  0.002167  1.29196  0.258402  0.002167  
0.329885  0.329499  2.40025  0.000397431  3.9182  0.002167  
0.000397431  3.9182  0.002167  0.842414  0.73709  0.002167  
0.529916  1.28664  0.002167  1.02434  0.0933085  1.20408  
1.97876  0.000204115  0.002167  0.529916  1.28664  0.002167  
0.000393358  1.59774  2.40025  0.000393358  1.59774  2.40025  
0.244905  2.08048  0.002167  0.329885  0.329499  2.40025  
0.00046199  0.000524836  5.88233  0.244905  2.08048  0.002167  
1.02434  0.0933085  1.20408  0.00046199  0.000524836  5.88233  
0.000393358  1.59774  2.40025  0.529916  1.28664  0.002167  
0.00046199  0.000524836  5.88233  0.000393358  1.59774  2.40025  
0.842414  0.73709  0.002167  0.000397431  3.9182  0.002167  
1.29196  0.258402  0.002167  1.02434  0.0933085  1.20408  
1.97876  0.000204115  0.002167  0.244905  2.08048  0.002167  
0.329885  0.329499  2.40025  0.329885  0.329499  2.40025  
0.529916  1.28664  0.002167  0.00046199  0.000524836  5.88233  
0.000397431  3.9182  0.002167  1.29196  0.258402  0.002167  
1.02434  0.0933085  1.20408  1.97876  0.000204115  0.002167  
0.244905  2.08048  0.002167  0.842414  0.73709  0.002167  
1.02434  0.0933085  1.20408  0.244905  2.08048  0.002167  
0.00046199  0.000524836  5.88233  0.000397431  3.9182  0.002167  
0.529916  1.28664  0.002167  0.842414  0.73709  0.002167  
1.97876  0.000204115  0.002167  1.29196  0.258402  0.002167  
0.329885  0.329499  2.40025  0.529916  1.28664  0.002167  
0.842414  0.73709  0.002167  0.000393358  1.59774  2.40025  
1.29196  0.258402  0.002167  0.329885  0.329499  2.40025  
0.244905  2.08048  0.002167  0.00046199  0.000524836  5.88233  
0.000397431  3.9182  0.002167  1.97876  0.000204115  0.002167  
0.000393358  1.59774  2.40025  1.02434  0.0933085  1.20408  
1.29196  0.258402  0.002167  0.329885  0.329499  2.40025  
1.02434  0.0933085  1.20408  1.97876  0.000204115  0.002167  
0.244905  2.08048  0.002167  0.000397431  3.9182  0.002167  
0.529916  1.28664  0.002167  0.000393358  1.59774  2.40025  
0.842414  0.73709  0.002167  0.244905  2.08048  0.002167  
1.97876  0.000204115  0.002167  0.00046199  0.000524836  5.88233  
0.00046199  0.000524836  5.88233  0.842414  0.73709  0.002167  
0.000397431  3.9182  0.002167  1.02434  0.0933085  1.20408  
0.329885  0.329499  2.40025  0.529916  1.28664  0.002167  
0.000393358  1.59774  2.40025  1.29196  0.258402  0.002167  
1.97876  0.000204115  0.002167  0.000393358  1.59774  2.40025  
1.02434  0.0933085  1.20408  1.29196  0.258402  0.002167  
0.842414  0.73709  0.002167  0.529916  1.28664  0.002167  
0.329885  0.329499  2.40025  0.329885  0.329499  2.40025  
0.000397431  3.9182  0.002167  0.842414  0.73709  0.002167  
0.000393358  1.59774  2.40025  1.97876  0.000204115  0.002167  
0.529916  1.28664  0.002167  0.00046199  0.000524836  5.88233  
1.29196  0.258402  0.002167  1.02434  0.0933085  1.20408  
0.00046199  0.000524836  5.88233  0.000397431  3.9182  0.002167  
0.244905  2.08048  0.002167  0.244905  2.08048  0.002167  
0.000397431  3.9182  0.002167  0.842414  0.73709  0.002167  
0.244905  2.08048  0.002167  0.244905  2.08048  0.002167  
0.000393358  1.59774  2.40025  0.00046199  0.000524836  5.88233  
0.842414  0.73709  0.002167  0.329885  0.329499  2.40025  
1.97876  0.000204115  0.002167  1.97876  0.000204115  0.002167  
0.329885  0.329499  2.40025  1.02434  0.0933085  1.20408  
1.02434  0.0933085  1.20408  0.000397431  3.9182  0.002167  
1.29196  0.258402  0.002167  0.529916  1.28664  0.002167  
0.00046199  0.000524836  5.88233  0.404085  0.0808204  5.771  
0.529916  1.28664  0.002167  0.000393358  1.59774  2.40025  
0.000397431  3.9182  0.002167  0.000393358  1.59774  2.40025  
1.29196  0.258402  0.002167  1.97876  0.000204115  0.002167  
0.329885  0.329499  2.40025  0.529916  1.28664  0.002167  
0.00046199  0.000524836  5.88233  0.00046199  0.000524836  5.88233  
1.97876  0.000204115  0.002167  1.29196  0.258402  0.002167  
0.842414  0.73709  0.002167  0.842414  0.73709  0.002167  
0.000393358  1.59774  2.40025  0.329885  0.329499  2.40025  
0.529916  1.28664  0.002167  0.000397431  3.9182  0.002167  
0.244905  2.08048  0.002167  1.02434  0.0933085  1.20408  
1.02434  0.0933085  1.20408  0.244905  2.08048  0.002167  
1.97876  0.000204115  0.002167  0.00046199  0.000524836  5.88233  
0.529916  1.28664  0.002167  1.02434  0.0933085  1.20408  
0.244905  2.08048  0.002167  0.244905  2.08048  0.002167  
1.02434  0.0933085  1.20408  0.000397431  3.9182  0.002167  
0.00046199  0.000524836  5.88233  1.97876  0.000204115  0.002167  
0.000397431  3.9182  0.002167  0.529916  1.28664  0.002167  
1.29196  0.258402  0.002167  0.000393358  1.59774  2.40025  
0.842414  0.73709  0.002167  1.29196  0.258402  0.002167  
0.329885  0.329499  2.40025  0.329885  0.329499  2.40025  
0.000393358  1.59774  2.40025  0.842414  0.73709  0.002167  
0.529916  1.28664  0.002167  0.529916  1.28664  0.002167  
0.842414  0.73709  0.002167  0.000393358  1.59774  2.40025  
0.00046199  0.000524836  5.88233  0.00046199  0.000524836  5.88233  
0.000397431  3.9182  0.002167  0.842414  0.73709  0.002167  
1.29196  0.258402  0.002167  1.97876  0.000204115  0.002167  
0.244905  2.08048  0.002167  0.000397431  3.9182  0.002167  
0.000393358  1.59774  2.40025  0.244905  2.08048  0.002167  
1.02434  0.0933085  1.20408  0.329885  0.329499  2.40025  
0.329885  0.329499  2.40025  1.29196  0.258402  0.002167  
1.97876  0.000204115  0.002167  1.02434  0.0933085  1.20408  
0.00046199  0.000524836  5.88233  1.97876  0.000204115  0.002167  
1.29196  0.258402  0.002167  0.244905  2.08048  0.002167  
0.000397431  3.9182  0.002167  0.842414  0.73709  0.002167  
0.842414  0.73709  0.002167  0.000393358  1.59774  2.40025  
0.000393358  1.59774  2.40025  0.00046199  0.000524836  5.88233  
0.244905  2.08048  0.002167  0.000397431  3.9182  0.002167  
0.529916  1.28664  0.002167  1.29196  0.258402  0.002167  
1.02434  0.0933085  1.20408  0.329885  0.329499  2.40025  
1.97876  0.000204115  0.002167  1.02434  0.0933085  1.20408  
0.329885  0.329499  2.40025  0.529916  1.28664  0.002167  
0.529916  1.28664  0.002167  0.329885  0.329499  2.40025  
0.329885  0.329499  2.40025  0.244905  2.08048  0.002167  
1.97876  0.000204115  0.002167  1.02434  0.0933085  1.20408  
1.29196  0.258402  0.002167  1.97876  0.000204115  0.002167  
1.02434  0.0933085  1.20408  1.29196  0.258402  0.002167  
0.000397431  3.9182  0.002167  0.00046199  0.000524836  5.88233  
0.00046199  0.000524836  5.88233  0.000397431  3.9182  0.002167  
0.000393358  1.59774  2.40025  0.000393358  1.59774  2.40025  
0.244905  2.08048  0.002167  0.529916  1.28664  0.002167  
0.842414  0.73709  0.002167  0.842414  0.73709  0.002167  
0.000393358  1.59774  2.40025  0.000397431  3.9182  0.002167  
0.244905  2.08048  0.002167  0.329885  0.329499  2.40025  
0.842414  0.73709  0.002167  0.842414  0.73709  0.002167  
0.00046199  0.000524836  5.88233  0.244905  2.08048  0.002167  
1.97876  0.000204115  0.002167  1.29196  0.258402  0.002167  
0.000397431  3.9182  0.002167  0.529916  1.28664  0.002167  
0.329885  0.329499  2.40025  0.00046199  0.000524836  5.88233  
1.29196  0.258402  0.002167  1.97876  0.000204115  0.002167  
0.529916  1.28664  0.002167  1.02434  0.0933085  1.20408  
1.02434  0.0933085  1.20408  0.000393358  1.59774  2.40025  
1.97876  0.000204115  0.002167  0.842414  0.73709  0.002167  
0.000397431  3.9182  0.002167  1.29196  0.258402  0.002167  
0.00046199  0.000524836  5.88233  1.97876  0.000204115  0.002167  
1.02434  0.0933085  1.20408  0.529916  1.28664  0.002167  
0.842414  0.73709  0.002167  0.000393358  1.59774  2.40025  
1.29196  0.258402  0.002167  0.000397431  3.9182  0.002167  
0.329885  0.329499  2.40025  0.00046199  0.000524836  5.88233  
0.529916  1.28664  0.002167  0.329885  0.329499  2.40025  
0.244905  2.08048  0.002167  0.244905  2.08048  0.002167  
0.000393358  1.59774  2.40025  1.02434  0.0933085  1.20408  
1.29196  0.258402  0.002167  1.02434  0.0933085  1.20408  
1.02434  0.0933085  1.20408  0.244905  2.08048  0.002167  
0.244905  2.08048  0.002167  1.29196  0.258402  0.002167  
0.529916  1.28664  0.002167  0.529916  1.28664  0.002167  
0.842414  0.73709  0.002167  1.97876  0.000204115  0.002167  
1.97876  0.000204115  0.002167  0.329885  0.329499  2.40025  
0.00046199  0.000524836  5.88233  0.000393358  1.59774  2.40025  
0.000397431  3.9182  0.002167  0.000397431  3.9182  0.002167  
0.329885  0.329499  2.40025  0.00046199  0.000524836  5.88233  
0.000393358  1.59774  2.40025  0.842414  0.73709  0.002167  
0.000397431  3.9182  0.002167  0.529916  1.28664  0.002167  
0.842414  0.73709  0.002167  0.000393358  1.59774  2.40025  
0.529916  1.28664  0.002167  1.02434  0.0933085  1.20408  
0.244905  2.08048  0.002167  1.29196  0.258402  0.002167  
0.329885  0.329499  2.40025  0.00046199  0.000524836  5.88233  
1.97876  0.000204115  0.002167  0.842414  0.73709  0.002167  
1.29196  0.258402  0.002167  0.329885  0.329499  2.40025  
0.000393358  1.59774  2.40025  0.244905  2.08048  0.002167  
0.00046199  0.000524836  5.88233  0.000397431  3.9182  0.002167  
1.02434  0.0933085  1.20408  1.97876  0.000204115  0.002167  
1.29196  0.258402  0.002167  0.329885  0.329499  2.40025  
0.244905  2.08048  0.002167  0.00046199  0.000524836  5.88233  
0.00046199  0.000524836  5.88233  0.244905  2.08048  0.002167  
0.842414  0.73709  0.002167  0.842414  0.73709  0.002167  
0.329885  0.329499  2.40025  1.02434  0.0933085  1.20408  
1.97876  0.000204115  0.002167  0.529916  1.28664  0.002167  
1.02434  0.0933085  1.20408  1.97876  0.000204115  0.002167  
0.529916  1.28664  0.002167  0.000393358  1.59774  2.40025  
0.000393358  1.59774  2.40025  0.000397431  3.9182  0.002167  
0.000397431  3.9182  0.002167  1.29196  0.258402  0.002167  
0.000393358  1.59774  2.40025  0.842414  0.73709  0.002167  
0.244905  2.08048  0.002167  0.00046199  0.000524836  5.88233  
0.329885  0.329499  2.40025  0.529916  1.28664  0.002167  
0.000397431  3.9182  0.002167  1.02434  0.0933085  1.20408  
0.842414  0.73709  0.002167  0.000397431  3.9182  0.002167  
1.02434  0.0933085  1.20408  1.29196  0.258402  0.002167  
0.00046199  0.000524836  5.88233  0.329885  0.329499  2.40025  
0.529916  1.28664  0.002167  0.000393358  1.59774  2.40025  
1.97876  0.000204115  0.002167  1.97876  0.000204115  0.002167  
1.29196  0.258402  0.002167  0.244905  2.08048  0.002167  
0.529916  1.28664  0.002167  0.329885  0.329499  2.40025  
0.000393358  1.59774  2.40025  1.97876  0.000204115  0.002167  
1.02434  0.0933085  1.20408  1.29196  0.258402  0.002167  
0.842414  0.73709  0.002167  0.244905  2.08048  0.002167  
0.000397431  3.9182  0.002167  0.00046199  0.000524836  5.88233  
0.329885  0.329499  2.40025  0.529916  1.28664  0.002167  
1.29196  0.258402  0.002167  0.842414  0.73709  0.002167  
0.244905  2.08048  0.002167  0.000397431  3.9182  0.002167  
0.00046199  0.000524836  5.88233  1.02434  0.0933085  1.20408  
1.97876  0.000204115  0.002167  0.000393358  1.59774  2.40025  
0.244905  2.08048  0.002167  1.97876  0.000204115  0.002167  
1.97876  0.000204115  0.002167  0.842414  0.73709  0.002167  
1.29196  0.258402  0.002167  0.000393358  1.59774  2.40025  
0.000397431  3.9182  0.002167  0.529916  1.28664  0.002167  
0.000393358  1.59774  2.40025  0.000397431  3.9182  0.002167  
0.842414  0.73709  0.002167  0.329885  0.329499  2.40025  
0.00046199  0.000524836  5.88233  1.02434  0.0933085  1.20408  
0.329885  0.329499  2.40025  0.244905  2.08048  0.002167  
1.02434  0.0933085  1.20408  0.00046199  0.000524836  5.88233  
0.529916  1.28664  0.002167  1.29196  0.258402  0.002167  
1.29196  0.258402  0.002167  0.000393358  1.59774  2.40025  
0.000397431  3.9182  0.002167  0.244905  2.08048  0.002167  
1.97876  0.000204115  0.002167  0.00046199  0.000524836  5.88233  
0.529916  1.28664  0.002167  0.329885  0.329499  2.40025  
0.000393358  1.59774  2.40025  1.29196  0.258402  0.002167  
0.329885  0.329499  2.40025  0.529916  1.28664  0.002167  
0.00046199  0.000524836  5.88233  0.000397431  3.9182  0.002167  
0.842414  0.73709  0.002167  1.97876  0.000204115  0.002167  
1.02434  0.0933085  1.20408  0.842414  0.73709  0.002167  
0.244905  2.08048  0.002167  1.02434  0.0933085  1.20408  
1.29196  0.258402  0.002167  0.529916  1.28664  0.002167  
1.02434  0.0933085  1.20408  0.000393358  1.59774  2.40025  
0.329885  0.329499  2.40025  1.97876  0.000204115  0.002167  
0.000393358  1.59774  2.40025  1.29196  0.258402  0.002167  
0.842414  0.73709  0.002167  0.329885  0.329499  2.40025  
0.529916  1.28664  0.002167  0.842414  0.73709  0.002167  
1.97876  0.000204115  0.002167  0.00046199  0.000524836  5.88233  
0.244905  2.08048  0.002167  0.244905  2.08048  0.002167  
0.00046199  0.000524836  5.88233  0.000397431  3.9182  0.002167  
0.000397431  3.9182  0.002167  1.02434  0.0933085  1.20408  
0.000393358  1.59774  2.40025  0.244905  2.08048  0.002167  
0.000397431  3.9182  0.002167  0.329885  0.329499  2.40025  
1.02434  0.0933085  1.20408  0.000397431  3.9182  0.002167  
0.842414  0.73709  0.002167  0.00046199  0.000524836  5.88233  
1.29196  0.258402  0.002167  0.842414  0.73709  0.002167  
0.00046199  0.000524836  5.88233  1.97876  0.000204115  0.002167  
1.97876  0.000204115  0.002167  1.02434  0.0933085  1.20408  
0.329885  0.329499  2.40025  0.529916  1.28664  0.002167  
0.529916  1.28664  0.002167  1.29196  0.258402  0.002167  
0.244905  2.08048  0.002167  0.000393358  1.59774  2.40025  
0.00046199  0.000524836  5.88233  0.329885  0.329499  2.40025  
0.000397431  3.9182  0.002167  1.29196  0.258402  0.002167  
0.000393358  1.59774  2.40025  0.529916  1.28664  0.002167  
0.329885  0.329499  2.40025  0.000397431  3.9182  0.002167  
1.02434  0.0933085  1.20408  0.000393358  1.59774  2.40025  
1.97876  0.000204115  0.002167  1.02434  0.0933085  1.20408  
0.529916  1.28664  0.002167  1.97876  0.000204115  0.002167  
0.244905  2.08048  0.002167  0.842414  0.73709  0.002167  
0.842414  0.73709  0.002167  0.00046199  0.000524836  5.88233  
1.29196  0.258402  0.002167  0.244905  2.08048  0.002167  
1.29196  0.258402  0.002167  0.529916  1.28664  0.002167  
1.02434  0.0933085  1.20408  1.02434  0.0933085  1.20408  
0.244905  2.08048  0.002167  0.329885  0.329499  2.40025  
0.529916  1.28664  0.002167  0.000393358  1.59774  2.40025  
0.842414  0.73709  0.002167  0.244905  2.08048  0.002167  
1.97876  0.000204115  0.002167  1.29196  0.258402  0.002167  
0.00046199  0.000524836  5.88233  1.6026  0.0793772  0.002167  
0.000397431  3.9182  0.002167  0.842414  0.73709  0.002167  
0.329885  0.329499  2.40025  0.00046199  0.000524836  5.88233  
0.000393358  1.59774  2.40025  0.000397431  3.9182  0.002167  
1.02434  0.0933085  1.20408  1.97876  0.000204115  0.002167  
0.244905  2.08048  0.002167  1.29196  0.258402  0.002167  
1.97876  0.000204115  0.002167  0.000397431  3.9182  0.002167  
0.000393358  1.59774  2.40025  0.000393358  1.59774  2.40025  
0.529916  1.28664  0.002167  0.529916  1.28664  0.002167  
0.00046199  0.000524836  5.88233  0.244905  2.08048  0.002167  
0.000397431  3.9182  0.002167  0.329885  0.329499  2.40025  
0.329885  0.329499  2.40025  1.02434  0.0933085  1.20408  
1.29196  0.258402  0.002167  0.00046199  0.000524836  5.88233  
0.842414  0.73709  0.002167  0.842414  0.73709  0.002167  
0.000393358  1.59774  2.40025  1.29196  0.258402  0.002167  
0.244905  2.08048  0.002167  0.244905  2.08048  0.002167  
1.02434  0.0933085  1.20408  1.02434  0.0933085  1.20408  
0.00046199  0.000524836  5.88233  1.97876  0.000204115  0.002167  
0.329885  0.329499  2.40025  0.000397431  3.9182  0.002167  
0.000397431  3.9182  0.002167  0.529916  1.28664  0.002167  
0.529916  1.28664  0.002167  0.842414  0.73709  0.002167  
1.29196  0.258402  0.002167  0.329885  0.329499  2.40025  
0.842414  0.73709  0.002167  0.000393358  1.59774  2.40025  
1.97876  0.000204115  0.002167  0.00046199  0.000524836  5.88233  
1.97876  0.000204115  0.002167  0.244905  2.08048  0.002167  
1.29196  0.258402  0.002167  0.000393358  1.59774  2.40025  
0.000393358  1.59774  2.40025  0.000397431  3.9182  0.002167  
0.529916  1.28664  0.002167  1.97876  0.000204115  0.002167  
0.000397431  3.9182  0.002167  0.00046199  0.000524836  5.88233  
0.842414  0.73709  0.002167  0.842414  0.73709  0.002167  
0.244905  2.08048  0.002167  0.529916  1.28664  0.002167  
1.02434  0.0933085  1.20408  1.02434  0.0933085  1.20408  
0.329885  0.329499  2.40025  1.29196  0.258402  0.002167  
0.00046199  0.000524836  5.88233  0.329885  0.329499  2.40025  
0.842414  0.73709  0.002167  0.842414  0.73709  0.002167  
0.244905  2.08048  0.002167  0.00046199  0.000524836  5.88233  
1.02434  0.0933085  1.20408  1.02434  0.0933085  1.20408  
0.529916  1.28664  0.002167  0.244905  2.08048  0.002167  
1.29196  0.258402  0.002167  1.29196  0.258402  0.002167  
0.000393358  1.59774  2.40025  0.329885  0.329499  2.40025  
0.329885  0.329499  2.40025  0.000393358  1.59774  2.40025  
0.000397431  3.9182  0.002167  0.000397431  3.9182  0.002167  
1.97876  0.000204115  0.002167  0.529916  1.28664  0.002167  
0.00046199  0.000524836  5.88233  1.97876  0.000204115  0.002167  
