2.07852  10.0674  1.30455  3.23439  3.36879  8.47162  
2.91963  1.11255  9.85451  7.94768  3.68773  5.67512  
0.219934  0.642736  9.81228  5.45197  6.822  4.45881  
4.03988  8.66784  1.89214  0.0388442  0.0414117  10.1485  
4.66354  2.15521  8.79121  1.5422  5.43492  8.13739  
1.74766  3.27768  9.23196  7.17884  7.05489  1.5478  
0.212926  2.00154  9.98993  1.58431  4.95408  8.91968  
0.0771539  0.0960171  10.1455  6.94639  3.72421  6.15468  
10.1297  1.22217  0.883064  2.08038  1.25928  9.93468  
6.03322  4.79006  6.68572  3.45548  3.10725  9.13171  
3.61032  6.37134  6.94697  3.53615  2.3211  9.1853  
4.75509  4.13714  7.96539  3.00548  7.93476  4.77659  
7.31927  5.87033  3.24927  3.22762  8.77938  3.11349  
3.79569  2.98466  9.45885  9.07696  4.95655  0.167017  
0.287722  2.49824  9.85654  0.854787  7.42734  5.81233  
6.44988  3.65697  6.69904  4.25726  8.92913  1.42938  
2.77952  8.35782  4.17992  3.95384  8.25468  3.71526  
5.57839  5.15874  6.78384  2.66002  3.14886  9.24452  
4.16513  7.70521  4.55678  6.59643  1.27534  6.97987  
7.82452  1.78513  6.12037  4.28908  2.40991  8.48964  
5.84629  3.59778  6.95271  1.62394  10.3443  0.604597  
5.22889  2.17424  7.52747  3.93182  6.35871  6.50497  
2.76998  8.01184  5.13451  2.3826  4.28043  9.00079  
5.39352  8.11398  0.749296  1.46736  4.19031  8.99064  
6.55751  0.516379  7.91845  6.1404  2.44511  8.02913  
2.0593  1.59311  9.84567  6.76247  5.283  5.7124  
0.890426  1.46882  10.4691  8.12638  4.70238  3.82332  
5.86452  6.93716  4.40386  2.40372  2.60166  9.48486  
0.877291  9.70358  0.707606  3.30675  7.32181  5.86737  
6.48305  3.09511  7.05959  4.23635  4.51806  7.41055  
7.05981  5.9098  2.95561  3.82062  8.81147  2.73597  
3.09317  1.17085  9.36355  0.844418  9.92185  2.20867  
2.39092  2.72263  9.23532  2.54435  4.61205  8.82299  
1.67157  6.03505  8.09306  3.01277  3.93686  8.79044  
2.28137  9.34676  3.49043  3.38591  2.52885  9.57469  
8.69228  4.77564  1.58141  6.63327  6.99726  2.5909  
3.32886  0.683799  9.64104  0.570345  0.563772  10.0833  
0.815621  9.7803  1.12912  7.87402  1.64565  5.8106  
1.40635  2.60991  9.42087  7.71947  6.48679  0.602977  
6.99854  6.05013  2.49038  1.81285  0.470496  9.9617  
2.71987  1.59244  9.52722  0.988776  6.75025  7.56003  
2.96931  2.80626  9.48425  3.98975  3.12212  8.97946  
7.15156  5.34813  4.76687  1.57709  1.13664  9.51244  
3.74452  7.52688  4.61825  6.15396  6.57262  5.56995  
5.77684  6.86472  3.40354  6.14748  6.86797  3.63361  
9.67744  1.52265  1.44489  5.76101  5.22773  6.60754  
8.48266  4.89102  2.84261  9.49171  1.28817  2.20542  
4.8043  2.86567  9.00003  4.33476  3.73791  7.25336  
9.8732  1.14845  3.06111  8.2168  5.64223  0.390183  
6.15999  5.60114  5.9416  5.09745  2.9606  8.32231  
1.09255  1.16998  9.90004  2.64693  1.2113  9.69853  
5.25804  7.64755  4.30262  1.22019  1.35896  9.52029  
2.69709  3.04357  9.11723  7.70057  6.56423  1.83984  
2.85506  1.8395  9.86329  1.50947  0.768664  9.57406  
6.59484  4.06372  5.91511  7.48315  6.95235  1.61944  
0.20499  0.0221789  10.1531  6.23553  8.16723  1.4132  
0.152569  0.664507  10.1581  6.31707  7.29411  1.44332  
5.6159  7.16701  4.78294  5.87893  7.41924  3.13982  
6.96274  4.95326  6.06228  4.28267  5.03839  7.60905  
1.41451  0.572063  10.0045  6.0689  3.19921  7.42962  
6.74623  4.9023  5.68132  1.81433  0.816677  9.97993  
8.58257  4.6684  2.44072  0.706793  0.594962  10.5144  
4.64739  4.36924  7.54082  6.48183  7.15782  0.833247  
1.52356  7.90311  6.47032  2.75468  9.56762  0.466003  
1.41726  5.67942  7.71531  1.53802  3.05772  9.5546  
8.68817  0.980536  5.73086  7.91804  2.6271  5.87203  
1.70035  6.06276  7.86698  0.611287  7.71466  6.34928  
0.963939  4.95066  9.28585  2.72061  2.72895  9.19746  
5.2524  4.12056  7.55845  0.95272  2.42954  10.0496  
2.16138  6.71781  6.93253  1.20299  0.47297  10.1874  
1.83924  2.79285  9.77489  0.127835  0.486136  10.0117  
1.72869  8.49702  6.07612  0.599824  2.66121  9.82865  
4.21101  5.99919  6.50024  7.50667  6.06612  3.21449  
5.48279  2.1491  7.5823  7.12222  0.85057  7.5257  
6.47054  1.3521  7.7073  9.31194  1.83131  1.43158  
5.21454  9.08231  1.11882  3.76264  8.60546  2.19213  
1.13438  0.891447  9.18994  0.815326  9.89487  2.6163  
4.38598  4.29731  8.43556  8.63773  5.09723  2.10254  
2.81881  4.57236  8.14604  9.9488  1.4053  2.20529  
3.25745  3.15501  8.95123  8.41276  1.45544  4.27594  
6.11209  0.634982  8.05771  1.45948  4.09025  9.10672  
6.09993  3.88162  6.91189  5.3447  5.92064  6.1108  
2.89015  3.8244  9.32909  2.57071  8.41733  3.75988  
2.99477  4.54963  9.07142  8.96391  4.23772  0.484631  
3.41265  9.23384  1.31057  0.509747  2.90903  9.52548  
3.38713  1.15117  9.31552  1.03875  7.61302  6.49306  
0.996794  0.205269  10.0799  0.163688  0.621283  9.99125  
2.79754  4.18992  8.95596  1.15483  7.79855  6.32978  
4.59554  3.14288  8.39319  3.06981  7.38278  6.4811  
6.85786  2.13112  6.9046  8.56695  1.49388  4.00088  
6.00319  2.74884  7.6178  0.668831  4.52731  9.05596  
3.83828  9.33619  2.63796  5.72999  7.27901  4.55595  
2.81404  9.88911  0.156392  0.508324  1.34892  9.90518  
3.61872  4.54654  8.20661  3.6274  5.81939  7.44171  
8.11855  4.01357  3.55522  7.2618  0.989648  6.93924  
4.00149  8.16698  4.52736  0.368347  0.876935  9.88797  
7.14601  6.95277  0.507861  1.2112  9.06404  3.67279  
9.62969  1.11114  1.00659  4.73535  3.42476  8.44347  
2.51332  0.464927  10.1254  4.64267  8.41345  1.83882  
0.163892  1.73745  9.57865  7.41551  2.48742  6.33116  
0.844309  3.38645  0.299207  1.16711  4.83005  0.0470576  
0.000338257  0.000335258  3.28174  0.764962  2.80546  0.63864  
0.80781  5.24129  0.198385  0.80781  5.24129  0.198385  
1.16711  4.83005  0.0470576  0.175231  0.962204  6.08045  
3.10283  0.781536  0.00245244  0.000338257  0.000335258  3.28174  
0.682315  2.98399  1.86227  0.844309  3.38645  0.299207  
0.836994  2.58941  0.00783407  3.10283  0.781536  0.00245244  
2.92254  2.03783  2.06904  0.836994  2.58941  0.00783407  
0.764962  2.80546  0.63864  0.689346  3.67051  2.27213  
0.175231  0.962204  6.08045  2.92254  2.03783  2.06904  
3.23348  3.27757  1.11794  3.23348  3.27757  1.11794  
0.930006  6.20086  0.134112  4.2877  0.781267  0.376115  
0.775195  3.28508  0.346414  0.930006  6.20086  0.134112  
2.10261  4.42575  0.00375546  4.52007  0.906965  0.223647  
3.2147  0.764917  0.772206  0.775195  3.28508  0.346414  
4.52007  0.906965  0.223647  2.10261  4.42575  0.00375546  
4.82528  2.50812  0.00644229  0.119085  0.368662  3.56224  
4.2877  0.781267  0.376115  4.82528  2.50812  0.00644229  
0.00303085  0.00851844  2.42903  3.2147  0.764917  0.772206  
0.119085  0.368662  3.56224  0.00303085  0.00851844  2.42903  
3.96868  1.72948  0.00657617  3.10283  0.781536  0.00245244  
0.249369  0.497943  4.19112  2.92254  2.03783  2.06904  
0.953571  4.00601  0.249891  0.844309  3.38645  0.299207  
0.803705  3.10048  1.6011  0.682315  2.98399  1.86227  
0.000703896  0.000761536  3.49924  0.836994  2.58941  0.00783407  
0.779115  3.69246  0.491139  1.16711  4.83005  0.0470576  
3.74866  3.25921  1.14727  0.000338257  0.000335258  3.28174  
4.19944  3.89217  0.416085  0.764581  2.76538  0.630129  
3.55368  3.37684  0.765976  0.80781  5.24129  0.198385  
1.84467  4.0139  0.472891  0.175231  0.962204  6.08045  
0.000338257  0.000335258  3.28174  0.75324  1.38236  0.00011145  
0.682315  2.98399  1.86227  0.876749  0.447732  1.34328  
0.844309  3.38645  0.299207  0.684925  1.29135  0.678568  
1.16711  4.83005  0.0470576  1.05148  0.554551  1.09975  
0.175231  0.962204  6.08045  1.14749  1.14942  0.0797554  
0.80781  5.24129  0.198385  1.25071  0.679918  0.679681  
0.764581  2.76538  0.630129  0.549893  1.03149  1.09844  
2.92254  2.03783  2.06904  0.00015218  0.000147775  1.58859  
3.10283  0.781536  0.00245244  0.377182  0.293734  1.51072  
0.836994  2.58941  0.00783407  1.41724  0.75461  0.000100104  
0.876749  0.447732  1.34328  6.77252  1.66798  0.00826272  
0.75324  1.38236  0.00011145  0.892523  4.92153  0.202716  
0.377182  0.293734  1.51072  5.11904  0.80641  0.00397187  
0.00015218  0.000147775  1.58859  0.00305511  0.00912391  2.58492  
0.549893  1.03149  1.09844  1.44522  4.77814  0.430795  
1.05148  0.554551  1.09975  0.773981  3.03424  0.321381  
1.14749  1.14942  0.0797554  3.00867  0.763393  0.725365  
0.684925  1.29135  0.678568  0.0606927  0.207181  4.21016  
1.25071  0.679918  0.679681  0.000479374  0.000485897  4.70339  
1.41724  0.75461  0.000100104  0.909828  4.04576  0.00317831  
0.848821  3.40971  0.00533759  1.09828  5.97985  0.111812  
0.000807306  0.000904921  4.69041  0.844292  3.38589  0.299161  
2.32681  3.30156  0.0806825  0.000334059  0.000331114  3.24109  
0.191559  0.802157  3.33032  3.44897  3.60174  0.0472254  
5.5194  2.61654  0.829532  0.874125  3.46318  0.0102824  
0.015256  0.0480521  4.22352  3.23248  2.56787  2.3974  
0.780114  3.92926  0.238021  0.80781  5.24129  0.198385  
4.82643  1.24195  0.432782  3.10283  0.781536  0.00245244  
0.00270604  0.0105461  4.01087  0.681542  2.91488  1.8212  
3.10549  0.778116  0.00245378  0.771982  3.73771  0.838218  
5.1226  0.783502  0.00397187  3.42753  2.09144  3.70282  
0.773981  3.03424  0.321381  0.784869  3.13818  1.60057  
1.44522  4.77814  0.430795  1.65251  2.59774  1.92761  
0.909828  4.04576  0.00317831  2.21553  0.71783  0.951307  
3.00867  0.763393  0.725365  0.467645  1.56457  3.90072  
0.0606927  0.207181  4.21016  2.06904  0.329757  4.63787  
0.00305511  0.00912391  2.58492  0.786702  3.38994  0.593663  
0.892523  4.92153  0.202716  0.53055  2.51738  3.34186  
6.77252  1.66798  0.00826272  4.73433  3.25577  0.204521  
0.000479374  0.000485897  4.70339  0.000253513  0.000511394  3.93312  
1.09828  5.97985  0.111812  0.191559  0.802157  3.33032  
3.10283  0.781536  0.00245244  2.32681  3.30156  0.0806825  
0.844292  3.38589  0.299161  4.82643  1.24195  0.432782  
2.78618  2.23482  2.07418  0.848821  3.40971  0.00533759  
3.44897  3.60174  0.0472254  0.013825  0.0392181  3.48361  
0.874125  3.46318  0.0102824  3.10549  0.778116  0.00245378  
0.771982  3.73771  0.838218  5.5194  2.61654  0.829532  
0.80781  5.24129  0.198385  0.00270604  0.0105461  4.01087  
0.681542  2.91488  1.8212  0.000807306  0.000904921  4.69041  
0.000334059  0.000331114  3.24109  0.780114  3.92926  0.238021  
4.73433  3.25577  0.204521  0.191729  0.817009  3.38883  
1.64454  2.58256  1.91691  0.0026869  0.0102935  3.91902  
0.000253513  0.000511394  3.93312  2.32135  3.2928  0.0804766  
0.467645  1.56457  3.90072  0.849164  3.42047  0.00535357  
2.21553  0.71783  0.951307  0.00974267  0.0417551  3.59195  
3.42753  2.09144  3.70282  0.000807306  0.000904921  4.69041  
0.784869  3.13818  1.60057  4.82643  1.24195  0.432782  
0.53055  2.51738  3.34186  3.10549  0.778116  0.00245378  
2.06904  0.329757  4.63787  0.781664  4.59619  0.277012  
0.786702  3.38994  0.593663  1.94791  0.933596  5.37532  
0.849164  3.42047  0.00535357  3.74866  3.25921  1.14727  
2.32135  3.2928  0.0804766  0.779115  3.69246  0.491139  
0.000807306  0.000904921  4.69041  0.803705  3.10048  1.6011  
1.95996  0.938361  5.4075  1.84467  4.0139  0.472891  
0.781664  4.59619  0.277012  0.249369  0.497943  4.19112  
0.00974267  0.0417551  3.59195  3.55368  3.37684  0.765976  
3.10549  0.778116  0.00245378  0.953571  4.00601  0.249891  
4.82643  1.24195  0.432782  4.19983  3.89252  0.416124  
0.191729  0.817009  3.38883  0.000703896  0.000761536  3.49924  
0.0026869  0.0102935  3.91902  3.96868  1.72948  0.00657617  
3.27626  0.765535  1.53421  2.65713  2.71591  0.436166  
1.32438  2.97132  1.24647  0.700241  0.51742  3.23463  
0.859163  3.03258  0.883658  0.928654  3.01508  0.916397  
0.157111  0.17106  3.27345  1.17576  2.37224  1.69594  
1.58093  0.796121  3.04435  1.42244  0.366613  3.12584  
1.09781  0.811132  3.06109  0.805829  3.45037  1.25874  
0.110792  0.427075  3.4544  1.96185  2.67908  0.123248  
2.30991  1.20507  2.40634  3.01111  0.749959  1.20047  
2.3922  2.72695  0.543161  0.0209306  0.0110576  3.8698  
1.79685  2.81213  0.000531276  2.59279  2.00483  1.38205  
0.803737  3.38236  1.23505  1.09781  0.811132  3.06109  
0.850344  3.21264  0.123347  2.30991  1.20507  2.40634  
2.55007  1.97507  1.36012  1.32438  2.97132  1.24647  
0.482365  1.58705  3.25986  3.27626  0.765535  1.53421  
0.572962  1.24845  2.9231  0.110792  0.427075  3.4544  
2.65713  2.7159  0.436166  1.79685  2.81213  0.000531276  
2.38469  2.36301  1.29876  0.157111  0.17106  3.27345  
0.928653  3.01508  0.916397  1.58093  0.796121  3.04435  
0.868746  0.323486  3.44399  2.3922  2.72695  0.543161  
1.15182  2.29741  1.6462  0.859163  3.03258  0.883658  
0.928654  3.01508  0.916397  2.38469  2.36301  1.29876  
1.42244  0.366613  3.12584  2.65713  2.7159  0.436166  
1.17576  2.37224  1.69594  0.572962  1.24845  2.9231  
3.2772  0.753982  1.30095  2.55007  1.97507  1.36012  
0.700241  0.51742  3.23463  0.928653  3.01508  0.916397  
1.96185  2.67908  0.123248  0.803737  3.38236  1.23505  
0.805829  3.45037  1.25874  1.15182  2.29741  1.6462  
2.65713  2.71591  0.436166  0.868746  0.323486  3.44399  
2.61388  2.01952  1.39287  0.482365  1.58705  3.25986  
0.0209306  0.0110576  3.8698  0.850344  3.21264  0.123347  
0.110792  0.427075  3.4544  0.805829  3.45037  1.25874  
1.58093  0.796121  3.04435  0.700241  0.51742  3.23463  
1.32438  2.97132  1.24647  2.61388  2.01952  1.39287  
3.27626  0.765535  1.53421  1.17576  2.37224  1.69594  
0.859163  3.03258  0.883658  3.01111  0.749959  1.20047  
0.157111  0.17106  3.27345  1.96185  2.67908  0.123248  
2.3922  2.72695  0.543161  0.928654  3.01508  0.916397  
2.30991  1.20507  2.40634  2.65713  2.71591  0.436166  
1.15342  0.847014  3.20922  0.0209306  0.0110576  3.8698  
1.79685  2.81213  0.000531276  1.42244  0.366613  3.12584  
1.43084  1.55895  2.5886  3.27626  0.765535  1.53421  
2.37572  1.22998  2.47088  1.58093  0.796121  3.04435  
2.41887  2.75735  0.00038818  2.30991  1.20507  2.40634  
3.48599  0.949626  0.483887  0.859163  3.03258  0.883658  
0.00477058  0.0163526  3.05412  2.3922  2.72695  0.543161  
2.81502  1.62276  0.372997  0.110792  0.427075  3.4544  
0.860941  3.12145  0.322095  0.157111  0.17106  3.27345  
0.658181  0.385364  3.64735  1.15342  0.847014  3.20922  
1.62622  1.19404  2.88178  1.32438  2.97132  1.24647  
2.19036  2.41297  0.000518807  1.79685  2.81213  0.000531276  
0.777488  0.559225  0.819777  2.37572  1.22998  2.47088  
1.02757  0.735845  0.000201207  0.00477058  0.0163526  3.05412  
0.489899  0.364021  1.08202  0.658181  0.385364  3.64735  
0.634301  0.870424  0.628923  2.41887  2.75735  0.00038818  
0.734287  1.0046  0.000153231  0.860941  3.12145  0.322095  
0.554401  0.770006  0.831368  1.43084  1.55895  2.5886  
0.447413  0.622886  1.00526  2.19036  2.41297  0.000518807  
0.000119197  0.000106606  1.19761  2.81502  1.62276  0.372997  
0.866546  0.635076  0.630071  1.62622  1.19404  2.88178  
0.686595  0.486919  0.9575  3.48599  0.949626  0.483887  
0.190524  0.72553  3.35181  0.777488  0.559225  0.819777  
0.839038  3.77313  0.00028223  0.634301  0.870424  0.628923  
0.0192675  0.00972692  3.2149  0.686595  0.486919  0.9575  
1.48096  2.89083  1.23129  0.447413  0.622886  1.00526  
0.876261  0.499199  3.65424  0.734287  1.0046  0.000153231  
0.461641  0.286434  3.36027  0.000119197  0.000106606  1.19761  
2.78308  1.98786  0.241133  0.554401  0.770006  0.831368  
1.20308  2.31996  0.0249826  0.489899  0.364021  1.08202  
1.0422  2.94315  0.618548  0.866546  0.635076  0.630071  
0.992754  3.0321  1.40731  1.02757  0.735845  0.000201207  
2.65713  2.71591  0.436166  0.232203  0.533128  3.71278  
1.42244  0.366613  3.12584  1.58863  0.921163  1.83447  
0.700241  0.51742  3.23463  0.717006  0.704846  3.56112  
3.2772  0.753982  1.30095  3.30337  1.10298  0.000329326  
0.928654  3.01508  0.916397  3.06332  1.11508  0.880233  
1.17576  2.37224  1.69594  0.717735  0.65326  3.16438  
1.96185  2.67908  0.123248  0.287396  0.0739906  3.44849  
2.61388  2.01952  1.39287  3.05041  0.811336  0.968734  
0.0209306  0.0110576  3.8698  0.953507  3.14545  0.000159101  
0.805829  3.45037  1.25874  0.775504  3.25734  0.633062  
3.30337  1.10298  0.000329326  1.20308  2.31996  0.0249826  
3.06332  1.11508  0.880233  2.78308  1.98786  0.241133  
0.287396  0.0739906  3.44849  1.48096  2.89083  1.23129  
0.717735  0.65326  3.16438  1.0422  2.94315  0.618548  
3.05041  0.811336  0.968734  0.190524  0.72553  3.35181  
0.232203  0.533128  3.71278  0.876261  0.499199  3.65424  
0.717006  0.704846  3.56112  0.839038  3.77313  0.00028223  
0.953507  3.14545  0.000159101  0.992754  3.0321  1.40731  
0.775504  3.25734  0.633062  0.0192675  0.00972692  3.2149  
1.58863  0.921163  1.83447  0.461641  0.286434  3.36027  
2.16552  1.84619  1.8228  1.13178  3.0458  0.817788  
1.95754  0.613187  2.47014  0.401487  1.22906  3.42546  
2.21634  1.73167  1.58758  2.21634  1.73167  1.58758  
0.401487  1.22906  3.42546  2.98001  0.876735  0.901927  
0.323774  0.939277  3.15763  0.56973  2.48675  2.87079  
2.42777  2.47965  0.398367  0.323774  0.939277  3.15763  
2.98001  0.876735  0.901927  1.95754  0.613187  2.47014  
0.56973  2.48675  2.87079  2.42777  2.47965  0.398367  
1.13178  3.0458  0.817788  2.16552  1.84619  1.8228  
0.405562  0.108546  3.28577  0.405562  0.108546  3.28577  
