1.1476  2.60181  2.06811  2.14429  
2.59127  1.71354  2.97674  2.55975  
1.23039  1.7708  2.13856  2.14316  
3.47089  2.75089  2.24841  1.21308  
1.87672  1.6838  1.84471  2.0005  
1.75424  2.59238  1.75817  1.65067  
2.10055  2.15934  2.61282  1.83011  
2.40464  1.98319  2.54402  2.33294  
1.54168  2.63916  2.15875  1.64422  
1.55457  1.61035  2.13801  0.863702  
2.1607  2.59018  2.65036  2.18436  
2.67067  1.11273  2.68119  1.73871  
2.22073  1.86582  2.78501  2.0022  
2.12558  1.1677  2.04383  2.49744  
2.58515  2.39883  1.91504  2.41033  
3.08494  1.16897  2.34057  1.58421  
1.73415  1.52826  1.93278  2.50912  
2.57409  1.62672  1.67805  3.23124  
2.97162  2.38824  2.16187  1.35916  
1.89063  2.48255  2.13355  1.59181  
2.93772  1.67307  1.66779  2.48993  
2.13955  1.81531  2.23466  2.26701  
2.178  2.60614  1.06967  2.63907  
1.89401  1.39093  1.45239  3.63643  
2.8897  1.9504  2.31005  2.57975  
2.02597  2.04913  2.06051  2.90581  
1.2369  3.07388  2.27493  2.01658  
1.91427  2.26186  2.02855  1.94137  
1.99198  2.37266  2.51685  2.05515  
1.11655  2.12928  2.47468  1.98416  
2.21357  2.02452  2.28974  1.63906  
1.69824  1.95906  1.88525  1.49508  
1.88256  2.74565  2.35341  2.48716  
2.58059  2.41192  2.0516  1.45222  
2.06693  1.7763  2.9224  1.79323  
2.52388  1.63334  3.05335  0.80008  
1.81644  2.09028  1.77018  1.86266  
0.970931  2.45421  1.74682  1.79125  
1.54414  2.32809  1.83115  2.1211  
1.78887  1.35795  2.06385  1.77863  
3.39286  1.62383  1.69292  2.0659  
0.97752  2.7236  1.5666  2.29404  
1.28477  2.41353  1.92765  1.62106  
2.32212  1.97206  2.37408  2.15226  
1.17268  2.34285  2.40423  2.55382  
2.66736  1.87797  1.2664  2.50017  
2.00183  1.38764  2.68084  1.89373  
2.11187  3.06741  1.9864  2.70253  
1.31818  2.05315  2.5175  1.85607  
1.20879  2.96645  2.99468  0.784919  
2.37283  1.85308  2.16635  2.05684  
3.02814  2.22057  2.73425  1.15407  
2.63928  1.96212  1.72568  2.31775  
1.85331  2.27021  1.73619  1.77443  
2.09175  2.02152  2.99445  1.71453  
1.58647  2.60647  2.17656  2.29333  
2.81831  2.61448  1.92704  2.63387  
3.03375  2.59324  2.09785  2.66659  
1.24014  2.89796  3.00878  1.80849  
1.76007  1.5569  1.70287  1.89309  
2.24526  2.11357  1.97386  1.76171  
2.34779  2.7314  2.05265  3.32731  
1.34103  2.74459  2.10266  2.15081  
2.01081  1.22574  1.357  1.70197  
2.52059  1.35259  1.75458  2.13021  
2.18424  1.71506  2.18629  2.38217  
2.54275  2.09719  3.13438  1.99212  
1.52674  1.70364  2.17258  1.71315  
2.6701  2.28145  2.62965  1.88372  
1.99023  1.58099  2.26594  2.4264  
2.4289  1.8847  1.9663  3.05669  
2.5383  2.07623  2.63184  1.95215  
2.6492  0.773731  2.64615  1.61836  
2.41801  1.44363  1.82638  2.72274  
1.54566  2.35263  1.51315  2.7609  
3.18624  1.91596  2.82769  2.78822  
2.2073  1.52905  2.47  1.65774  
1.58345  2.52746  2.52052  2.91294  
2.39725  2.07827  1.93535  2.46805  
2.28139  2.09922  2.02554  1.62878  
1.70366  2.19512  1.85973  1.47803  
2.32034  2.05756  2.0966  1.61019  
3.22607  0.497662  2.09955  1.32724  
1.29817  2.50098  3.26185  2.17736  
2.04747  1.74528  2.79618  1.40896  
1.61178  1.87962  1.64194  2.44839  
2.14429  1.34466  1.68349  2.05142  
1.77596  2.493  2.33536  2.10662  
1.51247  2.28554  1.00616  2.2817  
2.05003  2.27248  1.53335  1.69245  
1.80201  1.79946  1.33868  2.20052  
3.93031  1.54856  2.66087  2.0954  
2.75336  1.29537  2.3328  1.94161  
1.71509  2.13484  1.78754  2.02113  
0.888822  2.73888  2.04506  1.91473  
3.20653  1.53759  2.61178  1.40675  
2.51749  1.12827  2.47197  2.34531  
2.09705  2.60424  2.6519  2.17762  
2.05715  1.94785  1.56371  2.80399  
2.03593  1.53657  1.53881  2.02712  
0.695628  0.166378  0.779244  0.859191  
0.231414  0.53452  0.01737  0.869532  
0.315298  0.439036  3.0086  3.20723  
1.22292  0.772335  0.695628  0.166378  
0.000686022  0.975156  0.596106  0.228096  
0.596106  0.228096  0.000686022  0.975156  
0.414869  0.356812  0.0763972  0.724493  
2.65114  2.83457  0.99189  0.00448416  
1.04043  0.0260289  1.09507  0.694113  
3.8865  3.99324  0.793706  1.31436  
0.99189  0.00448416  3.8865  3.99324  
1.09507  0.694113  0.000686022  0.975156  
0.000686022  0.975156  2.65114  2.83457  
0.779244  0.859191  0.315298  0.439036  
0.793706  1.31436  0.596106  0.228096  
0.695628  0.166378  0.434612  0.369664  
0.01737  0.869532  0.231414  0.53452  
3.0086  3.20723  1.22292  0.772335  
0.596106  0.228096  1.04043  0.0260289  
0.0763972  0.724493  0.695628  0.166378  
0.596106  0.228096  0.695628  0.166378  
0.776169  1.71258  0.0763972  0.724493  
1.52458  1.84381  1.52458  1.84381  
0.695628  0.166378  0.493341  0.917858  
0.155786  0.836335  0.776169  1.71258  
0.000686022  0.975156  1.22292  0.772335  
0.493341  0.917858  0.99189  0.00448416  
0.99189  0.00448416  0.596106  0.228096  
0.315298  0.439036  0.000686022  0.975156  
1.22292  0.772335  0.315298  0.439036  
0.596106  0.228156  0.414867  0.356811  
0.414867  0.356811  3.84861  3.5611  
0.905739  0.4268  1.22474  0.70604  
0.231414  0.53453  0.82903  0.210572  
0.9936  0.00564963  0.991854  0.00448351  
0.000686022  0.975156  0.596106  0.228156  
0.82903  0.210572  0.231414  0.53453  
0.737149  0.19757  0.000686022  0.975156  
3.81381  3.42319  0.905739  0.4268  
0.991854  0.00448351  0.9936  0.00564963  
0.000686022  0.975156  0.315298  0.439036  
0.695628  0.166378  0.414867  0.357069  
0.231414  0.53452  0.262705  0.487711  
0.0763972  0.724493  0.01765  0.869808  
0.315298  0.439036  0.695628  0.166378  
0.596106  0.228096  0.231414  0.53452  
0.262705  0.487711  0.000686022  0.975156  
0.01765  0.869808  0.139997  0.724493  
0.414867  0.357069  0.99189  0.00449501  
0.99189  0.00449501  0.596106  0.228096  
0.000686022  0.975156  0.596106  0.228096  
0.231414  0.53452  0.414867  0.357069  
0.315298  0.439036  2.59211  2.83474  
0.414869  0.356812  0.0763972  0.724493  
0.695628  0.166378  0.80036  0.368541  
0.0763972  0.724493  0.315298  0.439036  
0.596106  0.228096  0.01765  0.869808  
1.08247  0.692315  0.000686022  0.975156  
0.01737  0.869532  0.99189  0.00449501  
0.99189  0.00448416  0.262705  0.487711  
0.99189  0.00449501  0.99189  0.00448416  
0.262705  0.487711  0.01737  0.869532  
0.695628  0.166378  0.000686022  0.975156  
0.231414  0.53452  0.59753  0.254806  
0.01765  0.869808  0.0763972  0.724493  
0.596106  0.228096  0.695628  0.166378  
0.000686022  0.975156  0.315298  0.439036  
0.0763972  0.724493  1.08247  0.692315  
0.414867  0.356811  0.231414  0.53452  
0.315298  0.439036  0.414869  0.356812  
0.82903  0.210572  0.99189  0.00449501  
0.991854  0.00448351  0.315298  0.439036  
0.9936  0.00564963  0.01765  0.869808  
0.710546  0.166233  0.414867  0.356811  
0.0763972  0.724378  0.0763972  0.724493  
0.000686022  0.975156  0.695628  0.166378  
0.596106  0.228156  3.92721  3.93763  
0.414867  0.356811  0.596106  0.228096  
0.231414  0.53453  0.000686022  0.975156  
0.905739  0.4268  0.262705  0.487711  
0.315298  0.438936  0.231414  0.53453  
0.414867  0.356811  0.596106  0.228156  
1.02143  0.122263  1.02177  0.497692  
0.991854  0.0044845  0.991854  0.00448351  
0.596106  0.228156  0.414867  0.356811  
0.0763972  0.724378  0.82903  0.210572  
0.231414  0.53453  0.710546  0.166233  
0.000686022  0.975156  0.0763972  0.724378  
0.82903  0.210353  0.9936  0.00564963  
0.695641  0.166233  0.000686022  0.975156  
0.99189  0.00449501  0.0171137  0.989994  
0.596106  0.228096  0.596106  0.228156  
0.0763972  0.724493  0.695641  0.166233  
0.414867  0.357069  0.414867  0.356811  
0.01765  0.869808  0.82903  0.210353  
0.80036  0.368541  0.0763972  0.724378  
0.262705  0.487711  0.231414  0.53453  
2.59211  2.83474  0.315298  0.438936  
2.2154  1.40331  1.02143  0.122263  
0.000686022  0.975156  0.991854  0.0044845  
0.695581  0.166043  0.000644241  0.974829  
0.414346  0.356395  0.0196016  0.860459  
0.835012  0.0867379  0.230205  0.52042  
0.0196016  0.860459  2.18904  1.21792  
0.0761029  0.724247  0.835012  0.0867379  
0.994665  0.00332427  0.695581  0.166043  
0.000644241  0.974829  0.994665  0.00332427  
0.230205  0.52042  0.315049  0.438753  
0.315049  0.438753  0.414346  0.356395  
2.19962  1.31087  0.0761029  0.724247  
0.230205  0.52042  0.0761029  0.724247  
0.000644241  0.974829  0.414346  0.356395  
0.315049  0.438753  0.695581  0.166043  
0.0761029  0.724247  0.835012  0.0867379  
0.994665  0.00332427  0.315049  0.438753  
0.414346  0.356395  0.793498  0.593973  
0.0196016  0.860459  0.230205  0.52042  
0.835012  0.0867379  0.0196016  0.860459  
0.695581  0.166043  0.994665  0.00332427  
0.793498  0.593973  0.000644241  0.974829  
0.000644241  0.974829  0.835012  0.0867379  
1.34622  1.33498  0.0761029  0.724247  
0.0216554  0.862493  0.697984  0.166043  
0.596102  0.227947  0.596102  0.227947  
0.0761029  0.724247  0.880491  1.33726  
0.697984  0.166043  0.000644241  0.974829  
0.835012  0.0867379  0.230205  0.52042  
0.230205  0.52042  1.34622  1.33498  
0.994665  0.00332427  1.11469  0.195212  
0.414346  0.356395  0.0216554  0.862493  
0.230205  0.52042  0.596102  0.227947  
0.0196016  0.860459  0.994665  0.00332427  
0.0761029  0.724247  1.34622  1.33498  
0.414346  0.356395  0.230205  0.52042  
1.34622  1.33498  0.414346  0.356395  
0.697984  0.166043  0.835012  0.0867379  
0.000644241  0.974829  0.891087  1.22492  
0.994665  0.00332427  0.000644241  0.974829  
0.596102  0.227947  0.0196016  0.860459  
0.835012  0.0867379  0.697984  0.166043  
0.0761029  0.724247  0.835012  0.0867379  
0.994665  0.00332427  1.26215  1.18453  
0.315049  0.438753  0.994665  0.00332427  
0.596102  0.227947  0.695581  0.166043  
0.414346  0.356395  0.0196016  0.860459  
0.0196016  0.860459  0.315049  0.438753  
0.835012  0.0867379  0.0761029  0.724247  
0.000644241  0.974829  0.414346  0.356395  
0.695581  0.166043  0.596102  0.227947  
0.230205  0.52042  0.000644241  0.974829  
0.0196016  0.860459  0.0196016  0.860459  
0.994665  0.00332427  0.000644241  0.974829  
1.15912  0.166043  0.230205  0.52042  
0.835012  0.0867379  0.0761029  0.724247  
0.596102  0.227947  0.596102  0.227947  
0.0761029  0.724247  0.414346  0.356395  
0.000644241  0.974829  0.315049  0.438753  
0.315049  0.438753  0.835012  0.0867379  
0.414346  0.356395  1.15912  0.166043  
0.230205  0.52042  1.20541  0.167487  
0.994665  0.00332427  0.0761029  0.724247  
0.835012  0.0867379  0.0196016  0.860459  
0.0761029  0.724247  0.000644241  0.974829  
0.0196016  0.860459  0.414346  0.356395  
0.000644241  0.974829  0.230205  0.52042  
0.414346  0.356395  0.835012  0.0867379  
0.230205  0.52042  0.695581  0.166043  
0.315049  0.438753  0.378551  0.464  
0.695581  0.166043  0.596102  0.227947  
0.596102  0.227947  0.994665  0.00332427  
0.230205  0.52042  0.000648189  0.974951  
0.835012  0.0867379  0.695581  0.166043  
0.0761029  0.724247  0.0761029  0.724247  
0.596102  0.227947  3.95213  4.05027  
0.0196016  0.860459  0.596102  0.227947  
0.994665  0.00332427  0.230205  0.52042  
0.000648189  0.974951  0.0196016  0.860459  
0.414346  0.356395  0.835012  0.0867379  
0.695581  0.166043  0.414346  0.356395  
0.315049  0.438753  0.994665  0.00332427  
0.596102  0.227947  0.0761029  0.724247  
0.414346  0.356395  0.835012  0.0867379  
0.230205  0.52042  0.000644241  0.974829  
0.835012  0.0867379  1.73806  1.43377  
0.0761029  0.724247  0.230205  0.52042  
0.0196016  0.860459  0.596102  0.227947  
0.000644241  0.974829  1.15912  0.166043  
0.994665  0.00332427  0.994665  0.00332427  
0.315049  0.438753  0.0196016  0.860459  
1.15912  0.166043  0.315049  0.438753  
0.994665  0.00332427  0.230205  0.52042  
0.230205  0.52042  0.315049  0.438753  
0.835012  0.0867379  0.0196016  0.860459  
0.596102  0.227947  0.000648189  1.34033  
0.0196016  0.860459  0.0761029  0.724247  
0.414346  0.356395  0.695581  0.166043  
0.000648189  1.34033  0.414346  0.356395  
0.315049  0.438753  1.62611  0.727692  
0.695581  0.166043  0.596102  0.227947  
0.0761029  0.724247  0.994665  0.00332427  
0.230191  0.520241  2.72717  1.79106  
0.0195221  0.860406  0.44587  0.416411  
1.39908  0.63417  0.315027  0.438748  
0.0760879  0.724229  0.596102  0.227943  
0.414292  0.356388  0.834747  0.0864037  
0.596102  0.227943  0.0195221  0.860406  
0.695659  0.165965  0.996629  0.00252081  
0.000642819  0.974774  0.230191  0.520241  
0.996629  0.00252081  0.0760879  0.724229  
0.315027  0.438748  0.000642819  0.974774  
0.230191  0.520241  0.414292  0.356388  
0.996629  0.00252081  2.55826  1.80214  
0.414292  0.356388  0.145666  0.82436  
0.596102  0.227943  0.230191  0.520241  
0.0195221  0.860406  0.996629  0.00252081  
0.834747  0.0864037  0.471291  1.27353  
0.0760879  0.724229  0.596102  0.227943  
0.315027  0.438748  0.0195221  0.860406  
2.72717  1.79106  0.315027  0.438748  
0.000642819  0.974774  0.834747  0.0864037  
0.0195221  0.860406  0.230191  0.520241  
0.414292  0.356388  0.414292  0.356388  
0.230191  0.520241  0.996629  0.00252081  
0.834747  0.0864037  0.0195221  0.860406  
2.55826  1.80214  0.596102  0.227943  
0.596102  0.227943  0.720748  0.209488  
0.0760879  0.724229  0.315027  0.438748  
0.000642819  0.974774  0.0760879  0.724229  
0.996629  0.00252081  0.834747  0.0864037  
0.315027  0.438748  0.000642819  0.974774  
0.000642819  0.974774  0.230191  0.520241  
0.315027  0.438748  0.417275  0.35716  
0.695659  0.165965  0.996629  0.00252081  
0.0760879  0.724229  0.0195221  0.860406  
0.996629  0.00252081  0.000642819  0.974774  
0.230191  0.520241  0.0760879  0.724229  
0.414292  0.356388  0.834747  0.0864037  
0.834747  0.0864037  0.695659  0.165965  
0.0195221  0.860406  0.596102  0.227943  
0.596102  0.227943  0.315027  0.438748  
0.996629  0.00252081  0.834747  0.0864037  
0.315027  0.438748  0.315027  0.438748  
0.000642819  0.974774  0.0195221  0.860406  
0.414292  0.356388  0.000642819  0.974774  
0.834747  0.0864037  0.695659  0.165965  
0.596102  0.227943  0.414292  0.356388  
0.0195221  0.860406  0.0760879  0.724229  
0.695659  0.165965  0.596102  0.227943  
0.230191  0.520241  0.230191  0.520241  
0.0760879  0.724229  0.996629  0.00252081  
0.695659  0.165965  0.315027  0.438748  
0.000642819  0.974774  0.414292  0.356388  
0.315027  0.438748  0.0195221  0.860406  
0.0760879  0.724229  0.996629  0.00252081  
0.834747  0.0864037  0.230191  0.520241  
0.230191  0.520241  0.695659  0.165965  
0.414292  0.356388  0.0760879  0.724229  
0.996629  0.00252081  0.000642819  0.974774  
0.0195221  0.860406  0.596102  0.227943  
0.596102  0.227943  1.39908  0.63417  
0.996629  0.00252081  0.000642819  0.974774  
0.230191  0.520241  0.0195221  0.860406  
0.315027  0.438748  0.230191  0.520241  
0.0195221  0.860406  0.695659  0.165965  
0.695659  0.165965  0.834747  0.0864037  
0.0760879  0.724229  0.996629  0.00252081  
0.414292  0.356388  3.84853  3.39102  
0.000642819  0.974774  0.414292  0.356388  
0.596102  0.227943  0.315027  0.438748  
0.834747  0.0864037  0.0760879  0.724229  
0.695659  0.165965  0.695659  0.165965  
0.315027  0.438748  0.230191  0.520241  
0.414292  0.356388  0.206812  1.0078  
0.0760879  0.724229  0.596102  0.227943  
0.000642819  0.974774  0.0760879  0.724229  
0.0195221  0.860406  0.834747  0.0864037  
0.596102  0.227943  0.414292  0.356388  
0.230191  0.520241  0.996629  0.00252081  
0.996629  0.00252081  0.315027  0.438748  
0.834747  0.0864037  0.000642819  0.974774  
0.695659  0.165965  0.0195221  0.860406  
0.315027  0.438748  0.000642819  0.974774  
0.000642819  0.974774  0.315027  0.438748  
0.996629  0.00252081  0.0760879  0.724229  
0.0760879  0.724229  0.834747  0.0864037  
0.0195221  0.860406  0.414292  0.356388  
0.414292  0.356388  0.792169  0.438198  
0.834747  0.0864037  0.695659  0.165965  
0.596102  0.227943  2.04406  1.20229  
0.230191  0.520241  0.996629  0.00252081  
0.834747  0.0864037  0.315027  0.438748  
0.315027  0.438748  0.695659  0.165965  
0.414292  0.356388  0.230191  0.520241  
0.230191  0.520241  0.596102  0.227943  
0.0195221  0.860406  0.834747  0.0864037  
0.0760879  0.724229  0.000642819  0.974774  
0.996629  0.00252081  0.0195221  0.860406  
0.000642819  0.974774  0.996629  0.00252081  
0.695659  0.165965  0.0760879  0.724229  
0.596102  0.227943  0.414292  0.356388  
0.414272  0.356386  0.596092  0.227942  
0.695653  0.165959  0.83474  0.0863839  
0.596092  0.227942  1.88418  1.69659  
0.000637818  0.974772  0.000637818  0.974772  
0.0195031  0.860395  0.414272  0.356386  
0.0760682  0.724224  4.75011  4.19857  
0.230186  0.52024  0.0760682  0.724224  
0.995055  0.00250853  0.230186  0.52024  
0.83474  0.0863839  0.315028  0.438739  
0.315028  0.438739  0.0195031  0.860395  
0.0195031  0.860395  0.0376662  0.860395  
0.83474  0.0863839  0.83474  0.0863839  
0.000637818  0.974772  0.995055  0.00250853  
0.230186  0.52024  0.315028  0.438739  
0.0760682  0.724224  0.230186  0.52024  
0.414272  0.356386  0.596092  0.227942  
0.695653  0.165959  0.695653  0.165959  
0.995055  0.00250853  0.0760682  0.724224  
0.596092  0.227942  0.000637818  0.974772  
0.315028  0.438739  0.414272  0.356386  
0.414272  0.356386  0.596092  0.227942  
0.995055  0.00250853  0.315028  0.438739  
0.596092  0.227942  2.00383  1.01904  
0.695653  0.165959  0.230186  0.52024  
0.0195031  0.860395  0.83474  0.0863839  
0.230186  0.52024  0.695653  0.165959  
0.000637818  0.974772  0.000637818  0.974772  
0.83474  0.0863839  0.414482  0.356489  
0.0760682  0.724224  0.0760682  0.724224  
0.315028  0.438739  0.0195031  0.860395  
0.0195031  0.860395  0.695653  0.165959  
0.230186  0.52024  0.315028  0.438739  
0.695653  0.165959  0.0760682  0.724224  
0.0760682  0.724224  0.995055  0.00250853  
0.414272  0.356386  0.230186  0.52024  
0.596092  0.227942  0.414272  0.356386  
0.000637818  0.974772  0.596092  0.227942  
0.83474  0.0863839  0.0195031  0.860395  
0.995055  0.00250853  0.000637818  0.974772  
0.315028  0.438739  1.52565  0.6051  
0.000637818  0.974772  0.695653  0.165959  
0.83474  0.0863839  0.25519  1.23728  
0.0760682  0.724224  0.230186  0.52024  
0.414272  0.356386  0.596092  0.227942  
0.596092  0.227942  3.67132  3.19259  
0.695653  0.165959  0.414272  0.356386  
0.230186  0.52024  0.995055  0.00250853  
0.0195031  0.860395  0.0760682  0.724224  
0.995055  0.00250853  0.315028  0.438739  
0.315028  0.438739  0.0195031  0.860395  
0.414272  0.356386  0.695653  0.165959  
0.695653  0.165959  0.995055  0.00250853  
0.83474  0.0863839  0.000637818  0.974772  
0.0195031  0.860395  0.315028  0.515801  
0.995055  0.00250853  0.83474  0.0863839  
0.000637818  0.974772  0.176911  0.849071  
0.596092  0.227942  0.596092  0.227942  
0.230186  0.52024  0.230186  0.52024  
0.0760682  0.724224  0.414272  0.356386  
0.315028  0.438739  0.0195031  0.860395  
0.0195031  0.860395  0.414272  0.356386  
0.0760682  0.724224  0.995055  0.00250853  
0.695653  0.165959  0.0760682  0.724224  
0.596092  0.227942  0.000637818  0.974772  
0.995055  0.00250853  0.83474  0.0863839  
0.414272  0.356386  0.230186  0.52024  
0.83474  0.0863839  0.695653  0.165959  
0.000637818  0.974772  0.596092  0.227942  
0.230186  0.52024  0.0195031  0.860395  
0.315028  0.438739  0.315028  0.438739  
0.0760682  0.724224  0.414272  0.356386  
0.000637818  0.974772  0.695653  0.165959  
0.414272  0.356386  0.83474  0.0863839  
0.995055  0.00250853  0.0195031  0.860395  
0.695653  0.165959  0.315028  0.438739  
0.0195031  0.860395  0.000637818  0.974772  
0.230186  0.52024  0.995055  0.00250853  
0.596092  0.227942  0.0760682  0.724224  
0.83474  0.0863839  0.596092  0.227942  
0.315028  0.438739  0.230186  0.52024  
0.414272  0.356386  0.695653  0.165959  
0.0195031  0.860395  0.995055  0.00250853  
0.995055  0.00250853  0.414272  0.356386  
0.695653  0.165959  0.596092  0.227942  
0.0760682  0.724224  0.315028  0.438739  
0.230186  0.52024  0.000637818  0.974772  
0.000637818  0.974772  0.230186  0.52024  
0.83474  0.0863839  0.287833  1.11646  
0.596092  0.227942  0.83474  0.0863839  
0.315028  0.438739  0.0195031  0.860395  
0.000637818  0.974772  0.0195031  0.860395  
0.995055  0.00250853  0.695653  0.165959  
0.0195031  0.860395  0.0760682  0.724224  
0.0760682  0.724224  0.000637818  0.974772  
0.695653  0.165959  0.596092  0.227942  
0.596092  0.227942  0.414272  0.356386  
0.414272  0.356386  0.315028  0.438739  
0.83474  0.0863839  0.83474  0.0863839  
0.230186  0.52024  0.995055  0.00250853  
0.315028  0.438739  2.18754  2.26829  
0.596086  0.227942  0.0762502  0.723896  
0.695647  0.165959  0.000637807  0.974772  
0.230185  0.520231  0.41427  0.356383  
0.0762502  0.723896  0.0195488  0.860224  
0.315025  0.438735  0.230185  0.520231  
0.41427  0.356383  0.995035  0.00250109  
0.000637807  0.974772  0.315025  0.438735  
0.0195488  0.860224  0.834735  0.0863816  
0.995035  0.00250109  0.596086  0.227942  
0.834735  0.0863816  0.695647  0.165959  
0.0195488  0.860224  0.000637807  0.974772  
0.0762502  0.723896  0.41427  0.356383  
0.315025  0.438735  0.995035  0.00250109  
0.230185  0.520231  0.0762502  0.723896  
0.834735  0.0863816  1.39415  1.3588  
0.995035  0.00250109  0.230185  0.520231  
0.695647  0.165959  0.0195488  0.860224  
0.000637807  0.974772  1.08384  0.432804  
0.41427  0.356383  0.596086  0.227942  
0.596086  0.227942  0.695647  0.165959  
0.695647  0.165959  0.0762502  0.723896  
0.000637807  0.974772  0.596086  0.227942  
0.230185  0.520231  0.41427  0.356383  
0.0195488  0.860224  0.0195488  0.860224  
0.834735  0.0863816  0.995035  0.00250109  
0.596086  0.227942  0.230185  0.520231  
0.0762502  0.723896  0.000637807  0.974772  
0.995035  0.00250109  0.695647  0.165959  
0.41427  0.356383  0.315025  0.438735  
0.315025  0.438735  0.834735  0.0863816  
0.41427  0.356383  1.19629  0.27918  
0.834735  0.0863816  0.230185  0.520231  
0.0762502  0.723896  0.41427  0.356383  
0.995035  0.00250109  0.695647  0.165959  
0.315025  0.438735  0.834735  0.0863816  
0.695647  0.165959  0.000637807  0.974772  
0.0195488  0.860224  0.0762502  0.723896  
0.230185  0.520231  0.315025  0.438735  
0.000637807  0.974772  0.596086  0.227942  
0.596086  0.227942  0.0195488  0.860224  
0.0762502  0.723896  0.596086  0.227942  
0.41427  0.356383  0.000637807  0.974772  
0.995035  0.00250109  1.53997  1.08223  
0.596086  0.227942  0.41427  0.356383  
0.834735  0.0863816  0.995035  0.00250109  
0.315025  0.438735  0.0762502  0.723896  
0.0195488  0.860224  0.315025  0.438735  
0.695647  0.165959  0.834735  0.0863816  
0.230185  0.520231  0.230185  0.520231  
0.000637807  0.974772  0.695647  0.165959  
0.0762502  0.723896  0.596086  0.227942  
0.834735  0.0863816  0.834735  0.0863816  
0.596086  0.227942  0.695647  0.165959  
0.315025  0.438735  0.315025  0.438735  
0.0195488  0.860224  1.12995  0.0965955  
0.695647  0.165959  0.0195488  0.860224  
0.41427  0.356383  0.41427  0.356383  
0.230185  0.520231  0.0762502  0.723896  
0.000637807  0.974772  0.000637807  0.974772  
0.995035  0.00250109  0.230185  0.520231  
0.0762502  0.723896  0.230185  0.520231  
0.995035  0.00250109  0.695647  0.165959  
0.230185  0.520231  0.0195488  0.860224  
0.695647  0.165959  0.596086  0.227942  
0.000637807  0.974772  0.0762502  0.723896  
0.315025  0.438735  0.41427  0.356383  
0.834735  0.0863816  0.315025  0.438735  
0.596086  0.227942  0.834735  0.0863816  
0.0195488  0.860224  0.000637807  0.974772  
0.41427  0.356383  0.995035  0.00250109  
0.596086  0.227942  0.834735  0.0863816  
0.315025  0.438735  0.695647  0.165959  
0.41427  0.356383  0.000637807  0.974772  
0.834735  0.0863816  0.596086  0.227942  
0.000637807  0.974772  0.230185  0.520231  
0.695647  0.165959  0.0195488  0.860224  
0.995035  0.00250109  0.0762502  0.723896  
0.0762502  0.723896  0.41427  0.356383  
0.230185  0.520231  0.315025  0.438735  
0.0195488  0.860224  0.995035  0.00250109  
0.0195488  0.860224  0.995035  0.00250109  
0.000637807  0.974772  0.315025  0.438735  
0.315025  0.438735  0.596086  0.227942  
0.834735  0.0863816  0.230185  0.520231  
0.596086  0.227942  0.834735  0.0863816  
0.230185  0.520231  0.41427  0.356383  
0.995035  0.00250109  0.000637807  0.974772  
0.41427  0.356383  0.0762502  0.723896  
0.695647  0.165959  0.695647  0.165959  
0.0762502  0.723896  0.0195488  0.860224  
0.0762502  0.723896  0.230185  0.520231  
0.695647  0.165959  0.995035  0.00250109  
0.834735  0.0863816  0.0762502  0.723896  
0.315025  0.438735  0.834735  0.0863816  
0.0195488  0.860224  0.41427  0.356383  
0.230185  0.520231  0.695647  0.165959  
0.995035  0.00250109  0.596086  0.227942  
0.000637807  0.974772  0.315025  0.438735  
0.596086  0.227942  0.0195488  0.860224  
0.41427  0.356383  0.000637807  0.974772  
0.000637785  0.974768  0.0762481  0.723893  
0.995033  0.00250077  0.414259  0.356383  
0.0762481  0.723893  0.315024  0.438735  
0.315024  0.438735  0.83472  0.0863778  
0.230185  0.52023  0.59608  0.227942  
0.83472  0.0863778  0.230185  0.52023  
0.695831  0.165857  0.000637785  0.974768  
0.59608  0.227942  0.0195472  0.860223  
0.0195472  0.860223  0.695831  0.165857  
0.414259  0.356383  0.995033  0.00250077  
0.000637785  0.974768  0.59608  0.227942  
0.230185  0.52023  0.0166539  0.998492  
0.414259  0.356383  0.414259  0.356383  
0.83472  0.0863778  0.83472  0.0863778  
0.315024  0.438735  0.0195472  0.860223  
0.0762481  0.723893  0.0762481  0.723893  
0.995033  0.00250077  0.315024  0.438735  
0.0195472  0.860223  0.230185  0.52023  
0.59608  0.227942  0.695831  0.165857  
0.695831  0.165857  0.995033  0.00250077  
0.230185  0.52023  0.83472  0.0863778  
0.414259  0.356383  0.695831  0.165857  
0.83472  0.0863778  0.315024  0.438735  
0.995033  0.00250077  0.59608  0.227942  
0.695831  0.165857  0.0195472  0.860223  
0.0195472  0.860223  0.230185  0.52023  
0.0762481  0.723893  0.0762481  0.723893  
0.315024  0.438735  0.000637785  0.974768  
0.000637785  0.974768  0.995033  0.00250077  
0.59608  0.227942  0.450041  0.370266  
0.83472  0.0863778  0.83472  0.0863778  
0.315024  0.438735  0.59608  0.227942  
0.000637785  0.974768  0.414259  0.356383  
0.995033  0.00250077  0.230185  0.52023  
0.695831  0.165857  0.696654  0.172517  
0.230185  0.52023  0.000637785  0.974768  
0.0195472  0.860223  0.315024  0.438735  
0.59608  0.227942  0.0762481  0.723893  
0.414259  0.356383  0.0195472  0.860223  
0.0762481  0.723893  0.995033  0.00250077  
0.414259  0.356383  0.995033  0.00250077  
0.315024  0.438735  0.315024  0.438735  
0.83472  0.0863778  0.695831  0.165857  
0.59608  0.227942  0.000637785  0.974768  
0.995033  0.00250077  0.0762481  0.723893  
0.0762481  0.723893  0.230185  0.52023  
0.000637785  0.974768  0.0195472  0.860223  
0.0195472  0.860223  0.512458  0.493038  
0.695831  0.165857  0.83472  0.0863778  
0.230185  0.52023  0.59608  0.227942  
0.83472  0.0863778  0.414259  0.356383  
0.230185  0.52023  0.0762481  0.723893  
0.59608  0.227942  0.315024  0.438735  
0.0762481  0.723893  0.995033  0.00250077  
0.0195472  0.860223  0.0195472  0.860223  
0.995033  0.00250077  0.886099  0.142492  
0.695831  0.165857  0.59608  0.227942  
0.000637785  0.974768  0.000637785  0.974768  
0.414259  0.356383  0.695831  0.165857  
0.315024  0.438735  0.230185  0.52023  
0.414259  0.356383  0.000637785  0.974768  
0.695831  0.165857  0.59608  0.227942  
0.000637785  0.974768  0.995033  0.00250077  
0.230185  0.52023  0.230185  0.52023  
0.59608  0.227942  0.0195472  0.860223  
0.315024  0.438735  0.0762481  0.723893  
0.0195472  0.860223  0.414259  0.356383  
0.995033  0.00250077  0.705394  0.18942  
0.83472  0.0863778  0.315024  0.438735  
0.0762481  0.723893  0.83472  0.0863778  
0.0762481  0.723893  0.995033  0.00250077  
0.995033  0.00250077  0.315024  0.438735  
0.83472  0.0863778  0.0195472  0.860223  
0.230185  0.52023  0.59608  0.227942  
0.695831  0.165857  0.920352  0.423567  
0.315024  0.438735  0.000637785  0.974768  
0.414259  0.356383  0.414259  0.356383  
0.000637785  0.974768  0.0762481  0.723893  
0.0195472  0.860223  0.230185  0.52023  
0.59608  0.227942  0.83472  0.0863778  
0.000637785  0.974768  0.995033  0.00250077  
0.0762481  0.723893  0.000637785  0.974768  
0.83472  0.0863778  0.695831  0.165857  
0.414259  0.356383  0.83472  0.0863778  
0.0195472  0.860223  0.414259  0.356383  
0.995033  0.00250077  0.0762481  0.723893  
0.315024  0.438735  0.0195472  0.860223  
0.695831  0.165857  0.315024  0.438735  
0.230185  0.52023  0.59608  0.227942  
0.59608  0.227942  0.230185  0.52023  
0.83472  0.0863778  0.0762481  0.723893  
0.995033  0.00250077  0.995033  0.00250077  
0.315024  0.438735  1.03502  1.04616  
0.230185  0.52023  0.0195472  0.860223  
0.414259  0.356383  0.230185  0.52023  
0.59608  0.227942  0.695831  0.165857  
0.0195472  0.860223  0.315024  0.438735  
0.695831  0.165857  0.83472  0.0863778  
0.0762481  0.723893  0.59608  0.227942  
0.000637785  0.974768  0.000637785  0.974768  
0.315024  0.438735  0.414259  0.356383  
0.83472  0.0863776  0.230185  0.52023  
0.0762447  0.723892  0.695828  0.165854  
0.230185  0.52023  0.0195429  0.860223  
0.0195429  0.860223  0.995032  0.00250069  
0.000637785  0.974767  0.000637785  0.974767  
0.995032  0.00250069  0.315024  0.438735  
0.414259  0.356383  0.59608  0.227942  
0.695828  0.165854  0.83472  0.0863776  
0.59608  0.227942  0.0762447  0.723892  
0.414259  0.356383  0.000637785  0.974767  
0.695828  0.165854  0.99931  0.00725492  
0.59608  0.227942  0.0195429  0.860223  
0.83472  0.0863776  3.18477  2.27281  
0.315024  0.438735  0.000637785  0.974767  
0.000637785  0.974767  0.315024  0.438735  
0.230185  0.52023  0.695828  0.165854  
0.0195429  0.860223  0.414259  0.356383  
0.995032  0.00250069  0.83472  0.0863776  
0.0762447  0.723892  0.230185  0.52023  
0.83472  0.0863776  0.0762447  0.723892  
0.0195429  0.860223  0.83472  0.0863776  
0.000637785  0.974767  0.996767  1.02503  
0.59608  0.227942  0.230185  0.52023  
0.0762447  0.723892  0.995032  0.00250069  
0.315024  0.438735  0.0195429  0.860223  
0.414259  0.356383  0.414259  0.356383  
0.695828  0.165854  0.978906  1.24898  
0.230185  0.52023  0.59608  0.227942  
0.995032  0.00250069  0.695828  0.165854  
0.414259  0.356383  0.372978  0.968102  
0.230185  0.52023  0.695828  0.165854  
0.315024  0.438735  0.315024  0.438735  
0.000637785  0.974767  0.000637785  0.974767  
0.59608  0.227942  0.59608  0.227942  
0.995032  0.00250069  0.995032  0.00250069  
0.83472  0.0863776  0.0195429  0.860223  
0.695828  0.165854  0.83472  0.0863776  
0.0762447  0.723892  0.414259  0.356383  
0.0195429  0.860223  0.230185  0.52023  
0.230185  0.52023  1.31798  1.65523  
0.695828  0.165854  0.695828  0.165854  
0.315024  0.438735  0.83472  0.0863776  
0.0762447  0.723892  0.0195429  0.860223  
0.995032  0.00250069  0.995032  0.00250069  
0.000637785  0.974767  0.131369  0.80728  
0.414259  0.356383  0.59608  0.227942  
0.0195429  0.860223  0.000637785  0.974767  
0.83472  0.0863776  0.230185  0.52023  
0.59608  0.227942  0.414259  0.356383  
0.83472  0.0863776  0.315024  0.438735  
0.230185  0.52023  0.414259  0.356383  
0.995032  0.00250069  0.230185  0.52023  
0.0762447  0.723892  0.83472  0.0863776  
0.414259  0.356383  0.000637785  0.974767  
0.315024  0.438735  0.695828  0.165854  
0.695828  0.165854  0.433069  0.94067  
0.59608  0.227942  0.59608  0.227942  
0.0195429  0.860223  0.0195429  0.860223  
0.000637785  0.974767  0.995032  0.00250069  
0.230185  0.52023  0.0195429  0.860223  
0.315024  0.438735  0.0762447  0.723892  
0.695828  0.165854  0.315024  0.438735  
0.000637785  0.974767  0.695828  0.165854  
0.414259  0.356383  0.59608  0.227942  
0.83472  0.0863776  0.230185  0.52023  
0.995032  0.00250069  0.83472  0.0863776  
0.0762447  0.723892  0.414259  0.356383  
0.59608  0.227942  0.650756  1.53415  
0.0195429  0.860223  0.995032  0.00250069  
0.695828  0.165854  1.27184  1.06374  
0.83472  0.0863776  0.995032  0.00250069  
0.000637785  0.974767  0.83472  0.0863776  
0.0762447  0.723892  0.414259  0.356383  
0.230185  0.52023  0.0195429  0.860223  
0.315024  0.438735  0.230185  0.52023  
0.0195429  0.860223  0.695828  0.165854  
0.59608  0.227942  0.59608  0.227942  
0.414259  0.356383  0.000637785  0.974767  
0.995032  0.00250069  0.315024  0.438735  
0.995032  0.00250069  0.0762447  0.723892  
0.59608  0.227942  0.230185  0.52023  
0.000637785  0.974767  0.59608  0.227942  
0.0195429  0.860223  0.0195429  0.860223  
0.83472  0.0863776  0.414259  0.356383  
0.230185  0.52023  0.315024  0.438735  
0.695828  0.165854  0.968264  0.274662  
0.0762447  0.723892  0.000637785  0.974767  
0.315024  0.438735  0.995032  0.00250069  
0.414259  0.356383  0.695828  0.165854  
0.000637785  0.974767  0.000637785  0.974767  
0.695828  0.165854  0.315024  0.438735  
0.315024  0.438735  0.0762447  0.723892  
0.0762447  0.723892  0.83472  0.0863776  
0.230185  0.52023  0.0195429  0.860223  
0.414259  0.356383  1.49483  0.364621  
0.995032  0.00250069  0.59608  0.227942  
0.59608  0.227942  0.695828  0.165854  
0.83472  0.0863776  0.414259  0.356383  
0.0195429  0.860223  0.230185  0.52023  
0.0195422  0.860223  0.0195422  0.860223  
0.000637785  0.974767  0.315024  0.438735  
0.83472  0.0863775  1.24947  0.00250068  
0.695827  0.165853  0.695827  0.165853  
0.995032  0.00250068  0.000637785  0.974767  
0.230184  0.52023  0.83472  0.0863775  
0.414259  0.356382  0.0762447  0.723892  
0.0762447  0.723892  0.596079  0.227941  
0.315024  0.438735  0.414259  0.356382  
0.596079  0.227941  0.230184  0.52023  
0.596079  0.227941  0.0195422  0.860223  
0.995032  0.00250068  0.230184  0.52023  
0.0195422  0.860223  0.695827  0.165853  
0.230184  0.52023  0.315024  0.438735  
0.83472  0.0863775  0.995032  0.00250068  
0.0762447  0.723892  0.0762447  0.723892  
0.414259  0.356382  0.88994  0.112251  
0.695827  0.165853  0.414259  0.356382  
0.315024  0.438735  0.000637785  0.974767  
0.000637785  0.974767  0.596079  0.227941  
0.315024  0.438735  0.103077  0.945964  
0.695827  0.165853  0.414259  0.356382  
0.995032  0.00250068  4.92734  3.98268  
0.83472  0.0863775  0.596079  0.227941  
0.230184  0.52023  0.83472  0.0863775  
0.000637785  0.974767  0.230184  0.52023  
0.0762447  0.723892  0.000637785  0.974767  
0.414259  0.356382  0.695827  0.165853  
0.0195422  0.860223  0.0762447  0.723892  
0.596079  0.227941  0.315024  0.438735  
0.596079  0.227941  0.0195422  0.860223  
0.315024  0.438735  0.230184  0.52023  
0.414259  0.356382  0.000637785  0.974767  
0.695827  0.165853  0.596079  0.227941  
0.83472  0.0863775  0.695827  0.165853  
0.230184  0.52023  0.315024  0.438735  
0.995032  0.00250068  0.995032  0.00250068  
0.0195422  0.860223  0.83472  0.0863775  
0.0762447  0.723892  0.0762447  0.723892  
0.000637785  0.974767  0.414259  0.634936  
0.83472  0.0863775  0.230184  0.52023  
0.000637785  0.974767  0.83472  0.0863775  
0.596079  0.227941  0.000637785  0.974767  
0.414259  0.356382  0.0762447  0.723892  
0.0762447  0.723892  0.995032  0.00250068  
0.315024  0.438735  0.315024  0.438735  
0.695827  0.165853  0.0195422  0.860223  
0.0195422  0.860223  0.695827  0.165853  
0.995032  0.00250068  2.68283  2.50648  
0.230184  0.52023  0.596079  0.227941  
0.695827  0.165853  0.695827  0.165853  
0.0762447  0.723892  0.83472  0.0863775  
0.315024  0.438735  0.230184  0.52023  
0.995032  0.00250068  0.995032  0.00250068  
0.230184  0.52023  0.315024  0.438735  
0.000637785  0.974767  0.0195422  0.860223  
0.596079  0.227941  0.596079  0.227941  
0.0195422  0.860223  0.289367  1.15732  
0.83472  0.0863775  0.414259  0.356382  
0.414259  0.356382  0.0762447  0.723892  
0.596079  0.227941  0.414259  0.356382  
0.000637785  0.974767  0.0762447  0.723892  
0.995032  0.00250068  0.596079  0.227941  
0.83472  0.0863775  0.995032  0.00250068  
0.695827  0.165853  0.695827  0.165853  
0.0762447  0.723892  0.83472  0.0863775  
0.230184  0.52023  0.0195422  0.860223  
0.0195422  0.860223  0.230184  0.52023  
0.315024  0.438735  0.000637785  0.974767  
0.414259  0.356382  0.315024  0.438735  
0.83472  0.0863775  0.596079  0.227941  
0.0762447  0.723892  0.315024  0.438735  
0.414259  0.356382  0.414259  0.356382  
0.0195422  0.860223  0.83472  0.0863775  
0.000637785  0.974767  0.000637785  0.974767  
0.315024  0.438735  0.995032  0.00250068  
0.995032  0.00250068  0.695827  0.165853  
0.596079  0.227941  2.76966  3.41736  
0.230184  0.52023  0.0195422  0.860223  
0.695827  0.165853  0.0762447  0.723892  
0.0762447  0.723892  0.83472  0.0863775  
0.596079  0.227941  0.230184  0.52023  
0.83472  0.0863775  1.20926  0.979216  
0.000637785  0.974767  0.0195422  0.860223  
0.315024  0.438735  0.414259  0.356382  
0.0195422  0.860223  0.0762447  0.723892  
0.414259  0.356382  0.000637785  0.974767  
0.995032  0.00250068  0.695827  0.165853  
0.695827  0.165853  1.7246  1.73376  
0.230184  0.52023  0.995032  0.00250068  
0.0195422  0.860223  0.0195422  0.860223  
0.995032  0.00250068  0.000637785  0.974767  
0.596079  0.227941  0.230184  0.52023  
0.0762447  0.723892  0.315024  0.438735  
0.000637785  0.974767  0.83472  0.0863775  
0.695827  0.165853  0.414259  0.356382  
0.230184  0.52023  0.0762447  0.723892  
0.414259  0.356382  0.695827  0.165853  
0.83472  0.0863775  1.02875  0.0201498  
0.315024  0.438735  0.596079  0.227941  
0.414255  0.356382  1.01206  1.38698  
0.834718  0.0863775  0.0195421  0.860223  
0.315024  0.438735  0.995028  0.00249868  
0.995028  0.00249868  0.695824  0.165852  
0.230184  0.520229  0.0762443  0.723891  
0.0762443  0.723891  0.596079  0.227941  
0.596079  0.227941  0.834718  0.0863775  
0.695824  0.165852  0.414255  0.356382  
0.0195421  0.860223  0.315024  0.438735  
0.000637785  0.974767  0.000637785  0.974767  
0.000637785  0.974767  0.995028  0.00249868  
0.995028  0.00249868  0.315024  0.438735  
0.695824  0.165852  0.230184  0.520229  
0.0762443  0.723891  0.834718  0.0863775  
0.414255  0.356382  0.0762443  0.723891  
0.596079  0.227941  0.695824  0.165852  
0.230184  0.520229  0.596079  0.227941  
0.834718  0.0863775  0.000637785  0.974767  
0.315024  0.438735  0.521858  0.462339  
0.0195421  0.860223  0.0195421  0.860223  
0.414255  0.356382  0.834718  0.0863775  
0.596079  0.227941  0.0762443  0.723891  
0.695824  0.165852  0.230184  0.520229  
0.0762443  0.723891  0.315024  0.438735  
0.0195421  0.860223  0.652867  0.310339  
0.000637785  0.974767  0.695824  0.165852  
0.995028  0.00249868  0.000637785  0.974767  
0.834718  0.0863775  0.0195421  0.860223  
0.230184  0.520229  0.995028  0.00249868  
0.315024  0.438735  0.414255  0.356382  
0.230184  0.520229  0.0195421  0.860223  
0.0762443  0.723891  0.230184  0.520229  
0.695824  0.165852  0.0762443  0.723891  
0.000637785  0.974767  0.834718  0.0863775  
0.596079  0.227941  0.414255  0.356382  
0.0195421  0.860223  0.695824  0.165852  
0.414255  0.356382  0.000637785  0.974767  
0.315024  0.438735  0.315024  0.438735  
0.834718  0.0863775  0.995028  0.00249868  
0.995028  0.00249868  0.596079  0.227941  
0.0762443  0.723891  0.0195421  0.860223  
0.695824  0.165852  0.596079  0.227941  
0.834718  0.0863775  0.315024  0.438735  
0.315024  0.438735  0.995028  0.00249868  
0.0195421  0.860223  0.695824  0.165852  
0.000637785  0.974767  0.000637785  0.974767  
0.414255  0.356382  0.0762443  0.723891  
0.230184  0.520229  0.230184  0.520229  
0.596079  0.227941  0.414255  0.356382  
0.995028  0.00249868  0.834718  0.0863775  
0.230184  0.520229  0.0195421  0.860223  
0.596079  0.227941  0.0783301  0.723896  
0.0195421  0.860223  0.000637785  0.974767  
0.834718  0.0863775  0.315024  0.438735  
0.995028  0.00249868  0.695824  0.165852  
0.414255  0.356382  0.230184  0.520229  
0.695824  0.165852  0.596079  0.227941  
0.315024  0.438735  0.414255  0.356382  
0.0762443  0.723891  0.834718  0.0863775  
0.000637785  0.974767  0.995028  0.00249868  
0.834718  0.0863775  0.0195421  0.860223  
0.995028  0.00249868  0.0762443  0.723891  
0.0762443  0.723891  0.230184  0.520229  
0.695824  0.165852  0.596079  0.227941  
0.230184  0.520229  0.000637785  0.974767  
0.0195421  0.860223  0.695824  0.165852  
0.414255  0.356382  0.995028  0.00249868  
0.000637785  0.974767  0.414255  0.356382  
0.596079  0.227941  1.7899  1.11256  
0.315024  0.438735  0.315024  0.438735  
0.995028  0.00249868  0.596079  0.227941  
0.0762443  0.723891  0.230184  0.520229  
0.695824  0.165852  0.000637785  0.974767  
0.230184  0.520229  0.0762443  0.723891  
0.0195421  0.860223  0.0195421  0.860223  
0.315024  0.438735  0.995028  0.00249868  
0.000637785  0.974767  0.414255  0.356382  
0.834718  0.0863775  1.11455  0.296705  
0.414255  0.356382  0.315024  0.438735  
0.596079  0.227941  0.695824  0.165852  
0.995028  0.00249868  0.0195421  0.860223  
0.0762443  0.723891  0.834718  0.0863775  
0.0195421  0.860223  0.742007  0.187444  
0.596079  0.227941  0.230184  0.520229  
0.695824  0.165852  0.000637785  0.974767  
0.000637785  0.974767  0.414255  0.356382  
0.834718  0.0863775  0.0762443  0.723891  
0.230184  0.520229  0.995028  0.00249868  
0.414255  0.356382  0.596079  0.227941  
0.315024  0.438735  0.315024  0.438735  
0.995028  0.00249868  0.0195421  0.860223  
0.414255  0.356382  0.596079  0.227941  
0.0195421  0.860223  0.230184  0.520229  
0.834718  0.0863775  0.315024  0.438735  
0.695824  0.165852  0.834718  0.0863775  
0.230184  0.520229  0.0762443  0.723891  
0.315024  0.438735  0.414255  0.356382  
0.596079  0.227941  0.995028  0.00249868  
0.000637785  0.974767  0.000637785  0.974767  
0.0762443  0.723891  1.02043  0.356944  
0.834718  0.0863775  0.995028  0.00249868  
0.315023  0.438735  0.414255  0.356382  
0.995028  0.00249868  0.000637785  0.974767  
0.0762443  0.72389  0.0762443  0.72389  
0.230184  0.520229  0.86763  0.396764  
0.000637785  0.974767  0.596079  0.227941  
0.596079  0.227941  0.315023  0.438735  
0.019542  0.860222  0.834718  0.0863775  
0.695821  0.165852  0.019542  0.860222  
0.414255  0.356382  0.230184  0.520229  
0.695821  0.165852  0.00418985  0.97777  
0.315023  0.438735  0.0762443  0.72389  
0.0762443  0.72389  0.019542  0.860222  
0.230184  0.520229  0.596079  0.227941  
0.596079  0.227941  0.315023  0.438735  
0.019542  0.860222  0.414255  0.356382  
0.414255  0.356382  0.230184  0.520229  
0.834718  0.0863775  0.834718  0.0863775  
0.995028  0.00249868  0.995028  0.00249868  
0.000637785  0.974767  0.695821  0.165852  
0.695821  0.165852  0.995028  0.00249868  
0.596079  0.227941  0.596079  0.227941  
0.019542  0.860222  0.019542  0.860222  
0.0762443  0.72389  0.695821  0.165852  
0.414255  0.356382  0.834718  0.0863775  
0.834718  0.0863775  0.315023  0.687915  
0.000637785  0.974767  0.0762443  0.72389  
0.995028  0.00249868  0.000637785  0.974767  
0.230184  0.520229  0.230184  0.520229  
0.315023  0.438735  0.414255  0.356382  
0.0762443  0.72389  0.414255  0.356382  
0.230184  0.520229  0.000637785  0.974767  
0.834718  0.0863775  0.019542  0.860222  
0.414255  0.356382  0.230184  0.520229  
0.019542  0.860222  0.315023  0.438735  
0.995028  0.00249868  0.0888266  0.740932  
0.695821  0.165852  0.695821  0.165852  
0.315023  0.438735  0.995028  0.00249868  
0.596079  0.227941  3.10661  3.31841  
0.000637785  0.974767  0.834718  0.0863775  
0.315023  0.438735  0.596079  0.227941  
0.000637785  0.974767  0.414255  0.356382  
0.414255  0.356382  0.315023  0.438735  
0.834718  0.0863775  0.230184  0.520229  
0.019542  0.860222  0.000637785  0.974767  
0.695821  0.165852  0.019542  0.860222  
0.995028  0.00249868  0.834718  0.0863775  
0.230184  0.520229  0.0762443  0.72389  
0.0762443  0.72389  0.995028  0.00249868  
0.596079  0.227941  1.26034  0.687339  
0.0762443  0.72389  0.230184  0.520229  
0.414255  0.356382  0.315023  0.438735  
0.019542  0.860222  0.414255  0.356382  
0.995028  0.00249868  0.834718  0.0863775  
0.596079  0.227941  0.695821  0.165852  
0.695821  0.165852  2.20306  2.5441  
0.834718  0.0863775  0.0762443  0.72389  
0.230184  0.520229  0.995028  0.00249868  
0.315023  0.438735  0.596079  0.227941  
0.000637785  0.974767  0.000637785  0.974767  
0.315023  0.438735  0.385269  0.490406  
0.000637785  0.974767  0.019542  0.860222  
0.019542  0.860222  0.414255  0.356382  
0.414255  0.356382  0.834718  0.0863775  
0.995028  0.00249868  0.0762443  0.72389  
0.695821  0.165852  0.230184  0.520229  
0.834718  0.0863775  0.596079  0.227941  
0.0762443  0.72389  0.695821  0.165852  
0.596079  0.227941  0.000637785  0.974767  
0.230184  0.520229  0.995028  0.00249868  
0.596079  0.227941  0.230184  0.520229  
0.834718  0.0863775  0.834718  0.0863775  
0.000637785  0.974767  0.596079  0.227941  
0.230184  0.520229  0.695821  0.165852  
0.315023  0.438735  0.995028  0.00249868  
0.019542  0.860222  0.000637785  0.974767  
0.995028  0.00249868  0.0762443  0.72389  
0.0762443  0.72389  0.315023  0.438735  
0.695821  0.165852  0.414255  0.356382  
0.414255  0.356382  0.019542  0.860222  
0.000637785  0.974767  0.414255  0.356382  
0.315023  0.438735  0.315023  0.438735  
0.019542  0.860222  0.230184  0.520229  
0.596079  0.227941  0.995028  0.00249868  
0.0762443  0.72389  0.0762443  0.72389  
0.230184  0.520229  0.596079  0.227941  
0.695821  0.165852  0.834718  0.0863775  
0.834718  0.0863775  0.695821  0.165852  
0.414255  0.356382  0.019542  0.860222  
0.995028  0.00249868  0.000637785  0.974767  
0.315023  0.438735  0.995028  0.00249868  
0.0762443  0.72389  0.695821  0.165852  
0.019542  0.860222  0.000637785  0.974767  
0.596079  0.227941  1.30838  0.777349  
0.695821  0.165852  0.596079  0.227941  
0.834718  0.0863775  0.414255  0.356382  
0.995028  0.00249868  0.315023  0.438735  
0.230184  0.520229  0.019542  0.860222  
0.414255  0.356382  0.230184  0.520229  
0.000637785  0.974767  0.0762443  0.72389  
