0.853402 0.0762033
0.552497 0.2567
0.994811 0.00278278
0.253542 0.496474
0.389326 0.376041
0.70857 0.158234
0.112415 0.664728
0.0713658 0.732871
0.420967 0.351194
0.00399528 0.938453
0.253542 0.496474
0.00399528 0.938453
0.70857 0.158234
0.420967 0.351194
0.389326 0.376041
0.994811 0.00278278
0.112415 0.664728
0.0713658 0.732871
0.853402 0.0762033
0.552497 0.2567
0.994811 0.00278278
0.253542 0.496474
0.389326 0.376041
0.552497 0.2567
0.853402 0.0762033
0.112415 0.664728
0.70857 0.158234
0.420967 0.351194
0.0713658 0.732871
0.00399528 0.938453
0.253542 0.496474
0.0713658 0.732871
0.420967 0.351194
0.389326 0.376041
0.00399528 0.938453
0.552497 0.2567
0.853402 0.0762033
0.994811 0.00278278
0.112415 0.664728
0.70857 0.158234
0.253542 0.496474
0.70857 0.158234
0.0713658 0.732871
0.420967 0.351194
0.552497 0.2567
0.00399528 0.938453
0.853402 0.0762033
0.112415 0.664728
0.389326 0.376041
0.994811 0.00278278
0.552497 0.2567
0.853402 0.0762033
0.420967 0.351194
0.0713658 0.732871
0.994811 0.00278278
0.70857 0.158234
0.112415 0.664728
0.253542 0.496474
0.389326 0.376041
0.00399528 0.938453
0.0713658 0.732871
0.112415 0.664728
0.389326 0.376041
0.70857 0.158234
0.853402 0.0762033
0.253542 0.496474
0.552497 0.2567
0.994811 0.00278278
0.00399528 0.938453
0.420967 0.351194
0.0713658 0.732871
0.853402 0.0762033
0.00399528 0.938453
0.389326 0.376041
0.994811 0.00278278
0.552497 0.2567
0.420967 0.351194
0.70857 0.158234
0.112415 0.664728
0.253542 0.496474
0.253542 0.496474
0.420967 0.351194
0.0713658 0.732871
0.112415 0.664728
0.552497 0.2567
0.70857 0.158234
0.853402 0.0762033
0.00399528 0.938453
0.389326 0.376041
0.994811 0.00278278
0.0713658 0.732871
0.389326 0.376041
0.552497 0.2567
0.253542 0.496474
0.00399528 0.938453
0.853402 0.0762033
0.70857 0.158234
0.420967 0.351194
0.112415 0.664728
0.994811 0.00278278
