0.96707069338778
0.967700816002902
0.968048644407654
0.967943598391398
0.96848263735905
0.968205294131809
0.967806343278256
0.967791743132665
0.968540142556762
0.967943113596992
0.967761284004362
0.967614240369814
0.968195876156046
0.967581237332002
0.967528277405916
0.967453116777351
0.967763127028304
0.968156407442826
0.968151166283213
0.967903739012065
0.967533549743874
0.968037789416756
0.968135963751532
0.967856948801691
0.967285605717935
0.967683232905051
0.967978420789195
0.966918123133015
0.967055569113492
0.96781021858677
0.967478255865929
0.967900402423081
0.967630054243469
0.968032375653687
0.967785525501662
