9.69686  9.19571  8.9328  7.01817  
6.88975  9.09953  8.97599  9.68063  
9.42605  8.59353  5.95056  4.04374  
4.89133  8.75486  5.62043  4.24622  
6.76885  8.78474  6.18925  9.36791  
9.70732  9.92596  6.64426  8.76113  
9.13406  8.68899  7.28458  7.91376  
7.6868  8.64677  6.5548  6.89118  
10.5816  10.41  7.39779  7.52879  
7.70676  8.25218  5.73042  9.01819  
10.7588  5.90571  11.7557  9.2027  
7.94643  6.99298  6.15423  8.92401  
9.75336  4.86553  8.33382  5.80237  
9.17453  6.99837  6.30736  6.39006  
7.75442  3.15063  8.0253  7.29868  
6.67248  7.1628  7.93948  5.87316  
6.57871  6.38618  8.21936  8.08962  
7.39135  8.18607  10.3265  11.041  
9.00923  5.76213  9.83941  6.55427  
9.92914  4.35508  5.24037  8.38665  
4.65325  6.02503  6.39921  9.45956  
10.7086  5.85744  6.90986  8.20635  
8.12023  7.17622  6.43126  7.6878  
7.41143  8.88052  7.70492  9.42499  
9.1494  6.80342  5.80601  8.46938  
5.27124  9.93035  7.1855  7.32542  
8.22287  8.95269  9.9075  9.60662  
8.88974  7.4257  8.1079  7.03813  
9.09685  7.90608  7.78029  7.79017  
7.64659  4.24507  9.78464  7.03403  
2.85655  6.50243  6.93186  7.24251  
9.28356  7.7822  10.6399  8.55532  
9.98658  5.14201  7.61113  9.39656  
9.12637  10.2059  4.49331  6.84055  
11.1309  6.27414  5.84035  8.95128  
3.43862  3.81698  6.37  4.98667  
3.05539  7.73101  6.79855  11.3541  
7.38555  10.1825  9.41205  5.77132  
7.20639  5.83951  6.84571  8.59878  
7.52249  6.96352  9.17502  7.24805  
6.42857  10.1589  6.19976  7.34201  
7.97313  9.28561  8.91984  7.44904  
8.89214  7.30787  8.94237  8.65488  
5.40973  5.15489  5.77247  11.9123  
8.07193  8.7382  7.58587  6.95734  
8.62558  9.99646  7.54826  9.08634  
6.06882  9.24428  9.73588  7.20342  
5.50097  8.37539  11.392  6.67284  
5.1906  7.24148  8.08321  10.5145  
6.09085  4.22872  7.21276  6.38214  
5.96837  6.14192  9.33702  9.54003  
7.27958  8.45513  6.91575  6.09411  
6.77248  7.63894  8.23689  9.80108  
8.42538  11.4166  6.02909  5.98329  
9.3793  6.12546  9.19124  7.7286  
6.56917  9.05157  6.25499  6.93374  
8.42227  9.40469  7.05996  6.15316  
9.04666  8.00398  5.96923  8.44216  
8.93719  6.36057  6.78725  6.11141  
5.06428  6.85513  4.57626  4.67509  
6.14041  5.98496  6.7347  7.42535  
10.3948  6.00594  6.7336  7.15553  
9.33934  5.12854  9.43604  7.5429  
6.46914  6.19647  12.219  6.77598  
7.67285  7.4907  7.99929  9.30805  
9.40616  6.77251  11.7805  9.87415  
7.00845  7.17365  3.52173  10.3299  
9.61229  8.05064  10.6689  10.0943  
7.56448  8.48023  6.44835  9.62602  
5.16239  8.56361  8.73758  8.39944  
6.82617  5.42497  6.79511  8.2765  
8.80663  5.10088  10.0011  8.67886  
5.85648  9.05274  8.66886  8.91751  
7.60392  9.30584  7.41279  9.40754  
5.44756  6.69127  5.4742  9.5248  
7.79487  8.64317  9.09513  6.84367  
9.63745  9.1615  10.7533  6.22023  
6.40098  8.87028  7.30481  6.77977  
5.8793  7.47454  9.62639  6.84421  
5.86818  7.90264  5.64897  7.27569  
10.7341  9.46152  7.60759  5.96019  
6.43686  7.80411  7.10331  6.87868  
9.52722  6.46789  5.39216  9.63434  
5.40149  9.63646  9.92537  8.94509  
8.99567  8.10054  9.99923  7.44562  
7.06709  5.57309  5.29597  7.69579  
5.89304  7.15229  8.34658  10.1059  
13.3959  5.87388  5.2049  6.70859  
9.60281  10.6353  5.00493  11.4624  
4.28251  5.65304  11.2242  6.7443  
7.71782  8.83086  7.65976  7.25234  
7.23795  6.05645  8.48988  8.99061  
10.6374  9.14462  8.74248  11.194  
5.72272  9.18834  11.1595  9.35804  
12.1905  8.29449  10.2448  9.65881  
8.13906  8.61294  9.85944  7.27781  
9.35715  10.1984  4.0732  11.7206  
6.34097  8.26247  7.57232  10.1369  
5.28369  8.50928  4.88226  6.67294  
7.07776  6.06247  7.62328  5.6139  
3.52173  10.3299  
4.57626  4.67509  
4.49331  6.84055  
5.62043  4.24622  
5.95056  4.04374  
8.9328  7.01817  
1e+09  1e+09  
1e+09  1e+09  
1e+09  1e+09  
1e+09  1e+09  
1e+09  1e+09  
1e+09  1e+09  
1e+09  1e+09  
1e+09  1e+09  
1e+09  1e+09  
1e+09  1e+09  
1e+09  1e+09  
1e+09  1e+09  
1e+09  1e+09  
1e+09  1e+09  
1e+09  1e+09  
1e+09  1e+09  
1e+09  1e+09  
1e+09  1e+09  
1e+09  1e+09  
1e+09  1e+09  
1e+09  1e+09  
1e+09  1e+09  
1e+09  1e+09  
1e+09  1e+09  
1e+09  1e+09  
1e+09  1e+09  
1e+09  1e+09  
1e+09  1e+09  
1e+09  1e+09  
1e+09  1e+09  
1e+09  1e+09  
1e+09  1e+09  
1e+09  1e+09  
1e+09  1e+09  
1e+09  1e+09  
1e+09  1e+09  
1e+09  1e+09  
1e+09  1e+09  
1e+09  1e+09  
1e+09  1e+09  
1e+09  1e+09  
1e+09  1e+09  
1e+09  1e+09  
1e+09  1e+09  
1e+09  1e+09  
1e+09  1e+09  
1e+09  1e+09  
1e+09  1e+09  
1e+09  1e+09  
1e+09  1e+09  
1e+09  1e+09  
1e+09  1e+09  
1e+09  1e+09  
1e+09  1e+09  
1e+09  1e+09  
1e+09  1e+09  
1e+09  1e+09  
1e+09  1e+09  
1e+09  1e+09  
1e+09  1e+09  
1e+09  1e+09  
1e+09  1e+09  
1e+09  1e+09  
1e+09  1e+09  
1e+09  1e+09  
1e+09  1e+09  
1e+09  1e+09  
1e+09  1e+09  
1e+09  1e+09  
1e+09  1e+09  
1e+09  1e+09  
1e+09  1e+09  
1e+09  1e+09  
1e+09  1e+09  
1e+09  1e+09  
1e+09  1e+09  
1e+09  1e+09  
1e+09  1e+09  
1e+09  1e+09  
1e+09  1e+09  
1e+09  1e+09  
1e+09  1e+09  
1e+09  1e+09  
1e+09  1e+09  
1e+09  1e+09  
1e+09  1e+09  
1e+09  1e+09  
1e+09  1e+09  
1e+09  1e+09  
1e+09  1e+09  
1e+09  1e+09  
1e+09  1e+09  
1e+09  1e+09  
1e+09  1e+09  
4.15137  4.03863  1.18991  1.00489  
4.8742  3.3944  0.554453  1.15016  
4.26026  4.46864  12.4267  12.3578  
0.554453  1.15016  1.4499  1.23683  
3.16989  3.56019  3.08361  1.3872  
1.27925  0.381472  0.487552  2.86944  
1.46047  1.09874  1.85587  3.24122  
0.614885  1.09321  0.614885  1.09321  
12.1079  12.3669  1.0894  1.0408  
3.11876  7.32872  1.30397  1.2919  
0.614885  1.09321  12.4267  12.3578  
4.8742  3.3944  0.554453  1.15016  
12.1079  12.3669  1.0894  1.0408  
1.46047  1.09874  1.4499  1.23683  
0.487552  2.86944  1.18991  1.00489  
4.15137  4.03863  1.37011  0.323994  
0.554453  1.15016  1.85587  3.24122  
1.27925  0.381472  0.614885  1.09321  
4.26026  4.46864  1.30397  1.2919  
3.16989  3.56019  0.487552  2.86944  
1.63581  3.1452  0.487552  2.86944  
0.554453  1.15016  0.554453  1.15016  
12.7071  11.949  12.7071  11.949  
1.37011  0.323994  7.48868  8.45353  
0.487552  2.86944  1.30411  3.66331  
9.31866  10.7666  2.21046  1.50756  
2.98847  0.894075  9.31866  10.7666  
1.51036  1.11892  1.63581  3.1452  
1.30411  3.66331  1.51036  1.11892  
7.48868  8.45353  2.98847  0.894075  
1.37011  0.323994  1.30397  1.11921  
1.20629  0.400316  1.18991  1.00489  
0.614885  1.09321  3.1581  3.57546  
0.554453  1.15016  0.719603  2.48872  
0.487552  2.86944  1.4499  0.688529  
1.18991  1.00489  0.554453  1.15016  
1.27925  0.381472  0.614885  1.09321  
3.1581  3.57546  0.487552  2.86944  
0.719603  2.48872  1.37011  0.323994  
1.30397  1.11921  1.20629  0.400316  
1.37011  0.323994  1.20629  0.400316  
1.20629  0.400316  3.30869  3.805  
0.487552  2.86944  0.554453  1.15016  
1.30397  1.11921  1.37011  0.323994  
0.554453  1.15016  6.42891  5.5989  
1.18991  1.00489  0.487552  2.86944  
6.42891  5.5989  1.30397  1.11921  
1.27925  0.381472  1.27925  0.381472  
3.1581  3.57546  0.614885  1.09321  
0.614885  1.09321  1.18991  1.00489  
0.487552  2.86944  0.487552  2.86944  
1.20629  0.400316  1.32582  1.60414  
1.37011  0.323994  1.0894  1.0408  
1.27925  0.381472  0.614885  1.09321  
0.614885  1.09321  1.27925  0.381472  
0.554453  1.15016  1.30397  1.11921  
1.18991  1.00489  1.37011  0.323994  
0.719603  2.48872  1.20629  0.400316  
1.30397  1.11921  0.719603  2.48872  
1.0894  1.0408  0.554453  1.15016  
2.8356  0.897955  1.67786  1.26837  
1.63581  3.1452  0.554453  1.15016  
1.20629  0.400316  7.48302  7.00225  
1.51036  1.11892  8.32916  8.94291  
1.30379  3.66331  1.37011  0.323994  
0.554453  1.15016  1.20629  0.400316  
1.37011  0.323994  1.30379  3.66331  
0.487552  2.86944  2.8356  0.897955  
8.32916  8.94291  0.487552  2.86944  
7.48302  7.00225  1.63581  3.1452  
1.95039  3.66201  7.48302  7.00225  
1.63581  3.1452  1.51036  1.11892  
7.48302  7.00225  2.92558  0.963509  
1.20629  0.400316  1.63581  3.1452  
0.554453  1.15016  1.95039  3.66201  
0.487552  2.86944  0.554453  1.15016  
1.51036  1.11892  0.487552  2.86944  
3.03622  1.39245  3.03622  1.39245  
8.32916  8.94291  8.32916  8.94291  
2.8356  0.897955  1.20629  0.400316  
1.51036  1.11892  2.8356  0.897955  
2.8356  0.897955  8.32916  8.94291  
1.20629  0.400316  1.20629  0.400316  
1.30411  3.66331  1.68366  1.20074  
7.48302  7.00225  1.63581  3.1452  
1.63581  3.1452  7.48302  7.00225  
0.554453  1.15016  0.554453  1.15016  
0.487552  2.86944  1.37011  0.323994  
8.32916  8.94291  1.30411  3.66331  
1.37011  0.323994  0.487552  2.86944  
0.719603  2.48872  13.471  11.572  
1.4554  1.11704  9.13699  12.0389  
0.487552  2.86944  0.719603  2.48872  
0.554453  1.15016  0.554453  1.15016  
1.27925  0.381472  1.37011  0.323994  
13.471  11.572  1.27925  0.381472  
4.16529  5.00702  6.43817  5.5864  
9.13699  12.0389  1.4554  1.11704  
1.37011  0.323994  4.16529  5.00702  
1.18991  1.00489  0.487552  2.86944  
1.19903  0.40481  
0.565442  1.1167  
0.811468  0.943584  
1.31393  0.364992  
0.556982  1.1386  
1.35334  0.328558  
0.611524  1.0873  
0.995782  0.416662  
1.20692  0.382327  
0.906006  0.873477  
0.874619  0.899759  
0.917226  0.541865  
0.9855  0.444115  
0.917428  0.482839  
0.564815  1.12331  
0.487259  2.96137  
0.500386  2.86076  
0.793076  1.04541  
0.694673  1.06406  
0.620365  1.08694  
0.558463  1.13503  
0.552986  1.2972  
1.35195  0.33386  
0.611374  1.0885  
1.37433  0.323013  
0.834253  0.916743  
0.943658  0.482691  
1.18905  0.409928  
0.978198  0.476443  
1.27025  0.381755  
1.27344  0.380792  
1.20629  0.400316  
1.37011  0.323994  
1.18991  1.00489  
0.934218  0.86893  
0.949313  0.855621  
1.19871  0.408677  
1.09098  0.461674  
2.00737  0.34601  
1.19905  0.40128  
0.943834  0.877232  
0.937684  0.878514  
0.960173  0.854579  
0.997523  0.843703  
0.834466  0.900914  
0.936043  0.890421  
0.575259  1.10392  
0.561606  1.13379  
0.601669  1.10164  
0.551574  1.58484  
1.00219  0.528396  
1.13626  0.442427  
0.554453  1.15016  
0.967274  0.847465  
2.00737  0.34601  
0.930992  0.895852  
0.554453  1.15016  
0.487552  2.86944  
13.8486  9.91304  
1e+09  1e+09  
1e+09  1e+09  
1e+09  1e+09  
1e+09  1e+09  
1e+09  1e+09  
1e+09  1e+09  
1e+09  1e+09  
1e+09  1e+09  
1e+09  1e+09  
1e+09  1e+09  
1e+09  1e+09  
1e+09  1e+09  
1e+09  1e+09  
1e+09  1e+09  
1e+09  1e+09  
1e+09  1e+09  
1e+09  1e+09  
1e+09  1e+09  
1e+09  1e+09  
1e+09  1e+09  
1e+09  1e+09  
1e+09  1e+09  
1e+09  1e+09  
1e+09  1e+09  
1e+09  1e+09  
1e+09  1e+09  
1e+09  1e+09  
1e+09  1e+09  
1e+09  1e+09  
1e+09  1e+09  
1e+09  1e+09  
1e+09  1e+09  
1e+09  1e+09  
1e+09  1e+09  
1e+09  1e+09  
1e+09  1e+09  
1e+09  1e+09  
1e+09  1e+09  
1e+09  1e+09  
1e+09  1e+09  
1e+09  1e+09  
0.317756  1.415  0.938195  1.0487  
1.34014  0.179918  3.46768  1.64496  
1.05993  0.457536  0.864915  1.10926  
6.42794  5.97185  6.42794  5.97185  
0.385866  1.30076  2.20416  1.91947  
0.864915  1.10926  1.05993  0.457536  
2.20416  1.91947  0.317756  1.415  
2.5673  2.70393  1.34014  0.179918  
0.938195  1.0487  1.5164  2.36822  
3.46768  1.64496  2.5673  2.70393  
2.13514  1.54448  0.317756  1.415  
2.63666  1.41806  2.13514  1.54448  
0.317756  1.415  0.864915  1.10926  
0.864915  1.10926  6.1997  8.53507  
0.938195  1.0487  3.24881  1.87741  
3.24881  1.87741  2.63666  1.41806  
0.748575  2.35762  1.34014  0.179918  
0.385866  1.30076  1.05993  0.457536  
1.34014  0.179918  0.385866  1.30076  
1.05993  0.457536  0.748575  2.35762  
2.19795  1.5576  0.748575  2.35762  
0.864915  1.10926  2.20416  1.91947  
0.317756  1.415  0.864915  1.10926  
0.385866  1.30076  5.9008  9.81452  
0.748575  2.35762  2.19795  1.5576  
2.20416  1.91947  0.938195  1.0487  
2.78317  1.64735  1.05993  0.457536  
0.938195  1.0487  2.78317  1.64735  
1.34014  0.179918  0.317756  1.415  
1.05993  0.457536  0.385866  1.30076  
3.02062  1.61751  0.864915  1.10926  
2.07505  1.26239  2.09958  1.55936  
0.938195  1.0487  1.34014  0.179918  
0.864915  1.10926  3.07239  1.43074  
1.05993  0.457536  0.748575  2.35762  
0.317756  1.415  0.385866  1.30076  
0.385866  1.30076  1.05993  0.457536  
0.748575  2.35762  0.938195  1.0487  
1.34014  0.179918  0.317756  1.415  
2.09958  1.55936  3.02062  1.61751  
0.317756  1.415  1.05993  0.457536  
1.34014  0.179918  1.34014  0.179918  
0.938195  1.0487  0.864915  1.10926  
2.08086  1.5576  0.938195  1.0487  
1.05993  0.457536  2.85945  1.44701  
0.385866  1.30076  2.08086  1.5576  
0.864915  1.10926  0.748575  2.35762  
0.748575  2.35762  0.385866  1.30076  
1.25776  0.439935  1.25776  0.439935  
2.07505  1.26239  0.317756  1.415  
0.317756  1.415  0.748575  2.35762  
0.864915  1.10926  0.317756  1.415  
0.938195  1.0487  2.07505  1.26239  
0.385866  1.30076  2.07331  1.5576  
1.05993  0.457536  0.864915  1.10926  
0.748575  2.35762  1.51729  2.41082  
1.34014  0.179918  1.05993  0.457536  
1.25776  0.439935  0.938195  1.0487  
2.07505  1.26239  1.34014  0.179918  
2.07331  1.5576  1.25776  0.439935  
2.19795  1.5576  0.385866  1.30076  
1.34014  0.179918  0.864915  1.10926  
0.938195  1.0487  0.748575  2.35762  
0.317756  1.415  1.05993  0.457536  
0.864915  1.10926  0.938195  1.0487  
2.20416  1.91947  2.19795  1.5576  
1.25776  0.439935  2.20416  1.91947  
0.748575  2.35762  1.34014  0.179918  
0.385866  1.30076  14.6216  12.5464  
1.05993  0.457536  1.25776  0.439935  
0.748575  2.35762  9.26914  11.3785  
1.34014  0.179918  2.19795  1.5576  
0.938195  1.0487  0.385866  1.30076  
2.19795  1.5576  2.24867  1.91947  
1.25776  0.439935  0.938195  1.0487  
2.24867  1.91947  0.864915  1.10926  
0.864915  1.10926  1.25776  0.439935  
0.317756  1.415  1.34014  0.179918  
0.385866  1.30076  0.748575  2.35762  
1.05993  0.457536  0.317756  1.415  
1.25776  0.439935  0.864915  1.10926  
2.19795  1.5576  2.5673  2.70393  
0.938195  1.0487  1.34014  0.179918  
0.317756  1.415  7.68265  9.59006  
0.864915  1.10926  2.20416  1.91947  
1.34014  0.179918  1.25776  0.439935  
2.20416  1.91947  2.19795  1.5576  
1.05993  0.457536  0.317756  1.415  
0.385866  1.30076  1.05993  0.457536  
2.5673  2.70393  0.385866  1.30076  
3.02062  1.61751  2.07331  1.5576  
0.317756  1.415  3.02062  1.61751  
0.864915  1.10926  1.34014  0.179918  
2.07331  1.5576  2.07505  1.26239  
0.938195  1.0487  0.317756  1.415  
2.07505  1.26239  4.89649  3.73321  
0.748575  2.35762  0.748575  2.35762  
0.385866  1.30076  1.05993  0.457536  
1.34014  0.179918  0.385866  1.30076  
1.05993  0.457536  0.938195  1.0487  
0.536209  1.21848  
0.579944  1.04129  
0.811468  0.943584  
1.23418  0.226456  
0.543969  1.10308  
1.18466  0.238117  
0.60381  1.02972  
0.995782  0.416662  
1.17166  0.253017  
0.906006  0.873477  
0.874619  0.899759  
0.917226  0.541865  
0.9855  0.444115  
0.917428  0.482839  
0.523355  1.27249  
0.374456  1.2841  
0.938195  1.0487  
0.724896  0.985425  
1.118  0.331056  
0.609077  1.02781  
0.553317  1.04998  
0.385866  1.30076  
1.15251  0.323414  
1.33085  0.182251  
1.22461  0.232902  
0.834253  0.916743  
0.943658  0.482691  
1.23924  0.2238  
0.978198  0.476443  
0.376643  1.34761  
0.639655  1.01694  
0.640345  1.01574  
1.46696  0.178744  
0.542386  1.20214  
0.547338  1.09069  
0.55157  1.05607  
0.316756  2.65131  
0.359708  1.3484  
0.3312  1.35574  
0.804483  0.966937  
0.330751  1.35698  
1.97062  4.2066  
0.809098  0.966538  
0.446916  1.30224  
0.834466  0.900914  
1.34014  0.179918  
1.58096  0.177176  
0.453334  1.32639  
0.317756  1.415  
1.34014  0.179918  
1.67899  1.25826  
1.13626  0.442427  
0.554453  1.15016  
0.967274  0.847465  
2.00737  0.34601  
0.930992  0.895852  
0.554453  1.15016  
0.487552  2.86944  
13.8486  9.91304  
1e+09  1e+09  
1e+09  1e+09  
1e+09  1e+09  
1e+09  1e+09  
1e+09  1e+09  
1e+09  1e+09  
1e+09  1e+09  
1e+09  1e+09  
1e+09  1e+09  
1e+09  1e+09  
1e+09  1e+09  
1e+09  1e+09  
1e+09  1e+09  
1e+09  1e+09  
1e+09  1e+09  
1e+09  1e+09  
1e+09  1e+09  
1e+09  1e+09  
1e+09  1e+09  
1e+09  1e+09  
1e+09  1e+09  
1e+09  1e+09  
1e+09  1e+09  
1e+09  1e+09  
1e+09  1e+09  
1e+09  1e+09  
1e+09  1e+09  
1e+09  1e+09  
1e+09  1e+09  
1e+09  1e+09  
1e+09  1e+09  
1e+09  1e+09  
1e+09  1e+09  
1e+09  1e+09  
1e+09  1e+09  
1e+09  1e+09  
1e+09  1e+09  
1e+09  1e+09  
1e+09  1e+09  
1e+09  1e+09  
1e+09  1e+09  
1.00291  0.427125  0.798534  0.847156  
3.70908  5.95913  4.43339  6.6103  
1.47374  0.115762  0.317756  1.415  
0.317756  1.415  0.350318  3.61264  
0.350318  3.61264  0.618774  0.925036  
0.798534  0.847156  3.29195  0.620189  
7.11266  7.82898  1.00291  0.427125  
0.618774  0.925036  7.11266  7.82898  
5.38843  6.67341  6.87281  6.70799  
3.29195  0.620189  1.47374  0.115762  
0.350318  3.61264  0.798534  0.847156  
3.29195  0.620189  3.70908  5.95913  
0.317756  1.415  0.350318  3.61264  
0.618774  0.925036  3.29195  0.620189  
1.47374  0.115762  9.9378  10.0344  
3.09471  1.44297  0.618774  0.925036  
0.842318  0.822519  5.38843  6.67341  
4.43339  6.6103  1.00291  0.427125  
1.00291  0.427125  0.317756  1.415  
7.11266  7.82898  7.11266  7.82898  
0.618774  0.925036  3.29195  0.620189  
2.07241  1.71095  6.65868  7.29146  
7.11266  7.82898  0.618774  0.925036  
0.350318  3.61264  1.00291  0.427125  
1.47374  0.115762  0.317756  1.415  
1.00291  0.427125  0.350318  3.61264  
0.317756  1.415  2.07241  1.71095  
3.29195  0.620189  7.11266  7.82898  
0.842318  0.822519  3.17807  4.88848  
3.17807  4.88848  1.47374  0.115762  
0.618774  0.925036  3.29195  0.620189  
0.350318  3.61264  1.47374  0.115762  
0.798534  0.847156  4.18883  6.8788  
0.317756  1.415  3.7534  5.87775  
4.1101  3.51796  1.00291  0.427125  
3.16348  5.71307  0.317756  1.415  
3.76854  1.44043  0.798534  0.847156  
1.00291  0.427125  4.1101  3.51796  
0.842318  0.822519  0.842318  0.822519  
1.47374  0.115762  0.618774  0.925036  
4.1101  3.51796  0.317756  1.415  
0.842318  0.822519  3.29195  0.620189  
0.317756  1.415  8.58659  8.85542  
0.350318  3.61264  1.00291  0.427125  
0.618774  0.925036  0.350318  3.61264  
3.7534  5.87775  0.618774  0.925036  
3.29195  0.620189  3.7534  5.87775  
1.00291  0.427125  0.798534  0.847156  
1.47374  0.115762  4.1101  3.51796  
0.798534  0.847156  0.842318  0.822519  
4.1101  3.51796  0.798534  0.847156  
0.842318  0.822519  0.842318  0.822519  
0.350318  3.61264  4.18883  7.14429  
1.00291  0.427125  3.7534  5.87775  
1.47374  0.115762  3.29195  0.620189  
3.16348  5.71307  4.1101  3.51796  
0.798534  0.847156  0.618774  0.925036  
0.317756  1.415  0.317756  1.415  
0.618774  0.925036  1.00291  0.427125  
3.29195  0.620189  1.47374  0.115762  
0.317756  1.415  0.350318  3.61264  
1.00291  0.427125  0.317756  1.415  
0.618774  0.925036  1.00291  0.427125  
7.11266  7.82898  0.798534  0.847156  
0.842318  0.822519  0.618774  0.925036  
1.47374  0.115762  7.11266  7.82898  
4.43339  6.6103  3.29195  0.620189  
3.29195  0.620189  4.43339  6.6103  
0.350318  3.61264  6.87281  6.67341  
0.798534  0.847156  1.47374  0.115762  
0.317756  1.415  9.93797  10.8993  
1.47374  0.115762  0.842318  0.822519  
7.11266  7.95433  4.43339  6.6103  
0.618774  0.925036  1.00291  0.427125  
0.350318  3.61264  0.618774  0.925036  
4.43339  6.6103  7.11266  7.95433  
1.00291  0.427125  3.29195  0.620189  
0.842318  0.822519  0.350318  3.61264  
0.798534  0.847156  0.317756  1.415  
3.29195  0.620189  0.798534  0.847156  
0.842318  0.822519  0.618774  0.925036  
0.350318  3.61264  1.47374  0.115762  
1.47374  0.115762  0.798534  0.847156  
0.317756  1.415  4.97779  3.12495  
0.798534  0.847156  2.8981  1.44008  
3.16348  5.71307  3.16348  5.71307  
2.87989  1.23271  0.317756  1.415  
0.618774  0.925036  0.842318  0.822519  
4.1101  3.51796  5.30068  3.48486  
1.00291  0.427125  0.350318  3.61264  
0.317756  1.415  0.350318  3.61264  
1.00291  0.427125  5.29587  3.44024  
0.842318  0.822519  0.618774  0.925036  
2.8981  1.44008  1.47374  0.115762  
4.97779  3.12495  3.76854  1.44043  
3.16348  5.71307  4.1101  3.51796  
0.618774  0.925036  3.16348  5.71307  
0.798534  0.847156  0.842318  0.822519  
1.47374  0.115762  0.798534  0.847156  
0.350318  3.61264  0.317756  1.415  
0.70403  0.917691  
0.635263  0.921623  
0.601152  0.939579  
1.21341  0.235098  
0.732375  0.905054  
1.18466  0.238117  
0.4405  1.12287  
0.995782  0.416662  
1.17166  0.253017  
0.842318  0.822519  
0.734086  0.881218  
0.917226  0.541865  
0.9855  0.444115  
0.917428  0.482839  
0.441799  1.12072  
0.374456  1.2841  
0.343554  1.32968  
0.73306  0.885347  
1.118  0.331056  
0.58045  0.953124  
0.672404  0.921178  
1.44227  0.12081  
1.15251  0.323414  
1.33085  0.182251  
1.21444  0.228793  
0.417193  1.14087  
0.943658  0.482691  
1.22134  0.201621  
0.978198  0.476443  
0.351265  1.32282  
0.576386  0.992911  
0.427536  1.13556  
0.748957  0.841444  
2.20294  0.114114  
1.44821  0.118708  
0.748984  0.83634  
0.316756  2.65131  
0.835349  0.8311  
0.327915  1.34792  
0.35462  1.31964  
0.798534  0.847156  
0.353942  1.32235  
0.845415  0.826669  
0.357179  1.31648  
0.524457  1.00115  
0.360147  1.30913  
1.47374  0.115762  
0.346856  1.32629  
0.320621  1.36503  
0.387854  1.15265  
0.618774  0.925036  
0.317756  1.415  
1.00291  0.427125  
1.34014  0.179918  
0.6084  0.947115  
0.930992  0.895852  
0.554453  1.15016  
0.487552  2.86944  
13.8486  9.91304  
1e+09  1e+09  
1e+09  1e+09  
1e+09  1e+09  
1e+09  1e+09  
1e+09  1e+09  
1e+09  1e+09  
1e+09  1e+09  
1e+09  1e+09  
1e+09  1e+09  
1e+09  1e+09  
1e+09  1e+09  
1e+09  1e+09  
1e+09  1e+09  
1e+09  1e+09  
1e+09  1e+09  
1e+09  1e+09  
1e+09  1e+09  
1e+09  1e+09  
1e+09  1e+09  
1e+09  1e+09  
1e+09  1e+09  
1e+09  1e+09  
1e+09  1e+09  
1e+09  1e+09  
1e+09  1e+09  
1e+09  1e+09  
1e+09  1e+09  
1e+09  1e+09  
1e+09  1e+09  
1e+09  1e+09  
1e+09  1e+09  
1e+09  1e+09  
1e+09  1e+09  
1e+09  1e+09  
1e+09  1e+09  
1e+09  1e+09  
1e+09  1e+09  
1e+09  1e+09  
1e+09  1e+09  
1e+09  1e+09  
1e+09  1e+09  
