1.61489  4.54228  2.3523  2.67974  
2.41665  3.49534  2.43432  3.26935  
2.53001  2.44932  2.25506  2.60217  
2.34553  3.32279  2.0616  3.27218  
2.39111  3.10008  2.07191  3.61771  
1.78703  4.39045  2.64897  2.7835  
2.69611  1.77885  1.79195  3.95619  
2.66396  2.31533  2.37751  2.4267  
1.77744  4.48254  2.80231  1.95739  
2.33354  3.18484  2.65426  1.81092  
2.33077  3.22933  1.80416  4.26352  
2.46451  2.80349  2.54345  1.81827  
1.7382  3.84791  2.36569  3.04958  
2.37918  3.39878  1.98049  3.64081  
2.31518  3.49171  2.51423  2.19239  
2.44882  3.04532  2.30078  2.02246  
2.12132  3.4974  2.38671  1.95349  
2.43722  2.6345  2.46277  2.87871  
2.42109  3.23445  2.56514  2.22871  
1.7428  4.06787  2.30661  3.12339  
2.11881  3.83513  0.900899  4.69985  
2.59705  2.48548  2.49057  2.47467  
2.4388  3.08456  2.4462  3.33666  
2.24065  3.12456  2.82076  1.36235  
0.873175  4.71502  2.3266  3.50455  
2.38227  2.28027  2.57899  2.78424  
2.7122  1.1287  2.34028  2.91201  
2.22157  3.06319  2.54099  2.98678  
2.41519  2.44911  2.36376  3.4565  
2.55348  2.76051  2.5324  2.18631  
1.28763  4.47586  1.54333  4.56935  
1.3078  4.65802  2.0926  3.87437  
2.71635  2.39309  0.852396  4.7468  
1.96874  4.05196  2.28024  2.28503  
2.55929  2.64472  2.275  2.67534  
2.64265  2.51491  2.66371  2.23171  
1.191  4.22589  2.0899  2.88021  
2.59504  2.48617  2.67391  2.13203  
2.40492  2.2852  2.39713  3.44521  
2.39921  2.83108  2.51323  3.07674  
2.49529  2.51622  1.60065  4.56854  
2.32185  3.20616  2.22101  3.81974  
2.5372  2.52286  2.28616  3.16962  
2.47456  3.34549  2.60794  2.13446  
2.73961  2.07786  2.23482  3.23655  
2.30364  2.73626  1.98753  3.34839  
1.01313  4.79696  1.8619  3.60302  
2.62144  2.22882  2.35237  2.92146  
1.42875  4.60316  2.26871  2.95333  
2.24858  3.75384  2.73209  2.03245  
2.46763  3.03388  1.71785  4.21272  
2.63272  2.28184  2.04113  3.33467  
2.58652  2.63553  1.94611  3.31489  
2.60731  2.4957  2.76572  1.86538  
2.392  2.53555  2.2503  3.59277  
2.66828  2.20823  2.71713  1.94727  
2.28932  3.03811  2.5395  2.74083  
2.44933  1.97147  1.69333  4.50689  
2.40988  2.2657  2.09149  3.0691  
1.0074  4.79736  2.03057  3.07844  
1.3893  4.46274  2.36343  3.57077  
2.41765  2.88473  2.60224  2.8683  
1.83368  4.29698  1.5335  3.96995  
1.93954  4.07579  1.21125  4.47864  
2.45455  2.81531  1.71954  4.45396  
2.26141  3.77721  2.32915  3.17698  
2.68377  2.36672  2.43088  3.20691  
2.52589  2.92991  1.9818  3.82325  
1.69863  4.44939  1.73726  4.40842  
2.36214  2.53243  2.55652  1.91077  
1.32116  4.68857  2.26446  3.72123  
1.67654  4.52802  1.98072  3.67857  
1.92057  4.10095  0.929219  4.86148  
2.54772  2.49462  2.247  3.37351  
2.33367  3.40634  1.86639  3.88789  
2.17375  3.21812  1.99632  3.62919  
1.45611  4.61559  1.43589  4.12743  
1.62417  4.24967  2.45423  3.22393  
2.41847  3.27156  2.15268  3.06822  
1.74765  4.17224  1.69589  3.92132  
2.56935  1.47541  2.06124  3.96042  
2.36921  3.08142  0.781313  4.3543  
2.07842  2.95123  2.52724  1.85927  
2.45977  3.1099  1.28971  4.74431  
2.04533  3.88106  2.14247  3.30083  
2.11189  3.56492  1.51127  4.38007  
1.61735  4.38306  2.79113  1.79448  
0.840259  4.75031  2.12178  3.57271  
2.56025  2.98319  2.57349  2.77511  
2.10866  3.54085  2.4954  2.12046  
2.79553  1.65563  2.30896  2.04475  
2.30303  3.38399  2.6801  2.05711  
2.35786  3.06161  2.10083  4.01096  
2.38322  2.76898  2.11019  3.71789  
2.44658  1.81252  2.53209  2.22577  
2.48648  2.41334  2.66186  2.40027  
1.72279  3.98682  2.28188  3.39467  
2.47533  2.61952  2.52975  2.34282  
2.37598  2.6678  2.21991  3.30127  
2.64692  2.29653  1.7671  4.30565  
0.781313  4.3543  
1.69589  3.92132  
1.43589  4.12743  
1.5335  3.96995  
2.03057  3.07844  
1.94611  3.31489  
1.8619  3.60302  
2.0899  2.88021  
2.28024  2.28503  
2.38671  1.95349  
2.30078  2.02246  
2.25506  2.60217  
1.7382  3.84791  
2.3523  2.67974  
2.31518  3.49171  
2.44882  3.04532  
2.12132  3.4974  
2.43722  2.6345  
2.42109  3.23445  
1.7428  4.06787  
2.11881  3.83513  
2.59705  2.48548  
2.4388  3.08456  
2.24065  3.12456  
0.873175  4.71502  
2.38227  2.28027  
2.7122  1.1287  
2.22157  3.06319  
2.41519  2.44911  
2.55348  2.76051  
1.28763  4.47586  
1.3078  4.65802  
2.71635  2.39309  
1.96874  4.05196  
2.55929  2.64472  
2.64265  2.51491  
1.191  4.22589  
2.59504  2.48617  
2.40492  2.2852  
2.39921  2.83108  
2.49529  2.51622  
2.32185  3.20616  
2.5372  2.52286  
2.47456  3.34549  
2.73961  2.07786  
2.30364  2.73626  
1.01313  4.79696  
2.62144  2.22882  
1.42875  4.60316  
2.24858  3.75384  
2.46763  3.03388  
2.63272  2.28184  
2.58652  2.63553  
2.60731  2.4957  
2.392  2.53555  
2.66828  2.20823  
2.28932  3.03811  
2.44933  1.97147  
2.40988  2.2657  
1.0074  4.79736  
1.3893  4.46274  
2.41765  2.88473  
1.83368  4.29698  
1.93954  4.07579  
2.45455  2.81531  
2.26141  3.77721  
2.68377  2.36672  
2.52589  2.92991  
1.69863  4.44939  
2.36214  2.53243  
1.32116  4.68857  
1.67654  4.52802  
1.92057  4.10095  
2.54772  2.49462  
2.33367  3.40634  
2.17375  3.21812  
1.45611  4.61559  
1.62417  4.24967  
2.41847  3.27156  
1.74765  4.17224  
2.56935  1.47541  
2.36921  3.08142  
2.07842  2.95123  
2.45977  3.1099  
2.04533  3.88106  
2.11189  3.56492  
1.61735  4.38306  
0.840259  4.75031  
2.56025  2.98319  
2.10866  3.54085  
2.79553  1.65563  
2.30303  3.38399  
2.35786  3.06161  
2.38322  2.76898  
2.44658  1.81252  
2.48648  2.41334  
1.72279  3.98682  
2.47533  2.61952  
2.37598  2.6678  
2.64692  2.29653  
1.68903  3.41417  2.21036  2.37996  
0.557282  4.47791  2.20418  3.00038  
0.331233  4.23516  2.51931  1.98676  
2.65794  2.27041  2.45946  1.67665  
2.24124  2.17994  2.05985  3.03576  
2.17524  2.69958  1.4049  4.14972  
2.3536  1.77007  0.564866  4.4931  
1.92152  2.1269  1.63511  3.35597  
1.83727  3.77753  2.16736  1.84303  
2.60603  1.76075  2.12932  1.78894  
2.05985  3.03576  1.94035  2.62832  
0.564866  4.4931  2.48121  1.47277  
2.45946  1.67665  1.54292  3.66163  
2.12932  1.78894  1.94297  3.2454  
2.69816  2.17044  1.66637  3.64388  
1.63511  3.35597  1.69291  3.18697  
2.16736  1.84303  2.25203  1.73625  
2.20418  3.00038  2.22335  2.47456  
2.21036  2.37996  1.65145  3.59726  
1.4049  4.14972  2.06594  2.21479  
2.25203  1.73625  1.69569  3.41546  
2.06594  2.21479  2.60603  1.76075  
1.94035  2.62832  1.83727  3.77753  
2.22335  2.47456  1.92152  2.1269  
1.69291  3.18697  2.17524  2.69958  
1.66637  3.64388  2.24124  2.17994  
1.61864  3.52299  2.65794  2.27041  
1.54292  3.66163  0.331233  4.23516  
2.48121  1.47277  2.3536  1.77007  
1.94297  3.2454  0.557282  4.47791  
1.69292  2.29446  2.09921  0.579254  
1.94  1.27248  1.57926  2.89235  
1.57925  2.89188  2.21837  0.467188  
0.134883  4.03121  1.37025  3.113  
0.799187  3.77781  1.94  1.27248  
1.37025  3.113  1.69292  2.29446  
1.09251  3.43209  2.32534  0.545803  
2.32534  0.545803  1.09251  3.43209  
2.09921  0.579254  0.799187  3.77781  
2.21837  0.467188  0.134883  4.03121  
1.61864  3.52299  1.66637  3.64388  
1.94035  2.62832  2.14872  2.20267  
1.66637  3.64388  2.06594  2.21479  
2.25203  1.73625  1.94297  3.2454  
2.19583  2.56019  1.54292  3.66163  
1.69291  3.18697  1.61864  3.52299  
2.22335  2.47456  1.94035  2.62832  
1.54292  3.66163  2.19583  2.56019  
1.94297  3.2454  1.69291  3.18697  
2.06594  2.21479  2.22335  2.47456  
0.879045  4.2711  1.9214  2.77125  
1.9513  3.66258  1.69881  3.11429  
2.2172  2.2258  2.11959  1.97832  
1.56015  4.48387  1.9513  3.66258  
1.92925  1.88283  0.921989  4.7638  
1.9214  2.77125  0.879045  4.2711  
1.69881  3.11429  1.92925  1.88283  
2.11959  1.97832  1.71071  4.34429  
2.86568  1.18414  2.86568  1.18414  
0.921989  4.7638  2.2172  2.2258  
1.76003  1.9552  2.03315  0.224555  
0.598673  3.96702  0.598673  3.96702  
1.08491  3.39112  1.52233  2.89824  
1.93152  1.22881  1.39478  3.16252  
2.03315  0.224555  1.76003  1.9552  
1.64566  2.62312  1.93152  1.22881  
0.158093  4.0933  0.158093  4.0933  
0.846192  3.7743  1.59727  2.78457  
1.39478  3.16252  0.846192  3.7743  
1.52233  2.89824  1.08491  3.39112  
1.31405  4.5922  2.2192  1.28236  
1.49962  3.60564  1.49962  3.60564  
0.2198  4.15366  1.11147  4.04877  
2.29518  0.678163  2.29518  0.678163  
2.019  1.56502  2.2613  2.82273  
2.2192  1.28236  1.71077  2.74536  
2.25225  1.52154  0.2198  4.15366  
1.71077  2.74536  2.25225  1.52154  
1.11147  4.04877  1.15361  3.659  
1.15361  3.659  2.019  1.56502  
0.766507  4.4053  2.09883  3.32988  
1.34832  3.32476  2.50661  2.85101  
0.499972  4.43405  1.82264  4.2432  
2.50661  2.85101  0.766507  4.4053  
1.76373  3.4233  1.76373  3.4233  
2.07243  1.64979  1.34832  3.32476  
0.964986  3.89009  2.12979  1.77549  
2.40154  1.09249  0.499972  4.43405  
1.82264  4.2432  2.40154  1.09249  
2.09883  3.32988  0.964986  3.89009  
2.24034  1.16225  1.60401  4.11273  
2.30944  2.04981  1.34121  3.9699  
1.34121  3.9699  1.62745  2.99259  
0.354541  4.28877  1.563  4.57702  
1.60401  4.11273  2.31086  2.04713  
2.03607  2.96258  2.24034  1.16225  
1.563  4.57702  2.52096  1.22296  
2.05162  2.03429  0.354541  4.28877  
2.52096  1.22296  2.03607  2.96258  
1.62745  2.99259  2.05162  2.03429  
1.31913  3.04415  
0.370645  4.00629  
1.71762  2.10285  
1.83525  1.65562  
0.870028  3.62834  
0.777855  3.72708  
1.90776  1.28591  
1.96076  0.983302  
1.08491  3.39112  
1.75371  1.97797  
1.17557  3.26953  
1.56601  2.53557  
1.77922  1.88474  
1.19182  3.24178  
0.702751  3.81095  
1.49443  2.69697  
1.66922  2.25308  
0.974451  3.52303  
1.55181  2.57014  
1.39358  2.90397  
0.659043  3.82424  
1.23977  3.17383  
1.7445  2.01006  
1.63631  2.35776  
1.58327  2.48645  
0.991129  3.5033  
1.72482  2.07704  
1.89423  1.36785  
1.57212  2.52006  
1.87723  1.4552  
1.52828  2.62008  
1.54107  2.59004  
1.11919  3.34331  
1.85007  1.58822  
2.00399  0.637204  
1.0259  3.46326  
0.91849  3.58211  
0.893862  3.6052  
1.99039  0.75833  
0.199503  4.02875  
1.44967  2.79934  
1.47944  2.72952  
1.85694  1.56347  
1.5963  2.45298  
0.94392  3.55481  
0.804005  3.70323  
1.34378  3.00101  
1.21771  3.20728  
0.535971  3.91667  
1.15338  3.30078  
0.565754  3.89898  
1.78747  1.8532  
1.7967  1.81722  
1.99581  0.739116  
1.8264  1.69459  
1.68226  2.22017  
2.02874  0.319612  
2.03315  0.224555  
1.73449  2.04461  
1.86898  1.49723  
1.43142  2.83485  
0.75807  3.76145  
1.30676  3.06974  
1.88768  1.40312  
1.8034  1.79046  
1.813  1.75123  
1.98123  0.85242  
0.856084  3.6624  
1.33019  3.02012  
1.41449  2.86826  
2.01772  0.462835  
1.51002  2.6621  
2.02236  0.388092  
0.46696  3.94397  
1.28194  3.10642  
1.04757  3.43761  
0.134883  4.03121  
1.37995  2.93447  
1.92023  1.20911  
1.06898  3.41164  
1.97283  0.933352  
1.36454  2.9632  
1.94155  1.16392  
0.383131  3.98136  
2.01266  0.56488  
1.89967  1.33306  
1.66241  2.27296  
1.25467  3.15204  
1.10006  3.37181  
1.76003  1.9552  
1.61917  2.39778  
0.62977  3.86454  
1.13107  3.33103  
0.399921  3.97507  
1.69435  2.17598  
1.76973  1.92011  
1.95064  1.0864  
1.70549  2.14012  
1.65046  2.30759  
1.46303  2.76962  
0.853278  3.81039  2.65479  1.51467  
0.295807  4.18534  1.13481  3.44989  
1.65989  2.85885  1.47493  3.28971  
2.65479  1.51467  2.09234  0.461981  
0.163177  4.09439  0.163177  4.09439  
1.13481  3.44989  1.73988  2.72512  
1.47597  3.39359  0.853278  3.81039  
1.47493  3.28971  1.92951  2.1012  
1.73988  2.72512  1.47597  3.39359  
2.09234  0.461981  0.295807  4.18534  
2.12443  0.374406  1.81607  2.44595  
1.81607  2.44595  1.95998  1.61294  
1.56903  2.7405  1.9975  0.944701  
2.67469  1.3922  1.56903  2.7405  
1.2152  3.61054  1.2152  3.61054  
0.162242  4.09741  0.162242  4.09741  
1.35852  3.30492  0.879594  3.78245  
0.879594  3.78245  2.12443  0.374406  
1.93202  1.66375  2.67469  1.3922  
1.9975  0.944701  1.35852  3.30492  
2.11293  0.306795  1.89262  2.42371  
2.21054  0.661905  1.94931  1.02791  
0.790294  3.86646  0.579921  4.01045  
0.579921  4.01045  1.31702  3.08922  
1.31702  3.08922  0.992824  3.53101  
0.992824  3.53101  0.15831  4.09351  
1.94931  1.02791  1.78389  2.33477  
1.78389  2.33477  1.5018  2.89144  
0.15831  4.09351  2.11293  0.306795  
1.5018  2.89144  0.790294  3.86646  
2.65479  1.51467  2.65479  1.51467  
0.163177  4.09439  0.853278  3.81039  
1.13481  3.44989  1.73988  2.72512  
0.853278  3.81039  1.13481  3.44989  
1.73988  2.72512  0.163177  4.09439  
1.47597  3.39359  0.295807  4.18534  
0.295807  4.18534  1.47597  3.39359  
1.65989  2.85885  2.02009  0.210967  
1.87505  2.08344  1.83675  2.22754  
2.02009  0.210967  1.65989  2.85885  
0.901452  3.75696  1.48362  2.7888  
0.106186  4.00875  1.67305  2.55492  
1.34631  3.21732  1.9125  1.21445  
1.47755  2.776  0.106186  4.00875  
1.75809  1.97781  1.34631  3.21732  
1.06618  3.39748  1.06618  3.39748  
0.722471  3.89842  0.901452  3.75696  
1.67305  2.55492  2.02009  0.210967  
1.9125  1.21445  0.722471  3.89842  
2.02009  0.210967  1.75809  1.97781  
0.901452  3.75696  1.06618  3.39748  
0.106186  4.00875  1.47755  2.776  
0.722471  3.89842  1.9125  1.21445  
1.9125  1.21445  0.722471  3.89842  
1.47755  2.776  0.901452  3.75696  
1.75809  1.97781  2.04085  0.284459  
1.67305  2.55492  1.75809  1.97781  
1.35504  3.20328  1.35504  3.20328  
1.06618  3.39748  1.67305  2.55492  
2.02009  0.210967  0.106186  4.00875  
0.901452  3.75696  1.67305  2.55492  
0.106186  4.00875  0.722471  3.89842  
1.08693  3.40322  1.9125  1.21445  
1.75809  1.97781  0.106186  4.00875  
0.722471  3.89842  1.47755  2.776  
1.35504  3.20328  1.08693  3.40322  
1.47755  2.776  1.77139  1.96634  
1.67305  2.55492  2.02009  0.210967  
1.9125  1.21445  1.35504  3.20328  
2.02009  0.210967  0.901452  3.75696  
1.06618  3.39748  2.02009  0.210967  
0.901452  3.75696  1.75809  1.97781  
1.75809  1.97781  1.9125  1.21445  
1.9125  1.21445  0.106186  4.00875  
1.47755  2.776  1.34631  3.21732  
2.66583  1.11686  1.47755  2.776  
0.106186  4.00875  1.06618  3.39748  
1.34631  3.21732  1.5495  2.84341  
1.67305  2.55492  0.901452  3.75696  
2.02009  0.210967  2.66583  1.11686  
1.67305  2.55492  1.9125  1.21445  
0.106186  4.00875  1.7364  2.10736  
1.47755  2.776  1.75809  1.97781  
1.9125  1.21445  0.106186  4.00875  
1.75809  1.97781  1.67305  2.55492  
1.23864  3.38807  1.47755  2.776  
0.722471  3.89842  1.06618  3.39748  
1.06618  3.39748  0.722471  3.89842  
1.34631  3.21732  1.34631  3.21732  
2.02009  0.210967  1.23864  3.38807  
2.094  1.41925  0.812957  3.82996  
2.10957  0.714163  1.47755  2.776  
1.06232  3.40229  2.094  1.41925  
1.7829  2.01234  1.68267  2.5306  
0.812957  3.82996  1.19322  3.45984  
1.47755  2.776  2.02009  0.210967  
0.144479  4.04253  1.7829  2.01234  
1.57494  2.78766  0.144479  4.04253  
1.68267  2.5306  2.10957  0.714163  
2.02009  0.210967  1.57494  2.78766  
0.978313  3.5016  
1.35731  2.9546  
0.377591  3.94661  
1.61608  2.37852  
1.49622  2.67414  
0.194874  3.99653  
1.63046  2.33898  
2.00871  0.297388  
0.77546  3.69788  
0.694665  3.76122  
1.45681  2.75899  
1.15168  3.28495  
1.53265  2.5904  
1.09293  3.3635  
1.99172  0.485871  
1.94452  0.991554  
1.11196  3.3385  
1.42219  2.83009  
1.07794  3.38352  
1.84604  1.57407  
0.613626  3.81712  
0.104067  4.00644  
1.87689  1.42294  
1.32038  3.02123  
1.34213  2.98213  
1.51569  2.6293  
1.72257  2.05826  
0.53677  3.87018  
1.38757  2.89858  
1.02205  3.45116  
1.71181  2.09353  
1.03758  3.43259  
1.95305  0.927888  
1.99945  0.375947  
0.871363  3.61229  
0.257752  3.97406  
1.98171  0.626988  
0.335036  3.96107  
0.649138  3.79333  
1.77731  1.8629  
1.28184  3.08614  
2.01965  0.210754  
1.73864  2.00337  
1.90347  1.27104  
0.49996  3.88189  
1.65673  2.26392  
1.93515  1.06767  
1.43902  2.796  
0.891013  3.59286  
1.601  2.41843  
1.78819  1.82185  
1.57112  2.49641  
1.29973  3.05895  
1.9706  0.756465  
1.83765  1.61506  
1.18351  3.23901  
1.76532  1.91084  
1.25797  3.12503  
1.23469  3.16189  
0.569651  3.84519  
1.89511  1.32044  
1.85464  1.53188  
1.55678  2.53112  
1.86537  1.48035  
1.203  3.21024  
1.37487  2.92617  
1.68407  2.18294  
1.64295  2.3037  
1.81763  1.70133  
1.88548  1.37457  
0.726925  3.73692  
0.420689  3.9296  
1.75188  1.95784  
0.466549  3.89831  
0.821072  3.65851  
1.99468  0.433914  
1.13419  3.3086  
1.69785  2.13986  
1.67703  2.2035  
0.999324  3.47756  
0.915678  3.56809  
1.79953  1.77553  
1.05362  3.41307  
0.850285  3.63312  
1.92851  1.1099  
1.82711  1.65987  
1.47352  2.72323  
0.0977434  4.01667  
0.79482  3.68156  
1.96383  0.822703  
0.753612  3.71585  
1.54573  2.55839  
1.58528  2.46065  
1.22197  3.18146  
1.9125  1.21445  
0.949139  3.53343  
0.930964  3.55231  
1.81066  1.73078  
1.92235  1.15154  
1.40515  2.86564  
2.04069  0.0842166  2.04069  0.0842166  
1.61051  2.43919  0.0686094  4.00377  
1.32156  3.06935  1.64269  2.57743  
1.89712  1.34572  1.32156  3.06935  
1.99193  0.793975  2.00877  1.65356  
0.0686094  4.00377  1.99193  0.793975  
1.80449  1.81725  1.89712  1.34572  
2.00877  1.65356  1.80449  1.81725  
0.925686  3.57716  0.925686  3.57716  
1.54941  2.7816  1.61051  2.43919  
1.55957  2.71461  1.52771  3.43266  
1.52771  3.43266  2.04069  0.0842166  
1.61051  2.43919  0.0686094  4.00377  
1.99193  0.793975  1.89872  1.3395  
0.925686  3.57716  1.32156  3.06935  
2.04069  0.0842166  0.925686  3.57716  
0.0686094  4.00377  1.99193  0.793975  
1.89712  1.34572  1.55957  2.71461  
1.80449  1.81725  1.80449  1.81725  
1.32156  3.06935  1.61051  2.43919  
1.80449  1.81725  1.61051  2.43919  
1.61051  2.43919  1.32156  3.06935  
1.99193  0.793975  0.0686094  4.00377  
2.04069  0.0842166  2.04069  0.0842166  
0.925686  3.57716  1.80449  1.81725  
1.32156  3.06935  0.925686  3.57716  
1.89712  1.34572  1.99193  0.793975  
1.55957  2.71461  2.00877  1.65356  
2.09001  1.16222  1.89712  1.34572  
0.0686094  4.00377  1.55957  2.71461  
0.0686094  4.00377  1.83433  2.08741  
1.28391  3.08938  1.85189  1.58249  
1.83433  2.08741  0.0686094  4.00377  
1.85189  1.58249  1.70758  2.12227  
1.04356  3.47214  1.53123  2.65745  
2.04069  0.0842166  1.28391  3.08938  
0.651832  3.79752  0.651832  3.79752  
1.68991  2.16517  2.04071  0.102935  
1.70758  2.12227  1.68991  2.16517  
1.53123  2.65745  1.04356  3.47214  
2.04069  0.0842166  1.28391  3.08938  
0.624531  3.81603  1.07042  3.43987  
1.28391  3.08938  1.85189  1.58249  
0.970599  3.69289  1.96989  0.774176  
1.96989  0.774176  1.68991  2.16517  
0.0686094  4.00377  1.5207  2.68722  
1.07042  3.43987  0.624531  3.81603  
1.68991  2.16517  0.0686094  4.00377  
1.50196  2.67328  0.970599  3.69289  
1.85189  1.58249  2.04069  0.0842166  
1.96989  0.774176  1.07042  3.43987  
1.28391  3.08938  1.28391  3.08938  
0.970599  3.69289  2.04069  0.0842166  
2.04069  0.0842166  0.0686094  4.00377  
0.651832  3.79752  1.96989  0.774176  
0.0686094  4.00377  0.651832  3.79752  
1.07042  3.43987  1.85189  1.58249  
1.68991  2.16517  0.970599  3.69289  
1.85189  1.58249  1.50196  2.67328  
1.50196  2.67328  1.71844  2.15563  
1.90304  1.29002  1.78613  1.85672  
2.04069  0.0842166  1.90304  1.29002  
1.07623  3.43277  1.61298  2.45387  
0.0686094  4.00377  0.0686094  4.00377  
1.99472  0.728911  1.30885  3.09833  
1.30885  3.09833  1.99472  0.728911  
0.747562  3.73254  0.747562  3.73254  
1.52818  2.89309  2.04069  0.0842166  
1.78613  1.85672  1.07623  3.43277  
1.60429  2.43296  1.52818  2.89309  
1.83433  2.08741  0.651832  3.79752  
1.85189  1.58249  1.85189  1.58249  
0.0686094  4.00377  1.50196  2.67328  
1.68991  2.16517  1.04356  3.47214  
1.28391  3.08938  1.83433  2.08741  
1.04356  3.47214  1.28391  3.08938  
2.04069  0.0842166  0.0686094  4.00377  
1.50196  2.67328  2.00686  0.820607  
0.651832  3.79752  1.96989  0.774176  
1.96989  0.774176  1.68991  2.16517  
2.04069  0.0842166  1.28391  3.08938  
1.85189  1.58249  1.04356  3.47214  
1.96989  0.774176  1.57163  2.56202  
1.68991  2.16517  0.0686094  4.00377  
1.83433  2.08741  1.85189  1.58249  
0.0686094  4.00377  1.68991  2.16517  
1.28391  3.08938  1.83433  2.08741  
1.04356  3.47214  2.04069  0.0842166  
0.651832  3.79752  0.651832  3.79752  
1.53123  2.65745  1.96989  0.774176  
0.747562  3.73254  0.0686094  4.00377  
1.30885  3.09833  1.08248  3.45552  
0.0686094  4.00377  1.52818  2.89309  
1.60429  2.43296  0.747562  3.73254  
2.0081  0.823022  2.0081  0.823022  
1.90304  1.29002  2.04069  0.0842166  
1.07623  3.43277  1.90304  1.29002  
1.52818  2.89309  1.78613  1.85672  
1.78613  1.85672  1.30885  3.09833  
2.04069  0.0842166  1.60429  2.43296  
1.84834  1.56159  
1.35731  2.9546  
0.362073  3.94665  
1.38793  2.89611  
2.00083  0.318054  
1.82881  1.65286  
1.30227  3.05141  
0.730172  3.73511  
1.97747  0.679274  
0.694665  3.76122  
1.45681  2.75899  
1.6156  2.37874  
1.40427  2.8645  
0.23034  3.98059  
1.54138  2.5686  
1.93916  1.02973  
1.91435  1.20409  
1.42219  2.83009  
1.23904  3.15437  
0.661311  3.7849  
0.794324  3.68182  
1.76491  1.90961  
1.87574  1.42467  
1.32038  3.02123  
1.33681  2.99348  
0.463475  3.89962  
1.72267  2.0569  
1.96488  0.810821  
1.79609  1.78823  
1.97181  0.736714  
1.71039  2.09724  
0.894354  3.58932  
1.95631  0.890996  
1.11087  3.34075  
1.12827  3.3158  
1.91955  1.17311  
1.98334  0.609336  
1.77593  1.86751  
2.04069  0.0842166  
0.180804  3.99049  
1.28184  3.08614  
1.57255  2.49133  
1.06112  3.40486  
0.967372  3.51319  
0.49996  3.88189  
1.49195  2.68251  
1.90635  1.25448  
1.43902  2.796  
0.618963  3.81352  
1.60054  2.41869  
1.7873  1.82286  
0.920221  3.56327  
1.5573  2.5293  
1.94878  0.960725  
0.429957  3.91484  
1.17914  3.24465  
1.64272  2.30406  
1.25797  3.12503  
0.579557  3.83768  
1.58654  2.45632  
1.88485  1.37487  
1.81919  1.69356  
1.50947  2.64309  
1.86676  1.47034  
1.20442  3.20754  
0.872566  3.61031  
1.37482  2.92305  
1.83987  1.60084  
1.85636  1.52309  
1.98895  0.530695  
0.391231  3.93315  
2.03153  0.11491  
1.75088  1.95911  
1.52424  2.60895  
0.821072  3.65851  
1.99468  0.433914  
1.04193  3.42851  
0.768856  3.70335  
0.0685711  4.00373  
0.998898  3.47743  
0.324772  3.95943  
0.535203  3.86315  
1.62791  2.3456  
0.849036  3.63246  
1.93324  1.07238  
1.80803  1.73983  
1.4746  2.71975  
2.00512  0.198903  
1.70126  2.12762  
1.92648  1.12451  
1.0854  3.37304  
1.02256  3.4502  
1.89629  1.31121  
1.22052  3.18362  
1.68991  2.16517  
0.942422  3.54088  
1.73782  2.00573  
1.65763  2.26059  
1.1535  3.28119  
1.67443  2.21381  
0.849484  3.63202  1.73832  2.00288  
1.73832  2.00288  1.97761  0.661334  
1.53692  2.8728  1.20633  3.32958  
1.56153  2.50977  0.849484  3.63202  
1.35498  2.96431  1.40108  2.97817  
1.20633  3.32958  2.03568  0.0726133  
2.03568  0.0726133  1.56153  2.50977  
1.97761  0.661334  1.53692  2.8728  
0.0684106  4.00315  0.0684106  4.00315  
1.87655  1.42616  1.87655  1.42616  
1.35498  2.96431  0.0684106  4.00315  
0.849484  3.63202  2.03568  0.0726133  
1.97761  0.661334  1.771  1.93332  
1.56504  2.51901  1.35498  2.96431  
1.73832  2.00288  0.849484  3.63202  
1.22315  3.40535  1.97761  0.661334  
1.14547  3.33849  1.56504  2.51901  
1.87655  1.42616  1.87655  1.42616  
2.03568  0.0726133  1.22315  3.40535  
0.0684106  4.00315  1.14547  3.33849  
2.03568  0.0726133  0.0684106  4.00315  
1.56153  2.50977  1.22315  3.40535  
1.14547  3.33849  1.56153  2.50977  
1.97761  0.661334  1.97761  0.661334  
0.0684106  4.00315  1.14547  3.33849  
1.22315  3.40535  1.73832  2.00288  
1.35498  2.96431  1.87655  1.42616  
1.73832  2.00288  1.35498  2.96431  
0.849484  3.63202  2.07787  0.347537  
1.87655  1.42616  0.849484  3.63202  
1.53692  2.8728  1.53692  2.8728  
1.73832  2.00288  0.849484  3.63202  
1.14547  3.33849  1.73832  2.00288  
1.87655  1.42616  0.0684106  4.00315  
2.03568  0.0726133  2.03568  0.0726133  
0.849484  3.63202  1.35498  2.96431  
1.56153  2.50977  1.62009  2.47887  
1.97761  0.661334  1.14547  3.33849  
1.35498  2.96431  1.97761  0.661334  
0.0684106  4.00315  1.87655  1.42616  
1.56153  2.50977  0.0767259  4.01146  
1.14547  3.33849  0.849484  3.63202  
2.03568  0.0726133  0.702835  3.90876  
1.97761  0.661334  1.14547  3.33849  
1.73832  2.00288  1.56153  2.50977  
1.87655  1.42616  1.35498  2.96431  
0.849484  3.63202  2.03568  0.0726133  
0.702835  3.90876  1.73832  2.00288  
1.35498  2.96431  1.87655  1.42616  
0.0684106  4.00315  1.97761  0.661334  
1.87655  1.42616  0.702835  3.90876  
1.97761  0.661334  1.73832  2.00288  
0.702835  3.90876  0.849484  3.63202  
2.03568  0.0726133  1.14547  3.33849  
1.73832  2.00288  1.56153  2.50977  
1.14547  3.33849  1.35498  2.96431  
0.849484  3.63202  2.03568  0.0726133  
1.56153  2.50977  0.105943  4.04069  
1.35498  2.96431  1.87655  1.42616  
0.0684106  4.00315  1.97761  0.661334  
0.702835  3.90876  0.0684106  4.00315  
1.35498  2.96431  2.03568  0.0726133  
2.03568  0.0726133  0.702835  3.90876  
1.87655  1.42616  1.97761  0.661334  
0.0684106  4.00315  1.73832  2.00288  
1.56153  2.50977  1.35498  2.96431  
0.849484  3.63202  1.87655  1.42616  
1.73832  2.00288  0.849484  3.63202  
1.97761  0.661334  1.61648  2.50526  
1.14547  3.33849  1.14547  3.33849  
1.87655  1.42616  1.14569  3.33843  
0.0684106  4.00315  2.03568  0.0726133  
1.97761  0.661334  0.702835  3.90876  
1.5621  2.50997  0.849484  3.63202  
1.35498  2.96431  0.0684106  4.00315  
0.702835  3.90876  1.73832  2.00288  
0.849484  3.63202  1.87655  1.42616  
1.14569  3.33843  1.5621  2.50997  
1.73832  2.00288  1.37572  2.96616  
2.03568  0.0726133  1.97761  0.661334  
1.56153  2.50977  0.0684106  4.00315  
0.702835  3.90876  1.14547  3.33849  
1.97979  0.663362  1.72652  2.04326  
0.0684106  4.00315  2.03568  0.0726133  
1.87655  1.42616  1.97979  0.663362  
1.14547  3.33849  0.852544  3.80139  
0.849484  3.63202  1.56153  2.50977  
2.03568  0.0726133  1.87655  1.42616  
1.35498  2.96431  0.849484  3.63202  
1.72652  2.04326  1.35498  2.96431  
1.14547  3.33849  0.702835  3.90876  
0.849484  3.63202  1.72652  2.04326  
2.03568  0.0726133  0.849484  3.63202  
1.87655  1.42616  1.87655  1.42616  
1.72652  2.04326  2.03568  0.0726133  
0.702835  3.90876  1.97979  0.663362  
0.0684106  4.00315  1.35608  2.9674  
1.97979  0.663362  1.56153  2.50977  
1.35608  2.9674  1.14547  3.33849  
1.56153  2.50977  0.0684106  4.00315  
1.28946  3.06877  
1.98353  0.60671  
1.99497  0.429082  
1.19264  3.21874  
2.03568  0.0726133  
1.76474  1.897  
1.94322  0.99693  
1.71039  2.08609  
1.38742  2.89014  
1.45821  2.74759  
1.88423  1.36656  
1.85007  1.53768  
1.07728  3.37725  
0.561336  3.8441  
1.75168  1.94481  
1.83173  1.62255  
1.13459  3.30147  
1.61936  2.35873  
1.35065  2.96112  
1.72446  2.0397  
0.272827  3.96926  
1.89489  1.32224  
1.79772  1.77143  
2.00049  0.313214  
1.63364  2.31904  
0.419075  3.91576  
1.05449  3.40603  
1.96642  0.7747  
0.866061  3.61178  
1.90537  1.26076  
1.77638  1.85246  
0.963334  3.51237  
1.81897  1.679  
0.597071  3.82278  
1.95807  0.86378  
0.535654  3.85858  
0.633826  3.80032  
0.155886  3.99398  
1.21672  3.18254  
1.33078  3.00035  
0.661013  3.78031  
1.55132  2.53525  
0.741233  3.72075  
1.36993  2.92326  
1.6619  2.23764  
1.03508  3.42968  
1.51841  2.61403  
1.01245  3.4568  
2.00418  0.195549  
1.16835  3.25411  
0.500432  3.88141  
1.68609  2.1641  
1.41915  2.82788  
1.87178  1.42923  
1.24062  3.14566  
0.384159  3.93271  
1.39956  2.86666  
0.45515  3.90076  
1.73999  1.98616  
0.340747  3.9457  
0.766789  3.70004  
1.47729  2.70604  
0.938642  3.53894  
0.221727  3.98191  
0.794237  3.67688  
1.43529  2.79505  
0.988796  3.48377  
1.5929  2.42999  
1.1173  3.32734  
1.53935  2.56462  
1.58119  2.46052  
1.91951  1.14797  
1.94952  0.933558  
1.09502  3.35437  
0.714713  3.74136  
1.97761  0.661334  
1.26659  3.1092  
1.56153  2.50977  
1.92961  1.07758  
1.934  1.04551  
1.49799  2.66164  
0.849484  3.63202  
0.812149  3.66125  
1.60557  2.39612  
1.30941  3.03205  
1.70089  2.1169  
1.64828  2.27735  
1.67407  2.20086  
1.86412  1.48333  
1.78807  1.80689  
0.0684106  4.00315  
1.80823  1.72542  
1.90862  1.22027  
1.8406  1.58258  
1.97308  0.720498  
2.02904  0.104216  
0.687949  3.76129  
0.905182  3.57473  
1.15031  3.28155  
1.98863  0.534907  
