2.34555  2.89648  2.07411  3.26513  
2.50327  2.63559  1.86778  4.21738  
2.42793  3.09565  1.82145  3.74143  
2.50084  2.67118  1.27206  4.70438  
2.34628  2.39675  2.56028  3.1663  
2.26828  3.52383  2.28087  3.53175  
2.60544  2.67398  2.52358  2.80812  
2.62661  2.72319  2.19273  3.74603  
2.57848  2.38402  0.827647  4.38336  
1.91696  4.16581  0.878114  4.62737  
2.38649  2.59183  1.9457  3.65653  
2.08237  3.84488  2.22959  3.49126  
1.8113  4.13409  2.82933  1.59909  
2.16681  3.23703  2.47913  2.59885  
2.22493  3.39023  2.1431  3.85669  
2.50288  2.66688  1.92985  3.53302  
2.06574  3.90724  1.84961  4.26325  
2.39206  2.58633  2.29929  3.75102  
2.26094  3.37156  2.5338  2.52644  
2.55434  1.99269  2.47082  2.70321  
2.06893  3.4177  1.70244  4.5553  
2.21975  3.52297  2.39786  1.99674  
2.18215  3.94472  2.6974  1.10659  
2.22254  3.30973  1.66557  4.36103  
1.33261  4.787  2.37977  2.9242  
2.60446  2.61523  2.33752  3.03084  
2.30098  3.44965  2.4293  1.17124  
2.24638  3.28686  2.38949  3.42866  
2.24074  3.47214  2.49171  2.18795  
1.59498  4.59563  1.87753  3.77552  
2.20209  3.34397  2.50541  2.95825  
1.44453  4.18295  1.65931  3.70409  
2.66488  2.67823  2.47755  2.85694  
2.80646  1.95139  2.22962  3.07574  
2.22241  3.74109  2.59221  2.52866  
2.50734  2.38139  1.31083  4.43751  
2.2947  2.60911  1.01878  4.8749  
2.48076  2.9768  2.54502  2.72555  
1.11602  4.30278  1.11498  4.64504  
0.851257  4.78622  2.42466  2.74407  
1.07178  4.81424  1.96309  3.24837  
2.47444  2.85827  2.22249  3.7775  
2.15819  3.4694  1.68447  4.3037  
2.68183  2.11812  2.4842  2.34808  
2.47076  1.1591  2.22847  3.42923  
1.92723  3.85367  2.13522  3.8461  
2.14816  2.95934  2.09896  3.63935  
2.23733  3.52375  2.43575  3.0691  
1.73923  4.31157  2.55291  2.84811  
0.766679  4.70134  2.57253  2.49913  
2.24957  3.13636  2.30543  3.34476  
2.70618  2.47799  2.19448  2.84654  
2.04654  3.96144  2.00598  4.13385  
2.44656  2.12185  0.674532  4.60974  
2.4706  2.14973  0.704054  4.28561  
2.62168  2.46753  2.01516  3.57989  
2.75493  2.21265  1.86032  3.78814  
2.63327  2.24665  1.55599  4.49152  
2.61025  1.73663  2.35338  2.97237  
1.80323  4.17043  1.05349  4.68936  
2.60911  2.85058  2.62556  2.38234  
2.28376  3.0824  2.5429  2.5695  
2.65948  1.34093  2.40504  3.18321  
2.16811  3.07407  0.801518  4.72994  
2.1536  3.43186  2.33342  3.20717  
1.87496  4.10243  1.84903  4.24502  
2.52476  1.97676  1.02461  4.86142  
2.49043  2.78943  2.01856  3.70943  
2.46849  2.74897  2.40961  3.06254  
1.49992  4.37428  2.24965  2.83316  
2.5284  2.94842  2.78409  1.52833  
2.20765  3.60423  2.64169  2.47217  
2.59066  2.48887  2.39042  2.55996  
2.33573  3.51435  2.06406  3.42179  
1.72117  3.08921  2.66838  2.39292  
2.31808  3.47812  1.13356  4.57791  
2.42987  3.13131  2.51112  2.44093  
2.46956  2.87273  2.05798  3.67438  
2.50826  3.02357  1.73222  4.37457  
1.63907  4.13602  2.32787  3.04898  
2.54935  2.348  1.80984  3.95846  
1.39322  4.37462  2.59897  2.87899  
0.608423  4.51255  1.18439  4.83476  
2.43118  3.49405  2.26909  3.50612  
2.24228  2.91101  2.58398  2.5684  
2.72557  2.30413  1.99424  4.04049  
2.22246  3.79004  1.54864  3.83596  
2.35798  3.15545  2.55777  2.45477  
2.51157  3.14302  2.12148  2.99338  
1.16317  4.51586  2.44095  2.8562  
1.86585  3.73193  2.39487  3.02414  
2.48557  2.18637  2.2165  3.63033  
2.56788  2.96831  2.63154  2.38792  
2.33177  3.12257  1.12843  4.8277  
1.92871  4.23114  1.98118  4.1438  
2.47606  2.70473  2.72174  2.12381  
2.40289  2.83206  1.68256  4.20718  
2.57397  2.75133  2.58184  2.5973  
2.1129  3.96198  1.91956  3.99217  
2.15415  3.85232  0.649505  4.51814  
2.12148  2.99338  
1.54864  3.83596  
2.24965  2.83316  
0.704054  4.28561  
2.34628  2.39675  
2.19448  2.84654  
1.65931  3.70409  
2.4293  1.17124  
2.6974  1.10659  
2.39786  1.99674  
2.07411  3.26513  
2.08237  3.84488  
1.8113  4.13409  
2.16681  3.23703  
2.22493  3.39023  
2.50288  2.66688  
2.06574  3.90724  
2.39206  2.58633  
2.26094  3.37156  
2.55434  1.99269  
2.06893  3.4177  
2.21975  3.52297  
2.18215  3.94472  
2.22254  3.30973  
1.33261  4.787  
2.60446  2.61523  
2.30098  3.44965  
2.24638  3.28686  
2.24074  3.47214  
1.59498  4.59563  
2.20209  3.34397  
1.44453  4.18295  
2.66488  2.67823  
2.80646  1.95139  
2.22241  3.74109  
2.50734  2.38139  
2.2947  2.60911  
2.48076  2.9768  
1.11602  4.30278  
0.851257  4.78622  
1.07178  4.81424  
2.47444  2.85827  
2.15819  3.4694  
2.68183  2.11812  
2.47076  1.1591  
1.92723  3.85367  
2.14816  2.95934  
2.23733  3.52375  
1.73923  4.31157  
0.766679  4.70134  
2.24957  3.13636  
2.70618  2.47799  
2.04654  3.96144  
2.44656  2.12185  
2.4706  2.14973  
2.62168  2.46753  
2.75493  2.21265  
2.63327  2.24665  
2.61025  1.73663  
1.80323  4.17043  
2.60911  2.85058  
2.28376  3.0824  
2.65948  1.34093  
2.16811  3.07407  
2.1536  3.43186  
1.87496  4.10243  
2.52476  1.97676  
2.49043  2.78943  
2.46849  2.74897  
1.49992  4.37428  
2.5284  2.94842  
2.20765  3.60423  
2.59066  2.48887  
2.33573  3.51435  
1.72117  3.08921  
2.31808  3.47812  
2.42987  3.13131  
2.46956  2.87273  
2.50826  3.02357  
1.63907  4.13602  
2.54935  2.348  
1.39322  4.37462  
0.608423  4.51255  
2.43118  3.49405  
2.24228  2.91101  
2.72557  2.30413  
2.22246  3.79004  
2.35798  3.15545  
2.51157  3.14302  
1.16317  4.51586  
1.86585  3.73193  
2.48557  2.18637  
2.56788  2.96831  
2.33177  3.12257  
1.92871  4.23114  
2.47606  2.70473  
2.40289  2.83206  
2.57397  2.75133  
2.1129  3.96198  
2.15415  3.85232  
2.62617  2.21244  2.44383  1.27076  
2.39675  1.5083  0.424937  4.35035  
2.19762  1.75172  2.43423  3.2361  
1.96865  2.77155  2.70083  2.06555  
2.03424  2.43696  2.19762  1.75172  
2.43423  3.2361  1.72421  3.27591  
2.44383  1.27076  2.39675  1.5083  
0.424937  4.35035  2.62617  2.21244  
1.72421  3.27591  1.96865  2.77155  
2.73856  1.63037  2.03424  2.43696  
2.00938  2.23786  1.33989  3.61037  
1.86384  4.05517  1.86384  4.05517  
2.45216  2.4314  2.34072  1.76576  
2.21556  2.02444  2.33316  2.15205  
0.864086  4.21247  0.864086  4.21247  
2.34856  2.20245  2.21556  2.02444  
2.34072  1.76576  2.24678  1.51229  
2.27044  1.597  2.27044  1.597  
2.24678  1.51229  2.45216  2.4314  
1.33989  3.61037  2.00938  2.23786  
2.34856  2.20245  2.34856  2.20245  
2.20393  1.93475  1.91614  2.33879  
2.24678  1.51229  2.01613  3.85986  
1.33989  3.61037  2.58206  2.58192  
0.829988  4.22746  2.24678  1.51229  
2.01613  3.85986  1.33989  3.61037  
2.45216  2.4314  2.4112  2.63066  
2.58206  2.58192  2.40644  1.6202  
2.40644  1.6202  0.829988  4.22746  
1.91614  2.33879  2.20393  1.93475  
2.18201  1.78173  2.2656  1.27367  
2.10181  1.75034  1.5605  2.92769  
2.0296  1.73843  2.11492  1.40459  
1.15908  3.64936  0.245248  4.17997  
0.737592  4.16999  2.02817  1.88843  
2.03125  2.159  0.836768  3.92782  
2.18609  1.23025  1.23155  3.36224  
0.81647  4.13432  1.71456  2.65251  
1.62074  2.85848  2.14003  0.373609  
2.58468  2.81103  1.91821  2.23063  
1.91821  2.23063  1.03392  3.46362  
2.14003  0.373609  1.05113  3.61283  
2.02817  1.88843  1.32427  3.20644  
1.73009  2.4966  1.60823  2.4785  
2.2656  1.27367  0.158069  4.09327  
2.11492  1.40459  1.49073  2.96147  
0.245248  4.17997  2.03602  0.227791  
1.5605  2.92769  1.93721  1.13269  
1.23155  3.36224  0.565944  3.96509  
0.836768  3.92782  1.79014  1.88544  
2.10438  2.24914  2.68922  2.45832  
1.59548  3.27705  1.93297  2.28874  
2.05341  2.81708  0.89007  4.06452  
0.6452  4.45452  2.52837  1.35211  
1.84567  2.72643  0.679891  4.59737  
1.33634  3.88214  1.61889  3.11288  
2.80331  1.78171  2.11724  1.92571  
2.0241  2.7052  0.43808  4.32085  
2.46722  1.23193  1.42398  3.33028  
2.38764  2.07519  2.17794  2.64889  
1.49073  2.96147  0.569465  4.37208  
0.835264  3.81185  1.99604  3.08247  
1.79014  1.88544  1.2455  3.4056  
1.03392  3.46362  2.11927  1.14921  
2.03602  0.227791  2.25419  2.59132  
1.60823  2.4785  2.35948  0.854453  
0.565944  3.96509  2.3973  1.05402  
0.158069  4.09327  1.77243  2.2847  
1.93721  1.13269  0.180363  4.11115  
1.32427  3.20644  1.85413  4.10353  
1.42398  3.33028  1.3098  3.70468  
0.89007  4.06452  2.10181  1.75034  
2.17794  2.64889  1.62074  2.85848  
1.93297  2.28874  0.737592  4.16999  
2.68922  2.45832  1.15908  3.64936  
2.52837  1.35211  2.18201  1.78173  
1.61889  3.11288  2.0296  1.73843  
0.43808  4.32085  2.18609  1.23025  
2.12484  1.86835  2.03125  2.159  
0.679891  4.59737  2.58468  2.81103  
0.180363  4.11115  1.24963  3.68799  
1.77243  2.2847  2.48541  0.966612  
1.99604  3.08247  2.18239  2.12636  
2.25419  2.59132  1.83309  2.95961  
2.3973  1.05402  0.560462  4.49279  
2.36391  0.758827  2.36299  2.4324  
0.569465  4.37208  1.65687  3.13301  
2.11927  1.14921  2.38998  0.893103  
1.85413  4.10353  1.56097  3.31456  
1.2455  3.4056  2.66462  1.84935  
1.65687  3.13301  0.6452  4.45452  
0.560462  4.49279  2.10438  2.24914  
1.24963  3.68799  1.59548  3.27705  
1.56097  3.31456  2.46722  1.23193  
2.36299  2.4324  2.80331  1.78171  
1.83309  2.95961  1.33634  3.88214  
2.48541  0.966612  2.11586  2.70054  
2.34934  1.29606  2.38764  2.07519  
2.66462  1.84935  2.0241  2.7052  
2.18239  2.12636  1.84567  2.72643  
1.80684  1.80156  
0.131913  4.05695  
1.64249  2.36172  
1.03392  3.46362  
1.56153  2.56355  
1.333  3.04061  
0.818267  3.69539  
1.1408  3.32832  
1.99565  0.596508  
1.844  1.64309  
1.62427  2.4025  
1.20978  3.2304  
1.86146  1.56288  
0.674057  3.83465  
0.946846  3.57927  
1.8202  1.7454  
1.35923  2.9868  
1.98796  0.740531  
0.977961  3.52724  
1.47806  2.75342  
1.34418  3.02201  
1.42551  2.86562  
1.29674  3.09375  
0.644663  3.87312  
1.38014  2.95515  
1.38625  2.93559  
0.435262  3.94007  
1.70396  2.18681  
2.00191  0.505366  
1.05017  3.44758  
1.59647  2.47469  
2.03067  0.387168  
1.68648  2.21823  
1.43812  2.83845  
0.211909  4.04538  
0.961932  3.54713  
1.50392  2.6955  
1.90958  1.31156  
1.41113  2.88814  
1.94651  1.06659  
1.54636  2.60878  
1.52662  2.64426  
1.81327  1.77421  
1.9038  1.34249  
1.57486  2.52913  
1.73338  2.06933  
1.19605  3.25664  
1.99391  0.62211  
1.6621  2.29036  
1.12371  3.35855  
1.9401  1.11287  
1.49189  2.73787  
1.83441  1.68705  
1.46205  2.7856  
1.93513  1.1472  
1.78576  1.8835  
0.806665  3.75373  
1.7793  1.90988  
2.03333  0.319956  
1.75383  1.99885  
1.88857  1.42682  
1.92692  1.20192  
1.95163  1.03027  
1.18056  3.27418  
1.92078  1.24088  
1.108  3.3747  
2.03602  0.227791  
1.898  1.3757  
0.890711  3.64365  
1.31408  3.07264  
0.917552  3.62463  
1.74623  2.02625  
1.66996  2.26757  
1.95739  0.983277  
1.91491  1.27632  
1.27656  3.12764  
1.87885  1.47655  
1.87034  1.51914  
1.65027  2.32965  
1.85577  1.59183  
0.794727  3.79188  
1.76887  1.9452  
1.01954  3.48042  
1.23183  3.19795  
1.61509  2.43166  
1.52045  2.65833  
1.97576  0.841823  
2.02779  0.447616  
1.7932  1.85398  
1.59056  2.48969  
0.876382  3.67022  
1.25417  3.16389  
1.16841  3.29905  
1.7273  2.08954  
1.71702  2.12356  
1.00187  3.50058  
1.08866  3.39668  
1.07227  3.41723  
1.96329  0.93462  
1.44465  2.8224  
1.31429  3.20921  1.67306  2.4964  
2.03168  0.223074  2.03168  0.223074  
1.93206  1.16642  1.16255  3.4721  
1.95173  1.79831  1.31429  3.20921  
1.22575  3.22887  1.93206  1.16642  
1.59708  2.4972  0.158055  4.09326  
0.158094  4.0933  0.837678  3.66819  
0.837678  3.66819  1.97044  1.57502  
0.56291  3.95059  0.56291  3.95059  
1.81865  2.13128  1.78495  1.90472  
1.47265  2.79143  1.93206  1.16642  
1.82023  1.83309  2.03168  0.223074  
1.9143  1.81362  1.16255  3.4721  
1.6328  2.38971  0.837678  3.66819  
1.43904  2.87995  1.78495  1.90472  
1.93272  1.72516  1.67306  2.4964  
1.31429  3.20921  0.158055  4.09326  
0.56291  3.95059  1.99693  1.41442  
0.158055  4.09326  1.31429  3.20921  
1.93456  1.1625  0.56291  3.95059  
1.31429  3.20921  1.93206  1.16642  
1.82023  1.83309  0.158055  4.09326  
0.158055  4.09326  1.16255  3.4721  
1.43904  2.87995  0.837678  3.66819  
1.47265  2.79143  1.78495  1.90472  
1.93272  1.72516  2.03168  0.223074  
1.93456  1.1625  1.97044  1.57502  
1.6328  2.38971  1.31429  3.20921  
0.56291  3.95059  1.67306  2.4964  
1.9143  1.81362  0.743192  4.11472  
1.31429  3.20921  0.158055  4.09326  
1.93206  1.16642  2.03168  0.223074  
0.56291  3.95059  1.16255  3.4721  
1.16255  3.4721  1.31429  3.20921  
2.03168  0.223074  1.93206  1.16642  
1.78495  1.90472  0.56291  3.95059  
1.47855  2.98474  1.60289  2.50326  
1.59708  2.4972  1.78495  1.90472  
1.71217  2.83345  0.837678  3.66819  
0.158055  4.09326  1.99693  1.41442  
1.31429  3.20921  1.2703  3.26364  
2.03168  0.223074  0.56291  3.95059  
0.56291  3.95059  0.837678  3.66819  
1.47855  2.98474  1.95173  1.79831  
0.158055  4.09326  2.03168  0.223074  
1.59708  2.4972  1.59708  2.4972  
0.837678  3.66819  1.93206  1.16642  
1.93206  1.16642  0.158094  4.0933  
1.16255  3.4721  1.31429  3.20921  
1.78495  1.90472  1.81865  2.13128  
1.59708  2.4972  1.93206  1.16642  
2.03168  0.223074  1.34604  4.57125  
0.56291  3.95059  1.31429  3.20921  
1.93206  1.16642  1.78495  1.90472  
0.158055  4.09326  1.16255  3.4721  
1.16255  3.4721  0.837678  3.66819  
1.31429  3.20921  2.03168  0.223074  
0.837678  3.66819  1.47855  2.98474  
1.47855  2.98474  1.59708  2.4972  
1.78495  1.90472  0.158055  4.09326  
1.59708  2.4972  1.47855  2.98474  
2.03168  0.223074  1.59708  2.4972  
0.56291  3.95059  1.16255  3.4721  
1.31429  3.20921  1.78666  1.90955  
0.158055  4.09326  0.56291  3.95059  
1.16255  3.4721  2.03168  0.223074  
1.47855  2.98474  1.93206  1.16642  
0.837678  3.66819  0.158066  4.09327  
1.93206  1.16642  1.31429  3.20921  
1.78666  1.90955  0.837678  3.66819  
2.03168  0.223074  1.76873  2.28991  
1.76873  2.28991  1.31429  3.20921  
0.56291  3.95059  1.93206  1.16642  
1.31429  3.20921  1.66507  2.44484  
0.158055  4.09326  2.03168  0.223074  
1.47855  2.98474  1.59708  2.4972  
1.78495  1.90472  1.78495  1.90472  
1.59708  2.4972  1.47855  2.98474  
0.99371  3.51466  0.56291  3.95059  
1.93206  1.16642  0.158055  4.09326  
2.03168  0.223074  1.59708  2.4972  
1.78495  1.90472  1.67527  2.33556  
0.56291  3.95059  1.93206  1.16642  
1.67306  2.4964  0.56291  3.95059  
0.158055  4.09326  1.9477  1.74415  
0.837678  3.66819  0.158055  4.09326  
1.99693  1.41442  1.31429  3.20921  
1.93206  1.16642  2.03168  0.223074  
1.95173  1.79831  1.47855  2.98474  
1.31429  3.20921  1.84436  1.98089  
0.56291  3.95059  1.60289  2.50326  
1.93206  1.16642  2.03168  0.223074  
1.9477  1.74415  0.837678  3.66819  
1.59708  2.4972  0.56291  3.95059  
0.158055  4.09326  1.93206  1.16642  
1.78495  1.90472  1.99693  1.41442  
1.31429  3.20921  0.158055  4.09326  
1.67527  2.33556  1.16255  3.4721  
1.47855  2.98474  1.31429  3.20921  
2.03168  0.223074  1.78495  1.90472  
1.81582  1.7628  
0.130587  4.03974  
1.31852  3.05649  
1.77097  1.93669  
1.5291  2.62799  
0.398018  3.95384  
0.819678  3.68511  
1.94498  1.077  
0.183951  4.00663  
1.78133  1.8932  
1.35778  2.98736  
1.20978  3.2304  
1.75983  1.97726  
1.9662  0.908286  
1.87304  1.50434  
0.3569  3.97408  
1.86218  1.55719  
1.71168  2.139  
0.977961  3.52724  
1.65114  2.31705  
1.6653  2.2807  
1.25393  3.16248  
1.29807  3.09158  
0.704749  3.79804  
1.82454  1.72667  
0.92021  3.58967  
0.435262  3.94007  
1.95147  1.02895  
1.98463  0.727436  
1.27769  3.12523  
2.00943  0.352169  
1.91275  1.28836  
1.5737  2.52671  
0.79  3.7173  
1.16984  3.28762  
0.954024  3.55454  
1.60749  2.43644  
2.00238  0.491759  
1.89671  1.37993  
1.19235  3.25551  
1.39647  2.91622  
1.42803  2.85437  
1.97159  0.859817  
1.12658  3.34377  
1.85352  1.59802  
0.648229  3.8239  
1.55402  2.57478  
0.878314  3.63075  
1.79531  1.83971  
1.41024  2.8892  
1.03379  3.46322  
1.88702  1.43224  
1.22865  3.20159  
1.46196  2.78513  
1.62123  2.40397  
1.92211  1.23078  
1.74888  2.01055  
1.47897  2.74979  
0.254351  3.99802  
0.834454  3.67121  
0.853222  3.65422  
1.33944  3.02015  
0.753385  3.74897  
1.80531  1.80571  
0.895202  3.61442  
1.10955  3.36978  
0.530073  3.90022  
1.67457  2.25367  
2.03168  0.223074  
1.68865  2.21112  
1.70028  2.175  
0.565472  3.88223  
1.37957  2.94744  
1.58887  2.48842  
1.99093  0.656708  
2.00621  0.421566  
0.48338  3.91907  
1.93864  1.12199  
1.87973  1.4707  
1.49124  2.71595  
1.44533  2.81943  
1.14527  3.32178  
1.01686  3.48313  
1.92951  1.18329  
1.51503  2.66247  
0.722991  3.77096  
1.90561  1.32981  
1.99668  0.578104  
1.836  1.67754  
1.84448  1.63969  
1.97899  0.787292  
1.05134  3.44365  
1.6368  2.36155  
1.73504  2.05949  
0.58898  3.8571  
0.993963  3.50905  
1.08866  3.39668  
1.07078  3.41354  
1.72682  2.08755  
1.95887  0.970135  
0.964221  3.54433  1.65454  2.34024  
1.65454  2.34024  2.00978  1.77538  
1.23104  3.201  0.683765  3.91912  
1.53278  2.7754  1.94028  1.10997  
2.02801  0.21901  0.114342  4.04924  
1.45751  3.0492  1.23104  3.201  
1.94028  1.10997  2.02801  0.21901  
2.00978  1.77538  1.35399  3.23232  
0.683765  3.91912  1.53278  2.7754  
0.114342  4.04924  0.964221  3.54433  
1.99329  1.4322  0.15896  4.07344  
2.10476  1.59602  2.02801  0.21901  
0.731283  3.88844  1.81448  1.78884  
1.22673  3.19949  1.99329  1.4322  
1.47769  2.89014  2.10476  1.59602  
1.81448  1.78884  1.47769  2.89014  
0.964221  3.54433  0.964221  3.54433  
0.114342  4.04924  0.731283  3.88844  
2.02801  0.21901  1.22673  3.19949  
1.65454  2.34024  1.65454  2.34024  
0.731283  3.88844  1.99329  1.4322  
1.22673  3.19949  2.02801  0.21901  
1.47769  2.89014  0.114342  4.04924  
1.65454  2.34024  1.47769  2.89014  
1.81448  1.78884  0.964221  3.54433  
0.964221  3.54433  2.03948  1.34593  
1.99329  1.4322  0.731283  3.88844  
0.114342  4.04924  1.65454  2.34024  
1.94028  1.10997  1.22673  3.19949  
2.02801  0.21901  1.81448  1.78884  
2.03427  1.15556  1.47769  2.89014  
0.731283  3.88844  2.02801  0.21901  
1.47769  2.89014  1.65454  2.34024  
1.65454  2.34024  0.964221  3.54433  
1.81448  1.78884  1.94028  1.10997  
0.114342  4.04924  1.81448  1.78884  
1.94028  1.10997  0.114342  4.04924  
1.22673  3.19949  0.731283  3.88844  
0.964221  3.54433  1.22673  3.19949  
2.02801  0.21901  1.96413  1.58811  
1.65454  2.34024  1.65454  2.34024  
1.26511  3.14213  1.81448  1.78884  
2.02801  0.21901  1.26511  3.14213  
0.114381  4.04917  0.114381  4.04917  
0.82111  3.82326  1.94028  1.10993  
1.50076  2.84403  0.82111  3.82326  
0.982384  3.52461  1.88583  1.98191  
1.94028  1.10993  2.02801  0.21901  
0.617045  3.95711  0.617045  3.95711  
1.81448  1.78884  1.50076  2.84403  
0.114381  4.04917  1.26511  3.14213  
0.982384  3.52461  0.114381  4.04917  
2.02801  0.21901  0.982384  3.52461  
0.82111  3.82326  0.631985  3.94885  
1.26511  3.14213  1.65454  2.34024  
1.50076  2.84403  0.82111  3.82326  
1.81448  1.78884  1.72918  2.15641  
1.94028  1.10993  1.50076  2.84403  
1.65454  2.34024  2.02801  0.21901  
0.631985  3.94885  1.81448  1.78884  
0.964221  3.54433  1.94028  1.10997  
1.94028  1.10997  1.23104  3.201  
1.81448  1.78884  1.53278  2.7754  
0.114342  4.04924  1.79588  1.86241  
1.53278  2.7754  0.114342  4.04924  
1.45751  3.0492  0.731283  3.88844  
1.23104  3.201  1.65454  2.34024  
1.65454  2.34024  2.02801  0.21901  
2.02801  0.21901  1.45751  3.0492  
0.731283  3.88844  0.964221  3.54433  
2.02801  0.21901  2.02801  0.21901  
1.22673  3.19949  1.82254  1.80548  
2.07057  0.837983  0.731283  3.88844  
0.964221  3.54433  1.94028  1.10997  
0.731283  3.88844  1.22673  3.19949  
1.94028  1.10997  0.114342  4.04924  
1.81448  1.78884  1.65454  2.34024  
0.114342  4.04924  2.07057  0.837983  
1.65454  2.34024  1.47769  2.89014  
1.47769  2.89014  0.964221  3.54433  
2.06725  0.886372  0.114342  4.04924  
1.81448  1.78884  1.23554  3.21683  
1.65454  2.34024  0.964221  3.54433  
1.94028  1.10997  1.47769  2.89014  
0.964221  3.54433  2.02801  0.21901  
0.731283  3.88844  0.731283  3.88844  
1.47769  2.89014  2.06725  0.886372  
0.114342  4.04924  1.81448  1.78884  
1.22673  3.19949  1.65454  2.34024  
2.02801  0.21901  1.94028  1.10997  
2.04834  1.06259  0.731283  3.88844  
2.02801  0.21901  1.9982  0.757006  
1.65454  2.34024  1.47769  2.89014  
0.964221  3.54433  0.964221  3.54433  
1.22673  3.19949  1.22673  3.19949  
1.81448  1.78884  1.94028  1.10997  
1.94028  1.10997  1.81448  1.78884  
0.114342  4.04924  2.04834  1.06259  
0.731283  3.88844  0.114342  4.04924  
1.47769  2.89014  1.65454  2.34024  
0.864993  3.63713  
0.130587  4.03974  
1.32268  3.04239  
1.4184  2.86646  
1.5291  2.62799  
0.398018  3.95384  
1.10939  3.36413  
0.795351  3.69924  
0.183951  4.00663  
1.78133  1.8932  
1.8214  1.73549  
1.99164  0.644899  
0.981152  3.51798  
1.40189  2.8994  
1.97903  0.786725  
0.3569  3.97408  
2.01866  0.235256  
1.83465  1.68284  
1.45296  2.79661  
1.65114  2.31705  
1.5438  2.5956  
1.95214  1.02273  
1.05137  3.43677  
0.769389  3.72244  
1.92001  1.24372  
1.22043  3.20801  
0.435262  3.94007  
1.63746  2.35684  
2.00157  0.503853  
1.02399  3.47186  
2.01128  0.30501  
1.13205  3.33467  
1.55915  2.55878  
1.29668  3.08699  
1.34216  3.00945  
1.27602  3.12055  
1.60749  2.43644  
1.87157  1.50537  
1.08758  3.39223  
0.950824  3.55109  
1.91202  1.2922  
0.553879  3.88107  
1.18565  3.25947  
1.47059  2.75987  
1.86326  1.54593  
0.648229  3.8239  
1.95935  0.965542  
1.6637  2.28121  
1.79531  1.83971  
1.90177  1.35157  
1.71075  2.13799  
0.7401  3.74701  
1.96642  0.90569  
0.678326  3.79111  
1.62157  2.39915  
0.841842  3.66231  
1.74888  2.01055  
1.93255  1.16295  
0.254351  3.99802  
1.72291  2.09787  
1.75917  1.97537  
1.97308  0.845136  
1.76894  1.93948  
1.98607  0.711321  
1.24024  3.17716  
1.06927  3.41568  
1.94552  1.07238  
1.92762  1.19538  
0.918201  3.58485  
1.36275  2.97187  
1.89173  1.40076  
1.20554  3.2304  
1.80681  1.79439  
1.58887  2.48842  
1.67586  2.24475  
2.00582  0.42858  
0.48338  3.91907  
1.26303  3.14146  
1.88362  1.44998  
1.85163  1.60132  
1.56899  2.5347  
0.823831  3.67838  
0.998432  3.49951  
1.14658  3.31433  
1.84192  1.65078  
0.722991  3.77096  
1.50808  2.67861  
1.99668  0.578104  
1.16357  3.29409  
0.114381  4.04917  
0.889396  3.61341  
0.522056  3.89799  
1.69554  2.18635  
1.73504  2.05949  
0.58898  3.8571  
1.48575  2.72731  
1.38047  2.93953  
1.94028  1.10997  
1.43423  2.83481  
2.02791  0.219  
