1.06441  3.44037  1.45377  2.77137  
1.84087  1.91864  1.86472  1.79017  
1.53484  2.75834  1.66711  2.17173  
1.40431  2.66192  1.52349  2.39211  
1.81155  2.02913  2.02416  1.90947  
1.63404  2.50323  1.55746  2.51841  
1.38135  3.06552  1.10522  3.53773  
1.12459  3.66706  1.15618  3.38195  
1.77382  1.90296  2.00002  1.88664  
1.40349  2.81776  1.39646  2.521  
1.17947  3.14795  1.79192  1.8862  
1.77406  2.4878  1.21857  3.42514  
1.64803  2.3312  1.2272  3.24981  
2.08718  1.53339  2.00531  1.70978  
2.21496  1.70836  2.3466  0.790249  
1.33197  3.089  1.83557  1.79667  
1.46669  2.89891  1.36804  2.53811  
1.33738  2.74346  1.13283  3.53438  
1.62932  2.59798  1.2372  3.47831  
1.38062  2.75208  1.69712  2.33421  
1.96844  2.01673  1.95391  2.04969  
1.42244  2.72517  1.41692  2.78124  
1.62668  2.53094  1.56115  2.65139  
1.46943  2.84461  1.71841  2.26939  
1.71966  2.27299  1.46932  2.94341  
1.38635  3.07902  1.53817  2.49669  
1.43803  2.3986  1.57953  2.21274  
1.29312  3.19262  0.929515  3.64182  
1.58466  2.76504  1.32657  3.15355  
1.08152  3.39304  1.93455  1.97066  
1.48164  2.79004  1.63287  2.18763  
1.18049  3.53494  1.41511  2.93493  
1.73714  2.20629  1.68829  2.35433  
1.58602  2.53398  1.60136  2.55348  
1.75342  2.3682  1.97757  1.70977  
1.62827  2.63126  1.54156  2.3753  
1.87529  2.00481  1.57131  2.81216  
1.38434  2.80784  1.32567  3.11511  
1.47275  3.02306  1.87848  1.96251  
1.44418  2.78758  1.63261  2.63697  
1.48506  2.54873  1.5735  2.49487  
1.12249  3.29933  1.34966  2.97073  
1.73724  2.38276  1.64851  2.42725  
1.80504  2.24682  1.61102  2.38667  
1.23105  3.26406  2.02523  1.71915  
1.42145  2.87481  2.18167  1.27358  
1.6627  2.68444  2.0905  1.78923  
1.77457  1.75097  0.829668  3.5376  
1.72772  2.4709  1.49482  2.85226  
1.59931  2.46294  1.77618  2.29506  
1.50272  3.00407  2.08589  1.64095  
1.913  1.61984  1.63134  2.43393  
1.67953  2.117  1.24372  3.2224  
1.9039  1.92671  1.11496  3.34249  
1.42701  2.68247  1.72975  2.52853  
2.23031  1.08009  1.22972  3.20495  
1.63951  2.48001  1.9519  1.98609  
1.64987  2.1937  1.46076  2.79412  
1.60784  2.68525  1.8275  2.26608  
1.57515  2.53791  1.99445  2.03064  
1.4743  3.02538  1.45162  3.04495  
1.99984  1.27719  1.08896  3.45524  
1.52501  2.64584  1.49734  2.66928  
1.19195  3.13254  1.61967  2.59715  
1.70016  2.10758  1.17614  3.24588  
1.859  2.30477  1.81395  2.28633  
1.22729  3.24437  1.59428  2.54752  
1.78496  2.08735  1.77727  2.229  
2.4392  1.23449  1.18325  3.23288  
1.17884  3.27863  1.54203  2.71898  
1.41215  2.66986  1.43742  2.57654  
1.49556  2.71339  1.13119  3.07697  
1.5774  2.64152  1.54241  2.75883  
1.45518  3.11595  1.62381  2.71082  
1.29736  3.20306  1.58531  2.24721  
1.4819  2.48085  1.86195  2.01688  
1.83341  2.07375  1.45779  2.71061  
2.07929  1.45838  1.74118  2.11132  
1.43694  2.46794  1.10347  3.15914  
1.31664  2.83604  1.46047  2.44382  
0.774809  3.91382  1.91818  2.11935  
1.83561  2.06166  1.99105  1.52821  
1.45405  2.59399  1.89346  1.90116  
1.96365  1.59106  1.6462  2.31338  
1.3282  3.106  1.69378  2.27346  
1.56222  2.61339  1.8156  2.29374  
1.60349  2.60081  1.64795  2.60254  
1.49685  2.72626  1.29853  2.65679  
1.09761  3.2792  1.82235  1.99721  
1.27239  3.18072  1.2996  2.94229  
1.1246  3.40268  1.58258  2.49188  
1.28103  2.97876  1.48072  2.7626  
1.78621  2.12486  1.61677  2.41709  
1.33662  3.19398  1.31225  3.28986  
1.70919  2.02824  1.45207  2.60235  
0.994601  3.6965  2.06234  1.58979  
1.71222  2.15072  2.01878  1.97474  
0.928144  3.68715  1.64587  2.38013  
1.93494  1.99132  1.66685  2.4155  
1.90199  1.91192  1.318  2.89301  
1.06441  3.44037  
1.29853  2.65679  
1.99105  1.52821  
1.10347  3.15914  
1.13119  3.07697  
0.829668  3.5376  
2.18167  1.27358  
1.54156  2.3753  
1.77382  1.90296  
1.63287  2.18763  
1.57953  2.21274  
1.36804  2.53811  
2.3466  0.790249  
1.39646  2.521  
1.52349  2.39211  
1.66711  2.17173  
1.45377  2.77137  
1.33738  2.74346  
1.62932  2.59798  
1.38062  2.75208  
1.96844  2.01673  
1.42244  2.72517  
1.62668  2.53094  
1.46943  2.84461  
1.71966  2.27299  
1.38635  3.07902  
1.43803  2.3986  
1.29312  3.19262  
1.58466  2.76504  
1.08152  3.39304  
1.48164  2.79004  
1.18049  3.53494  
1.73714  2.20629  
1.58602  2.53398  
1.75342  2.3682  
1.62827  2.63126  
1.87529  2.00481  
1.38434  2.80784  
1.47275  3.02306  
1.44418  2.78758  
1.48506  2.54873  
1.12249  3.29933  
1.73724  2.38276  
1.80504  2.24682  
1.23105  3.26406  
1.42145  2.87481  
1.6627  2.68444  
1.77457  1.75097  
1.72772  2.4709  
1.59931  2.46294  
1.50272  3.00407  
1.913  1.61984  
1.67953  2.117  
1.9039  1.92671  
1.42701  2.68247  
2.23031  1.08009  
1.63951  2.48001  
1.64987  2.1937  
1.60784  2.68525  
1.57515  2.53791  
1.4743  3.02538  
1.99984  1.27719  
1.52501  2.64584  
1.19195  3.13254  
1.70016  2.10758  
1.859  2.30477  
1.22729  3.24437  
1.78496  2.08735  
2.4392  1.23449  
1.17884  3.27863  
1.41215  2.66986  
1.49556  2.71339  
1.5774  2.64152  
1.45518  3.11595  
1.29736  3.20306  
1.4819  2.48085  
1.83341  2.07375  
2.07929  1.45838  
1.43694  2.46794  
1.31664  2.83604  
0.774809  3.91382  
1.83561  2.06166  
1.45405  2.59399  
1.96365  1.59106  
1.3282  3.106  
1.56222  2.61339  
1.60349  2.60081  
1.49685  2.72626  
1.09761  3.2792  
1.27239  3.18072  
1.1246  3.40268  
1.28103  2.97876  
1.78621  2.12486  
1.33662  3.19398  
1.70919  2.02824  
0.994601  3.6965  
1.71222  2.15072  
0.928144  3.68715  
1.93494  1.99132  
1.90199  1.91192  
0.000942769  4.00017  0.000942769  4.00017  
1.18247  2.96975  1.18247  2.96975  
1.82302  2.09151  1.82302  2.09151  
1.48173  2.26547  1.60511  2.38885  
1.58355  1.78422  1.58355  1.78422  
1.7792  1.72219  1.7792  1.72219  
1.19825  3.10226  1.19825  3.10226  
0.925721  3.19033  0.925721  3.19033  
1.33334  2.31028  1.33334  2.31028  
2.00031  0.000422809  2.00031  0.000422809  
0.000752628  3.99981  0.000752628  3.99981  
1.27755  2.9091  1.27755  2.9091  
1.84373  1.47331  1.84373  1.47331  
1.30548  2.23765  1.30548  2.23765  
1.58169  2.22984  1.53297  2.18113  
1.62456  1.72444  1.62456  1.72444  
1.02914  2.93265  1.02914  2.93265  
0.882951  3.44508  0.882951  3.44508  
1.33599  2.32115  1.33599  2.32115  
2.00025  0.00044951  2.00025  0.00044951  
0.000916536  3.99933  0.000916536  3.99933  
1.191  2.64149  1.14892  2.59941  
1.76339  1.16685  1.88599  0.984571  
1.57488  2.37482  1.57488  2.37482  
1.23098  2.09686  1.23098  2.09686  
0.621728  3.191  0.621728  3.191  
0.987538  2.87048  0.987538  2.87048  
1.47377  1.64778  1.47377  1.64778  
1.1596  2.76561  1.1596  2.76561  
2.00013  0.000390545  2.00013  0.000390545  
0.000837954  3.99962  0.000837954  3.99962  
1.37709  1.38244  1.37709  1.38244  
0.536613  3.00793  0.536613  3.00793  
0.285065  3.49109  0.292194  3.49912  
0.749344  2.60806  0.907323  2.57513  
2.00016  0.000396957  2.00016  0.000396957  
0.952102  2.15837  0.952102  2.15837  
1.77256  0.497452  1.77256  0.497452  
1.5483  0.95919  1.5483  0.95919  
1.17291  1.71838  1.17291  1.71838  
0.00067154  4.00033  0.00067154  4.00033  
0.81328  3.27353  0.81328  3.27353  
1.64755  2.15804  1.64755  2.15804  
1.75091  1.66253  1.75091  1.66253  
1.30608  2.67948  1.30608  2.67948  
1.943  1.34256  1.943  1.34256  
1.49898  2.53353  1.49898  2.53353  
1.51364  1.95897  1.51364  1.95897  
1.92895  1.83805  1.92895  1.83805  
2.00027  0.000456183  2.00029  0.000476611  
0.000762665  3.99993  0.000762665  3.99993  
1.01613  2.74201  1.01613  2.74201  
1.7576  1.59606  1.7576  1.59606  
1.55175  2.63545  1.55175  2.63545  
1.89292  1.56043  1.88774  1.55525  
1.33407  3.04082  1.22684  3.28145  
1.08947  2.45228  1.08947  2.45228  
1.54232  1.89994  1.54232  1.89994  
0.926292  3.28801  0.926292  3.28801  
2.00035  0.000487615  2.00035  0.000487615  
0.735619  3.82963  0.735619  3.82963  
0.807358  3.00193  1.02956  2.55684  
1.10208  2.44065  1.10208  2.44065  
1.81797  1.51516  1.81797  1.51516  
2.00045  0.000543026  2.00045  0.000543026  
1.51977  1.74663  1.51977  1.74663  
0.974057  3.14495  0.974057  3.14495  
1.87956  1.28704  1.87956  1.28704  
0.000888099  3.99991  0.000888099  3.99991  
1.3912  2.25049  1.3912  2.25049  
1.09666  2.74166  1.09666  2.74166  
1.22144  2.26038  1.3979  2.43683  
1.72026  1.33578  1.72026  1.33578  
0.98272  3.03332  0.98272  3.03332  
2.00009  0.000379294  2.00009  0.000379294  
0.746809  3.52821  0.746809  3.52821  
1.65591  2.12109  1.65591  2.12109  
1.47995  1.86749  1.47995  1.86749  
0.000980157  3.99982  0.000980157  3.99982  
1.31619  2.80871  1.31619  2.80871  
0.987725  3.05407  0.987725  3.05407  
1.20791  3.03168  1.20791  3.03168  
1.75611  1.61054  1.75611  1.61054  
0.769631  3.41074  0.769631  3.41074  
2.00016  0.00038359  2.00016  0.00038359  
1.40594  2.72769  1.39701  2.71876  
1.5984  2.04789  1.5984  2.04789  
1.56813  2.40308  1.56813  2.40308  
0.000789411  3.99965  0.000789411  3.99965  
1.29797  2.32603  1.29797  2.32603  
0.839858  3.3099  0.846228  3.31627  
1.33837  2.66224  1.33837  2.66224  
1.6787  1.5051  1.6787  1.5051  
1.92199  1.5009  1.92199  1.5009  
2.00014  0.000433925  2.00014  0.000433925  
1.08299  2.7531  1.08299  2.7531  
1.43598  2.2326  1.43598  2.2326  
0.875766  3.85187  0.875766  3.85187  
0.000822797  3.99956  0.000822797  3.99956  
1.35217  2.07776  1.35217  2.07776  
0.265957  3.52931  
1.51853  1.00569  
1.6851  0.67277  
0.251376  3.56134  
0.474186  3.11572  
1.82312  0.396735  
0.185257  3.69071  
1.19324  1.65649  
0.364757  3.33458  
1.36208  1.3186  
1.63341  0.77574  
0.513762  3.0337  
1.48391  1.07475  
0.542252  2.97672  
0.451375  3.16023  
1.37731  1.28834  
0.659799  2.74162  
0.323488  3.42084  
1.30065  1.44167  
1.90845  0.226269  
1.53496  0.973042  
1.05379  1.93498  
1.04025  1.96207  
1.76647  0.509619  
0.928257  2.20647  
1.91844  0.165378  
1.8924  0.258466  
0.382198  3.29969  
1.73796  0.567047  
0.894323  2.26164  
0.0960504  3.81043  
0.075879  3.85572  
1.13337  1.77642  
0.0476761  3.90656  
0.742896  2.5789  
1.55424  0.934485  
1.01737  2.00823  
1.77903  0.484703  
1.26833  1.50595  
0.701634  2.65795  
0.722104  2.61578  
0.594287  2.87458  
1.67049  0.701592  
0.343538  3.37549  
0.677909  2.70827  
1.61303  0.816914  
0.849847  2.35278  
0.496808  3.07047  
1.32208  1.3988  
1.46732  1.10793  
1.28104  1.48048  
1.39762  1.24814  
1.98645  0.0279978  
1.34036  1.36224  
0.876586  2.30595  
0.768002  2.52698  
1.50353  1.03569  
1.84072  0.361521  
1.97186  0.0570111  
2.00005  0.000477334  
1.93568  0.131228  
1.85942  0.323722  
1.65521  0.732543  
0.9666  2.11127  
1.71991  0.603145  
1.7534  0.536361  
1.17176  1.69919  
1.25186  1.53925  
0.61471  2.83315  
1.43203  1.17891  
1.23406  1.57444  
1.1561  1.73097  
1.57416  0.894642  
1.95157  0.0982236  
1.79228  0.458688  
0.570576  2.91934  
1.59405  0.854833  
0.834733  2.39133  
1.70154  0.639492  
0.0243741  3.95348  
1.11993  1.80348  
0.430424  3.20324  
1.80642  0.429727  
0.141783  3.72084  
0.230491  3.60263  
0.63657  2.78984  
0.951337  2.14958  
1.07712  1.88833  
1.44929  1.14438  
0.810754  2.44147  
1.41422  1.21452  
1.21524  1.61248  
0.288302  3.46086  
0.216459  3.63755  
1.10111  1.84246  
1.87647  0.28979  
0.787173  2.48822  
0.000959129  3.9993  
0.993466  2.06885  
0.407964  3.24567  
1.5259  0.976127  1.5259  0.976127  
0.810012  2.58276  0.810012  2.58276  
0.715528  2.72643  0.715528  2.72643  
2.09341  1.28044  2.09341  1.28044  
1.99992  0.000204999  1.99992  0.000204999  
0.676865  3.2065  0.676865  3.2065  
1.06286  2.10962  1.06286  2.10962  
1.20166  3.18446  1.20166  3.18446  
0.000384572  3.99923  0.000384572  3.99923  
1.42352  2.28552  1.56939  2.08387  
1.75127  1.51859  1.75127  1.51859  
1.71263  0.752574  1.71263  0.752574  
0.869001  2.86993  0.86984  2.87077  
1.32822  1.36897  1.32822  1.36897  
1.99989  0.000214208  1.99989  0.000214208  
0.551822  3.36832  0.551822  3.36832  
0.948006  2.13056  0.948006  2.13056  
1.02472  3.3062  1.02472  3.3062  
0.000476023  3.99905  0.000476023  3.99905  
1.32981  2.63092  1.32981  2.63092  
1.1024  1.81081  0.96523  2.24931  
0.431294  3.38286  0.431294  3.38286  
0.666771  2.79537  0.666771  2.79537  
1.66546  0.845902  1.66546  0.845902  
1.99991  0.000171718  1.99991  0.000171718  
1.79725  1.73191  1.79725  1.73191  
1.00127  2.72473  1.00127  2.72473  
1.49542  1.38615  1.49542  1.38615  
0.000475505  3.99905  0.000475505  3.99905  
1.23642  2.38788  1.23642  2.38788  
0.376265  3.26597  0.376265  3.26597  
1.37792  1.27192  1.37792  1.27192  
0.812307  2.57321  0.812307  2.57321  
2.20967  0.884915  2.20967  0.884915  
1.99989  0.000223599  1.99989  0.000223599  
0.705764  2.94838  0.705764  2.94838  
1.69627  0.617368  1.69627  0.617368  
1.06024  1.90855  1.1126  1.96616  
0.000472811  3.99905  0.000481773  3.99904  
1.16767  2.74807  1.16767  2.74807  
0.000475511  3.99905  0.000475511  3.99905  
1.40817  1.20871  1.40817  1.20871  
0.51746  2.97877  0.51746  2.97877  
0.262282  3.48964  0.379986  3.60734  
0.762414  2.50336  1.31308  2.37234  
1.99989  0.000222297  1.99985  0.00029797  
0.980274  2.06348  0.980274  2.06348  
1.80944  0.394384  1.80944  0.394384  
1.61265  0.782662  1.61265  0.782662  
1.19402  1.63613  1.19402  1.63613  
1.30987  1.40519  1.30987  1.40519  
0.358556  3.3229  0.412605  3.37695  
1.01473  1.99534  1.01473  1.99534  
0.677498  2.70008  0.677498  2.70008  
1.99989  0.0002221  1.99989  0.0002221  
1.61005  2.05405  1.61005  2.05405  
1.64118  0.740552  1.64118  0.740552  
1.91288  1.53453  1.91288  1.53453  
0.000474672  3.99905  0.000474672  3.99905  
1.07349  2.78908  1.07349  2.78908  
0.826806  2.36372  1.64754  1.36213  
0.391805  3.96491  0.417493  3.28204  
1.20501  1.61091  0.895178  2.37105  
1.83427  1.43983  0.704373  2.9165  
1.99989  0.000223561  1.9999  0.000210003  
1.85499  0.661329  1.22205  1.57769  
1.53712  0.93873  1.00042  3.07336  
1.21721  2.53928  1.60903  0.801325  
0.000475998  3.99905  0.00047043  3.99906  
0.425407  3.16494  1.47619  2.469  
1.9546  0.748008  1.95106  1.44174  
0.417493  3.28204  0.940867  2.14567  
0.895178  2.37105  0.783493  2.66674  
0.704373  2.9165  1.29488  2.46993  
1.9999  0.000210003  1.99988  0.000246145  
1.22205  1.57769  0.526389  3.35415  
1.00042  3.07336  1.60914  0.981418  
1.60903  0.801325  1.33757  2.7439  
0.00047043  3.99906  0.000476688  3.99905  
1.43529  2.4281  1.19742  1.62915  
1.95106  1.44174  0.826806  2.36372  
0.940867  2.14567  0.391805  3.96491  
0.783493  2.66674  1.20501  1.61091  
1.2608  2.5146  1.83427  1.43983  
1.99989  0.000218106  1.99989  0.000223561  
0.526389  3.35415  1.85499  0.661329  
1.60914  0.981418  1.53732  0.93893  
1.33757  2.7439  1.21721  2.53928  
0.000476688  3.99905  0.000475998  3.99905  
1.19742  1.62915  0.425407  3.16494  
1.62338  0.798847  1.22498  1.60878  
0.960041  2.33452  0.960041  2.33452  
1.81507  1.32015  1.81507  1.32015  
1.70492  1.73033  1.70492  1.73033  
1.9999  0.000210276  1.9999  0.000210276  
0.543312  3.02048  0.543312  3.02048  
1.21606  1.58792  1.21606  1.58792  
0.964817  3.13279  0.964817  3.13279  
0.000425636  3.99915  0.000425636  3.99915  
1.29542  2.58229  1.30536  2.59223  
1.99989  0.000223894  
1.5014  1.00561  
1.6855  0.636979  
0.227335  3.5644  
1.4323  1.14576  
1.61261  0.782618  
0.000477475  3.99905  
1.18158  1.64481  
1.98408  0.0318486  
1.36049  1.28864  
1.62775  0.75247  
0.501391  2.99809  
0.397629  3.21955  
0.833252  2.34732  
0.918776  2.17699  
1.30522  1.39752  
1.25064  1.51031  
1.37821  1.25201  
0.333418  3.34685  
0.639645  2.73525  
1.8776  0.254418  
1.02613  1.96205  
0.893305  2.22136  
1.54584  0.916287  
1.15523  1.69917  
1.913  0.174  
0.802579  2.40975  
0.816467  2.38198  
1.82643  0.356772  
0.854203  2.30613  
1.45141  1.10515  
0.30463  3.40664  
1.12724  1.75597  
0.0394709  3.92106  
0.945262  2.12424  
0.969535  2.07841  
1.00691  1.9958  
0.0777209  3.84469  
1.04433  1.92588  
1.06968  1.87358  
1.74339  0.522836  
0.443495  3.12902  
1.71907  0.572276  
0.358405  3.2981  
0.761731  2.49023  
0.656906  2.70138  
0.571835  2.87097  
1.41176  1.18637  
1.39763  1.21922  
0.248414  3.51828  
1.46986  1.06991  
1.75838  0.493232  
0.417613  3.17931  
1.80744  0.396359  
1.56288  0.884207  
0.461469  3.09142  
1.6649  0.680655  
0.262282  3.48964  
0.276761  3.46111  
0.0238651  3.95228  
1.93574  0.128548  
1.84875  0.312469  
0.697997  2.61783  
0.989961  2.0297  
1.22278  1.56441  
1.33137  1.34524  
0.876645  2.26199  
0.59403  2.82648  
1.5794  0.849165  
1.78859  0.436441  
1.34441  1.32122  
0.481366  3.05109  
1.64549  0.718652  
1.95079  0.0984318  
1.48431  1.04181  
0.549028  2.91577  
1.9675  0.0650212  
1.26668  1.47507  
1.70177  0.606438  
0.739199  2.53614  
1.11393  1.7821  
0.531849  2.95066  
1.77399  0.463454  
0.141783  3.72084  
0.19146  3.61989  
1.89834  0.219389  
0.673567  2.66778  
0.618567  2.77678  
0.71847  2.57689  
1.52017  0.969279  
1.59578  0.819089  
1.19928  1.60942  
0.0627042  3.8746  
0.107618  3.79547  
1.09448  1.82066  
1.86261  0.290076  
0.783182  2.4501  
0.169622  3.68308  
1.28463  1.43945  
0.383785  3.24819  
