1.66563  1.59621e-117  1.74402  5.29866e-20  
1.91727  8.85242e-87  1.67987  6.43555e-22  
1.64977  3.6537e-11  2.03507  0.0154013  
1.4504  0.000342668  1.99132  3.25248e-37  
2.12802  1.43489e-30  1.57755  2.97634e-07  
1.58232  0.509906  1.66339  6.8672e-25  
1.45544  9.62297e-24  1.67394  1.40357e-20  
1.95271  8.42308e-13  1.4207  4.517e-109  
2.20221  3.43581e-142  1.67096  2.91399e-145  
1.7241  4.72088e-42  1.52578  1.16546e-81  
1.49845  2.36954e-104  1.84384  2.55715e-84  
1.86356  2.90837e-53  1.70702  7.16324e-58  
2.0753  3.34138e-66  1.86092  5.55277e-100  
2.40761  4.25898e-39  2.32864  8.7003e-92  
2.18167  5.83236e-34  2.37009  4.05053e-10  
1.76062  1.46024e-19  1.71705  1.34409e-66  
2.06469  4.61506e-08  1.74314  2.92341e-79  
2.20845  1.05368e-45  2.17941  0.00401447  
2.25556  1.74005e-05  1.98608  1.0485e-52  
1.90971  5.36249e-15  1.5288  3.18655e-39  
2.19362  7.73125e-102  1.85072  3.12499e-07  
1.76037  2.51782e-33  1.70798  4.77993e-22  
1.6331  1.15683e-21  1.85344  3.24481e-39  
1.51572  1.81447e-52  2.17794  0.0725783  
1.99453  0.00252584  1.77882  0.010475  
2.40243  0.00117804  2.05432  5.71308e-246  
2.02206  2.50564e-08  1.75516  1.12432e-45  
1.78236  2.88818e-98  1.51839  0.000414923  
1.53121  1.12876e-65  2.1071  7.11032e-26  
1.87485  1.90843e-57  1.70618  0.379104  
1.68155  1.38186e-45  1.8401  0.00151095  
2.1529  5.64156e-18  1.90938  1.07372e-48  
1.61557  8.51997e-12  1.76523  4.18341e-44  
1.96513  1.1867e-40  1.34848  3.75006e-120  
1.75945  7.19401e-13  1.78863  9.65948e-08  
1.69461  1.42334e-16  1.49988  5.9509e-27  
1.8203  3.92156e-16  1.64209  3.86411e-108  
1.69603  1.05651e-65  1.83794  7.08938e-16  
1.84654  4.06612e-10  1.69992  1.52056e-39  
1.63325  6.98934e-16  2.0711  4.41628e-59  
1.91762  5.38291e-30  1.28434  6.97386e-192  
1.58661  0.0872588  1.82565  3.54801e-64  
2.06429  1.79396e-25  1.69564  5.68033e-12  
2.00933  1.62303e-63  2.04205  9.23577e-22  
1.68937  6.69756e-80  1.77385  4.44477e-23  
2.1295  3.28849e-14  1.95719  6.69751e-107  
1.86684  2.71869e-27  2.05015  4.15224e-11  
1.80082  1.18763e-16  1.43296  1.71542e-32  
1.66429  1.43941e-63  1.85526  0.0253289  
1.79468  2.17062e-24  1.80081  8.46698e-16  
2.04567  1.63299e-06  1.81334  2.07872e-28  
1.7095  2.3122e-39  1.65519  4.55405e-22  
1.48692  5.41049e-14  1.74201  7.30628e-23  
1.47236  1.52039e-45  1.48574  0.19428  
1.92526  1.17188e-74  2.25117  3.82605e-141  
1.6122  5.44306e-14  2.03941  4.26927e-62  
2.25346  2.31129e-16  1.84592  2.03032e-48  
1.72266  2.17426e-71  1.28819  3.03777e-64  
1.98507  3.4053e-57  1.78578  8.1959e-184  
1.78438  1.05569e-10  1.80664  2.29445e-86  
2.26548  1.86576e-32  2.07676  7.96267e-53  
1.62142  3.79131e-35  1.36261  3.77072e-08  
1.92414  7.24427e-158  1.93416  4.91018e-37  
1.86605  4.0797e-48  1.40736  0.000326497  
1.68176  5.30115e-100  1.61486  2.22338e-32  
1.95045  2.63964e-07  1.79809  7.26819e-17  
2.0586  1.30032e-07  1.89347  7.25922e-08  
1.57818  0.000144922  1.79556  3.40985e-49  
1.80638  3.81409e-42  1.99808  3.61939e-58  
1.46468  4.07158e-45  1.62265  1.69652e-64  
1.73977  8.98533e-16  1.90298  8.68576e-101  
2.02532  8.92353e-79  2.27488  1.86091e-07  
1.89021  1.09853e-19  2.00621  8.05335e-19  
1.77904  1.71669e-85  1.94447  5.7757e-87  
1.81315  8.42077e-26  1.76919  6.18095e-47  
1.59795  2.87273e-32  1.88667  2.29382e-79  
1.90097  2.32256e-86  1.5614  9.19512e-42  
1.86005  0.0851579  1.4047  1.94055e-78  
2.27253  3.51848e-12  1.74553  3.85123e-91  
2.04812  1.13257e-12  1.75881  1.47155e-139  
2.14278  8.98967e-17  1.7985  1.50151e-106  
1.59989  0.0170756  1.73952  1.23155e-39  
1.9005  8.42475e-67  1.91829  3.50293e-64  
1.57029  2.3971e-48  1.43764  8.23403e-87  
1.56426  1.82533e-10  1.87273  1.4535e-35  
1.66827  3.5751e-52  1.72939  1.09987e-10  
1.95661  8.39365e-102  1.77931  5.20473e-62  
1.5605  2.27724e-76  1.86887  8.36305e-97  
1.88219  1.95109e-44  1.74287  1.30849e-48  
1.81919  1.55755e-33  1.88381  3.64556e-64  
1.60479  2.18533e-09  1.74856  5.03073e-85  
2.00974  0.0320223  1.7934  0.0028602  
2.16892  8.90531e-34  2.23215  1.57895e-85  
2.02603  3.3307e-07  1.67015  3.77054e-42  
1.74921  7.25847e-53  1.87145  0.00526349  
2.40959  0.00261619  1.96368  8.08379e-08  
1.60779  5.98264e-23  2.02051  2.14186e-13  
1.64412  1.06478e-32  2.16946  1.98299e-100  
1.84251  4.18557e-27  1.35914  1.83864e-07  
1.57962  3.91028e-11  1.85719  2.23938e-12  
1.28434  6.97386e-192  
1.74402  5.29866e-20  
1.64977  3.6537e-11  
1.4504  0.000342668  
2.12802  1.43489e-30  
1.58232  0.509906  
1.45544  9.62297e-24  
1.95271  8.42308e-13  
2.20221  3.43581e-142  
1.7241  4.72088e-42  
1.49845  2.36954e-104  
1.86356  2.90837e-53  
2.0753  3.34138e-66  
2.40761  4.25898e-39  
2.18167  5.83236e-34  
1.76062  1.46024e-19  
2.06469  4.61506e-08  
2.20845  1.05368e-45  
2.25556  1.74005e-05  
1.90971  5.36249e-15  
2.19362  7.73125e-102  
1.76037  2.51782e-33  
1.6331  1.15683e-21  
1.51572  1.81447e-52  
1.99453  0.00252584  
2.40243  0.00117804  
2.02206  2.50564e-08  
1.78236  2.88818e-98  
1.53121  1.12876e-65  
1.87485  1.90843e-57  
1.68155  1.38186e-45  
2.1529  5.64156e-18  
1.61557  8.51997e-12  
1.96513  1.1867e-40  
1.75945  7.19401e-13  
1.69461  1.42334e-16  
1.8203  3.92156e-16  
1.69603  1.05651e-65  
1.84654  4.06612e-10  
1.63325  6.98934e-16  
1.91762  5.38291e-30  
1.58661  0.0872588  
2.06429  1.79396e-25  
2.00933  1.62303e-63  
1.68937  6.69756e-80  
2.1295  3.28849e-14  
1.86684  2.71869e-27  
1.80082  1.18763e-16  
1.66429  1.43941e-63  
1.79468  2.17062e-24  
2.04567  1.63299e-06  
1.7095  2.3122e-39  
1.48692  5.41049e-14  
1.47236  1.52039e-45  
1.92526  1.17188e-74  
1.6122  5.44306e-14  
2.25346  2.31129e-16  
1.72266  2.17426e-71  
1.98507  3.4053e-57  
1.78438  1.05569e-10  
2.26548  1.86576e-32  
1.62142  3.79131e-35  
1.92414  7.24427e-158  
1.86605  4.0797e-48  
1.68176  5.30115e-100  
1.95045  2.63964e-07  
2.0586  1.30032e-07  
1.57818  0.000144922  
1.80638  3.81409e-42  
1.46468  4.07158e-45  
1.73977  8.98533e-16  
2.02532  8.92353e-79  
1.89021  1.09853e-19  
1.77904  1.71669e-85  
1.81315  8.42077e-26  
1.59795  2.87273e-32  
1.90097  2.32256e-86  
1.86005  0.0851579  
2.27253  3.51848e-12  
2.04812  1.13257e-12  
2.14278  8.98967e-17  
1.59989  0.0170756  
1.9005  8.42475e-67  
1.57029  2.3971e-48  
1.56426  1.82533e-10  
1.66827  3.5751e-52  
1.95661  8.39365e-102  
1.5605  2.27724e-76  
1.88219  1.95109e-44  
1.81919  1.55755e-33  
1.60479  2.18533e-09  
2.00974  0.0320223  
2.16892  8.90531e-34  
2.02603  3.3307e-07  
1.74921  7.25847e-53  
2.40959  0.00261619  
1.60779  5.98264e-23  
1.64412  1.06478e-32  
1.84251  4.18557e-27  
1.57962  3.91028e-11  
1.75001  4.08628e-87  1.5186  0.141049  
1.87813  2.54216e-128  2.01114  1.80735e-12  
1.34015  3.96104e-45  1.58421  2.41868e-16  
4.67808e-05  1.00895  1.72916  4.42631e-151  
1.81982  1.17929e-12  1.74068  4.47722e-07  
2.11832  6.95808e-123  1.43249  2.42158e-55  
1.56498  8.52864e-12  6.79356e-06  1.0618  
1.06324  6.58994e-206  1.83179  2.39106e-10  
1.74336  1.87329e-17  1.2189  5.553e-86  
1.80414  2.52578e-13  1.56238  2.74547e-45  
1.70626  3.16922e-146  1.5186  0.141049  
1.9796  9.52926e-41  2.01114  1.80735e-12  
1.64461  1.36604e-47  1.58421  2.41868e-16  
2.22773e-05  1.01752  1.72916  4.42631e-151  
1.93339  2.32629e-06  1.74068  4.47722e-07  
2.05737  1.197e-22  1.43249  2.42158e-55  
1.07716  7.89828e-28  6.79356e-06  1.0618  
1.1687  4.63588e-48  1.68506  9.99624e-32  
1.92889  7.78672e-08  1.2189  5.553e-86  
1.65282  1.10669e-75  1.56238  2.74547e-45  
1.2141  4.52218e-170  1.70626  3.16922e-146  
2.28061  1.40457e-159  1.9796  9.52926e-41  
1.55772  0.214802  1.64461  1.36604e-47  
2.32425e-05  1.00854  2.22773e-05  1.01752  
1.71108  4.83607e-08  1.93339  2.32629e-06  
1.6218  7.00884e-165  2.05737  1.197e-22  
1.88116  8.35159e-79  1.07716  7.89828e-28  
1.08615  2.93121e-18  1.1321  4.49067e-48  
2.03524  7.33801e-38  1.92889  7.78672e-08  
1.77364  4.72546e-72  1.65282  1.10669e-75  
1.19813  2.64184e-07  1.61165  3.38312e-11  
1.78901  0.00133123  0.848456  1.23525  
1.58421  2.41868e-16  1.98792  0.00170944  
1.15407  1.69841e-42  7.7259e-05  1.05174  
1.91568  5.53941e-06  1.98062  1.04363e-46  
1.57236  2.23146e-21  1.48876  6.13489e-60  
2.83397e-05  1.00037  1.45129  6.55902e-53  
1.57095  4.71624e-25  1.23926  3.10761e-90  
1.00067  4.55882e-86  1.97609  1.91485e-70  
1.0015  7.19537e-48  1.70463  6.71138e-107  
0.556141  0.831116  1.13716  4.23561e-170  
0.711188  0.703209  2.28061  1.40457e-159  
1.42685  3.16545e-30  1.55772  0.214802  
9.86664e-05  1.00001  2.32425e-05  1.00854  
1.00001  4.61448e-06  1.71108  4.83607e-08  
1.60389  8.62691e-77  1.6218  7.00884e-165  
0.81477  0.579797  1.88116  8.35159e-79  
0.37101  0.928675  1.08615  2.93121e-18  
0.93282  0.360427  2.03524  7.33801e-38  
2.0446  9.26579e-98  1.77364  4.72546e-72  
2.40139  7.43315e-84  1.19813  2.64184e-07  
1.24043  6.0717e-12  1.78901  0.00133123  
1.56653  2.08694e-84  1.58421  2.41868e-16  
9.57656e-05  1.00116  1.14577  1.27599e-70  
1.83201  2.76256e-27  1.91568  5.53941e-06  
2.04705  1.98192e-90  1.57236  2.23146e-21  
1.55428  3.09948e-66  2.83397e-05  1.00037  
1.03295  2.47343e-37  1.57095  4.71624e-25  
1.95624  6.60765e-76  1.00067  4.55882e-86  
1.00093  6.9172e-49  1.0015  7.19537e-48  
1.75001  4.08628e-87  0.556141  0.831116  
1.87813  2.54216e-128  0.711188  0.703209  
1.34015  3.96104e-45  1.42685  3.16545e-30  
4.67808e-05  1.00895  9.86664e-05  1.00001  
1.81982  1.17929e-12  1.00001  4.61448e-06  
2.11832  6.95808e-123  1.57629  8.47842e-77  
1.56498  8.52864e-12  1.48576  1.87967e-110  
1.0057  6.23326e-206  1.30173  2.23973e-173  
1.94808  5.34427e-32  0.93282  0.360427  
1.80414  2.52578e-13  2.0446  9.26579e-98  
1.75702  1.62215e-68  2.40139  7.43315e-84  
1.71964  1.07905e-218  1.24043  6.0717e-12  
1.25058  7.39418e-75  1.60864  2.14303e-84  
7.86233e-05  1.00151  9.57656e-05  1.00116  
2.01777  2.65495e-29  1.83201  2.76256e-27  
1.57456  1.10676e-100  2.04705  1.98192e-90  
0.0800595  1.60208  1.55428  3.09948e-66  
1.02319  3.39984e-216  1.03295  2.47343e-37  
2.307  9.22927e-142  1.95624  6.60765e-76  
1.87874  2.63022e-13  1.00093  6.9172e-49  
1.61165  3.38312e-11  2.11568  1.95328e-68  
0.848456  1.23525  1.80205  7.72797e-130  
1.98792  0.00170944  1.04588  9.0407e-190  
7.7259e-05  1.05174  2.46053e-05  1.01412  
2.13425  1.12458e-46  2.26866  2.98506e-29  
1.58008  3.01329e-67  1.73523  5.76711e-122  
1.63491  7.38891e-53  1.60142  8.72726e-12  
1.23926  3.10761e-90  1.59538  5.30111e-216  
1.97609  1.91485e-70  1.15392  6.99513e-92  
1.70463  6.71138e-107  1.82276  2.44055e-15  
2.11568  1.95328e-68  1.75702  1.62215e-68  
1.80205  7.72797e-130  1.71964  1.07905e-218  
1.04588  9.0407e-190  1.58194  9.35337e-75  
2.46053e-05  1.01412  1.04087  1.30204e-19  
2.0646  2.71657e-29  2.01777  2.65495e-29  
1.73523  5.76711e-122  1.57456  1.10676e-100  
1.60142  8.72726e-12  0.0800595  1.60208  
1.59538  5.30111e-216  1.02319  3.39984e-216  
1.15392  6.99513e-92  2.307  9.22927e-142  
1.82276  2.44055e-15  1.87874  2.63022e-13  
0.264894  0.964344  
0.58905  0.808278  
9.86664e-05  1.00001  
0.527372  0.850172  
0.822813  0.569516  
0.975536  0.220067  
0.771961  0.63617  
0.873374  0.48736  
0.187986  0.982276  
0.685714  0.727938  
0.96679  0.255705  
0.931548  0.364133  
0.652126  0.758536  
0.147001  0.989208  
0.912261  0.40979  
0.924244  0.382508  
0.50203  0.86491  
0.425352  0.905217  
0.130639  0.991445  
0.659654  0.752115  
0.866291  0.499828  
0.946837  0.321999  
0.961681  0.27423  
0.277999  0.960681  
0.113278  0.993607  
0.755443  0.655352  
0.785674  0.618661  
0.881067  0.476652  
0.709633  0.704637  
0.764681  0.644792  
0.986106  0.166206  
0.952399  0.305061  
0.481582  0.876419  
0.400061  0.916561  
0.696394  0.717852  
0.630728  0.776112  
0.841495  0.540469  
0.859575  0.51118  
0.329536  0.944362  
0.886734  0.462671  
0.979801  0.200092  
0.743745  0.670713  
0.34066  0.940318  
0.792413  0.610011  
0.849144  0.528193  
0.717542  0.696619  
0.998753  0.0501706  
0.900216  0.436346  
0.67053  0.742921  
0.778603  0.627878  
0.799164  0.60114  
0.942799  0.333498  
0.41708  0.909826  
0.62038  0.784397  
0.736309  0.676714  
0.676334  0.736696  
0.435497  0.900351  
0.81477  0.579797  
0.997033  0.0771763  
0.535939  0.845236  
0.992388  0.124988  
0.983014  0.18375  
1  2.85894e-56  
0.970841  0.239785  
0.578615  0.81589  
0.6441  0.765517  
0.453314  0.891438  
0.74951  0.662207  
0.394062  0.919649  
0.0872453  0.996203  
0.542924  0.839898  
0.489923  0.871784  
0.808704  0.588804  
0.566108  0.824411  
0.352698  0.935753  
0.367904  0.930026  
0.518442  0.855208  
0.299156  0.954305  
0.243338  0.970007  
0.836977  0.55002  
0.936985  0.350509  
0.0633072  0.99801  
0.955788  0.294209  
0.556141  0.831116  
0.988694  0.150032  
0.175281  0.984758  
0.893747  0.448684  
0.597465  0.802504  
0.380345  0.925451  
0.469508  0.883416  
0.828155  0.560803  
0.608599  0.79376  
0.9952  0.0980152  
0.316981  0.948672  
0.725887  0.688025  
0.201385  0.979579  
0.225052  0.974362  
0.906995  0.422618  
0.854571  0.519765  
0.918967  0.394373  
1.09744  2.50352e-61  1.09744  2.50352e-61  
1.84298  6.64718e-16  1.84298  6.64718e-16  
6.33731e-05  1.0004  6.33731e-05  1.0004  
1.00192  7.98174e-135  1.00192  7.98174e-135  
1.65986  8.49554e-08  1.65986  8.49554e-08  
1.55421  2.52545e-38  1.55421  2.52545e-38  
2.12118  1.8946e-30  2.12118  1.8946e-30  
0.7797  0.647637  0.7797  0.647637  
0.929319  0.384008  0.929518  0.38409  
0.66958  1.53131  0.88109  0.763048  
1.00331  5.18026e-51  1.00331  5.18026e-51  
2.27274  1.11305e-28  2.27274  1.11305e-28  
4.51183e-05  1.00013  4.51183e-05  1.00013  
0.776097  0.644644  0.776557  0.645027  
1.98242  5.52319e-19  1.80928  2.42037e-102  
1.12124  6.26076e-46  1.12124  6.26076e-46  
1.7217  1.61869e-130  1.7217  1.61869e-130  
0.00262738  1.2714  0.00262738  1.2714  
0.891765  0.455695  0.891765  0.455695  
1.749  1.2694e-74  1.749  1.2694e-74  
0.8813  0.475245  0.8813  0.475245  
1.01386  6.22807e-138  1.01386  6.22807e-138  
1.6886  0.000619537  1.6886  0.000619537  
0.723949  0.70422  0.723949  0.70422  
1.95972  3.54718e-06  1.95972  3.54718e-06  
1.00194  1.53023e-32  1.00194  1.53023e-32  
1.51419  1.09937  1.51419  1.09937  
7.28671e-05  1.00002  7.29816e-05  1.00159  
1.15617  2.42659e-09  1.15617  2.42659e-09  
1.51098  0.00280745  1.51098  0.00280745  
0.825998  0.564279  0.825998  0.564279  
0.458223  0.889722  0.458223  0.889722  
1.29564  1.16276e-26  1.29564  1.16276e-26  
0.652687  0.758851  0.654349  0.760783  
0.941936  0.341475  0.941936  0.341475  
1.62635  7.26004e-28  1.62635  7.26004e-28  
1.00903  6.1752e-53  1.00903  6.1752e-53  
5.78048e-05  1.00003  5.78048e-05  1.00003  
1.41106  3.1856e-142  1.41106  3.1856e-142  
1.7447  5.62433e-07  1.7447  5.62433e-07  
1.00196  1.66514e-09  1.00196  1.66514e-09  
0.783011  0.622976  0.783011  0.622976  
2.18947  2.06684e-26  2.28387  2.15596e-26  
0.594359  0.806469  0.915216  0.40581  
1.89768  9.27373e-05  2.05277  0.000833907  
1.00096  7.68672e-137  1.00096  7.68672e-137  
1.53738  3.8341e-42  1.53738  3.8341e-42  
7.28756e-05  1.00014  7.28756e-05  1.00014  
1.17899  1.90015e-12  1.17899  1.90015e-12  
1.66829  1.72691e-23  1.66829  1.72691e-23  
1.00322  3.90347e-05  1.00322  3.90347e-05  
2.37012  1.16074e-28  2.37012  1.16074e-28  
0.806697  0.610903  0.806697  0.610903  
1.32749  0.733864  1.32749  0.733864  
1.68343  6.16822e-17  1.68343  6.16822e-17  
1.13953  6.36289e-46  1.13953  6.36289e-46  
1.7217  1.61869e-130  1.7217  1.61869e-130  
0.0267885  1.24332  0.0267885  1.24332  
0.891765  0.455695  0.893501  0.456582  
1.82663  1.32574e-74  1.78401  5.62285e-11  
0.489836  0.871869  0.489836  0.871869  
0.617345  0.7867  0.619251  0.789129  
1.00001  1.16558e-92  1.22334  4.98201e-09  
9.94844e-05  1  9.94844e-05  1  
0.961173  0.275967  0.961173  0.275967  
1.95407  3.55368e-224  1.95407  3.55368e-224  
0.814776  0.579801  0.814776  0.579801  
0.32607  0.94536  0.32607  0.94536  
0.897455  0.441176  0.897455  0.441176  
0.72698  0.686675  0.72698  0.686675  
1.00298  4.87918e-94  1.00298  4.87918e-94  
1.99626  7.60787e-44  1.58157  6.02747e-44  
4.51183e-05  1.00013  4.5768e-05  1.00012  
0.770543  0.640031  0.770543  0.640031  
2.3938  3.20233e-102  2.3938  3.20233e-102  
1.07498  6.00244e-46  1.07498  6.00244e-46  
1.36639  0.00232045  1.36639  0.00232045  
0.448943  0.89567  0.448943  0.89567  
0.891765  0.455695  0.891765  0.455695  
1.7568  1.27506e-74  1.7568  1.27506e-74  
1.00125  7.28886e-06  1.00125  7.28886e-06  
2.15112  4.19629e-56  2.15112  4.19629e-56  
0.000107399  1.00028  0.000107399  1.00028  
0.772021  0.641259  0.772021  0.641259  
1.76511  3.32388e-15  1.76511  3.32388e-15  
1.17376  3.39048e-12  1.17376  3.39048e-12  
1.49309  2.16208e-106  1.49309  2.16208e-106  
0.533886  0.854366  0.533886  0.854366  
0.937498  0.3519  0.937498  0.3519  
2.07123  4.18255e-46  1.7576  3.54922e-46  
1.0012  3.46205e-05  1.00232  3.46593e-05  
1.67656  3.27054e-56  1.67656  3.27054e-56  
8.8448e-05  1.00098  8.8448e-05  1.00098  
0.845262  0.537251  0.845262  0.537251  
2.1263  1.49173e-13  2.1263  1.49173e-13  
1.60406  6.48177e-30  1.60406  6.48177e-30  
1.68416  1.73686e-30  1.68416  1.73686e-30  
0.577346  0.819075  0.577346  0.819075  
1.33057  1.00242e-70  1.33057  1.00242e-70  
1.15639  1.71585  1.15639  1.71585  
0.55606  0.831252  
0.761394  0.64844  
0.427027  0.904584  
0.457335  0.889302  
0.713048  0.701842  
0.975536  0.220067  
0.769152  0.63914  
0.869093  0.495019  
0.191953  0.98147  
0.687039  0.7268  
0.966495  0.256693  
0.932208  0.362358  
0.652525  0.758662  
0.152573  0.988295  
0.912182  0.410124  
0.927143  0.37523  
0.580219  0.814557  
9.94844e-05  1  
0.134618  0.990919  
0.669415  0.743067  
0.862307  0.506387  
0.947749  0.319247  
0.961681  0.27423  
0.280395  0.95999  
0.591418  0.806439  
0.753747  0.65744  
0.785126  0.61959  
0.85655  0.51628  
0.611201  0.791701  
0.477346  0.878777  
0.986215  0.165602  
0.621028  0.783838  
0.807689  0.589689  
0.704088  0.710469  
0.467729  0.884161  
0.381346  0.924483  
0.844041  0.536407  
0.263128  0.964785  
0.325556  0.9456  
0.83782  0.545957  
0.979108  0.203539  
0.730025  0.683421  
0.340488  0.940253  
0.791488  0.611187  
0.747351  0.664503  
0.923154  0.384459  
0.694952  0.719096  
0.368322  0.929837  
0.390434  0.92073  
0.776505  0.630207  
0.798938  0.601573  
0.94252  0.334666  
0.509688  0.860368  
0.822455  0.569325  
0.721207  0.692837  
0.678073  0.735005  
0.435629  0.900134  
0.889144  0.45787  
0.63913  0.769201  
0.830064  0.557679  
0.992172  0.124951  
0.9831  0.184374  
1  1.14984e-53  
0.970841  0.239785  
0.567798  0.8232  
0.997879  0.0656928  
0.519268  0.854701  
0.850805  0.525542  
0.737766  0.675218  
0.0887535  0.996062  
0.629559  0.77717  
0.407293  0.913323  
0.11036  0.993903  
0.937903  0.346915  
0.353192  0.935596  
0.900465  0.436064  
0.952722  0.303923  
0.294857  0.955556  
0.245473  0.969415  
0.957277  0.289202  
0.544896  0.838583  
0.0609997  0.998149  
0.883869  0.46784  
0.496736  0.867924  
0.989073  0.147503  
0.173869  0.98477  
0.813649  0.581464  
0.602231  0.798342  
0.487091  0.873421  
0.8939  0.448325  
0.448358  0.894027  
0.87854  0.47768  
0.994966  0.100547  
0.310032  0.950796  
0.531492  0.847102  
0.211199  0.977527  
0.225052  0.974362  
0.906063  0.423202  
0.660612  0.750735  
0.917674  0.397364  
0.382367  0.92401  0.382367  0.92401  
0.930776  0.36559  0.93079  0.365596  
1.33035  4.014e-57  1.28893  1.48502e-06  
0.000100141  1.00145  0.000100141  1.00145  
1.63803  5.04338e-59  1.63803  5.04338e-59  
2.05242  9.27123e-155  2.05242  9.27123e-155  
0.723979  0.690006  0.723979  0.690006  
1  9.30612e-05  1  9.30612e-05  
0.71703  0.697042  0.71703  0.697042  
0.572528  0.819885  0.572528  0.819885  
0.421968  0.906624  0.421968  0.906624  
0.968479  0.255011  0.968479  0.255011  
1.32002  2.45746e-64  1.22801  1.84568e-65  
9.99962e-05  1  0.000100141  1.00145  
2.14484  2.26477e-108  2.14484  2.26477e-108  
1.85823  5.39332e-08  1.85823  5.39332e-08  
0.835704  0.54918  0.835704  0.54918  
1  9.30612e-05  1  9.30612e-05  
0.717031  0.697042  0.717031  0.697042  
0.626437  0.779494  0.626437  0.779494  
0.382367  0.92401  0.382367  0.92401  
0.930776  0.36559  0.930776  0.36559  
1.23549  1.11697e-48  1.2626  3.8096e-57  
9.99962e-05  1  9.99962e-05  1  
2.16374  2.28474e-108  1.81206  5.58998e-13  
1.56179  1.42698e-64  1.85893  6.67732e-19  
0.835704  0.54918  0.835704  0.54918  
1  9.30612e-05  1  9.30612e-05  
0.71703  0.697042  0.71703  0.697042  
0.572528  0.819885  0.572528  0.819885  
0.382367  0.92401  0.382367  0.92401  
0.930776  0.36559  0.931699  0.365953  
1.28344  5.66398e-49  1.23549  1.11697e-48  
9.99962e-05  1  9.99962e-05  1  
1.81206  5.58998e-13  2.16374  2.28474e-108  
1.85893  6.67732e-19  1.56179  1.42698e-64  
0.835704  0.54918  0.835704  0.54918  
1  9.30612e-05  1  9.30612e-05  
0.71703  0.697042  0.71703  0.697042  
0.572528  0.819885  0.572528  0.819885  
0.489813  0.871828  0.489813  0.871828  
0.618183  0.786034  0.618183  0.786034  
1  6.86744e-40  1  6.86744e-40  
9.99962e-05  1  9.99962e-05  1  
1.57863  7.131e-155  1.57863  7.131e-155  
1.63153  7.63038e-43  1.68227  8.1896e-47  
0.842184  0.539268  0.842184  0.539268  
0.326066  0.945347  0.326066  0.945347  
0.945426  0.326884  0.945426  0.326884  
0.723887  0.689919  0.723887  0.689919  
0.489813  0.871828  0.489813  0.871828  
0.618183  0.786034  0.618183  0.786034  
1  2.36265e-05  1  2.36265e-05  
9.99962e-05  1  9.99962e-05  1  
0.954665  0.297691  1.0212  0.31844  
2.01188  6.72723e-20  1.74842  5.8463e-20  
0.816791  0.576933  0.816791  0.576933  
0.326066  0.945347  0.326066  0.945347  
0.892433  0.451179  0.892433  0.451179  
0.723887  0.689919  0.723887  0.689919  
0.382555  0.924463  0.382555  0.924463  
0.899871  0.436268  0.899837  0.436252  
0.956783  0.292885  1.00053  8.58344e-06  
9.99962e-05  1  0.000100078  1.00082  
1.8818  3.73339e-61  1.86054  1.17843e-44  
1.93747  6.88659e-63  1.93747  6.88659e-63  
0.813331  0.583078  0.813331  0.583078  
1  9.30612e-05  1  9.30612e-05  
0.71703  0.697042  0.71703  0.697042  
0.572528  0.819885  0.572528  0.819885  
0.489813  0.871828  0.489813  0.871828  
0.618183  0.786034  0.618183  0.786034  
1  6.86744e-40  1  6.86744e-40  
9.99962e-05  1  9.99962e-05  1  
1.57454  7.11251e-155  1.57454  7.11251e-155  
1.53446  1.98441e-42  1.53446  1.98441e-42  
0.816814  0.576949  0.817486  0.577424  
0.326066  0.945347  0.292594  0.956237  
0.945426  0.326884  0.945426  0.326884  
0.723887  0.689919  0.723887  0.689919  
0.382367  0.92401  0.382473  0.924266  
0.930776  0.36559  0.930776  0.36559  
1.38204  1.09653e-36  1.38204  1.09653e-36  
9.99962e-05  1  9.99962e-05  1  
1.79062  1.89075e-108  1.79062  1.89075e-108  
2.06667  3.17539e-140  2.06667  3.17539e-140  
0.835704  0.54918  0.835704  0.54918  
1  9.30612e-05  1  9.30612e-05  
0.71703  0.697042  0.71703  0.697042  
0.572528  0.819885  0.572528  0.819885  
0.382367  0.92401  0.382367  0.92401  
0.930776  0.36559  0.930776  0.36559  
1.29739  3.91456e-57  1.29739  3.91456e-57  
9.99962e-05  1  9.99962e-05  1  
2.09192  2.2089e-108  2.09192  2.2089e-108  
2.05794  3.16198e-140  2.12296  5.98059e-105  
0.835704  0.54918  0.835704  0.54918  
1  9.30612e-05  1  9.30612e-05  
0.71703  0.697042  0.71703  0.697042  
0.572528  0.819885  0.572528  0.819885  
1  9.91796e-05  
0.989404  0.145192  
0.994786  0.102042  
0.883904  0.467678  
0.268551  0.963266  
0.441865  0.897082  
0.944507  0.328497  
0.618077  0.786118  
0.957533  0.289112  
0.22278  0.974878  
0.93561  0.353035  
0.818745  0.574157  
0.120677  0.992692  
0.774834  0.632165  
0.596522  0.802596  
0.709631  0.704573  
0.480465  0.877014  
0.283288  0.959035  
0.940214  0.34065  
0.689839  0.723963  
0.586626  0.809858  
0.529103  0.848558  
0.506324  0.862344  
0.561138  0.827722  
0.0746519  0.99721  
0.39692  0.917853  
0.29852  0.954403  
0.793584  0.608461  
0.418867  0.908048  
0.184314  0.982929  
0.842184  0.539268  
0.963418  0.268048  
0.977608  0.210697  
0.800991  0.598677  
0.236817  0.971554  
0.451521  0.892261  
0.382367  0.92401  
0.409773  0.912191  
0.889439  0.457054  
0.541901  0.840442  
0.974868  0.222791  
0.788027  0.615641  
0.626426  0.779481  
0.896665  0.44271  
0.875553  0.483123  
0.81062  0.585572  
0.71703  0.697042  
0.340736  0.940159  
0.636487  0.771301  
0.326066  0.945347  
0.553057  0.833143  
0.748062  0.663629  
0.869565  0.493818  
0.90362  0.428335  
0.99721  0.0746447  
0.740673  0.671866  
0.967177  0.254103  
0.915825  0.401577  
0.654897  0.755731  
0.910738  0.412984  
0.930776  0.36559  
0.949699  0.313167  
0.572528  0.819885  
0.608055  0.793895  
0.165863  0.986149  
0.85601  0.516959  
0.096028  0.995408  
0.663473  0.748201  
0.206358  0.978488  
0.723887  0.689918  
0.766767  0.64196  
0.645515  0.763748  
0.926217  0.376992  
0.759148  0.650992  
0.78165  0.623718  
0.519159  0.854713  
0.461152  0.887321  
0.921631  0.388076  
0.672419  0.740171  
0.826775  0.562533  
0.835704  0.54918  
0.986149  0.16586  
0.732518  0.680748  
0.981871  0.189548  
0.862604  0.505885  
0.313119  0.949714  
0.142676  0.989769  
0.848639  0.528973  
0.368672  0.92956  
0.355996  0.934487  
9.99962e-05  1  
0.253989  0.967207  
0.430479  0.902601  
0.470921  0.882175  
0.493651  0.86979  
0.953756  0.300582  
0.992748  0.120217  
0.701725  0.712448  
0.970878  0.239578  
0.680848  0.732425  
