7.15595  4.46911  6.01426  7.27264  
8.09768  9.38073  6.96068  9.08572  
7.3997  5.67943  5.87745  8.61352  
6.97293  3.57553  7.34717  9.13834  
8.43486  8.92707  5.90904  4.84224  
6.73995  7.15086  9.00197  7.80043  
5.98016  5.9713  6.01482  7.47073  
11.4574  3.67286  3.36688  10.2848  
7.61371  7.47633  7.35221  5.48715  
8.65175  7.30152  6.31705  10.1437  
8.54784  8.42043  6.83769  8.60758  
7.45069  9.68585  8.22744  5.58274  
7.40175  6.8394  9.94032  5.40875  
4.3907  5.33333  7.68707  10.4183  
4.5272  7.004  4.83683  5.6167  
7.86021  5.04601  7.52846  8.374  
8.99733  7.91716  6.67353  7.29431  
6.97353  6.85631  8.81012  7.70553  
8.53607  8.17613  6.61769  8.02881  
5.54586  10.6012  7.16029  5.879  
8.33594  5.80747  7.08088  6.14921  
6.31259  6.47583  8.50374  8.71314  
6.43868  8.38853  8.25362  3.39298  
7.37896  7.94081  8.67363  7.99617  
7.11441  7.48369  10.008  6.36192  
7.39093  11.3145  8.55681  3.5033  
11.1512  8.0233  8.57437  10.224  
4.55325  6.42871  10.1063  9.19935  
5.12521  7.35503  7.05359  7.39151  
10.2637  12.8499  5.69598  7.04223  
6.15155  5.61178  7.3194  5.15072  
7.56182  9.3637  5.69251  7.53603  
11.559  9.99451  11.83  11.1182  
8.72606  7.03114  8.24409  9.19901  
7.16355  4.86489  11.0349  6.403  
5.8807  7.13363  9.29532  8.10266  
8.74957  6.70322  12.4734  6.61489  
8.78279  6.12965  8.60048  5.31498  
9.68612  8.59607  8.29547  7.81916  
6.47682  8.12408  7.18264  5.67846  
8.46959  4.15996  5.24722  7.11211  
5.77779  6.56707  7.90053  6.25001  
8.35768  8.64317  4.6866  7.60534  
6.88776  7.52606  9.23234  7.00601  
4.04494  7.53497  8.40748  6.77531  
10.6654  8.20116  7.80774  13.373  
10.695  7.52441  9.59054  5.83486  
9.68766  9.34519  7.02107  6.43363  
6.91308  6.02474  7.0462  8.18166  
9.58328  6.63498  5.58147  6.52631  
11.0815  4.53071  7.33248  7.60472  
9.89712  4.93792  7.12546  9.03324  
7.99458  9.969  7.19056  7.49615  
10.0592  6.83362  8.73409  6.14616  
10.9922  6.82682  8.87513  6.99886  
7.51191  4.31711  10.0298  9.36209  
5.8408  4.26741  9.23238  6.67895  
8.35525  7.5325  9.19541  10.5058  
6.72227  7.8082  8.07819  6.91788  
8.53754  9.28657  10.7824  8.13134  
6.47863  8.45248  7.27866  6.24085  
5.7893  10.6012  6.76467  9.99135  
7.77332  4.198  9.06717  6.08214  
9.02371  8.02473  6.18491  7.83694  
8.78029  8.18894  5.44564  7.87854  
3.48236  8.42805  6.27101  5.96319  
5.28761  5.17365  8.11893  6.18669  
5.67248  8.95793  7.38769  9.31754  
9.1092  11.9612  9.11418  8.9831  
7.75448  7.7936  9.46433  5.39496  
7.2648  7.08079  7.62513  8.0995  
8.96709  7.74515  8.44911  7.0277  
5.11535  5.33073  9.41605  9.73567  
7.79362  10.2385  10.8362  8.30405  
4.11817  5.67508  6.16708  4.47601  
12.2769  8.64183  9.94209  5.40483  
8.40468  5.94036  9.40657  6.14478  
10.2156  5.74266  9.68738  6.50946  
8.47047  5.93578  5.49346  7.9771  
6.99206  8.6399  6.58676  6.0215  
8.34771  11.7191  9.99329  9.51001  
8.85802  9.67384  10.8842  8.34631  
9.07989  8.5156  8.388  6.66913  
5.98559  8.88488  7.08976  4.92059  
6.55325  12.1511  8.97449  7.40709  
9.32394  7.71251  6.5084  10.338  
7.10087  9.77425  9.34285  4.81964  
8.25237  7.55581  8.65126  6.71685  
3.16453  6.42113  4.37579  7.21431  
5.04203  7.81565  9.67031  7.72965  
3.46053  5.61947  5.67612  10.0255  
8.27758  5.00112  7.37628  8.45218  
10.4179  9.23904  8.06737  9.25663  
8.98126  6.56752  10.3593  7.32002  
9.25829  7.53446  10.9067  9.805  
8.0745  6.55359  8.88949  6.52999  
7.54644  6.5802  8.50682  5.03975  
7.36404  10.1272  9.20522  9.80162  
8.50675  6.14095  5.78175  7.71839  
8.11483  10.4012  4.51214  7.84624  
8.25362  3.39298  
6.01426  7.27264  
7.3997  5.67943  
6.97293  3.57553  
8.43486  8.92707  
6.73995  7.15086  
5.98016  5.9713  
11.4574  3.67286  
7.61371  7.47633  
8.65175  7.30152  
8.54784  8.42043  
7.45069  9.68585  
7.40175  6.8394  
4.3907  5.33333  
4.5272  7.004  
7.86021  5.04601  
8.99733  7.91716  
6.97353  6.85631  
8.53607  8.17613  
5.54586  10.6012  
8.33594  5.80747  
6.31259  6.47583  
6.43868  8.38853  
7.37896  7.94081  
7.11441  7.48369  
7.39093  11.3145  
11.1512  8.0233  
4.55325  6.42871  
5.12521  7.35503  
10.2637  12.8499  
6.15155  5.61178  
7.56182  9.3637  
11.559  9.99451  
8.72606  7.03114  
7.16355  4.86489  
5.8807  7.13363  
8.74957  6.70322  
8.78279  6.12965  
9.68612  8.59607  
6.47682  8.12408  
8.46959  4.15996  
5.77779  6.56707  
8.35768  8.64317  
6.88776  7.52606  
4.04494  7.53497  
10.6654  8.20116  
10.695  7.52441  
9.68766  9.34519  
6.91308  6.02474  
9.58328  6.63498  
11.0815  4.53071  
9.89712  4.93792  
7.99458  9.969  
10.0592  6.83362  
10.9922  6.82682  
7.51191  4.31711  
5.8408  4.26741  
8.35525  7.5325  
6.72227  7.8082  
8.53754  9.28657  
6.47863  8.45248  
5.7893  10.6012  
7.77332  4.198  
9.02371  8.02473  
8.78029  8.18894  
3.48236  8.42805  
5.28761  5.17365  
5.67248  8.95793  
9.1092  11.9612  
7.75448  7.7936  
7.2648  7.08079  
8.96709  7.74515  
5.11535  5.33073  
7.79362  10.2385  
4.11817  5.67508  
12.2769  8.64183  
8.40468  5.94036  
10.2156  5.74266  
8.47047  5.93578  
6.99206  8.6399  
8.34771  11.7191  
8.85802  9.67384  
9.07989  8.5156  
5.98559  8.88488  
6.55325  12.1511  
9.32394  7.71251  
7.10087  9.77425  
8.25237  7.55581  
3.16453  6.42113  
5.04203  7.81565  
3.46053  5.61947  
8.27758  5.00112  
10.4179  9.23904  
8.98126  6.56752  
9.25829  7.53446  
8.0745  6.55359  
7.54644  6.5802  
7.36404  10.1272  
8.50675  6.14095  
8.11483  10.4012  
1.22363  1.9069  1.56792  1.9069  
8.50657  10.7667  8.50657  10.7667  
1.03252  0.00644612  1.03252  0.00644612  
4.62367  5.88674  4.62367  5.88674  
5.49742  6.24198  5.49742  6.24198  
2.19941  0.372138  2.19941  0.372138  
0.279209  2.91731  0.279209  2.91731  
5.94587  6.70615  5.94587  6.70615  
2.74894  1.53046  2.74894  1.53046  
4.52099  1.08539  4.52099  1.09496  
1.22363  1.9069  1.22363  1.9069  
8.50657  10.7667  8.50657  10.7667  
1.03252  0.00644612  1.03252  0.00644612  
4.62367  5.88674  4.62367  5.88674  
5.49177  6.24418  5.49742  6.24198  
2.19941  0.372138  2.19941  0.372138  
0.279209  2.91731  0.279209  2.91731  
5.94587  6.70615  5.94587  6.73877  
2.74894  1.53046  2.74894  1.53046  
4.52099  1.08539  4.52099  1.08539  
1.22363  1.9069  1.22808  1.74181  
8.50657  10.7667  7.71453  10.1277  
1.03252  0.00644612  1.03247  0.00687692  
4.62367  5.88674  4.56911  5.56941  
5.49742  6.24198  5.43531  1.34275  
2.19787  0.397156  1.37196  1.57731  
0.278053  2.98523  0.311341  1.47646  
5.65934  6.73877  0.011671  1.04529  
2.74894  1.53046  2.36786  1.5312  
4.52099  0.92251  4.12984  0.627857  
1.22363  1.9069  1.22363  1.9069  
8.50657  10.7667  8.50657  10.7667  
1.03252  0.00644612  1.03252  0.00644612  
4.62367  5.88674  4.62367  6.12489  
5.49742  6.24198  5.49742  6.24198  
2.19941  0.372138  2.19941  0.372138  
0.278053  2.98523  0.279209  2.91731  
5.65934  6.73877  5.96794  7.03813  
3.21873  1.53604  2.74894  1.53046  
4.52099  0.92251  4.52099  1.08539  
1.22808  1.74181  1.22363  1.9069  
7.71453  10.1277  8.50657  10.7667  
1.03247  0.00687692  1.03252  0.00644612  
4.56911  5.56941  5.43666  5.88674  
5.43531  1.34275  5.49742  6.24198  
1.37196  1.57731  2.19941  0.372138  
0.311341  1.47646  0.278053  2.98523  
0.011671  1.04529  5.65934  6.73877  
2.36786  1.5312  2.74894  1.53046  
4.12984  0.497161  4.52099  0.92251  
1.22363  1.9069  1.00011  0.000227096  
8.50657  10.7667  0.000115783  1.03181  
1.03252  0.00644612  0.0114529  1.01064  
4.62367  5.88674  0.995598  0.0401636  
5.49742  6.24198  1.58144  0.714194  
2.19941  0.372138  0.318576  0.758807  
0.278053  2.98523  1.05896  0.0135418  
5.65934  6.73877  1.1014  0.00173287  
2.74894  1.53046  0.974252  0.177092  
4.52099  0.92251  0.0348014  1.01373  
1.00011  0.000227096  1.22363  1.9069  
0.000115783  1.03181  8.50657  10.7667  
0.0114529  1.01064  1.03252  0.00644612  
0.995598  0.0401636  4.62367  5.88674  
0.342049  0.674017  5.49742  6.2546  
0.318576  0.758807  2.19941  0.372138  
1.05896  0.0135418  0.279209  2.91731  
1.1014  0.00173287  5.94587  6.73877  
0.974252  0.177092  2.74894  1.53046  
0.0348014  1.01373  4.52099  1.08539  
1.22363  1.9069  1.22363  1.9069  
8.50657  10.7667  8.50657  10.7667  
1.03252  0.00644612  1.03252  0.00644612  
4.62367  5.88674  4.62367  5.88674  
5.49742  6.24198  5.49742  6.24198  
2.19941  0.372138  2.19941  0.372138  
0.278053  2.98523  0.278053  2.98523  
5.65934  6.73877  5.65961  7.13289  
2.57831  1.53604  2.74894  1.53046  
4.52099  0.92251  3.91713  0.92251  
1.22363  1.9069  1.22363  1.9069  
8.50657  10.7667  8.50657  10.7667  
1.03252  0.00644612  1.03252  0.00644612  
4.62367  5.88674  4.62367  5.88674  
5.49742  6.24198  5.49742  6.24198  
2.19941  0.372138  2.19941  0.372138  
0.278053  2.98523  0.279209  2.91731  
5.65934  6.73877  5.94587  6.70615  
2.74894  1.53046  2.74894  1.53046  
3.91713  0.92251  4.52099  1.09496  
1.22363  1.9069  1.22363  1.9069  
8.50657  10.7667  8.50657  10.7667  
1.03252  0.00644612  1.03252  0.00644612  
4.62367  5.88674  4.62367  6.12489  
5.49742  6.24198  5.49742  6.24198  
2.19941  0.372138  2.19941  0.372138  
0.278053  2.98523  0.279209  2.91731  
5.65934  6.73877  5.94587  6.73877  
2.74894  1.53046  2.74894  1.53046  
4.52099  0.92251  4.52099  1.08539  
0.946835  0.161259  
0.942107  0.453503  
0.954442  0.0837274  
0.000142684  1.00019  
0.342049  0.674017  
0.965159  0.0650773  
0.942241  0.443404  
0.942476  0.351189  
0.318576  0.758807  
0.943752  0.247095  
0.942104  0.489825  
0.943223  0.327766  
0.995598  0.0401636  
0.996821  0.0372676  
0.995507  0.0504085  
0.999183  0.0328488  
9.84038e-05  1.01095  
0.341682  0.733652  
0.358015  0.674016  
1.0001  0.0243093  
1.00011  0.000227096  
0.700353  0.672227  
0.342029  0.67676  
8.50657  10.7253  
0.383126  0.672557  
0.996817  0.0439894  
0.616463  0.672386  
0.344671  0.677742  
0.319226  0.90047  
0.996814  0.0601069  
0.318509  0.942119  
12.5565  12.171  
0.322078  0.865136  
11.6637  5.4973  
1.04467  0.00668113  
1.00729  0.0268948  
0.48712  1.45842  
1.00201  0.0520547  
4.72008  8.31037  
7.45945  5.38798  
4.81835  3.14149  
5.77779  6.56707  
8.35768  8.64317  
6.88776  7.52606  
4.04494  7.53497  
10.6654  8.20116  
10.695  7.52441  
9.68766  9.34519  
6.91308  6.02474  
9.58328  6.63498  
11.0815  4.53071  
9.89712  4.93792  
7.99458  9.969  
10.0592  6.83362  
10.9922  6.82682  
7.51191  4.31711  
5.8408  4.26741  
8.35525  7.5325  
6.72227  7.8082  
8.53754  9.28657  
6.47863  8.45248  
5.7893  10.6012  
7.77332  4.198  
9.02371  8.02473  
8.78029  8.18894  
3.48236  8.42805  
5.28761  5.17365  
5.67248  8.95793  
9.1092  11.9612  
7.75448  7.7936  
7.2648  7.08079  
8.96709  7.74515  
5.11535  5.33073  
7.79362  10.2385  
4.11817  5.67508  
12.2769  8.64183  
8.40468  5.94036  
10.2156  5.74266  
8.47047  5.93578  
6.99206  8.6399  
8.34771  11.7191  
8.85802  9.67384  
9.07989  8.5156  
5.98559  8.88488  
6.55325  12.1511  
9.32394  7.71251  
7.10087  9.77425  
8.25237  7.55581  
3.16453  6.42113  
5.04203  7.81565  
3.46053  5.61947  
8.27758  5.00112  
10.4179  9.23904  
8.98126  6.56752  
9.25829  7.53446  
8.0745  6.55359  
7.54644  6.5802  
7.36404  10.1272  
8.50675  6.14095  
8.11483  10.4012  
1  4.0389e-05  1  4.0389e-05  
0.000112807  1  0.000112807  1  
1.0619  0.0988676  1.0619  0.0988676  
0.994893  0.0220301  0.994893  0.0220301  
0.336883  0.671286  0.336883  0.671286  
0.311497  0.755135  0.311497  1.60169  
0.000112616  1  0.000112616  1  
0.374965  0.731908  0.374965  0.731908  
0.96945  0.141908  0.96945  0.141908  
1.01985  6.26976e-05  1.01985  6.26976e-05  
1  4.0389e-05  1  4.0389e-05  
0.000112807  1  0.000112807  1  
1.0619  0.0988676  1.0619  0.0988676  
0.994893  0.0220301  1.11179  0.145718  
0.336883  0.671286  0.336883  0.671286  
0.311497  0.755135  0.311497  0.755135  
0.000112616  1  0.000112616  1  
0.374965  0.731908  0.374965  0.731908  
0.96945  0.141908  0.96945  0.141908  
1.01985  6.26976e-05  1.01985  6.26976e-05  
1  4.0389e-05  1  4.0389e-05  
0.000112807  1  0.000112807  1  
1.0619  0.0988676  1.0619  0.0988676  
0.994893  0.0220301  0.994893  0.0220301  
0.336883  0.671286  0.336883  0.671286  
0.311497  0.755135  0.311497  0.755135  
0.000112616  1  0.000112616  1  
0.374965  0.731908  0.374965  1.54875  
0.96945  0.141908  0.96945  0.141908  
1.01985  6.26976e-05  1.01985  6.26976e-05  
1  4.0389e-05  1  4.0389e-05  
0.000112807  1  0.000112807  1  
1.0619  0.0988676  1.0619  0.0988676  
0.994893  0.0220301  0.994893  0.0220301  
0.336883  0.671286  0.336883  0.671286  
0.311497  0.755135  0.311497  0.755135  
0.000112616  1  0.000112616  1  
0.374965  0.731908  0.374965  0.731908  
0.96945  0.141908  1.30822  1.00355  
1.01985  6.26976e-05  1.01985  6.26976e-05  
1  4.0389e-05  1  0.0504398  
0.000112807  1  0.000112807  1  
1.0619  0.0988676  1.0619  0.0988676  
0.994893  0.0220301  0.994893  0.0220301  
0.336883  0.671286  0.336883  0.671286  
0.311497  0.755135  0.311497  0.755135  
0.000112616  1  0.000112616  1  
0.374965  0.731908  0.374965  0.731908  
0.96945  0.141908  0.96945  0.141908  
1.01985  6.26976e-05  1.01985  6.26976e-05  
1  4.0389e-05  1  4.0389e-05  
0.000112807  1  0.000112807  1  
1.0619  0.0988676  1.0619  0.0988676  
0.994893  0.0220301  0.994893  0.0220301  
0.336883  0.671286  0.336883  0.671286  
0.311497  0.755135  0.311497  0.755135  
0.000112616  1  0.000112616  1  
0.374965  0.731908  0.374965  0.731908  
0.96945  0.141908  0.96945  0.141908  
1.01985  6.26976e-05  1.01985  6.26976e-05  
1  4.0389e-05  1  4.0389e-05  
0.000112807  1  0.000112807  1  
1.0619  0.0988676  1.0619  0.0988676  
0.994893  0.0220301  0.994893  0.0220301  
0.336883  0.671286  0.336883  0.671286  
0.311497  0.755135  0.311497  0.755135  
0.000112616  1  0.000112616  1  
0.374965  0.731908  1.08891  0.852553  
0.96945  0.141908  0.96945  0.141908  
1.01985  6.26976e-05  1.01985  6.26976e-05  
1  4.0389e-05  1  4.0389e-05  
0.000112807  1  0.000112807  1  
1.0619  0.0988676  1.0619  0.0988676  
0.994893  0.0220301  0.994893  0.0220301  
0.336883  0.671286  0.336883  0.671286  
0.311497  0.755135  0.311497  0.78658  
0.000112616  1  0.000112616  1  
0.374965  0.731908  0.374965  0.731908  
0.96945  0.141908  0.96945  0.141908  
1.01985  6.26976e-05  1.01985  6.26976e-05  
1  4.0389e-05  1  4.0389e-05  
0.000112807  1  0.000112807  1  
1.0619  0.0988676  1.0619  0.0988676  
0.994893  0.0220301  0.994893  0.0220301  
0.336883  0.671286  0.336883  0.671286  
0.311497  0.755135  0.311497  0.755135  
0.000112616  1  0.000112616  1  
0.374965  0.731908  0.374965  0.731908  
0.96945  0.141908  0.96945  0.925012  
1.01985  6.26976e-05  1.01985  6.26976e-05  
1  4.0389e-05  1  4.0389e-05  
0.000112807  1  0.000112807  1  
1.0619  0.0988676  1.0619  0.0988676  
0.994893  0.0220301  0.994893  0.0220301  
0.336883  0.671286  0.336883  0.671286  
0.311497  0.755135  0.311497  0.755135  
0.000112616  1  0.383283  1  
0.374965  0.731908  0.374965  0.731908  
0.96945  0.141908  0.96945  0.141908  
1.01985  6.26976e-05  1.01985  6.26976e-05  
0.946835  0.161259  
0.942107  0.453503  
0.954442  0.0837274  
0.311497  0.755135  
0.336744  0.671503  
0.965159  0.0650773  
0.942241  0.443404  
0.942476  0.351189  
0.994798  0.0416317  
0.943752  0.247095  
0.942104  0.489825  
0.943223  0.327766  
0.287422  0.770331  
0.331986  0.75333  
0.000112807  1  
0.337496  0.66542  
0.994873  0.0264481  
0.28962  0.768233  
0.312706  0.753421  
0.999236  0.00195776  
0.336884  0.671286  
0.390552  0.664501  
0.994893  0.0220301  
0.337645  0.665384  
0.019554  1  
0.994868  0.0274134  
0.99999  8.76715e-05  
0.336865  0.671542  
0.000112616  1  
0.969519  0.297921  
0.318509  0.942119  
12.5565  12.171  
0.322078  0.865136  
11.6637  5.4973  
1.04467  0.00668113  
1.00729  0.0268948  
0.48712  1.45842  
1.00201  0.0520547  
4.72008  8.31037  
7.45945  5.38798  
4.81835  3.14149  
5.77779  6.56707  
8.35768  8.64317  
6.88776  7.52606  
4.04494  7.53497  
10.6654  8.20116  
10.695  7.52441  
9.68766  9.34519  
6.91308  6.02474  
9.58328  6.63498  
11.0815  4.53071  
9.89712  4.93792  
7.99458  9.969  
10.0592  6.83362  
10.9922  6.82682  
7.51191  4.31711  
5.8408  4.26741  
8.35525  7.5325  
6.72227  7.8082  
8.53754  9.28657  
6.47863  8.45248  
5.7893  10.6012  
7.77332  4.198  
9.02371  8.02473  
8.78029  8.18894  
3.48236  8.42805  
5.28761  5.17365  
5.67248  8.95793  
9.1092  11.9612  
7.75448  7.7936  
7.2648  7.08079  
8.96709  7.74515  
5.11535  5.33073  
7.79362  10.2385  
4.11817  5.67508  
12.2769  8.64183  
8.40468  5.94036  
10.2156  5.74266  
8.47047  5.93578  
6.99206  8.6399  
8.34771  11.7191  
8.85802  9.67384  
9.07989  8.5156  
5.98559  8.88488  
6.55325  12.1511  
9.32394  7.71251  
7.10087  9.77425  
8.25237  7.55581  
3.16453  6.42113  
5.04203  7.81565  
3.46053  5.61947  
8.27758  5.00112  
10.4179  9.23904  
8.98126  6.56752  
9.25829  7.53446  
8.0745  6.55359  
7.54644  6.5802  
7.36404  10.1272  
8.50675  6.14095  
8.11483  10.4012  
1.00873  0.215275  1.00873  0.215275  
0.00010397  1  0.00010397  1  
1.03628  0.0475099  1.03628  0.0475099  
0.994736  0.0220165  0.994736  0.0220165  
0.336722  0.663285  0.336722  0.663285  
0.311497  0.755135  0.311497  0.755135  
0.000105708  1  0.000105708  1  
0.364499  0.719087  0.364499  0.719087  
0.969256  0.138603  0.969256  0.138603  
0.999993  2.83149e-05  0.999993  2.83149e-05  
1.00873  0.215275  1.00873  0.215275  
0.00010397  1  0.00010397  1  
1.03628  0.0475099  1.03628  0.0475099  
0.994736  0.0220165  0.994736  0.0220165  
0.336722  0.663285  0.336722  0.663285  
0.311497  0.755135  0.311497  0.755135  
0.000105708  1  0.000105708  1  
0.364499  0.719087  0.364499  0.719087  
0.969256  0.138603  0.969256  0.138603  
0.999993  2.83149e-05  1.00096  0.462204  
1.00873  0.215275  1.00873  0.215275  
0.00010397  1  0.00010397  1  
1.03628  0.0475099  1.03628  0.0482976  
0.994736  0.0220165  0.994736  0.0220165  
0.336722  0.663285  0.336722  0.663285  
0.311497  0.755135  0.311497  0.755135  
0.000105708  1  0.000105708  1  
0.364499  0.719087  0.364499  0.719087  
0.969256  0.138603  0.969256  0.138603  
0.999993  2.83149e-05  0.999993  2.83149e-05  
1.00873  0.215275  1.00873  0.215275  
0.00010397  1  0.00010397  1  
1.03628  0.0475099  1.03628  0.0475099  
0.994736  0.0220165  1.1114  0.564438  
0.336722  0.663285  0.336722  0.663285  
0.311497  0.755135  0.311497  0.755135  
0.000105708  1  0.000105708  1  
0.364499  0.719087  0.364499  0.719087  
0.969256  0.138603  0.969256  0.138603  
0.999993  2.83149e-05  0.999993  2.83149e-05  
1.00873  0.215275  1.00873  0.215275  
0.00010397  1  0.00010397  1  
1.03628  0.0475099  1.03628  0.0475099  
0.994736  0.0220165  1.55416  0.0276341  
0.336722  0.663285  0.336722  0.663285  
0.311497  0.755135  0.311497  0.755135  
0.000105708  1  0.000105708  1  
0.364499  0.719087  0.364499  0.719087  
0.969256  0.138603  0.969256  0.138603  
0.999993  2.83149e-05  0.999993  2.83149e-05  
1.00873  0.215275  1.00873  0.215275  
0.00010397  1  0.00010397  1  
1.03628  0.0475099  1.03628  0.0475099  
0.994736  0.0220165  0.994736  0.0220165  
0.336722  0.663285  0.336722  0.663285  
0.311497  0.755135  0.311497  0.755135  
0.000105708  1  0.000105708  1  
0.364499  0.719087  0.364499  0.719087  
0.969256  0.138603  1.49406  0.138603  
0.999993  2.83149e-05  0.999993  2.83149e-05  
1.00873  0.215275  1.00873  0.215275  
0.00010397  1  0.00010397  1  
1.03628  0.0475099  1.03628  0.0475099  
0.994736  0.0220165  0.994736  0.0220165  
0.336722  0.663285  0.336722  0.663285  
0.311497  0.755135  0.311497  0.755135  
0.000105708  1  0.000105708  1  
0.364499  0.719087  1.21212  0.719087  
0.969256  0.138603  0.969256  0.138603  
0.999993  2.83149e-05  0.999993  2.83149e-05  
1.00873  0.215275  1.92991  1.09601  
0.00010397  1  0.00010397  1  
1.03628  0.0475099  1.03628  0.0475099  
0.994736  0.0220165  0.994736  0.0220165  
0.336722  0.663285  0.336722  0.663285  
0.311497  0.755135  0.311497  0.755135  
0.000105708  1  0.000105708  1  
0.364499  0.719087  0.364499  0.719087  
0.969256  0.138603  0.969256  0.138603  
0.999993  2.83149e-05  0.999993  2.83149e-05  
1.00873  0.215275  1.00873  0.215275  
0.00010397  1  0.00010397  1  
1.03628  0.0475099  1.03628  0.0475099  
0.994736  0.0220165  0.994736  0.0220165  
0.336722  0.663285  0.336722  0.663285  
0.311497  0.755135  0.311497  0.755135  
0.000105708  1  0.000105708  1  
0.364499  0.719087  0.364499  0.719087  
0.969256  0.138603  0.969256  0.138603  
0.999993  2.83149e-05  0.999993  2.83149e-05  
1.00873  0.215275  1.00873  0.215275  
0.00010397  1  0.00010397  1  
1.03628  0.0475099  1.03628  0.0475099  
0.994736  0.0220165  0.994736  0.0220165  
0.336722  0.663285  0.336722  0.663285  
0.311497  0.755135  0.311497  0.755135  
0.000105708  1  0.000105708  1  
0.364499  0.719087  0.364499  1.40969  
0.969256  0.138603  0.969256  0.138603  
0.999993  2.83149e-05  0.999993  2.83149e-05  
0.946835  0.161259  
0.942107  0.453503  
0.954442  0.0837274  
0.311497  0.755229  
0.994716  0.0420985  
0.965159  0.0650773  
0.942241  0.443404  
0.942476  0.351189  
0.336721  0.664531  
0.943752  0.247095  
0.942104  0.489825  
0.943223  0.327766  
0.287422  0.770331  
0.331986  0.75333  
0.336723  0.663285  
0.994716  0.0307404  
0.994719  0.0225839  
0.28962  0.768233  
0.312706  0.753421  
0.999236  0.00195776  
0.994736  0.0220165  
0.000105708  1  
0.364499  1.31805  
0.311497  0.913861  
1.89504  0.225668  
0.994868  0.0274134  
0.99999  8.76715e-05  
0.336865  0.671542  
0.000112616  1  
0.969519  0.297921  
0.318509  0.942119  
12.5565  12.171  
0.322078  0.865136  
11.6637  5.4973  
1.04467  0.00668113  
1.00729  0.0268948  
0.48712  1.45842  
1.00201  0.0520547  
4.72008  8.31037  
7.45945  5.38798  
4.81835  3.14149  
5.77779  6.56707  
8.35768  8.64317  
6.88776  7.52606  
4.04494  7.53497  
10.6654  8.20116  
10.695  7.52441  
9.68766  9.34519  
6.91308  6.02474  
9.58328  6.63498  
11.0815  4.53071  
9.89712  4.93792  
7.99458  9.969  
10.0592  6.83362  
10.9922  6.82682  
7.51191  4.31711  
5.8408  4.26741  
8.35525  7.5325  
6.72227  7.8082  
8.53754  9.28657  
6.47863  8.45248  
5.7893  10.6012  
7.77332  4.198  
9.02371  8.02473  
8.78029  8.18894  
3.48236  8.42805  
5.28761  5.17365  
5.67248  8.95793  
9.1092  11.9612  
7.75448  7.7936  
7.2648  7.08079  
8.96709  7.74515  
5.11535  5.33073  
7.79362  10.2385  
4.11817  5.67508  
12.2769  8.64183  
8.40468  5.94036  
10.2156  5.74266  
8.47047  5.93578  
6.99206  8.6399  
8.34771  11.7191  
8.85802  9.67384  
9.07989  8.5156  
5.98559  8.88488  
6.55325  12.1511  
9.32394  7.71251  
7.10087  9.77425  
8.25237  7.55581  
3.16453  6.42113  
5.04203  7.81565  
3.46053  5.61947  
8.27758  5.00112  
10.4179  9.23904  
8.98126  6.56752  
9.25829  7.53446  
8.0745  6.55359  
7.54644  6.5802  
7.36404  10.1272  
8.50675  6.14095  
8.11483  10.4012  
1.00693  0.212567  1.00693  0.212567  
8.65982e-05  1  8.65982e-05  1.03682  
1.03446  0.0474318  1.03446  0.0474318  
0.994712  0.0201462  0.994712  0.0201462  
0.336717  0.663284  0.336717  0.663284  
0.311497  0.755135  0.311497  0.755135  
9.46654e-05  1  9.46654e-05  1  
0.364122  0.711081  0.364122  0.711081  
0.960327  0.141568  0.960327  0.141568  
0.999993  2.83149e-05  0.999993  2.83149e-05  
1.00693  0.212567  1.00693  0.212567  
8.65982e-05  1  8.65982e-05  1  
1.03446  0.0474318  1.03446  0.0474318  
0.994712  0.0201462  0.994712  0.0201462  
0.336717  0.663284  0.336718  0.663284  
0.311497  0.755135  0.311497  0.755135  
9.46654e-05  1  9.46654e-05  1  
0.364122  0.711081  0.364122  0.711081  
0.960327  0.141568  0.960327  0.141568  
0.999993  2.83149e-05  0.999993  2.83149e-05  
1.00693  0.212567  1.00693  0.212567  
8.65982e-05  1  8.65982e-05  1  
1.03446  0.0474318  1.03446  0.0474318  
0.994712  0.0201462  0.994712  0.137244  
0.336717  0.663284  0.336717  0.663284  
0.311497  0.755135  0.311497  0.755135  
9.46654e-05  1  9.46654e-05  1  
0.364122  0.711081  0.364122  0.711081  
0.960327  0.141568  0.960327  0.141568  
0.999993  2.83149e-05  0.999993  2.83149e-05  
1.00693  0.212567  1.00693  0.212567  
8.65982e-05  1  8.65982e-05  1  
1.03446  0.0474318  1.03446  0.0474318  
0.994712  0.0201462  0.994712  0.0201462  
0.336717  0.663284  0.336717  0.663284  
0.311497  0.755135  0.311497  0.755135  
9.46654e-05  1  9.46654e-05  1  
0.364122  0.711081  0.364122  0.711081  
0.960327  0.141568  1.88027  0.14381  
0.999993  2.83149e-05  0.999993  2.83149e-05  
1.00693  0.212567  1.00693  0.212567  
8.65982e-05  1  8.65982e-05  1  
1.03446  0.0474318  1.03446  0.0474318  
0.994712  0.0201462  0.994712  0.0201462  
0.336717  0.663284  0.336717  0.663284  
0.311497  0.755135  1.60227  1.71793  
9.46654e-05  1  9.46654e-05  1  
0.364122  0.711081  0.364122  0.711081  
0.960327  0.141568  0.960327  0.141568  
0.999993  2.83149e-05  0.999993  2.83149e-05  
1.00693  0.212567  1.29373  0.279155  
8.65982e-05  1  8.65982e-05  1  
1.03446  0.0474318  1.03446  0.0474318  
0.994712  0.0201462  0.994712  0.0201462  
0.336717  0.663284  0.336717  0.663284  
0.311497  0.755135  0.311497  0.755135  
9.46654e-05  1  9.46654e-05  1  
0.364122  0.711081  0.364122  0.711081  
0.960327  0.141568  0.960327  0.141568  
0.999993  2.83149e-05  0.999993  2.83149e-05  
1.00693  0.212567  1.42146  1.17135  
8.65982e-05  1  8.65982e-05  1  
1.03446  0.0474318  1.03446  0.0474318  
0.994712  0.0201462  0.994712  0.0201462  
0.336717  0.663284  0.336717  0.663284  
0.311497  0.755135  0.311497  0.755135  
9.46654e-05  1  9.46654e-05  1  
0.364122  0.711081  0.364122  0.711081  
0.960327  0.141568  0.960327  0.141568  
0.999993  2.83149e-05  0.999993  2.83149e-05  
1.00693  0.212567  1.00693  0.212567  
8.65982e-05  1  8.65982e-05  1  
1.03446  0.0474318  1.03446  0.0474318  
0.994712  0.0201462  0.994712  0.0201462  
0.336717  0.663284  0.336717  0.663284  
0.311497  0.755135  0.311497  0.755135  
9.46654e-05  1  9.46654e-05  1  
0.364122  0.711081  0.364122  0.711081  
0.960327  0.141568  0.960327  0.141568  
0.999993  2.83149e-05  0.999993  2.83149e-05  
1.00693  0.212567  1.00693  0.212567  
8.65982e-05  1  8.65982e-05  1  
1.03446  0.0474318  1.03446  0.0474318  
0.994712  0.0201462  0.994712  0.0201462  
0.336717  0.663284  0.336717  0.663284  
0.311497  0.755135  0.311497  0.755135  
9.46654e-05  1  9.46654e-05  1  
0.364122  0.711081  0.364122  0.711081  
0.960327  0.141568  0.960327  0.141568  
0.999993  2.83149e-05  1.01851  2.83149e-05  
1.00693  0.212567  1.00693  0.212567  
8.65982e-05  1  8.65982e-05  1  
1.03446  0.0474318  1.53114  0.159031  
0.994712  0.0201462  0.994712  0.0201462  
0.336717  0.663284  0.336717  0.663284  
0.311497  0.755135  0.311497  0.755135  
9.46654e-05  1  9.46654e-05  1  
0.364122  0.711081  0.364122  0.711081  
0.960327  0.141568  0.960327  0.141568  
0.999993  2.83149e-05  0.999993  2.83149e-05  
0.946835  0.161259  
0.942107  0.453503  
0.954442  0.0837274  
0.311497  0.755232  
0.994709  0.0211348  
0.965159  0.0650773  
0.942241  0.443404  
0.942476  0.351189  
0.336717  0.663284  
0.943752  0.247095  
0.942104  0.489825  
0.943223  0.327766  
0.287422  0.770331  
0.331986  0.75333  
0.336717  0.663284  
0.386408  0.663284  
0.994712  0.0202566  
0.28962  0.768233  
0.312706  0.753421  
0.999236  0.00195776  
8.65982e-05  1  
0.994709  0.0523995  
8.65982e-05  1.12954  
0.958472  0.713872  
0.0247416  1.133  
0.994868  0.0274134  
0.99999  8.76715e-05  
0.336865  0.671542  
0.000112616  1  
0.969519  0.297921  
0.318509  0.942119  
12.5565  12.171  
0.322078  0.865136  
11.6637  5.4973  
1.04467  0.00668113  
1.00729  0.0268948  
0.48712  1.45842  
1.00201  0.0520547  
4.72008  8.31037  
7.45945  5.38798  
4.81835  3.14149  
5.77779  6.56707  
8.35768  8.64317  
6.88776  7.52606  
4.04494  7.53497  
10.6654  8.20116  
10.695  7.52441  
9.68766  9.34519  
6.91308  6.02474  
9.58328  6.63498  
11.0815  4.53071  
9.89712  4.93792  
7.99458  9.969  
10.0592  6.83362  
10.9922  6.82682  
7.51191  4.31711  
5.8408  4.26741  
8.35525  7.5325  
6.72227  7.8082  
8.53754  9.28657  
6.47863  8.45248  
5.7893  10.6012  
7.77332  4.198  
9.02371  8.02473  
8.78029  8.18894  
3.48236  8.42805  
5.28761  5.17365  
5.67248  8.95793  
9.1092  11.9612  
7.75448  7.7936  
7.2648  7.08079  
8.96709  7.74515  
5.11535  5.33073  
7.79362  10.2385  
4.11817  5.67508  
12.2769  8.64183  
8.40468  5.94036  
10.2156  5.74266  
8.47047  5.93578  
6.99206  8.6399  
8.34771  11.7191  
8.85802  9.67384  
9.07989  8.5156  
5.98559  8.88488  
6.55325  12.1511  
9.32394  7.71251  
7.10087  9.77425  
8.25237  7.55581  
3.16453  6.42113  
5.04203  7.81565  
3.46053  5.61947  
8.27758  5.00112  
10.4179  9.23904  
8.98126  6.56752  
9.25829  7.53446  
8.0745  6.55359  
7.54644  6.5802  
7.36404  10.1272  
8.50675  6.14095  
8.11483  10.4012  
1.00693  0.211129  1.00693  0.211129  
0.000104061  1  0.000104061  1  
1.03457  0.0317159  1.03457  0.0317159  
0.994712  0.0201462  0.994712  0.0201462  
0.336717  0.663284  0.336717  0.663284  
0.311497  0.755135  1.55299  1.86635  
9.46654e-05  1  9.46654e-05  1  
0.359502  0.713332  0.359502  0.713332  
0.958133  0.140267  0.958133  0.140267  
0.999993  2.83149e-05  0.999993  2.83149e-05  
1.00693  0.211129  1.00693  0.211129  
0.000104061  1  0.000104061  1  
1.03457  0.0317159  1.03457  0.0317159  
0.994712  0.0201462  0.994712  0.0201462  
0.336717  0.663284  0.336717  0.663284  
0.311497  0.755135  0.311497  0.755135  
9.46654e-05  1  9.46654e-05  1  
0.359502  0.713332  0.359502  0.713332  
0.958133  0.140267  0.958133  1.18003  
0.999993  2.83149e-05  0.999993  2.83149e-05  
1.00693  0.211129  1.00693  0.211129  
0.000104061  1  0.000104061  1  
1.03457  0.0317159  1.03457  0.0317159  
0.994712  0.0201462  0.994712  0.0201462  
0.336717  0.663284  0.336717  0.663284  
0.311497  0.755135  0.311497  0.755135  
9.46654e-05  1  0.172248  1.00586  
0.359502  0.713332  0.359502  0.713332  
0.958133  0.140267  0.958133  0.140267  
0.999993  2.83149e-05  0.999993  2.83149e-05  
1.00693  0.211129  1.00693  0.211129  
0.000104061  1  0.0473307  1.0009  
1.03457  0.0317159  1.03457  0.0317159  
0.994712  0.0201462  0.994712  0.0201462  
0.336717  0.663284  0.336717  0.663284  
0.311497  0.755135  0.311497  0.755135  
9.46654e-05  1  9.46654e-05  1  
0.359502  0.713332  0.359502  0.713332  
0.958133  0.140267  0.958133  0.140267  
0.999993  2.83149e-05  0.999993  2.83149e-05  
1.00693  0.211129  1.00693  0.211129  
0.000104061  1  0.000104061  1  
1.03457  0.0317159  1.03457  0.0317159  
0.994712  0.0201462  0.994712  0.0201462  
0.336717  0.663284  0.336717  0.663284  
0.311497  0.755135  0.311497  0.755135  
9.46654e-05  1  9.46654e-05  1  
0.359502  0.713332  0.359502  0.713332  
0.958133  0.140267  0.958133  0.216359  
0.999993  2.83149e-05  0.999993  2.83149e-05  
1.00693  0.211129  1.00693  0.211129  
0.000104061  1  0.000104061  1  
1.03457  0.0317159  1.05942  0.404481  
0.994712  0.0201462  0.994712  0.0201462  
0.336717  0.663284  0.336717  0.663284  
0.311497  0.755135  0.311497  0.755135  
9.46654e-05  1  9.46654e-05  1  
0.359502  0.713332  0.359502  0.713332  
0.958133  0.140267  0.958133  0.140267  
0.999993  2.83149e-05  0.999993  2.83149e-05  
1.00693  0.211129  1.00693  0.211129  
0.000104061  1  0.000104061  1  
1.03457  0.0317159  1.03457  0.0317159  
0.994712  0.0201462  0.994712  0.0201462  
0.336717  0.663284  0.336717  0.663284  
0.311497  0.755135  0.311497  0.755135  
9.46654e-05  1  9.46654e-05  1  
0.359502  0.713332  0.359502  0.713332  
0.958133  0.140267  0.958133  0.140267  
0.999993  2.83149e-05  0.999993  2.83149e-05  
1.00693  0.211129  1.00693  0.211129  
0.000104061  1  0.000104061  1  
1.03457  0.0317159  1.03908  0.0789507  
0.994712  0.0201462  0.994712  0.0201462  
0.336717  0.663284  0.336717  0.663284  
0.311497  0.755135  0.311497  0.755135  
9.46654e-05  1  9.46654e-05  1  
0.359502  0.713332  0.359502  0.713332  
0.958133  0.140267  0.958133  0.140267  
0.999993  2.83149e-05  0.999993  2.83149e-05  
1.00693  0.211129  1.00693  0.211129  
0.000104061  1  0.000104061  1  
1.03457  0.0317159  1.03457  0.0317159  
0.994712  0.0201462  0.994712  0.0201462  
0.336717  0.663284  0.336717  0.663284  
0.311497  0.755135  0.311497  0.755135  
9.46654e-05  1  9.46654e-05  1  
0.359502  0.713332  0.359502  0.713332  
0.958133  0.140267  0.958133  0.140267  
0.999993  2.83149e-05  1.51114  0.0408436  
1.00693  0.211129  1.00693  0.211129  
0.000104061  1  0.00505083  1  
1.03457  0.0317159  1.03457  0.0317159  
0.994712  0.0201462  0.994712  0.0201462  
0.336717  0.663284  0.336717  0.663284  
0.311497  0.755135  0.311497  0.755135  
9.46654e-05  1  9.46654e-05  1  
0.359502  0.713332  0.359502  0.713332  
0.958133  0.140267  0.958133  0.140267  
0.999993  2.83149e-05  0.999993  2.83149e-05  
0.946835  0.161259  
0.942107  0.453503  
0.954442  0.0837274  
0.311497  0.75514  
0.994709  0.021176  
0.965159  0.0650773  
0.942241  0.443404  
0.942476  0.351189  
0.336717  0.663284  
0.943752  0.247095  
0.942104  0.489825  
0.943223  0.327766  
0.287422  0.770331  
0.331986  0.75333  
0.336779  0.663284  
0.994712  0.0201462  
9.46654e-05  1  
0.28962  0.768233  
0.312706  0.753421  
0.999236  0.00195776  
0.336716  0.702857  
1.03457  0.279058  
0.336717  0.663284  
0.976937  0.792582  
0.0247416  1.133  
0.994868  0.0274134  
0.99999  8.76715e-05  
0.336865  0.671542  
0.000112616  1  
0.969519  0.297921  
0.318509  0.942119  
12.5565  12.171  
0.322078  0.865136  
11.6637  5.4973  
1.04467  0.00668113  
1.00729  0.0268948  
0.48712  1.45842  
1.00201  0.0520547  
4.72008  8.31037  
7.45945  5.38798  
4.81835  3.14149  
5.77779  6.56707  
8.35768  8.64317  
6.88776  7.52606  
4.04494  7.53497  
10.6654  8.20116  
10.695  7.52441  
9.68766  9.34519  
6.91308  6.02474  
9.58328  6.63498  
11.0815  4.53071  
9.89712  4.93792  
7.99458  9.969  
10.0592  6.83362  
10.9922  6.82682  
7.51191  4.31711  
5.8408  4.26741  
8.35525  7.5325  
6.72227  7.8082  
8.53754  9.28657  
6.47863  8.45248  
5.7893  10.6012  
7.77332  4.198  
9.02371  8.02473  
8.78029  8.18894  
3.48236  8.42805  
5.28761  5.17365  
5.67248  8.95793  
9.1092  11.9612  
7.75448  7.7936  
7.2648  7.08079  
8.96709  7.74515  
5.11535  5.33073  
7.79362  10.2385  
4.11817  5.67508  
12.2769  8.64183  
8.40468  5.94036  
10.2156  5.74266  
8.47047  5.93578  
6.99206  8.6399  
8.34771  11.7191  
8.85802  9.67384  
9.07989  8.5156  
5.98559  8.88488  
6.55325  12.1511  
9.32394  7.71251  
7.10087  9.77425  
8.25237  7.55581  
3.16453  6.42113  
5.04203  7.81565  
3.46053  5.61947  
8.27758  5.00112  
10.4179  9.23904  
8.98126  6.56752  
9.25829  7.53446  
8.0745  6.55359  
7.54644  6.5802  
7.36404  10.1272  
8.50675  6.14095  
8.11483  10.4012  
1.04427  0.0743961  1.04427  0.0743961  
9.20573e-05  1  9.20573e-05  1  
1.03445  0.0316767  1.03445  0.0316767  
0.994709  0.0200179  0.994709  0.0200179  
0.336716  0.663284  0.336716  0.663284  
0.311497  0.755135  0.311497  1.21043  
9.58283e-05  1  9.58283e-05  1  
0.359502  0.711307  0.359502  0.711307  
0.957973  0.138538  0.957973  0.138538  
0.999993  8.04184e-05  0.999993  8.04184e-05  
1.04427  0.0743961  1.04427  0.0743961  
9.20573e-05  1  9.20573e-05  1  
1.03445  0.0316767  1.03445  0.0966371  
0.994709  0.0200179  0.994709  0.0200179  
0.336716  0.663284  0.336716  0.663284  
0.311497  0.755135  0.311497  0.755135  
9.58283e-05  1  9.58283e-05  1  
0.359502  0.711307  0.359502  0.711307  
0.957973  0.138538  0.957973  0.138538  
0.999993  8.04184e-05  0.999993  8.04184e-05  
1.04427  0.0743961  1.04427  0.0743961  
9.20573e-05  1  9.20573e-05  1  
1.03445  0.0316767  1.03445  0.0316767  
0.994709  0.0200179  0.994709  0.0200179  
0.336716  0.663284  0.336716  0.663284  
0.311497  0.755135  0.311497  0.755135  
9.58283e-05  1  9.58283e-05  1  
0.359502  0.711307  0.359502  0.711307  
0.957973  0.138538  0.957973  0.138538  
0.999993  8.04184e-05  0.999993  8.04184e-05  
1.04427  0.0743961  1.04427  0.0743961  
9.20573e-05  1  9.20573e-05  1  
1.03445  0.0316767  1.03445  0.0316767  
0.994709  0.0200179  0.994709  0.111091  
0.336716  0.663284  0.336716  0.663284  
0.311497  0.755135  0.311497  0.755135  
9.58283e-05  1  9.58283e-05  1  
0.359502  0.711307  0.359502  0.711307  
0.957973  0.138538  0.957973  0.138538  
0.999993  8.04184e-05  0.999993  8.04184e-05  
1.04427  0.0743961  1.04427  0.0743961  
9.20573e-05  1  9.20573e-05  1.03384  
1.03445  0.0316767  1.03445  0.0316767  
0.994709  0.0200179  0.994709  0.0200179  
0.336716  0.663284  0.336716  0.663284  
0.311497  0.755135  0.311497  0.755135  
9.58283e-05  1  9.58283e-05  1  
0.359502  0.711307  0.359502  0.711307  
0.957973  0.138538  0.957973  0.138538  
0.999993  8.04184e-05  0.999993  8.04184e-05  
1.04427  0.0743961  1.04427  0.0743961  
9.20573e-05  1  9.20573e-05  1  
1.03445  0.0316767  1.03445  0.0316767  
0.994709  0.0200179  0.994709  0.0200179  
0.336716  0.663284  0.336716  0.663284  
0.311497  0.755135  0.311497  0.755135  
9.58283e-05  1  9.58283e-05  1  
0.359502  0.711307  1.61402  1.54621  
0.957973  0.138538  0.957973  0.138538  
0.999993  8.04184e-05  0.999993  8.04184e-05  
1.04427  0.0743961  1.04427  0.0743961  
9.20573e-05  1  9.20573e-05  1  
1.03445  0.0316767  1.03445  0.0316767  
0.994709  0.0200179  0.994709  0.0200179  
0.336716  0.663284  0.336716  0.663284  
0.311497  0.755135  0.311497  0.755135  
9.58283e-05  1  9.58283e-05  1  
0.359502  0.711307  5.71443  5.93669  
0.957973  0.138538  0.957973  0.138538  
0.999993  8.04184e-05  0.999993  8.04184e-05  
1.04427  0.0743961  1.04427  0.0743961  
9.20573e-05  1  9.20573e-05  1  
1.03445  0.0316767  1.04426  0.0771232  
0.994709  0.0200179  0.994709  0.0200179  
0.336716  0.663284  0.336716  0.663284  
0.311497  0.755135  0.311497  0.755135  
9.58283e-05  1  9.58283e-05  1  
0.359502  0.711307  0.359502  0.711307  
0.957973  0.138538  0.957973  0.138538  
0.999993  8.04184e-05  0.999993  8.04184e-05  
1.04427  0.0743961  1.04427  0.0743961  
9.20573e-05  1  9.20573e-05  1  
1.03445  0.0316767  1.03445  0.0316767  
0.994709  0.0200179  0.994709  0.0200179  
0.336716  0.663284  0.336716  0.663284  
0.311497  0.755135  0.58932  1.21901  
9.58283e-05  1  9.58283e-05  1  
0.359502  0.711307  0.359502  0.711307  
0.957973  0.138538  0.957973  0.138538  
0.999993  8.04184e-05  0.999993  8.04184e-05  
1.04427  0.0743961  1.04427  0.0743961  
9.20573e-05  1  9.20573e-05  1  
1.03445  0.0316767  1.03445  0.0316767  
0.994709  0.0200179  0.994709  0.0200179  
0.336716  0.663284  0.336716  0.797678  
0.311497  0.755135  0.311497  0.755135  
9.58283e-05  1  9.58283e-05  1  
0.359502  0.711307  0.359502  0.711307  
0.957973  0.138538  0.957973  0.138538  
0.999993  8.04184e-05  0.999993  8.04184e-05  
0.946835  0.161259  
0.942107  0.453503  
0.954442  0.0837274  
0.311497  0.75514  
0.994708  0.0211348  
0.965159  0.0650773  
0.942241  0.443404  
0.942476  0.351189  
0.336724  0.663284  
0.943752  0.247095  
0.942104  0.489825  
0.943223  0.327766  
0.287422  0.770331  
0.331986  0.75333  
0.369602  0.663284  
0.336716  0.677485  
0.994709  0.0200952  
0.28962  0.768233  
0.312706  0.753421  
0.999236  0.00195776  
0.336716  0.663284  
9.58283e-05  1  
1.28173  0.285947  
0.976937  0.792582  
0.0247416  1.133  
0.994868  0.0274134  
0.99999  8.76715e-05  
0.336865  0.671542  
0.000112616  1  
0.969519  0.297921  
0.318509  0.942119  
12.5565  12.171  
0.322078  0.865136  
11.6637  5.4973  
1.04467  0.00668113  
1.00729  0.0268948  
0.48712  1.45842  
1.00201  0.0520547  
4.72008  8.31037  
7.45945  5.38798  
4.81835  3.14149  
5.77779  6.56707  
8.35768  8.64317  
6.88776  7.52606  
4.04494  7.53497  
10.6654  8.20116  
10.695  7.52441  
9.68766  9.34519  
6.91308  6.02474  
9.58328  6.63498  
11.0815  4.53071  
9.89712  4.93792  
7.99458  9.969  
10.0592  6.83362  
10.9922  6.82682  
7.51191  4.31711  
5.8408  4.26741  
8.35525  7.5325  
6.72227  7.8082  
8.53754  9.28657  
6.47863  8.45248  
5.7893  10.6012  
7.77332  4.198  
9.02371  8.02473  
8.78029  8.18894  
3.48236  8.42805  
5.28761  5.17365  
5.67248  8.95793  
9.1092  11.9612  
7.75448  7.7936  
7.2648  7.08079  
8.96709  7.74515  
5.11535  5.33073  
7.79362  10.2385  
4.11817  5.67508  
12.2769  8.64183  
8.40468  5.94036  
10.2156  5.74266  
8.47047  5.93578  
6.99206  8.6399  
8.34771  11.7191  
8.85802  9.67384  
9.07989  8.5156  
5.98559  8.88488  
6.55325  12.1511  
9.32394  7.71251  
7.10087  9.77425  
8.25237  7.55581  
3.16453  6.42113  
5.04203  7.81565  
3.46053  5.61947  
8.27758  5.00112  
10.4179  9.23904  
8.98126  6.56752  
9.25829  7.53446  
8.0745  6.55359  
7.54644  6.5802  
7.36404  10.1272  
8.50675  6.14095  
8.11483  10.4012  
