0.938375700352896
0.939980622608117
0.939173559935898
0.938839776631929
0.939072277048952
0.938433896188241
0.939270643026168
0.939782890043147
0.939267375760373
0.937849535228523
0.937819149287925
0.938781053528701
0.939508293188946
0.939066135389565
0.93723263108669
0.938307525530273
0.937589297279862
0.935493910823313
0.936494658097567
0.938442161490543
0.939152628576325
0.939765980422609
0.939269812277599
0.939306317258103
0.937574117741441
0.939121414083169
0.938746800859897
0.938005216585241
0.939494800349253
0.938232696448318
0.939320949291683
0.937584363759835
0.939749410066568
0.939252021818888
0.938277516597533
