0.569209 0.822193 7.63843e-05
0.00013422 0.447443 0.894313
0.799992 0.60001 7.63843e-05
1 9.78452e-05 7.63843e-05
0.000139656 0.707045 0.707168
0.000137463 0.874093 0.485759
0.599999 0.000140667 0.800001
6.51614e-05 8.73039e-05 1
9.98765e-05 1 7.63843e-05
0.839798 0.00013827 0.542898
6.51614e-05 8.73039e-05 1
0.00013422 0.447443 0.894313
0.599999 0.000140667 0.800001
1 9.78452e-05 7.63843e-05
0.000137463 0.874093 0.485759
9.98765e-05 1 7.63843e-05
0.000139656 0.707045 0.707168
0.569209 0.822193 7.63843e-05
0.799992 0.60001 7.63843e-05
0.839798 0.00013827 0.542898
0.799992 0.60001 7.63843e-05
0.000137463 0.874093 0.485759
0.839798 0.00013827 0.542898
0.599999 0.000140667 0.800001
6.51614e-05 8.73039e-05 1
0.000139656 0.707045 0.707168
1 9.78452e-05 7.63843e-05
9.98765e-05 1 7.63843e-05
0.569209 0.822193 7.63843e-05
0.00013422 0.447443 0.894313
9.98765e-05 1 7.63843e-05
6.51614e-05 8.73039e-05 1
0.000137463 0.874093 0.485759
0.839798 0.00013827 0.542898
0.799992 0.60001 7.63843e-05
0.000139656 0.707045 0.707168
0.00013422 0.447443 0.894313
0.569209 0.822193 7.63843e-05
1 9.78452e-05 7.63843e-05
0.599999 0.000140667 0.800001
0.569209 0.822193 7.63843e-05
0.00013422 0.447443 0.894313
0.599999 0.000140667 0.800001
0.839798 0.00013827 0.542898
0.000137463 0.874093 0.485759
1 9.78452e-05 7.63843e-05
0.000139656 0.707045 0.707168
9.98765e-05 1 7.63843e-05
6.51614e-05 8.73039e-05 1
0.799992 0.60001 7.63843e-05
0.000137463 0.874093 0.485759
0.799992 0.60001 7.63843e-05
9.98765e-05 1 7.63843e-05
0.569209 0.822193 7.63843e-05
6.51614e-05 8.73039e-05 1
0.000139656 0.707045 0.707168
1 9.78452e-05 7.63843e-05
0.839798 0.00013827 0.542898
0.599999 0.000140667 0.800001
0.00013422 0.447443 0.894313
0.000137463 0.874093 0.485759
0.569209 0.822193 7.63843e-05
0.839798 0.00013827 0.542898
0.00013422 0.447443 0.894313
0.799992 0.60001 7.63843e-05
0.000139656 0.707045 0.707168
6.51614e-05 8.73039e-05 1
1 9.78452e-05 7.63843e-05
0.599999 0.000140667 0.800001
9.98765e-05 1 7.63843e-05
0.569209 0.822193 7.63843e-05
0.599999 0.000140667 0.800001
0.799992 0.60001 7.63843e-05
1 9.78452e-05 7.63843e-05
9.98765e-05 1 7.63843e-05
6.51614e-05 8.73039e-05 1
0.00013422 0.447443 0.894313
0.000139656 0.707045 0.707168
0.839798 0.00013827 0.542898
0.000137463 0.874093 0.485759
0.000137463 0.874093 0.485759
0.799992 0.60001 7.63843e-05
6.51614e-05 8.73039e-05 1
1 9.78452e-05 7.63843e-05
0.839798 0.00013827 0.542898
0.00013422 0.447443 0.894313
9.98765e-05 1 7.63843e-05
0.000139656 0.707045 0.707168
0.569209 0.822193 7.63843e-05
0.599999 0.000140667 0.800001
0.799992 0.60001 7.63843e-05
6.51614e-05 8.73039e-05 1
1 9.78452e-05 7.63843e-05
0.569209 0.822193 7.63843e-05
0.839798 0.00013827 0.542898
0.000139656 0.707045 0.707168
0.00013422 0.447443 0.894313
0.599999 0.000140667 0.800001
9.98765e-05 1 7.63843e-05
0.000137463 0.874093 0.485759
