1.71284 2.2731
0.734094 3.842
1.38577 2.88467
2.2001 0.200527
0.10616 4.10452
1.21584 3.18751
1.00976 3.52053
1.92155 1.752
1.61159 2.54974
2.0804 1.19964
1.38577 2.88467
2.2001 0.200527
0.734094 3.842
1.71284 2.2731
1.00976 3.52053
1.92155 1.752
1.61159 2.54974
1.21584 3.18751
0.10616 4.10452
2.0804 1.19964
0.734094 3.842
2.2001 0.200527
1.38577 2.88467
1.71284 2.2731
1.92155 1.752
0.10616 4.10452
1.00976 3.52053
1.21584 3.18751
1.61159 2.54974
2.0804 1.19964
1.21584 3.18751
1.61159 2.54974
1.71284 2.2731
1.92155 1.752
1.38577 2.88467
0.734094 3.842
2.2001 0.200527
1.00976 3.52053
2.0804 1.19964
0.10616 4.10452
2.0804 1.19964
2.2001 0.200527
1.71284 2.2731
1.92155 1.752
1.61159 2.54974
0.734094 3.842
0.10616 4.10452
1.00976 3.52053
1.38577 2.88467
1.21584 3.18751
2.0804 1.19964
1.21584 3.18751
1.92155 1.752
0.10616 4.10452
0.734094 3.842
2.2001 0.200527
1.00976 3.52053
1.38577 2.88467
1.71284 2.2731
1.61159 2.54974
0.734094 3.842
1.61159 2.54974
2.2001 0.200527
1.00976 3.52053
2.0804 1.19964
0.10616 4.10452
1.92155 1.752
1.71284 2.2731
1.21584 3.18751
1.38577 2.88467
1.71284 2.2731
1.61159 2.54974
1.00976 3.52053
0.734094 3.842
2.0804 1.19964
1.38577 2.88467
0.10616 4.10452
1.92155 1.752
1.21584 3.18751
2.2001 0.200527
1.21584 3.18751
1.61159 2.54974
2.0804 1.19964
1.71284 2.2731
1.38577 2.88467
0.10616 4.10452
1.00976 3.52053
1.92155 1.752
2.2001 0.200527
0.734094 3.842
0.734094 3.842
1.71284 2.2731
1.21584 3.18751
2.0804 1.19964
2.2001 0.200527
1.38577 2.88467
1.61159 2.54974
1.00976 3.52053
0.10616 4.10452
1.92155 1.752
