1.06879  4.01838  0.933488  4.0783  
1.20889  3.87777  1.87286  3.16459  
1.80662  3.12076  2.06506  2.73061  
1.46716  3.74656  1.27358  3.84067  
1.5892  3.54137  1.86159  3.29047  
1.639  3.44728  1.00237  4.19932  
0.874511  4.28544  1.04138  4.12631  
1.2808  3.80192  1.30685  4.07618  
1.49803  3.57064  1.61528  3.41521  
1.25427  4.22843  0.64204  4.33682  
1.44479  3.7283  1.47714  3.64161  
1.62959  3.328  1.88526  3.33524  
1.64996  3.5152  1.69725  3.47778  
1.66723  3.56047  2.16197  2.3504  
1.22577  3.92156  0.951499  4.30489  
1.80809  2.91341  1.28719  3.82645  
1.39367  3.69572  1.12695  3.97404  
2.17964  2.03609  1.58546  3.37988  
1.17159  4.11606  2.04046  2.53462  
1.20619  4.34769  1.87494  2.99394  
2.19191  1.71036  1.18352  3.90339  
0.832396  4.26967  1.80462  3.24293  
1.02543  4.13809  1.38143  3.76532  
0.717601  4.14202  1.51575  3.68946  
1.47682  3.48276  1.83862  3.13531  
0.990211  4.11145  1.15947  4.14696  
1.22557  3.93583  1.68647  3.33408  
1.60746  3.47465  1.91943  2.68232  
1.41088  3.81908  1.29011  4.00703  
1.33916  3.77495  1.16222  3.79369  
0.709069  4.18819  1.23611  3.94597  
2.20714  1.94288  0.821884  4.12986  
1.67617  3.5326  1.33355  3.75303  
1.71624  3.39177  1.43521  3.59355  
1.74556  3.31517  1.06084  4.00835  
1.47284  3.67012  1.37841  3.67355  
1.52602  3.80718  0.803519  4.26842  
1.89275  3.15601  1.34491  3.68582  
1.26241  3.68556  1.10472  4.04271  
0.884177  4.21881  1.38988  3.76075  
2.0947  2.58547  1.67186  3.35476  
1.33187  3.82984  1.55494  3.43283  
1.27235  3.89883  1.64056  3.72042  
0.918933  4.23819  1.31651  3.68096  
1.43223  3.63935  1.45709  3.6246  
1.6443  3.41993  1.28263  3.92804  
2.05706  2.59615  1.81514  3.34015  
1.00824  4.0492  1.31527  3.8898  
1.24072  3.96319  1.37539  3.87228  
1.90355  2.78696  1.5269  3.60509  
0.972544  4.21811  1.72262  3.21777  
1.50898  3.70069  1.71971  3.60245  
1.60018  3.47746  1.19312  3.96491  
0.837527  4.17338  1.73747  3.51259  
1.24206  4.03508  1.51137  3.74744  
2.04327  2.21858  1.44308  3.85555  
0.791364  4.26965  1.7778  3.04583  
1.25697  3.98592  1.08519  4.01358  
1.12633  3.97649  1.32262  3.95166  
1.3888  3.90899  1.80422  3.07556  
1.47903  3.69767  1.07165  4.0451  
1.48072  3.55169  1.50237  3.6816  
1.91189  3.13057  1.55201  3.63992  
1.54293  3.59386  1.06756  4.27178  
1.56888  3.63203  1.38064  3.72341  
1.30356  3.83859  1.9997  2.6458  
1.39571  4.00947  1.95016  2.96324  
0.808843  4.25223  2.04342  2.39325  
1.07358  4.10233  1.3761  3.79689  
1.20625  3.85101  1.65495  3.35359  
1.2955  3.93046  1.83871  3.08215  
1.60199  3.57304  1.35228  3.73436  
1.47954  3.50805  1.57887  3.28485  
1.5106  3.42007  1.88915  3.00885  
1.38442  3.72796  1.69432  3.27659  
1.06553  4.07311  0.701297  4.34601  
1.51457  3.68437  1.98194  2.4674  
1.4344  3.85885  1.35432  3.91091  
1.20503  4.05029  1.53156  3.8195  
1.51783  3.42096  1.75367  3.24354  
1.15231  4.00239  1.55038  3.67086  
1.28419  4.03536  1.17605  4.12009  
1.67117  3.65838  1.71797  3.38805  
1.32959  3.87327  0.963446  4.11994  
1.3672  3.66847  1.69187  3.19239  
1.25624  3.91921  1.32737  3.88987  
1.58338  3.47454  2.21447  1.97935  
1.36057  3.73677  2.04735  2.42831  
1.21208  4.08655  1.0441  4.13116  
1.03448  4.10891  1.49849  3.71339  
1.04981  4.18976  0.600359  4.30613  
1.26233  3.92115  1.44454  3.84362  
1.71482  3.33464  1.4746  3.48208  
1.39282  3.89457  1.16916  4.11624  
1.39374  3.65747  1.2029  3.92939  
1.38173  3.73411  1.37209  3.69772  
0.815858  4.11279  1.59709  3.49114  
1.06274  4.15573  1.43062  3.75631  
1.35143  3.86163  1.59595  3.22263  
1.14496  3.82895  0.987535  4.05585  
0.987535  4.05585  
1.59595  3.22263  
1.4746  3.48208  
0.600359  4.30613  
1.69187  3.19239  
1.98194  2.4674  
1.57887  3.28485  
1.7778  3.04583  
1.31651  3.68096  
1.06084  4.00835  
1.43521  3.59355  
1.16222  3.79369  
1.91943  2.68232  
1.12695  3.97404  
0.933488  4.0783  
1.80809  2.91341  
1.39367  3.69572  
2.17964  2.03609  
1.17159  4.11606  
1.20619  4.34769  
2.19191  1.71036  
0.832396  4.26967  
1.02543  4.13809  
0.717601  4.14202  
1.47682  3.48276  
0.990211  4.11145  
1.22557  3.93583  
1.60746  3.47465  
1.41088  3.81908  
1.33916  3.77495  
0.709069  4.18819  
2.20714  1.94288  
1.67617  3.5326  
1.71624  3.39177  
1.74556  3.31517  
1.47284  3.67012  
1.52602  3.80718  
1.89275  3.15601  
1.26241  3.68556  
0.884177  4.21881  
2.0947  2.58547  
1.33187  3.82984  
1.27235  3.89883  
0.918933  4.23819  
1.43223  3.63935  
1.6443  3.41993  
2.05706  2.59615  
1.00824  4.0492  
1.24072  3.96319  
1.90355  2.78696  
0.972544  4.21811  
1.50898  3.70069  
1.60018  3.47746  
0.837527  4.17338  
1.24206  4.03508  
2.04327  2.21858  
0.791364  4.26965  
1.25697  3.98592  
1.12633  3.97649  
1.3888  3.90899  
1.47903  3.69767  
1.48072  3.55169  
1.91189  3.13057  
1.54293  3.59386  
1.56888  3.63203  
1.30356  3.83859  
1.39571  4.00947  
0.808843  4.25223  
1.07358  4.10233  
1.20625  3.85101  
1.2955  3.93046  
1.60199  3.57304  
1.47954  3.50805  
1.5106  3.42007  
1.38442  3.72796  
1.06553  4.07311  
1.51457  3.68437  
1.4344  3.85885  
1.20503  4.05029  
1.51783  3.42096  
1.15231  4.00239  
1.28419  4.03536  
1.67117  3.65838  
1.32959  3.87327  
1.3672  3.66847  
1.25624  3.91921  
1.58338  3.47454  
1.36057  3.73677  
1.21208  4.08655  
1.03448  4.10891  
1.04981  4.18976  
1.26233  3.92115  
1.71482  3.33464  
1.39282  3.89457  
1.39374  3.65747  
1.38173  3.73411  
0.815858  4.11279  
1.06274  4.15573  
1.35143  3.86163  
1.14496  3.82895  
0.849474  4.27412  1.48091  3.72794  
1.2132  3.77993  1.96586  2.55768  
2.06045  0.0645266  2.06651  0.0804933  
0.988673  4.12698  1.15213  3.79576  
1.52428  3.64597  1.26447  3.809  
1.51412  3.64351  1.56512  3.81671  
0.0719913  4.06925  0.0942449  4.09194  
1.74652  2.98637  1.04689  4.03379  
1.6453  3.1714  1.29274  3.85471  
1.58102  3.2934  0.984621  4.07884  
0.854429  4.20434  0.926468  4.07398  
1.51063  3.6341  1.47126  3.64892  
2.04901  0.05499  2.06527  0.0730504  
1.66886  3.17808  1.07268  4.05076  
1.63149  3.48294  1.13304  4.0026  
0.824517  4.17194  1.63888  3.14999  
0.076128  4.07341  0.107543  4.06626  
1.53933  3.5953  1.83276  2.57318  
0.770471  4.2322  1.64417  3.06678  
1.77456  3.16532  1.55384  3.35367  
0.756232  4.3018  1.25469  3.9456  
1.48851  3.8113  0.815737  4.06287  
2.04523  0.0512049  2.08112  0.116989  
1.2336  3.81238  1.69561  3.0153  
1.84768  3.1519  1.71889  3.15037  
0.902101  4.15418  1.62649  3.30893  
0.0793669  4.07665  0.0805355  4.07743  
1.57742  3.55325  0.872695  4.03641  
1.21217  3.87476  1.84354  3.18716  
0.749508  4.18775  1.12793  4.06933  
1.43142  3.76663  1.16559  4.05841  
1.70443  3.3401  1.87132  2.89096  
2.03742  0.0433918  2.06012  0.0634445  
1.54772  3.39603  1.18591  4.04248  
1.66222  3.35506  1.59701  3.50723  
1.50697  3.56294  1.82673  2.99684  
0.0723556  4.07007  0.0824141  4.07969  
0.970459  4.1708  0.621327  4.2524  
1.66244  3.22359  1.03524  4.06892  
1.12104  4.14652  1.42995  3.73421  
1.34992  3.83081  1.20129  3.71841  
1.50038  3.55764  1.95626  2.49294  
2.05298  0.0562102  2.05698  0.0599156  
1.29983  3.62291  1.15117  3.77201  
1.29331  3.89194  1.23293  3.86014  
0.867845  4.18115  0.814931  4.25131  
0.0669785  4.06469  0.0958348  4.0922  
1.84933  2.79121  0.958271  4.19023  
1.73082  3.30859  1.29602  3.88124  
1.15713  3.91303  0.877193  4.09188  
1.50051  3.66744  1.00552  4.09005  
1.62011  3.56823  1.29771  3.75814  
2.06502  0.07126  2.06281  0.0657758  
1.25755  3.78805  1.33535  3.70541  
1.03134  3.95742  1.42024  3.80626  
1.3105  3.87379  1.08738  4.04411  
0.0672241  4.0646  0.108462  4.10412  
1.04564  4.07199  1.18191  4.05117  
1.10169  3.92867  0.749323  4.21314  
1.40237  3.78039  0.962023  4.19184  
1.00364  4.11154  1.5193  3.53562  
1.61851  3.41574  1.10767  3.90037  
2.03844  0.0443585  2.04102  0.0480078  
1.05039  3.84066  1.54764  3.19281  
1.37412  3.777  0.931207  4.09093  
1.32607  3.85909  1.56582  3.37142  
0.0665506  4.064  0.204817  4.06472  
1.21035  4.04052  1.87966  2.70038  
1.44656  3.74116  1.58317  3.28522  
1.31314  3.66506  0.862291  4.22354  
0.984653  4.12713  0.805739  4.15996  
0.798182  4.00204  1.44682  3.51457  
2.05086  0.0545459  2.05968  0.0670965  
1.56117  3.28388  0.944316  4.0324  
0.880318  4.19668  1.42169  3.849  
1.37255  3.69718  0.635  4.24204  
0.062439  4.05942  0.0970453  4.09226  
1.28934  3.81062  0.88722  4.32153  
1.80097  2.80646  1.21322  3.851  
0.88141  4.08084  1.89179  2.64245  
1.23626  3.87996  1.15472  4.09065  
1.65333  3.27964  1.18923  3.83084  
2.04029  0.048138  2.0707  0.0783076  
1.85305  2.93037  1.73532  3.10791  
1.16736  3.78445  0.618438  4.30763  
1.027  4.14906  1.50459  3.56151  
0.0692367  4.06703  0.099144  4.09639  
1.37808  3.97103  1.05591  3.95513  
1.82272  3.17097  1.79815  2.94911  
1.45697  3.59493  0.957946  3.97462  
1.06998  4.16007  1.23971  3.73845  
1.86446  3.02725  1.53488  3.26706  
2.05668  0.0644477  2.06468  0.0730286  
1.74525  2.88857  1.24817  3.69679  
1.13932  4.04875  1.59754  3.17539  
0.90404  4.22409  1.26964  3.79329  
0.0633345  4.0606  0.0892589  4.08705  
1.13934  3.97355  1.11905  3.98436  
1.33197  3.77702  1.27557  3.84577  
1.39156  3.64123  1.33865  3.76259  
1.49936  3.08888  
0.750662  3.91715  
2.02641  0.0353994  
1.29648  3.35747  
1.78683  2.43152  
0.0541025  4.05129  
0.336032  4.03297  
1.24998  3.44283  
0.0866365  4.0442  
1.61442  2.79663  
1.92369  1.97433  
1.17892  3.55713  
1.83879  2.24872  
1.06194  3.62667  
2.01654  0.945976  
1.64714  2.73437  
1.98936  0.968747  
1.21509  3.45704  
1.42636  3.1942  
1.97256  1.61392  
1.36148  3.27933  
0.431833  4.00122  
1.5425  3.01151  
1.04214  3.67829  
1.89165  2.09423  
1.97719  1.26849  
1.01886  3.75098  
1.11566  3.61424  
1.03722  3.70015  
0.935022  3.78322  
1.50891  3.03563  
1.38333  3.25906  
1.73017  2.5149  
1.79707  2.33954  
1.71125  2.63656  
1.57278  2.8943  
0.830619  3.88026  
1.2032  3.534  
1.86682  2.23513  
1.93451  1.90248  
0.655402  3.954  
1.82994  2.30952  
2.02083  0.731526  
0.248894  4.04201  
0.961198  3.76137  
1.55355  2.96984  
1.47846  3.15327  
1.00159  3.75219  
1.51482  3.03024  
0.889319  3.80141  
0.838019  3.86208  
1.48091  3.72794  
0.87347  3.84004  
1.33534  3.34729  
1.40239  3.25553  
1.66992  2.69018  
1.94155  1.85813  
0.613727  3.98722  
1.13626  3.60686  
1.26932  3.40764  
1.71919  2.54434  
1.87333  2.22163  
1.62926  2.79024  
1.48553  3.13363  
0.756486  3.90108  
1.49832  3.12272  
1.28861  3.37486  
0.410268  4.02613  
1.42249  3.22101  
1.35069  3.31169  
1.45464  3.16952  
1.3269  3.67235  
1.83455  2.2841  
1.18203  3.53978  
1.3671  3.27228  
0.725016  4.32017  
1.03033  3.72804  
0.194509  4.05201  
1.56819  2.95284  
1.23805  3.77262  
1.88282  2.15334  
0.199102  4.05932  
1.15419  3.58817  
0.57698  3.99753  
1.83735  2.2668  
1.50556  3.05937  
1.88772  2.10483  
1.87382  2.76104  
1.50233  3.58285  
1.13474  3.83513  
1.18743  3.88585  
2.08107  0.0994561  
0.623965  3.97165  
2.01304  1.41999  
2.08098  0.107147  
2.02137  1.40156  
0.196492  4.08538  
1.60544  2.85696  
1.16739  3.57991  
1.70856  2.67751  
0.76949  4.23538  0.59266  4.1246  
1.28014  3.72575  1.23338  3.62982  
2.00354  0.00397698  2.00905  0.00947286  
1.35308  3.62417  0.999444  4.09366  
1.14714  4.01193  1.00467  4.11068  
1.52637  3.39337  1.29041  3.83686  
0.00646633  4.00485  0.0111391  4.00943  
0.969204  3.95763  0.599305  4.21919  
1.74718  2.73933  2.15256  1.94401  
1.61245  3.03404  1.5278  3.25016  
1.11452  3.97217  0.602388  4.22516  
0.924587  3.88827  0.948566  4.02454  
2.00353  0.00378211  2.00348  0.00382293  
1.33587  3.68008  1.4679  3.48799  
1.37412  3.64021  0.854226  4.15179  
1.53762  3.16874  1.51893  3.36818  
0.00651518  4.00492  0.020996  4.01935  
1.63814  3.15931  1.48679  3.7003  
1.90177  2.33252  1.80965  2.5991  
1.40459  3.66986  1.05624  4.10829  
1.87443  2.73402  1.29421  3.66842  
1.29528  3.72293  1.81441  2.96356  
2.00358  0.00387973  2.00944  0.00962132  
0.970739  3.94668  1.24852  3.72701  
1.64303  2.94314  1.48951  3.42989  
1.28253  3.52433  1.39659  3.47534  
0.00633976  4.00472  0.014339  4.01276  
1.3614  3.634  1.40194  3.73866  
0.994  4.02226  1.11189  4.00525  
0.719406  4.14739  1.32909  3.67324  
1.51438  3.33395  1.28773  3.83231  
1.72455  2.77723  1.91779  2.65007  
2.00399  0.00422267  2.01218  0.0125539  
1.30127  3.78045  1.07557  4.0277  
1.11628  3.70961  0.848409  4.09946  
1.66926  3.38666  1.27612  3.94123  
0.0063106  4.00468  0.0140953  4.01228  
1.47771  3.40746  1.30599  3.71451  
0.948051  3.91154  1.38974  3.62577  
1.39452  3.62722  1.07534  4.05351  
1.60438  3.39274  1.77084  2.82514  
1.10699  3.72311  1.37412  3.58719  
2.00354  0.00377851  2.00782  0.00812046  
1.06849  3.9122  1.05122  3.85294  
1.21574  3.92041  0.914983  4.13789  
1.64601  3.22216  0.825667  4.0307  
0.00626929  4.0047  0.00642544  4.00474  
1.33166  3.76447  1.68984  3.25751  
1.51937  3.31515  1.88032  2.48228  
1.79422  2.69217  1.69026  3.11736  
1.33915  3.68162  1.17145  3.93461  
1.51527  3.11463  1.27548  3.70289  
2.00403  0.00433616  2.00408  0.00442665  
1.72814  2.77427  1.5359  3.67904  
1.32756  3.70237  1.50585  3.62692  
1.13389  3.81202  1.47425  3.68667  
0.00630064  4.0047  0.016836  4.01525  
1.38993  3.36092  0.907312  3.86675  
1.52758  3.33386  1.39543  3.46713  
1.88731  3.03489  1.76581  3.18931  
0.792284  4.16425  0.914004  4.10402  
1.17293  3.74712  1.20269  3.77798  
2.0035  0.00383166  2.00354  0.0039827  
1.42354  3.52307  1.69424  3.27722  
1.21276  3.87149  0.879094  4.10796  
1.52953  3.21413  1.67786  3.05376  
0.00638685  4.0047  0.024898  4.02329  
1.75032  3.24786  1.75613  2.93697  
1.93387  2.34488  1.7057  2.87505  
1.8242  2.76847  1.49997  3.26291  
1.7214  2.87179  1.36911  3.54751  
1.68491  2.73759  1.14917  3.84361  
2.00409  0.00430722  2.02359  0.0237853  
1.75474  2.86521  2.09621  2.03526  
1.90977  2.35654  1.98747  2.18737  
1.60525  3.23995  1.44572  3.4262  
0.00633945  4.00469  0.00641414  4.00478  
1.62332  3.27345  1.83203  2.76159  
1.23451  3.6033  1.3854  3.53338  
1.6154  3.46365  1.55405  3.40056  
1.25569  4.03569  1.02207  3.95746  
1.39274  3.25686  1.53248  3.41126  
2.00366  0.00392379  2.00908  0.00936228  
1.35812  3.88239  1.85825  3.1277  
1.20698  3.66891  1.02649  3.85095  
1.53706  3.49928  1.21018  4.0572  
0.00638152  4.00481  0.0134274  4.01172  
1.8708  2.51536  2.03139  1.92063  
1.25511  3.83388  0.675851  4.09499  
0.967061  4.07202  0.86385  4.03531  
1.20405  3.80874  1.24333  3.83837  
1.89407  2.52757  1.50559  3.30989  
2.00417  0.004379  2.01676  0.0170372  
1.35557  3.6619  1.27613  3.58246  
1.48936  3.47958  1.86747  2.74905  
1.27798  3.68202  1.34333  3.64065  
0.00637247  4.00469  0.00652038  4.00484  
1.05998  3.88191  0.933048  4.02309  
1.52509  2.99189  1.70315  2.79834  
1.19789  3.79924  1.36592  3.74237  
1.4645  3.05392  
1.32959  3.30385  
1.96034  0.836973  
1.2789  3.35447  
1.95692  0.869251  
0.00560372  4.00403  
1.97129  0.726544  
1.37366  3.2587  
1.88748  1.40411  
1.61442  2.79663  
1.99301  0.417021  
1.75391  2.39624  
1.83711  2.24217  
1.06194  3.62667  
1.99963  0.24988  
1.64714  2.73437  
1.9404  1.00604  
2.0015  0.176238  
1.44284  3.16504  
1.99617  0.345292  
1.35218  3.26491  
0.266512  3.97029  
1.52927  2.90584  
1.03536  3.67383  
1.88342  2.09105  
1.99451  0.383659  
0.976129  3.71999  
1.43287  3.18502  
1.63423  2.76667  
0.918764  3.78101  
1.50608  3.02462  
0.210411  3.98374  
1.52198  2.99984  
1.79707  2.33954  
1.695  2.59354  
1.57278  2.8943  
1.98301  0.57746  
1.1627  3.5195  
1.97913  0.633371  
0.85381  3.83846  
0.366043  3.94887  
1.65747  2.71015  
1.94924  0.928242  
1.91236  1.2036  
0.961198  3.76137  
1.83138  2.28989  
1.93524  1.06372  
1.84857  2.17083  
0.689971  3.94116  
0.889319  3.80141  
0.838019  3.86208  
0.805302  3.88883  
1.58546  2.83661  
1.96209  0.821553  
1.38652  3.19847  
1.66293  2.67975  
0.339966  3.95254  
1.98535  0.541657  
0.136667  3.99593  
1.26237  3.40464  
1.71269  2.51672  
1.84234  2.20677  
1.61724  2.78335  
1.74334  2.47614  
0.756486  3.90108  
2.00046  0.219215  
1.41302  3.19143  
0.153018  3.99372  
1.98871  0.494907  
1.8174  2.3085  
2.00238  0.128453  
1.67509  2.61785  
0.248576  3.975  
1.15868  3.52493  
1.86512  2.15224  
1.12551  3.59005  
0.179172  3.98958  
1.99053  0.457904  
1.00912  3.70308  
1.49995  3.03936  
1.96494  0.790793  
1.07891  3.59799  
1.13011  3.56238  
0.120382  3.99794  
0.282555  3.96607  
1.9742  0.690409  
1.96806  0.758632  
1.24946  3.41629  
1.98137  0.604851  
2.00326  0.00371887  
1.87172  2.12202  
1.99799  0.289722  
1.23749  3.43685  
1.68098  2.606  
1.20629  3.45431  
1.97676  0.662622  
1.94362  0.981324  
1.45329  3.12902  
1.63802  2.73869  
0.0867525  4.0013  
