1.63264  3.69904  1.5557  3.66041  
1.20153  3.87466  1.19339  3.96941  
1.57666  3.57002  0.954122  3.95844  
1.47382  3.65823  1.67451  3.24574  
0.860522  4.10523  1.41093  3.99104  
1.61135  3.7066  1.18083  4.04528  
2.00167  2.30704  1.41912  3.74275  
2.13115  2.59731  1.32846  3.77951  
1.3674  3.79823  1.01747  4.06458  
1.24224  4.14019  1.28303  3.95113  
1.19279  4.11259  1.31523  3.86431  
1.50002  3.76905  1.03675  4.06558  
1.25133  3.92185  1.89704  3.24567  
1.33397  3.95387  1.85402  3.39449  
1.75029  3.22456  1.21822  4.09908  
1.6328  3.30798  1.30541  4.1016  
0.653586  4.22537  1.74503  3.27478  
1.52611  3.62515  1.90814  2.97285  
1.83479  3.14854  1.5195  3.7102  
1.26402  3.91769  1.62786  3.46888  
1.31031  3.94915  1.76537  3.14659  
1.67452  3.14032  1.75774  3.36572  
1.48824  3.68279  1.89443  2.86443  
1.69658  3.50657  1.78069  3.12498  
1.61981  3.4316  1.36021  3.71805  
1.39598  3.70778  1.45061  3.62014  
1.32217  3.95614  0.991899  4.2659  
1.39811  3.75549  1.20326  3.92939  
1.27874  3.87658  1.41655  3.79588  
0.829165  4.25027  1.60084  3.50175  
1.31599  3.81203  1.97675  2.88629  
1.07177  4.12182  0.993786  4.24053  
1.62537  3.7915  1.44139  3.51282  
0.710974  4.34961  1.27474  3.98506  
2.20263  2.21663  1.56432  3.64755  
0.755164  4.27337  1.70381  3.15355  
2.05346  2.34329  0.934779  4.25008  
1.84308  2.83276  1.15513  4.05114  
1.38423  3.8109  1.52065  3.64585  
1.59016  3.28609  1.68683  3.57879  
1.42764  3.83987  1.21392  3.84374  
1.5302  3.721  0.730877  4.17988  
1.38807  3.64581  1.38238  3.80384  
1.49868  3.56254  0.986481  4.1693  
1.86965  2.99501  1.4576  3.73969  
2.14205  2.37216  1.60187  3.55027  
1.19383  3.96554  1.16946  4.03396  
1.19642  4.00641  1.05496  3.9561  
1.52008  3.53691  1.48239  3.84257  
1.27833  3.91115  1.16546  4.0971  
0.925201  4.17784  1.7198  3.44337  
1.95999  2.63405  1.37329  3.70745  
1.31752  3.73139  1.58856  3.46616  
1.08691  4.11575  1.58601  3.64791  
1.95759  2.36192  1.49864  3.66738  
1.76519  3.00738  1.52637  3.47147  
0.982867  4.11747  1.43088  3.87074  
1.40323  3.64844  1.55887  3.57824  
0.852151  4.28808  1.20896  4.00765  
1.9074  3.01805  1.66926  3.24685  
1.72886  3.48625  1.5666  3.58396  
1.91316  2.66844  1.8653  3.1326  
1.93807  2.84637  1.63824  3.35057  
1.08772  4.14718  1.48792  3.61328  
0.751957  4.32484  0.826808  4.21876  
1.33819  3.84636  1.35161  3.80662  
1.25234  3.91874  1.37851  3.73386  
1.27852  3.76715  1.36893  3.8451  
1.62357  3.61784  1.16501  3.98298  
1.14079  3.854  1.84538  3.49568  
1.17553  3.92705  1.1327  4.00211  
1.34798  3.89732  1.39822  3.80763  
1.01724  4.10898  1.01473  4.25981  
1.43021  3.5892  1.60797  3.50803  
1.36066  3.69617  1.43789  3.79569  
1.48171  3.79449  1.23428  3.93822  
1.06375  4.0646  1.64575  3.1824  
1.56984  3.34145  1.14262  4.06507  
1.34366  3.73691  1.28837  3.78482  
1.32548  3.7265  2.27006  1.87453  
1.68838  3.3313  1.62081  3.5864  
1.32964  3.75147  1.72388  3.19449  
0.740478  4.27006  1.68293  3.43161  
1.5431  3.62473  0.890885  4.10105  
1.0118  4.12329  0.820499  4.24762  
1.22572  4.03248  1.8642  2.93806  
1.84765  2.98499  1.6448  3.25086  
1.73461  3.67016  1.59157  3.39835  
1.81212  3.12174  1.92243  2.84808  
1.24573  3.92235  1.47002  3.80828  
1.80846  3.23875  1.16794  4.11614  
1.59124  3.54218  1.74796  3.06487  
1.857  3.24128  1.1527  4.06719  
1.76889  3.06571  1.3733  4.03172  
1.50469  3.6649  1.46246  3.74892  
0.844839  4.33655  1.9428  2.84785  
2.21048  2.19679  0.870016  4.2181  
1.12383  4.0408  1.54788  3.75085  
1.22154  3.94257  1.30366  3.92408  
1.45771  3.52192  0.918005  4.18641  
1.74796  3.06487  
1.6448  3.25086  
0.890885  4.10105  
2.27006  1.87453  
0.860522  4.10523  
1.64575  3.1824  
2.00167  2.30704  
1.52637  3.47147  
1.05496  3.9561  
0.730877  4.17988  
1.21392  3.84374  
1.44139  3.51282  
0.954122  3.95844  
1.5557  3.66041  
1.75029  3.22456  
1.6328  3.30798  
0.653586  4.22537  
1.52611  3.62515  
1.83479  3.14854  
1.26402  3.91769  
1.31031  3.94915  
1.67452  3.14032  
1.48824  3.68279  
1.69658  3.50657  
1.61981  3.4316  
1.39598  3.70778  
1.32217  3.95614  
1.39811  3.75549  
1.27874  3.87658  
0.829165  4.25027  
1.31599  3.81203  
1.07177  4.12182  
1.62537  3.7915  
0.710974  4.34961  
2.20263  2.21663  
0.755164  4.27337  
2.05346  2.34329  
1.84308  2.83276  
1.38423  3.8109  
1.59016  3.28609  
1.42764  3.83987  
1.5302  3.721  
1.38807  3.64581  
1.49868  3.56254  
1.86965  2.99501  
2.14205  2.37216  
1.19383  3.96554  
1.19642  4.00641  
1.52008  3.53691  
1.27833  3.91115  
0.925201  4.17784  
1.95999  2.63405  
1.31752  3.73139  
1.08691  4.11575  
1.95759  2.36192  
1.76519  3.00738  
0.982867  4.11747  
1.40323  3.64844  
0.852151  4.28808  
1.9074  3.01805  
1.72886  3.48625  
1.91316  2.66844  
1.93807  2.84637  
1.08772  4.14718  
0.751957  4.32484  
1.33819  3.84636  
1.25234  3.91874  
1.27852  3.76715  
1.62357  3.61784  
1.14079  3.854  
1.17553  3.92705  
1.34798  3.89732  
1.01724  4.10898  
1.43021  3.5892  
1.36066  3.69617  
1.48171  3.79449  
1.06375  4.0646  
1.56984  3.34145  
1.34366  3.73691  
1.32548  3.7265  
1.68838  3.3313  
1.32964  3.75147  
0.740478  4.27006  
1.5431  3.62473  
1.0118  4.12329  
1.22572  4.03248  
1.84765  2.98499  
1.73461  3.67016  
1.81212  3.12174  
1.24573  3.92235  
1.80846  3.23875  
1.59124  3.54218  
1.857  3.24128  
1.76889  3.06571  
1.50469  3.6649  
0.844839  4.33655  
2.21048  2.19679  
1.12383  4.0408  
1.22154  3.94257  
1.45771  3.52192  
2.0281  0.0285932  2.03801  0.0385049  
1.79049  3.17739  1.65261  3.4031  
1.09531  3.98875  1.04965  3.94309  
0.972179  4.21356  0.973838  4.21522  
1.80083  3.11315  1.80083  3.11315  
1.10573  4.10536  1.04102  4.10542  
1.60765  3.64065  1.53188  3.82462  
1.71995  3.19831  1.77696  3.00721  
1.37424  3.71959  1.39031  3.73566  
0.0293129  4.02691  0.0342926  4.03189  
2.0298  0.0301754  2.04075  0.0411514  
0.991593  3.92803  0.933452  4.01177  
0.972855  3.94293  0.99934  3.96942  
1.82318  2.93086  1.81434  2.92202  
1.55741  3.50155  1.53665  3.5901  
0.745682  4.21065  0.758615  4.22359  
0.723752  4.24929  0.908901  4.16711  
1.29154  3.76076  0.980546  4.13158  
1.30532  3.74557  1.29392  3.73417  
0.0232744  4.02193  0.0352889  4.03395  
2.0245  0.024773  2.04399  0.0442621  
1.25854  3.64591  1.25854  3.64591  
1.06559  4.1224  1.05812  4.11493  
1.90801  3.05151  1.97672  2.805  
1.2491  3.90021  1.22035  3.87146  
1.23246  4.01209  1.17108  3.95071  
1.89715  2.87103  1.87195  2.84583  
1.07443  4.10139  1.07443  4.10139  
1.01304  4.12688  1.00036  4.1142  
0.0220677  4.0197  0.0314794  4.02912  
2.01727  0.0174737  2.0193  0.0195013  
1.68705  3.33654  1.65342  3.40731  
1.04295  3.96228  0.810215  4.15159  
1.98069  2.50558  1.97031  2.4952  
1.7568  3.56433  1.85844  3.44584  
1.652  3.30413  1.65327  3.3054  
1.47962  3.74871  1.47778  3.74686  
1.08285  4.01494  1.07361  4.0057  
1.78239  2.70635  1.73118  2.82654  
0.0243171  4.02286  0.0756826  4.02856  
1.01911  4.0466  0.793034  4.18857  
0.0126421  4.01108  0.0815254  4.01298  
1.20471  3.91718  1.50168  3.55932  
1.49052  3.37331  1.51047  3.39326  
1.08544  3.86059  1.34317  3.62342  
1.41814  3.79038  1.4133  3.78554  
2.00787  0.00851531  2.02224  0.0227768  
1.27115  3.64259  1.27473  3.64617  
1.06359  4.02026  1.01311  3.9555  
1.76135  2.85225  1.76135  2.85225  
2.02155  0.0219639  2.02909  0.0294544  
1.85522  3.01107  1.9143  2.92962  
1.73834  3.11967  1.96133  2.60307  
1.42044  3.69364  1.39811  3.67131  
0.891906  4.21635  0.891906  4.21635  
1.50289  3.89152  1.38662  4.00584  
1.15949  3.80792  1.16023  3.80866  
0.871158  4.18864  1.47416  3.67803  
1.58924  3.30098  1.58924  3.30098  
0.0202663  4.01777  0.0273929  4.0249  
2.01913  0.0195009  2.02251  0.0228852  
1.61169  3.1281  1.64899  3.1654  
1.11756  4.03687  1.11068  4.06642  
1.79522  3.08155  1.79522  3.08155  
1.74293  3.1028  1.72417  3.08404  
1.66377  3.39282  1.75145  3.28235  
0.991105  3.97451  1.141  3.84826  
0.745112  4.22889  0.750603  4.23438  
1.35728  3.69133  1.36458  3.69864  
0.0247261  4.02241  0.0391405  4.03682  
2.02618  0.0266414  2.03323  0.033604  
1.63235  3.38549  1.63235  3.38549  
1.75567  3.27281  1.45021  3.75081  
0.996538  3.94733  1.08219  3.85428  
0.754972  4.31763  0.738686  4.30135  
0.997519  4.33694  1.03374  4.37315  
1.1536  3.86121  1.17701  3.88462  
1.15865  3.98924  1.15865  3.98924  
1.68877  3.26866  1.65242  3.23231  
0.0267657  4.02441  0.0777788  4.03198  
2.01641  2.57298  1.99897  2.55555  
0.0218667  4.01901  0.0299679  4.02711  
1.25612  3.87751  1.22807  3.84945  
1.40151  3.72278  1.40151  3.72278  
1.59931  3.30693  1.60698  3.3146  
1.16064  4.02287  0.919481  4.19808  
2.02232  0.0228734  2.02506  0.0256067  
1.62275  3.40027  1.53543  3.54925  
1.34314  3.62112  1.3502  3.62819  
1.65559  3.61608  1.66334  3.62384  
2.01684  0.0173375  2.02804  0.0283836  
1.27344  3.85086  1.3656  3.77682  
1.88503  3.18698  1.88031  3.18226  
1.01067  4.25205  0.995661  4.23704  
1.75223  2.98873  1.77547  3.01197  
1.81033  2.90444  1.79703  2.89115  
1.58624  3.6236  1.56449  3.60184  
1.70219  3.11269  1.69315  3.10365  
1.33181  3.67716  1.31217  3.65752  
0.0306721  4.02827  0.0294446  4.02704  
1.51483  2.73328  
1.69952  2.2495  
1.69453  2.28536  
2.00279  0.330544  
1.13667  3.43222  
1.2219  3.3705  
1.81538  1.79466  
0.0120762  4.00983  
1.57275  2.58379  
2.00747  0.0081114  
1.9068  1.29618  
1.95155  0.953861  
1.75302  2.05316  
1.9892  0.738444  
0.191012  3.99768  
1.94875  1.07612  
1.39887  3.1031  
1.97944  0.779441  
0.850968  3.70743  
0.892808  3.67409  
1.52494  2.72834  
1.66585  2.32338  
0.217554  3.99365  
0.598577  3.86822  
1.8734  1.50247  
0.800092  3.73905  
1.26264  3.34242  
1.96173  0.944801  
1.89752  1.35444  
1.90596  1.29757  
1.6067  2.54457  
1.86965  1.55156  
0.274594  3.98539  
0.698577  3.82859  
1.43361  3.04306  
1.85465  1.58797  
1.97174  0.862861  
1.64126  2.40928  
1.98227  0.744899  
1.91472  1.25396  
0.537847  3.91298  
1.99249  0.697079  
1.56078  2.6034  
1.92909  1.1445  
1.51078  2.81932  
0.425636  3.95119  
1.7826  1.98949  
0.278238  3.98197  
1.9667  0.903248  
0.566419  3.88532  
1.6464  2.38318  
0.140114  4.00284  
1.9235  1.23823  
1.79014  1.93088  
1.99503  0.664797  
1.08491  3.45985  
1.79928  1.86863  
1.46931  2.96492  
0.732694  3.82301  
1.73314  2.1043  
1.80584  1.79889  
1.30476  3.18479  
1.49456  2.91693  
1.97582  0.817901  
1.88119  1.46257  
1.92715  1.22968  
1.76217  2.02539  
1.99804  0.557882  
1.97058  0.880672  
2.00244  0.341048  
0.0955847  4.0075  
1.88985  1.41708  
1.70077  2.22222  
0.222947  3.98857  
0.111469  4.00643  
2.00592  0.194641  
1.99878  0.392987  
1.61257  2.45141  
1.71281  2.16406  
1.94661  1.1087  
0.321894  3.97477  
1.63452  2.44006  
0.471676  3.9205  
1.9964  0.632775  
2.03979  0.0404429  
0.301385  3.97852  
0.54761  3.90451  
1.84731  1.62917  
0.197795  3.9963  
0.444694  3.94172  
1.89322  1.39604  
1.83563  1.73009  
1.66346  2.35114  
1.99742  0.628687  
1.44993  2.99393  
0.348347  3.96152  
1.55383  2.6782  
1.50077  2.90599  
1.07653  3.60638  
0.248806  3.989  
1.27994  3.44489  0.861963  3.9319  
0.0014735  4.00145  0.00769397  4.00767  
0.979391  4.19643  0.974779  4.18393  
0.766742  4.15778  0.766346  4.15738  
1.02389  3.66308  1.02544  3.66463  
1.56809  3.09836  1.54166  3.07193  
2.00103  0.00106025  2.01306  0.0130956  
1.76744  2.25578  1.80372  2.29206  
1.61122  2.95968  1.59657  2.94503  
1.19239  3.85218  1.20115  3.86095  
1.00984  3.89826  1.04339  3.93181  
0.0013163  4.0013  0.0142099  4.01415  
1.41143  3.05103  1.06841  3.55463  
1.75437  2.28311  1.78049  2.30923  
1.41812  3.84654  1.42043  3.84885  
0.814419  4.13045  0.814419  4.13045  
2.00107  0.00108886  2.00773  0.0077488  
1.13751  3.57137  1.13952  3.57338  
0.884342  3.93585  0.894564  3.94607  
2.05527  2.01236  1.971  1.92809  
1.03572  3.89274  1.03343  3.89044  
0.00133276  4.00127  0.00132791  4.00127  
1.76759  2.12088  1.77993  2.13322  
1.14634  3.52024  1.16274  3.53664  
1.04045  4.06518  1.00491  4.05145  
1.02556  3.75784  0.876118  4.00755  
2.00105  0.00107393  2.00106  0.00108709  
1.44682  3.60927  1.44888  3.61132  
1.34912  3.21408  1.34912  3.21408  
1.32972  3.69593  1.32916  3.69537  
1.42777  3.08616  1.4264  3.08478  
0.00174389  4.00158  0.0140006  4.01384  
1.41216  3.65324  1.41216  3.65324  
1.83583  2.10442  1.67893  2.55187  
1.05601  3.62981  1.07742  3.65122  
1.25143  3.8435  1.23091  3.82298  
2.00104  0.00107653  2.01028  0.0103138  
1.61067  2.6619  1.62409  2.67531  
1.27669  3.46958  1.28496  3.47785  
1.59504  3.50727  1.61848  3.53071  
1.5736  2.81242  1.6585  2.67108  
0.00158838  4.00145  0.00530806  4.00517  
1.21029  3.96967  1.20408  3.96347  
0.786539  4.21137  0.786539  4.21137  
1.00633  3.68185  0.922577  3.75575  
1.57752  3.20281  1.23959  3.69603  
2.00104  0.00108431  2.00787  0.00791766  
1.73363  2.22197  1.74566  2.23399  
1.38665  3.14633  1.38038  3.14006  
1.04325  3.99713  1.11897  4.07285  
1.27167  3.38922  1.31103  3.42858  
0.00136594  4.0013  0.0111331  4.01107  
1.76896  2.13496  1.83764  2.10867  
0.801974  4.17742  0.890745  4.16236  
0.898263  4.09077  0.876398  4.08834  
0.94444  4.09807  0.942657  4.09629  
2.0011  0.00115148  2.00109  0.00114242  
1.01296  4.14671  1.28047  3.96316  
1.48928  2.8958  1.52189  2.9284  
0.931452  3.76427  0.976038  3.80886  
0.654357  4.13945  0.683574  4.16867  
0.00133638  4.00127  0.0064909  4.00642  
1.70865  2.30557  1.56492  2.67312  
1.21102  3.40941  0.937046  3.74124  
1.07162  4.09635  0.923804  4.18939  
1.0483  3.732  1.07529  3.75898  
2.00113  0.00115424  2.00963  0.00965765  
0.96587  4.12519  0.966407  4.12572  
1.45845  3.02266  1.45845  3.02266  
1.32565  3.69186  1.32565  3.69186  
1.19063  3.74065  0.802781  3.98683  
0.0013163  4.0013  0.0459603  4.00995  
1.40944  3.04904  1.4232  3.0628  
1.74439  2.27313  1.79398  2.12585  
1.20624  4.04165  1.03779  4.15176  
0.886872  4.1576  0.886872  4.1576  
2.00107  0.00108886  2.00107  0.00108789  
1.12371  3.55757  1.12961  3.56347  
0.904735  3.84429  0.91005  3.84961  
1.37598  3.57785  1.23539  3.7516  
1.61171  2.80066  1.5854  2.8668  
0.00148091  4.00147  0.011519  4.01151  
1.73736  3.40691  1.71219  3.44193  
1.43485  3.6855  1.80009  3.00977  
1.10111  3.60543  1.12561  3.62994  
1.49091  3.02117  1.48788  3.01815  
2.00105  0.00108085  2.00231  0.00234655  
1.75256  2.2409  1.75229  2.5138  
1.25466  3.38779  0.98975  3.70781  
0.970634  3.96018  0.977825  3.96737  
1.56253  2.78939  1.57948  2.80634  
0.0014413  4.00143  0.135062  3.99628  
1.27808  3.37981  1.28143  3.38316  
1.29639  3.73776  1.37453  3.68133  
0.929194  3.73031  0.92909  3.75155  
1.29336  3.7047  1.30635  3.72425  
2.00101  0.00103221  2.00102  0.00106017  
1.75889  2.26946  1.66215  2.5663  
0.714578  4.10629  1.12564  3.83564  
1.5412  3.68894  1.51922  3.66696  
1.51483  2.73328  
1.49875  2.81015  
1.69453  2.28536  
0.174989  3.98632  
1.12492  3.43314  
1.21106  3.32945  
1.15163  3.41841  
1.31591  3.1638  
1.57275  2.58379  
1.46315  2.86967  
1.41479  2.98628  
1.94781  0.921015  
1.75302  2.05316  
1.50614  2.79015  
1.39588  3.01891  
1.98346  0.527902  
1.99385  0.340181  
1.36113  3.08489  
0.850968  3.70743  
0.892808  3.67409  
1.48644  2.84399  
1.66585  2.32338  
1.37038  3.05375  
0.598577  3.86822  
1.8734  1.50247  
0.800092  3.73905  
1.27518  3.22842  
1.93303  1.05121  
1.89752  1.35444  
1.90596  1.29757  
1.6067  2.54457  
1.86965  1.55156  
0.130752  3.99281  
0.698577  3.82859  
1.99531  0.303889  
1.85465  1.58797  
1.99927  0.169953  
1.64126  2.40928  
2.00082  0.0008301  
1.90829  1.2328  
0.315187  3.95188  
1.38423  3.0359  
1.56078  2.6034  
1.92909  1.1445  
1.22403  3.2925  
0.377645  3.9457  
1.7826  1.98949  
0.270904  3.96492  
1.95923  0.815042  
0.566419  3.88532  
1.6464  2.38318  
1.16371  3.37488  
1.42103  2.97098  
1.79014  1.93088  
1.98944  0.430206  
1.08491  3.45985  
1.79928  1.86863  
0.976654  3.60895  
0.732694  3.82301  
1.73314  2.1043  
1.80584  1.79889  
1.98621  0.490105  
1.25316  3.25688  
1.99169  0.388205  
1.88119  1.46257  
0.954828  3.64016  
1.76217  2.02539  
1.99751  0.237506  
1.9403  0.987652  
1.96841  0.720659  
1.28537  3.21146  
1.88985  1.41708  
1.70077  2.22222  
1.97563  0.637107  
1.96511  0.757364  
1.95222  0.880934  
1.04337  3.53958  
1.61257  2.45141  
1.71281  2.16406  
0.090297  3.9973  
1.05523  3.50512  
0.210028  3.97969  
0.471676  3.9205  
1.97213  0.679143  
1.3359  3.11102  
1.02873  3.56263  
0.54761  3.90451  
1.84731  1.62917  
1.98016  0.577654  
0.298626  3.95727  
0.24529  3.97161  
1.83563  1.73009  
1.29282  3.19335  
1.17318  3.36384  
1.45071  2.9007  
1.94356  0.954233  
1.5421  2.69941  
1.43816  2.93495  
1.00919  3.58126  
0.000915451  4.00086  
1.1867  3.97628  1.19162  3.9812  
0.00116109  4.00108  0.00116007  4.00108  
1.81766  1.88509  1.81048  1.87791  
1.3311  3.20188  1.33678  3.20755  
1.10488  3.5943  1.11547  3.60489  
0.847472  3.76093  0.850437  3.7639  
2.00081  0.000818323  2.00118  0.00118052  
0.76427  4.15001  0.780221  4.16596  
1.59901  2.5468  1.61383  2.56162  
1.48353  3.71014  1.44867  3.74987  
1.1079  3.95144  1.11601  3.95955  
0.0012122  4.00099  0.0155322  4.01543  
1.82601  1.76097  1.82601  1.76097  
1.35737  3.22174  1.37368  3.23805  
1.11961  3.53041  1.11961  3.53041  
0.837465  3.79975  0.842601  3.80489  
2.00086  0.000873571  2.0082  0.00821943  
1.12129  4.05141  1.10654  4.0635  
1.5234  2.72641  1.52901  2.73203  
0.803155  4.30414  0.783037  4.28402  
1.18794  3.66478  1.18794  3.66478  
0.00116972  4.00094  0.10846  4.00911  
1.75884  2.01734  1.75897  2.01747  
1.24588  3.309  1.24723  3.31035  
1.47944  3.30438  1.17019  3.63699  
0.874881  3.72512  0.888045  3.73828  
2.00089  0.000907345  1.99627  0.27244  
1.42836  3.69735  1.46796  3.67775  
1.49377  2.77659  1.49671  2.77954  
1.33531  3.78942  1.28952  3.85475  
1.26655  3.87738  1.26128  3.8721  
0.00116189  4.00108  0.00116189  4.00108  
1.81716  1.8846  1.77534  2.03754  
1.32648  3.19725  1.32648  3.19725  
1.0963  3.58775  1.12007  3.61151  
0.823973  3.73743  0.976218  3.6111  
2.00081  0.000818323  2.00083  0.000858598  
0.74258  4.12832  0.700677  4.08642  
1.59146  2.53925  1.59706  2.54485  
0.954779  4.26796  0.964177  4.27735  
1.59173  3.38204  1.58773  3.40514  
0.00122541  4.00115  0.00250613  4.00243  
1.81459  1.88202  1.81794  1.88537  
1.31965  3.19043  1.32633  3.1971  
1.1533  3.50345  1.11166  3.56197  
0.814386  3.72785  0.814386  3.72785  
2.00083  0.000839529  2.00083  0.000839178  
1.22509  3.72853  1.22509  3.72853  
1.59146  2.53925  1.61129  2.53385  
0.810156  4.30184  0.772217  4.2639  
0.940716  4.2451  0.942602  4.24699  
0.00122186  4.00101  0.00117749  4.00101  
1.80331  1.87074  1.80579  1.87322  
1.35176  3.21613  1.37701  3.24138  
1.11676  3.57717  1.11327  3.57368  
0.797205  3.77016  0.866967  3.72661  
2.00085  0.000868016  2.01108  0.0110931  
1.28996  3.68118  1.59588  3.2319  
1.54425  2.7224  1.5386  2.71355  
1.01954  4.15938  0.971842  4.11168  
0.951435  4.03355  0.961184  4.0433  
0.0012903  4.00118  0.0251534  4.00091  
1.81412  1.80582  1.84309  1.80131  
1.27596  3.46325  1.22928  3.53368  
1.35374  3.13983  1.37179  3.15788  
0.893171  3.69016  0.829773  3.79832  
2.00085  0.000856607  2.00084  0.000847253  
0.628075  4.31359  0.629124  4.31464  
1.58911  2.5741  1.59115  2.59931  
1.61179  3.19135  1.6118  3.29004  
1.52688  3.44472  1.5105  3.42835  
0.00120279  4.00112  0.00578668  4.0057  
1.80525  1.87268  1.86026  1.75721  
1.33024  3.20101  1.3396  3.21038  
1.08186  3.57772  1.11248  3.60834  
0.770433  3.81031  0.692277  3.89045  
2.00088  0.00090702  2.00088  0.00090702  
0.924867  4.11743  0.920564  4.11313  
1.60269  2.55048  1.61989  2.56768  
1.2641  4.00282  1.23912  3.97784  
1.13355  3.95764  1.14704  3.97114  
0.00122648  4.00115  0.00706024  4.00698  
1.81718  1.88462  1.81757  1.885  
1.32807  3.19885  1.37404  3.24481  
1.15098  3.50112  1.18731  3.53745  
0.838795  3.75226  0.917596  3.68114  
2.00082  0.000833623  2.00082  0.000833623  
1.12154  3.78055  1.18029  3.75057  
1.60759  2.55538  1.61906  2.56685  
0.923145  4.24185  0.727304  4.34558  
1.20142  3.67826  1.0889  3.76016  
0.00111726  4.00089  0.00115278  4.00093  
1.76122  2.01972  1.73491  2.12732  
1.23401  3.29713  1.25046  3.31358  
1.47699  3.30193  1.51129  3.25459  
0.873617  3.72386  0.910579  3.76082  
2.0009  0.000921338  2.0171  0.0171243  
1.74185  3.19205  1.72501  3.17522  
1.49377  2.77659  1.27605  3.19279  
1.34178  3.79589  1.32418  3.77829  
1.42579  2.87629  
1.28476  3.14502  
1.67376  2.27528  
1.58644  2.51325  
1.13123  3.37931  
1.20273  3.27301  
0.87535  3.67603  
1.30241  3.10298  
1.40486  2.91521  
1.69736  2.1985  
1.962  0.785272  
1.98857  0.442631  
0.93295  3.60954  
1.36154  3.00289  
0.896191  3.63891  
1.98461  0.508874  
1.94785  0.915223  
1.18016  3.30633  
1.54456  2.61963  
1.48423  2.75715  
1.64004  2.36579  
1.66236  2.30767  
1.99551  0.293098  
0.598577  3.86822  
1.8734  1.50247  
0.783286  3.74049  
1.25728  3.19739  
1.93289  1.03623  
1.89752  1.35444  
0.681377  3.84532  
1.50347  2.71692  
1.76723  1.9668  
1.91897  1.19289  
0.13208  3.99229  
0.369129  3.93287  
1.85465  1.58797  
1.789  1.89248  
0.81181  3.72527  
2.00067  0.000690582  
1.90829  1.2328  
0.315959  3.95158  
1.73327  2.08235  
1.55144  2.5952  
1.9306  1.07415  
1.22763  3.23109  
1.15394  3.3444  
1.46147  2.79229  
0.262437  3.9669  
1.95675  0.835929  
0.566419  3.88532  
0.844437  3.68993  
1.00965  3.52065  
1.77776  1.92949  
1.68828  2.23469  
1.37655  2.97362  
1.06618  3.4509  
1.43906  2.84477  
1.39299  2.94451  
1.74491  2.04558  
1.72391  2.12442  
1.80584  1.79889  
1.64973  2.34238  
1.84332  1.67549  
0.704194  3.81284  
1.88119  1.46257  
0.953935  3.58342  
1.75283  2.01133  
1.26835  3.17159  
1.93855  0.993219  
1.61988  2.42436  
1.99181  0.37992  
1.88985  1.41708  
1.24073  3.21875  
1.97644  0.623968  
1.96698  0.734381  
0.760322  3.7699  
0.175024  3.98583  
1.99846  0.194865  
1.7146  2.15334  
0.736471  3.78544  
1.03536  3.49094  
0.218624  3.97724  
0.471676  3.9205  
1.97204  0.678944  
1.57369  2.55158  
1.09322  3.40701  
0.54761  3.90451  
1.84731  1.62917  
1.9808  0.565496  
1.3345  3.04948  
0.961702  3.56809  
1.83203  1.71076  
1.79565  1.86309  
1.51775  2.68043  
0.989655  3.54552  
1.94356  0.954233  
1.52761  2.6607  
1.82079  1.75575  
1.6011  2.47811  
0.00108495  4.00078  
1.31013  3.8013  1.31013  3.8013  
0.00106053  4.00098  0.00105975  4.00098  
1.84447  1.66194  1.84447  1.66194  
1.38554  2.9807  1.39438  2.977  
1.17465  3.34067  1.18108  3.3471  
0.831112  3.69335  0.859417  3.67376  
2.00081  0.000815115  2.00915  0.00915545  
0.970315  4.02474  0.905379  4.06619  
1.61989  2.44742  1.61989  2.44742  
0.787947  4.29885  0.783885  4.29479  
1.03535  4.06485  1.05125  4.08075  
0.00104214  4.00096  0.0079967  4.00792  
1.84263  1.66024  1.80988  1.83224  
1.41052  2.96349  1.41052  2.96349  
1.12025  3.37712  1.15101  3.34736  
0.758897  3.76618  0.7946  3.74757  
2.00081  0.000814826  2.01318  0.0131847  
0.851271  4.09406  0.897555  4.05525  
1.63404  2.4044  1.57383  2.5796  
0.965556  4.15431  0.976718  4.16547  
0.667086  4.21932  0.67713  4.22937  
0.00106053  4.00098  0.125608  3.99321  
1.84342  1.66709  1.84803  1.6717  
1.39882  2.96604  1.40341  2.97063  
1.16096  3.32698  1.17314  3.33916  
0.846704  3.68959  0.832656  3.72897  
2.00081  0.000812096  2.00077  0.0242732  
0.895774  4.08777  0.795587  4.11442  
1.64062  2.39225  1.64484  2.39647  
1.37264  3.8125  1.36336  3.80321  
0.772775  4.16157  0.722145  4.20294  
0.00119083  4.00111  0.0303356  4.01487  
1.84159  1.66508  1.84243  1.66593  
1.39686  2.96407  1.39686  2.96407  
1.17046  3.31376  1.1871  3.33039  
0.822137  3.69929  0.828874  3.70603  
2.0008  0.000807011  2.00078  0.0196698  
1.43496  3.5241  1.44677  3.5359  
1.63808  2.41021  1.6413  2.40064  
1.25449  3.97242  1.22795  3.94588  
1.09893  3.88369  1.08361  3.86837  
0.00109092  4.00101  0.00423649  4.00416  
1.8447  1.67626  1.86036  1.69174  
1.39658  2.94955  1.39823  2.95119  
1.15362  3.33678  1.15747  3.34062  
0.821341  3.72282  0.825384  3.72686  
2.00081  0.000813916  2.00081  0.000813916  
0.944412  3.94914  0.799971  4.07336  
1.62954  2.39626  1.63668  2.40339  
0.745236  4.22797  0.792276  4.24054  
0.625884  4.27388  0.584351  4.28082  
0.00104214  4.00096  0.00104214  4.00096  
1.84294  1.66054  1.84293  1.66054  
1.40825  2.96121  1.40575  2.95871  
1.12166  3.37853  1.16308  3.41995  
0.803211  3.73252  0.488048  3.94137  
2.00081  0.000814826  2.00826  0.00826492  
0.660301  4.1332  0.672065  4.14497  
1.63487  2.40523  1.63242  2.40278  
0.843392  4.20988  1.0099  4.10703  
0.712731  4.26719  0.638038  4.30427  
0.00107742  4.001  0.0768937  4.00462  
1.8475  1.67117  1.85622  1.67989  
1.39948  2.95245  1.39948  2.95245  
1.0527  3.44764  1.07797  3.47291  
0.774021  3.76987  0.802409  3.77173  
2.00081  0.000810682  2.00081  0.000810682  
0.953736  4.0361  0.853559  4.08014  
1.6536  2.33071  1.66144  2.33856  
0.94239  4.07906  0.94239  4.07906  
1.49877  3.55796  1.4485  3.5077  
0.00104214  4.00096  0.00104214  4.00096  
1.87304  1.54811  1.84974  1.66272  
1.44193  2.89593  1.454  2.908  
1.15282  3.32795  1.27359  3.18773  
0.751487  3.75877  0.441042  3.97365  
2.00081  0.000814826  2.00081  0.000814826  
0.797878  4.17527  0.797878  4.17527  
1.65401  2.33885  1.65401  2.33885  
1.65862  3.2211  1.61912  3.1816  
1.13023  4.00813  1.13999  4.01788  
0.00106053  4.00098  0.00608295  4.00601  
1.84485  1.66246  1.8197  1.77824  
1.38345  2.9786  1.38916  2.98432  
1.16851  3.33452  1.16817  3.33418  
0.831112  3.69335  0.84962  3.6925  
2.00081  0.000815133  2.00081  0.000814493  
0.979247  4.0515  0.988179  4.06043  
1.6407  2.39233  1.55136  2.64401  
0.769709  4.28062  0.913964  4.22625  
0.896875  4.18093  0.935158  4.19598  
0.00106371  4.00099  0.011627  4.01155  
1.84507  1.66268  1.86202  1.67962  
1.38345  2.9786  1.3884  2.98356  
1.12112  3.38065  1.12726  3.38679  
0.83213  3.69437  0.83213  3.69437  
2.00082  0.00081892  2.00082  0.00081892  
1.04295  4.02595  1.37248  3.78194  
1.64425  2.39588  1.65468  2.40631  
0.781851  4.29276  0.694279  4.32176  
1.416  2.8877  
1.27178  3.14261  
1.67668  2.25101  
1.58537  2.50406  
1.12147  3.35511  
1.18497  3.27421  
0.888125  3.63266  
1.60701  2.44524  
1.40005  2.9159  
1.70711  2.15688  
1.96195  0.785565  
0.904537  3.612  
1.86481  1.54957  
1.35041  3.01686  
0.573198  3.86583  
1.9846  0.509015  
1.9469  0.923252  
0.777424  3.72631  
1.20517  3.24611  
1.48105  2.76059  
1.63409  2.36908  
1.66435  2.2873  
0.855235  3.66194  
0.551038  3.88585  
1.8734  1.50247  
0.227478  3.97531  
0.673596  3.80862  
1.93289  1.03623  
1.89752  1.35444  
0.501942  3.90829  
1.98764  0.459145  
1.76141  1.9713  
1.91134  1.18379  
0.805437  3.70846  
0.371339  3.93175  
1.85415  1.59003  
1.79002  1.85745  
1.31265  3.07542  
2.00062  0.00062378  
1.90829  1.2328  
0.315959  3.95158  
1.73448  2.06893  
1.59427  2.47823  
1.9306  1.07415  
1.8377  1.66137  
0.132432  3.99231  
1.46147  2.79229  
0.271604  3.96432  
1.95415  0.859813  
0.711793  3.77959  
1.29071  3.11568  
1.00196  3.50674  
1.81898  1.74704  
0.968626  3.54876  
1.37655  2.97362  
1.14639  3.32128  
1.43906  2.84477  
1.44679  2.82598  
0.985069  3.52649  
1.62376  2.39412  
1.80584  1.79889  
1.64997  2.32709  
0.651881  3.82758  
1.78164  1.9014  
1.99847  0.194295  
0.601263  3.84794  
1.57131  2.53442  
1.25572  3.16808  
1.93855  0.993219  
1.99568  0.287135  
1.49737  2.71598  
1.88144  1.39889  
1.2331  3.20206  
1.97636  0.624402  
1.96683  0.734813  
1.07877  3.40977  
0.184103  3.98421  
0.756868  3.74447  
1.69307  2.2024  
1.72252  2.10798  
1.05377  3.43846  
1.54057  2.61581  
0.471676  3.9205  
1.97189  0.678619  
1.16147  3.30491  
1.0991  3.39027  
1.55778  2.56356  
0.821804  3.68705  
1.98079  0.565331  
1.34138  3.04096  
0.936098  3.57556  
1.74502  2.02927  
1.99179  0.377256  
1.51272  2.68528  
1.02006  3.48021  
1.83186  1.69386  
1.52931  2.63284  
1.77306  1.93416  
0.686511  3.79276  
0.000791716  4.00071  
1.18035  3.85635  1.17727  3.85326  
0.00113366  4.00106  0.00113366  4.00106  
1.86172  1.53015  1.87894  1.54736  
1.45248  2.80622  1.45189  2.80563  
1.16429  3.27747  1.16429  3.27747  
0.81087  3.67968  0.818166  3.68697  
2.00081  0.000813754  2.01173  0.0117292  
1.01112  4.10499  1.04684  4.06789  
1.67767  2.22699  1.67767  2.22699  
1.72901  3.22886  1.72901  3.22886  
1.192  3.87687  1.18635  3.87122  
0.00113366  4.00106  0.0373059  4.03723  
1.86085  1.52927  1.86085  1.52927  
1.45294  2.80667  1.45344  2.80718  
1.13245  3.32312  1.13245  3.32312  
0.764481  3.71842  0.822527  3.66914  
2.00081  0.000813058  2.00081  0.000813058  
1.01596  4.04319  1.02327  4.0505  
1.67684  2.22617  1.67755  2.22687  
1.69817  3.25549  1.69817  3.25549  
1.1764  3.86127  1.08413  3.9411  
0.00113366  4.00106  0.0292686  4.00066  
1.86085  1.52927  1.86878  1.53721  
1.4528  2.80654  1.46097  2.81471  
1.13245  3.32312  1.13245  3.32312  
0.764635  3.71857  0.770172  3.72411  
2.00081  0.000813727  2.00258  0.00258546  
1.01818  4.07205  1.00747  4.06134  
1.67684  2.22617  1.67671  2.22603  
1.69525  3.29389  1.7048  3.30344  
1.19049  3.87536  1.18974  3.8746  
0.00113366  4.00106  0.00113366  4.00106  
1.86085  1.52927  1.86672  1.53514  
1.45248  2.80622  1.46057  2.81431  
1.13245  3.32312  1.13569  3.32636  
0.764635  3.71857  0.768438  3.72238  
2.00081  0.000813727  2.00941  0.00940944  
1.05506  4.01463  1.05506  4.01463  
1.67684  2.22617  1.6623  2.27254  
1.70481  3.26214  1.71011  3.26744  
1.15097  3.88109  1.16463  3.89475  
0.00113366  4.00106  0.00113366  4.00106  
1.86085  1.52927  1.87636  1.54479  
1.45146  2.8052  1.45165  2.80539  
1.13245  3.32312  1.13235  3.32302  
0.802505  3.68692  0.802505  3.68692  
2.00081  0.000813727  2.00899  0.0570747  
1.00138  4.05526  0.994426  4.0483  
1.67687  2.22619  1.67684  2.22617  
1.70458  3.26191  1.70201  3.25934  
1.19049  3.87536  1.19695  3.88182  
0.00113366  4.00106  0.00113366  4.00106  
1.86085  1.52927  1.86085  1.52927  
1.45189  2.80563  1.50769  2.71891  
1.13245  3.32312  1.14215  3.33281  
0.764481  3.71842  0.764481  3.71842  
2.00081  0.000813727  2.00353  0.00353033  
1.01714  4.04437  1.01282  4.04005  
1.67684  2.22617  1.67684  2.22617  
1.69817  3.25549  1.70684  3.26417  
1.17752  3.86238  1.17752  3.86238  
0.00113366  4.00106  0.00993742  4.00986  
1.86085  1.52927  1.79801  1.80521  
1.45248  2.80622  1.45797  2.81171  
1.1324  3.32307  1.13245  3.32312  
0.764635  3.71857  0.770159  3.7241  
2.00081  0.000813727  2.00775  0.15344  
1.00345  4.05732  0.959375  4.11197  
1.67696  2.22583  1.67696  2.22583  
1.70011  3.25744  1.70289  3.26022  
1.17806  3.86292  1.17841  3.86328  
0.00113366  4.00106  0.00384952  4.00377  
1.86085  1.52927  1.86638  1.5348  
1.45248  2.80622  1.46457  2.81831  
1.13245  3.32312  1.13245  3.32312  
0.764635  3.71857  0.764274  3.71821  
2.00081  0.000813727  2.00095  0.000952952  
1.00164  4.05551  0.896994  4.14906  
1.67696  2.22583  1.67696  2.2258  
1.70011  3.25744  1.68969  3.24702  
1.17624  3.86111  1.33129  3.66795  
0.00113366  4.00106  0.00226977  4.00219  
1.86085  1.52927  1.86085  1.52927  
1.45248  2.80622  1.45248  2.80622  
1.13245  3.32312  1.13245  3.32312  
0.764635  3.71857  0.781978  3.73384  
2.00081  0.000813727  2.00556  0.00556357  
1.00484  4.05871  1.00279  4.05666  
1.67684  2.22617  1.67684  2.22617  
1.70011  3.25744  1.70555  3.26287  
1.19489  3.87975  1.19489  3.87975  
0.00113366  4.00106  0.00113366  4.00106  
1.86085  1.52927  1.875  1.54343  
1.45248  2.80622  1.46488  2.81862  
1.13245  3.32312  1.13612  3.32679  
0.764635  3.71857  0.808853  3.68505  
2.00081  0.000813727  2.00122  0.0012167  
1.00449  4.05836  1.01194  4.06582  
1.67684  2.22617  1.68692  2.23625  
1.70481  3.26214  1.702  3.25933  
1.28305  3.09602  
1.22745  3.18423  
1.30189  3.0645  
1.13026  3.32092  
1.21171  3.20746  
1.00675  3.47829  
1.69358  2.17498  
1.79942  1.7996  
0.960033  3.53061  
1.35692  2.96761  
1.31953  3.03537  
0.854459  3.64008  
1.45423  2.78263  
1.33752  3.00411  
1.9612  0.792951  
1.09876  3.36629  
1.9469  0.923252  
1.78952  1.83714  
1.99492  0.307719  
1.63018  2.3605  
0.763436  3.71737  
1.59108  2.46309  
1.11543  3.34318  
1.54619  2.57719  
1.56267  2.5356  
1.99761  0.227128  
1.73499  2.04078  
1.61848  2.39241  
1.66485  2.26184  
1.6788  2.2202  
1.98618  0.48371  
0.916363  3.57635  
1.91134  1.18379  
1.43804  2.81673  
0.371339  3.93175  
0.14937  3.99005  
1.49206  2.70143  
0.445076  3.91907  
2.00062  0.00062378  
1.47378  2.7425  
0.315959  3.95158  
1.97689  0.617638  
0.696776  3.7686  
1.92989  1.06031  
1.90521  1.22275  
0.545543  3.86873  
1.16338  3.27656  
0.26241  3.96672  
1.95468  0.854937  
1.08223  3.38739  
1.85943  1.52786  
1.74857  1.99393  
1.75792  1.95674  
1.83609  1.64471  
0.639634  3.8087  
1.81566  1.73311  
1.77924  1.882  
0.492454  3.89494  
1.57582  2.50319  
0.574725  3.84927  
1.99042  0.408059  
0.61248  3.82665  
0.899699  3.59708  
1.40163  2.88552  
1.03152  3.44891  
0.872772  3.62287  
1.37201  2.94335  
0.790245  3.69641  
1.93901  0.987514  
1.06313  3.40835  
1.72188  2.08432  
1.88144  1.39889  
1.41667  2.85953  
1.26492  3.12562  
1.96682  0.735179  
0.944512  3.54732  
1.64676  2.31332  
1.80748  1.76698  
1.82443  1.69585  
1.1939  3.23101  
1.24775  3.15193  
1.84908  1.58538  
1.894  1.35107  
1.97187  0.678834  
0.734895  3.74217  
1.70592  2.13445  
1.38915  2.91004  
0.98075  3.50801  
1.98169  0.55268  
1.52725  2.62241  
1.14868  3.29925  
1.76887  1.91711  
1.86969  1.48337  
1.51139  2.65847  
0.836553  3.65688  
0.809033  3.68128  
0.669541  3.79012  
0.209942  3.97915  
1.60641  2.42427  
0.000791716  4.00071  
0.690131  4.32537  0.691782  4.32702  
0.00106147  4.00098  0.00106147  4.00098  
1.85669  1.52511  1.86776  1.47001  
1.43612  2.80584  1.41313  2.88161  
1.14304  3.29486  1.14304  3.29486  
0.769421  3.70234  0.769421  3.70234  
2.00074  0.000743367  2.00074  0.000743367  
1.3293  3.87761  1.33382  3.88212  
1.67617  2.218  1.69432  2.18658  
1.62547  3.46463  1.61226  3.46835  
0.683575  4.31881  0.721299  4.30395  
0.00106147  4.00098  0.00106147  4.00098  
1.85669  1.52511  1.87052  1.53894  
1.43612  2.80584  1.4361  2.80582  
1.14304  3.29486  1.14304  3.29486  
0.769421  3.70234  0.857042  3.62495  
2.00074  0.000743264  2.00074  0.000743264  
1.43137  3.74673  1.43137  3.74673  
1.67137  2.23241  1.63401  2.34027  
1.62792  3.46708  1.62792  3.46708  
0.683575  4.31881  0.749214  4.29907  
0.00106147  4.00098  0.00891102  4.00883  
1.85669  1.52511  1.85669  1.52511  
1.43612  2.80584  1.43612  2.80584  
1.14304  3.29486  1.14304  3.29486  
0.769421  3.70234  0.769421  3.70234  
2.00074  0.000743264  2.00334  0.00334183  
1.37275  3.82184  1.36895  3.81804  
1.67137  2.23241  1.67731  2.23834  
1.62792  3.46708  1.63665  3.4758  
0.694477  4.32971  0.811785  4.27639  
0.00106147  4.00098  0.177327  3.98975  
1.85669  1.52511  1.86254  1.53097  
1.43612  2.80584  1.43612  2.80584  
1.14304  3.29486  1.13178  3.31032  
0.769421  3.70234  0.769421  3.70234  
2.00074  0.000743367  2.00074  0.000743367  
1.3293  3.87761  1.33603  3.88433  
1.67137  2.23241  1.67137  2.23241  
1.63182  3.47098  1.63541  3.47456  
0.815729  4.29219  0.743996  4.31533  
0.00106147  4.00098  0.147047  4.00776  
1.8566  1.52502  1.86581  1.53423  
1.43612  2.80584  1.43612  2.80584  
1.14304  3.29486  1.14304  3.29486  
0.769421  3.70234  0.777543  3.71046  
2.00074  0.000737817  2.00074  0.000737817  
1.41048  3.7692  1.50126  3.67484  
1.67617  2.218  1.67617  2.218  
1.64353  3.43404  1.64353  3.43404  
0.772314  4.31564  0.769147  4.31247  
0.00106147  4.00098  0.00106147  4.00098  
1.8566  1.52502  1.8566  1.52502  
1.43612  2.80584  1.43804  2.80775  
1.14304  3.29486  1.14304  3.29486  
0.769421  3.70234  0.769394  3.70231  
2.00074  0.000737817  2.00897  0.00897125  
1.41119  3.76992  1.48869  3.67501  
1.67617  2.218  1.68429  2.22612  
1.64768  3.43819  1.65319  3.4437  
0.72597  4.30316  0.732126  4.29596  
0.00106147  4.00098  0.00106147  4.00098  
1.85669  1.52511  1.85669  1.52511  
1.43612  2.80584  1.43682  2.80653  
1.14304  3.29486  1.1495  3.30133  
0.769421  3.70234  0.775561  3.70848  
2.00074  0.000743355  2.00074  0.000743251  
1.32888  3.87719  1.51393  3.64755  
1.67137  2.23241  1.67137  2.23241  
1.66306  3.40398  1.64821  3.43872  
0.868137  4.27303  0.869998  4.2749  
0.00106147  4.00098  0.00543719  4.00536  
1.85669  1.52511  1.85669  1.52511  
1.43612  2.80584  1.43856  2.80827  
1.14304  3.29486  1.14304  3.29486  
0.769421  3.70234  0.769421  3.70234  
2.00074  0.00074328  2.00115  0.00114619  
1.42254  3.77858  1.42252  3.77856  
1.67137  2.23241  1.68209  2.24312  
1.62051  3.47437  1.62171  3.47558  
0.733404  4.3106  0.743738  4.32093  
0.00106147  4.00098  0.137477  3.99921  
1.85669  1.52511  1.85669  1.52511  
1.43612  2.80584  1.43612  2.80584  
1.14304  3.29486  1.14304  3.29486  
0.769421  3.70234  0.769421  3.70234  
2.00074  0.000743328  2.00074  0.000743328  
1.47407  3.67526  1.35794  3.82247  
1.67137  2.23241  1.67137  2.23241  
1.64962  3.41968  1.61606  3.49708  
0.676142  4.31138  0.685731  4.32097  
0.00106147  4.00098  0.00966859  4.00959  
1.85669  1.52511  1.85669  1.52511  
1.43612  2.80584  1.47342  2.75272  
1.14304  3.29486  1.14986  3.30169  
0.769421  3.70234  0.770386  3.7033  
2.00074  0.000743264  2.00918  0.00918207  
1.43929  3.75465  1.4381  3.75346  
1.67137  2.23241  1.68079  2.24182  
1.62066  3.45982  1.61529  3.46419  
1.51843  2.62719  
0.815336  3.66198  
1.81436  1.71275  
1.76737  1.90289  
1.5565  2.54248  
1.0803  3.37821  
1.34559  2.97467  
1.68514  2.1811  
1.87417  1.43737  
1.36513  2.94382  
1.864  1.48898  
0.797186  3.67842  
1.39544  2.8863  
1.22278  3.17673  
0.95962  3.52119  
1.45311  2.77072  
1.9469  0.923252  
1.97735  0.610723  
1.60077  2.42864  
1.99843  0.192976  
1.97183  0.678397  
1.61456  2.39358  
1.47156  2.73159  
1.62666  2.35978  
1.37653  2.92256  
1.58299  2.476  
0.20101  3.98101  
1.50103  2.66681  
1.09603  3.35795  
1.26911  3.10441  
0.685867  3.76705  
0.875341  3.60751  
1.91134  1.18379  
1.991  0.395164  
0.371339  3.93175  
1.11272  3.33579  
0.915184  3.56799  
0.445076  3.91907  
2.00056  0.000556704  
1.64054  2.32196  
1.19239  3.2236  
1.89613  1.30915  
1.30511  3.04579  
1.98715  0.466254  
1.90521  1.22275  
0.545543  3.86873  
1.56785  2.5145  
0.262965  3.96663  
1.95468  0.854937  
0.315599  3.9513  
1.72441  2.05629  
1.16135  3.26923  
1.01132  3.46222  
1.85541  1.52383  
0.93333  3.54915  
1.77769  1.86198  
0.985815  3.49148  
0.492454  3.89494  
1.1291  3.31257  
0.575437  3.84523  
1.28348  3.08146  
0.592364  3.82958  
0.896621  3.58612  
1.32956  3.00805  
1.92731  1.07468  
1.69859  2.13691  
1.17676  3.24612  
1.43521  2.80492  
1.93901  0.987514  
1.14518  3.2919  
1.02871  3.44167  
1.88512  1.37882  
1.84475  1.58201  
0.713804  3.74538  
1.96606  0.74246  
0.621345  3.81131  
0.741975  3.72455  
1.7922  1.8055  
1.24653  3.14159  
1.05494  3.40909  
1.53966  2.57739  
1.96035  0.800587  
1.80369  1.76133  
1.73863  2.00404  
0.132573  3.99232  
1.7107  2.10026  
1.82475  1.67225  
1.67338  2.21699  
1.98206  0.546226  
1.66061  2.25981  
1.99501  0.30345  
0.842943  3.63756  
1.75387  1.95003  
0.768758  3.70167  
1.48931  2.69292  
1.20789  3.20126  
1.41576  2.84682  
0.64904  3.79294  
1.83198  1.63502  
0.000791716  4.00071  
0.939379  4.26294  0.853958  4.30181  
0.00103307  4.00096  0.00115639  4.00108  
1.86678  1.45479  1.88097  1.46899  
1.44197  2.78357  1.44197  2.78357  
1.16082  3.26417  1.16082  3.26417  
0.779001  3.69319  0.779001  3.69319  
2.00064  0.000638555  2.00064  0.000638555  
1.39304  3.73749  1.39304  3.73749  
1.68576  2.18203  1.69732  2.1936  
1.56653  3.60544  1.57127  3.61017  
1.11818  4.1557  1.09033  4.17002  
0.00103307  4.00096  0.00103307  4.00096  
1.86662  1.45464  1.86866  1.45668  
1.44197  2.78357  1.44551  2.78711  
1.16121  3.26457  1.1613  3.26465  
0.778854  3.69304  0.785847  3.70003  
2.00061  0.000605832  2.00061  0.000605832  
1.4111  3.70736  1.42983  3.70041  
1.68582  2.18209  1.68582  2.18209  
1.55502  3.61965  1.55503  3.61965  
1.01874  4.21824  1.05744  4.18349  
0.00103307  4.00096  0.00120657  4.00113  
1.86678  1.45479  1.86715  1.45516  
1.44197  2.78357  1.44975  2.79136  
1.16082  3.26417  1.19848  3.22963  
0.779001  3.69319  0.824291  3.66545  
2.00061  0.000605832  2.00332  0.0033239  
1.37617  3.77109  1.36735  3.76226  
1.68582  2.18209  1.68582  2.18209  
1.56653  3.60544  1.58383  3.57176  
1.02914  4.19698  1.02833  4.19617  
0.00103307  4.00096  0.00103307  4.00096  
1.86688  1.4549  1.86688  1.4549  
1.44207  2.78368  1.44708  2.78868  
1.16111  3.26446  1.16111  3.26446  
0.791232  3.68217  0.795462  3.6864  
2.00061  0.000677298  2.00282  0.00288937  
1.42491  3.69428  1.3337  3.7961  
1.68543  2.18167  1.59375  2.44146  
1.60617  3.56257  1.60617  3.56257  
1.01874  4.21824  0.947071  4.2365  
0.00103307  4.00096  0.00237939  4.0023  
1.86662  1.45464  1.88092  1.46894  
1.44197  2.78357  1.44514  2.78674  
1.16082  3.26417  1.16393  3.26728  
0.779001  3.69319  0.779001  3.69319  
2.00061  0.000605832  2.00061  0.000605832  
1.37301  3.76792  1.37081  3.76573  
1.68582  2.18209  1.6927  2.189  
1.56653  3.60544  1.56888  3.60778  
0.81559  4.31058  0.816734  4.31173  
0.00103307  4.00096  0.00163407  4.00156  
1.86659  1.45461  1.86659  1.45461  
1.44227  2.78387  1.44227  2.78387  
1.16118  3.26453  1.16226  3.26562  
0.796953  3.67754  0.804868  3.68545  
2.00061  0.000677298  2.00061  0.000677298  
1.2588  3.84919  1.25785  3.84825  
1.68542  2.18169  1.6928  2.18907  
1.69657  3.37222  1.69657  3.37222  
0.815732  4.31073  0.811491  4.30649  
0.00103307  4.00096  0.112083  3.99478  
1.86659  1.45461  1.87412  1.46213  
1.44227  2.78387  1.44227  2.78387  
1.16118  3.26453  1.16118  3.26453  
0.796953  3.67754  0.796953  3.67754  
2.00061  0.000623379  2.01629  0.016306  
1.25954  3.84994  1.26149  3.85189  
1.68542  2.18169  1.67904  2.20127  
1.68489  3.36055  1.69241  3.36807  
0.814944  4.30994  0.821029  4.31602  
0.00103307  4.00096  0.00103307  4.00096  
1.86659  1.45461  1.86659  1.45461  
1.44427  2.77872  1.44902  2.78347  
1.16118  3.26453  1.16734  3.27069  
0.797152  3.67774  0.797152  3.67774  
2.00061  0.000605832  2.00808  0.00808472  
1.43527  3.65535  1.43779  3.65786  
1.68576  2.18203  1.68576  2.18203  
1.69126  3.36691  1.71916  3.34381  
1.11829  4.15581  1.11829  4.15581  
0.00103307  4.00096  0.00103307  4.00096  
1.86662  1.45464  1.87508  1.4631  
1.44194  2.78354  1.44167  2.78327  
1.16121  3.26457  1.19527  3.21512  
0.778854  3.69304  0.779019  3.6932  
2.00061  0.000605832  2.00697  0.00696827  
1.41707  3.71333  1.43231  3.72857  
1.68582  2.18209  1.68582  2.18209  
1.56765  3.63227  1.56765  3.63227  
0.820363  4.30128  0.876153  4.26458  
0.00103307  4.00096  0.0170316  4.00912  
1.86659  1.45461  1.86671  1.45473  
1.44194  2.78354  1.44216  2.78376  
1.16118  3.26453  1.16397  3.2604  
0.797152  3.67774  0.749919  3.71707  
2.00061  0.000605832  2.00698  0.00698199  
1.4002  3.69743  1.40241  3.69964  
1.67912  2.20135  1.68685  2.20908  
1.7107  3.35681  1.71875  3.36486  
1.69429  2.13988  
1.28462  3.07348  
1.26897  3.1  
0.210031  3.97904  
1.80845  1.72512  
1.11136  3.3322  
1.48036  2.70177  
1.9877  0.454227  
1.87199  1.42514  
1.14358  3.28842  
1.87978  1.38501  
1.29701  3.05348  
1.73255  2.01141  
0.842516  3.63658  
1.0279  3.43864  
1.55945  2.51753  
1.94456  0.94088  
1.36755  2.93015  
1.66516  2.22856  
1.85193  1.52791  
1.97164  0.678232  
0.686627  3.7648  
1.80041  1.75301  
1.21386  3.18618  
1.88708  1.34463  
1.93732  1.00009  
1.06224  3.39548  
1.74554  1.96598  
0.713886  3.74457  
1.4632  2.73927  
1.16063  3.26398  
0.769257  3.70104  
1.91341  1.17066  
1.23103  3.15966  
0.369667  3.93239  
1.17604  3.24323  
1.67667  2.19309  
0.445076  3.91907  
2.0005  0.000500135  
1.63421  2.33217  
0.131999  3.99236  
1.72026  2.05411  
1.57528  2.47851  
1.89696  1.28385  
1.90521  1.22275  
0.545543  3.86873  
1.09501  3.35366  
1.8217  1.66666  
1.95374  0.861451  
1.78307  1.827  
1.99249  0.360583  
1.70817  2.09311  
1.83042  1.62834  
0.941025  3.53902  
1.65375  2.27648  
1.38696  2.893  
1.97767  0.603957  
0.492454  3.89494  
1.77248  1.8671  
0.571402  3.84214  
1.00336  3.46744  
1.98277  0.533679  
1.33248  2.99359  
1.12808  3.30961  
1.92731  1.07468  
0.325071  3.9481  
1.54269  2.55829  
1.07834  3.37525  
0.861025  3.61928  
0.796448  3.67703  
1.04407  3.4189  
1.61217  2.37896  
0.7417  3.72362  
0.887746  3.59347  
1.96606  0.74246  
0.621742  3.81048  
1.34692  2.96767  
1.84306  1.57011  
1.76086  1.91058  
0.98545  3.48879  
0.916469  3.56462  
1.96035  0.800587  
0.262828  3.96652  
1.7922  1.79023  
1.86184  1.4646  
1.44421  2.77866  
1.19142  3.21982  
1.49768  2.66384  
1.99743  0.225994  
1.52625  2.59774  
1.59345  2.43064  
1.31116  3.02938  
1.25264  3.12647  
0.824425  3.65306  
1.50946  2.63612  
1.40594  2.85438  
0.958751  3.51722  
0.657745  3.78574  
1.42495  2.81829  
0.000744251  4.00067  
1.25128  3.88559  1.2582  3.89252  
0.00100847  4.00093  0.00100847  4.00093  
1.86529  1.45331  1.87002  1.45804  
1.44894  2.76784  1.4553  2.7742  
1.15142  3.27564  1.15187  3.2761  
0.777654  3.69184  0.778131  3.69232  
2.00056  0.000564292  2.00283  0.00282743  
0.751124  4.22769  0.793415  4.20859  
1.68422  2.18038  1.68446  2.18062  
1.41136  3.90616  1.41136  3.90616  
1.24934  3.88365  1.22586  3.91296  
0.00100847  4.00093  0.00100847  4.00093  
1.86529  1.45331  1.86959  1.4576  
1.44894  2.76784  1.45697  2.77587  
1.15142  3.27564  1.15773  3.28195  
0.777654  3.69184  0.7938  3.70798  
2.00056  0.000564292  2.00814  0.00814344  
0.750664  4.22723  0.750664  4.22723  
1.68422  2.18038  1.67513  2.20819  
1.41169  3.90649  1.40845  3.90325  
1.25742  3.89173  1.07944  4.02615  
0.00100847  4.00093  0.00139991  4.00132  
1.86529  1.45331  1.87051  1.45852  
1.44894  2.76784  1.44894  2.76784  
1.15142  3.27564  1.15142  3.27564  
0.777654  3.69184  0.77928  3.69346  
2.00056  0.000564292  2.01713  0.0171345  
0.687799  4.25895  0.678109  4.24926  
1.68422  2.18038  1.68422  2.18038  
1.40061  3.89542  1.39089  3.88569  
1.25261  3.88692  1.15808  3.96117  
0.00100847  4.00093  0.0104332  4.00913  
1.86529  1.45331  1.87151  1.45953  
1.44883  2.76772  1.45454  2.77344  
1.15142  3.27564  1.15142  3.27564  
0.777654  3.69184  0.701677  3.75289  
2.00056  0.000564292  2.00888  0.00887517  
0.743312  4.2377  0.747572  4.24196  
1.68422  2.18038  1.69504  2.19121  
1.42042  3.91523  1.42042  3.91523  
1.24902  3.88333  1.24902  3.88333  
0.00100847  4.00093  0.0123629  4.01229  
1.86529  1.45331  1.86844  1.45646  
1.44894  2.76784  1.44894  2.76784  
1.15125  3.27548  1.15762  3.28185  
0.777654  3.69184  0.777654  3.69184  
2.00056  0.000564292  2.00219  0.23526  
0.804139  4.19661  0.808662  4.20113  
1.68415  2.18031  1.68945  2.18562  
1.41682  3.91162  1.41682  3.91162  
1.24224  3.87655  1.25689  3.8912  
0.00100847  4.00093  0.00961171  4.00953  
1.86529  1.45331  1.8819  1.42808  
1.44894  2.76784  1.44894  2.76784  
1.15142  3.27564  1.15142  3.27564  
0.777654  3.69184  0.783316  3.6975  
2.00056  0.000564292  2.00056  0.000564292  
0.749918  4.24104  0.753282  4.2444  
1.68422  2.18038  1.68864  2.1848  
1.40738  3.90218  1.39156  3.9312  
1.26764  3.90195  1.26537  3.89968  
0.00100847  4.00093  0.00100847  4.00093  
1.86529  1.45331  1.86529  1.45331  
1.44883  2.76773  1.44917  2.76806  
1.15142  3.27564  1.15142  3.27564  
0.777654  3.69184  0.787869  3.70205  
2.00056  0.000564292  2.00162  0.00162314  
0.754302  4.23087  0.782981  4.22654  
1.68424  2.18041  1.69176  2.18792  
1.41168  3.94956  1.40701  3.9449  
1.2564  3.89071  1.25929  3.8936  
0.00100847  4.00093  0.00118206  4.0011  
1.86529  1.45331  1.86529  1.45331  
1.44883  2.76772  1.44883  2.76772  
1.15142  3.27564  1.15318  3.27741  
0.777654  3.69184  0.777654  3.69184  
2.00056  0.000564292  2.00806  0.00806332  
0.858931  4.1888  0.85927  4.18914  
1.68422  2.18038  1.68422  2.18038  
1.41482  3.90962  1.42042  3.91523  
1.25411  3.88842  1.28437  3.9022  
0.00100847  4.00093  0.00100847  4.00093  
1.86529  1.45331  1.87509  1.46311  
1.44894  2.76784  1.46222  2.78112  
1.15142  3.27564  1.18011  3.30433  
0.777654  3.69184  0.777654  3.69184  
2.00056  0.000564292  2.0015  0.00150054  
0.806898  4.19937  0.809695  4.20216  
1.68415  2.18031  1.69279  2.18895  
1.404  3.8988  1.41135  3.90615  
1.26764  3.90195  1.26144  3.89575  
0.00100847  4.00093  0.00174318  4.00167  
1.86651  1.44705  1.86651  1.44705  
1.44883  2.76773  1.46271  2.7384  
1.15142  3.27564  1.15472  3.27894  
0.777654  3.69184  0.786082  3.70027  
2.00056  0.000564292  2.00599  0.00599097  
0.754302  4.23087  0.751689  4.22826  
1.68424  2.18041  1.68424  2.18041  
1.41632  3.91112  1.41732  3.91213  
1.68945  2.14801  
1.13536  3.29794  
1.91982  1.12595  
1.99461  0.309077  
1.75669  1.9198  
0.132356  3.99229  
0.73159  3.72917  
0.878387  3.60064  
0.905171  3.57409  
1.78214  1.82355  
1.60999  2.38049  
1.36004  2.94254  
1.0862  3.36347  
1.10271  3.34193  
1.11912  3.32007  
1.55862  2.51916  
1.94456  0.94088  
1.95292  0.86883  
1.16737  3.25301  
1.05254  3.40594  
1.97164  0.678232  
1.88579  1.3434  
1.48024  2.70087  
1.62876  2.34272  
1.7281  2.0209  
1.93732  1.00009  
1.64355  2.28566  
0.776916  3.6911  
1.18383  3.22916  
1.41291  2.84129  
1.50862  2.63698  
1.39558  2.87532  
1.91341  1.17066  
1.84627  1.54744  
0.369667  3.93239  
1.89574  1.28607  
1.68065  2.17546  
0.445076  3.91907  
1.52499  2.59947  
0.210007  3.97904  
1.01887  3.44689  
1.71422  2.06765  
1.57528  2.47851  
1.06947  3.3848  
1.90521  1.22275  
0.545543  3.86873  
1.98958  0.419177  
0.992822  3.47683  
1.44852  2.76742  
1.98399  0.514515  
1.82776  1.63297  
1.70477  2.09906  
0.805081  3.6681  
1.74391  1.96587  
0.647527  3.79097  
1.38035  2.9048  
1.97767  0.603957  
0.492454  3.89494  
0.676469  3.7704  
0.576375  3.83749  
1.25205  3.12465  
1.46263  2.73857  
0.824071  3.65148  
1.29575  3.05232  
1.92731  1.07468  
0.325071  3.9481  
1.54269  2.55829  
0.923464  3.55538  
1.33081  2.99211  
1.66146  2.23851  
1.22096  3.17343  
1.80713  1.72239  
0.610375  3.81544  
0.94886  3.52535  
1.96589  0.742423  
1.79585  1.76895  
1.83493  1.60051  
1.49198  2.67491  
1.23765  3.14749  
1.15094  3.27516  
1.81722  1.6794  
0.851001  3.62677  
0.262828  3.96652  
1.19885  3.2072  
1.85536  1.50331  
1.96011  0.801246  
0.750663  3.71404  
1.99776  0.212127  
0.704339  3.75001  
1.86517  1.45319  
1.5906  2.43439  
1.31057  3.02723  
1.87652  1.39347  
1.76834  1.87654  
1.27438  3.08837  
1.03578  3.4264  
0.974593  3.49736  
1.43202  2.80281  
2.00048  0.000480333  
0.000744251  4.00067  
1.14402  4.12455  1.14786  4.1215  
0.000986567  4.00091  0.0123803  4.0123  
1.86517  1.45319  1.87402  1.46204  
1.45079  2.75959  1.45079  2.75959  
1.15824  3.26491  1.1588  3.26547  
0.787129  3.68164  0.787129  3.68164  
2.00052  0.000521421  2.00052  0.000521421  
0.675208  4.33207  0.673907  4.33077  
1.68287  2.17903  1.68287  2.17903  
1.35958  4.01669  1.36753  4.02464  
1.14897  4.12501  1.15578  4.13182  
0.000986567  4.00091  0.131856  3.99238  
1.86517  1.45319  1.86517  1.45319  
1.45079  2.75959  1.45079  2.75959  
1.15824  3.26491  1.16005  3.26673  
0.787129  3.68164  0.797526  3.69203  
2.00052  0.000521421  2.00883  0.00882662  
0.571493  4.3708  0.586778  4.38609  
1.68287  2.17903  1.72168  2.08579  
1.33574  4.03031  1.33727  4.03185  
1.14402  4.12455  1.13611  4.11664  
0.000986567  4.00091  0.000986567  4.00091  
1.86517  1.45319  1.8254  1.66042  
1.45079  2.75959  1.45079  2.75959  
1.15824  3.26491  1.15824  3.26491  
0.787129  3.68164  0.787129  3.68164  
2.00052  0.000521421  2.00052  0.000521421  
0.560599  4.35991  0.556287  4.3556  
1.68287  2.17903  1.73466  2.01075  
1.36113  4.01823  1.36538  4.02248  
1.1433  4.12383  1.1458  4.12184  
0.000986567  4.00091  0.00414381  4.00407  
1.86517  1.45319  1.86508  1.4531  
1.45079  2.75959  1.37584  2.9084  
1.15824  3.26491  1.15907  3.26575  
0.787129  3.68164  0.791053  3.68556  
2.00052  0.000521421  2.00052  0.000521421  
0.56559  4.3649  0.572897  4.37221  
1.68287  2.17903  1.68872  2.18488  
1.35547  4.01258  1.35119  4.00829  
1.14321  4.11529  1.13446  4.10654  
0.000986567  4.00091  0.124309  3.99329  
1.86506  1.45308  1.86506  1.45308  
1.4508  2.7596  1.53005  2.58333  
1.15302  3.27229  1.15824  3.26491  
0.787129  3.68164  0.787129  3.68164  
2.00052  0.000521421  2.00199  0.00198632  
0.574146  4.37346  0.579786  4.3791  
1.68308  2.17837  1.68892  2.18421  
1.37689  3.9295  1.38117  3.93378  
1.14321  4.11529  1.24209  4.03053  
0.000986567  4.00091  0.00160162  4.00152  
1.86506  1.45308  1.86506  1.45308  
1.45079  2.75959  1.45639  2.76519  
1.15302  3.27229  1.16074  3.28  
0.787129  3.68164  0.787129  3.68164  
2.00052  0.000521421  2.00823  0.00823095  
0.579278  4.37859  0.581992  4.3813  
1.68308  2.17837  1.68308  2.17837  
1.40069  3.9533  1.35184  4.04002  
1.14437  4.11645  1.13673  4.10882  
0.000986567  4.00091  0.00447253  4.00439  
1.86506  1.45308  1.87529  1.46331  
1.4508  2.7596  1.46595  2.77271  
1.15302  3.27229  1.16727  3.28653  
0.787129  3.68164  0.787951  3.68246  
2.00052  0.000521421  2.00065  0.000648625  
0.569139  4.36845  0.564084  4.3634  
1.68308  2.17837  1.69413  2.18939  
1.39298  3.94559  1.39298  3.94559  
1.14437  4.11645  1.14437  4.11645  
0.000986567  4.00091  0.000986567  4.00091  
1.86506  1.45308  1.86946  1.45748  
1.45079  2.75959  1.39327  2.87564  
1.15302  3.27229  1.15302  3.27229  
0.787129  3.68164  0.762018  3.71291  
2.00052  0.000521421  1.99898  0.157554  
0.569288  4.3686  0.579904  4.36724  
1.68287  2.17903  1.68287  2.17903  
1.34829  4.00539  1.34398  4.00109  
1.14923  4.12976  1.14878  4.12931  
0.000986567  4.00091  0.00785941  4.00778  
1.86517  1.45319  1.86988  1.4579  
1.45079  2.75959  1.38669  2.88832  
1.15824  3.26491  1.15824  3.26491  
0.787129  3.68164  0.787129  3.68164  
2.00052  0.000515902  1.99801  0.255189  
0.551069  4.35585  0.549671  4.35445  
1.68287  2.17903  1.68287  2.17903  
1.36113  4.01823  1.36426  4.02136  
1.14402  4.12455  1.14067  4.12121  
0.000986567  4.00091  0.00933103  4.00925  
1.86517  1.45319  1.86517  1.45319  
1.45079  2.75959  1.45513  2.76393  
1.15824  3.26491  1.16305  3.26973  
0.787129  3.68164  0.773207  3.69559  
2.00052  0.000521421  2.00052  0.000521421  
0.560599  4.35991  0.566369  4.36568  
1.68287  2.17903  1.68287  2.17903  
1.35423  4.01133  1.23514  4.13669  
1.61708  2.36267  
1.75694  1.91757  
1.91982  1.12595  
1.63158  2.32835  
1.85461  1.50565  
0.201012  3.98081  
1.11904  3.31964  
0.637259  3.79553  
2.00044  0.00043951  
1.87813  1.38409  
0.86943  3.60698  
1.5449  2.54804  
1.08597  3.36272  
1.51363  2.6212  
1.42942  2.80382  
1.58433  2.45662  
1.94456  0.94088  
1.952  0.876703  
1.40561  2.85153  
1.05251  3.40554  
1.97164  0.678232  
0.676147  3.7686  
1.72699  2.02345  
1.15298  3.27224  
1.17937  3.23455  
1.93732  1.00009  
0.841925  3.63294  
1.22207  3.17056  
1.95933  0.808187  
1.55978  2.51133  
0.786768  3.68128  
1.81238  1.70006  
1.91341  1.17066  
1.99478  0.303224  
0.369667  3.93239  
1.34523  2.96565  
1.67326  2.19901  
0.453728  3.89707  
1.99133  0.384254  
1.68927  2.14703  
1.83477  1.60054  
1.71508  2.06357  
0.71299  3.74142  
1.06937  3.38436  
1.90499  1.2281  
0.545543  3.86873  
1.46743  2.72421  
0.992648  3.47654  
1.25203  3.12349  
1.98233  0.538724  
1.20593  3.19517  
1.70335  2.10255  
1.13515  3.29717  
0.140758  3.99112  
1.97714  0.610915  
1.48516  2.68552  
1.50233  2.64706  
0.742742  3.71836  
0.975539  3.49534  
1.86498  1.453  
1.27286  3.08966  
1.38614  2.88941  
1.74349  1.96605  
1.28833  3.06476  
1.92731  1.07468  
0.325071  3.9481  
1.84604  1.54722  
0.923154  3.55241  
1.3315  2.99031  
1.65683  2.24648  
1.82459  1.64587  
1.02739  3.43548  
0.601748  3.81974  
0.94886  3.52535  
1.96589  0.742423  
1.00991  3.45687  
0.768361  3.69742  
1.64318  2.28607  
1.99799  0.201547  
1.59923  2.41772  
0.563022  3.84329  
1.23693  3.14744  
0.262846  3.96643  
0.394106  3.92294  
1.78891  1.79625  
1.36523  2.92857  
1.53005  2.58333  
1.45063  2.75943  
1.89562  1.28478  
1.7785  1.83568  
1.88725  1.33321  
1.30929  3.02883  
0.824847  3.64854  
0.904228  3.57267  
1.10241  3.34126  
1.80134  1.74503  
1.98729  0.459815  
1.76933  1.87139  
0.887131  3.58974  
0.000744251  4.00067  
0.944591  4.20023  0.944591  4.20023  
0.000996466  4.00091  0.00952264  4.00944  
1.86959  1.42589  1.86959  1.42589  
1.45026  2.75906  1.45036  2.75916  
1.1578  3.26512  1.15787  3.26519  
0.787018  3.68153  0.797781  3.69229  
2.00049  0.00049434  1.99469  0.305125  
0.890157  4.24789  0.899827  4.2445  
1.68554  2.16338  1.69038  2.16822  
1.2169  4.078  1.2169  4.078  
0.944591  4.20023  0.999288  4.16192  
0.000996466  4.00091  0.0149468  4.01486  
1.86959  1.42589  1.87778  1.43408  
1.45026  2.75906  1.46673  2.77554  
1.1578  3.26512  1.16026  3.26758  
0.787018  3.68153  0.794765  3.68927  
2.00049  0.00049434  2.01274  0.0127446  
0.890237  4.24797  0.879161  4.2369  
1.68554  2.16338  1.68607  2.16391  
1.29712  4.01626  1.28629  4.00544  
1.01336  4.1562  0.944591  4.20023  
0.000996466  4.00091  0.000996466  4.00091  
1.86959  1.42589  1.86959  1.42589  
1.45026  2.75906  1.45168  2.76048  
1.1578  3.26512  1.24072  3.15172  
0.787018  3.68153  0.787018  3.68153  
2.00049  0.00049434  2.00049  0.00049434  
0.889615  4.24735  0.889615  4.24735  
1.68554  2.16338  1.69004  2.16788  
1.36078  3.94719  1.36078  3.94719  
0.99726  4.14009  0.994727  4.13756  
0.000972911  4.00089  0.000972911  4.00089  
1.86959  1.42589  1.88038  1.43668  
1.45026  2.75906  1.45655  2.76535  
1.1578  3.26512  1.1578  3.26512  
0.787018  3.68153  0.790011  3.68452  
2.00049  0.00049434  2.00049  0.00049434  
0.895323  4.25306  0.891261  4.24913  
1.68554  2.16337  1.68554  2.16337  
1.35646  3.94288  1.35476  3.94118  
0.946868  4.20251  0.946868  4.20251  
0.000996466  4.00091  0.0456993  4.01963  
1.86958  1.42588  1.80494  1.7292  
1.45026  2.75906  1.45026  2.75906  
1.1578  3.26512  1.1653  3.27262  
0.787018  3.68153  0.787018  3.68153  
2.00049  0.00049434  2.00051  0.000512882  
0.904625  4.24771  0.908025  4.25111  
1.68554  2.16338  1.69445  2.17229  
1.22073  4.08183  1.22248  4.08358  
0.944591  4.20023  0.944591  4.20023  
0.000996466  4.00091  0.00941874  4.00933  
1.86959  1.42589  1.86959  1.42589  
1.45026  2.75906  1.45026  2.75906  
1.1578  3.26512  1.16297  3.27029  
0.787018  3.68153  0.799675  3.69418  
2.00049  0.00049434  2.00135  0.0013515  
0.892194  4.24993  0.890157  4.24789  
1.68554  2.16338  1.6866  2.16443  
1.27022  4.02806  1.26426  4.02211  
0.946642  4.20228  0.966195  4.1882  
0.000996466  4.00091  0.000996466  4.00091  
1.87037  1.4218  1.87216  1.42358  
1.45026  2.75906  1.45751  2.76631  
1.1578  3.26512  1.1578  3.26512  
0.787018  3.68153  0.787018  3.68153  
2.00049  0.00049434  2.00049  0.00049434  
0.899793  4.24288  0.822475  4.28135  
1.68554  2.16338  1.61581  2.38352  
1.22404  4.08514  1.22411  4.0852  
0.94358  4.19922  0.930484  4.18612  
0.000996466  4.00091  0.000996466  4.00091  
1.86958  1.42588  1.86958  1.42588  
1.45026  2.75906  1.45539  2.76419  
1.1578  3.26512  1.16992  3.27724  
0.787018  3.68153  0.787018  3.68153  
2.00049  0.00049434  2.01104  0.01104  
0.900529  4.24362  0.887153  4.23024  
1.68554  2.16337  1.68554  2.16337  
1.20932  4.07041  1.20468  4.06577  
0.939864  4.1955  0.932166  4.1878  
0.000996466  4.00091  0.000996466  4.00091  
1.86958  1.42588  1.87562  1.43192  
1.45026  2.75906  1.45026  2.75906  
1.1578  3.26512  1.16628  3.2736  
0.787018  3.68153  0.762483  3.71111  
2.00049  0.00049434  2.00519  0.137619  
0.910714  4.2538  0.910714  4.2538  
1.68554  2.16337  1.69616  2.17399  
1.2163  4.07739  1.22435  4.08545  
0.946317  4.20195  0.939809  4.19545  
0.000996466  4.00091  0.000996466  4.00091  
1.86958  1.42588  1.86958  1.42588  
1.45026  2.75906  1.45026  2.75906  
1.1578  3.26512  1.15854  3.26586  
0.787018  3.68153  0.787018  3.68153  
2.00049  0.00049434  2.00658  0.00657818  
0.901825  4.24491  0.901825  4.24491  
1.68554  2.16337  1.67915  2.20349  
1.2163  4.07739  1.2163  4.07739  
1.03555  3.42529  
1.26367  3.10424  
1.91982  1.12595  
1.67356  2.20024  
0.131245  3.99241  
1.42239  2.81647  
1.18338  3.22825  
1.40522  2.85071  
0.99247  3.47605  
1.83165  1.61088  
1.86609  1.44406  
1.63079  2.3251  
1.34547  2.96371  
1.68486  2.1627  
1.08585  3.36245  
1.7898  1.78938  
1.94444  0.940843  
0.48889  3.88183  
1.56085  2.50618  
1.64373  2.28639  
1.97158  0.678487  
1.45871  2.74119  
1.71448  2.06343  
0.741049  3.7194  
1.3241  3.00194  
1.93707  1.00002  
0.958016  3.51456  
0.209706  3.97905  
1.95933  0.808187  
1.43638  2.78794  
1.57736  2.4681  
1.8499  1.52549  
1.91329  1.17248  
1.05231  3.40481  
0.369667  3.93239  
1.50787  2.63269  
1.85815  1.48408  
0.442251  3.90322  
1.98689  0.466184  
1.06917  3.38375  
1.22153  3.17094  
1.99783  0.20675  
1.59293  2.42779  
1.66084  2.23846  
0.610466  3.81282  
1.1982  3.20632  
1.99123  0.384969  
1.82185  1.65474  
1.10242  3.34082  
1.83957  1.57436  
1.52449  2.59413  
1.38537  2.88931  
0.886313  3.59032  
1.14397  3.28454  
1.97712  0.610586  
1.89513  1.28427  
1.53999  2.55604  
1.77803  1.83616  
0.975539  3.49534  
0.930446  3.54378  
1.49074  2.67159  
1.90451  1.22836  
1.95189  0.877183  
0.713254  3.74102  
1.92731  1.07468  
0.325071  3.9481  
0.768586  3.69703  
1.81139  1.70031  
1.47285  2.71079  
1.8008  1.74475  
1.88858  1.32196  
0.527565  3.86226  
1.61274  2.37492  
1.12512  3.31045  
1.96511  0.749795  
1.00984  3.45582  
1.8778  1.38201  
0.859778  3.61599  
1.72706  2.02821  
0.647656  3.78821  
0.56226  3.84115  
1.36512  2.92758  
0.262846  3.96643  
0.394106  3.92294  
1.28785  3.06425  
1.75244  1.93161  
0.805263  3.66575  
1.98225  0.539499  
1.70114  2.1076  
0.904822  3.57178  
1.24394  3.13593  
2.00038  0.000381795  
1.16693  3.25209  
1.30398  3.03695  
0.832072  3.64177  
1.73845  1.98211  
1.99475  0.303375  
0.685468  3.76169  
1.76594  1.8824  
0.000744251  4.00067  
