2.92737  0.978228  2.92915  0.98469  
2.93191  0.99005  2.96501  0.986844  
2.92921  0.986574  2.89299  0.993915  
2.87096  1.0017  2.94331  0.986595  
2.93886  0.987333  2.94168  0.975718  
2.91076  0.991273  2.87189  1.00321  
2.92942  0.97199  2.94157  0.981981  
2.92007  0.991288  2.92492  0.982819  
2.95545  0.976903  2.9618  0.983183  
2.94973  0.980051  2.91641  0.994336  
2.93511  0.984974  2.94452  0.981074  
2.84613  1.02405  2.89263  0.991011  
2.8228  1.05714  2.93382  0.989847  
2.88589  0.997618  2.88077  1.0013  
2.96095  0.989409  2.91818  0.983785  
2.86907  1.00624  2.90874  0.991466  
2.92903  0.984839  2.86707  1.01833  
2.94133  0.986632  2.90094  0.996977  
2.90056  0.988671  2.87616  1.00835  
2.85332  1.02216  2.96571  0.986977  
2.9702  0.983667  2.91309  0.993915  
2.89612  0.997486  2.91335  0.981614  
2.93117  0.983273  2.93436  0.98273  
2.94615  0.98023  2.8879  1.0042  
2.90763  0.983404  2.85062  1.01566  
2.92133  0.983137  2.82469  1.06642  
2.95662  0.99218  2.87815  1.00348  
2.91575  0.991357  2.95434  0.983306  
2.89712  0.99695  2.94604  0.983468  
2.9399  0.981814  2.87212  1.00159  
2.98206  0.986304  2.96304  0.98738  
2.90964  0.989401  2.95607  0.980005  
2.90869  0.986489  2.92311  0.979252  
2.92049  0.986572  2.96159  0.983525  
2.96807  0.981324  2.9441  0.981718  
2.95574  0.987781  2.92651  0.987916  
2.95137  0.985787  2.92682  0.980009  
2.92545  0.990654  2.93631  0.988896  
2.95813  0.977998  2.89831  0.980479  
2.9472  0.986333  2.84934  1.01315  
2.93122  0.974682  2.95981  0.982356  
2.90817  0.976985  2.94122  0.988187  
2.95436  0.983552  2.96129  0.986609  
2.89668  0.998634  2.90634  0.97006  
2.95567  0.975582  2.89281  1.00156  
2.95794  0.979395  2.93913  0.979242  
2.93424  0.98995  2.92708  0.991609  
2.96411  0.983939  2.79444  1.10048  
2.966  0.977994  2.87825  0.985808  
2.97249  0.985732  2.92965  0.981011  
2.91881  0.977186  2.87391  0.996248  
2.95174  0.980175  2.93477  0.990877  
2.9533  0.984736  2.93669  0.981708  
2.89051  0.993796  2.95321  0.982256  
2.89839  0.993564  2.92071  0.982072  
2.93478  0.981119  2.96334  0.982928  
2.86111  1.0212  2.95182  0.989532  
2.91174  0.996446  2.95505  0.984396  
2.91343  0.983128  2.90719  0.996055  
2.90951  0.999677  2.8781  0.992787  
2.85216  1.04304  2.92739  0.988116  
2.95785  0.978394  2.83881  1.02333  
2.90654  0.984961  2.93154  0.976047  
2.89534  0.996114  2.92578  0.988256  
2.87794  1.00026  2.86941  1.01556  
2.82655  1.06635  2.89622  0.997679  
2.9243  0.993573  2.90602  0.982051  
2.91581  0.975461  2.92077  0.983473  
2.94628  0.965769  2.90073  0.985046  
2.94995  0.97655  2.93575  0.990533  
2.93645  0.977222  2.96354  0.978719  
2.90014  0.991983  2.95228  0.984102  
2.8904  0.994728  2.94914  0.984509  
2.95339  0.97951  2.9411  0.985591  
2.93418  0.987986  2.88674  1.00132  
2.93817  0.988226  2.87372  1.01264  
2.89051  0.996941  2.84008  1.04227  
2.90149  0.989682  2.93468  0.979858  
2.85854  1.01144  2.94309  0.983854  
2.92221  0.980327  2.91662  0.997342  
2.92093  0.964591  2.91794  0.98593  
2.93101  0.975795  2.96143  0.980149  
2.89543  1.00039  2.96195  0.977858  
2.9211  0.993454  2.86615  1.01462  
2.93943  0.986265  2.90667  0.985501  
2.87965  0.998221  2.95189  0.98514  
2.9414  0.981143  2.94798  0.981105  
2.90959  0.972482  2.81636  1.04863  
2.93006  0.975947  2.95079  0.988983  
2.931  0.993302  2.95772  0.985651  
2.90674  0.994697  2.9063  0.982097  
2.93526  0.985414  2.83781  1.03168  
2.90323  0.989643  2.92341  0.98767  
2.83992  1.03959  2.8677  0.993409  
2.93374  0.987953  2.94754  0.974808  
2.92347  0.988638  2.93891  0.978177  
2.95469  0.982306  2.87873  1.00222  
2.93363  0.98792  2.90428  0.985405  
2.96008  0.985503  2.89775  0.983176  
2.86699  1.01966  2.94308  0.980464  
2.89775  0.983176  
2.8677  0.993409  
2.83781  1.03168  
2.81636  1.04863  
2.83881  1.02333  
2.8781  0.992787  
2.87825  0.985808  
2.79444  1.10048  
2.90634  0.97006  
2.84934  1.01315  
2.89831  0.980479  
2.92915  0.98469  
2.8228  1.05714  
2.88589  0.997618  
2.96095  0.989409  
2.86907  1.00624  
2.92903  0.984839  
2.94133  0.986632  
2.90056  0.988671  
2.85332  1.02216  
2.9702  0.983667  
2.89612  0.997486  
2.93117  0.983273  
2.94615  0.98023  
2.90763  0.983404  
2.92133  0.983137  
2.95662  0.99218  
2.91575  0.991357  
2.89712  0.99695  
2.9399  0.981814  
2.98206  0.986304  
2.90964  0.989401  
2.90869  0.986489  
2.92049  0.986572  
2.96807  0.981324  
2.95574  0.987781  
2.95137  0.985787  
2.92545  0.990654  
2.95813  0.977998  
2.9472  0.986333  
2.93122  0.974682  
2.90817  0.976985  
2.95436  0.983552  
2.89668  0.998634  
2.95567  0.975582  
2.95794  0.979395  
2.93424  0.98995  
2.96411  0.983939  
2.966  0.977994  
2.97249  0.985732  
2.91881  0.977186  
2.95174  0.980175  
2.9533  0.984736  
2.89051  0.993796  
2.89839  0.993564  
2.93478  0.981119  
2.86111  1.0212  
2.91174  0.996446  
2.91343  0.983128  
2.90951  0.999677  
2.85216  1.04304  
2.95785  0.978394  
2.90654  0.984961  
2.89534  0.996114  
2.87794  1.00026  
2.82655  1.06635  
2.9243  0.993573  
2.91581  0.975461  
2.94628  0.965769  
2.94995  0.97655  
2.93645  0.977222  
2.90014  0.991983  
2.8904  0.994728  
2.95339  0.97951  
2.93418  0.987986  
2.93817  0.988226  
2.89051  0.996941  
2.90149  0.989682  
2.85854  1.01144  
2.92221  0.980327  
2.92093  0.964591  
2.93101  0.975795  
2.89543  1.00039  
2.9211  0.993454  
2.93943  0.986265  
2.87965  0.998221  
2.9414  0.981143  
2.90959  0.972482  
2.93006  0.975947  
2.931  0.993302  
2.90674  0.994697  
2.93526  0.985414  
2.90323  0.989643  
2.83992  1.03959  
2.93374  0.987953  
2.92347  0.988638  
2.95469  0.982306  
2.93363  0.98792  
2.96008  0.985503  
2.86699  1.01966  
2.86538  0.883842  2.85029  0.887633  
0.865071  4.76473  0.865547  4.76521  
2.61377  1.50627  2.61867  1.49434  
2.92088  0.989224  2.92088  0.989224  
2.97515  0.984414  2.9737  0.982905  
2.8514  1.01234  2.85454  1.01548  
2.89163  0.991211  2.93958  0.975222  
2.96094  0.983116  2.9602  0.982381  
2.83445  1.03293  2.83578  1.03202  
2.92999  0.985049  2.92999  0.985049  
2.83845  0.888713  2.85941  0.885579  
0.877168  4.75945  0.911543  4.55231  
2.93063  0.986997  2.92214  0.98556  
2.84363  1.02131  2.92577  0.978542  
2.96097  0.977895  2.96211  0.977876  
2.88372  0.995742  2.88361  0.995632  
2.60761  1.54171  2.60806  1.54217  
2.95266  0.976706  2.95279  0.976838  
2.9098  0.984991  2.91156  0.986751  
2.92909  0.980853  2.92242  0.982518  
2.85591  0.882336  2.85673  0.883152  
2.83995  1.03309  2.87708  0.999712  
2.91962  0.983813  2.92192  0.986108  
2.86641  1.01363  2.86507  1.01229  
2.6413  1.43631  2.64248  1.43749  
0.858824  4.74134  0.859048  4.74156  
2.93  0.98708  2.93294  0.990021  
2.92204  0.990859  2.9287  0.990791  
2.95818  0.984586  2.9531  0.984849  
2.96393  0.984746  2.96376  0.984577  
2.82097  0.856117  2.83275  0.867899  
2.84754  1.01257  2.84761  1.01264  
2.90813  0.98437  2.90663  0.982868  
2.87488  0.995693  2.86762  1.0001  
2.55216  1.60985  2.55276  1.61045  
0.835611  4.74099  0.841762  4.74714  
2.89825  0.988198  2.91302  0.98278  
2.95805  0.981805  2.94823  0.978376  
2.9315  0.973977  2.93202  0.974492  
2.88821  1.00107  2.88741  1.00013  
2.89888  0.997788  2.9031  1.00201  
2.82062  0.849869  2.83286  0.862105  
2.2389  1.8277  2.23594  1.82814  
2.96963  0.984899  2.97025  0.98552  
2.95898  0.983492  2.95631  0.978788  
2.89693  0.979731  2.89876  0.98156  
2.92931  0.977032  2.92677  0.974495  
2.88852  0.983735  2.89391  0.985303  
2.90746  0.982309  2.90915  0.983999  
0.833693  4.71806  0.839968  4.72433  
2.83395  0.864274  2.84453  0.874858  
2.5076  1.71314  2.50637  1.71191  
2.8786  0.986234  2.89941  0.97958  
2.95845  0.981072  2.95712  0.979736  
2.9112  0.985103  2.9116  0.985505  
0.833913  4.73375  0.833798  4.73364  
2.96401  0.985839  2.96416  0.985988  
2.9347  0.988566  2.91369  0.991356  
2.81072  1.09247  2.80884  1.10009  
2.96558  0.983047  2.95855  0.982848  
2.8337  0.867424  2.84528  0.877445  
2.90633  0.984712  2.90924  0.983857  
2.91653  0.982936  2.91425  0.980656  
2.93314  0.983214  2.93753  0.982643  
2.67396  1.3656  2.6712  1.36284  
0.839239  4.72708  0.839239  4.72708  
2.94588  0.982738  2.94705  0.983915  
2.96604  0.984031  2.95755  0.984223  
2.95654  0.979483  2.95515  0.978095  
2.93248  0.986739  2.93254  0.98673  
2.82807  0.869928  2.86529  0.893064  
2.94021  0.981348  2.94021  0.981348  
2.90491  0.979316  2.9167  0.975693  
2.89188  0.992598  2.89629  0.991198  
2.95145  0.984904  2.95145  0.984904  
0.855851  4.74359  0.86131  4.74905  
2.95401  0.979539  2.9582  0.983412  
2.61345  1.50115  2.61432  1.50203  
2.91592  0.980266  2.91635  0.9801  
2.9528  0.984097  2.95299  0.984286  
2.86492  0.899284  2.88649  0.904787  
2.91948  0.971853  2.92177  0.974148  
2.97201  0.987806  2.96962  0.985415  
2.96401  0.982412  2.94198  0.980362  
2.71633  1.25588  2.71369  1.25324  
0.849016  4.73646  0.849325  4.73677  
2.84098  1.0195  2.84098  1.0195  
2.9046  0.982962  2.90415  0.982509  
2.89439  0.998575  2.92097  0.990662  
2.96313  0.987171  2.96399  0.988034  
2.86592  0.879269  2.86016  0.881118  
2.90118  0.982254  2.90242  0.979957  
2.91366  0.973612  2.91079  0.97062  
2.97405  0.986788  2.97405  0.986788  
2.92212  0.983202  2.9337  0.981366  
0.855075  4.74829  0.864996  4.75821  
2.96005  0.981622  2.94491  0.980396  
2.67243  1.35128  2.67091  1.34976  
2.91534  0.986457  2.91537  0.986484  
2.92147  0.985956  2.92107  0.985557  
1.93576  2.07155  
1.65953  2.46359  
1.03389  3.81063  
2.54262  1.40987  
0.973299  3.97456  
0.932295  4.11559  
1.21644  3.23698  
1.91311  2.18066  
2.00668  2.01152  
2.20075  1.72012  
1.88217  2.36651  
2.5771  1.2972  
0.828969  4.714  
2.22499  1.71316  
2.74617  0.944056  
1.90397  2.34924  
1.36504  3.08246  
1.49613  2.63612  
0.949886  4.02417  
2.76668  0.910594  
2.13895  1.78437  
1.42017  2.83275  
0.831526  4.71011  
1.11791  3.35412  
2.10404  1.84439  
2.26047  1.70168  
1.25377  3.21642  
2.30786  1.6816  
2.05855  1.91944  
2.70703  1.01684  
2.52221  1.44662  
2.24301  1.70824  
1.44886  2.76795  
1.00592  3.97393  
2.50571  1.46947  
1.13002  3.33898  
1.06741  3.57621  
2.4143  1.64031  
1.33015  3.14651  
1.10315  3.35526  
1.07415  3.49385  
1.47906  2.63994  
1.27157  3.20626  
0.847594  4.46755  
2.79937  0.852831  
1.47214  2.72517  
0.888297  4.466  
1.16101  3.31928  
2.78414  0.866686  
1.0965  3.38349  
1.08983  3.39653  
1.87876  2.42368  
1.21137  3.24073  
1.2248  3.23575  
1.67904  2.45373  
1.56078  2.54628  
2.76047  0.928839  
0.967117  4.00167  
1.61977  2.51923  
1.16757  3.27908  
0.843677  4.48824  
2.78171  0.901858  
1.27451  3.20571  
2.79201  0.86349  
2.67658  1.10746  
2.81701  0.845637  
1.08789  3.40112  
2.01768  1.95114  
1.17017  3.25573  
1.54559  2.58224  
2.79831  0.853694  
1.10964  3.3549  
1.6011  2.5387  
2.84855  0.895309  
1.43344  2.83267  
2.39757  1.67438  
1.23769  3.22954  
1.47177  2.75319  
2.67031  1.15671  
2.08568  1.87534  
2.8688  0.887257  
2.2025  1.71709  
1.64826  2.49097  
1.0646  3.61694  
2.19388  1.77588  
2.87334  0.891136  
2.12269  1.8373  
1.1106  3.42053  
1.58061  2.58115  
1.54797  2.60834  
1.11307  3.38254  
1.91976  2.13643  
2.48752  1.50734  
2.54602  1.40088  
1.09429  3.48783  
2.53864  1.43727  
2.62613  1.19919  
2.58808  1.24418  
1.37674  3.12474  
0.87231  4.48373  
2.93685  0.982842  2.91857  0.982217  
2.1399  0.164794  2.19079  0.215684  
1.41363  2.44992  1.42499  2.46857  
2.92587  0.987344  2.92387  0.986875  
2.86964  0.997937  2.85407  1.00942  
2.95595  0.98527  2.94893  0.984  
2.90188  0.981755  2.90148  0.981347  
2.96794  0.982848  2.96845  0.981882  
2.91566  0.985424  2.91526  0.985015  
0.159221  4.15922  0.185057  4.18506  
2.88415  1.00091  2.88198  0.998878  
2.14069  0.164765  2.19089  0.21496  
1.4179  2.44073  1.41644  2.44457  
2.89042  0.993579  2.89086  0.994021  
2.94507  0.982558  2.94507  0.982558  
2.9034  0.994363  2.90355  0.994505  
2.92032  0.971201  2.91964  0.970523  
2.96401  0.980979  2.96386  0.980834  
2.94547  0.982008  2.94613  0.982671  
0.159232  4.15923  0.211908  4.21191  
2.92659  0.982249  2.92687  0.98253  
2.13984  0.164796  2.13984  0.164796  
1.42576  2.47105  1.82476  1.99743  
2.94604  0.975983  2.94604  0.975983  
2.93443  0.966655  2.9371  0.966509  
2.92034  0.988932  2.91934  0.987936  
2.90996  0.989887  2.91286  0.992781  
2.94643  0.976887  2.94539  0.975846  
2.82669  1.04888  2.8267  1.0489  
0.176541  4.17654  0.176541  4.17654  
2.92407  0.978706  2.91421  0.982928  
2.13816  0.164865  2.13816  0.164865  
1.4176  2.44011  1.41896  2.44148  
2.934  0.977994  2.9336  0.977598  
2.89523  0.987452  2.89372  0.985947  
2.90707  0.986912  2.90787  0.987715  
2.88528  0.985565  2.8847  0.984984  
2.96938  0.98324  2.9602  0.984719  
2.93437  0.97423  2.92765  0.967506  
0.159228  4.15923  0.201005  4.20101  
2.7958  1.07852  2.79473  1.07746  
2.14042  0.164774  2.28503  0.310017  
1.41328  2.43612  1.41139  2.43423  
2.86678  1.00884  2.86764  1.0097  
2.89516  0.988523  2.89718  0.990543  
2.94472  0.983236  2.94413  0.983743  
2.91519  0.977641  2.92509  0.973773  
2.96418  0.982347  2.96418  0.982347  
2.93721  0.979929  2.93661  0.979329  
0.159229  4.15923  0.159229  4.15923  
2.94205  0.978577  2.94297  0.979753  
2.13883  0.164836  2.13883  0.164836  
1.40526  2.45054  1.40666  2.45194  
2.94791  0.974649  2.94725  0.974897  
2.93071  0.969327  2.92753  0.966146  
2.8994  0.987678  2.90231  0.990589  
2.9297  0.985902  2.92619  0.986227  
2.94954  0.979139  2.88563  0.995884  
2.80699  1.07187  2.80706  1.07194  
0.159222  4.15922  0.271777  4.27178  
2.96549  0.977022  2.96333  0.97487  
2.13994  0.164792  2.13994  0.164792  
1.41025  2.446  1.41431  2.44949  
2.9419  0.98393  2.94404  0.984261  
2.95303  0.973824  2.95303  0.973824  
2.93061  0.975797  2.92827  0.973461  
2.86054  1.02152  2.85644  1.01742  
2.90215  0.986697  2.90383  0.988376  
2.91059  0.977471  2.9106  0.977484  
0.159226  4.15923  0.159226  4.15923  
2.94137  0.981509  2.92979  0.982847  
2.13718  0.16491  2.16393  0.191659  
1.40721  2.45394  1.42739  2.47413  
2.89945  0.997013  2.90004  0.997605  
2.95366  0.972901  2.9589  0.978914  
2.90434  0.974822  2.93691  0.970378  
2.87154  1.00101  2.85758  1.01589  
2.95927  0.979979  2.95918  0.981325  
2.89361  0.991962  2.89834  0.989953  
0.159229  4.15923  0.259142  4.25914  
2.89206  0.974304  2.8992  0.981438  
2.14074  0.164763  2.20093  0.224169  
1.41186  2.44571  1.41262  2.44648  
2.91559  0.986821  2.90845  0.979678  
2.8672  1.01038  2.86078  1.00396  
2.92408  0.978012  2.92415  0.978081  
2.95605  0.973752  2.95067  0.97734  
2.93089  0.98224  2.93168  0.983031  
2.82176  1.05087  2.82071  1.04982  
0.159223  4.15922  0.159223  4.15922  
2.91925  0.968745  2.92829  0.971218  
2.13994  0.164792  2.13994  0.164792  
1.41517  2.44249  1.41633  2.44365  
2.94422  0.978336  2.93039  0.979799  
2.84964  1.02705  2.87499  1.0068  
2.91688  0.975737  2.9147  0.977167  
2.93775  0.980052  2.93571  0.978013  
2.90465  0.981147  2.90586  0.982007  
2.92665  0.983603  2.92665  0.983603  
0.15923  4.15923  0.15923  4.15923  
2.12896  0.165425  
1.26253  1.5048  
0.433828  2.69143  
1.11292  1.68854  
0.34801  3.1226  
0.805563  2.16896  
1.25347  1.51636  
0.342964  3.14919  
0.357415  3.07116  
1.29354  1.38647  
0.498936  2.56756  
2.11105  0.189848  
0.891044  1.79105  
2.12784  0.177611  
0.237822  3.36517  
0.466672  2.60488  
0.488015  2.57587  
0.181149  3.80449  
0.482516  2.58156  
1.90852  0.876734  
0.326423  3.22883  
0.493589  2.57113  
1.23007  1.57801  
0.352889  3.09603  
0.250411  3.35947  
0.159208  4.15921  
0.42569  2.72143  
0.244527  3.36082  
0.461449  2.6151  
0.7791  2.21573  
0.673246  2.40193  
0.22254  3.3965  
0.337812  3.17551  
0.422044  2.94574  
1.08541  1.74936  
0.360267  3.0549  
1.46414  1.19544  
0.621185  2.51614  
0.669962  2.41128  
0.853277  1.84433  
0.472047  2.59581  
0.438316  2.67636  
0.477219  2.58822  
1.28069  1.41862  
0.764621  2.28112  
2.1409  0.164757  
0.321679  3.24879  
0.422487  2.73419  
0.414192  2.99025  
0.45612  2.62674  
0.84765  1.85503  
0.504655  2.56459  
0.77008  2.23297  
0.452275  2.63611  
1.20831  1.64842  
0.849166  1.85206  
2.93905  0.985041  
0.332041  3.20346  
0.314251  3.27721  
0.181857  3.79265  
0.447603  2.64848  
0.230605  3.37531  
0.404568  3.04022  
0.66336  2.42916  
0.819942  1.91838  
0.868181  1.81953  
0.50817  2.56319  
0.427942  2.71285  
0.874139  1.81099  
0.666286  2.42137  
0.289548  3.34042  
0.309766  3.29219  
1.09724  1.7095  
0.442707  2.66259  
0.645715  2.47156  
0.622007  2.51488  
1.08752  1.7204  
0.617078  2.52187  
0.631056  2.50025  
0.879639  1.80381  
1.10703  1.69689  
0.885265  1.79715  
0.662379  2.4317  
0.649738  2.46258  
0.652114  2.4571  
0.636078  2.49109  
0.837962  1.87515  
0.640617  2.48215  
0.858421  1.83517  
2.97028  0.987082  
0.812094  4.53026  
1.06399  3.34107  
2.81151  0.844401  
2.54602  1.40088  
1.09429  3.48783  
2.53864  1.43727  
2.62613  1.19919  
2.58808  1.24418  
1.37674  3.12474  
0.87231  4.48373  
2.8864  0.98011  2.8894  0.984579  
2.14086  0.164758  2.14086  0.164758  
1.22397  2.28265  1.77867  1.49639  
1.94091  1.78275  2.15467  1.59538  
2.90683  0.99279  2.90876  0.988684  
2.926  0.981693  2.92623  0.981924  
2.86862  1.00101  2.88513  0.991436  
2.91731  0.973487  2.91967  0.975853  
2.80874  1.058  2.8565  1.01173  
0.159216  4.15922  0.213601  4.2136  
2.9218  0.974223  2.92167  0.974902  
2.1409  0.164757  2.24555  0.269408  
1.2269  2.27591  1.2269  2.27591  
1.94357  1.77525  1.94357  1.77525  
2.94541  0.982825  2.94536  0.982771  
2.90473  0.97292  2.90263  0.970822  
2.91565  0.979546  2.94117  0.979902  
2.90563  0.98234  2.90592  0.982635  
2.82624  1.04504  2.82335  1.04288  
0.159216  4.15922  0.159216  4.15922  
2.91449  0.975888  2.9142  0.975763  
2.1409  0.164757  2.1409  0.164757  
1.2269  2.27591  1.26341  2.31242  
1.93967  1.78444  1.95109  1.79586  
2.91993  0.980116  2.92927  0.989461  
2.89704  0.975578  2.89704  0.975578  
2.9248  0.988692  2.92506  0.988949  
2.85435  1.01822  2.85488  1.01874  
2.82907  1.04788  2.8292  1.04801  
0.159216  4.15922  0.202622  4.20262  
2.89462  0.988333  2.92358  0.980184  
2.14086  0.164758  2.14809  0.172899  
1.22397  2.28265  1.24011  2.29879  
1.94008  1.78254  1.94549  1.78794  
2.92319  0.977616  2.92454  0.976776  
2.90818  0.979345  2.90611  0.976792  
2.88448  0.991299  2.88359  0.990416  
2.91104  0.977752  2.91521  0.975466  
2.81063  1.0599  2.81091  1.06018  
0.159216  4.15922  0.25838  4.25838  
2.87534  0.995206  2.87593  0.99607  
2.14072  0.164764  2.14072  0.164764  
1.22605  2.27785  1.19997  2.34509  
1.93597  1.78545  1.92873  1.81215  
2.92162  0.976595  2.92412  0.979096  
2.85996  1.01054  2.861  1.01158  
2.91473  0.985578  2.91154  0.986914  
2.8243  1.02206  2.8243  1.02206  
2.93328  0.985888  2.93328  0.985888  
0.159216  4.15922  0.256801  4.2568  
2.89787  0.98314  2.90166  0.985725  
2.14072  0.164764  2.20868  0.232807  
1.22605  2.27785  1.23749  2.28929  
1.93917  1.77641  1.93917  1.77641  
2.91115  0.96613  2.91858  0.973557  
2.85649  1.01243  2.83731  1.02686  
2.93856  0.983445  2.93608  0.980962  
2.80098  1.05709  2.80093  1.05704  
2.93586  0.981726  2.93732  0.983189  
0.159216  4.15922  0.159216  4.15922  
2.87891  0.998769  2.87984  0.9997  
2.14102  0.164753  2.18839  0.212119  
1.22603  2.2779  1.3246  2.3777  
1.93604  1.78552  2.10961  1.57991  
2.92139  0.976371  2.92341  0.978385  
2.85612  1.01211  2.85723  1.01323  
2.92111  0.98835  2.93445  0.985864  
2.82568  1.02344  2.82847  1.0189  
2.89295  0.998097  2.89076  0.995902  
0.159216  4.15922  0.192873  4.19287  
2.92919  0.977116  2.92294  0.977944  
2.14083  0.16476  2.14066  0.164766  
1.22564  2.27878  1.22564  2.27878  
1.94121  1.77802  1.94121  1.77802  
2.89355  0.989884  2.89277  0.989102  
2.90148  0.976691  2.89944  0.974647  
2.81636  1.04034  2.80778  1.05015  
2.89049  0.998399  2.91038  0.990294  
2.90953  0.982408  2.90555  0.978428  
0.159216  4.15922  0.244217  4.24422  
2.94723  0.975726  2.94644  0.974942  
2.14092  0.164756  2.16077  0.184604  
1.22644  2.27694  1.2418  2.29229  
1.94574  1.76698  1.94567  1.76713  
2.90635  0.986942  2.90635  0.986942  
2.92121  0.984376  2.92327  0.986432  
2.83894  1.02683  2.83627  1.02416  
2.89068  0.997428  2.92452  0.985392  
2.87369  0.992458  2.87044  0.989212  
0.159216  4.15922  0.159216  4.15922  
2.89614  0.989859  2.89614  0.989859  
2.14086  0.164758  2.14069  0.164764  
1.22398  2.28263  1.22398  2.28263  
1.93964  1.78273  1.96029  1.80337  
2.93857  0.983792  2.92593  0.986102  
2.89825  0.972943  2.89734  0.972032  
2.89862  0.986222  2.89862  0.986222  
2.92362  0.983914  2.9204  0.980696  
2.80977  1.05903  2.80909  1.05836  
0.159216  4.15922  0.159216  4.15922  
2.12812  0.165493  
1.26253  1.5048  
0.433828  2.69143  
1.1111  1.69112  
0.34799  3.12252  
0.512398  2.56181  
1.25347  1.51636  
0.342955  3.14911  
0.357707  3.06925  
1.29354  1.38647  
0.493578  2.57111  
2.11105  0.189848  
0.891044  1.79105  
1.05589  1.74534  
0.237895  3.36504  
0.466931  2.60438  
1.61563  0.949517  
0.181174  3.80371  
0.482554  2.5815  
1.90852  0.876734  
0.327105  3.22576  
0.671762  2.40612  
1.23007  1.57801  
0.352944  3.09568  
0.250411  3.35947  
0.159208  4.15921  
0.424672  2.72527  
1.36129  1.08481  
0.461897  2.61407  
0.763731  2.09259  
0.50505  2.56438  
1.06779  1.73774  
0.337811  3.17531  
0.407797  2.7987  
1.0788  1.72881  
0.361891  3.04572  
1.34798  1.11097  
1.08707  1.72081  
0.812685  1.93761  
0.852889  1.84497  
0.472009  2.59579  
0.438316  2.67636  
1.33447  1.2282  
1.28069  1.41862  
1.03064  1.75525  
2.1409  0.164757  
0.321553  3.24919  
0.421231  2.73917  
0.380699  2.9397  
0.457059  2.62453  
0.846684  1.85687  
1.57787  0.958017  
0.477223  2.58815  
0.45223  2.63612  
1.13951  1.64344  
1.09299  1.71442  
0.864321  1.82538  
0.332526  3.20093  
0.315713  3.2717  
0.181988  3.7899  
0.44748  2.64868  
0.231327  3.37389  
1.13044  1.6601  
0.663014  2.42997  
0.819942  1.91838  
0.174163  3.92922  
0.833545  1.885  
0.429358  2.70738  
0.872181  1.81363  
0.666826  2.4198  
0.289548  3.34042  
0.309766  3.29219  
1.09779  1.70879  
0.442707  2.66259  
0.64534  2.47226  
0.626681  2.50757  
1.11481  1.68566  
0.612542  2.52765  
1.68637  0.912211  
0.877703  1.80621  
1.10703  1.69689  
0.885655  1.79667  
0.654694  2.45091  
0.649942  2.46205  
0.860405  1.83177  
0.63563  2.49187  
0.837962  1.87515  
0.640617  2.48215  
0.658775  2.44086  
0.951786  1.76053  
1.12134  1.67549  
0.219896  3.40627  
0.685075  2.36658  
0.825578  1.90398  
0.679945  2.38226  
0.987125  1.75921  
0.224424  3.39034  
0.301882  3.31482  
1.04296  1.75138  
0.899521  1.78317  
2.88934  0.998407  2.88888  0.997953  
2.14079  0.164761  2.14079  0.164761  
1.24168  2.2448  1.68147  1.68472  
1.92573  1.74557  1.92573  1.74557  
2.94653  0.988044  2.94334  0.984853  
2.95804  0.975199  2.95992  0.977081  
1.11172  3.56762  1.11172  3.56762  
2.94091  0.975455  2.94563  0.97612  
2.90312  1.00103  2.90388  1.00179  
0.159216  4.15922  0.47332  2.59376  
2.89277  0.990792  2.89308  0.991102  
2.14042  0.164774  2.18604  0.210329  
1.24168  2.2448  1.24914  2.25226  
1.92019  1.75848  1.9399  1.77473  
2.90778  0.98025  2.89488  0.987358  
2.96722  0.983581  2.96749  0.983854  
1.11115  3.56602  1.11326  3.56813  
2.92794  0.984813  2.92001  0.987554  
2.95689  0.990103  2.95867  0.987152  
0.159216  4.15922  0.159216  4.15922  
2.89004  0.995677  2.88967  0.995311  
2.14081  0.16476  2.14024  0.164781  
1.24168  2.2448  1.26735  2.27047  
1.92482  1.74768  1.92482  1.74768  
2.90017  0.992325  2.90018  0.992344  
2.9588  0.976274  2.95859  0.976064  
1.11146  3.56735  1.36087  3.1848  
2.9441  0.976025  2.94483  0.976754  
2.89754  1.00168  2.89677  1.0009  
0.159216  4.15922  0.159216  4.15922  
2.90761  0.989105  2.90856  0.990055  
2.14081  0.16476  2.14081  0.16476  
1.24148  2.24518  1.24983  2.26167  
1.92482  1.74768  1.92496  1.74734  
2.90073  0.99189  2.90279  0.993917  
2.958  0.975473  2.95688  0.975496  
1.11189  3.5648  1.16049  3.37654  
2.94604  0.975088  2.94604  0.975088  
2.89392  1.00331  2.88909  1.00516  
0.159216  4.15922  0.159216  4.15922  
2.92062  0.985574  2.92088  0.985832  
2.14043  0.164774  2.14023  0.164781  
1.24152  2.2451  1.25819  2.26177  
1.92452  1.74836  1.93147  1.74986  
2.93151  0.982513  2.93134  0.984937  
2.95487  0.978813  2.95487  0.978813  
1.10919  3.56508  1.10969  3.56559  
2.95215  0.979639  2.95215  0.979639  
2.90868  0.995344  2.91796  0.994302  
0.159216  4.15922  0.166983  4.16698  
2.89113  0.989158  2.91125  0.982202  
2.14042  0.164774  2.27053  0.29488  
1.24168  2.2448  1.25285  2.25597  
1.9259  1.7452  1.92497  1.74732  
2.88376  0.98707  2.90196  0.981624  
2.96565  0.982012  2.96179  0.982727  
1.11115  3.56601  1.91462  2.21546  
2.92693  0.983803  2.93042  0.987294  
2.95719  0.989289  2.95719  0.989289  
0.159216  4.15922  0.159216  4.15922  
2.92027  0.985221  2.92875  0.980392  
2.1404  0.164775  2.1849  0.208957  
1.24152  2.2451  1.27083  2.27441  
1.92461  1.74815  1.92461  1.74815  
2.94287  0.980821  2.95264  0.97962  
2.95589  0.979831  2.95134  0.975772  
1.10752  3.56341  1.11643  3.57233  
2.94805  0.982921  2.95536  0.982684  
2.91007  0.996735  2.9128  0.993631  
0.159216  4.15922  0.300213  4.30021  
2.83602  1.02591  2.89535  0.983116  
2.13961  0.164805  2.28419  0.309756  
1.24168  2.2448  1.32793  2.33197  
1.92568  1.7457  1.9251  1.74703  
2.88814  0.987279  2.88743  0.986571  
2.96283  0.976488  2.95622  0.974954  
1.10846  3.56436  1.10871  3.56461  
2.95003  0.980317  2.94792  0.978206  
2.93195  0.98654  2.93093  0.985516  
0.159216  4.15922  0.203589  4.20359  
2.89114  0.996779  2.89239  0.998023  
2.14079  0.164761  2.23238  0.256352  
1.24152  2.2451  1.25815  2.26173  
1.9259  1.7452  1.94142  1.76072  
2.89577  0.994837  2.89577  0.994837  
2.96086  0.973952  2.9587  0.973832  
1.11098  3.56363  1.12066  3.57331  
2.94796  0.976533  2.94922  0.977657  
2.90118  0.999158  2.91558  0.993831  
0.159216  4.15922  0.159216  4.15922  
2.90441  0.990345  2.90441  0.990345  
2.14058  0.164769  2.16524  0.189432  
1.24168  2.2448  1.24168  2.2448  
1.9259  1.7452  1.94652  1.76582  
2.88261  0.997331  2.88023  0.994958  
2.96361  0.983487  2.96478  0.984653  
1.11049  3.56723  1.1105  3.56723  
2.92704  0.979587  2.92734  0.979147  
2.94715  0.988581  2.94737  0.988801  
0.159216  4.15922  0.333745  3.19514  
2.12812  0.165493  
1.26253  1.5048  
0.433828  2.69143  
0.688203  2.35678  
0.348007  3.12243  
0.512619  2.56175  
1.25347  1.51636  
0.342955  3.14911  
0.357707  3.06925  
1.29354  1.38647  
0.4936  2.57109  
2.11105  0.189848  
0.894965  1.78718  
1.05589  1.74534  
0.237895  3.36504  
0.77388  2.05764  
1.61563  0.949517  
0.181174  3.80371  
0.482557  2.58149  
1.90852  0.876734  
0.327113  3.22564  
0.671605  2.40656  
1.23007  1.57801  
0.352944  3.09568  
0.250411  3.35947  
0.159208  4.15921  
0.424672  2.72527  
1.36129  1.08481  
0.461908  2.61404  
0.763731  2.09259  
0.505097  2.56436  
1.06779  1.73774  
0.337811  3.17531  
0.407797  2.7987  
1.0788  1.72881  
0.361891  3.04572  
1.34798  1.11097  
1.08735  1.72053  
0.81556  1.92979  
0.852839  1.84506  
0.472028  2.59576  
0.438316  2.67636  
1.33447  1.2282  
1.28069  1.41862  
1.03064  1.75525  
0.411681  2.78064  
0.321553  3.24919  
0.42052  2.74211  
0.380699  2.9397  
0.45705  2.62454  
0.845366  1.85951  
1.53488  0.959222  
2.1409  0.164757  
0.45223  2.63612  
1.13951  1.64344  
0.620838  2.51655  
0.864276  1.82545  
0.332526  3.20093  
0.315713  3.2717  
0.182199  3.78635  
0.447486  2.64867  
0.231377  3.3738  
1.13044  1.6601  
0.663163  2.42958  
0.819942  1.91838  
0.174163  3.92922  
0.832845  1.88661  
0.429188  2.70799  
0.872467  1.81323  
0.667401  2.41824  
0.289548  3.34042  
0.309968  3.29141  
1.09781  1.70876  
0.442835  2.66209  
0.59617  2.544  
0.631043  2.5002  
1.11481  1.68566  
0.605617  2.53544  
1.68637  0.912211  
0.876633  1.80759  
1.10703  1.69689  
0.885655  1.79667  
1.63101  0.942471  
0.649942  2.46205  
0.860405  1.83177  
1.15114  1.62016  
0.837962  1.87515  
0.640617  2.48215  
0.658775  2.44086  
0.951786  1.76053  
1.12306  1.67268  
0.212078  3.4458  
0.402075  2.82643  
0.825274  1.90472  
0.679945  2.38226  
0.809468  1.94652  
0.224792  3.38923  
0.303722  3.30994  
0.790832  2.00214  
0.906188  1.77797  
2.86917  1.00806  2.86894  1.00799  
2.1409  0.164757  2.1961  0.219955  
1.25345  2.22362  1.2716  2.24177  
1.92977  1.7364  1.94291  1.74954  
2.96043  0.97333  2.96045  0.973348  
2.94613  0.985742  2.94613  0.985742  
1.06643  3.39923  1.06813  3.40093  
2.90877  0.982827  2.90877  0.982827  
2.75704  1.14484  2.73149  1.19885  
0.159216  4.15922  0.159216  4.15922  
2.87282  1.0028  2.87282  1.0028  
2.1409  0.164757  2.1409  0.164757  
1.25345  2.22362  1.25345  2.22362  
1.92977  1.7364  1.92999  1.73592  
2.96014  0.973089  2.9602  0.973092  
2.94625  0.985968  2.94623  0.98597  
1.06643  3.39923  1.85958  2.12759  
2.90911  0.983164  2.91031  0.982833  
2.75719  1.14499  2.75735  1.14515  
0.159216  4.15922  0.553573  2.63665  
2.87315  1.00412  2.87317  1.00409  
2.1409  0.164757  2.1409  0.164757  
1.25345  2.22362  1.26984  2.24001  
1.92977  1.7364  1.94011  1.74674  
2.96032  0.973219  2.96046  0.973353  
2.9464  0.98602  2.94516  0.986139  
1.06643  3.39923  1.06643  3.39923  
2.90813  0.982879  2.90821  0.982966  
2.7567  1.1445  2.75566  1.14345  
0.159216  4.15922  0.355963  3.07893  
2.87753  1.00168  2.87748  1.00162  
2.1409  0.164757  2.1409  0.164757  
1.25345  2.22362  1.2867  2.25686  
1.92977  1.7364  1.93503  1.74211  
2.96048  0.973375  2.96044  0.973375  
2.94374  0.985761  2.94356  0.985571  
1.06643  3.39923  1.06643  3.39923  
2.9049  0.984349  2.90585  0.984049  
2.75693  1.14473  2.7577  1.14549  
0.159216  4.15922  0.231126  4.23113  
2.86698  1.00805  2.86698  1.00806  
2.1409  0.164757  2.26149  0.285343  
1.25345  2.22362  1.25345  2.22362  
1.92977  1.7364  1.9342  1.74067  
2.96057  0.973468  2.96063  0.973467  
2.94604  0.985811  2.94588  0.985646  
1.06643  3.39923  1.09841  3.28901  
2.90654  0.98348  2.90784  0.983558  
2.75681  1.1446  2.75566  1.14691  
0.159216  4.15922  0.159216  4.15922  
2.86688  1.00891  2.86688  1.00891  
2.1409  0.164757  2.16282  0.186678  
1.25345  2.22362  1.25345  2.22362  
1.92977  1.7364  1.92977  1.7364  
2.96048  0.973378  2.96073  0.973625  
2.94753  0.985406  2.94993  0.985251  
1.06643  3.39923  1.06643  3.39923  
2.90823  0.982981  2.90823  0.982981  
2.75644  1.14424  2.74593  1.16351  
0.159216  4.15922  0.194424  4.19442  
2.8734  1.00436  2.87577  1.00283  
2.1409  0.164757  2.2097  0.23355  
1.25345  2.22362  1.25345  2.22362  
1.92977  1.7364  1.93397  1.7406  
2.96049  0.973389  2.96157  0.97329  
2.94616  0.985777  2.94622  0.985725  
1.06643  3.39923  1.06643  3.39923  
2.90627  0.983534  2.90626  0.983522  
2.75692  1.14472  2.75599  1.14379  
0.159216  4.15922  0.164119  4.16412  
2.87282  1.0028  2.87224  1.00321  
2.1409  0.164757  2.17633  0.200182  
1.25345  2.22362  1.32396  2.29412  
1.92977  1.7364  1.94301  1.74965  
2.95994  0.972833  2.95992  0.972818  
2.94616  0.985776  2.94645  0.985696  
1.06643  3.39923  1.07482  3.40762  
2.90877  0.982827  2.90882  0.982814  
2.75708  1.14487  2.75712  1.14492  
0.159216  4.15922  0.159216  4.15922  
2.87334  1.00431  2.86805  1.00796  
2.1409  0.164757  2.14912  0.172971  
1.25345  2.22362  1.33278  2.30253  
1.92977  1.7364  1.91585  1.76885  
2.96036  0.973252  2.96177  0.974198  
2.94631  0.985921  2.94642  0.986035  
1.06643  3.39923  1.06643  3.39923  
2.90821  0.982966  2.90804  0.982795  
2.75672  1.14452  2.75672  1.14452  
0.159216  4.15922  0.159216  4.15922  
2.87334  1.00431  2.87329  1.00426  
2.1409  0.164757  2.1409  0.164757  
1.25345  2.22362  1.27934  2.2495  
1.92977  1.7364  1.94649  1.75312  
2.96036  0.973252  2.96036  0.973252  
2.94616  0.985776  2.94616  0.985776  
1.06643  3.39923  1.06643  3.39923  
2.90823  0.982981  2.90823  0.982981  
2.75672  1.14452  2.75721  1.145  
0.159216  4.15922  0.20334  4.20334  
2.12812  0.165493  
1.26253  1.5048  
0.433708  2.69172  
0.684176  2.36936  
0.348007  3.12243  
0.512619  2.56175  
1.25347  1.51636  
0.342964  3.14907  
0.357795  3.06871  
1.29354  1.38647  
0.4936  2.57109  
2.11105  0.189848  
0.894965  1.78718  
1.05083  1.74796  
0.237906  3.36503  
0.77388  2.05764  
1.61563  0.949517  
0.181174  3.80371  
0.482557  2.58149  
1.90852  0.876734  
0.327113  3.22564  
0.587761  2.54973  
1.23007  1.57801  
0.352948  3.09559  
0.250411  3.35947  
0.159208  4.15921  
0.424672  2.72527  
1.36129  1.08481  
0.461908  2.61404  
0.763731  2.09259  
0.505165  2.56433  
1.06779  1.73774  
0.337811  3.17531  
0.407797  2.7987  
1.0788  1.72881  
0.361891  3.04572  
1.34798  1.11097  
1.0912  1.71641  
0.815511  1.92992  
0.85643  1.83858  
0.472028  2.59576  
0.438316  2.67636  
1.32763  1.18528  
1.28069  1.41862  
1.03064  1.75525  
0.411681  2.78064  
0.321553  3.24919  
0.420219  2.74336  
0.380699  2.9397  
0.693413  2.34008  
0.845366  1.85951  
1.53488  0.959222  
2.1409  0.164757  
0.45223  2.63612  
1.13951  1.64344  
0.620773  2.51665  
0.864276  1.82545  
0.332529  3.20091  
0.315801  3.27137  
0.182199  3.78635  
0.779201  2.03979  
0.231377  3.3738  
1.13044  1.6601  
0.415036  2.76559  
0.821009  1.91548  
0.174163  3.92922  
0.832443  1.88754  
0.429188  2.70799  
1.64863  0.931208  
0.667401  2.41824  
0.289548  3.34042  
0.309968  3.29141  
1.09781  1.70876  
0.442888  2.66193  
0.599002  2.54167  
0.631043  2.5002  
1.11481  1.68566  
0.610052  2.5306  
1.68637  0.912211  
0.876633  1.80759  
1.10703  1.69689  
0.885655  1.79667  
1.6323  0.941767  
0.649942  2.46205  
1.67335  0.924739  
1.15114  1.62016  
0.837962  1.87515  
0.640617  2.48215  
0.659002  2.44029  
0.951786  1.76053  
1.12306  1.67268  
0.212078  3.4458  
0.402075  2.82643  
0.825274  1.90472  
0.675901  2.39423  
0.809468  1.94652  
0.224942  3.38879  
0.303722  3.30994  
0.790832  2.00214  
0.906188  1.77797  
2.86491  1.01615  2.86936  1.01273  
2.1409  0.164757  2.1409  0.164757  
1.25385  2.22296  1.28585  2.25496  
1.92996  1.73486  1.94112  1.74602  
2.94994  0.964878  2.95005  0.964989  
2.94223  0.984244  2.94223  0.984244  
1.05995  3.39275  1.06316  3.39596  
2.91963  0.982759  2.92449  0.982127  
1.87607  2.53857  1.8725  2.54541  
0.159216  4.15922  0.165311  4.16531  
2.86458  1.01582  2.86485  1.01608  
2.1409  0.164757  2.15018  0.174503  
1.25385  2.22296  1.3261  2.29521  
1.92996  1.73486  1.92996  1.73486  
2.94992  0.964857  2.94989  0.964825  
2.94222  0.984229  2.94247  0.984203  
1.05995  3.39275  1.05995  3.39275  
2.91953  0.982665  2.9172  0.982998  
1.87573  2.53824  1.87574  2.53824  
0.159216  4.15922  0.21287  4.21287  
2.86491  1.01615  2.8651  1.01634  
2.1409  0.164757  2.20783  0.231684  
1.25385  2.22296  1.25385  2.22296  
1.92996  1.73486  1.95709  1.76283  
2.94994  0.964881  2.94993  0.964869  
2.94319  0.984486  2.9431  0.9844  
1.05995  3.39275  1.05995  3.39275  
2.91968  0.982813  2.91988  0.983012  
1.87372  2.53623  1.86848  2.54016  
0.159216  4.15922  0.167375  4.16738  
2.8659  1.01714  2.86325  1.01449  
2.1409  0.164757  2.24494  0.268792  
1.25385  2.22296  1.25385  2.22296  
1.92996  1.73486  1.92996  1.73486  
2.95083  0.965768  2.95367  0.96861  
2.94217  0.984293  2.94122  0.984394  
1.05995  3.39275  1.05995  3.39275  
2.91664  0.983434  2.91667  0.983431  
1.86638  2.54677  1.86688  2.54728  
0.159216  4.15922  0.159216  4.15922  
2.86644  1.01768  2.86644  1.01768  
2.1409  0.164757  2.24099  0.264102  
1.25385  2.22296  1.35345  2.32256  
1.92996  1.73486  2.085  1.57296  
2.94669  0.961679  2.94704  0.962005  
2.9432  0.98514  2.94257  0.984516  
1.05995  3.39275  1.06714  3.39994  
2.91932  0.982447  2.91964  0.982774  
1.87208  2.54229  1.87229  2.5425  
0.159216  4.15922  0.159216  4.15922  
2.86588  1.01712  2.86564  1.01687  
2.1409  0.164757  2.1409  0.164757  
1.25385  2.22296  1.29456  2.17378  
1.92996  1.73486  1.94506  1.74996  
2.95379  0.968728  2.95328  0.968736  
2.94276  0.98488  2.94276  0.98488  
1.05995  3.39275  1.08128  3.41408  
2.91668  0.983474  2.91672  0.983511  
1.86346  2.54856  1.86314  2.54823  
0.159216  4.15922  0.207937  4.20794  
2.86588  1.01712  2.86597  1.01721  
2.1409  0.164757  2.19111  0.214961  
1.25385  2.22296  1.25385  2.22296  
1.92996  1.73486  1.93501  1.73991  
2.95396  0.968892  2.95383  0.969239  
2.9429  0.985026  2.9429  0.985026  
1.05995  3.39275  1.08033  3.41314  
2.91627  0.983066  2.91573  0.982682  
1.86346  2.54856  1.86639  2.54678  
0.159216  4.15922  0.185189  4.18519  
2.86644  1.01768  2.86644  1.01768  
2.1409  0.164757  2.20332  0.22743  
1.25385  2.22296  1.26344  2.20815  
1.92996  1.73486  1.92996  1.73486  
2.94737  0.962365  2.94926  0.964251  
2.94342  0.98513  2.94362  0.985002  
1.05995  3.39275  1.05995  3.39275  
2.91933  0.982462  2.91923  0.98236  
1.87899  2.537  1.87906  2.53707  
0.159216  4.15922  0.1959  4.1959  
2.86911  1.01565  2.86911  1.01565  
2.1409  0.164757  2.19475  0.218604  
1.25385  2.22296  1.25385  2.22296  
1.92996  1.73486  1.92996  1.73486  
2.94615  0.961128  2.94613  0.961106  
2.94332  0.985266  2.94314  0.985085  
1.05995  3.39275  1.08398  3.41678  
2.91927  0.982404  2.91951  0.982255  
1.87291  2.54061  1.87709  2.53754  
0.159216  4.15922  0.159216  4.15922  
2.86911  1.01565  2.86987  1.01507  
2.1409  0.164757  2.14221  0.164714  
1.25385  2.22296  1.25741  2.22653  
1.92996  1.73486  1.92996  1.73486  
2.94613  0.96111  2.94613  0.961113  
2.94332  0.985266  2.94309  0.985039  
1.05995  3.39275  1.08178  3.41458  
2.91935  0.982483  2.91946  0.982587  
1.87142  2.54163  1.87829  2.5363  
0.159216  4.15922  0.159216  4.15922  
2.12812  0.165493  
1.26253  1.5048  
0.433708  2.69172  
0.684176  2.36936  
0.348007  3.12243  
0.515478  2.56106  
1.25347  1.51636  
0.342964  3.14907  
0.357774  3.06883  
1.29354  1.38647  
0.499265  2.56731  
2.11105  0.189848  
0.894965  1.78718  
1.05012  1.7483  
0.237906  3.36503  
0.77388  2.05764  
1.61563  0.949517  
0.181174  3.80371  
0.482557  2.58149  
1.90852  0.876734  
0.327113  3.22564  
0.587761  2.54973  
1.23007  1.57801  
0.352948  3.09559  
0.250411  3.35947  
0.159208  4.15921  
0.424672  2.72527  
1.36129  1.08481  
0.46195  2.61396  
0.763731  2.09259  
0.7428  2.20531  
1.06779  1.73774  
0.33781  3.1753  
0.407797  2.7987  
1.07871  1.72889  
0.361905  3.04565  
1.34798  1.11097  
1.08914  1.71864  
0.815511  1.92992  
0.85643  1.83858  
0.472028  2.59576  
0.438289  2.67631  
1.32763  1.18528  
1.28069  1.41862  
1.03064  1.75525  
0.411681  2.78064  
0.321553  3.24919  
0.420219  2.74336  
0.380699  2.9397  
0.694081  2.3379  
0.231212  3.3741  
1.53488  0.959222  
2.1409  0.164757  
0.45223  2.63612  
1.13951  1.64344  
0.620773  2.51665  
0.864276  1.82545  
0.332529  3.20091  
0.315801  3.27137  
0.182199  3.78635  
0.779201  2.03979  
0.396031  2.85708  
0.848645  1.85301  
0.415036  2.76559  
0.821009  1.91548  
0.174163  3.92922  
0.831519  1.88969  
0.429188  2.70799  
1.64863  0.931208  
0.667401  2.41824  
0.289548  3.34042  
0.309968  3.29141  
1.09781  1.70876  
0.442888  2.66193  
0.599002  2.54167  
0.631043  2.5002  
1.11522  1.68503  
0.610052  2.5306  
1.68637  0.912211  
0.876633  1.80759  
1.10703  1.69689  
0.885655  1.79667  
1.6323  0.941767  
0.649942  2.46205  
1.67335  0.924739  
1.15114  1.62016  
0.837962  1.87515  
0.640617  2.48215  
0.659002  2.44029  
0.951786  1.76053  
1.12735  1.66548  
0.212078  3.4458  
0.402075  2.82643  
0.297613  3.32504  
0.675901  2.39423  
0.806127  1.95602  
0.224942  3.38879  
0.303722  3.30994  
0.790832  2.00214  
0.906188  1.77797  
2.87581  1.00373  2.87581  1.00373  
2.1409  0.164757  2.1409  0.164757  
1.25385  2.22296  1.3354  2.30451  
1.92928  1.7364  1.92928  1.7364  
2.92644  0.936355  2.92637  0.936356  
2.96046  0.984367  2.96046  0.984373  
1.05517  3.38797  1.06324  3.39605  
2.92427  0.98545  2.92427  0.98545  
1.03524  4.13552  1.03541  4.13569  
0.159216  4.15922  0.188203  4.1882  
2.87576  1.00367  2.87288  1.00556  
2.1409  0.164757  2.19875  0.222609  
1.25385  2.22296  1.25774  2.22685  
1.92928  1.7364  1.92928  1.7364  
2.92701  0.936352  2.9318  0.940281  
2.9622  0.986109  2.96249  0.986402  
1.05517  3.38797  1.05517  3.38797  
2.92563  0.986812  2.92562  0.986791  
1.03521  4.13549  1.4435  3.19562  
0.159216  4.15922  0.252938  4.25294  
2.87559  1.00351  2.87559  1.00351  
2.1409  0.164757  2.1409  0.164757  
1.25385  2.22296  1.27089  2.24  
1.92928  1.7364  1.93072  1.77499  
2.92902  0.938939  2.92902  0.938939  
2.96184  0.985763  2.96167  0.986041  
1.05517  3.38797  1.07325  3.40605  
2.92752  0.98488  2.92825  0.985615  
1.0352  4.13548  1.04003  4.14031  
0.159216  4.15922  0.159216  4.15922  
2.87581  1.00373  2.87581  1.00373  
2.1409  0.164757  2.1409  0.164757  
1.25385  2.22296  1.25385  2.22296  
1.92928  1.7364  1.9197  1.75847  
2.92691  0.936501  2.92586  0.935451  
2.96229  0.986204  2.96226  0.986239  
1.05517  3.38797  1.06483  3.39763  
2.92468  0.986642  2.92464  0.986601  
1.03518  4.13546  1.03518  4.13546  
0.159216  4.15922  0.159216  4.15922  
2.86682  1.0088  2.86671  1.00868  
2.1409  0.164757  2.22061  0.244466  
1.25385  2.22296  1.25385  2.22296  
1.92928  1.7364  1.94051  1.74763  
2.92776  0.937629  2.92776  0.937629  
2.96136  0.98581  2.96145  0.985909  
1.05517  3.38797  1.05876  3.39156  
2.91904  0.98661  2.92431  0.985398  
1.03501  4.13529  1.03501  4.13529  
0.159216  4.15922  0.193103  4.1931  
2.86985  1.00746  2.86965  1.00726  
2.1409  0.164757  2.23841  0.262265  
1.25385  2.22296  1.25385  2.22296  
1.92928  1.7364  1.94078  1.74791  
2.93827  0.946392  2.93815  0.946393  
2.96237  0.986756  2.96237  0.986756  
1.05517  3.38797  1.35091  2.90673  
2.92672  0.984983  2.92727  0.985539  
1.03445  4.13473  1.03497  4.13525  
0.159216  4.15922  0.210748  4.21075  
2.86984  1.00745  2.86997  1.00758  
2.1409  0.164757  2.202  0.22585  
1.25385  2.22296  1.28713  2.26315  
1.92928  1.7364  1.93997  1.7471  
2.9283  0.937917  2.9283  0.937917  
2.96276  0.986792  2.96276  0.986792  
1.05517  3.38797  1.07578  3.40858  
2.92428  0.985457  2.92051  0.986339  
1.03503  4.13531  1.03688  4.13717  
0.159216  4.15922  0.179897  3.82578  
2.86677  1.00883  2.86295  1.01172  
2.1409  0.164757  2.1409  0.164757  
1.25385  2.22296  1.25385  2.22296  
1.92928  1.7364  1.91811  1.78907  
2.92733  0.937632  2.92733  0.937632  
2.9617  0.98615  2.9617  0.98615  
1.05517  3.38797  1.05517  3.38797  
2.91829  0.985857  2.91833  0.985906  
1.03506  4.13534  1.03506  4.13534  
0.159216  4.15922  0.230149  4.23015  
2.87005  1.00766  2.87016  1.00777  
2.1409  0.164757  2.21075  0.235788  
1.25385  2.22296  1.25385  2.22296  
1.92928  1.7364  1.93474  1.74186  
2.92831  0.937917  2.9294  0.939013  
2.96259  0.98663  2.96256  0.986589  
1.05517  3.38797  1.05517  3.38797  
2.92428  0.985457  2.92428  0.985457  
1.03501  4.13529  1.03559  4.13587  
0.159216  4.15922  0.159216  4.15922  
2.87625  1.00417  2.87303  1.00556  
2.1409  0.164757  2.23461  0.258466  
1.25385  2.22296  1.79066  1.42791  
1.92928  1.7364  1.92928  1.7364  
2.92691  0.936501  2.92607  0.936506  
2.96161  0.985523  2.96166  0.985571  
1.05517  3.38797  1.0539  3.39343  
2.92469  0.986644  2.92474  0.9867  
1.03509  4.13537  1.03865  4.13893  
0.159216  4.15922  0.209937  4.20994  
2.12812  0.165493  
1.26253  1.5048  
0.433708  2.69172  
0.684176  2.36936  
0.348007  3.12243  
0.515478  2.56106  
1.25347  1.51636  
0.342964  3.14907  
0.357774  3.06883  
1.29354  1.38647  
0.49924  2.56732  
2.11105  0.189848  
0.894965  1.78718  
1.05012  1.7483  
0.237906  3.36503  
0.77388  2.05764  
1.60721  0.952394  
0.181174  3.80371  
0.482557  2.58149  
1.90852  0.876734  
0.327113  3.22564  
0.587761  2.54973  
1.23007  1.57801  
0.352942  3.09562  
0.250411  3.35947  
0.159208  4.15921  
0.424672  2.72527  
1.36129  1.08481  
0.46195  2.61396  
0.763731  2.09259  
0.7428  2.20531  
1.06742  1.73801  
0.33781  3.1753  
0.406691  2.80395  
1.07814  1.72939  
0.361905  3.04565  
1.34798  1.11097  
1.08914  1.71864  
0.815511  1.92992  
0.85643  1.83858  
0.472025  2.59577  
0.438289  2.67631  
1.32763  1.18528  
1.28069  1.41862  
1.03064  1.75525  
0.411681  2.78064  
0.321553  3.24919  
0.420219  2.74336  
0.380699  2.9397  
0.694879  2.3353  
1.44589  1.0605  
1.53488  0.959222  
2.1409  0.164757  
0.45223  2.63612  
1.13951  1.64344  
0.620773  2.51665  
0.86811  1.81954  
0.332529  3.20091  
0.315801  3.27137  
0.182199  3.78635  
0.779201  2.03979  
0.396031  2.85708  
0.848645  1.85301  
0.415036  2.76559  
0.821009  1.91548  
0.174163  3.92922  
0.827765  1.89862  
0.429188  2.70799  
1.64811  0.931591  
0.667401  2.41824  
0.290464  3.33887  
0.309968  3.29141  
1.09781  1.70876  
0.442888  2.66193  
0.599002  2.54167  
0.631043  2.5002  
1.11522  1.68503  
0.610052  2.5306  
1.68637  0.912211  
0.876633  1.80759  
1.10683  1.69711  
0.885655  1.79667  
1.6323  0.941767  
0.649942  2.46205  
1.67335  0.924739  
1.15114  1.62016  
0.837962  1.87515  
0.640617  2.48215  
0.659002  2.44029  
0.951786  1.76053  
1.12735  1.66548  
0.212078  3.4458  
0.402075  2.82643  
1.33024  1.14962  
0.675901  2.39423  
0.80321  1.96448  
0.224942  3.38879  
0.303722  3.30994  
0.790832  2.00214  
0.906188  1.77797  
2.86743  1.00329  2.86678  1.00264  
2.14091  0.164757  2.32012  0.343967  
1.25385  2.22297  1.25385  2.22297  
1.92447  1.74146  1.92451  1.74135  
2.9692  0.973044  2.96946  0.973301  
2.95171  0.988238  2.95188  0.988405  
1.06303  3.33566  1.07155  3.34418  
2.93622  0.98454  2.93625  0.984571  
0.976708  4.07699  0.979285  4.07957  
0.159216  4.15922  0.22471  4.22471  
2.86739  1.00325  2.86761  1.00347  
2.14091  0.164757  2.14091  0.164757  
1.25385  2.22297  1.25385  2.22297  
1.92447  1.74146  1.93732  1.75432  
2.96916  0.973044  2.96923  0.973115  
2.95171  0.988238  2.95185  0.988376  
1.06303  3.33566  1.06303  3.33566  
2.93496  0.983352  2.93508  0.983473  
0.976708  4.07699  0.976708  4.07699  
0.159216  4.15922  0.159216  4.15922  
2.86758  1.00344  2.87036  1.00156  
2.14091  0.164757  2.14091  0.164757  
1.25385  2.22297  1.25385  2.22297  
1.92447  1.74146  1.92447  1.74146  
2.96833  0.972805  2.96833  0.972805  
2.95173  0.98826  2.95173  0.98826  
1.06303  3.33566  1.07974  3.35237  
2.93513  0.983862  2.93564  0.98437  
0.976708  4.07699  1.19919  3.30573  
0.159216  4.15922  0.159216  4.15922  
2.86702  1.00289  2.86703  1.00289  
2.14091  0.164757  2.2096  0.23344  
1.25385  2.22297  1.27211  2.24123  
1.92447  1.74146  1.93311  1.75011  
2.96872  0.973188  2.96887  0.973343  
2.95178  0.988311  2.95176  0.988289  
1.06303  3.33566  1.06577  3.3384  
2.93452  0.983252  2.93452  0.983253  
0.976708  4.07699  0.976708  4.07699  
0.159216  4.15922  0.159216  4.15922  
2.86664  1.00259  2.86664  1.00259  
2.14091  0.164757  2.14091  0.164757  
1.25384  2.22298  1.26387  2.23301  
1.92454  1.7413  1.92447  1.74146  
2.97006  0.973206  2.97008  0.973206  
2.95198  0.988505  2.95194  0.988463  
1.06303  3.33566  1.17837  3.20372  
2.93574  0.984998  2.93561  0.984867  
0.975589  4.07587  0.984398  4.08468  
0.159216  4.15922  0.159216  4.15922  
2.86664  1.00259  2.86664  1.00259  
2.14091  0.164757  2.14  0.16479  
1.25384  2.22298  1.27898  2.24813  
1.92454  1.7413  1.92454  1.7413  
2.97006  0.973198  2.9691  0.973343  
2.95195  0.988474  2.952  0.988525  
1.06303  3.33566  1.06303  3.33566  
2.93609  0.985346  2.93609  0.985346  
0.975589  4.07587  0.975589  4.07587  
0.159216  4.15922  0.159216  4.15922  
2.86693  1.00279  2.86693  1.00279  
2.14091  0.164757  2.14091  0.164757  
1.25383  2.22299  1.27359  2.24275  
1.92457  1.74123  1.92457  1.74123  
2.9691  0.972938  2.9691  0.972938  
2.95171  0.988238  2.95173  0.98826  
1.06303  3.33566  1.16578  3.19179  
2.93648  0.984906  2.93648  0.984906  
0.975608  4.07589  0.975608  4.07589  
0.159216  4.15922  0.198627  4.19863  
2.86837  1.00271  2.86837  1.00271  
2.14091  0.164757  2.14091  0.164757  
1.25385  2.22297  1.25385  2.22297  
1.92447  1.74146  1.92454  1.7413  
2.96902  0.97284  2.96978  0.972894  
2.95175  0.988277  2.95183  0.988362  
1.06303  3.33566  1.06303  3.33566  
2.93602  0.984444  2.93602  0.984444  
0.975608  4.07589  0.97788  4.07816  
0.159216  4.15922  0.211579  4.21158  
2.8675  1.00336  2.8673  1.00316  
2.14091  0.164757  2.24849  0.272331  
1.25385  2.22297  1.35577  2.32491  
1.92447  1.74146  1.92447  1.74146  
2.9691  0.972938  2.97073  0.974532  
2.95171  0.988238  2.95183  0.988358  
1.06303  3.33566  1.90658  1.95631  
2.93602  0.984444  2.93608  0.984497  
0.975608  4.07589  0.975608  4.07589  
0.159216  4.15922  0.243331  3.36129  
2.86758  1.00344  2.8676  1.00346  
2.14091  0.164757  2.14091  0.164757  
1.25385  2.22297  1.27271  2.24184  
1.92447  1.74146  1.93021  1.7472  
2.9682  0.972675  2.96776  0.972229  
2.95173  0.98826  2.9517  0.98823  
1.06303  3.33566  1.08607  3.3587  
2.93513  0.983862  2.93513  0.983862  
0.976705  4.07699  0.976705  4.07699  
0.159216  4.15922  0.159216  4.15922  
2.12812  0.165493  
1.26253  1.5048  
0.433708  2.69172  
0.684176  2.36936  
0.348007  3.12243  
0.515478  2.56106  
1.25347  1.51636  
0.342964  3.14907  
0.357774  3.06883  
1.29354  1.38647  
0.499255  2.56732  
2.11105  0.189848  
0.894965  1.78718  
1.05012  1.7483  
0.237907  3.36503  
0.77388  2.05764  
1.60721  0.952394  
0.181174  3.80371  
0.4772  2.58818  
1.90852  0.876734  
0.327113  3.22564  
0.587761  2.54973  
1.23007  1.57801  
0.352942  3.09562  
0.250411  3.35947  
0.159208  4.15921  
0.424672  2.72527  
1.36129  1.08481  
0.456981  2.6247  
0.763731  2.09259  
0.7428  2.20531  
1.06742  1.73801  
0.33781  3.1753  
0.406691  2.80395  
1.07814  1.72939  
0.361905  3.04565  
1.34798  1.11097  
1.08863  1.71918  
0.815371  1.9303  
0.85643  1.83858  
0.466927  2.60439  
0.784313  2.02299  
1.32763  1.18528  
1.28069  1.41862  
1.03064  1.75525  
0.411681  2.78064  
0.321553  3.24919  
0.420219  2.74336  
0.380699  2.9397  
0.694879  2.3353  
1.44589  1.0605  
1.53488  0.959222  
2.1409  0.164757  
0.447527  2.64855  
1.13951  1.64344  
0.620773  2.51665  
0.86811  1.81954  
0.332529  3.20091  
0.315801  3.27137  
0.182199  3.78635  
0.779201  2.03979  
0.396031  2.85708  
0.848645  1.85301  
0.216924  3.41936  
0.821009  1.91548  
0.174163  3.92922  
0.830975  1.89096  
0.429229  2.70784  
1.64811  0.931591  
0.667401  2.41824  
0.290464  3.33887  
0.309968  3.29141  
1.09781  1.70876  
0.438226  2.67651  
0.487978  2.57585  
0.631043  2.5002  
1.11522  1.68503  
0.610052  2.5306  
1.68637  0.912211  
0.876633  1.80759  
1.10683  1.69711  
0.885655  1.79667  
1.6323  0.941767  
0.649942  2.46205  
1.67335  0.924739  
1.15114  1.62016  
0.837962  1.87515  
0.640617  2.48215  
0.659002  2.44029  
0.951786  1.76053  
1.12718  1.66578  
0.212078  3.4458  
0.402259  2.82552  
1.33024  1.14962  
0.675809  2.39449  
0.80321  1.96448  
0.224942  3.38879  
0.303722  3.30994  
0.790832  2.00214  
0.906188  1.77797  
2.80143  1.08836  2.80147  1.0884  
2.14091  0.164757  2.1993  0.223147  
1.25591  2.2196  1.25591  2.2196  
1.92445  1.74149  1.92445  1.74149  
2.95695  0.963695  2.9569  0.963637  
2.93024  0.976087  2.93017  0.976022  
1.06308  3.33079  1.08464  3.35235  
2.93672  0.985839  2.93655  0.985672  
0.949656  4.04994  0.949656  4.04994  
0.159216  4.15922  0.278333  4.27833  
2.80155  1.08848  2.80127  1.08897  
2.14091  0.164757  2.19868  0.22253  
1.25591  2.2196  1.36747  2.33116  
1.92445  1.74149  1.92445  1.74149  
2.95681  0.963555  2.95691  0.963563  
2.93024  0.976087  2.93613  0.98184  
1.06308  3.33079  1.06768  3.3354  
2.93675  0.985871  2.93675  0.985871  
0.949656  4.04994  0.949656  4.04994  
0.159216  4.15922  0.168392  4.16839  
2.80179  1.08838  2.80171  1.08844  
2.14091  0.164757  2.19703  0.220881  
1.25591  2.2196  1.28385  2.24776  
1.92445  1.74149  1.92825  1.74528  
2.95804  0.96459  2.95706  0.963607  
2.92963  0.975504  2.92956  0.975513  
1.06308  3.33079  1.06308  3.33079  
2.93791  0.985715  2.93791  0.985715  
0.949629  4.04991  1.39566  3.02038  
0.159216  4.15922  0.184665  4.18466  
2.80132  1.08895  2.80132  1.08895  
2.14091  0.164757  2.20805  0.232279  
1.25591  2.21961  1.25294  2.22448  
1.92445  1.74149  1.93981  1.75684  
2.95751  0.963935  2.9585  0.964917  
2.93167  0.976687  2.93167  0.976687  
1.06311  3.33083  1.06311  3.33083  
2.93837  0.983971  2.93838  0.983983  
0.949213  4.04949  0.955786  4.05607  
0.159216  4.15922  0.22138  4.22138  
2.80125  1.08921  2.80111  1.08907  
2.14091  0.164757  2.19403  0.217884  
1.25591  2.21961  1.25591  2.21961  
1.92445  1.74149  2.02527  1.60209  
2.95793  0.964351  2.95778  0.964201  
2.93138  0.976456  2.93222  0.976359  
1.06311  3.33083  1.06902  3.33673  
2.93868  0.984289  2.94094  0.985425  
0.949213  4.04949  0.952462  4.05274  
0.159216  4.15922  0.22013  4.22013  
2.80194  1.08853  2.80183  1.08842  
2.14091  0.164757  2.24639  0.270238  
1.25591  2.2196  1.28664  2.25033  
1.92445  1.74149  1.93567  1.75271  
2.95701  0.963559  2.95708  0.963629  
2.93216  0.975964  2.93216  0.975964  
1.06311  3.33083  1.06311  3.33083  
2.93788  0.985683  2.93765  0.985454  
0.949189  4.04947  0.949187  4.04947  
0.159216  4.15922  0.159216  4.15922  
2.7951  1.09924  2.79511  1.09925  
2.14091  0.164757  2.15125  0.175099  
1.25583  2.21974  1.25583  2.21974  
1.92456  1.74126  1.92456  1.74126  
2.95793  0.964351  2.95794  0.964388  
2.93124  0.976311  2.93119  0.976316  
1.06311  3.33083  1.07384  3.3424  
2.93794  0.984379  2.93817  0.984333  
0.949213  4.04949  1.25273  3.25409  
0.159216  4.15922  0.159216  4.15922  
2.80565  1.08289  2.80572  1.08296  
2.14091  0.164757  2.14091  0.164757  
1.25591  2.2196  1.25591  2.2196  
1.92445  1.74149  1.92445  1.74149  
2.95795  0.96453  2.95848  0.965057  
2.92965  0.975525  2.92725  0.973122  
1.06308  3.33079  1.06308  3.33079  
2.93766  0.985804  2.93766  0.985804  
0.949522  4.0498  1.00824  3.9576  
0.159216  4.15922  0.185494  4.18549  
2.80161  1.08854  2.80134  1.08826  
2.14091  0.164757  2.14091  0.164757  
1.25591  2.2196  1.25591  2.2196  
1.92445  1.74149  1.93735  1.75438  
2.95723  0.96378  2.9576  0.96414  
2.93024  0.976087  2.92967  0.976157  
1.06308  3.33079  1.06861  3.33632  
2.93693  0.986045  2.93696  0.986074  
0.949656  4.04994  0.954447  4.05473  
0.159216  4.15922  0.159216  4.15922  
2.80151  1.08844  2.79446  1.09871  
2.14091  0.164757  2.26453  0.289277  
1.25591  2.2196  1.28512  2.18212  
1.92445  1.74149  1.93347  1.75051  
2.95799  0.964537  2.95807  0.964619  
2.92965  0.975525  2.93064  0.976564  
1.06308  3.33079  1.06687  3.33458  
2.93676  0.985872  2.93667  0.985849  
0.949629  4.04991  0.967078  4.06736  
0.159216  4.15922  0.204243  4.20424  
2.12812  0.165493  
1.26253  1.5048  
0.384746  2.91734  
0.684176  2.36936  
0.348007  3.12243  
0.515478  2.56106  
1.25347  1.51636  
0.342964  3.14907  
0.357774  3.06883  
1.29354  1.38647  
0.49931  2.56728  
2.11105  0.189848  
0.894965  1.78718  
1.05012  1.7483  
0.237907  3.36503  
0.77388  2.05764  
1.60721  0.952394  
0.181174  3.80371  
0.477235  2.58813  
1.90852  0.876734  
0.327113  3.22564  
0.587761  2.54973  
1.23007  1.57801  
0.352943  3.09561  
0.250411  3.35947  
0.159208  4.15921  
0.424672  2.72527  
1.36129  1.08481  
0.457057  2.62453  
0.763731  2.09259  
0.7428  2.20531  
1.06742  1.73801  
0.33781  3.1753  
0.406691  2.80395  
1.07814  1.72939  
0.361905  3.04565  
1.34798  1.11097  
0.415923  2.76169  
0.815371  1.9303  
0.85643  1.83858  
0.466927  2.60439  
0.784313  2.02299  
1.32763  1.18528  
1.28069  1.41862  
1.0307  1.75523  
0.411681  2.78064  
0.321553  3.24919  
0.420219  2.74336  
0.380699  2.9397  
0.694879  2.3353  
1.44589  1.0605  
1.53488  0.959222  
2.1409  0.164757  
0.447527  2.64855  
1.13836  1.64561  
0.620773  2.51665  
0.86811  1.81954  
0.332529  3.20091  
0.315801  3.27137  
0.182199  3.78635  
1.33525  1.13829  
0.396031  2.85708  
0.848645  1.85301  
0.218317  3.41295  
0.821009  1.91548  
0.174164  3.92919  
0.830975  1.89096  
0.429229  2.70784  
1.64811  0.931591  
0.667401  2.41824  
0.290464  3.33887  
0.309968  3.29141  
1.09773  1.70885  
0.438226  2.67651  
0.488006  2.57582  
0.631043  2.5002  
1.11522  1.68503  
0.609857  2.53083  
1.68637  0.912211  
0.876633  1.80759  
1.10683  1.69711  
0.885655  1.79667  
1.6323  0.941767  
0.649942  2.46205  
1.67335  0.924739  
1.15114  1.62016  
0.837962  1.87515  
0.640617  2.48215  
0.659002  2.44029  
0.951786  1.76053  
1.12718  1.66578  
0.212078  3.4458  
0.402259  2.82552  
1.33024  1.14962  
0.675809  2.39449  
0.80321  1.96448  
0.224942  3.38879  
0.303722  3.30994  
0.790832  2.00214  
0.906188  1.77797  
2.61212  1.52983  2.61194  1.52966  
2.14088  0.164758  2.14088  0.164758  
1.25591  2.2196  1.25591  2.2196  
1.92627  1.73737  1.92627  1.73737  
2.94767  0.957559  2.94774  0.957545  
2.95095  0.986491  2.95089  0.986572  
1.05871  3.3235  1.05871  3.3235  
2.92988  0.986192  2.92989  0.986202  
0.93656  4.03684  0.939417  4.0397  
0.159216  4.15922  0.235909  4.23591  
2.6121  1.52982  2.61224  1.52995  
2.14088  0.164758  2.17002  0.193898  
1.25591  2.2196  1.25591  2.2196  
1.92627  1.73737  1.92627  1.73737  
2.94767  0.957438  2.94729  0.957235  
2.95081  0.98635  2.95087  0.985853  
1.05871  3.3235  1.06866  3.33345  
2.92988  0.986192  2.92988  0.986192  
0.93656  4.03684  0.945607  4.04589  
0.159216  4.15922  0.169522  4.16952  
2.60999  1.53528  2.60993  1.53521  
2.14088  0.164758  2.18313  0.207004  
1.25591  2.2196  1.25591  2.2196  
1.92627  1.73737  1.92627  1.73737  
2.94827  0.958065  2.94827  0.958065  
2.95122  0.986291  2.95033  0.986358  
1.05871  3.3235  1.06629  3.33108  
2.92988  0.986193  2.92878  0.985092  
0.93656  4.03684  0.943667  4.04395  
0.159216  4.15922  0.201246  4.20125  
2.6099  1.53519  2.60991  1.53519  
2.14088  0.164758  2.19885  0.222724  
1.25591  2.2196  1.29299  2.17505  
1.92627  1.73737  1.92627  1.73737  
2.94795  0.95774  2.94819  0.957976  
2.94893  0.984475  2.94844  0.984506  
1.05871  3.3235  1.06181  3.32659  
2.92988  0.986193  2.93019  0.986497  
0.93656  4.03684  0.93656  4.03684  
0.159216  4.15922  0.249497  4.2495  
2.70113  1.30566  2.70043  1.30496  
2.14088  0.164758  2.18764  0.211517  
1.25591  2.2196  1.29454  2.18026  
1.92627  1.73737  1.92627  1.73737  
2.94846  0.958383  2.94841  0.958336  
2.94962  0.986721  2.94962  0.986721  
1.05871  3.3235  1.06957  3.34471  
2.93055  0.986862  2.93055  0.986862  
0.93656  4.03684  0.938121  4.0384  
0.159216  4.15922  0.159216  4.15922  
2.70113  1.30566  2.70105  1.30558  
2.14088  0.164758  2.17609  0.199961  
1.25591  2.2196  1.27614  2.23983  
1.92635  1.73718  1.93562  1.74645  
2.94833  0.958384  2.94809  0.958317  
2.94843  0.986667  2.94843  0.986667  
1.05871  3.3235  1.06858  3.35026  
2.93059  0.986901  2.93061  0.986917  
0.93656  4.03684  0.959152  4.05943  
0.159216  4.15922  0.159216  4.15922  
2.70189  1.30372  2.70189  1.30372  
2.14088  0.164758  2.21004  0.233913  
1.25591  2.2196  1.25591  2.2196  
1.92627  1.73737  1.93933  1.75043  
2.9481  0.958024  2.94765  0.958017  
2.9496  0.986706  2.94966  0.986701  
1.05871  3.3235  1.05871  3.3235  
2.93046  0.986773  2.92991  0.986223  
0.93656  4.03684  0.938358  4.03864  
0.159216  4.15922  0.295796  4.2958  
2.70159  1.30448  2.70213  1.30502  
2.14088  0.164758  2.14029  0.164779  
1.25591  2.2196  1.26819  2.23188  
1.92627  1.73737  1.92627  1.73737  
2.94814  0.958023  2.95015  0.960173  
2.9532  0.986993  2.9532  0.986989  
1.05871  3.3235  1.05871  3.3235  
2.93049  0.986805  2.93049  0.986805  
0.93656  4.03684  0.94403  4.04431  
0.159216  4.15922  0.186014  4.18601  
2.70364  1.29938  2.70331  1.29906  
2.14088  0.164758  2.14088  0.164758  
1.25591  2.2196  1.25591  2.2196  
1.92627  1.73737  1.92014  1.77416  
2.94779  0.95792  2.95125  0.960922  
2.94967  0.986779  2.94843  0.985533  
1.05871  3.3235  1.05871  3.3235  
2.93044  0.986734  2.93044  0.986734  
0.93656  4.03684  0.93656  4.03684  
0.159216  4.15922  0.166481  4.16648  
2.60827  1.53941  2.61395  1.52567  
2.14088  0.164758  2.14088  0.164758  
1.25591  2.2196  1.26711  2.23079  
1.92627  1.73737  1.92627  1.73737  
2.94843  0.958222  2.94843  0.958222  
2.95269  0.9864  2.95254  0.986244  
1.05871  3.3235  1.05871  3.3235  
2.92989  0.98623  2.92807  0.986616  
0.93656  4.03684  0.945666  4.04595  
0.159216  4.15922  0.187953  4.18795  
2.12812  0.165493  
1.26253  1.5048  
0.384746  2.91734  
0.684176  2.36936  
0.348007  3.12243  
0.517391  2.56067  
1.25347  1.51636  
0.342964  3.14907  
0.357774  3.06883  
1.29354  1.38647  
0.499317  2.56728  
2.11105  0.189848  
0.894965  1.78718  
1.05012  1.7483  
0.237908  3.36503  
0.77388  2.05764  
1.60721  0.952394  
0.181174  3.80371  
0.477235  2.58813  
1.90852  0.876734  
0.327113  3.22564  
0.587761  2.54973  
1.23007  1.57801  
0.352943  3.09561  
0.250906  3.35939  
0.159208  4.15921  
0.424672  2.72527  
1.36129  1.08481  
0.457052  2.62454  
0.763731  2.09259  
0.7428  2.20531  
1.06742  1.73801  
0.33781  3.1753  
0.407009  2.80244  
1.07814  1.72939  
0.361905  3.04565  
1.34798  1.11097  
0.415923  2.76169  
0.810685  1.94312  
0.85643  1.83858  
0.466927  2.60439  
0.784313  2.02299  
1.32763  1.18528  
1.28069  1.41862  
1.0307  1.75523  
0.411681  2.78064  
0.321553  3.24919  
0.420219  2.74336  
0.380699  2.9397  
0.694879  2.3353  
1.44589  1.0605  
1.53488  0.959222  
2.1409  0.164757  
0.447527  2.64855  
1.13836  1.64561  
0.620773  2.51665  
0.86811  1.81954  
0.332529  3.20091  
0.315801  3.27137  
0.182199  3.78635  
1.34073  1.12626  
0.396031  2.85708  
0.848645  1.85301  
0.218317  3.41295  
0.821009  1.91548  
0.174232  3.92794  
0.830685  1.89164  
0.429229  2.70784  
1.64811  0.931591  
0.667401  2.41824  
0.290464  3.33887  
0.309968  3.29141  
1.09291  1.71449  
0.438226  2.67651  
0.488006  2.57582  
0.631043  2.5002  
1.11522  1.68503  
0.609857  2.53083  
1.68637  0.912211  
0.876701  1.8075  
1.10683  1.69711  
0.885655  1.79667  
1.6323  0.941767  
0.649942  2.46205  
1.67335  0.924739  
1.15114  1.62016  
0.837962  1.87515  
0.640617  2.48215  
0.659002  2.44029  
0.951786  1.76053  
1.12718  1.66578  
0.212078  3.4458  
0.402259  2.82552  
1.33024  1.14962  
0.675809  2.39449  
0.80321  1.96448  
0.22497  3.38871  
0.303722  3.30994  
0.790832  2.00214  
0.906188  1.77797  
