1.82466  3.80671  1.67031  3.95196  
2.09821  3.07971  2.53306  2.35891  
2.5902  2.15046  2.03362  3.78612  
2.38941  2.11739  2.39775  2.84951  
1.58733  4.12128  1.97901  3.8493  
2.14754  3.11938  1.91025  3.62019  
2.41149  2.88414  2.55574  2.02148  
2.15546  3.12624  1.82418  4.13629  
1.9875  3.21231  2.51831  2.59963  
2.57804  2.34666  2.20261  2.92052  
2.50443  1.9696  2.20294  2.71471  
2.10782  3.63776  2.65251  1.89439  
2.45736  2.681  1.75513  4.17544  
2.17074  3.36562  2.52955  2.32507  
2.40045  2.9358  1.4417  4.35332  
1.93565  3.88658  1.72294  3.94151  
2.3697  2.77668  2.15639  3.21475  
2.34459  2.81714  2.52577  2.40235  
2.47267  2.14568  1.9752  3.77723  
1.806  3.81759  2.07561  3.36552  
2.31071  3.05826  2.45732  3.03971  
2.47595  2.56584  2.63157  1.99496  
1.70814  3.73549  2.05883  3.48992  
2.3467  2.50198  2.5789  2.0314  
2.40335  1.87669  2.17026  3.1719  
1.69988  3.92079  2.47127  1.79398  
2.23904  3.00586  2.17368  2.93284  
2.22417  2.73826  2.45639  3.01792  
2.43618  2.64508  1.90791  3.91876  
2.35638  1.84659  2.25912  2.59807  
2.31471  2.64114  1.59841  4.34036  
2.25622  3.12675  2.42391  2.79926  
2.2297  3.02562  1.8599  3.86884  
2.18912  3.48808  2.56692  2.43004  
1.48467  4.06675  2.37249  2.97864  
2.03844  3.55336  2.15013  3.54762  
2.4742  1.71947  1.89487  3.85439  
2.29957  2.22014  2.16172  3.60452  
1.84018  3.69806  2.57875  1.66595  
1.62274  3.97433  2.67869  1.71118  
2.19752  3.20176  1.83949  3.99555  
2.3934  2.67775  2.52613  2.18185  
2.45473  3.22267  1.64774  3.8215  
2.13718  3.43385  1.53486  4.4459  
2.453  2.40205  1.90431  3.93492  
1.72174  3.99267  2.14352  3.17329  
2.32296  2.45822  2.06121  3.37618  
2.40451  2.41576  2.58508  1.74861  
1.93508  3.97959  2.38514  2.55354  
2.48041  2.47077  1.78177  3.70136  
2.37838  2.82586  1.52663  4.2493  
2.36145  2.7797  2.44671  1.64854  
1.83797  3.81594  2.18464  2.97759  
2.04253  3.69095  2.34743  3.11619  
2.57768  2.39323  2.33774  2.41126  
2.35484  2.46545  2.61616  1.37299  
2.52585  2.11261  2.06159  3.19802  
2.57114  2.04116  2.11204  3.51189  
2.48079  1.84046  2.34596  2.85616  
2.13422  3.20738  2.329  2.86571  
1.76884  3.68509  2.42445  2.21324  
2.36711  2.52579  2.41595  2.61745  
2.19805  2.66535  2.27753  3.39732  
2.27229  3.08449  2.39473  2.38665  
1.81951  4.00203  1.94106  3.8637  
2.35737  1.99215  2.0137  3.5331  
2.35142  2.54798  2.42958  2.5891  
2.05879  3.36395  1.8357  3.8079  
2.28121  2.92045  2.03695  3.5744  
1.98334  3.41686  2.30741  2.98905  
1.9342  3.8295  1.56922  4.33458  
1.8026  4.04343  1.8237  3.84615  
1.37749  4.51461  2.43338  2.32533  
1.97832  3.6053  1.68021  3.91631  
2.0387  3.09711  1.70666  4.09927  
2.14817  3.41118  2.19137  3.37541  
2.53602  2.22178  2.36155  2.55226  
2.37907  2.81537  2.07808  3.69925  
2.47975  2.01303  2.30688  3.06763  
1.83739  4.14739  2.39363  2.8895  
2.26663  3.08061  1.41637  4.22438  
1.62753  4.06494  2.1594  2.70411  
2.42022  2.64112  2.55487  1.45133  
2.09993  3.51723  2.0982  3.30152  
2.21875  3.48316  2.3158  2.57788  
1.78612  3.85959  2.67001  1.73691  
1.8608  3.81045  2.53832  1.99524  
2.13552  3.42632  2.42552  2.61731  
1.98498  4.06597  2.39687  2.33705  
2.20934  3.44409  2.3675  2.9789  
2.22552  2.75825  2.23958  2.7207  
1.83703  3.95635  2.33866  3.01627  
2.35817  2.74317  1.86688  3.80611  
1.80301  3.69326  2.55782  2.04872  
2.02859  3.29061  2.37182  2.63317  
2.34481  3.19978  2.52083  1.25473  
2.51953  2.34934  2.56388  2.39516  
2.12347  3.42918  2.44825  2.38591  
2.38147  2.78609  2.42687  2.6274  
2.19275  2.86145  2.72553  1.64279  
2.52083  1.25473  
2.09821  3.07971  
2.1594  2.70411  
1.41637  4.22438  
2.44671  1.64854  
1.64774  3.8215  
2.25912  2.59807  
1.91025  3.62019  
1.9875  3.21231  
1.67031  3.95196  
2.50443  1.9696  
2.10782  3.63776  
2.45736  2.681  
2.17074  3.36562  
2.40045  2.9358  
1.93565  3.88658  
2.3697  2.77668  
2.34459  2.81714  
2.47267  2.14568  
1.806  3.81759  
2.31071  3.05826  
2.47595  2.56584  
1.70814  3.73549  
2.3467  2.50198  
2.40335  1.87669  
1.69988  3.92079  
2.23904  3.00586  
2.22417  2.73826  
2.43618  2.64508  
2.35638  1.84659  
2.31471  2.64114  
2.25622  3.12675  
2.2297  3.02562  
2.18912  3.48808  
1.48467  4.06675  
2.03844  3.55336  
2.4742  1.71947  
2.29957  2.22014  
1.84018  3.69806  
1.62274  3.97433  
2.19752  3.20176  
2.3934  2.67775  
2.45473  3.22267  
2.13718  3.43385  
2.453  2.40205  
1.72174  3.99267  
2.32296  2.45822  
2.40451  2.41576  
1.93508  3.97959  
2.48041  2.47077  
2.37838  2.82586  
2.36145  2.7797  
1.83797  3.81594  
2.04253  3.69095  
2.57768  2.39323  
2.35484  2.46545  
2.52585  2.11261  
2.57114  2.04116  
2.48079  1.84046  
2.13422  3.20738  
1.76884  3.68509  
2.36711  2.52579  
2.19805  2.66535  
2.27229  3.08449  
1.81951  4.00203  
2.35737  1.99215  
2.35142  2.54798  
2.05879  3.36395  
2.28121  2.92045  
1.98334  3.41686  
1.9342  3.8295  
1.8026  4.04343  
1.37749  4.51461  
1.97832  3.6053  
2.0387  3.09711  
2.14817  3.41118  
2.53602  2.22178  
2.37907  2.81537  
2.47975  2.01303  
1.83739  4.14739  
2.26663  3.08061  
1.62753  4.06494  
2.42022  2.64112  
2.09993  3.51723  
2.21875  3.48316  
1.78612  3.85959  
1.8608  3.81045  
2.13552  3.42632  
1.98498  4.06597  
2.20934  3.44409  
2.22552  2.75825  
1.83703  3.95635  
2.35817  2.74317  
1.80301  3.69326  
2.02859  3.29061  
2.34481  3.19978  
2.51953  2.34934  
2.12347  3.42918  
2.38147  2.78609  
2.19275  2.86145  
2.06315  3.48235  2.08909  3.48641  
1.8978  3.43663  2.14338  2.87855  
2.28626  3.00766  2.52031  2.06383  
2.18915  3.42319  2.20535  3.43939  
2.1655  3.19033  2.10205  3.12688  
2.03872  0.0394505  2.04013  0.040862  
2.05886  3.25535  2.05851  3.25499  
2.1314  3.66935  2.15341  3.69179  
0.0376382  4.03504  0.0432598  4.04066  
2.14668  3.49109  2.08024  3.58833  
2.29946  2.80176  2.34324  2.84554  
2.30041  3.12281  2.28898  3.11138  
1.8515  3.75245  1.39838  4.32147  
2.3554  3.13784  2.33371  3.11615  
1.77352  4.02632  2.11506  3.45841  
2.03422  0.035334  2.05699  0.0580834  
1.91957  3.54938  1.91733  3.55531  
1.85063  3.77777  1.87206  3.79921  
0.0349044  4.03032  0.0333974  4.02973  
1.50703  4.16676  1.52654  4.18627  
2.24883  3.1845  2.2832  3.21887  
1.87979  3.41862  1.88506  3.40856  
2.26098  2.98238  2.26703  2.98844  
2.30278  3.01415  2.28642  2.99835  
2.13036  3.37164  2.11156  3.35284  
2.03606  0.0367939  2.04265  0.0430311  
2.06448  3.26096  2.08953  3.28181  
2.48287  2.55725  2.49727  2.57165  
0.0309788  4.02838  0.0434164  4.03052  
1.93182  3.87413  1.95624  3.89855  
2.03445  3.74901  2.02359  3.73815  
2.52518  2.10275  2.52686  2.10444  
1.79604  4.03323  1.79604  4.03323  
2.36682  2.95772  2.3771  2.92711  
1.30208  4.41616  1.2667  4.38078  
2.03471  0.0351832  2.03777  0.0383037  
1.84082  3.61134  1.90609  3.33901  
1.61161  4.13712  1.64402  4.16953  
0.0272166  4.02503  0.0273178  4.02513  
2.29639  3.1295  2.4472  2.56638  
1.70867  3.89795  1.69772  3.88699  
2.076  3.21404  2.08556  3.2236  
2.18598  3.12429  2.1943  3.13261  
1.90499  3.51198  1.86816  3.58864  
2.31637  2.55382  2.31781  2.55526  
2.03374  0.0342963  2.03546  0.0359584  
1.86738  3.23738  1.83524  3.20524  
1.63622  3.76545  1.64438  3.77361  
0.0279854  4.02479  0.0584139  4.05458  
1.78933  3.71527  1.80017  3.72612  
2.64797  1.77859  2.59044  2.37349  
2.53083  2.01852  2.50897  2.76786  
1.6191  4.11691  1.81913  3.7343  
1.74005  3.54453  2.4656  2.18193  
1.45392  4.34123  2.22542  3.15654  
2.03617  0.0364032  2.0349  0.0354012  
2.01515  3.22688  1.68789  3.51188  
1.95713  3.6064  1.83157  3.68812  
0.0272867  4.02531  0.0296576  4.02619  
2.7181  1.84927  1.97222  3.51873  
2.53581  2.69248  2.59798  1.7286  
2.46467  2.95934  2.53083  2.01852  
1.85645  3.77162  1.5884  4.15066  
2.40543  2.37667  1.73885  3.54333  
2.22542  3.15654  1.39837  4.28568  
2.03513  0.0363454  2.03643  0.0366617  
1.6823  3.50629  2.4521  1.96492  
1.84224  3.69879  1.95311  3.60238  
0.028641  4.02517  0.0285372  4.02636  
2.02522  3.57172  2.67161  1.80278  
2.15941  3.10652  2.14971  3.10027  
1.74841  3.96503  1.6186  4.05635  
1.90489  3.57085  1.89755  3.48052  
2.46323  1.76212  2.56782  1.86671  
1.81738  3.88689  1.74765  4.14167  
2.04416  0.0606596  2.03956  0.0560543  
2.13141  3.15855  2.12728  3.15443  
1.79665  3.94962  1.84869  3.87737  
0.0315381  4.02886  0.0364612  4.03378  
2.35751  2.66165  2.35286  2.657  
2.26631  3.09458  2.27753  3.19008  
1.82728  3.36479  1.84423  3.41161  
2.23807  2.94697  2.21127  2.91565  
1.62735  4.17968  1.74274  3.98373  
2.48038  1.96496  2.57805  2.06262  
2.03694  0.0378329  2.04442  0.0458877  
1.29802  4.36982  1.27751  4.34931  
2.53857  2.61295  2.58438  2.24286  
0.0280036  4.0254  0.028579  4.02565  
1.76347  4.12632  1.77291  4.13515  
2.55938  1.82986  2.58205  1.85254  
2.5569  1.70873  2.56222  1.71405  
1.89102  3.42509  1.91505  3.44911  
1.76462  3.5691  1.57907  3.83522  
2.64206  1.74879  2.58421  1.69094  
2.03786  0.0381782  2.05169  0.0520042  
2.42121  1.71282  2.42889  2.22559  
2.01186  3.53615  2.22596  3.11513  
0.0288611  4.02688  0.0309417  4.02757  
2.47979  2.89768  2.46213  2.88001  
0.939626  3.65882  
0.0269557  4.0243  
1.41713  3.00968  
0.275458  3.9993  
2.00701  0.955915  
0.647622  3.87755  
0.62828  3.89148  
1.834  1.83164  
2.02707  0.595124  
1.98573  1.08601  
1.32506  3.17988  
0.148845  4.01807  
1.70654  2.40397  
0.236256  4.00428  
1.90385  1.54864  
1.88062  1.68372  
1.65666  2.48453  
1.334  3.15977  
2.01939  0.669978  
0.745813  3.81785  
1.24023  3.29917  
0.869933  3.72107  
1.99858  0.981121  
1.29612  3.21244  
2.02433  0.609373  
1.94351  1.316  
1.92717  1.40518  
1.56452  2.74934  
1.91745  1.42802  
1.85539  1.74617  
1.99506  1.00302  
0.523076  3.9516  
1.01938  3.58583  
0.701425  3.84566  
1.63451  2.52726  
1.82499  1.85205  
0.580216  3.91841  
0.097279  4.02306  
0.207395  4.00998  
1.75866  2.21287  
1.5523  2.75718  
0.905423  3.69596  
1.78053  2.01575  
0.836757  3.7464  
1.44618  2.94413  
1.35125  3.12301  
1.72511  2.29601  
0.432809  3.98494  
1.52962  2.78742  
2.03121  0.259795  
0.30373  3.9866  
0.261184  4.00052  
0.794142  3.77969  
1.09286  3.49799  
0.494666  3.9647  
0.959323  3.64278  
2.02781  0.514167  
0.729106  3.82801  
1.75251  2.27598  
0.612313  3.90361  
2.01577  0.676221  
1.95685  1.29648  
0.709062  3.84013  
1.96597  1.12963  
1.12968  3.44353  
0.542152  3.93978  
1.41817  3.00111  
1.05532  3.54726  
0.821373  3.75921  
0.976528  3.61657  
0.192397  4.01234  
1.67629  2.41441  
2.03323  0.0337814  
1.64347  2.49974  
0.597279  3.9133  
0.569118  3.92745  
2.02848  0.434858  
0.112545  4.02121  
1.43651  2.9625  
0.453989  3.97265  
1.94231  1.36041  
1.16754  3.39118  
1.67363  2.43958  
0.159265  4.01616  
2.01515  0.869744  
0.506134  3.95843  
0.672712  3.86536  
1.081  3.53692  
0.912875  3.67703  
1.93972  1.38171  
0.762817  3.80577  
1.98059  1.10095  
0.862523  3.72426  
1.57879  2.66378  
1.8371  1.83106  
0.930245  3.66519  
1.89177  1.58172  
1.9709  1.10791  
1.96283  1.26817  
1.53001  2.76921  
2.55381  1.63846  2.57009  1.65474  
1.84562  3.71514  1.81494  3.68446  
1.19502  3.29221  1.1994  3.29659  
1.18745  4.36189  1.03107  4.39997  
1.93379  3.71114  1.99063  3.76902  
2.03094  0.03095  2.03645  0.0364552  
1.71456  2.20165  1.72147  2.20857  
2.40136  2.62282  2.36766  2.58911  
0.0216948  4.02165  0.0216727  4.02163  
2.56275  2.09505  2.54779  2.08009  
2.4842  1.98253  2.4842  1.98253  
2.27207  3.16638  2.26313  3.22889  
1.22121  3.25544  1.25408  3.21197  
1.96529  3.50356  1.96192  3.50019  
2.52496  1.8492  2.48484  1.80907  
2.03097  0.030976  2.03097  0.0309778  
1.72148  2.17759  1.73933  2.16541  
2.33583  3.03864  1.95154  3.80181  
0.0218521  4.02181  0.0324636  4.03242  
2.52244  2.61937  2.51271  2.60965  
2.33313  2.73177  2.33808  2.73672  
2.34935  2.51232  2.40916  2.57213  
1.20351  3.28158  1.21349  3.29156  
1.90153  3.68419  2.03589  3.65727  
1.65775  3.68811  1.66151  3.69186  
2.03085  0.0308507  2.03086  0.0308633  
1.71714  2.19173  1.9005  2.11529  
2.28097  2.55693  2.35853  2.63449  
0.0217457  4.02173  0.0328732  4.03286  
2.20018  3.24789  2.21076  3.25847  
2.20806  2.98923  2.16446  3.00152  
2.12586  2.91841  2.16644  2.80578  
1.20302  3.28109  1.21655  3.29463  
2.48028  2.83452  2.47449  2.82872  
1.69402  3.85414  1.68302  3.84313  
2.03098  0.0309861  2.03094  0.0309417  
1.71986  2.18298  1.72945  2.19257  
2.33891  2.58381  2.14852  3.12148  
0.0219251  4.02179  0.0234694  4.02334  
1.80109  4.0029  1.81238  3.98433  
2.4076  2.76232  2.3953  2.75002  
1.92798  3.07608  1.92071  3.06881  
1.22319  3.25088  1.20006  3.29382  
1.82657  4.13617  1.80056  4.03013  
2.55412  2.60075  2.54566  2.59229  
2.03093  0.0309341  2.03093  0.0309341  
1.70835  2.21881  1.72617  2.20747  
2.02814  3.4474  2.34583  2.71408  
0.0217856  4.0216  0.0345362  4.03436  
2.1398  3.00865  2.11069  2.97954  
2.56611  1.82069  2.53889  1.79347  
2.43519  1.93054  2.43827  1.91963  
1.21789  3.25817  1.21789  3.25817  
2.51634  2.15549  2.52639  2.16554  
2.54032  2.04023  2.51748  2.01739  
2.03097  0.0309711  2.03096  0.0309676  
1.70135  2.24059  1.70143  2.24067  
2.2553  2.85556  2.25038  2.87328  
0.0219516  4.02183  0.0219462  4.02183  
2.23995  3.17194  2.24431  3.22671  
2.41656  2.64547  2.26908  3.12339  
2.17261  3.24527  2.22693  3.29959  
1.20997  3.27145  1.21376  3.27524  
1.58981  4.23607  2.12457  3.40984  
1.77377  4.07922  1.75146  4.05692  
2.03091  0.0309095  2.06785  0.0678533  
1.71586  2.1937  1.85278  1.80694  
2.47143  2.55674  2.46188  2.5472  
0.0218592  4.02171  0.0218592  4.02171  
2.5306  1.79117  2.50633  1.77488  
2.19508  2.97421  1.93202  3.55413  
1.84559  3.68407  1.84777  3.68625  
1.20641  3.27426  1.20641  3.27426  
2.44716  2.5115  2.44344  2.50779  
2.57513  2.30395  2.57533  2.30415  
2.03097  0.0309756  2.03911  0.0391202  
1.70874  2.21948  1.71456  2.22531  
2.04918  3.37683  2.05966  3.38732  
0.0218069  4.02169  0.0218069  4.02169  
2.34792  2.47984  2.38678  2.5187  
2.59005  1.74878  2.60125  1.75997  
2.48452  1.97986  2.53594  1.91609  
1.21813  3.25841  1.21954  3.32536  
2.40578  1.99893  2.50373  1.71295  
2.07693  3.31027  2.06738  3.32315  
2.03098  0.0309832  2.03095  0.0309573  
1.72135  2.1789  1.73864  2.19619  
2.39076  2.8511  2.29044  3.16757  
0.021974  4.02191  0.050858  4.0508  
2.21759  3.14957  2.18653  3.11852  
2.46068  1.95901  2.51343  1.58859  
2.1551  3.04941  2.05867  3.05647  
1.21973  3.25746  1.2324  3.23868  
1.80716  3.73116  1.94841  3.56632  
2.52086  1.8451  2.06924  3.36988  
2.03097  0.0309761  2.03143  0.0314369  
1.71284  2.20405  1.71483  2.24832  
2.46966  2.53802  2.42586  2.49422  
0.0218559  4.02181  0.0497177  4.04967  
2.03446  3.66054  2.06313  3.60767  
0.906994  3.6523  
0.265425  3.99189  
1.66702  2.34045  
1.67597  2.31238  
1.95931  1.20584  
0.647622  3.87755  
0.62828  3.89148  
0.849707  3.71653  
0.363454  3.96358  
1.65718  2.36686  
1.18454  3.30655  
1.11016  3.40745  
1.16143  3.33889  
0.204608  4.00504  
1.90799  1.42537  
1.87106  1.61129  
1.43271  2.88941  
1.80173  1.89986  
1.4687  2.81476  
1.37152  3.00709  
1.24699  3.21374  
1.87866  1.57746  
1.99447  0.953154  
1.20056  3.28442  
2.02141  0.423858  
1.92213  1.37049  
0.922273  3.63617  
1.7371  2.12759  
1.76949  2.01838  
1.82509  1.81061  
2.00971  0.919599  
0.408364  3.95112  
1.26481  3.18771  
1.29722  3.13471  
1.21715  3.26038  
1.84799  1.71713  
0.580216  3.91841  
2.02789  0.251954  
1.0564  3.47366  
1.7794  1.98318  
1.63483  2.42747  
1.5567  2.62456  
1.69626  2.25359  
0.836757  3.7464  
1.62255  2.46124  
1.49909  2.75112  
1.74827  2.09133  
1.4482  2.85698  
1.35846  3.03008  
1.40705  2.93898  
1.27663  3.16353  
1.70503  2.2283  
1.56689  2.59973  
1.59482  2.53073  
1.54025  2.66168  
1.71275  2.20396  
1.12644  3.38433  
1.48714  2.77742  
1.23168  3.23731  
1.14451  3.36364  
2.01577  0.676221  
1.93958  1.26182  
0.707622  3.80996  
1.96597  1.12963  
1.33073  3.07678  
0.542152  3.93978  
1.39157  2.96756  
1.01124  3.52567  
0.807458  3.7667  
0.942809  3.59821  
0.30995  3.98026  
1.68891  2.27676  
1.89793  1.49459  
1.60865  2.4963  
0.978982  3.57277  
1.51617  2.71499  
1.81246  1.86532  
1.07112  3.45013  
1.41823  2.91822  
1.88544  1.54188  
2.03082  0.0308224  
1.34576  3.05209  
0.021734  4.02155  
1.72559  2.16343  
1.8389  1.75517  
0.152072  4.01318  
0.672712  3.86536  
1.57789  2.57305  
0.892726  3.67426  
1.03342  3.50088  
0.720524  3.794  
1.7917  1.93926  
1.85533  1.6833  
1.52713  2.68938  
1.09581  3.42763  
1.64391  2.40456  
1.75877  2.05745  
1.9709  1.10791  
1.92642  1.32402  
1.31493  3.10423  
2.14232  3.35687  2.14373  3.35494  
1.47749  4.41758  1.47749  4.41758  
1.20665  3.26788  1.21948  3.2807  
1.52671  4.30401  1.48321  4.385  
2.47478  0.755381  2.47935  0.762525  
2.03079  0.0308449  2.03302  0.0507498  
1.71161  2.19964  1.71869  2.20671  
1.47603  4.15451  1.47603  4.15451  
0.0216474  4.02129  0.0216474  4.02129  
1.79577  3.99086  1.83076  4.02585  
1.54318  4.12537  1.61233  4.05777  
1.91163  3.53137  1.9133  3.53612  
1.20634  3.26756  1.20665  3.26788  
1.38009  4.46655  1.33388  4.42034  
2.60945  0.812723  2.61632  0.81959  
2.03079  0.0308497  2.03079  0.0308497  
1.71161  2.19964  1.71161  2.19964  
1.85433  3.88985  1.55018  4.25402  
0.021644  4.02129  0.0219059  4.02155  
2.24398  2.94482  2.25534  2.95618  
2.17969  3.26443  2.13318  3.35488  
1.72143  4.03572  1.7035  4.01779  
1.20634  3.26756  1.21977  3.28099  
1.5481  4.32539  1.54929  4.32659  
2.48153  0.870124  2.50566  0.894142  
2.03079  0.0308449  2.03178  0.0400969  
1.71161  2.19964  1.71161  2.19964  
1.46614  4.23006  1.4884  4.25232  
0.0216212  4.02129  0.115127  4.01689  
2.25262  3.32753  2.23088  3.3058  
1.17007  4.44546  1.15768  4.43307  
2.34147  2.68997  2.31327  2.66177  
1.20634  3.26756  1.20634  3.26756  
1.22732  4.31378  1.28526  4.37172  
2.55527  0.772021  2.57705  0.793801  
2.03079  0.0308189  2.03079  0.0308187  
1.71161  2.19964  1.71235  2.20038  
1.91004  3.8669  1.82596  3.78281  
0.0216798  4.02129  0.0216798  4.02129  
1.93807  3.69808  1.93807  3.69808  
2.13947  3.6288  2.17189  3.66122  
1.09655  4.26599  1.12699  4.29643  
1.20634  3.26756  1.20634  3.26756  
1.68171  4.06759  1.69882  4.0847  
2.53318  0.81178  2.53277  0.880874  
2.03079  0.0308467  2.03079  0.0308467  
1.71161  2.19964  1.71161  2.19964  
1.35645  4.18466  1.25073  4.22766  
0.0216468  4.02129  0.0245877  4.02423  
1.83374  3.67094  1.95697  3.54613  
2.0846  3.27829  2.08363  3.27731  
1.28336  4.27895  1.29482  4.27799  
1.20634  3.26756  1.20634  3.26756  
1.49384  3.9518  1.51691  3.97487  
2.53698  0.711766  2.53875  0.720609  
2.03079  0.030858  2.0572  0.0572647  
1.71161  2.19964  1.71985  2.20788  
1.54529  4.08486  1.69577  3.81991  
0.0216794  4.02129  0.0216794  4.02129  
2.42284  2.50115  2.06598  3.47034  
2.0559  3.66535  2.04154  3.65098  
1.40402  3.7467  1.41255  3.72403  
1.20634  3.26756  1.20634  3.26756  
1.54212  4.20007  1.46317  4.16463  
2.51028  0.783595  2.50643  0.775517  
2.03079  0.0308466  2.04854  0.0486019  
1.71161  2.19964  1.71161  2.19964  
1.7509  3.95282  1.70839  3.91031  
0.021647  4.02129  0.0413479  4.04099  
1.79444  3.63163  1.83034  3.66754  
1.17186  4.4481  1.24211  4.38763  
2.35023  2.69873  2.35034  2.69884  
1.20634  3.26756  1.21393  3.25648  
1.2242  4.3157  1.20344  4.29494  
2.52277  0.743419  2.4657  0.638389  
2.03079  0.0308189  2.03486  0.0348884  
1.71161  2.19964  1.71637  2.2044  
2.35417  3.11513  2.35417  3.11513  
0.0216806  4.02129  0.0464993  4.02334  
1.93744  3.69746  1.89177  3.77259  
2.10983  3.26891  2.04663  3.20571  
1.4032  4.18442  1.46636  4.24758  
1.20634  3.26756  1.20634  3.26756  
1.56836  4.0616  1.57179  4.0356  
2.58172  0.809808  2.59795  0.826041  
2.03079  0.0308454  2.03597  0.0360212  
1.71161  2.19964  1.71742  2.20545  
1.92854  3.62039  1.87865  3.57051  
0.021645  4.02129  0.023611  4.02326  
2.05603  3.50356  2.02635  3.47388  
1.97443  3.61431  2.20532  3.18671  
2.1068  2.55799  2.09659  2.54778  
1.20634  3.26756  1.20634  3.26756  
1.63979  4.02567  1.63954  4.02542  
2.52018  0.710643  2.52607  0.718952  
2.03079  0.0308432  2.03079  0.0308432  
1.71161  2.19964  1.76159  2.24962  
1.34764  4.21414  1.33096  4.19747  
0.0216641  4.02129  0.0216641  4.02129  
1.87215  3.73469  2.04933  3.37449  
0.911645  3.62915  
0.256304  3.99365  
1.14228  3.35699  
1.71965  2.17454  
1.94363  1.20177  
0.647622  3.87755  
0.62828  3.89148  
0.847379  3.68288  
0.363454  3.96358  
1.46145  2.82725  
1.28334  3.14994  
2.03077  0.0308333  
1.61833  2.46497  
1.35564  3.02823  
1.7116  2.19963  
1.90155  1.44786  
1.20633  3.26755  
1.52644  2.68725  
0.411135  3.94457  
1.26837  3.17374  
1.81148  1.85322  
1.77415  1.99229  
1.99447  0.953154  
1.89356  1.48933  
2.02027  0.441662  
1.9177  1.35911  
1.19048  3.29035  
1.78667  1.94709  
1.04999  3.47329  
0.989462  3.54238  
2.00971  0.919599  
1.66047  2.35052  
1.39718  2.95278  
1.86044  1.64761  
1.67812  2.30015  
1.85077  1.69152  
0.580216  3.91841  
1.88093  1.55229  
1.15834  3.33517  
2.02517  0.33201  
1.25299  3.19787  
0.861715  3.67004  
0.143652  4.0138  
1.74213  2.10198  
1.82084  1.81669  
1.49199  2.76316  
0.204176  4.0046  
1.12555  3.37916  
1.32023  3.08944  
1.82941  1.78135  
0.0216149  4.02126  
1.30498  3.11469  
1.53874  2.65934  
1.73092  2.13858  
1.55515  2.62111  
1.17442  3.31301  
1.63252  2.42711  
1.47655  2.79551  
1.80004  1.89793  
1.64701  2.38789  
2.01577  0.676221  
1.93114  1.27947  
0.707622  3.80996  
1.962  1.1135  
1.76398  2.02798  
1.70349  2.2246  
1.69515  2.24985  
1.66934  2.32541  
0.807458  3.7667  
1.94876  1.16769  
0.300704  3.98218  
0.938946  3.59537  
2.02837  0.229217  
1.58793  2.54229  
1.01503  3.51368  
1.51062  2.72311  
1.87001  1.60434  
0.828344  3.7159  
1.41296  2.92263  
1.57177  2.58189  
1.75329  2.06464  
1.10905  3.40046  
1.23761  3.22136  
1.37643  2.99094  
1.06711  3.45266  
1.22214  3.24437  
0.672712  3.86536  
1.68665  2.27515  
1.60378  2.50208  
1.44696  2.85615  
0.720524  3.794  
1.3343  3.06539  
1.90932  1.40762  
1.84052  1.73567  
1.09211  3.42181  
0.972287  3.56061  
1.4296  2.89069  
1.97409  0.989085  
1.92642  1.32402  
1.03273  3.49379  
2.54413  1.54554  2.5511  1.55251  
2.30742  2.99923  2.27149  2.9633  
1.47669  2.79805  1.47851  2.79987  
2.27983  3.00822  2.25691  3.11954  
2.63853  1.49754  2.64111  1.50012  
2.03073  0.0308002  2.03073  0.0308002  
1.80977  1.86255  1.80985  1.86226  
1.04998  3.51764  1.05648  3.52413  
0.0215019  4.02147  0.0215019  4.02147  
2.45411  2.60196  2.5633  2.18596  
2.6319  1.628  2.62019  1.61629  
2.31548  3.00729  2.43054  2.64177  
1.47668  2.79804  1.51542  2.79378  
2.31501  2.86861  2.34807  2.90167  
2.67572  1.44565  2.63033  1.40026  
2.03073  0.0307614  2.0357  0.035733  
1.80978  1.86255  1.80978  1.86255  
1.04996  3.51762  1.05454  3.51234  
0.0215315  4.02147  0.0256019  4.02554  
1.68604  4.18903  1.48098  4.3811  
2.46467  1.76375  2.5197  1.81877  
2.192  2.98997  2.192  2.98997  
1.47698  2.79738  1.4842  2.80459  
1.94065  3.72019  2.00255  3.76406  
2.50671  2.21038  2.49452  2.21859  
2.03073  0.0308349  2.05363  0.0537365  
1.80958  1.86326  1.81686  1.87054  
1.04966  3.51799  1.04962  3.51795  
0.021485  4.02147  0.0221262  4.02211  
2.37125  2.66759  2.36946  2.6658  
2.52496  1.81289  2.50249  1.79042  
2.38292  2.68183  2.37113  2.6844  
1.47927  2.79268  1.49746  2.7663  
1.6542  4.16176  1.62058  4.12814  
2.39489  2.14427  2.42278  2.17216  
2.03073  0.0308349  2.03932  0.039426  
1.80955  1.86323  1.80955  1.86323  
1.04959  3.51792  1.05186  3.52019  
0.021485  4.02147  0.021485  4.02147  
2.23035  2.70108  2.23238  2.70311  
2.44911  1.98044  2.46284  2.00495  
2.33627  2.37534  2.33733  2.3764  
1.47699  2.79738  1.47743  2.79782  
2.19086  3.2904  1.53111  4.30116  
2.40295  1.97763  2.43986  2.01454  
2.03073  0.030835  2.03073  0.030835  
1.8096  1.86327  1.8096  1.86327  
1.05054  3.5169  1.06531  3.53166  
0.0214033  4.02139  0.04368  4.02799  
2.36035  2.62369  2.33505  2.5895  
2.50346  1.79399  2.53452  1.55204  
2.25246  2.73862  2.25387  2.69275  
1.47698  2.79737  1.477  2.79739  
1.86638  3.89239  1.95366  3.74914  
2.42207  2.12575  2.40161  2.10528  
2.03073  0.030835  2.03094  0.0310147  
1.80958  1.86326  1.80957  1.86325  
1.05054  3.5169  1.05104  3.5174  
0.021485  4.02147  0.0269248  4.02691  
2.36035  2.62369  2.31589  2.57923  
2.48222  1.83852  2.49437  1.92164  
2.33563  2.25985  2.13417  3.13753  
1.47698  2.79738  1.47702  2.79742  
1.95626  3.7358  1.92025  3.83218  
2.46123  2.1649  2.47213  2.17581  
2.03073  0.0308349  2.03306  0.0331631  
1.8096  1.86327  1.82377  1.87726  
1.06005  3.50595  1.07755  3.52345  
0.021485  4.02147  0.0382762  4.03826  
2.32555  2.62189  2.36374  2.671  
2.33075  1.32351  2.32116  1.31392  
2.07826  3.01467  2.15029  2.92941  
1.47414  2.80342  1.48058  2.80986  
2.56379  1.95456  2.52684  1.90226  
2.53433  1.37225  2.47506  1.78869  
2.03073  0.0308555  2.04249  0.0426134  
1.80974  1.86248  1.80993  1.8636  
1.03994  3.52903  1.0399  3.529  
0.0215245  4.02147  0.0235922  4.02354  
2.16077  2.88371  2.19011  2.91305  
2.57889  1.74706  2.57889  1.74706  
2.26839  3.03768  2.28526  3.05455  
1.47598  2.79953  1.48435  2.85007  
1.63136  4.02836  1.71321  3.91345  
2.30764  2.71602  2.36032  2.7687  
2.03073  0.0307617  2.03118  0.0312079  
1.80957  1.86324  1.80926  1.86444  
1.04089  3.52793  0.98424  3.60428  
0.0215063  4.02148  0.0215063  4.02148  
2.61326  1.4032  2.6194  1.40934  
2.30625  1.60722  2.30625  1.60722  
2.27964  2.65181  2.21994  2.83629  
1.47666  2.79811  1.47233  2.81378  
2.46953  2.59411  2.42118  2.54575  
2.46536  1.7837  2.448  1.76633  
2.03073  0.0308553  2.04472  0.102109  
1.80998  1.86164  1.80998  1.86164  
1.03991  3.529  1.04042  3.52952  
0.0215245  4.02147  0.0229244  4.02287  
2.23121  2.99434  2.34  2.57467  
1.19046  3.29031  
0.256304  3.99365  
1.14233  3.35677  
0.905772  3.62816  
1.94363  1.20177  
0.647622  3.87755  
0.62828  3.89148  
0.847379  3.68288  
0.351359  3.9668  
1.46156  2.827  
1.41052  2.92747  
1.82979  1.78249  
1.6189  2.46317  
1.35564  3.02823  
1.90863  1.4097  
1.90155  1.44786  
1.15826  3.33518  
1.52644  2.68725  
0.399911  3.94933  
1.764  2.02774  
1.77462  1.99307  
1.4471  2.8585  
1.78159  1.96832  
1.89356  1.48933  
2.02027  0.441662  
1.9177  1.35911  
1.75339  2.0641  
1.28323  3.15001  
1.04985  3.47315  
0.989462  3.54238  
1.99889  0.803488  
2.02815  0.233744  
1.39601  2.95471  
1.86044  1.64761  
1.67812  2.30015  
1.84061  1.73741  
0.580216  3.91841  
1.88093  1.55229  
2.03069  0.0307876  
2.02391  0.360609  
1.25287  3.1978  
0.861715  3.67004  
1.70343  2.22463  
1.64256  2.39989  
1.85134  1.69176  
1.49199  2.76316  
0.204176  4.0046  
1.12552  3.379  
0.151091  4.01306  
1.82053  1.82007  
0.0216256  4.02126  
1.30498  3.11469  
1.53874  2.65934  
1.26838  3.17363  
1.55511  2.62107  
1.20632  3.26749  
1.63252  2.42711  
1.48081  2.78935  
1.79908  1.9035  
1.65585  2.36328  
2.01577  0.676221  
1.93114  1.27947  
0.707622  3.80996  
1.962  1.1135  
1.23752  3.22126  
1.96874  1.02984  
1.74239  2.10093  
1.66934  2.32541  
0.783174  3.73739  
1.94876  1.16769  
0.300704  3.98218  
0.952363  3.58139  
0.681738  3.85284  
1.58793  2.54229  
1.01503  3.51368  
1.51062  2.72311  
1.87001  1.60434  
0.828344  3.7159  
1.73198  2.13934  
1.57177  2.58189  
1.17448  3.31282  
1.72003  2.17542  
1.69095  2.26222  
1.37643  2.99094  
1.07509  3.44274  
1.22205  3.24445  
1.79105  1.9334  
1.32064  3.08842  
1.60378  2.50208  
0.452365  3.93361  
0.720524  3.794  
1.3343  3.06539  
1.10898  3.40035  
1.80974  1.86248  
1.09211  3.42181  
0.970174  3.56284  
1.4296  2.89069  
1.97409  0.989085  
0.927407  3.60685  
1.03273  3.49379  
