1.9047  1.62625  2.55942  1.55786  
2.46697  4.25045  2.23898  2.60948  
1.75035  3.40105  1.26128  3.31366  
1.34447  1.07482  1.91241  1.93928  
1.55472  1.10462  2.3507  2.46525  
1.73834  3.65638  2.02157  1.57737  
2.80602  2.76344  2.60731  2.1438  
3.33457  2.59978  1.64942  1.31368  
2.61756  1.25009  1.98083  2.99226  
2.00742  2.56943  1.36741  1.60584  
2.53043  2.3584  1.88556  1.30995  
1.9693  2.91593  1.93217  1.08014  
1.62368  1.1041  2.31349  1.97666  
2.89563  2.08404  2.85286  4.52419  
1.75548  1.50354  1.61832  1.2733  
1.69124  1.53469  2.94788  3.01322  
2.86618  1.65876  1.9408  2.57512  
1.83769  1.70098  1.57602  1.36818  
2.34006  1.66167  3.1735  2.22817  
3.56122  1.58579  1.88158  2.55713  
2.14926  1.24971  1.21175  0.882688  
1.86321  1.24818  1.85344  1.57227  
2.16339  2.70885  1.55603  1.31052  
3.29988  3.18153  2.32428  2.09353  
2.05292  2.43544  3.65342  2.64693  
1.12962  2.26425  1.89389  1.3585  
1.71358  2.07321  1.78715  1.33706  
2.30719  2.06511  1.74074  1.83822  
2.29899  3.41366  2.39764  2.7524  
2.76032  3.57202  2.17861  1.70933  
1.73515  1.47776  1.36869  2.45991  
2.75269  1.41004  1.51465  1.64192  
2.44685  2.19834  2.93964  2.36137  
1.71725  1.76312  4.30213  1.86498  
1.84643  1.5657  1.68435  1.46732  
1.8339  1.05795  2.9459  4.10456  
3.2803  1.8684  3.22932  3.18787  
3.34451  3.53123  1.87038  1.11377  
1.37289  2.0887  1.8287  1.41727  
1.67233  2.31306  3.60799  2.39464  
2.22902  1.40137  2.0677  3.65779  
4.12294  3.34704  2.7019  2.42012  
1.63735  2.28736  1.3556  1.74914  
2.21936  4.21989  2.73092  3.38662  
1.94528  1.75832  3.12107  2.29425  
2.6599  2.90047  1.57441  1.47623  
2.60493  1.53312  1.30138  1.81143  
2.12798  1.21888  3.30064  2.31631  
3.0198  3.41944  1.50628  1.47179  
1.95833  1.17316  1.57527  1.65181  
2.02729  2.07086  1.18516  1.13081  
2.23263  2.09654  2.03887  2.55993  
1.54718  1.24116  2.70121  1.56141  
2.07135  2.95003  2.03171  1.95462  
4.10175  1.90162  1.32459  1.45888  
1.63527  1.34711  1.60677  1.2053  
1.52416  1.22196  1.76078  1.62226  
1.42412  1.11343  1.68356  1.83662  
1.91873  1.63413  2.50889  1.5516  
2.34504  1.77099  1.72349  1.49943  
1.46664  1.39982  1.6033  1.15452  
2.31775  1.21096  1.75284  1.79665  
1.97548  1.07473  1.97386  1.48159  
3.45146  1.87751  2.18202  2.87549  
2.42059  2.48725  2.0703  0.954395  
3.54185  3.36733  1.68353  1.29274  
1.87888  1.7819  3.60926  3.09461  
1.79605  3.42767  1.71629  1.25315  
2.22074  2.65758  2.5824  2.92271  
1.07235  2.95664  2.80482  2.60909  
3.18694  1.20033  1.98496  3.59058  
1.84113  1.91365  1.81029  1.2806  
1.4993  2.32612  2.32771  1.38705  
1.36403  1.78228  1.49787  2.35414  
2.05935  1.6092  1.98437  1.30227  
2.17793  1.81606  1.08497  1.25444  
1.7174  1.6432  1.60204  2.89397  
1.75552  1.51012  1.84601  1.52018  
4.06397  3.44449  1.6938  1.22501  
2.5306  2.59078  1.64048  1.43778  
1.79895  1.9367  1.56042  1.43765  
3.41175  3.26937  2.02209  1.60933  
2.28347  1.79726  1.70079  2.2799  
1.6813  1.59215  2.21758  1.54436  
2.51088  2.30849  2.22678  1.46552  
2.1032  1.5248  2.8394  2.16059  
1.71725  1.31189  1.63275  1.24156  
1.79233  3.16456  2.62169  1.577  
2.09941  3.29832  1.77634  1.20955  
1.68479  0.920033  2.08863  1.55674  
1.64113  1.12349  2.25302  2.62982  
1.90515  1.10377  3.27999  2.41892  
1.5699  1.47399  1.55897  1.70616  
1.71441  1.95643  1.48517  1.09722  
5.18026  3.17099  2.20551  1.50378  
1.93043  1.35974  1.70714  1.28252  
2.86538  3.2739  2.99847  1.66568  
2.40044  4.44745  2.22147  2.10291  
2.10418  2.03509  1.88729  1.21714  
1.62371  2.68522  3.69688  3.00273  
1.08497  1.25444  
1.18516  1.13081  
1.21175  0.882688  
2.55942  1.55786  
1.55472  1.10462  
1.73834  3.65638  
2.80602  2.76344  
3.33457  2.59978  
2.61756  1.25009  
2.00742  2.56943  
2.53043  2.3584  
1.9693  2.91593  
1.62368  1.1041  
2.89563  2.08404  
1.75548  1.50354  
1.69124  1.53469  
2.86618  1.65876  
1.83769  1.70098  
2.34006  1.66167  
3.56122  1.58579  
2.14926  1.24971  
1.86321  1.24818  
2.16339  2.70885  
3.29988  3.18153  
2.05292  2.43544  
1.12962  2.26425  
1.71358  2.07321  
2.30719  2.06511  
2.29899  3.41366  
2.76032  3.57202  
1.73515  1.47776  
2.75269  1.41004  
2.44685  2.19834  
1.71725  1.76312  
1.84643  1.5657  
1.8339  1.05795  
3.2803  1.8684  
3.34451  3.53123  
1.37289  2.0887  
1.67233  2.31306  
2.22902  1.40137  
4.12294  3.34704  
1.63735  2.28736  
2.21936  4.21989  
1.94528  1.75832  
2.6599  2.90047  
2.60493  1.53312  
2.12798  1.21888  
3.0198  3.41944  
1.95833  1.17316  
2.02729  2.07086  
2.23263  2.09654  
1.54718  1.24116  
2.07135  2.95003  
4.10175  1.90162  
1.63527  1.34711  
1.52416  1.22196  
1.42412  1.11343  
1.91873  1.63413  
2.34504  1.77099  
1.46664  1.39982  
2.31775  1.21096  
1.97548  1.07473  
3.45146  1.87751  
2.42059  2.48725  
3.54185  3.36733  
1.87888  1.7819  
1.79605  3.42767  
2.22074  2.65758  
1.07235  2.95664  
3.18694  1.20033  
1.84113  1.91365  
1.4993  2.32612  
1.36403  1.78228  
2.05935  1.6092  
2.17793  1.81606  
1.7174  1.6432  
1.75552  1.51012  
4.06397  3.44449  
2.5306  2.59078  
1.79895  1.9367  
3.41175  3.26937  
2.28347  1.79726  
1.6813  1.59215  
2.51088  2.30849  
2.1032  1.5248  
1.71725  1.31189  
1.79233  3.16456  
2.09941  3.29832  
1.68479  0.920033  
1.64113  1.12349  
1.90515  1.10377  
1.5699  1.47399  
1.71441  1.95643  
5.18026  3.17099  
1.93043  1.35974  
2.86538  3.2739  
2.40044  4.44745  
2.10418  2.03509  
1.62371  2.68522  
1.64461  1.11177  1.83343  0.919978  
1.56267  0.952638  1.19294  1.42423  
3.92483  1.96893  1.75914  1.49904  
0.0895548  1.91071  0.101459  1.89705  
3.28341  3.24021  2.90147  2.82624  
1.60205  1.24481  1.01245  1.89419  
2.13892  1.44479  1.67124  1.21819  
1.71634  1.22422  3.35225  1.81766  
1.5129  1.43197  1.64569  1.31872  
2.52168  0.0441441  2.11732  0.0679531  
3.5246  1.92038  1.92655  1.5646  
1.41845  1.43934  1.43382  1.73188  
1.82489  1.13828  1.46835  1.06054  
0.0906986  2.05258  0.0829849  1.90152  
1.80196  1.24546  1.53443  1.36805  
2.14693  2.67973  2.12005  1.78763  
1.23165  1.21221  1.70191  1.11401  
3.30372  2.42055  2.77929  2.02292  
2.08836  1.20865  3.02273  1.14474  
2.0179  0.0493942  2.28204  0.0539399  
2.7044  2.0264  2.0526  1.9426  
2.98942  2.48716  3.0145  2.9345  
1.89553  1.92202  1.55325  1.03773  
0.0796073  1.98801  0.165076  2.06301  
3.34364  1.64137  3.60776  2.26175  
1.94369  1.57841  1.54878  0.936014  
2.05595  1.83273  1.25825  1.34119  
1.99363  1.32741  2.61782  1.16233  
2.83721  0.929314  1.63412  1.24003  
1.97039  0.0510941  2.05425  0.141297  
1.87569  0.74056  1.84037  0.9686  
1.24066  1.35459  1.50601  1.44041  
1.65549  1.07182  1.81458  1.05527  
0.0817736  2.0546  0.211977  1.89611  
1.54661  2.19996  1.33814  3.0152  
2.97694  2.7376  1.7388  1.1238  
1.86409  1.68011  1.72559  1.06522  
2.00031  1.44626  1.51359  1.07321  
2.83239  2.05201  3.33677  2.11374  
1.81045  0.0516928  2.34959  0.0485215  
2.6225  2.941  2.04272  3.03597  
2.0195  1.11448  2.25921  2.02826  
1.29287  0.988499  1.42875  1.3829  
0.0753743  1.95673  0.0810792  2.14461  
1.48763  0.988874  1.87206  1.21571  
1.41471  1.40467  1.81809  1.85016  
1.34785  1.11663  1.87424  1.52351  
2.12773  0.993907  2.21269  1.38913  
1.86969  1.70172  2.53832  3.14477  
1.85567  0.0396794  1.82823  0.0826652  
1.705  1.35717  1.57906  1.66097  
2.00698  1.18139  1.77264  1.03593  
1.17014  2.11873  1.53562  1.69723  
0.0802672  1.84449  0.076694  2.01748  
4.22251  1.76283  2.46006  0.958874  
2.10904  1.89718  1.87468  1.59982  
1.78524  1.44173  1.19302  1.56168  
3.20503  2.44849  3.27882  1.98518  
1.78258  0.95478  1.22877  1.0953  
1.91903  0.0455189  1.98318  0.105875  
2.51202  2.4495  2.22531  2.1293  
3.02711  1.93176  3.48539  1.79185  
1.96255  1.48863  1.60466  1.54317  
0.0712141  2.00618  0.0835469  1.83324  
1.87272  1.12678  1.96171  1.3661  
1.46886  1.8923  1.50807  1.37613  
1.07663  0.872388  1.57513  1.17738  
1.74863  1.30525  2.4726  1.44913  
1.79997  3.27108  1.67803  3.198  
1.87751  0.0432936  1.80495  0.048041  
1.41233  1.13655  1.51733  1.35006  
1.44112  1.29712  1.75943  1.24197  
3.81491  2.29339  3.6339  3.1152  
0.0765905  1.96724  0.122796  1.94368  
2.47916  2.44455  1.34659  1.19497  
1.36981  1.51865  1.62487  1.34445  
1.93468  1.31493  2.30927  1.38932  
1.77537  2.04603  2.11234  1.33601  
1.23495  1.03278  1.42686  0.714371  
1.89214  0.040778  2.31825  0.0568007  
1.7435  1.23443  1.37643  1.06478  
0.827363  1.15674  1.32643  1.21533  
1.28522  1.25714  1.4239  1.28643  
0.090764  1.86113  0.0761224  2.10619  
3.09073  1.41346  2.82562  1.70917  
1.70245  2.25513  1.81785  1.60704  
2.104  2.4852  1.78365  2.26129  
1.72619  2.22705  1.68255  1.47498  
1.83458  0.977372  1.62115  1.1457  
1.88738  0.0494608  1.9892  0.0501704  
1.85125  1.428  2.01256  0.902954  
1.22326  1.29885  1.87502  1.12033  
1.33489  0.820171  1.53464  0.939538  
0.0766882  1.94857  0.147613  1.82241  
2.17847  1.17629  2.28312  0.995871  
2.48845  2.0012  1.72105  2.50634  
1.64759  2.02084  1.47279  1.37189  
2.6439  2.4153  1.39325  2.06286  
1.42665  1.49396  1.37122  1.43483  
2.0978  0.052876  2.24367  0.0500138  
0.954894  0.728282  
0.614775  1.08432  
1.03359  0.630707  
0.0958754  1.67293  
0.6946  1.0536  
0.7527  0.960267  
0.905598  0.752754  
0.851584  0.897486  
1.2593  0.52131  
1.46466  0.312732  
1.28841  0.499737  
1.68965  0.0447688  
0.0773905  1.81143  
1.10115  0.601143  
0.553774  1.22265  
0.105441  1.63248  
0.438851  1.52651  
1.60152  0.0575849  
1.18659  0.583767  
0.067605  1.96727  
0.151251  1.56753  
2.14354  0.0366631  
0.518855  1.25203  
1.64688  0.0540119  
1.0241  0.682908  
1.85567  0.0396794  
1.59134  0.129385  
0.4491  1.46361  
1.73101  0.0417479  
1.44704  0.440475  
0.501479  1.4143  
0.0712556  1.8718  
0.809694  0.901124  
0.886101  0.871809  
0.0736551  1.84915  
0.0874632  1.80065  
1.40461  0.45474  
1.22455  0.572785  
1.59702  0.104572  
1.24797  0.567806  
1.56538  0.304974  
1.83343  0.919978  
1.60008  0.0896562  
1.65872  0.0496788  
0.102256  1.66011  
1.65525  0.0507665  
0.474748  1.45939  
0.0912926  1.77588  
1.74443  0.913971  
0.0883685  1.80304  
1.51185  1.31988  
2.29822  0.232371  
2.03378  1.32381  
1.68849  0.369707  
1.14108  0.587907  
0.0909665  2.05872  
3.47884  0.178292  
3.05119  2.25159  
0.0968308  2.33233  
0.156058  1.89684  
2.42757  0.301389  
2.23952  0.309201  
2.97323  2.4969  
3.45146  1.87751  
2.42059  2.48725  
3.54185  3.36733  
1.87888  1.7819  
1.79605  3.42767  
2.22074  2.65758  
1.07235  2.95664  
3.18694  1.20033  
1.84113  1.91365  
1.4993  2.32612  
1.36403  1.78228  
2.05935  1.6092  
2.17793  1.81606  
1.7174  1.6432  
1.75552  1.51012  
4.06397  3.44449  
2.5306  2.59078  
1.79895  1.9367  
3.41175  3.26937  
2.28347  1.79726  
1.6813  1.59215  
2.51088  2.30849  
2.1032  1.5248  
1.71725  1.31189  
1.79233  3.16456  
2.09941  3.29832  
1.68479  0.920033  
1.64113  1.12349  
1.90515  1.10377  
1.5699  1.47399  
1.71441  1.95643  
5.18026  3.17099  
1.93043  1.35974  
2.86538  3.2739  
2.40044  4.44745  
2.10418  2.03509  
1.62371  2.68522  
1.91777  1.39344  1.45047  1.32928  
2.80314  1.74684  2.95688  1.70232  
1.3185  1.01276  2.28566  2.7072  
0.0637578  0.84363  0.0637578  0.84363  
1.63522  1.24927  1.55608  1.48666  
1.64458  0.775552  1.74478  1.20537  
1.91716  2.13939  1.1744  1.41426  
2.48281  1.47033  4.10494  1.87442  
1.06515  1.36876  2.77075  2.77025  
0.964391  0.0317506  0.96667  0.0535404  
1.79217  0.830371  2.22918  1.2245  
1.21119  1.20908  2.38053  2.02911  
1.57507  2.24722  1.4236  1.20213  
0.0637578  0.84363  0.0820773  0.868501  
2.52207  1.96735  1.5966  1.1083  
2.00159  1.15464  1.43352  0.812485  
2.73532  2.70273  1.90957  2.6573  
1.90336  0.909663  2.20983  0.792412  
2.00379  1.76293  1.65132  1.03957  
0.964391  0.0317505  1.01722  0.0984791  
1.64811  1.26222  1.32079  0.997077  
1.23481  1.48483  1.62132  0.969684  
1.6269  3.50877  1.04307  1.31296  
0.0637578  0.84363  0.0637578  0.84363  
1.56239  1.69598  2.44854  1.48941  
1.16082  1.12774  1.33446  1.4263  
3.07736  1.4593  3.13801  3.46966  
3.1918  1.44094  1.26943  1.1599  
1.59884  2.42501  1.52065  1.36212  
0.964391  0.0317505  0.964391  0.0317505  
1.23819  2.45057  1.74012  1.14274  
1.18288  1.62435  1.66141  1.52387  
2.05398  2.20212  2.01977  2.48077  
0.0637578  0.84363  0.0637578  0.84363  
3.06528  2.31905  2.06752  1.21619  
1.83688  0.819712  1.35885  1.14676  
1.88197  1.37335  1.85589  0.835853  
3.49884  3.51406  2.70059  1.42881  
1.54673  1.20648  1.62594  1.43603  
0.964391  0.0317506  0.964391  0.0317506  
1.51563  0.80417  1.69764  0.767071  
1.59196  1.18403  2.53915  1.67077  
1.41341  1.57769  1.38445  2.21143  
0.0637578  0.84363  0.065914  0.849519  
3.06092  2.13615  2.29687  2.10351  
1.93357  1.53288  3.07565  2.84776  
3.93872  1.34579  4.06433  1.77068  
1.23121  1.4453  1.17116  1.80772  
1.87389  1.52217  1.79074  1.54461  
0.964391  0.0317505  0.972121  0.0317505  
1.80143  2.48364  1.29569  1.23666  
1.25883  1.81949  2.78312  1.77163  
1.76244  1.24423  1.66864  0.988423  
0.0637578  0.84363  0.0637578  0.844453  
2.97401  2.33619  1.84779  1.4181  
1.59676  1.17758  4.00363  1.31789  
1.61312  2.01592  2.13298  1.80314  
1.74311  1.31701  2.338  2.21289  
1.56884  1.72693  1.48161  0.964849  
0.964391  0.0317506  0.964391  0.0317505  
1.03493  1.34039  1.43855  1.89555  
2.71362  2.11761  1.56409  0.779409  
2.07741  2.729  2.68868  2.64643  
0.0637578  0.84363  0.0637578  0.84363  
2.14652  1.68157  2.31548  0.955462  
3.70413  2.3671  2.3895  1.24163  
2.98266  2.59744  2.60352  1.46766  
1.62411  1.45441  2.99135  2.9226  
1.60601  1.18209  1.27708  1.24516  
0.964391  0.0317506  0.967773  0.0317506  
1.52793  1.97141  1.29084  1.49305  
1.59975  1.42258  3.57138  2.10874  
2.20165  2.81412  1.06763  2.07841  
0.0637578  0.84363  0.0637578  0.84363  
2.74203  2.47043  2.35015  1.99021  
2.02872  0.683541  1.31127  1.08003  
2.39633  1.69912  2.92478  2.69341  
2.51726  3.71201  3.365  2.59383  
1.12172  1.07075  1.60197  1.85596  
0.964391  0.0317505  0.964391  0.164105  
1.49175  1.15089  1.42522  1.54895  
3.60064  1.73987  1.66918  1.52839  
1.04924  1.34628  1.88028  3.48498  
0.0637578  0.84363  0.0637578  0.84363  
2.06506  1.90298  1.62747  1.33866  
1.46791  1.24023  1.28044  1.05238  
1.23474  1.86114  1.52497  1.23779  
2.9977  1.94528  1.82489  1.60282  
1.4288  1.89812  2.0991  2.989  
0.964391  0.0317505  1.12865  0.230871  
1.49886  1.30807  1.72898  1.09389  
1.49332  1.13392  2.83044  0.829102  
1.61894  2.83447  1.68734  1.19896  
0.0637578  0.84363  0.0637578  0.84363  
2.03693  1.06721  1.77092  0.913411  
1.48393  0.82546  1.36422  1.07328  
2.44248  1.71949  1.31227  1.34175  
3.7536  2.41839  3.73264  1.83363  
1.22901  1.67273  2.01602  2.34701  
0.964391  0.0317505  0.964391  0.0317505  
0.883146  0.594457  
0.802144  0.748064  
0.064728  0.842985  
0.0637262  0.843775  
0.963998  0.0325069  
0.964391  0.0317505  
0.0658091  0.842539  
0.838913  0.704463  
1.45047  1.32928  
1.13275  1.39444  
1.92044  1.82548  
2.75474  2.03632  
1.54703  1.50184  
0.417155  1.0066  
2.73127  1.26623  
1.98459  1.14108  
0.064354  1.09156  
0.381468  1.03643  
0.405354  1.00662  
1.49558  0.985972  
0.440741  0.993574  
0.487481  0.980575  
0.37155  1.07323  
0.404401  1.02377  
0.373075  1.05098  
0.854747  0.691728  
0.85747  0.66931  
0.0666815  1.1057  
0.421834  1.00244  
0.793127  0.818805  
2.2332  1.04509  
0.187419  1.10887  
0.382323  1.04989  
0.112147  1.12241  
1.65144  1.44456  
0.417149  1.01058  
0.408919  1.02128  
1.45731  1.48085  
1.38144  0.0347079  
1.24797  0.567806  
0.934383  0.611273  
0.831162  0.731661  
0.858159  0.662675  
0.104464  1.2914  
0.0692791  1.30455  
0.0848884  1.29631  
1.37541  0.0406524  
0.073969  1.30448  
1.1993  1.11416  
0.0883685  1.80304  
1.51185  1.31988  
2.29822  0.232371  
2.03378  1.32381  
1.68849  0.369707  
1.14108  0.587907  
0.0909665  2.05872  
3.47884  0.178292  
3.05119  2.25159  
0.0968308  2.33233  
0.156058  1.89684  
2.42757  0.301389  
2.23952  0.309201  
2.97323  2.4969  
3.45146  1.87751  
2.42059  2.48725  
3.54185  3.36733  
1.87888  1.7819  
1.79605  3.42767  
2.22074  2.65758  
1.07235  2.95664  
3.18694  1.20033  
1.84113  1.91365  
1.4993  2.32612  
1.36403  1.78228  
2.05935  1.6092  
2.17793  1.81606  
1.7174  1.6432  
1.75552  1.51012  
4.06397  3.44449  
2.5306  2.59078  
1.79895  1.9367  
3.41175  3.26937  
2.28347  1.79726  
1.6813  1.59215  
2.51088  2.30849  
2.1032  1.5248  
1.71725  1.31189  
1.79233  3.16456  
2.09941  3.29832  
1.68479  0.920033  
1.64113  1.12349  
1.90515  1.10377  
1.5699  1.47399  
1.71441  1.95643  
5.18026  3.17099  
1.93043  1.35974  
2.86538  3.2739  
2.40044  4.44745  
2.10418  2.03509  
1.62371  2.68522  
