0.688248 0.688251 0.22941
0.619588 0.619586 0.481902
0.700144 0.700144 0.140003
0.0901488 0.0901485 0.991842
0.680415 0.680415 0.272166
0.694315 0.694315 0.189353
0.596551 0.596551 0.536893
0.702247 0.702247 0.117039
0.696312 0.696312 0.174063
0.646762 0.646762 0.404225
0.553372 0.553372 0.622543
0.693111 0.693113 0.197978
0.69854 0.69854 0.155187
0.0990149 0.0990149 0.990148
0.691719 0.691719 0.207485
0.666667 0.666667 0.333333
0.639602 0.639602 0.426401
0.468293 0.468293 0.749269
0.457496 0.457496 0.762493
0.408248 0.408248 0.816497
0.19245 0.19245 0.96225
0.348153 0.348153 0.87039
0.315788 0.315788 0.894738
0.485071 0.485071 0.727607
0.0001 0.0001 1
0.473016 0.473016 0.743312
0.0827409 0.0827409 0.99313
0.301511 0.301511 0.904534
0.707107 0.707107 0.000141412
0.529813 0.529813 0.662266
0.502519 0.502519 0.703526
0.598671 0.598671 0.532153
0.436852 0.436852 0.786333
0.449975 0.449975 0.771391
0.464206 0.464206 0.754338
0.389489 0.389489 0.834623
0.497469 0.497469 0.710669
0.539163 0.539163 0.646998
0.706207 0.706207 0.0504401
0.123067 0.123067 0.984738
0.609208 0.609208 0.507673
0.27156 0.27156 0.923315
0.615457 0.615457 0.492366
0.684831 0.684831 0.249026
0.674579 0.674579 0.299811
0.376287 0.376287 0.84665
0.235701 0.235701 0.942809
0.140012 0.140012 0.980201
0.201772 0.201772 0.958424
0.650945 0.650945 0.390564
0.16222 0.16222 0.973329
0.678281 0.678281 0.282612
0.246624 0.246624 0.937205
0.0764643 0.0764643 0.994136
0.65561 0.65561 0.374634
0.109764 0.109764 0.987878
0.549972 0.549972 0.628538
0.382361 0.382361 0.84119
0.676716 0.676716 0.290018
0.386495 0.386495 0.837403
0.181235 0.181235 0.966596
0.282139 0.282139 0.916949
0.523204 0.523204 0.672692
0.219381 0.219381 0.950654
0.17609 0.17609 0.968496
0.704937 0.704937 0.0782712
0.644833 0.644833 0.410343
0.514496 0.514496 0.685995
0.624695 0.624695 0.468521
0.444446 0.444446 0.777777
0.506979 0.506979 0.697098
0.534994 0.534994 0.653882
0.659737 0.659737 0.359855
0.683486 0.683486 0.256306
0.131019 0.131019 0.982684
0.171215 0.171215 0.970243
0.276171 0.276171 0.920575
0.633725 0.633725 0.443603
0.337867 0.337867 0.87846
0.331292 0.331292 0.883454
0.556022 0.556022 0.617802
0.703528 0.703528 0.100489
0.323378 0.323378 0.889299
0.604709 0.604709 0.518318
0.0498604 0.0498604 0.997511
0.545455 0.545455 0.636363
0.601319 0.601319 0.526148
0.428393 0.428393 0.795588
0.631169 0.631169 0.450835
0.254456 0.254456 0.933008
0.658146 0.658146 0.365634
0.43189 0.43189 0.791796
0.211999 0.211999 0.953998
0.0369499 0.0369499 0.998634
0.366508 0.366508 0.855187
0.358977 0.358977 0.861551
0.150323 0.150323 0.977142
0.0622165 0.0622165 0.996123
0.264905 0.264905 0.927173
0.57735 0.57735 0.57735
