0.538865 0.531933
0.554582 0.517618
0.270233 0.75566
0.268417 0.76881
0.268502 0.758715
0.937434 0.144132
0.93898 0.143946
0.786481 0.214124
0.268323 0.816396
0.786354 0.214618
0.345867 0.711973
0.386286 0.660706
0.324445 0.738993
0.327119 0.727657
0.324834 0.727691
0.334846 0.727611
0.346919 0.661953
0.46469 0.566203
0.872591 0.151211
0.349427 0.661952
0.879939 0.151189
0.403329 0.596681
0.418169 0.584695
0.391361 0.642857
1.02738 0.00965688
0.769758 0.244451
0.142802 1
0.0115164 1
1.02738 0.0095626
0.750002 0.299337
0.769764 0.244439
0.403343 0.596658
0.769764 0.244439
0.769764 0.244439
0.769764 0.244439
0.403343 0.596658
0.769764 0.244439
0.750002 0.250001
0.750002 0.250001
0.403343 0.596658
0.391329 0.642889
0.403343 0.596658
0.750002 0.250001
0.403343 0.596658
0.750002 0.250001
0.769764 0.244439
0.391329 0.642889
0.403343 0.596658
0.769764 0.244439
0.403343 0.596658
0.750002 0.250001
0.403343 0.596658
0.750002 0.250001
0.403343 0.596658
0.391329 0.642889
0.750002 0.250001
0.391329 0.642889
0.750002 0.250001
0.750002 0.250001
0.391329 0.642889
0.769764 0.244439
0.403343 0.596658
0.391329 0.642889
0.391329 0.642889
0.750002 0.250001
0.769764 0.244439
0.750002 0.250001
0.391329 0.642889
0.391329 0.642889
0.750002 0.250001
0.403343 0.596658
0.769764 0.244439
0.403343 0.596658
0.750002 0.250001
0.750002 0.250001
0.403343 0.596658
0.403343 0.596658
0.750002 0.250001
0.403343 0.596658
0.769764 0.244439
0.769764 0.244439
0.750002 0.250001
0.750002 0.250001
0.769764 0.244439
0.403343 0.596658
0.403343 0.596658
0.769764 0.244439
0.391329 0.642889
0.769764 0.244439
0.403343 0.596658
0.391329 0.642889
0.750002 0.250001
0.769764 0.244439
0.391329 0.642889
0.750002 0.250001
0.769764 0.244439
0.750002 0.250001
0.769764 0.244439
0.769764 0.244439
0.769764 0.244439
