1.90271 1.43752 0.0305219
1.59296 2.17994 1.96446
0.0196438 3.11167 3.82598
1.84279 0.0307993 2.57051
0.584989 3.85619 0.0198395
1.65254 2.37849 0.157739
0.453465 0.0308262 5.89533
1.49627 2.71789 0.019774
1.06804 3.17453 2.09534
0.709989 3.23665 3.00872
0.674029 3.47763 2.40131
0.266746 2.49627 4.72509
1.36343 2.24278 3.10778
0.0195578 0.0195578 6.01956
1.00992 3.38477 1.60123
1.8953 0.102515 2.19903
0.019639 1.75842 5.42309
0.596664 3.69716 1.83544
1.1865 3.26866 0.0197878
0.225865 2.24817 4.96865
1.33128 3.03918 0.0195915
1.96545 0.0308026 1.55212
0.887377 3.29319 2.38975
1.2818 2.75244 2.34089
1.37659 1.82293 3.57561
1.14356 0.676024 4.93524
0.448136 3.92647 0.0198394
1.75011 0.0307993 3.09604
1.06702 3.42756 0.0197684
0.768453 2.27847 4.52537
0.729058 0.966436 5.48095
1.78886 1.9366 0.0305308
0.814215 3.69005 0.0198394
1.92832 0.0307996 1.92681
1.1374 2.70953 2.94891
0.704366 3.78047 0.0211323
1.2209 1.94537 3.85943
1.39494 1.3933 3.92448
1.54222 0.145963 3.95644
0.976006 1.20391 5.0242
1.0021 1.74201 4.61657
1.83292 1.30575 1.83693
1.62986 0.165139 3.6289
0.0198308 3.89645 1.49584
1.94501 1.20534 0.110547
0.917294 3.59438 0.0197733
0.0201397 1.44418 5.62703
0.0197739 1.12533 5.78605
1.97172 0.999922 0.0312467
0.764282 1.50925 5.16093
0.932378 0.694807 5.29486
1.53494 1.30914 3.49036
1.17703 1.17407 4.64521
0.675004 0.0308575 5.71115
2.00105 0.0307996 1.06188
0.242255 2.00212 5.23211
1.08312 0.231002 5.12587
1.50616 1.7122 3.20078
0.0196499 3.69825 2.37589
1.20073 2.39634 3.31599
1.63099 1.83238 2.42739
0.0198473 3.48369 3.01959
0.0200447 3.59942 2.69831
1.53401 1.98126 2.81004
0.737028 2.90096 3.63305
1.85339 1.68816 0.141451
2.03037 0.0303665 0.0303665
1.48474 2.30461 2.36138
1.12166 2.89203 2.65191
0.974548 2.43865 3.85589
1.33995 2.50332 2.65622
1.28389 0.0317238 4.70711
0.0196265 2.96307 4.0824
0.019837 3.96501 1.00593
2.0042 0.675427 0.0303786
1.74745 1.74755 1.74531
1.40774 2.89948 0.0196823
1.58035 2.5392 0.024862
1.71953 2.18163 0.14783
0.756791 2.72565 3.85589
0.214577 2.72428 4.41253
1.79461 0.0307993 2.85934
1.1932 1.64015 4.23668
0.823648 3.51364 1.80172
0.965623 2.77838 3.32248
1.37323 0.921999 4.27273
1.45303 0.0307993 4.24925
0.884591 0.201315 5.45111
0.759535 2.49312 4.20818
1.73171 1.3549 2.4894
0.931859 3.00746 3.00004
1.24849 2.96717 1.86326
1.64109 1.43013 2.90444
1.67911 0.556218 3.33631
0.248501 3.35065 3.34682
0.0198425 4.01944 0.0198394
0.468177 3.13721 3.61098
1.00333 2.20259 4.19602
0.0197125 3.79389 2.00719
0.750855 2.03768 4.80641
