0.231548 0.268402 5.00119e-05
0.276168 0.0688992 0.154933
0.0690272 0.29266 0.138313
0.379944 0.0342676 0.0857882
0.0500121 1.43337e-05 0.449974
0.0518751 0.275066 0.173059
0.396515 0.103434 5.09981e-05
2.62001e-05 0.0834062 0.416568
0.0333429 0.0332924 0.433365
0.103325 0.258758 0.137917
0.159278 0.159278 0.181444
0.275808 0.120073 0.104119
0.257605 0.155888 0.0865076
0.033734 0.415404 0.0508616
0.0488093 0.366528 0.084663
0.0856899 0.15479 0.25952
0.242356 0.103624 0.15402
0.450306 0.0163919 0.0333023
4.66623e-05 0.466623 0.0333304
0.0836037 0.0658174 0.350579
0.0341669 0.172754 0.293079
0.249773 0.234236 0.0159908
0.203631 1.48075e-05 0.296354
0.156602 0.240334 0.103065
4.999e-05 0.4999 4.99901e-05
0.309904 0.0346813 0.155415
0.254859 0.0499566 0.195185
0.0837036 0.383324 0.0329725
0.433557 0.066393 4.99901e-05
0.155132 0.103431 0.241437
0.433309 4.33309e-05 0.0666477
0.137984 0.275825 0.0861907
0.189743 0.310207 5.08421e-05
0.180919 0.0512037 0.267877
0.39984 4.37643e-05 0.100116
0.0662058 0.10082 0.332974
0.103458 0.31037 0.0861715
0.416129 0.0506297 0.0332414
4.99406e-05 4.97687e-05 0.4999
0.173241 0.292523 0.0342364
2.08457e-05 0.362464 0.137516
0.36737 0.132612 1.79183e-05
0.293307 0.0861528 0.12054
0.310337 0.137928 0.0517351
0.216479 0.216559 0.0669613
0.32537 0.174579 5.11668e-05
4.33382e-05 0.433382 0.066575
0.189646 0.189646 0.120709
0.4999 4.999e-05 4.99901e-05
0.326889 5.15627e-05 0.173059
2.15553e-05 0.267018 0.23296
0.121339 0.0512672 0.327394
0.214076 0.143204 0.14272
5.15875e-05 0.326999 0.172949
0.138394 0.361556 5.08421e-05
0.466628 0.0333216 4.99901e-05
0.0344916 0.103214 0.362294
0.050589 0.0505493 0.398862
0.121306 3.63912e-05 0.378657
0.0999821 0.399968 5.00119e-05
0.327027 0.0864735 0.0864994
0.172899 0.172899 0.154201
0.362078 9.63469e-06 0.137912
0.0333254 0.466625 4.99901e-05
0.0666655 0.433284 4.9996e-05
0.155176 0.327595 0.017229
3.70204e-05 0.117156 0.382807
0.120513 0.172528 0.206959
0.05173 0.137851 0.310419
0.0334774 0.341045 0.125478
0.0517154 0.206867 0.241418
0.275927 0.189635 0.0344382
0.102017 0.0341571 0.363826
0.16665 4.9994e-05 0.3333
0.344455 0.121561 0.0339835
0.378874 0.0692869 0.0518394
0.13994 0.219925 0.140135
0.0835107 1.91627e-05 0.41647
4.60006e-05 0.291585 0.208369
0.107072 0.21463 0.178298
0.0862053 0.34483 0.0689644
0.137973 0.137973 0.224054
0.0683356 0.224706 0.206959
4.09642e-05 0.396942 0.103017
0.237255 3.7424e-05 0.262707
0.284374 4.48563e-05 0.215582
0.177347 0.122127 0.200526
4.77559e-06 0.191437 0.308558
0.120693 0.120797 0.25851
0.327808 0.0515257 0.120667
0.293017 0.206932 5.09981e-05
0.196021 0.253524 0.0504551
4.95026e-05 0.156658 0.343293
0.223771 0.173682 0.102546
3.73733e-05 0.236899 0.263063
0.137827 0.0685164 0.293657
0.138021 0.310826 0.0511527
0.214497 0.0712014 0.214301
1.01528e-05 0.050009 0.449981
0.103458 0.103457 0.293084
