0.778813 2.54295
0.814025 2.38539
0.242476 3.57435
0.744648 2.75602
0.0942039 3.83272
0.164908 3.67021
0.710887 3.00134
0.674081 3.27886
0.000113811 3.99989
0.85804 2.30708
0.744648 2.75602
0.164908 3.67021
0.242476 3.57435
0.0942039 3.83272
0.674081 3.27886
0.85804 2.30708
0.710887 3.00134
0.814025 2.38539
0.000113811 3.99989
0.778813 2.54295
0.0942039 3.83272
0.744648 2.75602
0.778813 2.54295
0.674081 3.27886
0.242476 3.57435
0.814025 2.38539
0.85804 2.30708
0.164908 3.67021
0.710887 3.00134
0.000113811 3.99989
0.0942039 3.83272
0.778813 2.54295
0.744648 2.75602
0.710887 3.00134
0.674081 3.27886
0.814025 2.38539
0.85804 2.30708
0.164908 3.67021
0.242476 3.57435
0.000113811 3.99989
0.674081 3.27886
0.164908 3.67021
0.710887 3.00134
0.744648 2.75602
0.85804 2.30708
0.778813 2.54295
0.000113811 3.99989
0.814025 2.38539
0.242476 3.57435
0.0942039 3.83272
0.710887 3.00134
0.778813 2.54295
0.85804 2.30708
0.674081 3.27886
0.814025 2.38539
0.744648 2.75602
0.164908 3.67021
0.0942039 3.83272
0.000113811 3.99989
0.242476 3.57435
0.778813 2.54295
0.0942039 3.83272
0.164908 3.67021
0.674081 3.27886
0.000113811 3.99989
0.744648 2.75602
0.85804 2.30708
0.242476 3.57435
0.814025 2.38539
0.710887 3.00134
0.674081 3.27886
0.000113811 3.99989
0.814025 2.38539
0.85804 2.30708
0.744648 2.75602
0.242476 3.57435
0.0942039 3.83272
0.778813 2.54295
0.710887 3.00134
0.164908 3.67021
0.242476 3.57435
0.814025 2.38539
0.744648 2.75602
0.000113811 3.99989
0.164908 3.67021
0.85804 2.30708
0.0942039 3.83272
0.674081 3.27886
0.778813 2.54295
0.710887 3.00134
0.778813 2.54295
0.000113811 3.99989
0.164908 3.67021
0.814025 2.38539
0.85804 2.30708
0.674081 3.27886
0.710887 3.00134
0.0942039 3.83272
0.744648 2.75602
0.242476 3.57435
