0.0287043 11.1978
4.96738 10.0357
3.26367 10.7116
9.30495 6.22965
10.7211 3.23229
10.0678 4.90208
7.44041 8.36844
6.29955 9.25776
11.1978 0.000850589
8.4166 7.38589
9.30495 6.22965
8.4166 7.38589
10.7211 3.23229
4.96738 10.0357
7.44041 8.36844
0.0287043 11.1978
11.1978 0.000850589
10.0678 4.90208
3.26367 10.7116
6.29955 9.25776
4.96738 10.0357
7.44041 8.36844
0.0287043 11.1978
3.26367 10.7116
10.7211 3.23229
8.4166 7.38589
10.0678 4.90208
9.30495 6.22965
6.29955 9.25776
11.1978 0.000850589
7.44041 8.36844
8.4166 7.38589
11.1978 0.000850589
0.0287043 11.1978
9.30495 6.22965
10.0678 4.90208
6.29955 9.25776
3.26367 10.7116
4.96738 10.0357
10.7211 3.23229
9.30495 6.22965
7.44041 8.36844
3.26367 10.7116
10.0678 4.90208
10.7211 3.23229
8.4166 7.38589
4.96738 10.0357
11.1978 0.000850589
6.29955 9.25776
0.0287043 11.1978
11.1978 0.000850589
10.7211 3.23229
8.4166 7.38589
0.0287043 11.1978
10.0678 4.90208
4.96738 10.0357
3.26367 10.7116
7.44041 8.36844
6.29955 9.25776
9.30495 6.22965
6.29955 9.25776
0.0287043 11.1978
8.4166 7.38589
10.7211 3.23229
3.26367 10.7116
4.96738 10.0357
11.1978 0.000850589
10.0678 4.90208
7.44041 8.36844
9.30495 6.22965
0.0287043 11.1978
3.26367 10.7116
11.1978 0.000850589
10.7211 3.23229
10.0678 4.90208
7.44041 8.36844
8.4166 7.38589
4.96738 10.0357
6.29955 9.25776
9.30495 6.22965
6.29955 9.25776
11.1978 0.000850589
0.0287043 11.1978
10.0678 4.90208
8.4166 7.38589
9.30495 6.22965
10.7211 3.23229
3.26367 10.7116
7.44041 8.36844
4.96738 10.0357
10.0678 4.90208
11.1978 0.000850589
3.26367 10.7116
8.4166 7.38589
6.29955 9.25776
9.30495 6.22965
4.96738 10.0357
10.7211 3.23229
0.0287043 11.1978
7.44041 8.36844
