0.744031 0.668145
0.283559 0.958955
0.898149 0.439692
0.826061 0.56358
0.650846 0.75921
0.542225 0.840233
1 0.000251621
0.000237918 1
0.426015 0.904716
0.957214 0.289382
0.426015 0.904716
1 0.000251621
0.744031 0.668145
0.283559 0.958955
0.650846 0.75921
0.000237918 1
0.957214 0.289382
0.826061 0.56358
0.898149 0.439692
0.542225 0.840233
0.826061 0.56358
0.744031 0.668145
0.426015 0.904716
0.650846 0.75921
0.898149 0.439692
0.000237918 1
1 0.000251621
0.283559 0.958955
0.957214 0.289382
0.542225 0.840233
0.826061 0.56358
0.957214 0.289382
0.898149 0.439692
1 0.000251621
0.542225 0.840233
0.426015 0.904716
0.283559 0.958955
0.744031 0.668145
0.000237918 1
0.650846 0.75921
0.426015 0.904716
0.898149 0.439692
0.957214 0.289382
0.283559 0.958955
0.650846 0.75921
0.542225 0.840233
0.826061 0.56358
0.000237918 1
0.744031 0.668145
1 0.000251621
0.650846 0.75921
0.283559 0.958955
0.744031 0.668145
0.426015 0.904716
0.826061 0.56358
0.000237918 1
0.898149 0.439692
0.542225 0.840233
0.957214 0.289382
1 0.000251621
0.898149 0.439692
0.826061 0.56358
0.283559 0.958955
0.957214 0.289382
0.744031 0.668145
0.542225 0.840233
0.000237918 1
0.426015 0.904716
1 0.000251621
0.650846 0.75921
0.000237918 1
0.744031 0.668145
0.957214 0.289382
0.650846 0.75921
0.898149 0.439692
0.283559 0.958955
0.426015 0.904716
0.542225 0.840233
1 0.000251621
0.826061 0.56358
0.283559 0.958955
0.826061 0.56358
0.957214 0.289382
1 0.000251621
0.542225 0.840233
0.650846 0.75921
0.744031 0.668145
0.426015 0.904716
0.898149 0.439692
0.000237918 1
0.283559 0.958955
0.826061 0.56358
0.898149 0.439692
1 0.000251621
0.957214 0.289382
0.744031 0.668145
0.542225 0.840233
0.000237918 1
0.650846 0.75921
0.426015 0.904716
