0.998419 0.00341204
0.773567 0.402218
0.862252 0.257278
0.925492 0.144105
0.392173 0.846529
0.623183 0.611992
0.50574 0.74486
0.746013 0.444327
0.00347162 1.00013
0.213215 0.95503
0.925492 0.144105
0.392173 0.846529
0.998419 0.00341204
0.623183 0.611992
0.00347162 1.00013
0.50574 0.74486
0.862252 0.257278
0.746013 0.444327
0.773567 0.402218
0.213215 0.95503
0.213215 0.95503
0.998419 0.00341204
0.50574 0.74486
0.746013 0.444327
0.00347162 1.00013
0.862252 0.257278
0.925492 0.144105
0.623183 0.611992
0.773567 0.402218
0.392173 0.846529
0.50574 0.74486
0.623183 0.611992
0.998419 0.00341204
0.213215 0.95503
0.746013 0.444327
0.773567 0.402218
0.392173 0.846529
0.00347162 1.00013
0.862252 0.257278
0.925492 0.144105
0.998419 0.00341204
0.773567 0.402218
0.00347162 1.00013
0.50574 0.74486
0.925492 0.144105
0.746013 0.444327
0.392173 0.846529
0.623183 0.611992
0.213215 0.95503
0.862252 0.257278
0.00347162 1.00013
0.773567 0.402218
0.862252 0.257278
0.50574 0.74486
0.392173 0.846529
0.746013 0.444327
0.213215 0.95503
0.925492 0.144105
0.623183 0.611992
0.998419 0.00341204
0.998419 0.00341204
0.862252 0.257278
0.925492 0.144105
0.213215 0.95503
0.623183 0.611992
0.746013 0.444327
0.392173 0.846529
0.00347162 1.00013
0.50574 0.74486
0.773567 0.402218
0.392173 0.846529
0.213215 0.95503
0.862252 0.257278
0.746013 0.444327
0.998419 0.00341204
0.773567 0.402218
0.623183 0.611992
0.925492 0.144105
0.50574 0.74486
0.00347162 1.00013
0.00347162 1.00013
0.925492 0.144105
0.623183 0.611992
0.50574 0.74486
0.392173 0.846529
0.773567 0.402218
0.213215 0.95503
0.862252 0.257278
0.998419 0.00341204
0.746013 0.444327
0.213215 0.95503
0.50574 0.74486
0.862252 0.257278
0.998419 0.00341204
0.623183 0.611992
0.00347162 1.00013
0.392173 0.846529
0.925492 0.144105
0.746013 0.444327
0.773567 0.402218
