0.726456 0.473178
0.0033693 1.00027
0.954301 0.0903367
0.655164 0.571634
0.263546 0.93118
0.998398 0.00373122
0.887278 0.214066
0.362517 0.8693
0.403321 0.837885
0.580206 0.664047
0.0033693 1.00027
0.726456 0.473178
0.362517 0.8693
0.403321 0.837885
0.263546 0.93118
0.954301 0.0903367
0.655164 0.571634
0.887278 0.214066
0.580206 0.664047
0.998398 0.00373122
0.954301 0.0903367
0.580206 0.664047
0.362517 0.8693
0.998398 0.00373122
0.887278 0.214066
0.655164 0.571634
0.403321 0.837885
0.726456 0.473178
0.0033693 1.00027
0.263546 0.93118
0.998398 0.00373122
0.0033693 1.00027
0.887278 0.214066
0.954301 0.0903367
0.263546 0.93118
0.726456 0.473178
0.655164 0.571634
0.362517 0.8693
0.403321 0.837885
0.580206 0.664047
0.655164 0.571634
0.954301 0.0903367
0.403321 0.837885
0.726456 0.473178
0.263546 0.93118
0.362517 0.8693
0.0033693 1.00027
0.887278 0.214066
0.998398 0.00373122
0.580206 0.664047
0.580206 0.664047
0.954301 0.0903367
0.362517 0.8693
0.887278 0.214066
0.726456 0.473178
0.0033693 1.00027
0.655164 0.571634
0.403321 0.837885
0.998398 0.00373122
0.263546 0.93118
0.726456 0.473178
0.655164 0.571634
0.887278 0.214066
0.998398 0.00373122
0.580206 0.664047
0.403321 0.837885
0.0033693 1.00027
0.362517 0.8693
0.263546 0.93118
0.954301 0.0903367
0.655164 0.571634
0.403321 0.837885
0.0033693 1.00027
0.263546 0.93118
0.998398 0.00373122
0.887278 0.214066
0.954301 0.0903367
0.580206 0.664047
0.726456 0.473178
0.362517 0.8693
0.403321 0.837885
0.655164 0.571634
0.263546 0.93118
0.580206 0.664047
0.726456 0.473178
0.0033693 1.00027
0.362517 0.8693
0.998398 0.00373122
0.887278 0.214066
0.954301 0.0903367
0.998398 0.00373122
0.726456 0.473178
0.887278 0.214066
0.580206 0.664047
0.0033693 1.00027
0.655164 0.571634
0.403321 0.837885
0.263546 0.93118
0.362517 0.8693
0.954301 0.0903367
