0.571991 0.557734
0.600647 0.400545
0.829474 0.2238
0.573583 0.557731
0.505016 0.618527
1.01645 0.0203811
0.746994 0.337869
0.298187 0.878186
0.05 0.95
0.960098 0.0588075
0.571991 0.557734
0.746994 0.337869
0.829474 0.2238
0.505016 0.618527
0.600647 0.400545
0.05 0.95
1.01645 0.0203811
0.960098 0.0588075
0.298187 0.878186
0.573583 0.557731
0.571991 0.557734
0.829474 0.2238
0.960098 0.0588075
0.573583 0.557731
0.505016 0.618527
1.01645 0.0203811
0.05 0.95
0.600647 0.400545
0.298187 0.878186
0.746994 0.337869
1.01645 0.0203811
0.505016 0.618527
0.05 0.95
0.960098 0.0588075
0.573583 0.557731
0.298187 0.878186
0.746994 0.337869
0.571991 0.557734
0.829474 0.2238
0.600647 0.400545
0.600647 0.400545
0.571991 0.557734
0.298187 0.878186
0.505016 0.618527
0.960098 0.0588075
0.829474 0.2238
0.746994 0.337869
0.05 0.95
1.01645 0.0203811
0.573583 0.557731
0.960098 0.0588075
0.573583 0.557731
0.746994 0.337869
0.05 0.95
0.829474 0.2238
0.505016 0.618527
1.01645 0.0203811
0.571991 0.557734
0.600647 0.400545
0.298187 0.878186
0.746994 0.337869
0.571991 0.557734
0.600647 0.400545
0.829474 0.2238
0.05 0.95
0.573583 0.557731
1.01645 0.0203811
0.298187 0.878186
0.960098 0.0588075
0.505016 0.618527
0.571991 0.557734
0.505016 0.618527
0.746994 0.337869
1.01645 0.0203811
0.298187 0.878186
0.600647 0.400545
0.829474 0.2238
0.960098 0.0588075
0.05 0.95
0.573583 0.557731
0.600647 0.400545
0.746994 0.337869
0.05 0.95
0.960098 0.0588075
0.298187 0.878186
0.571991 0.557734
0.505016 0.618527
0.829474 0.2238
1.01645 0.0203811
0.573583 0.557731
1.01645 0.0203811
0.960098 0.0588075
0.298187 0.878186
0.573583 0.557731
0.05 0.95
0.600647 0.400545
0.829474 0.2238
0.571991 0.557734
0.746994 0.337869
0.505016 0.618527
