2.00177 0.00177083
0.961472 2.07888
0.49904 3.00701
1.80626 0.392005
0.00182111 4.00087
0.256322 3.4945
1.60773 0.79265
1.39973 1.21156
0.740669 2.53327
1.18546 1.6361
2.00177 0.00177083
0.740669 2.53327
1.18546 1.6361
1.80626 0.392005
1.60773 0.79265
1.39973 1.21156
0.49904 3.00701
0.00182111 4.00087
0.961472 2.07888
0.256322 3.4945
0.49904 3.00701
1.60773 0.79265
0.740669 2.53327
1.80626 0.392005
1.18546 1.6361
0.961472 2.07888
2.00177 0.00177083
1.39973 1.21156
0.00182111 4.00087
0.256322 3.4945
2.00177 0.00177083
0.256322 3.4945
0.49904 3.00701
0.00182111 4.00087
1.60773 0.79265
1.80626 0.392005
1.18546 1.6361
0.961472 2.07888
1.39973 1.21156
0.740669 2.53327
1.60773 0.79265
2.00177 0.00177083
0.256322 3.4945
0.00182111 4.00087
1.18546 1.6361
0.740669 2.53327
0.49904 3.00701
0.961472 2.07888
1.80626 0.392005
1.39973 1.21156
0.00182111 4.00087
0.49904 3.00701
1.39973 1.21156
0.256322 3.4945
0.740669 2.53327
1.18546 1.6361
0.961472 2.07888
1.80626 0.392005
2.00177 0.00177083
1.60773 0.79265
2.00177 0.00177083
0.00182111 4.00087
0.740669 2.53327
1.60773 0.79265
0.49904 3.00701
0.961472 2.07888
0.256322 3.4945
1.80626 0.392005
1.39973 1.21156
1.18546 1.6361
1.18546 1.6361
1.39973 1.21156
2.00177 0.00177083
1.60773 0.79265
0.961472 2.07888
0.00182111 4.00087
1.80626 0.392005
0.740669 2.53327
0.256322 3.4945
0.49904 3.00701
0.49904 3.00701
0.740669 2.53327
0.961472 2.07888
0.00182111 4.00087
0.256322 3.4945
1.80626 0.392005
1.18546 1.6361
1.60773 0.79265
1.39973 1.21156
2.00177 0.00177083
2.00177 0.00177083
0.00182111 4.00087
0.256322 3.4945
1.80626 0.392005
1.60773 0.79265
0.49904 3.00701
1.18546 1.6361
0.740669 2.53327
0.961472 2.07888
1.39973 1.21156
