1.77399 2.12394
0.0394961 4.03863
1.45864 2.86789
0.705147 3.81148
2.05364 0.0538738
1.26258 3.24666
1.88353 1.58341
1.63907 2.49841
1.02699 3.53982
1.98977 1.06924
1.26258 3.24666
2.05364 0.0538738
1.77399 2.12394
0.0394961 4.03863
1.63907 2.49841
1.98977 1.06924
1.88353 1.58341
1.45864 2.86789
1.02699 3.53982
0.705147 3.81148
2.05364 0.0538738
1.45864 2.86789
1.77399 2.12394
1.63907 2.49841
1.98977 1.06924
1.02699 3.53982
1.88353 1.58341
0.0394961 4.03863
1.26258 3.24666
0.705147 3.81148
1.02699 3.53982
1.88353 1.58341
0.0394961 4.03863
2.05364 0.0538738
1.26258 3.24666
0.705147 3.81148
1.63907 2.49841
1.77399 2.12394
1.45864 2.86789
1.98977 1.06924
1.88353 1.58341
1.26258 3.24666
2.05364 0.0538738
0.705147 3.81148
0.0394961 4.03863
1.77399 2.12394
1.63907 2.49841
1.45864 2.86789
1.98977 1.06924
1.02699 3.53982
1.02699 3.53982
0.705147 3.81148
1.26258 3.24666
1.63907 2.49841
0.0394961 4.03863
1.98977 1.06924
1.88353 1.58341
1.77399 2.12394
2.05364 0.0538738
1.45864 2.86789
0.0394961 4.03863
0.705147 3.81148
1.45864 2.86789
1.26258 3.24666
2.05364 0.0538738
1.02699 3.53982
1.63907 2.49841
1.98977 1.06924
1.88353 1.58341
1.77399 2.12394
1.45864 2.86789
2.05364 0.0538738
1.02699 3.53982
1.88353 1.58341
0.705147 3.81148
1.26258 3.24666
1.63907 2.49841
1.98977 1.06924
0.0394961 4.03863
1.77399 2.12394
0.705147 3.81148
1.45864 2.86789
1.98977 1.06924
1.77399 2.12394
1.63907 2.49841
1.88353 1.58341
0.0394961 4.03863
1.02699 3.53982
1.26258 3.24666
2.05364 0.0538738
1.26258 3.24666
0.0394961 4.03863
1.88353 1.58341
1.45864 2.86789
1.63907 2.49841
1.02699 3.53982
1.77399 2.12394
1.98977 1.06924
2.05364 0.0538738
0.705147 3.81148
