2.55043 0.550429
1.90831 1.80917
2.20001 0.200008
0.105969 4.10531
1.71276 2.27326
1.57727 2.63284
1.23482 3.20289
0.775289 3.82194
1.36119 2.94258
1.0403 3.48456
0.105969 4.10531
2.20001 0.200008
1.36119 2.94258
2.55043 0.550429
0.775289 3.82194
1.71276 2.27326
1.90831 1.80917
1.0403 3.48456
1.23482 3.20289
1.57727 2.63284
1.23482 3.20289
1.57727 2.63284
2.55043 0.550429
0.105969 4.10531
1.36119 2.94258
1.0403 3.48456
2.20001 0.200008
1.71276 2.27326
1.90831 1.80917
0.775289 3.82194
0.775289 3.82194
2.20001 0.200008
0.105969 4.10531
1.71276 2.27326
1.36119 2.94258
1.90831 1.80917
1.23482 3.20289
2.55043 0.550429
1.0403 3.48456
1.57727 2.63284
1.36119 2.94258
1.0403 3.48456
0.105969 4.10531
2.20001 0.200008
1.90831 1.80917
1.23482 3.20289
1.57727 2.63284
0.775289 3.82194
1.71276 2.27326
2.55043 0.550429
1.36119 2.94258
1.0403 3.48456
0.775289 3.82194
2.55043 0.550429
2.20001 0.200008
1.71276 2.27326
1.23482 3.20289
1.57727 2.63284
1.90831 1.80917
0.105969 4.10531
1.57727 2.63284
0.105969 4.10531
1.36119 2.94258
2.20001 0.200008
1.90831 1.80917
1.23482 3.20289
0.775289 3.82194
1.0403 3.48456
1.71276 2.27326
2.55043 0.550429
1.23482 3.20289
1.57727 2.63284
1.71276 2.27326
1.90831 1.80917
0.775289 3.82194
2.55043 0.550429
0.105969 4.10531
1.0403 3.48456
2.20001 0.200008
1.36119 2.94258
2.55043 0.550429
1.23482 3.20289
2.20001 0.200008
0.105969 4.10531
1.0403 3.48456
1.57727 2.63284
1.36119 2.94258
1.90831 1.80917
1.71276 2.27326
0.775289 3.82194
2.20001 0.200008
1.36119 2.94258
2.55043 0.550429
1.23482 3.20289
0.775289 3.82194
1.71276 2.27326
0.105969 4.10531
1.0403 3.48456
1.90831 1.80917
1.57727 2.63284
