0.0336486 1
0.42525 0.608489
0.999934 0.000674654
0.999981 9.11199e-05
0.333758 0.666657
0.767998 0.268771
1.03928 9.86784e-05
0.381521 0.618479
0.33325 0.667572
8.84559e-05 1
0.42525 0.608489
1.03928 9.86784e-05
0.33325 0.667572
8.84559e-05 1
0.999934 0.000674654
0.381521 0.618479
0.0336486 1
0.767998 0.268771
0.999981 9.11199e-05
0.333758 0.666657
0.333758 0.666657
8.84559e-05 1
0.0336486 1
0.33325 0.667572
0.42525 0.608489
0.999934 0.000674654
0.381521 0.618479
0.767998 0.268771
1.03928 9.86784e-05
0.999981 9.11199e-05
0.333758 0.666657
0.999934 0.000674654
0.999981 9.11199e-05
1.03928 9.86784e-05
0.767998 0.268771
0.42525 0.608489
0.381521 0.618479
0.33325 0.667572
0.0336486 1
8.84559e-05 1
0.381521 0.618479
0.33325 0.667572
0.767998 0.268771
0.999934 0.000674654
0.42525 0.608489
0.333758 0.666657
8.84559e-05 1
0.0336486 1
1.03928 9.86784e-05
0.999981 9.11199e-05
0.33325 0.667572
0.0336486 1
0.999981 9.11199e-05
0.333758 0.666657
0.767998 0.268771
0.42525 0.608489
1.03928 9.86784e-05
0.999934 0.000674654
0.381521 0.618479
8.84559e-05 1
0.767998 0.268771
8.84559e-05 1
0.999934 0.000674654
0.0336486 1
1.03928 9.86784e-05
0.381521 0.618479
0.42525 0.608489
0.999981 9.11199e-05
0.333758 0.666657
0.33325 0.667572
0.767998 0.268771
0.33325 0.667572
8.84559e-05 1
0.999934 0.000674654
1.03928 9.86784e-05
0.381521 0.618479
0.999981 9.11199e-05
0.42525 0.608489
0.333758 0.666657
0.0336486 1
0.767998 0.268771
0.0336486 1
0.33325 0.667572
0.999934 0.000674654
0.999981 9.11199e-05
0.42525 0.608489
8.84559e-05 1
1.03928 9.86784e-05
0.381521 0.618479
0.333758 0.666657
0.42525 0.608489
0.33325 0.667572
0.0336486 1
1.03928 9.86784e-05
0.999981 9.11199e-05
0.767998 0.268771
0.333758 0.666657
0.999934 0.000674654
0.381521 0.618479
8.84559e-05 1
