0.427914 0.572086
0.775889 0.224113
0.142751 0.857249
0.999931 9.88949e-05
8.75771e-05 1
0.877917 0.122083
0.563582 0.436419
0.286024 0.713976
0.681978 0.318022
0.956693 0.0433073
0.956693 0.0433073
0.999931 9.88949e-05
0.681978 0.318022
0.877917 0.122083
0.142751 0.857249
0.286024 0.713976
0.427914 0.572086
0.563582 0.436419
0.775889 0.224113
8.75771e-05 1
0.877917 0.122083
0.956693 0.0433073
0.286024 0.713976
0.681978 0.318022
0.563582 0.436419
0.999931 9.88949e-05
0.775889 0.224113
0.427914 0.572086
8.7577e-05 1
0.142751 0.857249
0.999931 9.88949e-05
8.75771e-05 1
0.427914 0.572086
0.956693 0.0433073
0.877917 0.122083
0.563582 0.436419
0.775889 0.224113
0.286024 0.713976
0.142751 0.857249
0.681978 0.318022
0.999931 9.88949e-05
0.681978 0.318022
0.563582 0.436419
8.75771e-05 1
0.956693 0.0433073
0.142751 0.857249
0.286024 0.713976
0.427914 0.572086
0.775889 0.224113
0.877917 0.122083
0.775889 0.224113
0.563582 0.436419
0.681978 0.318022
0.956693 0.0433073
0.286024 0.713976
0.427914 0.572086
8.75771e-05 1
0.877917 0.122083
0.999931 9.88949e-05
0.142751 0.857249
0.999931 9.88949e-05
0.563582 0.436419
0.681978 0.318022
0.142751 0.857249
8.7577e-05 1
0.775889 0.224113
0.956693 0.0433073
0.427914 0.572086
0.877917 0.122083
0.286024 0.713976
0.775889 0.224113
0.286024 0.713976
0.877917 0.122083
0.563582 0.436419
0.956693 0.0433073
8.75771e-05 1
0.427914 0.572086
0.142751 0.857249
0.999931 9.88949e-05
0.681978 0.318022
0.877917 0.122083
0.956693 0.0433073
0.999931 9.88949e-05
0.142751 0.857249
0.681978 0.318022
8.7577e-05 1
0.775889 0.224113
0.286024 0.713976
0.563582 0.436419
0.427914 0.572086
0.286024 0.713976
0.427914 0.572086
0.999931 9.88949e-05
0.681978 0.318022
0.563582 0.436419
0.775889 0.224113
8.75771e-05 1
0.877917 0.122083
0.142751 0.857249
0.956693 0.0433073
