1.35063 2.95012
0.600841 3.81523
0.903596 3.56848
2 0.000203362
1.14207 3.28371
0.000695105 4
1.92409 1.09156
1.81597 1.676
1.52845 2.57979
1.68344 2.15965
1.14207 3.28371
1.81597 1.676
0.000695105 4
1.35063 2.95012
2 0.000203362
0.600841 3.81523
1.52845 2.57979
1.68344 2.15965
1.92409 1.09156
0.903596 3.56848
1.81597 1.676
0.903596 3.56848
1.68344 2.15965
2 0.000203362
0.600841 3.81523
1.35063 2.95012
0.000695105 4
1.92409 1.09156
1.14207 3.28371
1.52845 2.57979
0.600841 3.81523
0.903596 3.56848
2 0.000203362
1.14207 3.28371
1.92409 1.09156
1.68344 2.15965
1.81597 1.676
1.52845 2.57979
1.35063 2.95012
0.000695105 4
1.35063 2.95012
0.600841 3.81523
0.903596 3.56848
1.52845 2.57979
0.000695105 4
1.14207 3.28371
1.92409 1.09156
1.68344 2.15965
1.81597 1.676
2 0.000203362
1.81597 1.676
0.000695105 4
0.600841 3.81523
0.903596 3.56848
1.35063 2.95012
1.92409 1.09156
1.52845 2.57979
1.14207 3.28371
1.68344 2.15965
2 0.000203362
0.000695105 4
1.14207 3.28371
1.52845 2.57979
2 0.000203362
1.81597 1.676
1.92409 1.09156
0.600841 3.81523
0.903596 3.56848
1.68344 2.15965
1.35063 2.95012
1.35063 2.95012
0.000695105 4
2 0.000203362
1.14207 3.28371
0.903596 3.56848
1.68344 2.15965
0.600841 3.81523
1.52845 2.57979
1.81597 1.676
1.92409 1.09156
1.35063 2.95012
0.903596 3.56848
0.000695105 4
1.81597 1.676
1.52845 2.57979
2 0.000203362
1.68344 2.15965
1.14207 3.28371
1.92409 1.09156
0.600841 3.81523
1.92409 1.09156
2 0.000203362
1.35063 2.95012
0.903596 3.56848
0.600841 3.81523
1.14207 3.28371
1.81597 1.676
1.68344 2.15965
0.000695105 4
1.52845 2.57979
