0.693266 3.83931
1.76177 2.1234
1.61414 2.54663
1.24464 3.26076
2.0511 0.0522254
1.44173 2.92593
1.88531 1.6457
1.00125 3.57089
1.98147 1.0974
0.186917 4.04187
1.00125 3.57089
1.98147 1.0974
0.693266 3.83931
1.44173 2.92593
0.186917 4.04187
1.24464 3.26076
2.0511 0.0522254
1.61414 2.54663
1.88531 1.6457
1.76177 2.1234
0.693266 3.83931
1.88531 1.6457
1.00125 3.57089
0.186917 4.04187
1.76177 2.1234
1.98147 1.0974
1.44173 2.92593
1.61414 2.54663
2.0511 0.0522254
1.24464 3.26076
0.693266 3.83931
1.61414 2.54663
1.24464 3.26076
1.76177 2.1234
1.00125 3.57089
1.88531 1.6457
0.186917 4.04187
1.44173 2.92593
1.98147 1.0974
2.0511 0.0522254
0.186917 4.04187
1.00125 3.57089
1.24464 3.26076
1.98147 1.0974
1.76177 2.1234
1.44173 2.92593
2.0511 0.0522254
1.61414 2.54663
0.693266 3.83931
1.88531 1.6457
1.00125 3.57089
2.0511 0.0522254
1.44173 2.92593
1.98147 1.0974
1.76177 2.1234
1.24464 3.26076
1.61414 2.54663
1.88531 1.6457
0.693266 3.83931
0.186917 4.04187
1.88531 1.6457
2.0511 0.0522254
0.186917 4.04187
1.61414 2.54663
1.44173 2.92593
0.693266 3.83931
1.24464 3.26076
1.00125 3.57089
1.98147 1.0974
1.76177 2.1234
1.00125 3.57089
0.693266 3.83931
0.186917 4.04187
1.44173 2.92593
1.24464 3.26076
1.76177 2.1234
1.88531 1.6457
1.61414 2.54663
2.0511 0.0522254
1.98147 1.0974
1.61414 2.54663
0.693266 3.83931
1.76177 2.1234
1.00125 3.57089
2.0511 0.0522254
1.88531 1.6457
1.98147 1.0974
1.44173 2.92593
1.24464 3.26076
0.186917 4.04187
1.24464 3.26076
1.76177 2.1234
1.44173 2.92593
2.0511 0.0522254
1.61414 2.54663
0.693266 3.83931
0.186917 4.04187
1.00125 3.57089
1.98147 1.0974
1.88531 1.6457
