1.69105 2.13573
0.0137114 3.99991
1.82308 1.64486
1.35761 2.93728
2 0.00113565
1.15082 3.27147
1.92617 1.07679
0.603577 3.8135
1.5338 2.56707
0.90518 3.56687
2 0.00113565
1.92617 1.07679
0.0137114 3.99991
1.82308 1.64486
1.15082 3.27147
1.35761 2.93728
0.90518 3.56687
1.69105 2.13573
0.603577 3.8135
1.5338 2.56707
2 0.00113565
1.35761 2.93728
1.69105 2.13573
1.5338 2.56707
0.0137114 3.99991
0.90518 3.56687
1.82308 1.64486
1.15082 3.27147
1.92617 1.07679
0.603577 3.8135
1.92617 1.07679
1.69105 2.13573
1.5338 2.56707
1.15082 3.27147
0.90518 3.56687
1.82308 1.64486
2 0.00113565
0.603577 3.8135
0.0137114 3.99991
1.35761 2.93728
1.5338 2.56707
1.92617 1.07679
1.35761 2.93728
1.82308 1.64486
0.90518 3.56687
1.69105 2.13573
1.15082 3.27147
0.603577 3.8135
2 0.00113565
0.0137114 3.99991
0.603577 3.8135
1.92617 1.07679
0.90518 3.56687
1.5338 2.56707
1.69105 2.13573
1.82308 1.64486
2 0.00113565
1.35761 2.93728
0.0137114 3.99991
1.15082 3.27147
0.0137114 3.99991
0.90518 3.56687
2 0.00113565
1.5338 2.56707
1.69105 2.13573
1.15082 3.27147
1.35761 2.93728
1.92617 1.07679
1.82308 1.64486
0.603577 3.8135
0.90518 3.56687
1.92617 1.07679
1.5338 2.56707
0.0137114 3.99991
1.82308 1.64486
1.15082 3.27147
1.69105 2.13573
1.35761 2.93728
0.603577 3.8135
2 0.00113565
0.90518 3.56687
0.603577 3.8135
0.0137114 3.99991
1.82308 1.64486
1.5338 2.56707
1.35761 2.93728
1.15082 3.27147
1.92617 1.07679
2 0.00113565
1.69105 2.13573
1.35761 2.93728
2 0.00113565
0.90518 3.56687
1.15082 3.27147
0.603577 3.8135
1.92617 1.07679
0.0137114 3.99991
1.69105 2.13573
1.82308 1.64486
1.5338 2.56707
