1.71298 2.27221
1.26106 3.14326
0.744734 3.82613
1.9268 1.72832
0.105229 4.10468
2.20001 0.200178
1.03199 3.48693
1.60756 2.55926
1.42 2.81688
2.09561 1.07652
1.9268 1.72832
1.26106 3.14326
2.09561 1.07652
2.20001 0.200178
1.03199 3.48693
0.744734 3.82613
1.60756 2.55926
0.105229 4.10468
1.71298 2.27221
1.42 2.81688
1.42 2.81688
1.26106 3.14326
0.744734 3.82613
2.20001 0.200178
1.03199 3.48693
2.09561 1.07652
1.71298 2.27221
1.9268 1.72832
0.105229 4.10468
1.60756 2.55926
1.26106 3.14326
1.60756 2.55926
1.42 2.81688
0.744734 3.82613
1.03199 3.48693
1.9268 1.72832
2.20001 0.200178
1.71298 2.27221
0.105229 4.10468
2.09561 1.07652
1.60756 2.55926
1.71298 2.27221
1.03199 3.48693
0.744734 3.82613
1.9268 1.72832
2.20001 0.200178
0.105229 4.10468
1.42 2.81688
1.26106 3.14326
2.09561 1.07652
2.20001 0.200178
0.105229 4.10468
0.744734 3.82613
1.03199 3.48693
1.9268 1.72832
1.71298 2.27221
1.42 2.81688
1.60756 2.55926
1.26106 3.14326
2.09561 1.07652
0.105229 4.10468
1.9268 1.72832
1.03199 3.48693
1.42 2.81688
1.71298 2.27221
0.744734 3.82613
1.26106 3.14326
2.09561 1.07652
2.20001 0.200178
1.60756 2.55926
0.105229 4.10468
1.9268 1.72832
1.42 2.81688
2.09561 1.07652
1.71298 2.27221
2.20001 0.200178
1.03199 3.48693
1.60756 2.55926
0.744734 3.82613
1.26106 3.14326
0.744734 3.82613
1.60756 2.55926
0.105229 4.10468
1.03199 3.48693
1.26106 3.14326
2.20001 0.200178
1.9268 1.72832
1.42 2.81688
1.71298 2.27221
2.09561 1.07652
0.105229 4.10468
1.9268 1.72832
1.03199 3.48693
2.09561 1.07652
1.42 2.81688
1.60756 2.55926
1.26106 3.14326
2.20001 0.200178
1.71298 2.27221
0.744734 3.82613
