0.595935 0.646294
0.47204 0.778025
0.807048 0.349558
0.925504 0.144657
0.270286 0.927442
0.00214308 1.00019
0.99656 0.00814687
0.726494 0.473744
0.439023 0.808297
0.649 0.579749
0.807048 0.349558
0.595935 0.646294
0.00214308 1.00019
0.47204 0.778025
0.99656 0.00814687
0.439023 0.808297
0.726494 0.473744
0.925504 0.144657
0.270286 0.927442
0.649 0.579749
0.726494 0.473744
0.47204 0.778025
0.270286 0.927442
0.649 0.579749
0.99656 0.00814687
0.595935 0.646294
0.925504 0.144657
0.00214308 1.00019
0.807048 0.349558
0.439023 0.808297
0.439023 0.808297
0.270286 0.927442
0.595935 0.646294
0.47204 0.778025
0.807048 0.349558
0.00214308 1.00019
0.726494 0.473744
0.649 0.579749
0.99656 0.00814687
0.925504 0.144657
0.925504 0.144657
0.00214308 1.00019
0.807048 0.349558
0.595935 0.646294
0.47204 0.778025
0.439023 0.808297
0.270286 0.927442
0.99656 0.00814687
0.649 0.579749
0.726494 0.473744
0.649 0.579749
0.00214308 1.00019
0.595935 0.646294
0.47204 0.778025
0.439023 0.808297
0.726494 0.473744
0.270286 0.927442
0.925504 0.144657
0.807048 0.349558
0.99656 0.00814687
0.807048 0.349558
0.595935 0.646294
0.47204 0.778025
0.726494 0.473744
0.925504 0.144657
0.649 0.579749
0.270286 0.927442
0.00214308 1.00019
0.99656 0.00814687
0.439023 0.808297
0.925504 0.144657
0.726494 0.473744
0.270286 0.927442
0.595935 0.646294
0.99656 0.00814687
0.47204 0.778025
0.439023 0.808297
0.00214308 1.00019
0.807048 0.349558
0.649 0.579749
0.00214308 1.00019
0.807048 0.349558
0.726494 0.473744
0.439023 0.808297
0.270286 0.927442
0.99656 0.00814687
0.649 0.579749
0.925504 0.144657
0.47204 0.778025
0.595935 0.646294
0.270286 0.927442
0.726494 0.473744
0.807048 0.349558
0.595935 0.646294
0.439023 0.808297
0.925504 0.144657
0.649 0.579749
0.00214308 1.00019
0.99656 0.00814687
0.47204 0.778025
