2.43317 1.01743
2.49572 0.875905
2.36554 1.19007
2.48112 0.910971
2.57765 0.761637
2.52414 0.833699
2.46406 0.947697
2.45547 0.972122
2.50888 0.857291
2.45889 0.959646
2.68564 0.716643
2.53171 0.818103
2.5303 0.824419
2.56153 0.780225
2.47007 0.934062
2.41153 1.07666
2.35311 1.31849
2.5199 0.841867
2.54269 0.805389
2.33685 1.35371
2.53219 0.817358
2.48657 0.894441
2.35728 1.30648
2.3235 1.3811
2.55169 0.78915
2.49171 0.883921
2.66109 0.719812
2.46639 0.938238
2.42745 1.03173
2.59622 0.754612
2.67528 0.717476
2.43891 1.00765
2.34299 1.33843
2.62132 0.735018
2.52809 0.827127
2.53762 0.80901
2.4716 0.92656
2.44847 0.980043
2.43745 1.01247
2.65509 0.721344
2.4131 1.07264
2.52642 0.829883
2.56898 0.768233
2.47897 0.914477
2.34554 1.33531
2.38599 1.14241
2.54693 0.795585
2.42894 1.02799
2.44712 0.987615
2.40823 1.08062
2.57145 0.765556
2.44785 0.981523
2.35404 1.31388
2.42024 1.04994
2.37572 1.16422
2.64231 0.724336
2.58528 0.760632
2.39155 1.12357
2.57655 0.762753
2.49974 0.872813
2.42252 1.04416
2.51217 0.854726
2.48556 0.896536
2.70207 0.716107
2.48315 0.905523
2.38922 1.12958
2.56848 0.772098
2.38035 1.1569
2.61783 0.739144
2.45054 0.975083
2.66952 0.718165
2.39655 1.11067
2.4155 1.062
2.44055 0.99923
2.3931 1.11958
2.38728 1.13459
2.34805 1.32732
2.44285 0.993612
2.56467 0.775749
2.55635 0.783137
2.33504 1.35788
2.54399 0.803507
2.64819 0.722534
2.42511 1.03762
2.51683 0.842934
2.40309 1.09837
2.62933 0.729746
2.54842 0.79354
2.36752 1.18506
2.59294 0.757438
2.43142 1.02179
2.46176 0.948802
2.35065 1.32375
2.39542 1.11359
2.40585 1.08673
2.41907 1.05292
2.35876 1.20705
2.31344 1.39005
2.60485 0.747792
2.5364 0.813972
