1.48222  3.90128  1.93107  3.10769  
2.12026  3.07516  2.05059  3.11658  
2.41177  1.863  1.38454  3.97149  
2.32486  2.58985  1.67734  3.41946  
1.52524  3.89746  2.26248  1.99994  
1.6156  4.0493  2.18077  2.92599  
2.52799  1.98152  2.2948  2.91655  
2.02825  3.48567  1.77397  3.5094  
1.57871  3.85725  1.7116  3.85056  
2.14046  3.0598  1.37003  4.009  
1.81313  3.71777  2.35034  2.25659  
2.06241  3.22237  2.10915  2.92548  
2.07081  3.19371  2.12488  3.0344  
2.04631  2.96029  2.53617  1.49372  
2.20926  2.13897  2.07926  3.11829  
2.18642  3.13535  2.15956  2.54701  
2.45897  1.69241  2.32497  2.24854  
1.77638  3.92896  1.86469  3.43853  
1.92431  3.43489  1.76792  3.57819  
1.91181  3.11859  1.7076  3.89178  
2.1803  2.63907  1.73318  3.62627  
2.01554  2.8397  2.4456  1.52145  
1.94557  3.56746  1.89506  3.227  
1.52126  4.02653  2.08636  3.26376  
1.71606  3.7311  2.07455  3.26756  
2.0044  3.40573  2.22209  2.6958  
1.63382  3.75175  2.31289  2.27927  
2.15052  2.59733  2.382  1.42133  
1.54662  4.01581  1.75964  3.77091  
1.82695  3.52516  2.13198  2.88606  
1.86227  3.54353  1.79887  3.426  
2.33306  1.62874  1.78894  3.53424  
1.89883  3.42193  1.83105  3.65741  
2.12587  2.87143  2.1331  2.95009  
1.80983  3.81531  2.0139  3.09976  
2.02973  3.29688  1.95867  3.43461  
2.18118  3.03216  2.08705  3.08122  
1.64068  3.45721  1.07555  4.28733  
2.25032  2.43783  2.31387  2.24109  
2.08273  3.2557  1.48918  3.93169  
2.13695  2.81919  2.00871  3.29221  
1.8453  3.4751  2.26147  2.07283  
2.05414  3.01649  2.2011  2.62699  
1.68665  3.83965  2.34969  2.58  
2.44586  2.0902  2.15919  3.2027  
2.26554  2.53676  2.00442  3.24666  
2.15436  3.42205  2.2191  2.48536  
1.96416  3.01942  2.2047  2.76867  
2.28911  1.85204  1.69202  3.95509  
2.21497  2.45601  1.4795  3.86902  
2.08082  3.61611  1.4446  4.18001  
2.17933  2.73465  1.41316  4.10707  
1.75283  3.60968  2.09358  3.26552  
2.31302  2.33517  2.18815  2.65969  
1.92829  3.61574  1.76693  3.68728  
2.01728  3.24476  1.873  3.47807  
2.19669  2.428  1.93295  3.54439  
2.03718  3.21926  2.43357  2.26714  
1.84477  3.35513  2.22464  2.17138  
1.89607  3.39566  2.14369  2.79766  
1.81079  3.80648  2.23965  2.57284  
2.10092  3.16045  2.09141  2.81546  
1.8965  3.31143  1.95457  3.66759  
1.91528  3.38307  2.00194  3.3085  
1.92892  3.62981  2.14684  2.80488  
2.14071  3.30422  2.12186  3.0931  
2.0152  3.21883  2.066  2.97006  
2.19847  2.82111  1.88199  3.52948  
1.52763  3.86315  1.77003  3.59859  
1.91887  3.8018  2.3939  1.51823  
2.29406  2.18752  2.00516  3.55319  
1.29986  4.04243  1.75783  3.59062  
1.45992  3.8904  1.58146  4.01943  
2.20647  3.0441  2.19231  2.54039  
1.85655  3.03947  1.77067  3.4322  
2.43088  1.92974  2.35548  2.47783  
1.64716  3.80475  2.05994  3.28153  
2.26135  2.654  1.75518  3.67189  
1.71286  3.38699  2.0673  2.95589  
2.19614  3.17577  1.78297  3.65468  
2.14331  2.91471  1.48811  4.05239  
1.60258  3.98532  2.18298  2.75587  
1.56334  3.812  2.19372  2.56121  
1.79589  3.65164  2.13991  2.99769  
2.41669  2.36662  1.83148  3.63344  
1.80353  3.61783  2.16725  2.86554  
1.84684  3.76772  1.36551  4.14455  
2.03102  3.037  2.3714  1.87993  
1.63444  3.78782  2.17877  2.79278  
2.25038  2.80388  1.93023  3.48272  
2.11318  2.93723  1.98028  3.502  
2.07909  3.03266  1.63527  3.58529  
2.33182  2.67412  1.92117  3.73027  
2.35193  2.16342  1.31696  4.22688  
2.33373  2.36035  1.69677  3.72913  
1.67562  3.74359  1.93082  3.61594  
2.18303  2.75537  1.82473  3.70345  
1.40327  4.00847  2.02481  3.03097  
1.55027  3.93293  2.10212  3.24363  
2.22493  2.59256  2.03908  3.12183  
1.86251  1.90401  1.61116  2.66129  
1.63883  2.68366  1.41738  3.12164  
1.7788  2.18428  1.7788  2.18428  
1.61116  2.66129  1.34822  3.22212  
1.22567  3.3811  1.63883  2.68366  
1.7288  2.52749  1.86251  1.90401  
1.5165  3.02296  1.22567  3.3811  
1.53487  2.86016  1.5165  3.02296  
1.41738  3.12164  1.7288  2.52749  
1.34822  3.22212  1.54121  2.8665  
1.71559  2.33632  1.64855  2.79135  
1.65163  2.73752  1.31534  3.33079  
1.40366  3.10792  1.8659  2.10282  
1.63883  2.68366  1.211  3.44573  
1.44221  3.15309  1.7205  2.38126  
0.909969  3.72019  1.52369  3.01104  
1.7788  2.18428  1.81416  2.45332  
1.37548  3.34279  1.89345  1.70638  
1.53487  2.86016  0.484661  3.9776  
1.22567  3.3811  1.3666  3.15054  
1.64855  2.79135  1.90329  1.90773  
1.8659  2.10282  1.32029  3.20532  
1.7205  2.38126  1.21278  3.46424  
1.52369  3.01104  1.37757  3.32447  
0.484661  3.9776  1.59751  2.70176  
1.211  3.44573  1.40441  3.1518  
1.89345  1.70638  1.94708  1.68529  
1.31534  3.33079  1.98836  1.96238  
1.3666  3.15054  1.2527  3.40864  
1.81416  2.45332  1.56585  2.91549  
1.05345  3.51844  1.26025  3.22823  
1.26025  3.22823  1.05345  3.51844  
0.286657  4.01761  2.04559  0.176414  
1.8801  1.6464  0.771087  3.79214  
1.68935  2.32729  1.97192  1.15739  
0.771087  3.79214  1.7922  2.00515  
1.97192  1.15739  1.68935  2.32729  
2.04559  0.176414  1.8801  1.6464  
1.7922  2.00515  0.286657  4.01761  
1.4973  2.81069  1.4973  2.81069  
1.88418  1.63669  0.203287  4.03387  
1.4393  2.91587  2.04759  0.05879  
1.23603  3.26142  0.993353  3.56929  
1.97991  1.08353  1.23603  3.26142  
2.04759  0.05879  1.61559  2.52543  
0.688804  3.83405  1.4393  2.91587  
0.993353  3.56929  1.88418  1.63669  
1.76229  2.10749  1.76229  2.10749  
1.61559  2.52543  0.688804  3.83405  
0.203287  4.03387  1.97991  1.08353  
1.73037  2.33832  1.73037  2.33832  
0.49709  3.95663  1.51062  2.7978  
1.51062  2.7978  1.40782  3.13026  
1.06687  3.51321  1.8878  1.68148  
1.8878  1.68148  1.819  1.94637  
1.819  1.94637  1.06687  3.51321  
0.73229  3.84574  2.08107  0.191983  
2.08107  0.191983  0.49709  3.95663  
1.61209  2.55405  1.61209  2.55405  
1.40782  3.13026  0.73229  3.84574  
1.91737  1.46964  1.75897  2.3835  
2.01511  0.757763  1.50062  2.93655  
1.88618  1.85572  1.56294  2.75067  
1.07758  3.55959  2.01956  1.36038  
2.04579  0.39992  1.06109  3.64443  
1.87889  2.01027  1.18881  3.37379  
0.516215  3.95014  1.5997  2.61588  
1.60961  2.66533  0.712606  3.83836  
1.68245  2.41517  1.81385  2.0907  
1.39496  3.11748  1.94394  1.68421  
1.81385  2.0907  1.7788  2.18428  
1.56294  2.75067  1.63883  2.68366  
1.94394  1.68421  1.40366  3.10792  
1.06109  3.64443  0.928266  3.73849  
2.01956  1.36038  1.22567  3.3811  
1.75897  2.3835  1.53487  2.86016  
1.50062  2.93655  1.37548  3.34279  
0.712606  3.83836  1.65163  2.73752  
1.18881  3.37379  1.71559  2.33632  
1.5997  2.61588  1.44221  3.15309  
1.37757  3.32447  1.68245  2.41517  
1.2527  3.40864  1.60961  2.66533  
1.32029  3.20532  1.91737  1.46964  
1.90329  1.90773  0.516215  3.95014  
1.94708  1.68529  1.88618  1.85572  
1.59751  2.70176  2.01511  0.757763  
1.56585  2.91549  2.04579  0.39992  
1.1511  3.54181  1.87889  2.01027  
1.98836  1.96238  1.39496  3.11748  
1.40441  3.1518  1.07758  3.55959  
1.86251  1.90401  1.61116  2.66129  
1.5165  3.02296  1.53487  2.86016  
1.67631  2.55747  1.5165  3.02296  
1.7288  2.52749  1.86251  1.90401  
1.63883  2.68366  1.41738  3.12164  
1.41738  3.12164  1.67631  2.55747  
1.7788  2.18428  1.22567  3.3811  
1.22567  3.3811  1.7788  2.18428  
1.61116  2.66129  1.63883  2.68366  
1.53487  2.86016  1.7288  2.52749  
2.04043  0.315236  0.893609  3.66708  
1.6738  2.36622  1.48963  2.81126  
0.221857  4.02933  1.28288  3.18675  
1.5595  2.6575  1.41267  2.96354  
0.927537  3.6345  1.91046  1.48728  
1.22423  3.27573  0.309693  4.00981  
1.97661  1.08205  1.57591  2.61895  
1.77077  2.06661  1.67293  2.36866  
1.8678  1.69107  1.9654  1.16227  
1.40396  2.97978  1.14177  3.3899  
0.96596  3.66419  1.33637  3.09941  
0.736193  3.79853  1.81714  1.89919  
1.14167  3.39004  0.736193  3.79853  
1.67782  2.3549  0.96596  3.66419  
0.23481  4.02695  1.92754  1.39561  
1.33637  3.09941  1.50965  2.76882  
1.92754  1.39561  1.67782  2.3549  
1.81714  1.89919  0.23481  4.02695  
2.04441  0.141853  2.04441  0.141853  
1.50965  2.76882  1.14167  3.39004  
1.41267  2.96354  1.48963  2.81126  
1.14177  3.3899  1.14177  3.3899  
1.9654  1.16227  0.893609  3.66708  
1.48963  2.81126  1.28288  3.18675  
1.28288  3.18675  1.57591  2.61895  
1.91046  1.48728  1.41267  2.96354  
1.57591  2.61895  1.91046  1.48728  
0.893609  3.66708  1.67293  2.36866  
1.67293  2.36866  1.9654  1.16227  
0.309693  4.00981  0.309693  4.00981  
1.40533  2.97724  1.85798  1.7339  
1.85798  1.7339  0.207354  4.0318  
0.663166  3.84914  2.045  0.0517922  
1.18978  3.32492  0.663166  3.84914  
0.207354  4.0318  1.96672  1.15311  
1.58147  2.60566  1.40533  2.97724  
1.96672  1.15311  0.97368  3.58763  
2.045  0.0517922  1.58147  2.60566  
1.72588  2.21261  1.72588  2.21261  
0.97368  3.58763  1.18978  3.32492  
2.04438  0.144624  0.309693  4.00981  
1.40396  2.97978  1.48963  2.81126  
1.77077  2.06661  1.14177  3.3899  
1.6738  2.36622  1.41267  2.96354  
0.927537  3.6345  1.67293  2.36866  
1.97661  1.08205  1.57591  2.61895  
1.5595  2.6575  1.28288  3.18675  
1.22423  3.27573  0.893609  3.66708  
1.8678  1.69107  1.9654  1.16227  
0.221857  4.02933  1.91046  1.48728  
0.184815  4.03521  1.24064  3.25152  
1.97664  1.08183  1.61439  2.52452  
0.691068  3.83055  2.045  0.0476019  
1.88161  1.62847  0.691068  3.83055  
1.24064  3.25152  1.43772  2.91577  
1.43772  2.91577  0.998085  3.56161  
1.61439  2.52452  1.97664  1.08183  
1.76023  2.10216  0.184815  4.03521  
2.045  0.0476019  1.88161  1.62847  
0.998085  3.56161  1.76023  2.10216  
1.97761  1.07462  2.04273  0.235529  
1.73758  2.17588  1.73758  2.17588  
1.02625  3.53048  1.87284  1.66858  
1.47959  2.83207  1.47959  2.83207  
2.04273  0.235529  1.02625  3.53048  
1.87284  1.66858  1.27079  3.20566  
1.27079  3.20566  0.749391  3.78871  
1.57892  2.61178  1.97761  1.07462  
0.384847  3.98683  1.57892  2.61178  
0.749391  3.78871  0.384847  3.98683  
1.18978  3.32492  1.58147  2.60566  
1.72588  2.21261  0.97368  3.58763  
0.663166  3.84914  1.96672  1.15311  
2.045  0.0517922  1.18978  3.32492  
0.207354  4.0318  1.72588  2.21261  
1.58147  2.60566  2.045  0.0517922  
1.96672  1.15311  0.663166  3.84914  
1.40533  2.97724  0.207354  4.0318  
1.85798  1.7339  1.40533  2.97724  
0.97368  3.58763  1.85798  1.7339  
1.87151  1.67455  0.221857  4.02933  
1.01718  3.54063  1.25902  3.22377  
0.743684  3.79298  1.45887  2.87411  
1.45887  2.87411  2.04497  0.0651766  
1.6211  2.50744  0.743684  3.79298  
0.221857  4.02933  1.01718  3.54063  
1.74118  2.1644  1.87151  1.67455  
1.96741  1.14837  1.6211  2.50744  
2.04497  0.0651766  1.96741  1.14837  
1.25902  3.22377  1.74118  2.1644  
1.87151  1.67455  1.96741  1.14837  
1.5325  2.71884  1.828  1.85708  
1.25902  3.22377  1.25902  3.22377  
1.828  1.85708  2.04497  0.0651766  
1.74118  2.1644  0.743684  3.79298  
1.6211  2.50744  1.74118  2.1644  
2.04497  0.0651766  1.5325  2.71884  
0.743684  3.79298  1.6211  2.50744  
1.96741  1.14837  1.87151  1.67455  
0.221857  4.02933  0.221857  4.02933  
1.23995  3.25254  2.045  0.0476019  
1.43696  2.91724  0.997371  3.56238  
1.88179  1.62767  1.23995  3.25254  
1.75999  2.10298  1.6141  2.52525  
1.6141  2.52525  1.88179  1.62767  
0.997371  3.56238  0.183666  4.03537  
1.80949  1.92816  1.80949  1.92816  
0.689933  3.83132  1.43696  2.91724  
0.183666  4.03537  0.689933  3.83132  
2.045  0.0476019  1.75999  2.10298  
1.6141  2.52525  0.997371  3.56238  
1.88179  1.62767  1.23995  3.25254  
0.689933  3.83132  2.045  0.0476019  
1.23995  3.25254  1.88179  1.62767  
0.997371  3.56238  1.6141  2.52525  
1.43696  2.91724  0.689933  3.83132  
1.75999  2.10298  1.43696  2.91724  
2.045  0.0476019  1.75999  2.10298  
0.183666  4.03537  1.97656  1.08248  
1.97656  1.08248  0.183666  4.03537  
1.88179  1.62767  1.23995  3.25254  
1.75999  2.10298  0.183666  4.03537  
1.43696  2.91724  1.43696  2.91724  
1.23995  3.25254  1.6141  2.52525  
0.689933  3.83132  1.88179  1.62767  
1.6141  2.52525  2.045  0.0476019  
1.97656  1.08248  0.997371  3.56238  
0.997371  3.56238  1.97656  1.08248  
0.183666  4.03537  1.75999  2.10298  
2.045  0.0476019  0.689933  3.83132  
0.997371  3.56238  0.689933  3.83132  
1.43696  2.91724  1.75999  2.10298  
1.97656  1.08248  1.97656  1.08248  
1.6141  2.52525  2.045  0.0476019  
0.689933  3.83132  1.6141  2.52525  
1.67208  2.37104  0.997371  3.56238  
1.75999  2.10298  1.43696  2.91724  
1.23995  3.25254  1.67208  2.37104  
0.183666  4.03537  1.23995  3.25254  
2.045  0.0476019  0.183666  4.03537  
1.43696  2.91724  0.997371  3.56238  
0.997371  3.56238  1.88179  1.62767  
1.75999  2.10298  0.183666  4.03537  
1.23995  3.25254  2.045  0.0476019  
1.97656  1.08248  1.23995  3.25254  
0.689933  3.83132  1.97656  1.08248  
1.88179  1.62767  1.43696  2.91724  
1.6141  2.52525  1.75999  2.10298  
0.183666  4.03537  1.6141  2.52525  
2.045  0.0476019  0.689933  3.83132  
1.6141  2.52525  1.6141  2.52525  
1.88179  1.62767  0.689933  3.83132  
1.43696  2.91724  1.75999  2.10298  
1.23995  3.25254  2.045  0.0476019  
2.045  0.0476019  1.23995  3.25254  
1.75999  2.10298  0.183666  4.03537  
1.97656  1.08248  0.997371  3.56238  
0.997371  3.56238  1.88179  1.62767  
0.183666  4.03537  1.43696  2.91724  
0.689933  3.83132  1.97656  1.08248  
2.045  0.0476019  1.88179  1.62767  
1.97656  1.08248  0.997371  3.56238  
1.75999  2.10298  1.23995  3.25254  
1.23995  3.25254  1.75999  2.10298  
0.997371  3.56238  1.6141  2.52525  
1.88179  1.62767  0.689933  3.83132  
0.689933  3.83132  1.43696  2.91724  
1.43696  2.91724  2.045  0.0476019  
0.183666  4.03537  0.183666  4.03537  
1.6141  2.52525  1.97656  1.08248  
1.97656  1.08248  0.997371  3.56238  
1.43696  2.91724  0.183666  4.03537  
1.88179  1.62767  1.97656  1.08248  
1.23995  3.25254  1.23995  3.25254  
0.997371  3.56238  2.045  0.0476019  
2.045  0.0476019  1.43696  2.91724  
1.75999  2.10298  1.6141  2.52525  
1.6141  2.52525  0.689933  3.83132  
0.183666  4.03537  1.75999  2.10298  
0.689933  3.83132  1.88179  1.62767  
1.6141  2.52525  1.6141  2.52525  
0.689933  3.83132  2.045  0.0476019  
1.75999  2.10298  0.997371  3.56238  
2.045  0.0476019  1.43696  2.91724  
0.997371  3.56238  0.689933  3.83132  
1.23995  3.25254  1.97656  1.08248  
1.97656  1.08248  1.75999  2.10298  
1.43696  2.91724  0.183666  4.03537  
0.183666  4.03537  1.88179  1.62767  
1.88179  1.62767  1.23995  3.25254  
2.045  0.0476019  1.75999  2.10298  
1.75999  2.10298  1.23995  3.25254  
1.43696  2.91724  1.6141  2.52525  
1.23995  3.25254  1.97656  1.08248  
1.6141  2.52525  0.689933  3.83132  
1.88179  1.62767  0.183666  4.03537  
1.97656  1.08248  1.43696  2.91724  
0.997371  3.56238  0.997371  3.56238  
0.183666  4.03537  1.88179  1.62767  
0.689933  3.83132  2.045  0.0476019  
1.76028  2.10202  0.997565  3.56217  
0.876957  3.6825  1.24054  3.25167  
0.997565  3.56217  1.76028  2.10202  
1.4372  2.91678  1.6141  2.52525  
2.045  0.0467066  0.689933  3.83132  
0.689933  3.83132  0.876957  3.6825  
1.97665  1.08178  1.97665  1.08178  
1.6141  2.52525  1.4372  2.91678  
1.88183  1.62748  1.88183  1.62748  
1.24054  3.25167  2.045  0.0467066  
0.689933  3.83132  0.689933  3.83132  
1.88183  1.62748  1.99467  0.93675  
1.24054  3.25167  1.24054  3.25167  
1.4372  2.91678  1.88183  1.62748  
1.6141  2.52525  1.6141  2.52525  
0.183666  4.03537  0.997565  3.56217  
1.97665  1.08178  1.4372  2.91678  
2.045  0.0467066  0.183666  4.03537  
1.99467  0.93675  2.045  0.0467066  
0.997565  3.56217  1.97665  1.08178  
1.50811  2.77213  1.4372  2.91678  
2.045  0.0467066  0.689933  3.83132  
1.97665  1.08178  1.6141  2.52525  
1.6141  2.52525  1.50811  2.77213  
1.4372  2.91678  1.97665  1.08178  
0.689933  3.83132  1.24054  3.25167  
1.24054  3.25167  1.88183  1.62748  
0.183666  4.03537  2.045  0.0467066  
1.88183  1.62748  0.183666  4.03537  
1.76028  2.10202  1.76028  2.10202  
0.183666  4.03537  1.76028  2.10202  
0.689933  3.83132  1.88183  1.62748  
1.97665  1.08178  0.183666  4.03537  
1.24054  3.25167  2.045  0.0467066  
1.6141  2.52525  0.689933  3.83132  
1.4372  2.91678  0.997565  3.56217  
2.045  0.0467066  1.97665  1.08178  
0.997565  3.56217  1.24054  3.25167  
1.76028  2.10202  1.6141  2.52525  
1.88183  1.62748  1.4372  2.91678  
1.97665  1.08178  1.97665  1.08178  
0.689933  3.83132  1.24054  3.25167  
2.045  0.0467066  0.183666  4.03537  
1.4372  2.91678  1.76028  2.10202  
0.183666  4.03537  0.689933  3.83132  
0.997565  3.56217  1.4372  2.91678  
1.6141  2.52525  0.997565  3.56217  
1.88183  1.62748  2.045  0.0467066  
1.76028  2.10202  1.88183  1.62748  
1.24054  3.25167  1.6141  2.52525  
1.24054  3.25167  1.76028  2.10202  
0.689933  3.83132  0.183666  4.03537  
2.045  0.0467066  1.4372  2.91678  
1.4372  2.91678  1.24054  3.25167  
1.6141  2.52525  1.88183  1.62748  
0.183666  4.03537  1.97665  1.08178  
1.88183  1.62748  1.07244  3.47683  
0.997565  3.56217  0.689933  3.83132  
1.97665  1.08178  2.045  0.0467066  
1.76028  2.10202  1.6141  2.52525  
1.6141  2.52525  1.97665  1.08178  
0.689933  3.83132  1.76028  2.10202  
0.183666  4.03537  1.88183  1.62748  
1.4372  2.91678  2.045  0.0467066  
2.045  0.0467066  0.689933  3.83132  
0.997565  3.56217  1.4372  2.91678  
1.88183  1.62748  0.997565  3.56217  
1.97665  1.08178  0.183666  4.03537  
1.76028  2.10202  1.24054  3.25167  
1.24054  3.25167  1.6141  2.52525  
1.88183  1.62748  1.88183  1.62748  
0.689933  3.83132  1.76028  2.10202  
1.76028  2.10202  0.689933  3.83132  
1.4372  2.91678  0.997565  3.56217  
1.6141  2.52525  1.24054  3.25167  
1.97665  1.08178  0.183666  4.03537  
1.24054  3.25167  2.045  0.0467066  
0.183666  4.03537  1.6141  2.52525  
0.997565  3.56217  1.97665  1.08178  
2.045  0.0467066  1.4372  2.91678  
1.6141  2.52525  0.183666  4.03537  
0.689933  3.83132  1.97665  1.08178  
1.97665  1.08178  2.045  0.0467066  
1.4372  2.91678  1.88183  1.62748  
1.99467  0.93675  1.99467  0.93675  
1.88183  1.62748  1.6141  2.52525  
0.183666  4.03537  0.997565  3.56217  
1.24054  3.25167  0.689933  3.83132  
2.045  0.0467066  1.24054  3.25167  
0.997565  3.56217  1.4372  2.91678  
0.183666  4.03537  1.88183  1.62748  
1.24054  3.25167  1.6141  2.52525  
2.045  0.0467066  1.4372  2.91678  
1.4372  2.91678  0.183666  4.03537  
0.689933  3.83132  0.997565  3.56217  
1.97665  1.08178  1.24054  3.25167  
1.6141  2.52525  1.76028  2.10202  
1.88183  1.62748  2.045  0.0467066  
0.997565  3.56217  0.689933  3.83132  
1.76028  2.10202  1.97665  1.08178  
1.6141  2.52525  1.24054  3.25167  
1.88183  1.62748  1.97665  1.08178  
0.18375  4.03536  1.88183  1.62748  
1.7601  2.10262  1.6141  2.52525  
2.045  0.0467066  0.997565  3.56217  
0.997565  3.56217  0.689933  3.83132  
1.4372  2.91678  2.045  0.0467066  
1.24054  3.25167  1.4372  2.91678  
0.689933  3.83132  1.7601  2.10262  
1.97665  1.08178  0.18375  4.03536  
0.997565  3.56217  1.88183  1.62748  
1.24054  3.25167  1.24054  3.25167  
1.88183  1.62748  2.045  0.0467066  
2.045  0.0467066  1.6141  2.52525  
1.6141  2.52525  1.7601  2.10262  
1.7601  2.10262  1.4372  2.91678  
1.4372  2.91678  0.997565  3.56217  
0.689933  3.83132  1.97665  1.08178  
1.97665  1.08178  0.689933  3.83132  
0.18375  4.03536  0.18375  4.03536  
1.4372  2.91678  1.7601  2.10262  
1.6141  2.52525  1.88183  1.62748  
0.18375  4.03536  0.689933  3.83132  
0.689933  3.83132  1.24054  3.25167  
2.045  0.0467066  0.997565  3.56217  
1.24054  3.25167  1.97665  1.08178  
1.88183  1.62748  1.6141  2.52525  
0.997565  3.56217  2.045  0.0467066  
1.7601  2.10262  1.4372  2.91678  
1.97665  1.08178  0.18375  4.03536  
1.6141  2.52525  0.689933  3.83132  
0.997565  3.56217  1.6141  2.52525  
0.18375  4.03536  1.4372  2.91678  
1.4372  2.91678  1.24054  3.25167  
0.689933  3.83132  2.045  0.0467066  
2.045  0.0467066  1.7601  2.10262  
1.97665  1.08178  0.997565  3.56217  
1.7601  2.10262  1.97665  1.08178  
1.88183  1.62748  0.18375  4.03536  
1.24054  3.25167  1.88183  1.62748  
0.689933  3.83132  0.18375  4.03536  
1.24054  3.25167  1.88183  1.62748  
1.6141  2.52525  1.4372  2.91678  
1.7601  2.10262  1.24054  3.25167  
0.18375  4.03536  0.997565  3.56217  
1.88183  1.62748  1.6141  2.52525  
0.997565  3.56217  1.7601  2.10262  
1.97665  1.08178  2.03168  0.505818  
1.4372  2.91678  1.97665  1.08178  
2.045  0.0467066  0.689933  3.83132  
0.18375  4.03536  0.997565  3.56217  
1.24054  3.25167  1.97665  1.08178  
1.97665  1.08178  2.045  0.0467066  
1.6141  2.52525  1.24054  3.25167  
0.997565  3.56217  1.88183  1.62748  
1.7601  2.10262  0.18375  4.03536  
1.88183  1.62748  1.7601  2.10262  
2.045  0.0467066  0.689933  3.83132  
0.689933  3.83132  1.6141  2.52525  
1.4372  2.91678  1.4372  2.91678  
0.18375  4.03536  1.7601  2.10262  
1.24054  3.25167  0.689933  3.83132  
1.4372  2.91678  1.4372  2.91678  
1.7601  2.10262  1.6141  2.52525  
1.6141  2.52525  1.24054  3.25167  
1.97665  1.08178  0.18375  4.03536  
0.689933  3.83132  1.88183  1.62748  
1.88183  1.62748  2.045  0.0467066  
0.997565  3.56217  0.997565  3.56217  
2.045  0.0467066  1.97665  1.08178  
1.24054  3.25167  2.045  0.0467066  
1.7601  2.10262  1.6141  2.52525  
1.4372  2.91678  1.24054  3.25167  
1.88183  1.62748  0.689933  3.83132  
2.045  0.0467066  1.88183  1.62748  
1.97665  1.08178  0.997565  3.56217  
0.18375  4.03536  1.7601  2.10262  
1.6141  2.52525  1.97665  1.08178  
0.997565  3.56217  1.4372  2.91678  
0.689933  3.83132  0.18375  4.03536  
1.7601  2.10262  1.7601  2.10262  
0.18375  4.03536  0.689933  3.83132  
1.97665  1.08178  1.88183  1.62748  
1.4372  2.91678  1.6141  2.52525  
0.997565  3.56217  1.4372  2.91678  
2.045  0.0467066  0.997565  3.56217  
1.24054  3.25167  2.045  0.0467066  
1.88183  1.62748  1.24054  3.25167  
1.6141  2.52525  1.97665  1.08178  
0.689933  3.83132  0.18375  4.03536  
1.88183  1.62748  0.997565  3.56217  
1.4372  2.91678  1.7601  2.10262  
1.6141  2.52525  1.88183  1.62748  
0.689933  3.83132  0.18375  4.03536  
1.97665  1.08178  1.6141  2.52525  
0.997565  3.56217  1.4372  2.91678  
1.7601  2.10262  0.689933  3.83132  
0.18375  4.03536  1.24054  3.25167  
2.045  0.0467066  1.97665  1.08178  
1.24054  3.25167  2.045  0.0467066  
1.97665  1.08178  1.7601  2.10262  
1.7601  2.10262  0.997565  3.56217  
1.24054  3.25167  0.689933  3.83132  
1.6141  2.52525  0.18375  4.03536  
2.045  0.0467066  2.045  0.0467066  
1.88183  1.62748  1.6141  2.52525  
0.18375  4.03536  1.24054  3.25167  
0.689933  3.83132  1.4372  2.91678  
0.997565  3.56217  1.97665  1.08178  
1.4372  2.91678  1.88183  1.62748  
1.97665  1.08178  2.045  0.0467066  
0.18375  4.03536  0.18375  4.03536  
1.24054  3.25167  1.4372  2.91678  
1.88183  1.62748  1.7601  2.10262  
0.689933  3.83132  1.24054  3.25167  
0.997565  3.56217  0.689933  3.83132  
1.7601  2.10262  1.88183  1.62748  
2.045  0.0467066  1.97665  1.08178  
1.4372  2.91678  1.6141  2.52525  
1.6141  2.52525  0.997565  3.56217  
1.24054  3.25167  0.997565  3.56217  
0.997565  3.56217  1.6141  2.52525  
1.6141  2.52525  0.689933  3.83132  
1.88183  1.62748  0.18375  4.03536  
1.97665  1.08178  1.88183  1.62748  
0.689933  3.83132  1.24054  3.25167  
1.7601  2.10262  1.7601  2.10262  
2.045  0.0467066  1.97665  1.08178  
1.4372  2.91678  1.4372  2.91678  
0.18375  4.03536  2.045  0.0467066  
1.4372  2.91678  1.4372  2.91678  
1.88183  1.62748  1.97665  1.08178  
0.997565  3.56217  0.18375  4.03536  
1.6141  2.52525  2.045  0.0467066  
1.7601  2.10262  1.88183  1.62748  
1.24054  3.25167  0.997565  3.56217  
0.18375  4.03536  0.689933  3.83132  
0.689933  3.83132  1.6141  2.52525  
1.97665  1.08178  1.24054  3.25167  
2.045  0.0467066  1.7601  2.10262  
0.18375  4.03536  1.24054  3.25167  
1.24054  3.25167  0.18375  4.03536  
1.6141  2.52525  2.045  0.0467066  
1.97665  1.08178  1.6141  2.52525  
0.689933  3.83132  1.88183  1.62748  
1.88183  1.62748  1.97665  1.08178  
1.4372  2.91678  0.997565  3.56217  
1.7601  2.10262  1.7601  2.10262  
2.045  0.0467066  0.689933  3.83132  
0.997565  3.56217  1.4372  2.91678  
0.18375  4.03536  1.88183  1.62748  
0.997565  3.56217  0.689933  3.83132  
1.6141  2.52525  1.7601  2.10262  
0.689933  3.83132  0.18375  4.03536  
1.24054  3.25167  1.24054  3.25167  
1.88183  1.62748  1.4372  2.91678  
1.7601  2.10262  0.997565  3.56217  
2.045  0.0467066  2.045  0.0467066  
1.97665  1.08178  1.97665  1.08178  
1.4372  2.91678  1.6141  2.52525  
1.6141  2.52525  2.045  0.0467066  
0.997565  3.56217  1.6141  2.52525  
0.689933  3.83132  1.4372  2.91678  
1.4372  2.91678  1.97665  1.08178  
2.045  0.0467066  1.7601  2.10262  
1.7601  2.10262  0.689933  3.83132  
1.88183  1.62748  0.997565  3.56217  
1.24054  3.25167  0.18375  4.03536  
0.18375  4.03536  1.88183  1.62748  
1.97665  1.08178  1.24054  3.25167  
1.97665  1.08178  1.97665  1.08178  
0.689933  3.83132  1.7601  2.10262  
1.7601  2.10262  1.88183  1.62748  
1.6141  2.52525  0.18375  4.03536  
1.4372  2.91678  1.4372  2.91678  
2.045  0.0467066  1.6141  2.52525  
0.997565  3.56217  2.045  0.0467066  
0.18375  4.03536  1.24054  3.25167  
1.88183  1.62748  0.997565  3.56217  
1.24054  3.25167  0.689933  3.83132  
1.6141  2.52525  0.689933  3.83132  
0.18375  4.03536  1.4372  2.91678  
1.7601  2.10262  0.997565  3.56217  
1.4372  2.91678  2.045  0.0467066  
0.689933  3.83132  1.6141  2.52525  
1.24054  3.25167  0.18375  4.03536  
1.88183  1.62748  1.97665  1.08178  
1.97665  1.08178  1.88183  1.62748  
2.045  0.0467066  1.24054  3.25167  
0.997565  3.56217  1.7601  2.10262  
1.88183  1.62748  1.6141  2.52525  
1.97665  1.08178  2.045  0.0467066  
1.24054  3.25167  1.70828  2.26626  
2.045  0.0467066  0.689933  3.83132  
1.4372  2.91678  0.997565  3.56217  
1.6141  2.52525  1.24054  3.25167  
0.689933  3.83132  0.18375  4.03536  
1.7601  2.10262  1.7601  2.10262  
0.18375  4.03536  1.4372  2.91678  
0.997565  3.56217  1.88183  1.62748  
1.4372  2.91678  1.4372  2.91678  
1.88183  1.62748  1.24054  3.25167  
1.24054  3.25167  2.045  0.0467066  
1.97665  1.08178  0.689933  3.83132  
1.6141  2.52525  1.97665  1.08178  
0.18375  4.03536  1.6141  2.52525  
2.045  0.0467066  0.558817  3.91074  
0.689933  3.83132  1.88183  1.62748  
0.997565  3.56217  1.7601  2.10262  
1.7601  2.10262  0.997565  3.56217  
0.18375  4.03536  1.6141  2.52525  
1.88183  1.62748  1.88183  1.62748  
1.24054  3.25167  0.18375  4.03536  
1.4372  2.91678  1.24054  3.25167  
0.997565  3.56217  1.7601  2.10262  
1.7601  2.10262  1.4372  2.91678  
1.6141  2.52525  0.997565  3.56217  
2.045  0.0467066  2.045  0.0467066  
0.689933  3.83132  0.689933  3.83132  
1.97665  1.08178  1.97665  1.08178  
1.97665  1.08178  1.88183  1.62748  
0.689933  3.83132  1.6141  2.52525  
0.18375  4.03536  2.045  0.0467066  
1.4372  2.91678  0.689933  3.83132  
1.7601  2.10262  0.997565  3.56217  
1.88183  1.62748  0.18375  4.03536  
1.6141  2.52525  1.4372  2.91678  
1.24054  3.25167  1.7601  2.10262  
0.997565  3.56217  1.24054  3.25167  
2.045  0.0467066  1.97665  1.08178  
1.7601  2.10262  1.24054  3.25167  
1.6141  2.52525  0.689933  3.83132  
0.997565  3.56217  1.4372  2.91678  
2.045  0.0467066  1.97665  1.08178  
1.4372  2.91678  0.997565  3.56217  
1.24054  3.25167  2.045  0.0467066  
1.88183  1.62748  1.6141  2.52525  
1.97665  1.08178  1.88183  1.62748  
0.689933  3.83132  0.18375  4.03536  
0.18375  4.03536  1.7601  2.10262  
0.18375  4.03536  1.97665  1.08178  
0.997565  3.56217  1.6141  2.52525  
1.6141  2.52525  1.4372  2.91678  
0.689933  3.83132  1.7601  2.10262  
1.24054  3.25167  1.88183  1.62748  
1.88183  1.62748  0.18375  4.03536  
1.7601  2.10262  2.045  0.0467066  
2.045  0.0467066  1.24054  3.25167  
1.97665  1.08178  0.689933  3.83132  
1.4372  2.91678  0.997565  3.56217  
1.24054  3.25167  1.7601  2.10262  
0.18375  4.03536  0.689933  3.83132  
1.6141  2.52525  1.24054  3.25167  
2.045  0.0467066  1.4372  2.91678  
1.88183  1.62748  2.045  0.0467066  
1.7601  2.10262  1.6141  2.52525  
0.997565  3.56217  1.97665  1.08178  
1.97665  1.08178  1.88183  1.62748  
1.4372  2.91678  0.18375  4.03536  
0.689933  3.83132  0.997565  3.56217  
1.88183  1.62748  0.689933  3.83132  
1.24054  3.25167  1.7601  2.10262  
0.18375  4.03536  1.88183  1.62748  
0.689933  3.83132  1.4372  2.91678  
1.4372  2.91678  0.997565  3.56217  
2.045  0.0467066  2.045  0.0467066  
1.7601  2.10262  1.6141  2.52525  
0.997565  3.56217  0.18375  4.03536  
1.97665  1.08178  1.24054  3.25167  
1.6141  2.52525  1.97665  1.08178  
1.24054  3.25167  1.4372  2.91678  
1.97665  1.08178  0.997565  3.56217  
0.997565  3.56217  0.18375  4.03536  
0.689933  3.83132  0.689933  3.83132  
1.4372  2.91678  1.6141  2.52525  
2.045  0.0467066  1.69831  2.29583  
1.6141  2.52525  1.97665  1.08178  
1.88183  1.62748  2.045  0.0467066  
0.18375  4.03536  1.24054  3.25167  
1.7601  2.10262  1.88183  1.62748  
2.045  0.0467066  0.18375  4.03536  
1.88183  1.62748  1.4372  2.91678  
1.6141  2.52525  1.24054  3.25167  
1.4372  2.91678  0.689933  3.83132  
1.24054  3.25167  1.97665  1.08178  
1.7601  2.10262  1.7601  2.10262  
0.997565  3.56217  2.045  0.0467066  
1.97665  1.08178  1.88183  1.62748  
0.18375  4.03536  1.6141  2.52525  
0.689933  3.83132  0.997565  3.56217  
1.97665  1.08178  0.997565  3.56217  
0.997565  3.56217  1.24054  3.25167  
2.045  0.0467066  1.6141  2.52525  
0.18375  4.03536  1.97665  1.08178  
0.689933  3.83132  2.045  0.0467066  
1.24054  3.25167  1.7601  2.10262  
1.4372  2.91678  1.88183  1.62748  
1.6141  2.52525  0.18375  4.03536  
1.88183  1.62748  1.4372  2.91678  
1.7601  2.10262  0.689933  3.83132  
0.18375  4.03536  0.997565  3.56217  
1.7601  2.10262  1.6141  2.52525  
1.88183  1.62748  2.045  0.0467066  
1.6141  2.52525  1.97665  1.08178  
1.24054  3.25167  1.24054  3.25167  
2.045  0.0467066  1.7601  2.10262  
1.4372  2.91678  0.18375  4.03536  
0.689933  3.83132  1.88183  1.62748  
1.97665  1.08178  1.4372  2.91678  
0.997565  3.56217  0.689933  3.83132  
1.6141  2.52525  0.584731  3.89659  
0.997565  3.56217  1.88183  1.62748  
1.24054  3.25167  1.24054  3.25167  
1.4372  2.91678  1.6141  2.52525  
1.88183  1.62748  1.7601  2.10262  
1.97665  1.08178  2.045  0.0467066  
2.045  0.0467066  1.97665  1.08178  
1.7601  2.10262  1.4372  2.91678  
0.689933  3.83132  0.689933  3.83132  
0.18375  4.03536  0.997565  3.56217  
0.18375  4.03536  1.7601  2.10262  
1.88183  1.62748  1.97665  1.08178  
1.7601  2.10262  1.24054  3.25167  
1.4372  2.91678  1.6141  2.52525  
0.997565  3.56217  1.4372  2.91678  
1.97665  1.08178  0.18375  4.03536  
0.689933  3.83132  0.997565  3.56217  
2.045  0.0467066  2.045  0.0467066  
1.6141  2.52525  1.88183  1.62748  
1.24054  3.25167  0.689933  3.83132  
0.997565  3.56217  0.997565  3.56217  
0.18375  4.03536  1.24054  3.25167  
1.4372  2.91678  1.97665  1.08178  
1.88183  1.62748  1.7601  2.10262  
0.689933  3.83132  0.18375  4.03536  
1.6141  2.52525  1.6141  2.52525  
2.045  0.0467066  1.4372  2.91678  
1.97665  1.08178  2.045  0.0467066  
1.24054  3.25167  0.689933  3.83132  
1.7601  2.10262  1.88183  1.62748  
0.18375  4.03536  1.7601  2.10262  
0.997565  3.56217  1.4372  2.91678  
1.6141  2.52525  0.997565  3.56217  
0.689933  3.83132  0.689933  3.83132  
1.24054  3.25167  1.97665  1.08178  
1.88183  1.62748  2.045  0.0467066  
1.7601  2.10262  0.18375  4.03536  
2.045  0.0467066  1.88183  1.62748  
1.97665  1.08178  1.6141  2.52525  
1.4372  2.91678  1.24054  3.25167  
1.6141  2.52525  0.18375  4.03536  
1.97665  1.08178  1.97665  1.08178  
0.18375  4.03536  1.88183  1.62748  
1.88183  1.62748  1.6141  2.52525  
1.7601  2.10262  1.4372  2.91678  
0.997565  3.56217  1.24054  3.25167  
0.689933  3.83132  1.7601  2.10262  
1.24054  3.25167  2.045  0.0467066  
1.4372  2.91678  0.689933  3.83132  
2.045  0.0467066  0.997565  3.56217  
0.997565  3.56217  1.6141  2.52525  
1.97665  1.08178  2.045  0.0467066  
1.6141  2.52525  0.689933  3.83132  
1.24054  3.25167  1.24054  3.25167  
1.4372  2.91678  1.4372  2.91678  
0.18375  4.03536  1.88183  1.62748  
1.88183  1.62748  1.7601  2.10262  
2.045  0.0467066  1.97665  1.08178  
1.7601  2.10262  0.18375  4.03536  
0.689933  3.83132  0.997565  3.56217  
1.88183  1.62748  1.6141  2.52525  
0.689933  3.83132  2.045  0.0467066  
1.97665  1.08178  1.24054  3.25167  
1.6141  2.52525  0.18375  4.03536  
1.24054  3.25167  0.689933  3.83132  
0.18375  4.03536  1.4372  2.91678  
0.997565  3.56217  1.97665  1.08178  
2.045  0.0467066  1.7601  2.10262  
1.4372  2.91678  1.88183  1.62748  
1.7601  2.10262  0.997565  3.56217  
0.997565  3.56217  1.4372  2.91678  
0.689933  3.83132  1.88183  1.62748  
1.7601  2.10262  1.6141  2.52525  
1.88183  1.62748  1.97665  1.08178  
0.18375  4.03536  0.997565  3.56217  
2.045  0.0467066  0.689933  3.83132  
1.4372  2.91678  0.18375  4.03536  
1.24054  3.25167  1.24054  3.25167  
1.97665  1.08178  2.00374  0.8533  
1.6141  2.52525  1.7601  2.10262  
1.24054  3.25167  0.18375  4.03536  
0.18375  4.03536  1.88183  1.62748  
1.7601  2.10262  0.997565  3.56217  
0.997565  3.56217  1.4372  2.91678  
0.689933  3.83132  2.045  0.0467066  
1.88183  1.62748  1.97665  1.08178  
1.4372  2.91678  1.6141  2.52525  
2.045  0.0467066  1.24054  3.25167  
1.6141  2.52525  0.689933  3.83132  
1.97665  1.08178  1.7601  2.10262  
0.997565  3.56217  1.4372  2.91678  
1.6141  2.52525  1.88183  1.62748  
1.24054  3.25167  1.97665  1.08178  
0.689933  3.83132  1.7601  2.10262  
1.88183  1.62748  2.045  0.0467066  
1.4372  2.91678  0.997565  3.56217  
2.045  0.0467066  0.18375  4.03536  
1.97665  1.08178  1.6141  2.52525  
0.18375  4.03536  0.689933  3.83132  
1.7601  2.10262  1.24054  3.25167  
1.97665  1.08178  1.7601  2.10262  
1.24054  3.25167  1.6141  2.52525  
2.045  0.0467066  0.997565  3.56217  
0.689933  3.83132  1.24054  3.25167  
1.7601  2.10262  1.88183  1.62748  
0.997565  3.56217  2.045  0.0467066  
1.88183  1.62748  1.97665  1.08178  
1.6141  2.52525  0.689933  3.83132  
1.4372  2.91678  0.18375  4.03536  
0.18375  4.03536  1.4372  2.91678  
2.045  0.0467066  1.6141  2.52525  
0.997565  3.56217  0.18375  4.03536  
1.7601  2.10262  0.689933  3.83132  
1.4372  2.91678  1.97665  1.08178  
0.689933  3.83132  1.4372  2.91678  
1.97665  1.08178  1.88183  1.62748  
1.24054  3.25167  1.24054  3.25167  
1.88183  1.62748  2.045  0.0467066  
0.18375  4.03536  0.997565  3.56217  
1.6141  2.52525  1.7601  2.10262  
1.97665  1.08178  2.045  0.0467066  
0.689933  3.83132  0.689933  3.83132  
2.045  0.0467066  1.6141  2.52525  
1.24054  3.25167  1.4372  2.91678  
1.7601  2.10262  1.7601  2.10262  
1.6141  2.52525  0.18375  4.03536  
1.4372  2.91678  1.24054  3.25167  
0.997565  3.56217  0.997565  3.56217  
1.88183  1.62748  1.97665  1.08178  
0.18375  4.03536  1.88183  1.62748  
0.18375  4.03536  0.18375  4.03536  
0.997565  3.56217  0.997565  3.56217  
1.6141  2.52525  0.689933  3.83132  
0.689933  3.83132  1.6141  2.52525  
1.24054  3.25167  1.97665  1.08178  
1.88183  1.62748  1.24054  3.25167  
1.7601  2.10262  1.7601  2.10262  
2.045  0.0467066  1.4372  2.91678  
1.97665  1.08178  1.88183  1.62748  
1.4372  2.91678  2.045  0.0467066  
1.7601  2.10262  1.6141  2.52525  
2.045  0.0467066  1.88183  1.62748  
1.88183  1.62748  1.4372  2.91678  
0.997565  3.56217  1.7601  2.10262  
0.18375  4.03536  1.97665  1.08178  
1.6141  2.52525  1.24054  3.25167  
1.97665  1.08178  0.997565  3.56217  
1.4372  2.91678  0.18375  4.03536  
1.24054  3.25167  2.045  0.0467066  
0.689933  3.83132  0.689933  3.83132  
2.045  0.0467066  1.7601  2.10262  
1.88183  1.62748  1.4372  2.91678  
0.689933  3.83132  0.18375  4.03536  
1.7601  2.10262  2.045  0.0467066  
1.97665  1.08178  1.88183  1.62748  
0.18375  4.03536  1.24054  3.25167  
0.997565  3.56217  0.997565  3.56217  
1.24054  3.25167  1.6141  2.52525  
1.4372  2.91678  0.689933  3.83132  
1.6141  2.52525  1.97665  1.08178  
1.6141  2.52525  1.4372  2.91678  
2.045  0.0467066  1.88183  1.62748  
1.97665  1.08178  1.7601  2.10262  
1.4372  2.91678  0.997565  3.56217  
0.689933  3.83132  1.6141  2.52525  
1.7601  2.10262  1.24054  3.25167  
1.24054  3.25167  0.18375  4.03536  
0.997565  3.56217  2.045  0.0467066  
1.88183  1.62748  1.97665  1.08178  
0.18375  4.03536  0.689933  3.83132  
1.6141  2.52525  1.88183  1.62748  
1.24054  3.25167  1.6141  2.52525  
0.997565  3.56217  1.4372  2.91678  
1.97665  1.08178  1.7601  2.10262  
0.18375  4.03536  0.689933  3.83132  
1.4372  2.91678  0.18375  4.03536  
0.689933  3.83132  0.997565  3.56217  
1.88183  1.62748  1.24054  3.25167  
2.045  0.0467066  1.97665  1.08178  
1.7601  2.10262  2.045  0.0467066  
1.4372  2.91678  1.97665  1.08178  
1.88183  1.62748  1.24054  3.25167  
0.997565  3.56217  0.18375  4.03536  
0.689933  3.83132  1.6141  2.52525  
1.7601  2.10262  2.045  0.0467066  
1.97665  1.08178  1.4372  2.91678  
0.18375  4.03536  0.689933  3.83132  
1.6141  2.52525  1.7601  2.10262  
2.045  0.0467066  0.997565  3.56217  
1.24054  3.25167  1.88183  1.62748  
0.997565  3.56217  2.045  0.0467066  
2.045  0.0467066  0.997565  3.56217  
1.4372  2.91678  1.4372  2.91678  
0.18375  4.03536  1.88183  1.62748  
1.6141  2.52525  1.97665  1.08178  
0.689933  3.83132  1.24054  3.25167  
1.88183  1.62748  1.6141  2.52525  
1.97665  1.08178  1.7601  2.10262  
1.24054  3.25167  0.689933  3.83132  
1.7601  2.10262  0.18375  4.03536  
0.997565  3.56217  1.4372  2.91678  
1.4372  2.91678  1.24054  3.25167  
1.24054  3.25167  0.689933  3.83132  
0.689933  3.83132  1.88183  1.62748  
1.97665  1.08178  1.6141  2.52525  
1.7601  2.10262  1.97665  1.08178  
1.6141  2.52525  0.997565  3.56217  
0.18375  4.03536  0.18375  4.03536  
1.88183  1.62748  1.7601  2.10262  
2.045  0.0467066  2.045  0.0467066  
0.997565  3.56217  1.4372  2.91678  
1.88183  1.62748  0.997565  3.56217  
0.689933  3.83132  0.18375  4.03536  
1.4372  2.91678  1.97665  1.08178  
0.18375  4.03536  2.045  0.0467066  
1.97665  1.08178  1.24054  3.25167  
1.6141  2.52525  1.6141  2.52525  
1.7601  2.10262  1.88183  1.62748  
2.045  0.0467066  1.7601  2.10262  
1.24054  3.25167  0.689933  3.83132  
1.24054  3.25167  1.6141  2.52525  
0.689933  3.83132  1.7601  2.10262  
1.6141  2.52525  1.88183  1.62748  
0.18375  4.03536  0.689933  3.83132  
2.045  0.0467066  0.997565  3.56217  
1.4372  2.91678  0.18375  4.03536  
1.97665  1.08178  2.045  0.0467066  
1.88183  1.62748  1.4372  2.91678  
1.7601  2.10262  1.97665  1.08178  
0.997565  3.56217  1.24054  3.25167  
0.18375  4.03536  1.4372  2.91678  
0.997565  3.56217  1.97665  1.08178  
1.6141  2.52525  1.6141  2.52525  
0.689933  3.83132  0.997565  3.56217  
1.24054  3.25167  2.045  0.0467066  
1.88183  1.62748  1.7601  2.10262  
1.7601  2.10262  0.689933  3.83132  
2.045  0.0467066  0.18375  4.03536  
1.97665  1.08178  1.88183  1.62748  
1.4372  2.91678  1.24054  3.25167  
0.689933  3.83132  1.4372  2.91678  
1.7601  2.10262  1.24054  3.25167  
0.997565  3.56217  0.689933  3.83132  
1.6141  2.52525  1.6141  2.52525  
1.4372  2.91678  1.97665  1.08178  
1.97665  1.08178  1.7601  2.10262  
1.24054  3.25167  1.88183  1.62748  
2.045  0.0467066  2.045  0.0467066  
0.18375  4.03536  0.18375  4.03536  
1.88183  1.62748  0.997565  3.56217  
1.24054  3.25167  1.4372  2.91678  
1.97665  1.08178  2.045  0.0467066  
1.6141  2.52525  1.88183  1.62748  
2.045  0.0467066  0.997565  3.56217  
1.88183  1.62748  0.689933  3.83132  
0.18375  4.03536  0.18375  4.03536  
1.7601  2.10262  1.58695  2.59247  
1.4372  2.91678  1.97665  1.08178  
0.997565  3.56217  1.6141  2.52525  
0.689933  3.83132  1.24054  3.25167  
0.18375  4.03536  1.7601  2.10262  
2.045  0.0467066  1.88183  1.62748  
0.689933  3.83132  0.18375  4.03536  
1.4372  2.91678  0.689933  3.83132  
1.97665  1.08178  0.997565  3.56217  
1.7601  2.10262  2.045  0.0467066  
1.6141  2.52525  1.6141  2.52525  
1.24054  3.25167  1.4372  2.91678  
1.88183  1.62748  1.97665  1.08178  
0.997565  3.56217  1.24054  3.25167  
1.24054  3.25167  1.6141  2.52525  
2.045  0.0467066  1.24054  3.25167  
1.4372  2.91678  0.689933  3.83132  
0.997565  3.56217  1.4372  2.91678  
1.88183  1.62748  2.045  0.0467066  
0.689933  3.83132  1.88183  1.62748  
1.6141  2.52525  0.997565  3.56217  
0.18375  4.03536  0.18375  4.03536  
1.7601  2.10262  1.7601  2.10262  
1.97665  1.08178  1.97665  1.08178  
0.997565  3.56217  1.88183  1.62748  
1.7601  2.10262  1.97665  1.08178  
1.6141  2.52525  0.18375  4.03536  
0.18375  4.03536  0.997565  3.56217  
1.97665  1.08178  1.24054  3.25167  
1.88183  1.62748  1.7601  2.10262  
1.4372  2.91678  0.689933  3.83132  
2.045  0.0467066  2.045  0.0467066  
0.689933  3.83132  1.4372  2.91678  
1.24054  3.25167  1.6141  2.52525  
