2.93896  0.983049  0.983161  2.83232  0.988112  0.996917  
2.86408  0.986411  1.00619  2.91498  0.980067  0.979778  
2.88915  0.980948  0.981294  2.88888  0.983823  0.981344  
2.93169  0.986081  0.986926  2.91749  0.97763  0.976461  
2.7467  0.988038  1.22987  2.90162  0.986807  0.993453  
2.86081  0.986965  0.992697  2.86499  0.988421  0.987821  
2.85592  0.98685  0.991962  2.89755  0.986201  0.985663  
2.86997  0.983032  0.981704  2.83921  0.984525  1.01112  
2.83608  0.984801  1.0542  2.87986  0.9887  0.985115  
2.84011  0.977443  1.02773  2.92333  0.986281  0.986338  
2.82469  0.975013  1.03436  2.87551  0.982227  0.9936  
2.8859  0.986637  0.985443  2.89706  0.982639  0.989135  
2.79927  0.97754  1.06221  2.87505  0.977899  0.9792  
2.85572  0.98422  0.995494  2.893  0.976091  0.978578  
2.85961  0.977631  0.981741  2.85151  0.977669  0.987427  
2.87635  0.972125  0.978962  2.92475  0.985617  0.9864  
2.90551  0.981749  0.980021  2.86801  0.986829  0.988841  
2.91689  0.985868  0.99135  2.84829  0.992974  0.996245  
2.80802  0.984857  1.01639  2.81273  0.986603  0.97654  
2.8196  0.978487  1.00272  2.85474  0.974503  0.972521  
2.86213  0.988684  0.995184  2.86931  0.980404  0.97992  
2.85309  0.983891  0.976832  2.93608  0.987132  0.986662  
2.85613  0.985229  0.989433  2.84151  0.98446  0.997494  
2.77459  0.989445  1.13173  2.92665  0.982219  0.98333  
2.8572  0.987238  0.986772  2.90982  0.989507  0.987193  
2.75707  0.980315  1.11783  2.9405  0.979355  0.978814  
2.89068  0.985917  0.983161  2.88108  0.985584  0.990211  
2.79022  0.988845  1.03213  2.83703  0.97875  0.98954  
2.76568  1.00148  0.983086  2.94812  0.983324  0.983759  
2.8916  0.981669  0.984816  2.7051  1.00776  1.00759  
2.90553  0.985975  0.993394  2.89547  0.98287  0.995018  
2.88608  0.984228  0.999027  2.85568  0.990761  0.987648  
2.77442  0.999812  0.986656  2.85178  0.984142  0.982574  
2.62287  0.988165  1.31073  2.93786  0.975306  0.974984  
2.78331  0.979319  1.02886  2.87684  0.982851  0.982378  
2.94719  0.982661  0.982788  2.91782  0.968432  0.972127  
2.8749  0.983846  0.987001  2.87632  0.976031  0.97188  
2.84075  0.993974  0.986863  2.81736  0.989112  0.986506  
2.84406  0.988488  0.99251  2.76896  0.9896  1.06134  
2.83415  0.985317  0.978124  2.84532  0.982144  0.98293  
2.67958  0.983064  1.17511  2.82471  0.984603  0.994264  
2.83429  0.987325  0.978982  2.82425  0.988647  0.993934  
2.93469  0.983758  0.983967  2.91417  0.989026  0.993801  
2.85708  0.984483  0.999901  2.91382  0.979227  0.98214  
2.79641  0.982724  1.02449  2.78514  0.993452  1.15012  
2.92139  0.977514  0.977061  2.88284  0.985753  0.983129  
2.87352  0.978629  0.999955  2.87327  0.987299  0.997992  
2.91748  0.984821  0.985766  2.90227  0.988117  0.987395  
2.90045  0.981648  0.981434  2.87335  0.980303  0.979547  
2.91273  0.986214  0.990942  2.8722  0.986627  1.00583  
2.78557  0.975063  1.04223  2.8616  0.978901  0.981933  
2.85997  0.98485  0.994984  2.84019  0.985305  0.993533  
2.76983  0.982413  1.0868  2.90483  0.988009  0.985775  
2.86347  0.976066  0.985618  2.82664  0.988412  1.08907  
2.84734  0.985184  0.9864  2.79972  0.9994  0.988383  
2.89124  0.985319  0.985832  2.82545  0.981578  0.983308  
2.84993  0.985078  0.98427  2.86426  0.985928  0.982271  
2.83848  0.988029  1.01264  2.89884  0.9794  0.978039  
2.85744  0.985357  0.999813  2.87984  0.987345  0.996126  
2.85748  0.985085  0.985153  2.81466  0.986072  0.988978  
2.7536  0.971559  1.0766  2.82853  0.985615  0.987253  
2.55989  0.978909  1.63438  2.87596  0.979317  0.984165  
2.8429  0.980772  0.992094  2.72532  0.975961  1.14125  
2.77956  0.98069  1.04927  2.86456  0.988075  0.987409  
2.77434  0.987551  0.988144  2.89949  0.979037  0.983116  
2.86842  0.990016  1.00094  2.8457  0.992966  0.986528  
2.87498  0.988426  0.985458  2.95585  0.981151  0.98112  
2.77967  0.993087  1.02269  2.76994  0.994883  0.980863  
2.85641  0.979364  1.00746  2.77336  0.979552  1.09807  
2.93837  0.982569  0.982422  2.87764  0.978809  0.997105  
2.85253  0.97962  0.976664  2.7852  0.976805  1.13664  
2.73622  0.988825  1.10358  2.86514  0.983915  1.00322  
2.815  0.988  1.08518  2.92215  0.979985  0.984775  
2.80488  0.982817  1.06315  2.88366  0.980335  0.986869  
2.86328  0.988801  0.991056  2.74947  0.980823  1.08047  
2.87123  0.981866  0.981269  2.91318  0.978935  0.978606  
2.93317  0.989423  0.990728  2.90834  0.98306  0.981369  
2.90619  0.977258  0.976186  2.86053  0.985863  1.00781  
2.89029  0.974436  0.982725  2.8954  0.975115  0.979679  
2.89463  0.981868  0.980502  2.90908  0.973016  0.97265  
2.92375  0.977361  0.976432  2.91388  0.982794  0.983838  
2.86907  0.986935  0.984346  2.53039  1.02979  1.10561  
2.86786  0.989098  0.994068  2.83442  0.983079  1.03017  
2.9029  0.98459  0.98355  2.75494  0.980752  1.2248  
2.75683  0.989106  1.04635  2.88628  0.985739  0.9843  
2.87305  0.98692  0.989203  2.88398  0.981326  0.980519  
2.92538  0.983452  0.984693  2.89569  0.982527  0.983008  
2.93718  0.985282  0.984619  2.87046  0.98714  0.98432  
2.84235  0.975541  0.996941  2.86958  0.987374  0.987232  
2.88682  0.975683  0.98424  2.77402  0.987943  1.08077  
2.84145  0.981052  1.01982  2.79326  0.973178  1.07695  
2.8896  0.983836  0.983501  2.89462  0.978621  0.981167  
2.67105  0.982837  1.39243  2.80518  0.980475  0.995605  
2.84781  0.98482  1.02602  2.85331  0.983973  1.01153  
2.81622  0.983364  0.976656  2.93234  0.97962  0.97959  
2.93121  0.989082  0.989421  2.81919  0.990089  0.98698  
2.86867  0.985627  0.98012  2.87193  0.986833  0.983583  
2.89892  0.988979  0.995302  2.89645  0.982393  0.989116  
2.86797  0.981717  0.987467  2.92197  0.981127  0.985526  
2.9276  0.987162  0.990365  2.82253  0.994812  0.984523  
2.90008  0.969331  0.96825  2.91481  0.973092  0.972233  
2.73408  0.98877  0.966466  2.90008  0.969331  0.96825  
2.85604  0.963411  0.973217  2.86085  0.983044  0.983314  
2.86085  0.983044  0.983314  2.94025  0.951773  0.951764  
2.94025  0.951773  0.951764  2.83751  0.966023  0.994419  
2.91481  0.973092  0.972233  2.73408  0.98877  0.966466  
2.91319  0.970073  0.973108  2.91595  0.972839  0.975874  
2.83751  0.966023  0.994419  2.91958  0.967495  0.968418  
2.89853  0.96208  0.963583  2.89853  0.96208  0.963583  
2.91958  0.967495  0.968418  2.85604  0.963411  0.973217  
2.80983  0.961979  0.955696  2.90282  0.9615  0.967018  
2.90409  0.962774  0.968292  2.88062  0.957078  0.967438  
2.48175  1.01823  0.995576  2.48175  1.01823  0.995576  
2.8421  0.966686  0.959961  2.80983  0.961979  0.955696  
2.91974  0.975153  0.974965  2.8421  0.966686  0.959961  
2.94412  0.964549  0.964611  2.93939  0.949895  0.949916  
2.88062  0.957078  0.967438  2.91974  0.975153  0.974965  
2.93939  0.949895  0.949916  2.94412  0.964549  0.964611  
2.94872  0.96059  0.960537  2.94872  0.96059  0.960537  
2.8625  0.965453  0.976844  2.8625  0.965453  0.976844  
2.91958  0.967495  0.968418  2.73408  0.98877  0.966466  
2.83394  0.962451  0.990847  2.91958  0.967495  0.968418  
2.85604  0.963411  0.973217  2.89853  0.96208  0.963583  
2.94025  0.951773  0.951764  2.85604  0.963411  0.973217  
2.89853  0.96208  0.963583  2.86085  0.983044  0.983314  
2.91319  0.970073  0.973108  2.91319  0.970073  0.973108  
2.73408  0.98877  0.966466  2.94025  0.951773  0.951764  
2.90008  0.969331  0.96825  2.91106  0.969347  0.968487  
2.91481  0.973092  0.972233  2.90008  0.969331  0.96825  
2.86085  0.983044  0.983314  2.83394  0.962451  0.990847  
2.7901  0.961928  1.09071  2.7901  0.961928  1.09071  
2.91362  0.967062  0.966161  2.93441  0.951035  0.950923  
2.85051  0.970782  0.975937  2.85051  0.970782  0.975937  
2.93977  0.969492  0.96909  2.78043  0.973839  0.964518  
2.85509  0.97763  0.976799  2.91362  0.967062  0.966161  
2.88326  0.967933  0.980178  2.85509  0.97763  0.976799  
2.78043  0.973839  0.964518  2.88434  0.969015  0.98126  
2.90533  0.965321  0.967258  2.93977  0.969492  0.96909  
2.93441  0.951035  0.950923  2.8538  0.973241  0.975133  
2.8538  0.973241  0.975133  2.90533  0.965321  0.967258  
2.80889  0.961038  0.954756  2.80889  0.961038  0.954756  
2.90409  0.962774  0.968292  2.91974  0.975153  0.974965  
2.48175  1.01823  0.995576  2.48175  1.01823  0.995576  
2.8421  0.966686  0.959961  2.8625  0.965453  0.976844  
2.88062  0.957078  0.967438  2.88062  0.957078  0.967438  
2.94872  0.96059  0.960537  2.94872  0.96059  0.960537  
2.8625  0.965453  0.976844  2.90409  0.962774  0.968292  
2.93939  0.949895  0.949916  2.94412  0.964549  0.964611  
2.91974  0.975153  0.974965  2.8421  0.966686  0.959961  
2.94412  0.964549  0.964611  2.93939  0.949895  0.949916  
2.82494  0.854442  0.854389  2.30263  0.948866  1.01607  
2.30263  0.948866  1.01607  2.35535  0.888166  1.46903  
2.4436  0.914847  0.872418  2.5215  0.876979  1.03036  
2.40784  0.923254  0.93998  2.40784  0.923254  0.93998  
2.45979  0.891601  0.941508  2.4436  0.914847  0.872418  
2.35535  0.888166  1.46903  2.64837  0.874596  0.872013  
2.07701  0.93768  1.89849  2.07701  0.93768  1.89849  
2.22285  0.914818  1.59284  2.46393  0.895746  0.945653  
2.64837  0.874596  0.872013  2.82494  0.854442  0.854389  
2.5215  0.876979  1.03036  2.22285  0.914818  1.59284  
2.85565  0.974165  0.974123  2.90319  0.956381  0.957732  
2.91508  0.975972  0.976674  2.92286  0.964382  0.964267  
2.74732  0.975677  0.974279  2.78419  0.964761  0.985762  
2.94871  0.978002  0.977676  2.94385  0.961571  0.961532  
2.92286  0.964382  0.964267  2.94871  0.978002  0.977676  
2.78419  0.964761  0.985762  2.68424  0.974054  0.957139  
2.94385  0.961571  0.961532  2.91508  0.975972  0.976674  
2.53112  1.0025  1.06013  2.74732  0.975677  0.974279  
2.68424  0.974054  0.957139  2.53112  1.0025  1.06013  
2.90319  0.956381  0.957732  2.85712  0.975636  0.975594  
2.75752  0.981842  0.987542  2.89294  0.968346  0.971212  
2.91882  0.9808  0.979342  2.91882  0.9808  0.979342  
2.89294  0.968346  0.971212  2.92705  0.971609  0.970998  
2.81148  0.962258  0.958463  2.80829  0.988109  0.978963  
2.70973  0.952104  1.26208  2.85205  0.96325  0.994323  
2.92198  0.961338  0.961103  2.92198  0.961338  0.961103  
2.80829  0.988109  0.978963  2.77568  0.958339  1.00164  
2.77568  0.958339  1.00164  2.75752  0.981842  0.987542  
2.92705  0.971609  0.970998  2.70973  0.952104  1.26208  
2.85205  0.96325  0.994323  2.81404  0.964823  0.961028  
2.87122  0.975611  0.973257  2.91498  0.96934  0.973083  
2.81914  0.981087  0.987302  2.86307  0.970309  0.973006  
2.8144  0.977029  0.970306  2.87345  0.955741  0.954923  
2.87771  0.968196  0.965991  2.67998  0.967344  1.1398  
2.77793  0.95707  1.09111  2.81914  0.981087  0.987302  
2.93049  0.962882  0.963629  2.77793  0.95707  1.09111  
2.67998  0.967344  1.1398  2.87122  0.975611  0.973257  
2.86307  0.970309  0.973006  2.93049  0.962882  0.963629  
2.91498  0.96934  0.973083  2.87771  0.968196  0.965991  
2.87345  0.955741  0.954923  2.8144  0.977029  0.970306  
2.87689  0.968136  0.981484  2.88997  0.97606  0.980866  
2.73342  0.988574  0.968406  2.83095  0.964436  0.972969  
2.90456  0.973977  0.972901  2.90456  0.973977  0.972901  
2.90763  0.977435  0.977037  2.73342  0.988574  0.968406  
2.8776  0.95896  0.95638  2.8776  0.95896  0.95638  
2.88653  0.979577  0.98153  2.91567  0.972004  0.972659  
2.91567  0.972004  0.972659  2.84631  0.973264  0.987887  
2.83095  0.964436  0.972969  2.88653  0.979577  0.98153  
2.88997  0.97606  0.980866  2.87689  0.968136  0.981484  
2.8444  0.971349  0.985972  2.90763  0.977435  0.977037  
2.80775  0.835632  0.836174  2.71647  0.856324  0.855889  
2.71457  0.859181  0.870677  2.80281  0.860561  0.863723  
2.68333  0.848705  0.85572  2.71457  0.859181  0.870677  
2.76334  0.846435  0.849461  2.73306  0.856011  0.857864  
2.73178  0.85616  0.882083  2.72797  0.853025  0.848602  
2.72797  0.853025  0.848602  2.73178  0.85616  0.882083  
2.73306  0.856011  0.857864  2.53678  0.856751  1.2087  
2.71647  0.856324  0.855889  2.76334  0.846435  0.849461  
2.53678  0.856751  1.2087  2.68333  0.848705  0.85572  
2.80281  0.860561  0.863723  2.8086  0.836478  0.837019  
2.73419  0.85857  0.884494  2.73419  0.85857  0.884494  
2.72794  0.8541  0.886643  2.7258  0.85742  0.858668  
2.76637  0.843654  0.84686  2.68065  0.846025  0.85304  
2.7258  0.85742  0.858668  2.58486  0.860439  1.10185  
2.58486  0.860439  1.10185  2.63602  0.864589  0.864704  
2.6802  0.845572  0.852586  2.75363  0.856599  0.853693  
2.65162  0.847051  0.982798  2.72794  0.8541  0.886643  
2.63602  0.864589  0.864704  2.63184  0.858657  0.918725  
2.75363  0.856599  0.853693  2.65162  0.847051  0.982798  
2.63184  0.858657  0.918725  2.76637  0.843654  0.84686  
2.77378  0.856565  0.865525  2.73889  0.857407  0.881967  
2.74223  0.84506  0.853609  2.75368  0.859045  0.861761  
2.75368  0.859045  0.861761  2.76562  0.851722  0.852682  
2.76562  0.851722  0.852682  2.68267  0.853676  0.876543  
2.74155  0.84669  0.86413  2.74223  0.84506  0.853609  
2.74681  0.863494  0.861579  2.77378  0.856565  0.865525  
2.73889  0.857407  0.881967  2.71518  0.849549  0.84667  
2.64397  0.886641  0.869959  2.74155  0.84669  0.86413  
2.71518  0.849549  0.84667  2.64397  0.886641  0.869959  
2.68267  0.853676  0.876543  2.7468  0.863482  0.861567  
2.6889  0.85739  0.84824  2.74789  0.860173  0.863991  
2.80708  0.844349  0.844651  2.70228  0.851004  0.873426  
2.76571  0.855523  0.857961  2.69364  0.858375  0.851688  
2.69364  0.858375  0.851688  2.6889  0.85739  0.84824  
2.70228  0.851004  0.873426  2.75467  0.852114  0.84868  
2.78846  0.850433  0.848774  2.80708  0.844349  0.844651  
2.74796  0.860252  0.86407  2.78846  0.850433  0.848774  
2.60353  0.87541  0.859009  2.76571  0.855523  0.857961  
2.70746  0.846943  0.867711  2.60353  0.87541  0.859009  
2.75467  0.852114  0.84868  2.70746  0.846943  0.867711  
2.48529  0.852964  1.45248  2.74931  0.853059  0.856346  
2.80662  0.83802  0.838016  2.78225  0.858573  0.856568  
2.80154  0.853319  0.85241  2.60966  0.870989  0.849116  
2.78225  0.858573  0.856568  2.81056  0.841959  0.841954  
2.73729  0.849238  0.852518  2.4524  0.861497  1.4976  
2.4524  0.861497  1.4976  2.48529  0.852964  1.45248  
2.60966  0.870989  0.849116  2.79875  0.839467  0.839238  
2.79875  0.839467  0.839238  2.73729  0.849238  0.852518  
2.74931  0.853059  0.856346  2.68662  0.854298  0.899509  
2.68662  0.854298  0.899509  2.80154  0.853319  0.85241  
2.17139  0.852889  1.05149  2.74128  0.767573  0.768004  
2.24691  0.878056  0.817745  2.24691  0.878056  0.817745  
2.57843  0.777658  0.789504  2.43647  0.813354  0.796275  
2.43005  0.806934  0.789855  2.17139  0.852889  1.05149  
2.74128  0.767573  0.768004  1.87632  0.877042  1.88385  
1.87632  0.877042  1.88385  2.37387  0.828104  0.784973  
2.37387  0.828104  0.784973  2.10664  0.828762  1.54368  
2.31554  0.797855  1.12461  2.57843  0.777658  0.789504  
2.51931  0.791696  0.824072  2.31554  0.797855  1.12461  
2.10664  0.828762  1.54368  2.51931  0.791696  0.824072  
2.76346  0.836423  0.839431  2.74281  0.842579  0.853382  
2.58526  0.856287  0.948297  2.64487  0.85044  0.910009  
2.75202  0.836942  0.842146  2.69755  0.851091  0.882625  
2.72266  0.857443  0.852111  2.75202  0.836942  0.842146  
2.74294  0.842716  0.853518  2.75591  0.856171  0.852148  
2.75591  0.856171  0.852148  2.76346  0.836423  0.839431  
2.64418  0.858197  1.03144  2.75733  0.859299  0.858032  
2.75733  0.859299  0.858032  2.72266  0.857443  0.852111  
2.69755  0.851091  0.882625  2.64418  0.858197  1.03144  
2.64487  0.85044  0.910009  2.58526  0.856287  0.948297  
2.80281  0.860561  0.863723  2.71647  0.856324  0.855889  
2.71457  0.859181  0.870677  2.71457  0.859181  0.870677  
2.73178  0.85616  0.882083  2.72797  0.853025  0.848602  
2.80775  0.835632  0.836174  2.80775  0.835632  0.836174  
2.76334  0.846435  0.849461  2.53678  0.856751  1.2087  
2.68333  0.848705  0.85572  2.80281  0.860561  0.863723  
2.72797  0.853025  0.848602  2.76334  0.846435  0.849461  
2.73264  0.85559  0.857443  2.73264  0.85559  0.857443  
2.53678  0.856751  1.2087  2.73178  0.85616  0.882083  
2.71647  0.856324  0.855889  2.72525  0.848801  0.845148  
2.67926  0.852063  0.840716  2.79723  0.856746  0.858475  
2.73844  0.855196  0.869875  2.51727  0.865892  0.859341  
2.51727  0.865892  0.859341  2.69763  0.868167  0.861723  
2.74223  0.852532  0.873365  2.74223  0.852532  0.873365  
2.71194  0.862863  0.854127  2.8055  0.853348  0.852599  
2.79723  0.856746  0.858475  2.67926  0.852063  0.840716  
2.8055  0.853348  0.852599  2.70081  0.861596  0.854029  
2.72188  0.868273  0.860171  2.73844  0.855196  0.869875  
2.67583  0.857121  0.939367  2.67583  0.857121  0.939367  
2.70081  0.861596  0.854029  2.71194  0.862863  0.854127  
2.77442  0.855604  0.85297  2.74952  0.85482  0.853043  
2.78994  0.852629  0.853172  2.73165  0.840845  0.8368  
2.71445  0.857848  0.859596  2.62065  0.843129  0.871239  
2.56565  0.83494  1.0927  2.78994  0.852629  0.853172  
2.69752  0.847263  0.85212  2.69752  0.847263  0.85212  
2.73165  0.840845  0.8368  2.77442  0.855604  0.85297  
2.7111  0.850527  0.851177  2.71445  0.857848  0.859596  
2.73995  0.836417  0.837805  2.73995  0.836417  0.837805  
2.62065  0.843129  0.871239  2.56565  0.83494  1.0927  
2.74952  0.85482  0.853043  2.71207  0.851495  0.852145  
2.17954  0.346839  0.344008  2.23308  0.31025  0.314494  
2.23065  0.313757  0.328886  2.24897  0.313203  0.315081  
1.99043  0.306803  0.753933  2.1822  0.34568  0.343914  
2.12474  0.281438  0.366679  2.24556  0.354724  0.354248  
2.2175  0.31435  0.313714  2.2546  0.36066  0.359737  
2.08557  0.349662  0.329554  2.25911  0.308358  0.309093  
2.24713  0.35853  0.35725  2.24369  0.366015  0.364105  
2.2248  0.328427  0.327235  2.15432  0.314946  0.323215  
2.16995  0.313568  0.315057  2.10213  0.31128  0.394452  
2.18029  0.348849  0.423275  1.94105  0.317373  0.632487  
2.17841  0.303041  0.350413  2.10213  0.31128  0.394452  
2.1606  0.31465  0.311576  2.25911  0.308358  0.309093  
2.09837  0.328225  0.313119  2.1822  0.34568  0.343914  
2.0231  0.318986  0.397315  2.24949  0.313721  0.315598  
1.89524  0.32382  0.524101  2.2546  0.36066  0.359737  
2.15605  0.304699  0.31317  2.24556  0.354724  0.354248  
2.16905  0.379172  0.370893  2.23308  0.31025  0.314494  
2.27377  0.338202  0.341457  2.24369  0.366015  0.364105  
2.16752  0.280088  0.276497  1.94105  0.317373  0.632487  
2.23009  0.30744  0.307249  2.15432  0.314946  0.323215  
2.114  0.351392  0.380549  2.17594  0.318569  0.322669  
2.2069  0.313259  0.310678  2.23287  0.376488  0.377977  
2.01865  0.318323  0.416544  2.07331  0.282454  0.365626  
2.29523  0.344731  0.346775  2.28751  0.31098  0.311106  
2.34029  0.393523  0.396915  2.17131  0.349733  0.360183  
2.07166  0.308432  0.459882  2.22466  0.325871  0.34059  
2.15923  0.38464  0.436039  2.21104  0.358649  0.368208  
2.2268  0.310947  0.309873  2.16867  0.309026  0.34239  
2.12737  0.347522  0.591323  2.26667  0.348395  0.351527  
2.14157  0.313027  0.33273  2.22738  0.310377  0.30805  
2.16867  0.309026  0.34239  2.22466  0.325871  0.34059  
2.17594  0.318569  0.322669  2.23287  0.376488  0.377977  
2.26667  0.348395  0.351527  2.17594  0.318569  0.322669  
2.22738  0.310377  0.30805  2.28751  0.31098  0.311106  
2.17131  0.349733  0.360183  2.07331  0.282454  0.365626  
2.21104  0.358649  0.368208  2.16867  0.309026  0.34239  
2.28751  0.31098  0.311106  2.22738  0.310377  0.30805  
2.23287  0.376488  0.377977  2.17131  0.349733  0.360183  
2.22466  0.325871  0.34059  2.26667  0.348395  0.351527  
2.07331  0.282454  0.365626  2.21104  0.358649  0.368208  
2.12973  0.338897  0.417766  2.07166  0.308432  0.459882  
2.21779  0.333291  0.342873  2.34029  0.393523  0.396915  
1.97309  0.285869  0.346526  2.12737  0.347522  0.591323  
2.18464  0.271031  0.280377  2.15923  0.38464  0.436039  
1.84484  0.386065  0.309614  2.114  0.351392  0.380549  
2.20657  0.305051  0.33177  2.29523  0.344731  0.346775  
2.16141  0.344487  0.355123  2.2069  0.313259  0.310678  
2.06908  0.346976  0.373166  2.2268  0.310947  0.309873  
2.01826  0.332163  0.310314  2.14157  0.313027  0.33273  
2.09534  0.290133  0.290622  2.01865  0.318323  0.416544  
1.99754  0.329567  0.310694  2.18464  0.271031  0.280377  
1.68  0.318995  1.36517  2.06908  0.346976  0.373166  
2.2735  0.282305  0.282295  1.84906  0.390288  0.313836  
1.96584  0.336397  0.338548  2.16141  0.344487  0.355123  
2.03694  0.343055  0.456923  2.20657  0.305051  0.33177  
1.81451  0.38188  0.325736  2.21779  0.333291  0.342873  
2.0067  0.322664  0.326024  2.12973  0.338897  0.417766  
2.17559  0.246533  0.247718  1.97309  0.285869  0.346526  
1.99969  0.3093  0.416612  2.09534  0.290133  0.290622  
1.37716  0.422742  1.43072  2.01826  0.332163  0.310314  
2.16752  0.280088  0.276497  2.2735  0.282305  0.282295  
2.04899  0.327772  0.333134  1.81451  0.38188  0.325736  
2.0231  0.318986  0.397315  2.17559  0.246533  0.247718  
2.15605  0.304699  0.31317  1.99969  0.3093  0.416612  
2.1606  0.31465  0.311576  1.99754  0.329567  0.310694  
1.89524  0.32382  0.524101  2.00757  0.323531  0.326891  
2.16905  0.379172  0.370893  1.37716  0.422742  1.43072  
2.27377  0.338202  0.341457  1.68  0.318995  1.36517  
2.17841  0.303041  0.350413  1.96584  0.336397  0.338548  
2.23009  0.30744  0.307249  2.03694  0.343055  0.456923  
2.24897  0.313203  0.315081  2.23308  0.31025  0.314494  
2.23308  0.31025  0.314494  2.25911  0.308358  0.309093  
1.94105  0.317373  0.632487  1.94105  0.317373  0.632487  
2.1822  0.34568  0.343914  2.24556  0.354724  0.354248  
2.25911  0.308358  0.309093  2.10213  0.31128  0.394452  
2.2546  0.36066  0.359737  2.1822  0.34568  0.343914  
2.24369  0.366015  0.364105  2.15432  0.314946  0.323215  
2.24556  0.354724  0.354248  2.24369  0.366015  0.364105  
2.15432  0.314946  0.323215  2.2546  0.36066  0.359737  
2.10213  0.31128  0.394452  2.24949  0.313721  0.315598  
1.95837  0.334231  0.368946  2.18952  0.356104  0.405129  
2.036  0.324408  0.325147  2.19324  0.336805  0.346784  
2.19403  0.337604  0.347583  2.2271  0.305963  0.304329  
2.08153  0.31137  0.418925  2.036  0.324408  0.325147  
2.22099  0.342393  0.337618  2.12247  0.305031  0.452649  
2.2271  0.305963  0.304329  2.08153  0.31137  0.418925  
2.12247  0.305031  0.452649  1.95837  0.334231  0.368946  
2.11072  0.327695  0.310617  2.11072  0.327695  0.310617  
2.16917  0.348212  0.345608  2.22099  0.342393  0.337618  
2.18952  0.356104  0.405129  2.16917  0.348212  0.345608  
2.17954  0.346839  0.344008  2.22466  0.325871  0.34059  
2.08553  0.349623  0.329515  2.26667  0.348395  0.351527  
2.18029  0.348849  0.423275  2.17594  0.318569  0.322669  
2.16995  0.313568  0.315057  2.23287  0.376488  0.377977  
1.99043  0.306803  0.753933  2.07331  0.282454  0.365626  
2.24713  0.35853  0.35725  2.22738  0.310377  0.30805  
2.2175  0.31435  0.313714  2.16867  0.309026  0.34239  
2.2248  0.328427  0.327235  2.28751  0.31098  0.311106  
2.12474  0.281438  0.366679  2.17131  0.349733  0.360183  
2.23065  0.313757  0.328886  2.21104  0.358649  0.368208  
1.5614  0.0696525  1.2023  1.68932  0.109889  0.103458  
0.840124  0.455244  1.2023  0.840124  0.455244  1.2023  
1.24736  0.357084  0.0965837  0.998885  0.534717  0.228692  
2.03893  0.0695769  0.0695838  1.03319  0.55189  0.112839  
1.03319  0.55189  0.112839  1.38673  0.204732  0.259998  
1.68932  0.109889  0.103458  2.03893  0.0695769  0.0695838  
1.08419  0.577419  0.0695398  1.08419  0.577419  0.0695398  
1.03727  0.27012  1.2023  1.03727  0.27012  1.2023  
1.38673  0.204732  0.259998  1.5614  0.0696525  1.2023  
0.998885  0.534717  0.228692  1.24736  0.357084  0.0965837  
1.5614  0.0696525  1.2023  0.998885  0.534717  0.228692  
1.03319  0.55189  0.112839  1.38673  0.204732  0.259998  
0.998885  0.534717  0.228692  1.5614  0.0696525  1.2023  
2.03893  0.0695769  0.0695838  1.68932  0.109889  0.103458  
0.840124  0.455244  1.2023  0.840124  0.455244  1.2023  
1.08419  0.577419  0.0695398  2.03893  0.0695769  0.0695838  
1.03727  0.27012  1.2023  1.03319  0.55189  0.112839  
1.38673  0.204732  0.259998  1.24736  0.357084  0.0965837  
1.68932  0.109889  0.103458  1.08419  0.577419  0.0695398  
1.24736  0.357084  0.0965837  1.03727  0.27012  1.2023  
1.5614  0.0696525  1.2023  1.38673  0.204732  0.259998  
0.840124  0.455244  1.2023  0.998885  0.534717  0.228692  
1.03727  0.27012  1.2023  2.03893  0.0695769  0.0695838  
2.03893  0.0695769  0.0695838  0.840124  0.455244  1.2023  
1.24736  0.357084  0.0965837  1.68932  0.109889  0.103458  
1.03319  0.55189  0.112839  1.08419  0.577419  0.0695398  
1.68932  0.109889  0.103458  1.24736  0.357084  0.0965837  
0.998885  0.534717  0.228692  1.03319  0.55189  0.112839  
1.08419  0.577419  0.0695398  1.5614  0.0696525  1.2023  
1.38673  0.204732  0.259998  1.03727  0.27012  1.2023  
1.5614  0.0696525  1.2023  1.68932  0.109889  0.103458  
0.998885  0.534717  0.228692  1.38673  0.204732  0.259998  
1.68932  0.109889  0.103458  2.03893  0.0695769  0.0695838  
1.24736  0.357084  0.0965837  0.840124  0.455244  1.2023  
1.08419  0.577419  0.0695398  1.24736  0.357084  0.0965837  
0.938532  0.504505  0.614134  0.938532  0.504505  0.614134  
2.03893  0.0695769  0.0695838  1.08419  0.577419  0.0695398  
1.03727  0.27012  1.2023  1.5614  0.0696525  1.2023  
1.38673  0.204732  0.259998  1.03727  0.27012  1.2023  
0.840124  0.455244  1.2023  0.998885  0.534717  0.228692  
1.08419  0.577419  0.0695398  1.5614  0.0696525  1.2023  
1.03319  0.55189  0.112839  1.38673  0.204732  0.259998  
0.998885  0.534717  0.228692  0.840124  0.455244  1.2023  
2.03893  0.0695769  0.0695838  2.03893  0.0695769  0.0695838  
1.5614  0.0696525  1.2023  1.08419  0.577419  0.0695398  
1.24736  0.357084  0.0965837  1.68932  0.109889  0.103458  
1.03727  0.27012  1.2023  0.998885  0.534717  0.228692  
1.68932  0.109889  0.103458  1.03727  0.27012  1.2023  
1.38673  0.204732  0.259998  1.03319  0.55189  0.112839  
0.840124  0.455244  1.2023  1.24736  0.357084  0.0965837  
1.68932  0.109889  0.103458  0.998885  0.534717  0.228692  
1.03727  0.27012  1.2023  1.38673  0.204732  0.259998  
1.24736  0.357084  0.0965837  2.03893  0.0695769  0.0695838  
2.03893  0.0695769  0.0695838  1.03727  0.27012  1.2023  
1.08419  0.577419  0.0695398  1.5614  0.0696525  1.2023  
0.938532  0.504505  0.614134  0.840124  0.455244  1.2023  
0.998885  0.534717  0.228692  1.68932  0.109889  0.103458  
1.5614  0.0696525  1.2023  1.24736  0.357084  0.0965837  
1.38673  0.204732  0.259998  0.938532  0.504505  0.614134  
0.840124  0.455244  1.2023  1.08419  0.577419  0.0695398  
1.5614  0.0696525  1.2023  2.03893  0.0695769  0.0695838  
1.24736  0.357084  0.0965837  1.68932  0.109889  0.103458  
0.938532  0.504505  0.614134  0.998885  0.534717  0.228692  
2.03893  0.0695769  0.0695838  0.840124  0.455244  1.2023  
1.38673  0.204732  0.259998  1.03727  0.27012  1.2023  
1.08419  0.577419  0.0695398  1.5614  0.0696525  1.2023  
1.03727  0.27012  1.2023  1.38673  0.204732  0.259998  
1.68932  0.109889  0.103458  1.08419  0.577419  0.0695398  
0.998885  0.534717  0.228692  0.938532  0.504505  0.614134  
0.840124  0.455244  1.2023  1.24736  0.357084  0.0965837  
1.38673  0.204732  0.259998  0.938532  0.504505  0.614134  
1.03727  0.27012  1.2023  1.08419  0.577419  0.0695398  
1.68932  0.109889  0.103458  0.998885  0.534717  0.228692  
2.03893  0.0695769  0.0695838  1.24736  0.357084  0.0965837  
0.998885  0.534717  0.228692  1.38673  0.204732  0.259998  
1.24736  0.357084  0.0965837  1.03727  0.27012  1.2023  
0.840124  0.455244  1.2023  0.840124  0.455244  1.2023  
0.938532  0.504505  0.614134  2.03893  0.0695769  0.0695838  
1.08419  0.577419  0.0695398  1.5614  0.0696525  1.2023  
1.5614  0.0696525  1.2023  1.68932  0.109889  0.103458  
1.38673  0.204732  0.259998  1.38673  0.204732  0.259998  
1.03727  0.27012  1.2023  1.68932  0.109889  0.103458  
1.68932  0.109889  0.103458  1.03727  0.27012  1.2023  
2.03893  0.0695769  0.0695838  1.08419  0.577419  0.0695398  
1.08419  0.577419  0.0695398  1.24736  0.357084  0.0965837  
0.840124  0.455244  1.2023  0.840124  0.455244  1.2023  
0.938532  0.504505  0.614134  0.938532  0.504505  0.614134  
1.5614  0.0696525  1.2023  2.03893  0.0695769  0.0695838  
0.998885  0.534717  0.228692  0.998885  0.534717  0.228692  
1.24736  0.357084  0.0965837  1.5614  0.0696525  1.2023  
1.5614  0.0696525  1.2023  1.24736  0.357084  0.0965837  
0.998885  0.534717  0.228692  1.03727  0.27012  1.2023  
0.938532  0.504505  0.614134  1.08419  0.577419  0.0695398  
2.03893  0.0695769  0.0695838  1.38673  0.204732  0.259998  
1.08419  0.577419  0.0695398  2.03893  0.0695769  0.0695838  
1.68932  0.109889  0.103458  1.5614  0.0696525  1.2023  
0.840124  0.455244  1.2023  0.840124  0.455244  1.2023  
1.03727  0.27012  1.2023  1.68932  0.109889  0.103458  
1.38673  0.204732  0.259998  0.998885  0.534717  0.228692  
1.24736  0.357084  0.0965837  0.938532  0.504505  0.614134  
1.08418  0.577414  0.0695401  1.38599  0.205149  0.259998  
1.56138  0.069653  1.2023  0.9388  0.50464  0.612118  
1.38599  0.205149  0.259998  1.6893  0.109894  0.103458  
0.998914  0.534732  0.228554  2.03873  0.0695799  0.0695838  
0.9388  0.50464  0.612118  0.998914  0.534732  0.228554  
0.840124  0.455244  1.2023  1.08418  0.577414  0.0695401  
1.03905  0.268754  1.2023  0.840124  0.455244  1.2023  
1.6893  0.109894  0.103458  1.03905  0.268754  1.2023  
2.03873  0.0695799  0.0695838  1.56138  0.069653  1.2023  
1.24364  0.360298  0.0964109  1.24364  0.360298  0.0964109  
0.9388  0.50464  0.612118  1.24364  0.360298  0.0964109  
1.6893  0.109894  0.103458  2.03873  0.0695799  0.0695838  
2.03873  0.0695799  0.0695838  1.03905  0.268754  1.2023  
1.38599  0.205149  0.259998  0.840124  0.455244  1.2023  
1.08418  0.577414  0.0695401  0.998914  0.534732  0.228554  
1.56138  0.069653  1.2023  1.56138  0.069653  1.2023  
1.03905  0.268754  1.2023  1.38599  0.205149  0.259998  
0.840124  0.455244  1.2023  1.08418  0.577414  0.0695401  
1.24364  0.360298  0.0964109  1.6893  0.109894  0.103458  
0.998914  0.534732  0.228554  0.9388  0.50464  0.612118  
1.56138  0.069653  1.2023  0.9388  0.50464  0.612118  
2.03873  0.0695799  0.0695838  2.03873  0.0695799  0.0695838  
1.6893  0.109894  0.103458  0.840124  0.455244  1.2023  
0.840124  0.455244  1.2023  0.998914  0.534732  0.228554  
1.08418  0.577414  0.0695401  1.24364  0.360298  0.0964109  
1.24364  0.360298  0.0964109  1.03905  0.268754  1.2023  
1.38599  0.205149  0.259998  1.6893  0.109894  0.103458  
1.03905  0.268754  1.2023  1.38599  0.205149  0.259998  
0.9388  0.50464  0.612118  1.08418  0.577414  0.0695401  
0.998914  0.534732  0.228554  1.56138  0.069653  1.2023  
0.9388  0.50464  0.612118  1.38599  0.205149  0.259998  
1.08418  0.577414  0.0695401  1.03905  0.268754  1.2023  
0.998914  0.534732  0.228554  1.08418  0.577414  0.0695401  
2.03873  0.0695799  0.0695838  0.840124  0.455244  1.2023  
1.38599  0.205149  0.259998  1.56138  0.069653  1.2023  
1.24364  0.360298  0.0964109  0.9388  0.50464  0.612118  
1.03905  0.268754  1.2023  2.03873  0.0695799  0.0695838  
1.56138  0.069653  1.2023  1.24364  0.360298  0.0964109  
1.6893  0.109894  0.103458  1.6893  0.109894  0.103458  
0.840124  0.455244  1.2023  0.998914  0.534732  0.228554  
1.24364  0.360298  0.0964109  1.56138  0.069653  1.2023  
0.9388  0.50464  0.612118  1.6893  0.109894  0.103458  
2.03873  0.0695799  0.0695838  0.840124  0.455244  1.2023  
1.08418  0.577414  0.0695401  0.998914  0.534732  0.228554  
1.03905  0.268754  1.2023  2.03873  0.0695799  0.0695838  
0.998914  0.534732  0.228554  1.08418  0.577414  0.0695401  
1.38599  0.205149  0.259998  0.9388  0.50464  0.612118  
1.56138  0.069653  1.2023  1.38599  0.205149  0.259998  
1.6893  0.109894  0.103458  1.24364  0.360298  0.0964109  
0.840124  0.455244  1.2023  1.03905  0.268754  1.2023  
0.840124  0.455244  1.2023  1.24364  0.360298  0.0964109  
1.56138  0.069653  1.2023  1.38599  0.205149  0.259998  
2.03873  0.0695799  0.0695838  0.998914  0.534732  0.228554  
0.9388  0.50464  0.612118  1.03905  0.268754  1.2023  
1.08418  0.577414  0.0695401  2.03873  0.0695799  0.0695838  
1.38599  0.205149  0.259998  0.840124  0.455244  1.2023  
1.03905  0.268754  1.2023  1.08418  0.577414  0.0695401  
1.6893  0.109894  0.103458  1.6893  0.109894  0.103458  
1.24364  0.360298  0.0964109  1.56138  0.069653  1.2023  
0.998914  0.534732  0.228554  0.9388  0.50464  0.612118  
2.03873  0.0695799  0.0695838  0.998914  0.534732  0.228554  
1.56138  0.069653  1.2023  1.6893  0.109894  0.103458  
1.38599  0.205149  0.259998  1.56138  0.069653  1.2023  
1.08418  0.577414  0.0695401  1.03905  0.268754  1.2023  
0.998914  0.534732  0.228554  0.9388  0.50464  0.612118  
1.6893  0.109894  0.103458  1.24364  0.360298  0.0964109  
0.840124  0.455244  1.2023  0.840124  0.455244  1.2023  
0.9388  0.50464  0.612118  2.03873  0.0695799  0.0695838  
1.24364  0.360298  0.0964109  1.38599  0.205149  0.259998  
1.03905  0.268754  1.2023  1.08418  0.577414  0.0695401  
1.03905  0.268754  1.2023  0.998914  0.534732  0.228554  
1.38599  0.205149  0.259998  1.56138  0.069653  1.2023  
1.24364  0.360298  0.0964109  2.03873  0.0695799  0.0695838  
1.6893  0.109894  0.103458  1.24364  0.360298  0.0964109  
0.9388  0.50464  0.612118  1.38599  0.205149  0.259998  
2.03873  0.0695799  0.0695838  1.08418  0.577414  0.0695401  
1.08418  0.577414  0.0695401  1.03905  0.268754  1.2023  
0.840124  0.455244  1.2023  0.9388  0.50464  0.612118  
1.56138  0.069653  1.2023  1.6893  0.109894  0.103458  
0.998914  0.534732  0.228554  0.840124  0.455244  1.2023  
1.38599  0.205149  0.259998  1.24364  0.360298  0.0964109  
0.840124  0.455244  1.2023  1.6893  0.109894  0.103458  
1.24364  0.360298  0.0964109  1.56138  0.069653  1.2023  
2.03873  0.0695799  0.0695838  2.03873  0.0695799  0.0695838  
1.6893  0.109894  0.103458  0.9388  0.50464  0.612118  
1.03905  0.268754  1.2023  1.03905  0.268754  1.2023  
1.56138  0.069653  1.2023  0.840124  0.455244  1.2023  
1.08418  0.577414  0.0695401  1.38599  0.205149  0.259998  
0.9388  0.50464  0.612118  1.08418  0.577414  0.0695401  
0.998914  0.534732  0.228554  0.998914  0.534732  0.228554  
1.03905  0.268754  1.2023  1.5111  0.138037  0.305817  
0.840124  0.455244  1.2023  1.6893  0.109894  0.103458  
1.38599  0.205149  0.259998  1.38599  0.205149  0.259998  
1.24364  0.360298  0.0964109  2.03873  0.0695799  0.0695838  
0.998914  0.534732  0.228554  0.9388  0.50464  0.612118  
1.56138  0.069653  1.2023  0.840124  0.455244  1.2023  
2.03873  0.0695799  0.0695838  1.08418  0.577414  0.0695401  
1.6893  0.109894  0.103458  0.998914  0.534732  0.228554  
1.08418  0.577414  0.0695401  1.03905  0.268754  1.2023  
0.9388  0.50464  0.612118  1.24364  0.360298  0.0964109  
0.998914  0.534732  0.228554  2.0387  0.0695804  0.0695838  
0.840124  0.455244  1.2023  1.03905  0.268754  1.2023  
1.24364  0.360298  0.0964109  1.24364  0.360298  0.0964109  
1.08418  0.577414  0.0695401  1.38473  0.205525  0.261809  
1.03905  0.268754  1.2023  0.938696  0.504588  0.6129  
1.68928  0.1099  0.103458  0.998914  0.534732  0.228554  
0.938696  0.504588  0.6129  1.08418  0.577414  0.0695401  
2.0387  0.0695804  0.0695838  1.56138  0.069653  1.2023  
1.56138  0.069653  1.2023  1.68928  0.1099  0.103458  
1.38473  0.205525  0.261809  0.840124  0.455244  1.2023  
1.38473  0.205525  0.261809  1.03905  0.268754  1.2023  
2.0387  0.0695804  0.0695838  2.0387  0.0695804  0.0695838  
0.840124  0.455244  1.2023  0.998914  0.534732  0.228554  
1.56138  0.069653  1.2023  0.840124  0.455244  1.2023  
0.938696  0.504588  0.6129  1.68928  0.1099  0.103458  
0.998914  0.534732  0.228554  1.08418  0.577414  0.0695401  
1.03905  0.268754  1.2023  0.938696  0.504588  0.6129  
1.08418  0.577414  0.0695401  1.56138  0.069653  1.2023  
1.24364  0.360298  0.0964109  1.24364  0.360298  0.0964109  
1.68928  0.1099  0.103458  1.43848  0.176932  0.261809  
0.998914  0.534732  0.228554  1.38473  0.205525  0.261809  
0.840124  0.455244  1.2023  1.03905  0.268754  1.2023  
1.24364  0.360298  0.0964109  2.0387  0.0695804  0.0695838  
1.08418  0.577414  0.0695401  0.840124  0.455244  1.2023  
1.38473  0.205525  0.261809  0.938696  0.504588  0.6129  
1.56138  0.069653  1.2023  1.68928  0.1099  0.103458  
2.0387  0.0695804  0.0695838  1.24364  0.360298  0.0964109  
1.68928  0.1099  0.103458  1.56138  0.069653  1.2023  
1.03905  0.268754  1.2023  0.998914  0.534732  0.228554  
0.938696  0.504588  0.6129  1.08418  0.577414  0.0695401  
1.24364  0.360298  0.0964109  1.38473  0.205525  0.261809  
1.56138  0.069653  1.2023  1.08418  0.577414  0.0695401  
2.0387  0.0695804  0.0695838  0.840124  0.455244  1.2023  
0.938696  0.504588  0.6129  1.03905  0.268754  1.2023  
1.08418  0.577414  0.0695401  2.0387  0.0695804  0.0695838  
0.840124  0.455244  1.2023  0.938696  0.504588  0.6129  
0.998914  0.534732  0.228554  1.24364  0.360298  0.0964109  
1.03905  0.268754  1.2023  1.56138  0.069653  1.2023  
1.38473  0.205525  0.261809  1.68928  0.1099  0.103458  
1.68928  0.1099  0.103458  0.998914  0.534732  0.228554  
1.03905  0.268754  1.2023  0.998914  0.534732  0.228554  
1.38473  0.205525  0.261809  1.08418  0.577414  0.0695401  
1.68928  0.1099  0.103458  1.56138  0.069653  1.2023  
0.938696  0.504588  0.6129  1.38473  0.205525  0.261809  
1.08418  0.577414  0.0695401  2.0387  0.0695804  0.0695838  
2.0387  0.0695804  0.0695838  0.840124  0.455244  1.2023  
0.998914  0.534732  0.228554  1.24364  0.360298  0.0964109  
1.56138  0.069653  1.2023  1.68928  0.1099  0.103458  
1.24364  0.360298  0.0964109  0.938696  0.504588  0.6129  
0.840124  0.455244  1.2023  1.03905  0.268754  1.2023  
1.38473  0.205525  0.261809  0.998914  0.534732  0.228554  
1.24364  0.360298  0.0964109  2.0387  0.0695804  0.0695838  
0.840124  0.455244  1.2023  1.24364  0.360298  0.0964109  
1.03905  0.268754  1.2023  1.08418  0.577414  0.0695401  
1.08418  0.577414  0.0695401  1.68928  0.1099  0.103458  
0.998914  0.534732  0.228554  0.938696  0.504588  0.6129  
1.56138  0.069653  1.2023  1.38473  0.205525  0.261809  
1.68928  0.1099  0.103458  1.03905  0.268754  1.2023  
2.0387  0.0695804  0.0695838  0.840124  0.455244  1.2023  
0.938696  0.504588  0.6129  1.56138  0.069653  1.2023  
0.840124  0.455244  1.2023  1.38473  0.205525  0.261809  
1.68928  0.1099  0.103458  2.0387  0.0695804  0.0695838  
1.56138  0.069653  1.2023  0.938696  0.504588  0.6129  
0.938696  0.504588  0.6129  1.68928  0.1099  0.103458  
2.0387  0.0695804  0.0695838  0.840124  0.455244  1.2023  
1.24364  0.360298  0.0964109  1.08418  0.577414  0.0695401  
1.03905  0.268754  1.2023  1.03905  0.268754  1.2023  
1.08418  0.577414  0.0695401  1.24364  0.360298  0.0964109  
1.38473  0.205525  0.261809  1.56138  0.069653  1.2023  
0.998914  0.534732  0.228554  0.998914  0.534732  0.228554  
0.840124  0.455244  1.2023  0.938696  0.504588  0.6129  
1.56138  0.069653  1.2023  0.840124  0.455244  1.2023  
1.03905  0.268754  1.2023  1.03905  0.268754  1.2023  
2.0387  0.0695804  0.0695838  1.38473  0.205525  0.261809  
1.38473  0.205525  0.261809  1.24364  0.360298  0.0964109  
0.998914  0.534732  0.228554  1.08418  0.577414  0.0695401  
1.68928  0.1099  0.103458  1.56138  0.069653  1.2023  
1.24364  0.360298  0.0964109  1.68928  0.1099  0.103458  
1.08418  0.577414  0.0695401  0.998914  0.534732  0.228554  
0.938696  0.504588  0.6129  2.0387  0.0695804  0.0695838  
1.38473  0.205525  0.261809  0.998914  0.534732  0.228554  
0.840124  0.455244  1.2023  1.68928  0.1099  0.103458  
1.56138  0.069653  1.2023  1.03905  0.268754  1.2023  
1.08418  0.577414  0.0695401  1.56138  0.069653  1.2023  
2.0387  0.0695804  0.0695838  0.938696  0.504588  0.6129  
0.998914  0.534732  0.228554  2.0387  0.0695804  0.0695838  
1.68928  0.1099  0.103458  1.08418  0.577414  0.0695401  
1.24364  0.360298  0.0964109  1.24364  0.360298  0.0964109  
1.03905  0.268754  1.2023  0.840124  0.455244  1.2023  
0.938696  0.504588  0.6129  1.38473  0.205525  0.261809  
1.08418  0.577414  0.0695401  1.03905  0.268754  1.2023  
0.998914  0.534732  0.228554  1.38473  0.205525  0.261809  
1.56138  0.069653  1.2023  1.56138  0.069653  1.2023  
1.38473  0.205525  0.261809  2.0387  0.0695804  0.0695838  
0.840124  0.455244  1.2023  1.08418  0.577414  0.0695401  
1.03905  0.268754  1.2023  0.840124  0.455244  1.2023  
1.68928  0.1099  0.103458  0.938696  0.504588  0.6129  
2.0387  0.0695804  0.0695838  1.68928  0.1099  0.103458  
0.938696  0.504588  0.6129  1.24364  0.360298  0.0964109  
1.24364  0.360298  0.0964109  0.998914  0.534732  0.228554  
1.56138  0.069653  1.2023  1.56138  0.069653  1.2023  
0.998914  0.534732  0.228554  1.38457  0.205665  0.261525  
1.24364  0.360298  0.0964109  2.03866  0.0695811  0.0695838  
1.68926  0.109907  0.103458  1.68926  0.109907  0.103458  
1.08418  0.577414  0.0695401  1.08418  0.577414  0.0695401  
0.938696  0.504588  0.6129  0.840124  0.455244  1.2023  
1.03905  0.268754  1.2023  0.998914  0.534732  0.228554  
2.03866  0.0695811  0.0695838  1.24364  0.360298  0.0964109  
1.38457  0.205665  0.261525  1.03905  0.268754  1.2023  
0.840124  0.455244  1.2023  0.938696  0.504588  0.6129  
1.56138  0.069653  1.2023  0.998914  0.534732  0.228554  
0.998914  0.534732  0.228554  1.56138  0.069653  1.2023  
1.03905  0.268754  1.2023  0.938696  0.504588  0.6129  
0.840124  0.455244  1.2023  0.904329  0.487384  0.868648  
1.68926  0.109907  0.103458  2.03866  0.0695811  0.0695838  
0.938696  0.504588  0.6129  1.38457  0.205665  0.261525  
1.24364  0.360298  0.0964109  1.08418  0.577414  0.0695401  
1.08418  0.577414  0.0695401  1.68926  0.109907  0.103458  
2.03866  0.0695811  0.0695838  1.24364  0.360298  0.0964109  
1.38457  0.205665  0.261525  1.03905  0.268754  1.2023  
1.68926  0.109907  0.103458  1.03905  0.268754  1.2023  
0.938696  0.504588  0.6129  1.56138  0.069653  1.2023  
1.08418  0.577414  0.0695401  0.938696  0.504588  0.6129  
1.24364  0.360298  0.0964109  1.38457  0.205665  0.261525  
0.998914  0.534732  0.228554  2.03866  0.0695811  0.0695838  
1.38457  0.205665  0.261525  1.24364  0.360298  0.0964109  
2.03866  0.0695811  0.0695838  1.08418  0.577414  0.0695401  
1.03905  0.268754  1.2023  0.840124  0.455244  1.2023  
0.840124  0.455244  1.2023  0.998914  0.534732  0.228554  
1.56138  0.069653  1.2023  1.68926  0.109907  0.103458  
0.938696  0.504588  0.6129  1.08418  0.577414  0.0695401  
1.68926  0.109907  0.103458  1.38457  0.205665  0.261525  
0.840124  0.455244  1.2023  0.840124  0.455244  1.2023  
1.56138  0.069653  1.2023  1.24364  0.360298  0.0964109  
1.08418  0.577414  0.0695401  2.03866  0.0695811  0.0695838  
1.38457  0.205665  0.261525  1.03905  0.268754  1.2023  
0.998914  0.534732  0.228554  0.938696  0.504588  0.6129  
1.24364  0.360298  0.0964109  1.56138  0.069653  1.2023  
1.03905  0.268754  1.2023  0.998914  0.534732  0.228554  
2.03866  0.0695811  0.0695838  1.68926  0.109907  0.103458  
1.08418  0.577414  0.0695401  1.38457  0.205665  0.261525  
1.03905  0.268754  1.2023  1.56138  0.069653  1.2023  
1.24364  0.360298  0.0964109  1.24364  0.360298  0.0964109  
1.68926  0.109907  0.103458  0.938696  0.504588  0.6129  
1.38457  0.205665  0.261525  0.998914  0.534732  0.228554  
0.998914  0.534732  0.228554  1.68926  0.109907  0.103458  
1.56138  0.069653  1.2023  1.03905  0.268754  1.2023  
0.938696  0.504588  0.6129  2.03866  0.0695811  0.0695838  
0.840124  0.455244  1.2023  0.840124  0.455244  1.2023  
2.03866  0.0695811  0.0695838  1.08418  0.577414  0.0695401  
1.24364  0.360298  0.0964109  1.24364  0.360298  0.0964109  
1.03905  0.268754  1.2023  1.68926  0.109907  0.103458  
0.938696  0.504588  0.6129  1.56138  0.069653  1.2023  
2.03866  0.0695811  0.0695838  1.08418  0.577414  0.0695401  
0.840124  0.455244  1.2023  1.38457  0.205665  0.261525  
1.56138  0.069653  1.2023  0.998914  0.534732  0.228554  
1.08418  0.577414  0.0695401  0.938696  0.504588  0.6129  
1.38457  0.205665  0.261525  1.03905  0.268754  1.2023  
0.998914  0.534732  0.228554  0.840124  0.455244  1.2023  
1.68926  0.109907  0.103458  2.03866  0.0695811  0.0695838  
0.998914  0.534732  0.228554  0.998914  0.534732  0.228554  
1.24364  0.360298  0.0964109  1.24364  0.360298  0.0964109  
1.56138  0.069653  1.2023  1.38457  0.205665  0.261525  
1.03905  0.268754  1.2023  0.840124  0.455244  1.2023  
1.38457  0.205665  0.261525  0.938696  0.504588  0.6129  
0.938696  0.504588  0.6129  1.56138  0.069653  1.2023  
1.68926  0.109907  0.103458  2.03866  0.0695811  0.0695838  
2.03866  0.0695811  0.0695838  1.68926  0.109907  0.103458  
0.840124  0.455244  1.2023  1.08418  0.577414  0.0695401  
1.08418  0.577414  0.0695401  1.03905  0.268754  1.2023  
2.03866  0.0695811  0.0695838  1.03905  0.268754  1.2023  
0.840124  0.455244  1.2023  0.938696  0.504588  0.6129  
1.38457  0.205665  0.261525  1.56138  0.069653  1.2023  
0.938696  0.504588  0.6129  1.08418  0.577414  0.0695401  
1.08418  0.577414  0.0695401  2.03866  0.0695811  0.0695838  
1.03905  0.268754  1.2023  1.24364  0.360298  0.0964109  
1.56138  0.069653  1.2023  0.998914  0.534732  0.228554  
1.24364  0.360298  0.0964109  1.68926  0.109907  0.103458  
1.68926  0.109907  0.103458  1.38457  0.205665  0.261525  
0.998914  0.534732  0.228554  0.840124  0.455244  1.2023  
1.68926  0.109907  0.103458  1.24364  0.360298  0.0964109  
1.56138  0.069653  1.2023  0.938696  0.504588  0.6129  
2.03866  0.0695811  0.0695838  1.08418  0.577414  0.0695401  
1.08418  0.577414  0.0695401  1.03905  0.268754  1.2023  
1.24364  0.360298  0.0964109  1.56138  0.069653  1.2023  
0.840124  0.455244  1.2023  1.68926  0.109907  0.103458  
1.38457  0.205665  0.261525  1.38457  0.205665  0.261525  
0.938696  0.504588  0.6129  2.03866  0.0695811  0.0695838  
1.03905  0.268754  1.2023  0.998914  0.534732  0.228554  
0.998914  0.534732  0.228554  0.840124  0.455244  1.2023  
2.03866  0.0695811  0.0695838  0.938696  0.504588  0.6129  
0.998914  0.534732  0.228554  0.840124  0.455244  1.2023  
1.08418  0.577414  0.0695401  1.08418  0.577414  0.0695401  
0.840124  0.455244  1.2023  1.03905  0.268754  1.2023  
1.56138  0.069653  1.2023  1.24364  0.360298  0.0964109  
1.38457  0.205665  0.261525  1.38457  0.205665  0.261525  
0.938696  0.504588  0.6129  0.998914  0.534732  0.228554  
1.03905  0.268754  1.2023  1.68926  0.109907  0.103458  
1.24364  0.360298  0.0964109  1.56138  0.069653  1.2023  
1.68926  0.109907  0.103458  2.03866  0.0695811  0.0695838  
0.938696  0.504588  0.6129  1.38457  0.205665  0.261525  
1.38457  0.205665  0.261525  2.03862  0.0695816  0.0695838  
1.03905  0.268754  1.2023  1.56138  0.069653  1.2023  
0.840124  0.455244  1.2023  1.03905  0.268754  1.2023  
1.08418  0.577414  0.0695401  1.08418  0.577414  0.0695401  
1.68924  0.109914  0.103458  0.938696  0.504588  0.6129  
1.24364  0.360298  0.0964109  1.24364  0.360298  0.0964109  
0.998914  0.534732  0.228554  0.998914  0.534732  0.228554  
2.03862  0.0695816  0.0695838  1.68924  0.109914  0.103458  
1.56138  0.069653  1.2023  0.840124  0.455244  1.2023  
1.24364  0.360298  0.0964109  1.38457  0.205665  0.261525  
1.56138  0.069653  1.2023  1.56138  0.069653  1.2023  
1.38457  0.205665  0.261525  1.68924  0.109914  0.103458  
1.03905  0.268754  1.2023  0.998914  0.534732  0.228554  
0.938696  0.504588  0.6129  1.08418  0.577414  0.0695401  
2.03862  0.0695816  0.0695838  1.24364  0.360298  0.0964109  
0.840124  0.455244  1.2023  1.03905  0.268754  1.2023  
1.08418  0.577414  0.0695401  0.938696  0.504588  0.6129  
0.998914  0.534732  0.228554  2.03862  0.0695816  0.0695838  
1.68924  0.109914  0.103458  0.840124  0.455244  1.2023  
1.08418  0.577414  0.0695401  1.08418  0.577414  0.0695401  
1.38457  0.205665  0.261525  1.38457  0.205665  0.261525  
1.68924  0.109914  0.103458  1.24364  0.360298  0.0964109  
0.938696  0.504588  0.6129  0.840124  0.455244  1.2023  
0.998914  0.534732  0.228554  2.03862  0.0695816  0.0695838  
2.03862  0.0695816  0.0695838  1.56138  0.069653  1.2023  
0.840124  0.455244  1.2023  1.03905  0.268754  1.2023  
1.03905  0.268754  1.2023  0.938696  0.504588  0.6129  
1.24364  0.360298  0.0964109  0.998914  0.534732  0.228554  
1.56138  0.069653  1.2023  1.68924  0.109914  0.103458  
1.56138  0.069653  1.2023  1.38457  0.205665  0.261525  
0.938696  0.504588  0.6129  1.24364  0.360298  0.0964109  
1.24364  0.360298  0.0964109  2.03862  0.0695816  0.0695838  
1.08418  0.577414  0.0695401  1.03905  0.268754  1.2023  
0.840124  0.455244  1.2023  1.56138  0.069653  1.2023  
1.68924  0.109914  0.103458  0.938696  0.504588  0.6129  
1.03905  0.268754  1.2023  0.998914  0.534732  0.228554  
1.38457  0.205665  0.261525  1.08418  0.577414  0.0695401  
2.03862  0.0695816  0.0695838  1.68924  0.109914  0.103458  
0.998914  0.534732  0.228554  0.840124  0.455244  1.2023  
1.56138  0.069653  1.2023  1.68924  0.109914  0.103458  
1.24364  0.360298  0.0964109  1.56138  0.069653  1.2023  
1.03905  0.268754  1.2023  1.38457  0.205665  0.261525  
1.08418  0.577414  0.0695401  0.840124  0.455244  1.2023  
1.68924  0.109914  0.103458  0.938696  0.504588  0.6129  
1.38457  0.205665  0.261525  1.03905  0.268754  1.2023  
0.840124  0.455244  1.2023  1.08418  0.577414  0.0695401  
0.938696  0.504588  0.6129  1.24364  0.360298  0.0964109  
0.998914  0.534732  0.228554  2.03862  0.0695816  0.0695838  
2.03862  0.0695816  0.0695838  0.998914  0.534732  0.228554  
1.38457  0.205665  0.261525  0.998914  0.534732  0.228554  
1.68924  0.109914  0.103458  1.08418  0.577414  0.0695401  
0.998914  0.534732  0.228554  1.56138  0.069653  1.2023  
1.03905  0.268754  1.2023  1.38457  0.205665  0.261525  
0.840124  0.455244  1.2023  0.840124  0.455244  1.2023  
2.03862  0.0695816  0.0695838  0.938696  0.504588  0.6129  
0.938696  0.504588  0.6129  2.03862  0.0695816  0.0695838  
1.56138  0.069653  1.2023  1.03905  0.268754  1.2023  
1.08418  0.577414  0.0695401  1.68924  0.109914  0.103458  
1.24364  0.360298  0.0964109  1.24364  0.360298  0.0964109  
1.68924  0.109914  0.103458  1.24364  0.360298  0.0964109  
0.998914  0.534732  0.228554  1.56138  0.069653  1.2023  
2.03862  0.0695816  0.0695838  2.03862  0.0695816  0.0695838  
1.24364  0.360298  0.0964109  1.38457  0.205665  0.261525  
1.38457  0.205665  0.261525  1.68924  0.109914  0.103458  
1.56138  0.069653  1.2023  0.840124  0.455244  1.2023  
0.938696  0.504588  0.6129  0.938696  0.504588  0.6129  
1.03905  0.268754  1.2023  1.03905  0.268754  1.2023  
1.08418  0.577414  0.0695401  0.998914  0.534732  0.228554  
0.840124  0.455244  1.2023  1.08418  0.577414  0.0695401  
0.938696  0.504588  0.6129  1.08418  0.577414  0.0695401  
1.68924  0.109914  0.103458  1.68924  0.109914  0.103458  
1.56138  0.069653  1.2023  1.56138  0.069653  1.2023  
1.24364  0.360298  0.0964109  0.938696  0.504588  0.6129  
1.03905  0.268754  1.2023  2.03862  0.0695816  0.0695838  
0.840124  0.455244  1.2023  1.24364  0.360298  0.0964109  
2.03862  0.0695816  0.0695838  1.03905  0.268754  1.2023  
0.998914  0.534732  0.228554  0.840124  0.455244  1.2023  
1.38457  0.205665  0.261525  1.38457  0.205665  0.261525  
1.08418  0.577414  0.0695401  0.998914  0.534732  0.228554  
1.68924  0.109914  0.103458  1.24364  0.360298  0.0964109  
0.840124  0.455244  1.2023  1.08418  0.577414  0.0695401  
1.08418  0.577414  0.0695401  1.38457  0.205665  0.261525  
2.03862  0.0695816  0.0695838  0.840124  0.455244  1.2023  
0.938696  0.504588  0.6129  0.998914  0.534732  0.228554  
1.56138  0.069653  1.2023  1.03905  0.268754  1.2023  
0.998914  0.534732  0.228554  1.56138  0.069653  1.2023  
1.24364  0.360298  0.0964109  1.68924  0.109914  0.103458  
1.38457  0.205665  0.261525  0.938696  0.504588  0.6129  
1.03905  0.268754  1.2023  2.03862  0.0695816  0.0695838  
1.38457  0.205665  0.261525  1.56138  0.069653  1.2023  
1.03905  0.268754  1.2023  1.08418  0.577414  0.0695401  
1.24364  0.360298  0.0964109  1.38457  0.205665  0.261525  
0.998914  0.534732  0.228554  0.938696  0.504588  0.6129  
0.840124  0.455244  1.2023  1.03905  0.268754  1.2023  
1.68924  0.109914  0.103458  1.24364  0.360298  0.0964109  
1.08418  0.577414  0.0695401  0.998914  0.534732  0.228554  
1.56138  0.069653  1.2023  0.840124  0.455244  1.2023  
0.938696  0.504588  0.6129  2.03862  0.0695816  0.0695838  
2.03862  0.0695816  0.0695838  1.68924  0.109914  0.103458  
1.68923  0.109915  0.103458  1.68923  0.109915  0.103458  
2.03858  0.0695822  0.0695838  0.938696  0.504588  0.6129  
1.38457  0.205665  0.261525  2.03858  0.0695822  0.0695838  
1.56138  0.069653  1.2023  1.08418  0.577414  0.0695401  
0.840124  0.455244  1.2023  1.56138  0.069653  1.2023  
1.03905  0.268754  1.2023  1.38457  0.205665  0.261525  
0.938696  0.504588  0.6129  1.03905  0.268754  1.2023  
1.24364  0.360298  0.0964109  1.24364  0.360298  0.0964109  
0.998914  0.534732  0.228554  0.840124  0.455244  1.2023  
1.08418  0.577414  0.0695401  0.998914  0.534732  0.228554  
1.03905  0.268754  1.2023  2.03858  0.0695822  0.0695838  
1.38457  0.205665  0.261525  1.24364  0.360298  0.0964109  
1.68923  0.109915  0.103458  0.938696  0.504588  0.6129  
1.56138  0.069653  1.2023  1.08418  0.577414  0.0695401  
0.938696  0.504588  0.6129  1.38457  0.205665  0.261525  
2.03858  0.0695822  0.0695838  1.68923  0.109915  0.103458  
0.840124  0.455244  1.2023  1.03905  0.268754  1.2023  
1.24364  0.360298  0.0964109  1.56138  0.069653  1.2023  
0.998914  0.534732  0.228554  0.998914  0.534732  0.228554  
1.08418  0.577414  0.0695401  0.840124  0.455244  1.2023  
1.24364  0.360298  0.0964109  0.938696  0.504588  0.6129  
1.08418  0.577414  0.0695401  2.03858  0.0695822  0.0695838  
1.38457  0.205665  0.261525  1.68923  0.109915  0.103458  
1.56138  0.069653  1.2023  0.840124  0.455244  1.2023  
0.938696  0.504588  0.6129  0.998914  0.534732  0.228554  
0.998914  0.534732  0.228554  1.38457  0.205665  0.261525  
2.03858  0.0695822  0.0695838  1.03905  0.268754  1.2023  
1.03905  0.268754  1.2023  1.24364  0.360298  0.0964109  
0.840124  0.455244  1.2023  1.08418  0.577414  0.0695401  
1.68923  0.109915  0.103458  1.56138  0.069653  1.2023  
0.840124  0.455244  1.2023  1.08418  0.577414  0.0695401  
1.03905  0.268754  1.2023  0.998914  0.534732  0.228554  
0.938696  0.504588  0.6129  1.24364  0.360298  0.0964109  
1.08418  0.577414  0.0695401  1.38457  0.205665  0.261525  
1.24364  0.360298  0.0964109  1.68923  0.109915  0.103458  
1.68923  0.109915  0.103458  0.938696  0.504588  0.6129  
1.38457  0.205665  0.261525  0.840124  0.455244  1.2023  
2.03858  0.0695822  0.0695838  2.03858  0.0695822  0.0695838  
1.56138  0.069653  1.2023  1.56138  0.069653  1.2023  
0.998914  0.534732  0.228554  1.03905  0.268754  1.2023  
1.24364  0.360298  0.0964109  1.03905  0.268754  1.2023  
1.03905  0.268754  1.2023  0.840124  0.455244  1.2023  
0.840124  0.455244  1.2023  2.03858  0.0695822  0.0695838  
0.938696  0.504588  0.6129  1.38457  0.205665  0.261525  
2.03858  0.0695822  0.0695838  1.68923  0.109915  0.103458  
0.998914  0.534732  0.228554  1.56138  0.069653  1.2023  
1.38457  0.205665  0.261525  1.08418  0.577414  0.0695401  
1.08418  0.577414  0.0695401  0.998914  0.534732  0.228554  
1.56138  0.069653  1.2023  1.24364  0.360298  0.0964109  
1.68923  0.109915  0.103458  0.938696  0.504588  0.6129  
0.938696  0.504588  0.6129  1.38457  0.205665  0.261525  
1.24364  0.360298  0.0964109  1.03905  0.268754  1.2023  
0.840124  0.455244  1.2023  1.68923  0.109915  0.103458  
1.68923  0.109915  0.103458  1.08418  0.577414  0.0695401  
1.08418  0.577414  0.0695401  0.998914  0.534732  0.228554  
1.03905  0.268754  1.2023  1.24364  0.360298  0.0964109  
1.38457  0.205665  0.261525  1.56138  0.069653  1.2023  
1.56138  0.069653  1.2023  2.03858  0.0695822  0.0695838  
0.998914  0.534732  0.228554  0.840124  0.455244  1.2023  
2.03858  0.0695822  0.0695838  0.938696  0.504588  0.6129  
0.840124  0.455244  1.2023  1.38457  0.205665  0.261525  
2.03858  0.0695822  0.0695838  0.938696  0.504588  0.6129  
1.68923  0.109915  0.103458  1.03905  0.268754  1.2023  
1.03905  0.268754  1.2023  0.998914  0.534732  0.228554  
1.38457  0.205665  0.261525  0.840124  0.455244  1.2023  
1.56138  0.069653  1.2023  2.03858  0.0695822  0.0695838  
0.998914  0.534732  0.228554  1.56138  0.069653  1.2023  
0.938696  0.504588  0.6129  1.68923  0.109915  0.103458  
1.24364  0.360298  0.0964109  1.08418  0.577414  0.0695401  
1.08418  0.577414  0.0695401  1.24364  0.360298  0.0964109  
0.998914  0.534732  0.228554  1.68923  0.109915  0.103458  
2.03858  0.0695822  0.0695838  1.03905  0.268754  1.2023  
0.840124  0.455244  1.2023  1.08418  0.577414  0.0695401  
1.68923  0.109915  0.103458  1.24364  0.360298  0.0964109  
1.08418  0.577414  0.0695401  1.38457  0.205665  0.261525  
1.38457  0.205665  0.261525  1.56138  0.069653  1.2023  
0.938696  0.504588  0.6129  0.998914  0.534732  0.228554  
1.03905  0.268754  1.2023  2.03858  0.0695822  0.0695838  
1.24364  0.360298  0.0964109  0.938696  0.504588  0.6129  
1.56138  0.069653  1.2023  0.840124  0.455244  1.2023  
1.08418  0.577414  0.0695401  1.38457  0.205665  0.261525  
0.938696  0.504588  0.6129  1.24364  0.360298  0.0964109  
1.38457  0.205665  0.261525  1.08418  0.577414  0.0695401  
2.03858  0.0695822  0.0695838  0.998914  0.534732  0.228554  
0.998914  0.534732  0.228554  2.03858  0.0695822  0.0695838  
0.840124  0.455244  1.2023  0.840124  0.455244  1.2023  
1.56138  0.069653  1.2023  1.56138  0.069653  1.2023  
1.24364  0.360298  0.0964109  1.03905  0.268754  1.2023  
1.68923  0.109915  0.103458  1.68923  0.109915  0.103458  
1.03905  0.268754  1.2023  0.938696  0.504588  0.6129  
0.840124  0.455244  1.2023  2.03858  0.0695822  0.0695838  
1.56138  0.069653  1.2023  1.56138  0.069653  1.2023  
0.998914  0.534732  0.228554  0.998914  0.534732  0.228554  
1.03905  0.268754  1.2023  1.38457  0.205665  0.261525  
1.08418  0.577414  0.0695401  0.938696  0.504588  0.6129  
1.68923  0.109915  0.103458  1.24364  0.360298  0.0964109  
0.938696  0.504588  0.6129  1.68923  0.109915  0.103458  
1.24364  0.360298  0.0964109  0.840124  0.455244  1.2023  
2.03858  0.0695822  0.0695838  1.08418  0.577414  0.0695401  
1.38457  0.205665  0.261525  1.03905  0.268754  1.2023  
2.03855  0.0695828  0.0695838  1.03905  0.268754  1.2023  
0.840124  0.455244  1.2023  1.68923  0.109915  0.103458  
1.68923  0.109915  0.103458  0.840124  0.455244  1.2023  
1.24364  0.360298  0.0964109  1.08418  0.577414  0.0695401  
1.08418  0.577414  0.0695401  0.998914  0.534732  0.228554  
1.56138  0.069653  1.2023  0.938696  0.504588  0.6129  
1.38457  0.205665  0.261525  1.38457  0.205665  0.261525  
0.998914  0.534732  0.228554  1.56138  0.069653  1.2023  
0.938696  0.504588  0.6129  2.03855  0.0695828  0.0695838  
1.03905  0.268754  1.2023  1.24364  0.360298  0.0964109  
1.56138  0.069653  1.2023  2.03855  0.0695828  0.0695838  
0.840124  0.455244  1.2023  1.08418  0.577414  0.0695401  
1.68923  0.109915  0.103458  1.68923  0.109915  0.103458  
1.38457  0.205665  0.261525  1.56138  0.069653  1.2023  
1.03905  0.268754  1.2023  1.24364  0.360298  0.0964109  
1.08418  0.577414  0.0695401  0.840124  0.455244  1.2023  
0.998914  0.534732  0.228554  1.03905  0.268754  1.2023  
1.24364  0.360298  0.0964109  0.938696  0.504588  0.6129  
2.03855  0.0695828  0.0695838  0.998914  0.534732  0.228554  
0.938696  0.504588  0.6129  1.38457  0.205665  0.261525  
1.38457  0.205665  0.261525  0.938696  0.504588  0.6129  
1.56138  0.069653  1.2023  2.03855  0.0695828  0.0695838  
0.998914  0.534732  0.228554  1.24364  0.360298  0.0964109  
0.840124  0.455244  1.2023  1.08418  0.577414  0.0695401  
1.03905  0.268754  1.2023  1.56138  0.069653  1.2023  
1.08418  0.577414  0.0695401  1.68923  0.109915  0.103458  
2.03855  0.0695828  0.0695838  0.998914  0.534732  0.228554  
1.24364  0.360298  0.0964109  1.38457  0.205665  0.261525  
0.938696  0.504588  0.6129  1.03905  0.268754  1.2023  
1.68923  0.109915  0.103458  0.840124  0.455244  1.2023  
1.24364  0.360298  0.0964109  1.03905  0.268754  1.2023  
0.840124  0.455244  1.2023  2.03855  0.0695828  0.0695838  
0.998914  0.534732  0.228554  0.998914  0.534732  0.228554  
1.68923  0.109915  0.103458  0.938696  0.504588  0.6129  
1.38457  0.205665  0.261525  1.24364  0.360298  0.0964109  
1.03905  0.268754  1.2023  1.68923  0.109915  0.103458  
1.08418  0.577414  0.0695401  1.38457  0.205665  0.261525  
2.03855  0.0695828  0.0695838  1.56138  0.069653  1.2023  
1.56138  0.069653  1.2023  0.840124  0.455244  1.2023  
0.938696  0.504588  0.6129  1.08418  0.577414  0.0695401  
1.68923  0.109915  0.103458  0.998914  0.534732  0.228554  
1.03905  0.268754  1.2023  1.08418  0.577414  0.0695401  
1.56138  0.069653  1.2023  1.38457  0.205665  0.261525  
1.24364  0.360298  0.0964109  0.938696  0.504588  0.6129  
1.38457  0.205665  0.261525  1.24364  0.360298  0.0964109  
0.998914  0.534732  0.228554  1.68923  0.109915  0.103458  
0.938696  0.504588  0.6129  0.840124  0.455244  1.2023  
1.08418  0.577414  0.0695401  2.03855  0.0695828  0.0695838  
2.03855  0.0695828  0.0695838  1.03905  0.268754  1.2023  
0.840124  0.455244  1.2023  1.56138  0.069653  1.2023  
0.840124  0.455244  1.2023  1.03905  0.268754  1.2023  
1.24364  0.360298  0.0964109  2.03855  0.0695828  0.0695838  
1.08418  0.577414  0.0695401  0.998914  0.534732  0.228554  
1.38457  0.205665  0.261525  1.24364  0.360298  0.0964109  
0.998914  0.534732  0.228554  0.840124  0.455244  1.2023  
1.68923  0.109915  0.103458  0.938696  0.504588  0.6129  
0.938696  0.504588  0.6129  1.08418  0.577414  0.0695401  
1.56138  0.069653  1.2023  1.38457  0.205665  0.261525  
2.03855  0.0695828  0.0695838  1.56138  0.069653  1.2023  
1.03905  0.268754  1.2023  1.68923  0.109915  0.103458  
1.38457  0.205665  0.261525  1.03905  0.268754  1.2023  
1.24364  0.360298  0.0964109  0.938696  0.504588  0.6129  
0.840124  0.455244  1.2023  1.56138  0.069653  1.2023  
0.938696  0.504588  0.6129  1.68923  0.109915  0.103458  
0.998914  0.534732  0.228554  0.998914  0.534732  0.228554  
1.03905  0.268754  1.2023  1.38457  0.205665  0.261525  
1.68923  0.109915  0.103458  0.840124  0.455244  1.2023  
1.56138  0.069653  1.2023  1.08418  0.577414  0.0695401  
2.03855  0.0695828  0.0695838  1.24364  0.360298  0.0964109  
1.08418  0.577414  0.0695401  2.03855  0.0695828  0.0695838  
1.38457  0.205665  0.261525  1.24364  0.360298  0.0964109  
1.68923  0.109915  0.103458  1.03905  0.268754  1.2023  
1.24364  0.360298  0.0964109  0.998914  0.534732  0.228554  
2.03855  0.0695828  0.0695838  0.938696  0.504588  0.6129  
0.998914  0.534732  0.228554  1.38457  0.205665  0.261525  
1.03905  0.268754  1.2023  1.56138  0.069653  1.2023  
1.08418  0.577414  0.0695401  1.08418  0.577414  0.0695401  
0.938696  0.504588  0.6129  0.840124  0.455244  1.2023  
0.840124  0.455244  1.2023  2.03855  0.0695828  0.0695838  
1.56138  0.069653  1.2023  1.68923  0.109915  0.103458  
1.08418  0.577414  0.0695401  1.24364  0.360298  0.0964109  
1.38457  0.205665  0.261525  1.38457  0.205665  0.261525  
2.03855  0.0695828  0.0695838  1.08418  0.577414  0.0695401  
1.68923  0.109915  0.103458  0.840124  0.455244  1.2023  
0.998914  0.534732  0.228554  1.56138  0.069653  1.2023  
1.24364  0.360298  0.0964109  0.998914  0.534732  0.228554  
1.56138  0.069653  1.2023  0.938696  0.504588  0.6129  
0.938696  0.504588  0.6129  1.03905  0.268754  1.2023  
1.03905  0.268754  1.2023  1.68923  0.109915  0.103458  
0.840124  0.455244  1.2023  2.03855  0.0695828  0.0695838  
1.56138  0.069653  1.2023  0.938696  0.504588  0.6129  
1.68923  0.109915  0.103458  1.56138  0.069653  1.2023  
1.38457  0.205665  0.261525  2.03855  0.0695828  0.0695838  
1.24364  0.360298  0.0964109  1.68923  0.109915  0.103458  
1.03905  0.268754  1.2023  0.840124  0.455244  1.2023  
2.03855  0.0695828  0.0695838  1.08418  0.577414  0.0695401  
0.938696  0.504588  0.6129  1.03905  0.268754  1.2023  
0.998914  0.534732  0.228554  0.998914  0.534732  0.228554  
1.08418  0.577414  0.0695401  1.38457  0.205665  0.261525  
0.840124  0.455244  1.2023  1.24364  0.360298  0.0964109  
