0  0  0  0  
0  0  0  0  
0  0  0  0  
0  0  0  0  
0  0  0  0  
0  0  0  0  
0  0  0  0  
0  0  0  0  
0  0  0  0  
0  0  0  0  
0  0  0  0  
0  0  0  0  
0  0  0  0  
0  0  0  0  
0  0  0  0  
0  0  0  0  
0  0  0  0  
0  0  0  0  
0  0  0  0  
0  0  0  0  
0  0  0  0  
0  0  0  0  
0  0  0  0  
0  0  0  0  
0  0  0  0  
0  0  0  0  
0  0  0  0  
0  0  0  0  
0  0  0  0  
0  0  0  0  
0  0  0  0  
0  0  0  0  
0  0  0  0  
0  0  0  0  
0  0  0  0  
0  0  0  0  
0  0  0  0  
0  0  0  0  
0  0  0  0  
0  0  0  0  
0  0  0  0  
0  0  0  0  
0  0  0  0  
0  0  0  0  
0  0  0  0  
0  0  0  0  
0  0  0  0  
0  0  0  0  
0  0  0  0  
0  0  0  0  
0  0  0  0  
0  0  0  0  
0  0  0  0  
0  0  0  0  
0  0  0  0  
0  0  0  0  
0  0  0  0  
0  0  0  0  
0  0  0  0  
0  0  0  0  
0  0  0  0  
0  0  0  0  
0  0  0  0  
0  0  0  0  
0  0  0  0  
0  0  0  0  
0  0  0  0  
0  0  0  0  
0  0  0  0  
0  0  0  0  
0  0  0  0  
0  0  0  0  
0  0  0  0  
0  0  0  0  
0  0  0  0  
0  0  0  0  
0  0  0  0  
0  0  0  0  
0  0  0  0  
0  0  0  0  
0  0  0  0  
0  0  0  0  
0  0  0  0  
0  0  0  0  
0  0  0  0  
0  0  0  0  
0  0  0  0  
0  0  0  0  
0  0  0  0  
0  0  0  0  
0  0  0  0  
0  0  0  0  
0  0  0  0  
0  0  0  0  
0  0  0  0  
0  0  0  0  
0  0  0  0  
0  0  0  0  
0  0  0  0  
0  0  0  0  
0  0  1.15182  4.67824  
2.48458  3.36205  2.58962  2.70761  
1.49384  4.50986  1.38313  4.58465  
2.57526  2.30025  1.94414  3.97181  
2.26496  3.33055  2.38551  2.55973  
0  0  2.28221  2.54973  
0  0  2.1016  3.99317  
0  0  2.45032  2.21341  
0  0  1.42126  4.48461  
2.82415  1.9537  1.76946  3.4011  
0  0  2.1575  3.57119  
0  0  2.31538  3.20693  
0  0  1.30937  4.42865  
0  0  1.5582  4.48828  
0  0  2.6791  2.38689  
0  0  1.8581  4.29316  
0  0  2.01443  2.67898  
0  0  1.27675  4.55843  
1.99779  3.66319  2.04273  3.4624  
2.52489  2.12294  2.71286  2.48813  
2.56005  2.82091  0.728366  4.63859  
2.41489  3.00097  2.21839  3.09868  
0  0  1.04794  4.61688  
0.859231  4.73823  2.0156  3.88674  
2.42035  3.2985  2.64116  2.4608  
2.6107  2.43138  2.24118  3.50272  
0  0  2.76362  2.23719  
2.41078  2.3537  0.897984  4.80871  
2.31239  3.46164  1.53165  4.31835  
0  0  2.70969  1.96219  
0  0  1.67567  4.25034  
0  0  2.53934  1.67852  
0  0  2.67875  2.63672  
2.69745  2.56973  1.82823  4.194  
0  0  2.73697  2.02999  
0  0  2.71418  2.55827  
2.44922  3.11775  2.51146  2.8433  
1.85245  4.09167  2.34198  3.00256  
2.37127  3.24575  2.22906  3.07302  
2.72359  2.20994  2.36714  3.49045  
0  0  1.10397  4.70444  
0  0  2.46654  2.53004  
0  0  2.10738  2.89463  
0  0  2.06812  2.80271  
0  0  2.31077  3.54776  
0  0  1.84212  4.2306  
0.94193  4.4242  2.01906  3.30413  
0  0  2.03795  3.99266  
0  0  2.1786  3.05781  
0  0  1.79868  3.93723  
0  0  2.03267  4.06119  
0  0  2.24194  3.85288  
2.77849  1.82173  2.54019  3.06346  
0  0  2.44956  3.42894  
0  0  2.4989  2.70194  
0  0  2.64438  2.57108  
0  0  1.99492  3.89745  
0  0  2.03928  3.93952  
0  0  2.47229  3.3286  
0  0  1.94098  3.87565  
0  0  1.50761  3.99758  
0  0  2.48588  1.99208  
0  0  2.4109  2.17636  
0  0  2.52379  2.56632  
0  0  1.09001  4.83997  
0  0  2.17744  3.11835  
2.29218  3.56712  2.12024  3.50292  
0  0  1.66332  4.48749  
0  0  1.90011  3.73681  
0  0  2.20781  3.8304  
1.95246  3.94589  1.43777  3.73521  
0  0  0.916565  4.7612  
0  0  1.80755  4.43937  
2.29142  3.79819  2.61979  1.74323  
2.10477  3.89898  2.56086  3.06312  
0  0  1.75051  3.88384  
0  0  2.33183  3.45334  
0  0  1.90667  3.837  
2.51962  1.57331  2.26218  3.38155  
2.60596  2.62179  2.26428  3.54273  
0  0  2.59258  2.59963  
0  0  1.93953  3.88945  
2.78834  1.47763  2.32251  3.60425  
2.34867  1.37651  2.3737  2.20903  
1.73871  4.35639  2.48051  2.67264  
0.7811  4.71097  2.08255  3.88951  
1.19041  4.61363  1.62768  4.34787  
2.26804  3.01788  2.55107  3.00195  
0  0  1.57917  4.09458  
0  0  0.793329  4.71432  
1.77692  4.04707  2.56728  2.70697  
2.47498  2.21415  2.46834  2.56293  
2.33459  3.38469  2.19101  3.8596  
2.01553  4.17327  2.3836  2.16362  
0  0  2.43285  2.91926  
0  0  0.898258  4.76157  
2.73494  1.43525  2.71701  2.4619  
0  0  2.66136  2.56442  
1.92664  3.97084  1.06966  4.66704  
2.28885  2.3815  2.07704  3.90473  
0  0  2.36865  2.22812  
2.48458  3.36205  2.12352  3.42681  
1.49384  4.50986  1.93726  3.76693  
2.57526  2.30025  0.964781  4.7584  
2.26496  3.33055  1.15326  4.5303  
0  0  1.27855  4.54693  
0  0  2.15506  3.19805  
0  0  2.63839  2.02603  
0  0  2.66805  2.62935  
2.82415  1.9537  2.11612  3.18182  
0  0  1.94975  3.94662  
0  0  2.46547  3.03915  
0  0  1.38641  4.45074  
0  0  2.48169  2.76496  
0  0  2.52489  2.12294  
0  0  1.88993  3.66433  
0  0  1.25659  4.40042  
0  0  2.63625  1.88144  
1.99779  3.66319  1.9682  3.80233  
2.52489  2.12294  1.51792  4.36715  
2.56005  2.82091  2.31574  3.01868  
2.41489  3.00097  2.49835  2.67971  
0  0  0.852109  4.71985  
0.859231  4.73823  2.14442  3.67533  
2.42035  3.2985  0.818374  4.7198  
2.6107  2.43138  2.5092  2.22214  
0  0  0.866498  4.70886  
2.41078  2.3537  2.53948  1.98987  
2.31239  3.46164  0.888283  4.79627  
0  0  2.09498  3.31689  
0  0  2.54437  2.52584  
0  0  1.43975  4.47121  
0  0  1.79197  4.1181  
2.69745  2.56973  1.87565  3.92454  
0  0  1.28839  4.7983  
0  0  1.85284  4.09384  
2.44922  3.11775  0.757043  4.60773  
1.85245  4.09167  2.5775  2.33172  
2.37127  3.24575  2.57897  2.18631  
2.72359  2.20994  2.65786  2.74373  
0  0  1.1628  4.82889  
0  0  2.21975  3.43178  
0  0  1.38397  4.6349  
0  0  1.9876  2.8265  
0  0  2.17916  3.7626  
0  0  2.08034  2.75271  
0.94193  4.4242  1.99082  2.82983  
0  0  2.3334  3.01127  
0  0  2.17427  3.62606  
0  0  2.04622  3.70077  
0  0  1.70739  4.57513  
0  0  1.48831  4.63407  
2.77849  1.82173  2.38767  3.2452  
0  0  1.6383  4.32537  
0  0  1.47217  4.35338  
0  0  2.1582  3.67345  
0  0  1.11877  4.76501  
0  0  2.25938  2.97549  
0  0  1.86692  3.04629  
0  0  1.69849  4.36685  
0  0  1.85752  3.98703  
0  0  1.51816  4.63381  
0  0  2.05729  3.7892  
0  0  1.7698  4.32011  
0  0  2.00007  4.16279  
0  0  1.94041  3.94093  
2.29218  3.56712  2.08487  3.22532  
0  0  2.3595  2.42255  
0  0  2.46979  2.14479  
0  0  2.30861  2.73977  
1.95246  3.94589  1.93862  3.83104  
0  0  2.73172  2.3771  
0  0  2.57575  2.47606  
2.29142  3.79819  1.57244  4.23552  
2.10477  3.89898  2.33727  2.62365  
0  0  2.56807  1.91617  
0  0  2.56528  2.88419  
0  0  1.61477  4.31859  
2.51962  1.57331  2.68351  1.79519  
2.60596  2.62179  2.13124  3.38488  
0  0  1.20094  4.64286  
0  0  1.88306  4.0914  
2.78834  1.47763  2.61546  2.4834  
2.34867  1.37651  2.41572  2.58418  
1.73871  4.35639  2.58391  2.83892  
0.7811  4.71097  2.41248  3.14282  
1.19041  4.61363  2.5337  2.62027  
2.26804  3.01788  2.54298  2.02561  
0  0  2.26453  2.3625  
0  0  2.55229  2.86057  
1.77692  4.04707  1.1276  4.76416  
2.47498  2.21415  1.92283  4.15392  
2.33459  3.38469  2.29209  3.77125  
2.01553  4.17327  1.96281  3.48867  
0  0  2.19376  3.89611  
0  0  2.35273  3.38049  
2.73494  1.43525  2.68733  2.77755  
0  0  2.48316  3.43026  
1.92664  3.97084  2.53665  3.11494  
2.28885  2.3815  1.83649  3.96683  
0  0  1.7045  4.38823  
2.48458  3.36205  1.9466  3.83948  
1.49384  4.50986  1.29254  4.57777  
2.57526  2.30025  1.26179  4.76108  
2.26496  3.33055  2.09971  4.02661  
0  0  2.12061  4.13871  
0  0  1.49384  4.50986  
0  0  2.36729  2.31231  
0  0  2.57526  2.30025  
2.82415  1.9537  1.97812  3.85162  
0  0  2.65102  2.5808  
0  0  1.45384  4.48926  
0  0  1.90109  3.64134  
0  0  2.49555  2.03593  
0  0  2.56954  2.01184  
0  0  1.66867  4.33391  
0  0  2.42516  2.94466  
0  0  2.37202  3.35744  
1.99779  3.66319  1.79838  4.13569  
2.52489  2.12294  2.14439  3.83792  
2.56005  2.82091  2.86174  1.63263  
2.41489  3.00097  1.24356  4.61308  
0  0  2.67599  2.04376  
0.859231  4.73823  2.74192  2.17899  
2.42035  3.2985  2.6924  1.72358  
2.6107  2.43138  2.41078  2.3537  
0  0  2.8589  1.71397  
2.41078  2.3537  2.10097  3.3502  
2.31239  3.46164  1.20085  4.55262  
0  0  2.52971  2.92812  
0  0  1.6231  4.06377  
0  0  2.37507  2.85573  
0  0  1.0342  4.77296  
2.69745  2.56973  2.75514  2.02395  
0  0  2.60997  2.73229  
0  0  2.25081  3.6428  
2.44922  3.11775  1.03735  4.76403  
1.85245  4.09167  2.25694  3.6174  
2.37127  3.24575  2.59301  2.94477  
2.72359  2.20994  2.53984  2.90166  
0  0  2.49545  2.68687  
0  0  2.67542  1.94707  
0  0  2.6904  1.7349  
0  0  1.72256  4.35455  
0  0  1.6425  4.52104  
0  0  1.98802  4.06288  
0.94193  4.4242  2.10426  2.95227  
0  0  2.62708  2.74772  
0  0  2.14975  3.05701  
0  0  1.75242  4.32924  
0  0  2.50685  2.45937  
0  0  2.71798  2.12884  
2.77849  1.82173  1.14606  4.80283  
0  0  2.62571  2.78894  
0  0  1.86622  4.1972  
0  0  2.82524  1.68548  
0  0  1.9722  3.88311  
0  0  2.07415  3.19919  
0  0  2.30095  3.52259  
0  0  1.84047  4.13872  
0  0  1.94427  4.11704  
0  0  1.21866  4.5367  
0  0  1.79674  3.15816  
0  0  2.03297  4.10312  
0  0  2.03501  3.57518  
0  0  2.52875  2.94804  
2.29218  3.56712  1.83134  4.03468  
0  0  1.90662  3.49846  
0  0  2.09632  4.02532  
0  0  2.79216  1.4241  
1.95246  3.94589  2.50115  2.59291  
0  0  2.54814  2.6321  
0  0  2.23619  3.32346  
2.29142  3.79819  2.05131  3.93539  
2.10477  3.89898  2.13543  3.62851  
0  0  2.62578  2.38527  
0  0  2.24547  3.54738  
0  0  1.40725  3.79038  
2.51962  1.57331  2.79384  1.67855  
2.60596  2.62179  2.08602  3.48509  
0  0  2.76686  2.22371  
0  0  1.81427  4.37099  
2.78834  1.47763  2.30861  3.56443  
2.34867  1.37651  0.91294  4.79379  
1.73871  4.35639  2.57349  2.39996  
0.7811  4.71097  1.72358  4.01692  
1.19041  4.61363  2.30391  2.67864  
2.26804  3.01788  1.38025  4.52434  
0  0  1.71875  4.11056  
0  0  1.94649  4.19473  
1.77692  4.04707  1.98797  3.87619  
2.47498  2.21415  2.34532  3.46468  
2.33459  3.38469  2.33849  2.14544  
2.01553  4.17327  0.934079  4.82875  
0  0  2.58506  3.11031  
0  0  1.41314  4.49718  
2.73494  1.43525  2.33358  3.49331  
0  0  2.74279  2.40411  
1.92664  3.97084  0.914539  4.80169  
2.28885  2.3815  2.54971  2.43807  
0  0  2.31231  3.68381  
2.48458  3.36205  2.53572  3.00194  
1.49384  4.50986  1.54493  4.48625  
2.57526  2.30025  1.92917  3.59216  
2.26496  3.33055  2.12456  3.56875  
0  0  2.28369  3.44582  
0  0  2.7356  1.57825  
0  0  2.33459  2.49882  
0  0  2.42657  2.39827  
2.82415  1.9537  2.35954  3.29003  
0  0  2.34835  3.58343  
0  0  2.60876  2.53879  
0  0  2.84578  1.48705  
0  0  2.39723  2.80164  
0  0  2.13132  3.25775  
0  0  2.18668  3.25903  
0  0  2.22482  3.3712  
0  0  2.44895  3.31686  
1.99779  3.66319  1.8724  3.97525  
2.52489  2.12294  1.77673  4.25376  
2.56005  2.82091  2.55099  2.17692  
2.41489  3.00097  1.13109  4.77953  
0  0  2.45185  2.27451  
0.859231  4.73823  2.4768  3.29049  
2.42035  3.2985  2.47124  3.05603  
2.6107  2.43138  2.47817  2.43216  
0  0  2.3974  2.77504  
2.41078  2.3537  2.10867  3.31019  
2.31239  3.46164  0.553299  4.41236  
0  0  2.00288  3.80311  
0  0  2.2741  3.26517  
0  0  2.48449  3.11553  
0  0  2.69454  2.78211  
2.69745  2.56973  2.61028  2.69496  
0  0  2.05187  3.82161  
0  0  2.68589  2.42071  
2.44922  3.11775  2.60245  2.65032  
1.85245  4.09167  2.66825  2.62836  
2.37127  3.24575  2.62751  2.0102  
2.72359  2.20994  1.85245  4.09167  
0  0  2.05747  3.02576  
0  0  2.3833  2.91887  
0  0  2.05591  3.11608  
0  0  0.964628  4.41318  
0  0  1.9298  2.76844  
0  0  2.02795  4.07668  
0.94193  4.4242  2.37885  3.42481  
0  0  2.33446  3.5675  
0  0  2.59035  1.98815  
0  0  2.14869  2.98391  
0  0  2.53248  2.73083  
0  0  1.43777  3.73521  
2.77849  1.82173  2.47748  2.93061  
0  0  2.31537  3.65403  
0  0  2.40351  3.27926  
0  0  2.43796  3.26293  
0  0  2.20767  3.51065  
0  0  2.25257  3.10839  
0  0  2.15155  4.05232  
0  0  1.85805  4.22845  
0  0  1.45824  4.66408  
0  0  0.954402  4.49529  
0  0  1.95606  4.21822  
0  0  2.47888  2.44583  
0  0  1.71747  4.45419  
0  0  0.805634  4.37968  
2.29218  3.56712  2.28998  3.19057  
0  0  1.47033  4.32379  
0  0  2.56681  2.58082  
0  0  2.55339  2.41289  
1.95246  3.94589  2.55234  2.7643  
0  0  2.02877  2.57479  
0  0  1.83249  4.13059  
2.29142  3.79819  2.06571  3.92886  
2.10477  3.89898  2.24815  3.6698  
0  0  1.48857  3.62238  
0  0  2.55944  2.10882  
0  0  2.22178  3.67392  
2.51962  1.57331  1.42401  3.74696  
2.60596  2.62179  2.69745  2.56973  
0  0  0.920812  4.81426  
0  0  2.64719  2.69327  
2.78834  1.47763  2.08254  4.11393  
2.34867  1.37651  2.53612  2.55882  
1.73871  4.35639  2.15327  3.49911  
0.7811  4.71097  1.85022  4.03004  
1.19041  4.61363  2.65692  1.74617  
2.26804  3.01788  0.871589  4.8025  
0  0  1.76345  4.45139  
0  0  2.63902  2.72395  
1.77692  4.04707  1.77692  4.04707  
2.47498  2.21415  2.44051  3.15415  
2.33459  3.38469  1.35291  4.59491  
2.01553  4.17327  2.36294  3.11836  
0  0  1.89013  4.06317  
0  0  0.862148  4.77433  
2.73494  1.43525  2.39235  3.27264  
0  0  0.900872  4.76123  
1.92664  3.97084  2.35122  3.38401  
2.28885  2.3815  2.61011  2.55398  
0  0  2.39089  3.18997  
2.48458  3.36205  2.1898  3.13487  
1.49384  4.50986  1.9216  4.24977  
2.57526  2.30025  2.74381  2.42712  
2.26496  3.33055  2.02113  3.15619  
0  0  1.88695  4.25929  
0  0  2.37655  3.42557  
0  0  1.75768  3.85156  
0  0  1.51319  4.2809  
2.82415  1.9537  2.47262  2.38125  
0  0  1.3403  4.78828  
0  0  2.52863  2.1164  
0  0  2.47081  2.60452  
0  0  2.5513  2.7774  
0  0  2.42246  2.56251  
0  0  2.06776  4.05983  
0  0  2.59174  1.72544  
0  0  2.61803  2.67949  
1.99779  3.66319  2.23376  3.56963  
2.52489  2.12294  1.38315  4.59974  
2.56005  2.82091  2.19921  3.53279  
2.41489  3.00097  2.56925  2.58347  
0  0  2.71062  2.29307  
0.859231  4.73823  2.40724  2.35253  
2.42035  3.2985  0.978139  4.66926  
2.6107  2.43138  0.979996  4.89927  
0  0  0.951516  4.71894  
2.41078  2.3537  2.42573  3.55339  
2.31239  3.46164  2.41056  3.37324  
0  0  1.5984  4.30862  
0  0  2.46431  3.02318  
0  0  2.51867  2.80901  
0  0  1.06226  4.66736  
2.69745  2.56973  1.1655  4.84251  
0  0  2.34951  3.74966  
0  0  2.44589  2.92766  
2.44922  3.11775  2.58491  2.30117  
1.85245  4.09167  2.49886  2.95786  
2.37127  3.24575  2.19249  3.3158  
2.72359  2.20994  1.48845  4.58493  
0  0  1.60804  4.13526  
0  0  1.09312  4.42854  
0  0  2.3339  3.76825  
0  0  2.37512  3.24069  
0  0  2.05994  4.17415  
0  0  1.42914  4.58301  
0.94193  4.4242  1.96667  4.07538  
0  0  2.05893  3.60683  
0  0  2.5448  2.99971  
0  0  1.76383  4.44666  
0  0  2.32596  3.21939  
0  0  2.52565  2.28474  
2.77849  1.82173  2.40992  2.63315  
0  0  1.74188  3.25892  
0  0  2.76401  1.9297  
0  0  2.60352  2.25636  
0  0  2.51954  2.87862  
0  0  2.14921  3.73406  
0  0  2.42788  3.32852  
0  0  1.98444  3.805  
0  0  1.56266  4.1835  
0  0  1.56266  4.1835  
0  0  1.06533  4.84329  
0  0  2.40492  2.7393  
0  0  2.42752  2.14859  
0  0  2.5572  2.51917  
2.29218  3.56712  2.33727  3.56018  
0  0  2.47439  1.81764  
0  0  2.24914  2.59137  
0  0  1.54536  4.41442  
1.95246  3.94589  2.63677  2.68878  
0  0  2.27897  3.5036  
0  0  2.45112  3.13577  
2.29142  3.79819  2.28543  3.51806  
2.10477  3.89898  2.13581  3.78904  
0  0  2.60596  2.62179  
0  0  1.05428  4.81072  
0  0  1.65914  4.2653  
2.51962  1.57331  2.48875  2.62564  
2.60596  2.62179  2.52563  2.30916  
0  0  2.36608  2.45945  
0  0  0.91811  4.82895  
2.78834  1.47763  2.35179  3.32342  
2.34867  1.37651  1.955  4.00228  
1.73871  4.35639  1.86255  4.06285  
0.7811  4.71097  2.10333  3.59428  
1.19041  4.61363  0.871364  4.60511  
2.26804  3.01788  2.49219  2.45976  
0  0  1.2683  4.24035  
0  0  2.55272  1.38511  
1.77692  4.04707  2.02217  3.45735  
2.47498  2.21415  1.77692  4.04707  
2.33459  3.38469  1.68959  4.32174  
2.01553  4.17327  2.46376  3.19774  
0  0  2.2762  3.64574  
0  0  2.6258  2.87954  
2.73494  1.43525  2.04264  3.80468  
0  0  2.77035  2.43851  
1.92664  3.97084  1.91059  4.13267  
2.28885  2.3815  2.03287  4.0799  
0  0  2.62018  2.58253  
2.48458  3.36205  2.02451  3.85567  
1.49384  4.50986  2.10968  3.52708  
2.57526  2.30025  2.33026  3.52568  
2.26496  3.33055  2.46214  2.15694  
0  0  1.43682  4.41704  
0  0  1.87149  4.00853  
0  0  2.24929  2.86148  
0  0  2.03559  2.87835  
2.82415  1.9537  1.89825  3.91606  
0  0  2.58386  2.71975  
0  0  2.69673  2.35296  
0  0  2.5765  2.46835  
0  0  2.4747  2.64819  
0  0  1.87239  4.32881  
0  0  2.09891  3.73422  
0  0  2.04948  3.59967  
0  0  2.68375  2.59873  
1.99779  3.66319  1.60234  4.2129  
2.52489  2.12294  2.05044  3.32039  
2.56005  2.82091  1.77871  4.11207  
2.41489  3.00097  2.21004  3.55102  
0  0  2.18581  3.47364  
0.859231  4.73823  2.41486  3.30452  
2.42035  3.2985  1.72027  4.38643  
2.6107  2.43138  2.15705  3.32793  
0  0  2.7176  2.35841  
2.41078  2.3537  2.51146  2.8433  
2.31239  3.46164  1.77569  4.0855  
0  0  1.84205  4.14641  
0  0  0.898258  4.76157  
0  0  1.1872  4.50276  
0  0  1.63605  4.4042  
2.69745  2.56973  2.55153  2.27877  
0  0  1.64445  4.13967  
0  0  2.7612  1.84878  
2.44922  3.11775  2.34384  2.43399  
1.85245  4.09167  0.892332  4.76231  
2.37127  3.24575  2.33471  3.00594  
2.72359  2.20994  1.01821  4.68375  
0  0  1.69598  4.3961  
0  0  1.64348  3.7696  
0  0  2.48259  2.79561  
0  0  2.03338  2.86635  
0  0  2.34175  3.04684  
0  0  2.02549  3.14692  
0.94193  4.4242  1.69931  3.37781  
0  0  2.31436  3.28637  
0  0  0.94193  4.4242  
0  0  1.02012  4.71694  
0  0  2.6732  2.18413  
0  0  1.99143  3.89993  
2.77849  1.82173  2.11224  3.72054  
0  0  2.3324  3.52962  
0  0  2.50037  2.91321  
0  0  1.43777  3.73521  
0  0  2.25081  3.576  
0  0  2.31937  3.43897  
0  0  1.82761  4.1775  
0  0  1.50115  4.71831  
0  0  2.21143  3.78482  
0  0  1.56266  4.1835  
0  0  2.25659  2.94138  
0  0  2.36563  3.51054  
0  0  2.30034  3.65807  
0  0  2.34615  3.07681  
2.29218  3.56712  1.84284  4.21045  
0  0  2.70308  2.4165  
0  0  1.87267  3.74854  
0  0  2.0401  3.30723  
1.95246  3.94589  2.0621  3.91809  
0  0  2.8164  1.96924  
0  0  2.06996  4.07854  
2.29142  3.79819  1.85196  3.14203  
2.10477  3.89898  2.40517  3.34034  
0  0  0.965093  4.88698  
0  0  1.53835  4.3927  
0  0  2.63347  2.4649  
2.51962  1.57331  2.06245  2.4698  
2.60596  2.62179  2.50711  3.08578  
0  0  2.50955  2.60205  
0  0  2.34906  2.43366  
2.78834  1.47763  2.23231  3.53405  
2.34867  1.37651  2.5173  2.64381  
1.73871  4.35639  1.17427  4.75309  
0.7811  4.71097  2.76264  1.74615  
1.19041  4.61363  2.43924  2.53094  
2.26804  3.01788  2.79278  1.86177  
0  0  2.50788  3.20398  
0  0  0.898986  4.83046  
1.77692  4.04707  2.41155  2.2635  
2.47498  2.21415  2.53984  2.90166  
2.33459  3.38469  1.31709  4.61716  
2.01553  4.17327  1.48833  4.51555  
0  0  1.87514  3.89019  
0  0  2.08953  3.85209  
2.73494  1.43525  2.72173  2.37444  
0  0  2.57848  2.82013  
1.92664  3.97084  1.69663  4.34001  
2.28885  2.3815  1.3264  4.37641  
0  0  1.51157  4.4028  
2.48458  3.36205  2.68381  2.16049  
1.49384  4.50986  2.00881  3.12891  
2.57526  2.30025  0.907371  4.62983  
2.26496  3.33055  2.69322  2.38983  
0  0  2.10374  3.59278  
0  0  2.46547  3.03915  
0  0  1.45008  3.92255  
0  0  2.23353  3.75703  
2.82415  1.9537  2.81099  2.03238  
0  0  1.81328  3.93495  
0  0  1.79882  3.83826  
0  0  2.62784  2.59442  
0  0  2.13188  4.08224  
0  0  1.50842  4.4448  
0  0  1.59141  4.27296  
0  0  1.29404  4.36553  
0  0  2.60426  1.03825  
1.99779  3.66319  2.40376  3.5905  
2.52489  2.12294  2.00881  3.12891  
2.56005  2.82091  0.828659  4.73069  
2.41489  3.00097  1.74301  4.05823  
0  0  2.53558  2.91772  
0.859231  4.73823  2.53791  2.90802  
2.42035  3.2985  2.1442  3.82781  
2.6107  2.43138  2.49382  1.89842  
0  0  2.55426  2.62804  
2.41078  2.3537  2.60442  2.27406  
2.31239  3.46164  1.76467  4.5037  
0  0  1.94959  3.91045  
0  0  0.910734  4.69041  
0  0  1.85245  4.09167  
0  0  1.21898  4.6052  
2.69745  2.56973  2.73613  2.0633  
0  0  2.46727  3.12423  
0  0  2.43891  3.10446  
2.44922  3.11775  2.36658  3.26509  
1.85245  4.09167  2.35273  3.38049  
2.37127  3.24575  1.8453  4.09653  
2.72359  2.20994  2.5436  2.93885  
0  0  2.11005  3.50637  
0  0  1.5509  4.52714  
0  0  2.19233  2.88413  
0  0  1.66358  4.48334  
0  0  1.60445  3.589  
0  0  2.04311  3.09889  
0.94193  4.4242  2.42467  1.88034  
0  0  2.16098  3.73265  
0  0  1.9876  2.8265  
0  0  2.57204  2.27859  
0  0  2.26229  3.42997  
0  0  2.54328  2.12546  
2.77849  1.82173  2.07508  3.96357  
0  0  1.56629  4.37108  
0  0  2.12386  3.81311  
0  0  2.14177  3.48111  
0  0  2.09351  3.86631  
0  0  2.46838  3.35716  
0  0  2.28387  3.53626  
0  0  1.08377  4.87359  
0  0  1.55722  4.20543  
0  0  2.52581  3.08946  
0  0  2.70837  2.12837  
0  0  1.03648  4.61496  
0  0  2.46558  2.44068  
0  0  2.32363  2.60048  
2.29218  3.56712  1.97384  3.5853  
0  0  1.96066  3.15758  
0  0  2.1971  2.92895  
0  0  1.8638  3.42216  
1.95246  3.94589  2.45668  2.28148  
0  0  2.7177  2.41666  
0  0  2.11672  3.94818  
2.29142  3.79819  2.70058  1.9151  
2.10477  3.89898  2.08774  3.64713  
0  0  2.56807  1.91617  
0  0  2.43341  3.09665  
0  0  2.69291  2.1029  
2.51962  1.57331  1.8187  4.24053  
2.60596  2.62179  2.30307  3.20417  
0  0  0.97137  4.52143  
0  0  1.21555  4.65699  
2.78834  1.47763  1.63857  4.25944  
2.34867  1.37651  1.793  3.5762  
1.73871  4.35639  2.09082  3.9772  
0.7811  4.71097  2.69876  2.055  
1.19041  4.61363  2.73936  1.70219  
2.26804  3.01788  2.27662  3.04723  
0  0  1.97631  4.01005  
0  0  2.15927  3.78322  
1.77692  4.04707  1.06941  4.74962  
2.47498  2.21415  1.9412  4.11635  
2.33459  3.38469  1.87014  4.33622  
2.01553  4.17327  0.973942  4.82291  
0  0  2.51761  2.82252  
0  0  2.74687  2.31525  
2.73494  1.43525  1.95825  4.06133  
0  0  2.78684  2.25515  
1.92664  3.97084  1.23769  4.70326  
2.28885  2.3815  1.85245  4.09167  
0  0  2.2465  3.17828  
2.48458  3.36205  2.62866  2.46183  
1.49384  4.50986  2.68842  2.39991  
2.57526  2.30025  2.55473  2.45658  
2.26496  3.33055  1.71967  3.99014  
0  0  2.49651  2.26016  
0  0  2.48566  3.40287  
0  0  2.66525  2.22751  
0  0  2.50189  2.24057  
2.82415  1.9537  1.59676  4.39859  
0  0  2.00881  3.12891  
0  0  2.49906  3.29853  
0  0  2.40328  2.88146  
0  0  2.04712  3.27629  
0  0  2.07691  3.47995  
0  0  2.08385  3.55765  
0  0  1.63007  4.40983  
0  0  2.69009  1.42897  
1.99779  3.66319  2.36288  2.19984  
2.52489  2.12294  2.61087  1.93519  
2.56005  2.82091  2.2565  3.47101  
2.41489  3.00097  2.4322  2.59302  
0  0  2.73443  2.08649  
0.859231  4.73823  2.20641  3.65173  
2.42035  3.2985  2.32681  2.89799  
2.6107  2.43138  1.30716  4.48178  
0  0  1.21805  4.7362  
2.41078  2.3537  2.66285  2.06046  
2.31239  3.46164  2.51146  2.8433  
0  0  2.38065  2.64147  
0  0  0.80969  4.72523  
0  0  2.53519  3.10643  
0  0  1.77287  4.0581  
2.69745  2.56973  0.807345  4.67174  
0  0  2.74687  2.31525  
0  0  1.73187  4.08432  
2.44922  3.11775  2.56046  2.76681  
1.85245  4.09167  2.14869  3.9463  
2.37127  3.24575  2.53201  3.05798  
2.72359  2.20994  2.57725  1.89075  
0  0  2.28331  3.38169  
0  0  2.26812  2.23399  
0  0  2.43625  2.8638  
0  0  1.64813  4.57053  
0  0  2.18509  3.51466  
0  0  2.77293  2.22675  
0.94193  4.4242  2.22405  3.34077  
0  0  2.11762  2.91704  
0  0  2.62027  2.87171  
0  0  1.68036  3.76818  
0  0  2.33901  3.16324  
0  0  1.19795  4.84755  
2.77849  1.82173  2.72017  2.4197  
0  0  1.80773  4.47503  
0  0  2.41172  2.63861  
0  0  1.52242  4.14103  
0  0  1.86875  4.248  
0  0  1.78242  4.38517  
0  0  1.46751  4.47119  
0  0  2.77849  1.82173  
0  0  2.70634  2.32574  
0  0  2.51594  2.78504  
0  0  1.88151  4.15309  
0  0  1.92875  3.98733  
0  0  1.89402  4.07948  
0  0  2.34505  3.54115  
2.29218  3.56712  1.6484  3.95686  
0  0  2.60001  2.17331  
0  0  2.47749  3.14841  
0  0  2.33997  2.85127  
1.95246  3.94589  1.43652  4.34053  
0  0  2.09389  3.97747  
0  0  2.01944  3.94671  
2.29142  3.79819  1.92642  4.11886  
2.10477  3.89898  2.15929  3.55909  
0  0  2.29983  3.48042  
0  0  2.21888  3.50036  
0  0  2.58678  2.69593  
2.51962  1.57331  2.65688  1.98716  
2.60596  2.62179  0.96115  4.87561  
0  0  2.32251  3.60425  
0  0  2.36369  2.74269  
2.78834  1.47763  2.45996  2.21069  
2.34867  1.37651  1.01352  4.85401  
1.73871  4.35639  2.60006  2.50985  
0.7811  4.71097  2.38668  3.12496  
1.19041  4.61363  2.01111  4.17482  
2.26804  3.01788  1.7432  4.04595  
0  0  2.5997  2.85602  
0  0  2.33374  3.52023  
1.77692  4.04707  2.23658  3.63698  
2.47498  2.21415  2.14381  3.72917  
2.33459  3.38469  2.46006  1.99433  
2.01553  4.17327  1.88329  3.80733  
0  0  1.68381  4.21847  
0  0  2.69071  2.13351  
2.73494  1.43525  2.47227  2.56127  
0  0  2.58645  2.75739  
1.92664  3.97084  2.74687  2.31525  
2.28885  2.3815  2.71083  2.1405  
0  0  2.02572  4.1635  
2.48458  3.36205  2.13134  3.74533  
1.49384  4.50986  2.58215  1.87059  
2.57526  2.30025  2.51431  3.12817  
2.26496  3.33055  2.46436  2.46738  
0  0  2.62346  2.64391  
0  0  2.82189  1.95677  
0  0  2.73209  2.0131  
0  0  2.60916  2.87487  
2.82415  1.9537  2.30088  3.68962  
0  0  1.45564  4.63265  
0  0  1.79779  3.58892  
0  0  2.61909  2.26993  
0  0  2.5211  2.5241  
0  0  2.03639  3.00268  
0  0  2.21634  2.60874  
0  0  2.32389  3.21518  
0  0  1.73267  4.00449  
1.99779  3.66319  1.5417  4.63091  
2.52489  2.12294  2.65544  2.50421  
2.56005  2.82091  2.53984  2.90166  
2.41489  3.00097  2.53595  2.91445  
0  0  2.29335  2.58459  
0.859231  4.73823  2.44353  3.29066  
2.42035  3.2985  1.88572  4.01127  
2.6107  2.43138  1.86195  4.15926  
0  0  2.33527  3.57606  
2.41078  2.3537  2.6567  2.48358  
2.31239  3.46164  2.23323  2.96811  
0  0  2.14229  3.8136  
0  0  2.08305  3.70642  
0  0  1.25388  4.73719  
0  0  2.62375  2.22002  
2.69745  2.56973  1.70737  4.3516  
0  0  2.51431  2.81497  
0  0  2.59548  2.70571  
2.44922  3.11775  2.4799  3.26513  
1.85245  4.09167  2.37127  3.24575  
2.37127  3.24575  2.08317  3.84091  
2.72359  2.20994  2.03028  4.00051  
0  0  1.67912  3.4704  
0  0  2.05102  3.81722  
0  0  1.44507  4.40482  
0  0  0.662654  4.5052  
0  0  2.19012  3.38518  
0  0  2.20965  3.91976  
0.94193  4.4242  2.19522  2.87769  
0  0  2.1173  2.82634  
0  0  2.31286  1.80334  
0  0  1.67153  4.41552  
0  0  2.26498  3.56449  
0  0  2.43383  3.48676  
2.77849  1.82173  1.38279  3.91453  
0  0  2.53153  2.82742  
0  0  1.92236  3.83474  
0  0  2.20362  3.52916  
0  0  2.40401  3.41914  
0  0  1.02581  4.58389  
0  0  2.5694  2.80205  
0  0  1.58023  3.7469  
0  0  2.62062  2.12865  
0  0  2.09615  3.92086  
0  0  2.574  2.37416  
0  0  2.26898  2.45088  
0  0  2.46599  2.68889  
0  0  2.23075  3.7882  
2.29218  3.56712  2.60949  1.81416  
0  0  2.43424  3.25534  
0  0  1.52423  4.5758  
0  0  2.47809  2.8807  
1.95246  3.94589  2.30332  2.8966  
0  0  2.63709  2.49265  
0  0  1.43308  4.4849  
2.29142  3.79819  1.67224  3.27732  
2.10477  3.89898  1.99727  3.15287  
0  0  2.77849  1.82173  
0  0  2.56133  1.92011  
0  0  1.39953  3.71493  
2.51962  1.57331  1.87656  3.07958  
2.60596  2.62179  2.57114  2.86729  
0  0  2.45937  2.60269  
0  0  0.84114  4.53007  
2.78834  1.47763  2.74587  2.12747  
2.34867  1.37651  2.72254  1.85286  
1.73871  4.35639  2.29768  3.43681  
0.7811  4.71097  2.60318  2.6922  
1.19041  4.61363  2.33767  3.50586  
2.26804  3.01788  1.82392  4.33045  
0  0  2.26487  2.80161  
0  0  2.23813  3.58063  
1.77692  4.04707  2.32251  3.60425  
2.47498  2.21415  2.35109  3.16854  
2.33459  3.38469  2.5682  2.79902  
2.01553  4.17327  2.7668  1.82068  
0  0  2.36632  3.62603  
0  0  2.57085  2.73458  
2.73494  1.43525  2.23003  3.70634  
0  0  2.18764  3.54009  
1.92664  3.97084  1.97401  4.19922  
2.28885  2.3815  2.37025  2.46356  
0  0  2.2641  3.52243  
2.48458  3.36205  2.41864  3.05873  
1.49384  4.50986  2.38551  2.55973  
2.57526  2.30025  1.29693  4.43895  
2.26496  3.33055  2.38744  2.41683  
0  0  2.45217  2.78477  
0  0  1.03347  4.74299  
0  0  2.52925  2.57792  
0  0  2.65544  2.50421  
2.82415  1.9537  1.08473  4.81576  
0  0  1.44253  4.63406  
0  0  2.26886  3.57629  
0  0  2.15567  2.43254  
0  0  1.40796  4.45352  
0  0  2.36063  3.26375  
0  0  1.48354  4.27178  
0  0  1.99837  3.64045  
0  0  2.33727  3.52981  
1.99779  3.66319  2.24156  3.70574  
2.52489  2.12294  2.1999  3.50031  
2.56005  2.82091  2.77031  1.89842  
2.41489  3.00097  1.58507  4.25796  
0  0  2.46869  3.08403  
0.859231  4.73823  2.58518  2.74635  
2.42035  3.2985  2.33314  3.40702  
2.6107  2.43138  1.53377  4.3607  
0  0  2.41078  2.3537  
2.41078  2.3537  2.69302  2.15682  
2.31239  3.46164  2.1301  3.05093  
0  0  2.64403  2.32327  
0  0  2.62893  2.7865  
0  0  0.961496  4.78712  
0  0  2.60697  2.62048  
2.69745  2.56973  2.48763  2.84089  
0  0  2.53041  2.74047  
0  0  2.27742  3.49657  
2.44922  3.11775  2.66381  2.74563  
1.85245  4.09167  1.54574  4.22177  
2.37127  3.24575  0.806846  4.72437  
2.72359  2.20994  2.56095  2.95817  
0  0  2.67165  2.53528  
0  0  1.52969  4.53447  
0  0  2.25042  2.84747  
0  0  2.05692  3.17544  
0  0  1.9876  2.8265  
0  0  2.28646  2.76497  
0.94193  4.4242  2.30758  2.82814  
0  0  2.54041  2.82878  
0  0  1.99551  2.83448  
0  0  2.71422  1.97193  
0  0  2.52205  2.85945  
0  0  1.599  4.42673  
2.77849  1.82173  0.752372  4.63029  
0  0  1.93803  3.87205  
0  0  1.6975  4.34789  
0  0  2.07679  4.03279  
0  0  1.3854  3.87  
0  0  1.80785  4.41439  
0  0  1.74829  4.41491  
0  0  1.50299  4.41116  
0  0  1.80337  3.62336  
0  0  2.21502  2.24155  
0  0  2.0561  3.33206  
0  0  1.80296  3.57907  
0  0  2.14155  4.01391  
0  0  1.99955  3.15864  
2.29218  3.56712  2.28429  3.03128  
0  0  2.53254  2.39258  
0  0  1.89623  3.9808  
0  0  1.8971  3.98024  
1.95246  3.94589  2.34195  3.48033  
0  0  2.63235  2.60843  
0  0  1.91335  3.81281  
2.29142  3.79819  2.18398  3.70858  
2.10477  3.89898  2.47187  3.33692  
0  0  1.18441  4.83247  
0  0  2.43599  3.3533  
0  0  1.69002  3.61998  
2.51962  1.57331  2.31461  3.1671  
2.60596  2.62179  1.44975  3.69369  
0  0  1.83312  4.05819  
0  0  1.23769  4.70326  
2.78834  1.47763  0.929912  4.79259  
2.34867  1.37651  2.3786  2.44114  
1.73871  4.35639  2.50978  2.63824  
0.7811  4.71097  2.58421  2.97368  
1.19041  4.61363  2.47989  2.05317  
2.26804  3.01788  2.51146  2.8433  
0  0  1.02667  4.71164  
0  0  2.47349  3.16037  
1.77692  4.04707  1.68781  3.95143  
2.47498  2.21415  2.71134  1.79858  
2.33459  3.38469  2.74281  2.27868  
2.01553  4.17327  1.88139  3.79444  
0  0  2.26354  3.74572  
0  0  1.81938  4.10182  
2.73494  1.43525  2.81624  1.76487  
0  0  1.32985  4.60981  
1.92664  3.97084  2.75872  2.00689  
2.28885  2.3815  2.44418  3.32987  
