0.708644  1.27703  0.957718  1.54186  
1.26991  1.34253  0.834527  1.14711  
1.40882  1.15229  0.784934  1.40223  
1.71776  0.617919  0.842312  0.940779  
2.20264  1.58282  1.70756  0.97777  
0.919428  1.37704  2.0005  0.703455  
1.23467  0.988243  1.46976  1.43055  
1.25865  1.11823  0.883158  1.37043  
1.50276  1.45774  0.815791  1.34707  
1.63364  1.22064  2.06887  0.877481  
0.810386  1.17891  2.05014  1.00032  
1.61141  0.789036  0.808682  1.45065  
1.99923  0.915925  0.942323  1.12156  
1.20983  1.14503  1.17968  0.764252  
1.66464  0.557818  2.27175  1.43083  
0.948814  0.792901  1.52737  0.558413  
1.61359  0.966265  1.25749  1.32811  
1.24899  1.20944  1.5516  0.776058  
1.14798  1.29556  1.83056  1.35221  
1.02824  1.07749  1.48603  0.816347  
0.81486  1.12914  1.61569  1.20997  
1.01913  1.26057  1.37554  1.06069  
1.64954  0.664201  1.12341  1.32191  
1.40698  1.10406  1.99474  0.618459  
1.05366  0.953101  0.943594  0.554089  
0.935782  1.05982  0.926559  1.33706  
1.31914  0.711131  0.765993  1.42001  
1.8566  1.09325  1.03934  1.20113  
1.11274  1.43075  0.786411  0.912777  
1.79763  1.14063  0.930326  1.019  
1.31478  0.583134  1.49078  0.989824  
0.69009  1.54479  0.703343  1.30489  
1.56228  1.27796  1.22526  1.17829  
1.31322  0.846636  0.744021  1.47999  
1.69591  0.983578  0.903322  1.67839  
1.45363  1.03669  1.63174  0.817198  
0.717023  1.21479  1.2028  1.11344  
1.33001  1.16479  0.929896  1.04972  
1.83896  1.36772  1.12836  1.28853  
1.10867  1.27435  1.58833  1.29295  
1.04312  1.2815  1.61839  0.92627  
1.23954  0.862888  1.07613  1.00155  
1.49797  1.02305  1.26319  0.854939  
1.57549  0.790122  0.815158  1.43289  
0.966121  1.49072  1.68236  0.981235  
0.532013  1.26152  0.847168  1.15157  
0.866868  1.36521  0.79843  1.43475  
2.08371  0.962371  0.722392  1.46742  
0.916374  1.33234  2.35368  1.48415  
1.76175  1.06618  0.826543  1.16788  
1.0772  1.35867  1.43134  1.26273  
1.33651  0.982573  1.16078  0.737542  
2.23372  0.578818  0.858246  1.25719  
1.03412  0.99089  1.26793  0.863761  
1.27193  1.04226  1.05201  1.40495  
0.890706  1.07908  0.852028  1.29355  
1.74773  0.978395  1.69791  1.12914  
1.84046  1.41865  0.763225  1.59212  
1.14005  0.977613  1.74509  0.847001  
0.632685  1.69388  0.792866  1.59149  
1.74681  1.08296  1.1134  1.12404  
1.86573  0.82816  0.492806  1.25839  
0.55913  1.28433  0.344639  1.58642  
2.04492  1.16054  2.03258  1.00182  
0.717696  1.31112  1.52429  0.711921  
1.6539  0.966118  1.17489  1.2742  
0.513131  1.70607  1.08528  1.32709  
1.26932  1.12012  1.12332  1.0867  
0.908675  1.6285  1.61915  0.935983  
1.21674  1.23051  0.951646  0.841869  
0.660131  1.31872  1.46202  1.00532  
2.25555  0.777425  1.01334  0.904336  
1.1841  1.35067  0.85692  0.962817  
2.30245  0.957793  0.584156  1.59284  
1.68285  1.15945  1.28186  1.05596  
1.30024  1.25  0.632537  1.57582  
0.60989  1.48057  1.03224  1.28235  
1.96429  1.17438  1.4294  0.879197  
1.21194  0.973775  2.05874  0.658783  
0.878038  1.08159  1.02592  1.087  
1.37885  0.997435  1.40271  0.75144  
1.27928  1.14275  1.59705  1.0735  
1.50634  1.0742  2.33119  1.02628  
1.08865  1.3274  1.51202  0.947207  
1.49828  0.810966  1.21082  1.26696  
1.25605  0.944466  1.80688  0.688649  
1.01385  1.41457  2.1048  1.18968  
0.587595  1.43778  0.965137  1.35696  
0.540977  1.14682  2.0117  1.2815  
0.541807  1.60286  1.55372  1.66007  
2.25233  0.6905  0.799717  1.16657  
0.931464  0.958889  1.72896  1.48677  
0.790737  1.56647  2.01659  1.10523  
1.26888  1.08965  1.33459  0.834198  
1.46916  0.943869  1.63797  0.821308  
1.67382  0.717973  1.68738  0.980661  
1.63153  0.99285  1.11886  1.07767  
1.63922  0.994194  2.12722  0.873863  
1.74893  0.868718  0.624126  1.26797  
1.07445  1.37321  2.35252  1.51771  
0.975752  0.509739  1.35275  1.03593  
0.638042  0.992878  1.74312  0.248242  
1.41895  0.592596  1.34102  0.977623  
1.35275  1.03593  1.46285  0.586897  
1.07118  0.905762  0.638042  0.992878  
1.29137  0.977623  1.07118  0.905762  
1.1288  0.765771  1.29902  0.380271  
1.46285  0.586897  1.41895  0.592596  
1.74312  0.248242  1.1288  0.765771  
1.29902  0.380271  0.975752  0.509739  
0.575173  0.639332  0.477211  0.911171  
0.770985  0.596402  0.575173  0.639332  
0.944414  0.261365  0.858676  0.702641  
0.636915  0.796267  1.33815  0.563582  
0.477211  0.911171  1.23231  0.193062  
0.858676  0.702641  0.636915  0.796267  
1.33815  0.563582  0.192755  1.02388  
1.23231  0.193062  0.944414  0.261365  
0.192755  1.02388  1.13787  0.559731  
1.00942  0.559731  0.770985  0.596402  
0.92486  0.986791  1.26457  0.496136  
1.4213  0.2624  0.87919  0.626415  
1.46656  0.557726  1.4213  0.2624  
0.730058  0.81249  0.92486  0.986791  
0.87919  0.626415  0.870363  0.502335  
1.26457  0.496136  1.46656  0.557726  
1.68275  0.535093  0.730058  0.81249  
1.29925  0.452811  1.7841  0.592863  
1.06953  0.681326  1.29925  0.452811  
0.870363  0.502335  1.06953  0.681326  
1.2625  0.431479  0.254774  0.496202  
1.6492  0.511272  0.514079  0.283039  
0.126438  1.26608  0.089866  0.700341  
0.882934  0.29727  0.996209  0.00247674  
0.655415  0.805887  0.948563  0.0260815  
0.561603  0.660255  0.384702  0.379947  
1.85995  0.469044  0.652663  0.192143  
1.30272  0.555816  0.000401421  0.993007  
2.45929  0.563577  0.158887  0.735315  
1.26718  0.105572  0.0301915  0.826319  
0.000401421  0.993007  1.14204  0.755209  
0.158887  0.601497  1.09484  0.807154  
0.254774  0.496202  0.676229  1.14937  
0.089866  0.700341  1.01931  0.433775  
0.652663  0.192143  1.10249  0.192624  
0.384702  0.379947  0.368082  1.04343  
0.996209  0.00247674  0.844691  0.440746  
0.514079  0.283039  0.125507  1.23461  
0.948563  0.0260815  0.581941  1.06915  
0.0301915  0.826319  0.449484  1.20897  
0.844691  0.45057  0.561603  0.660255  
0.125507  1.23461  1.2625  0.431479  
1.09484  0.807154  0.655415  0.805887  
1.10249  0.192624  1.30272  0.555816  
1.01931  0.433775  1.26718  0.105572  
0.676229  1.14937  0.882934  0.29727  
0.368082  1.04343  1.85995  0.469044  
0.449484  1.20897  2.48788  0.563577  
1.14204  0.755209  0.126438  1.26608  
0.581941  1.06915  1.6492  0.511272  
0.991671  0.450187  0.790719  0.794987  
1.19589  0.208226  1.41247  0.824614  
0.675942  0.630506  1.19589  0.208226  
0.969018  0.324442  1.31994  1.54097  
1.19849  0.312206  0.638683  0.803988  
0.638683  0.803988  1.19849  0.312206  
1.31994  1.54097  0.991671  0.450187  
1.21573  0.924153  0.675942  0.630506  
0.790719  0.794987  0.969018  0.324442  
1.41247  0.824614  1.21573  0.924153  
1.49318  1.08949  1.41727  0.589096  
0.606673  0.743693  1.34818  0.240804  
1.34818  0.240804  1.36865  1.03507  
1.36865  1.03507  1.12463  0.369815  
1.88342  0.801433  1.51347  0.57666  
1.12463  0.369815  0.841564  0.796114  
0.958196  0.39755  0.606673  0.743693  
0.841564  0.796114  1.49318  1.08949  
1.41727  0.589096  0.958196  0.39755  
1.51347  0.647054  1.88342  0.801663  
1.29137  0.768263  0.606673  0.743693  
1.12661  0.580703  1.49318  1.08949  
1.74312  0.248242  1.37883  0.372625  
0.975752  0.443361  1.88342  0.801433  
1.07072  0.905762  1.36865  1.03507  
1.29902  0.380271  1.51347  0.647054  
1.41895  0.592596  0.841564  0.796114  
0.638042  0.992878  1.34818  0.240804  
1.38011  0.574205  0.958196  0.39755  
1.41226  0.690865  1.41727  0.589096  
1.34818  0.240804  0.638042  0.992878  
0.606673  0.743693  1.07072  0.905762  
1.51347  0.57666  1.41895  0.592596  
1.36865  1.03507  1.29137  0.768263  
1.88342  0.801663  0.975752  0.443361  
1.41727  0.589096  1.03163  0.580703  
1.12463  0.369815  1.74312  0.248242  
0.841564  0.796114  1.38011  0.574205  
0.958196  0.39755  1.41226  0.690865  
1.49318  1.08949  1.29902  0.380271  
0.527631  0.528107  0.324452  0.759681  
0.575826  0.512347  0.898317  0.334185  
0.536082  0.630538  0.749399  0.392678  
0.924235  0.232298  0.829368  0.682844  
0.626618  0.633791  0.57712  0.646313  
0.552934  0.524995  0.502901  0.746853  
0.169411  1.17299  0.337925  1.26822  
1.37003  0.564953  0.842528  0.22295  
0.510056  0.738177  0.0904648  0.876706  
0.416341  1.00371  1.00729  0.258266  
1.16955  0.623096  1.00729  0.258266  
1.08639  0.422204  0.842528  0.22295  
1.21927  0.482817  0.829368  0.682844  
0.0940804  1.19532  0.749399  0.392678  
0.86153  0.418435  0.898317  0.334185  
0.657381  0.878528  0.324452  0.759681  
0.184895  1.00261  0.0904648  0.876706  
0.255216  1.45806  0.57712  0.646313  
0.413752  0.784592  0.695255  0.621945  
1.37299  0.727317  0.502901  0.746853  
1.08639  0.422204  0.527631  0.528107  
0.413752  0.784592  0.626618  0.633791  
0.184895  1.00261  0.924235  0.232298  
0.86153  0.418435  0.510056  0.738177  
1.16955  0.623096  1.37003  0.564953  
0.657381  0.878528  0.575826  0.512347  
1.21927  0.476624  0.536082  0.630538  
0.255216  1.45806  0.416341  1.00371  
0.0940804  1.19532  0.552934  0.466363  
1.37299  0.727317  0.169411  1.17299  
0.502901  0.746853  0.28591  0.901558  
0.600854  0.633322  0.841899  0.561067  
0.57712  0.646313  0.403029  0.968242  
0.749041  0.395967  0.101697  0.916739  
0.0904648  0.852208  1.10673  0.681002  
0.324452  0.703592  1.59153  0.599137  
0.842528  0.218467  0.453323  0.978132  
0.898317  0.159782  0.99236  0.195611  
1.37649  0.186349  1.37924  0.585087  
1.00729  0.258266  0.895988  0.351987  
0.804566  0.746804  0.842528  0.218467  
0.24834  0.675927  0.749041  0.395967  
1.20909  0.155009  1.00729  0.258266  
0.176083  1.29643  1.37649  0.186349  
0.241024  1.04889  0.324452  0.703592  
0.447565  0.512139  0.0904648  0.852208  
1.54418  0.284537  0.57712  0.646313  
0.28991  1.21897  0.898317  0.159782  
0.961505  0.627206  0.502901  0.746853  
0.746716  0.590898  0.600854  0.633322  
0.51407  0.283019  0.176083  1.29643  
0.0355518  0.811494  0.24834  0.675927  
0.654421  0.191065  1.54418  0.284537  
0.94847  0.0261154  0.28991  1.21897  
0.0949715  0.691856  1.20909  0.155009  
0.997119  0.00191575  0.241024  1.04889  
0.171482  0.585926  0.961505  0.627206  
0.263318  0.486922  0.804566  0.746804  
0.000355565  0.993006  0.447565  0.512139  
0.38461  0.379835  0.746716  0.590898  
0.575826  0.512347  0.51407  0.283019  
0.536082  0.630538  0.171482  0.585926  
0.924235  0.232298  0.0949715  0.691856  
0.527631  0.528107  0.396785  0.379835  
0.416341  1.00371  0.0355518  0.811494  
0.626618  0.633791  0.263318  0.486922  
0.169411  1.17299  0.000355565  0.993006  
1.53297  0.564953  0.997119  0.00191575  
0.510056  0.738177  0.94847  0.0261154  
0.552934  0.524995  0.654421  0.191065  
0.453323  0.978132  0.263624  0.788353  
0.833573  0.561067  1.03388  0.320058  
0.28591  0.901558  0.625929  0.543797  
0.99236  0.195611  0.333675  0.74549  
0.403029  0.968242  0.938179  0.401907  
1.59153  0.599137  1.10609  0.727034  
0.101697  0.916739  0.895558  0.44315  
0.895988  0.351987  0.955842  0.247867  
1.10673  0.681002  0.821846  0.421379  
1.37924  0.585087  0.159765  0.820907  
0.159765  0.820907  0.575826  0.512347  
0.938179  0.401907  0.169411  1.17299  
0.821846  0.421379  1.53297  0.564953  
1.03388  0.320058  0.536082  0.630538  
0.955842  0.247867  1.03146  0.232298  
0.895558  0.44315  0.626618  0.633791  
1.10609  0.727034  0.527631  0.528107  
0.625929  0.543797  0.416341  1.00371  
0.263624  0.788353  0.510056  0.738177  
0.333553  0.74549  0.552934  0.524995  
0.923774  0.331856  0.554397  0.698212  
0.380059  0.544436  0.812268  0.577035  
0.880845  0.504206  0.545383  0.576519  
0.731201  0.37422  0.741694  0.457632  
0.90774  0.905597  0.923774  0.331856  
0.812268  0.577035  0.880845  0.504206  
0.741694  0.457632  0.731201  0.37422  
0.545383  0.576519  1.04869  0.276271  
1.04869  0.273937  0.90774  0.905597  
0.554397  0.698212  0.380059  0.544436  
