0.853273  1.5298  0.62405  1.46162  
1.71823  1.01617  1.36066  0.840059  
1.94415  0.628485  1.58201  0.653123  
1.58159  1.25032  0.690459  1.52055  
1.87964  0.936448  0.670077  1.27327  
1.78529  0.808947  1.66098  1.07827  
1.97418  1.11877  1.69708  1.02702  
1.8826  0.709109  1.28026  1.07138  
0.701941  1.5282  1.18357  1.16946  
1.76335  0.684797  0.829975  0.998771  
1.36071  1.18655  1.26818  1.10176  
0.868887  1.17854  1.16528  1.09307  
2.12958  1.07995  1.42637  0.791737  
1.38683  1.1117  0.828545  1.27675  
1.29212  1.15856  0.87943  1.58764  
1.26505  0.882523  1.57206  0.939157  
1.53164  1.21245  0.99241  1.22418  
1.57596  1.16199  0.582559  1.38683  
0.963245  1.33043  1.05808  1.01087  
1.55674  1.31018  0.647261  1.29527  
0.609112  1.36288  1.30121  0.998739  
1.74858  1.17429  1.78511  0.853983  
0.542687  1.29186  1.09912  1.09107  
1.80576  0.916267  1.36614  1.14411  
0.585947  1.21177  1.23592  0.667902  
1.01777  1.15586  1.77262  1.11113  
1.23995  0.992382  1.78449  0.947704  
0.914599  1.33858  1.29062  0.795871  
1.23071  1.24062  1.14672  1.195  
0.995603  1.18299  1.46332  1.12727  
1.00337  1.25805  1.19721  1.14173  
0.968579  1.2893  2.19759  1.30643  
0.82131  1.61431  0.786653  1.40388  
0.832246  1.2125  0.457082  1.62832  
1.05875  1.3294  0.550373  1.40306  
0.87772  0.978712  1.00189  0.876587  
2.03805  1.0999  1.99447  1.35118  
1.75697  0.974226  1.25246  0.929333  
1.24392  0.970236  0.927413  1.35729  
1.07683  1.08462  0.852137  1.17421  
2.26498  1.367  1.24333  0.863917  
1.51072  1.4027  1.10964  1.08143  
0.923391  1.15625  1.24383  1.4588  
0.670946  1.68463  1.74429  0.896564  
1.39549  0.829666  1.07224  1.04001  
1.50708  1.1951  0.801341  1.05688  
0.430846  1.34595  1.11934  0.918952  
0.451332  1.39432  1.16233  0.640214  
0.991562  1.2296  2.20764  1.39294  
1.24117  1.15373  1.92559  1.13071  
0.947582  0.929164  1.74749  1.28656  
0.494182  1.21408  1.82451  1.29854  
1.4011  1.21897  0.92655  1.17142  
1.10261  0.920036  1.21253  1.12952  
0.93282  1.60645  1.02965  1.15624  
1.96511  1.02219  2.04855  1.31074  
1.58783  1.3697  0.579108  1.37471  
1.14267  1.32594  0.806769  1.15572  
0.863939  1.12017  2.05389  0.707053  
1.07197  1.15978  1.64142  1.14282  
1.46552  0.553315  1.19908  0.873725  
1.55972  0.9227  0.684134  1.1213  
1.44172  0.784747  1.64755  1.56689  
1.83475  1.02711  0.996386  1.21039  
1.05174  0.903204  1.8897  1.13829  
0.935875  1.31057  1.32332  1.18652  
2.16103  0.867617  0.591893  1.3194  
1.24048  1.41372  0.655671  1.22745  
1.44604  0.84912  0.848612  1.5105  
0.822961  1.57956  1.25087  0.610813  
0.901105  1.44238  1.45481  0.619982  
1.10345  0.939378  1.13897  1.11291  
1.42855  1.13469  1.9906  1.10537  
1.55433  1.29617  1.92949  0.693401  
0.712531  1.09947  1.8986  1.14622  
0.973317  0.816526  0.689774  1.00374  
1.62721  1.13184  2.03334  1.1521  
0.948601  1.4093  1.3028  1.09138  
1.3714  1.05392  0.816111  1.08734  
1.90027  1.31202  1.7936  1.0933  
1.34665  1.30984  1.19013  1.28981  
1.2374  1.05738  1.51271  0.982952  
0.781311  1.32201  1.56022  0.986308  
1.17937  0.91665  1.62876  0.808353  
0.505802  1.5169  0.85461  1.76625  
0.885141  1.06274  0.634404  1.37994  
0.766907  1.29528  1.13496  1.29187  
0.843197  1.4107  2.39282  0.674864  
1.48346  0.71765  0.887501  1.32739  
0.808246  1.27814  0.992862  0.965699  
2.19106  1.33462  1.61861  1.15211  
0.922506  1.08747  1.42138  1.25401  
1.27921  0.651029  2.35086  1.23435  
1.17369  1.24232  1.94961  1.30014  
0.92876  0.994975  0.499628  1.76071  
1.06971  1.15896  1.48635  1.00472  
1.66275  0.964256  1.2063  0.857021  
1.46608  1.25237  1.14262  1.13544  
1.43215  1.20997  1.51261  1.11155  
1.34685  0.857498  0.93391  1.49965  
2.64839  1.36738  1.21557  1.18344  
1.21557  1.18344  2.64839  1.36738  
1.27809  0.892612  0.721801  0.834464  
0.869806  1.10406  1.48417  1.19858  
0.710904  0.834464  0.752672  0.873559  
0.752672  0.873559  0.869806  1.10406  
1.0528  0.472012  0.226626  1.12464  
1.48417  1.19858  0.717252  1.2779  
0.226626  1.12464  1.27809  0.892612  
0.717252  1.2779  1.0528  0.472012  
0.795287  1.04059  0.859626  1.12817  
1.14349  1.11808  0.795287  1.04059  
0.544968  1.75565  0.532774  1.4534  
0.859626  1.12817  1.32679  0.399042  
0.783438  0.7871  1.06718  0.640895  
1.17833  1.29219  1.14349  1.11808  
1.32679  0.399042  1.17833  1.29219  
1.06718  0.640895  0.573889  0.801128  
0.573889  0.801128  0.544014  1.68765  
0.532774  1.4534  0.783438  0.7871  
1.28423  0.389246  0.8796  0.639851  
0.448122  1.4534  0.849168  1.09993  
0.758993  0.771884  0.458862  1.78592  
0.52479  0.814678  0.758993  0.771884  
1.14334  1.10889  0.912976  0.499495  
0.8796  0.639851  1.14334  1.10889  
0.849168  1.09993  0.719738  0.951804  
0.719738  0.951804  1.28423  0.389246  
0.912976  0.499495  0.460735  1.4534  
0.458862  1.78592  0.52479  0.814678  
1.27519  0.188837  0.132786  1.30285  
0.132786  1.30285  1.19554  0.297845  
0.249604  1.02151  1.05215  0.65639  
1.19554  0.297845  0.249604  1.02151  
0.852095  0.354797  0.491771  0.751968  
0.491771  0.751968  0.852095  0.354797  
1.05215  0.65639  1.24988  1.1828  
0.982123  0.485252  0.982123  0.485252  
0.753653  1.17059  0.753653  1.17059  
1.24988  1.1828  1.27519  0.227109  
2.64839  1.36738  1.48417  1.19858  
1.21557  1.18344  1.27809  0.892612  
0.717252  1.2779  0.869806  1.10406  
1.48417  1.19858  0.226626  1.12464  
1.27809  0.892612  2.60255  1.36738  
0.226626  1.12464  0.717252  1.2779  
1.0528  0.472012  1.0528  0.472012  
0.869806  1.10406  1.21557  1.18344  
0.710904  0.834464  0.752672  0.873559  
0.752672  0.873559  0.710904  0.834464  
0.591912  0.231219  0.73648  0.444941  
0.667594  0.182975  0.00369317  0.940051  
0.710248  0.157252  0.374125  0.38865  
0.255616  0.494449  0.255616  0.494449  
0.934616  0.0335679  0.667594  0.182975  
0.460596  0.321702  0.0621346  0.750756  
0.00369317  0.940051  0.934616  0.0335679  
0.0621346  0.750756  0.460596  0.321702  
0.155194  0.606072  0.155194  0.606072  
0.374125  0.38865  0.591912  0.231219  
1.56558  1.13093  1.56558  1.13093  
0.863441  0.642334  0.863441  0.694595  
0.361513  0.936963  0.771118  0.518649  
0.0712697  1.35841  0.884599  0.395383  
0.771118  0.518649  0.809534  0.821444  
0.463116  1.48835  1.10278  0.549675  
0.884599  0.395383  0.0712697  1.35841  
0.809534  0.821444  0.947038  0.338982  
0.947038  0.338982  0.361513  0.936963  
1.10278  0.549675  0.463116  1.48835  
1.4123  0.356964  0.735711  0.634988  
0.939137  0.458123  1.4123  0.364262  
1.09162  0.689891  0.939137  0.458123  
0.735711  0.634988  1.39755  0.875396  
1.27987  1.17124  1.09162  0.689891  
0.23274  1.11033  1.05789  0.908602  
1.05789  0.908602  0.721855  0.739941  
0.721855  0.739941  1.12845  0.261985  
1.39755  0.875396  0.23274  1.11033  
1.12845  0.261985  1.27987  1.17124  
1.06608  0.316643  1.05833  0.362002  
0.754043  1.01788  1.4427  0.361853  
1.29209  0.456385  0.521108  1.23576  
0.521108  1.23576  1.57677  1.12293  
1.10894  0.679188  1.06608  0.316643  
0.742805  1.04723  0.742805  1.04723  
0.84309  1.1841  0.754043  1.01788  
1.47294  1.12293  1.10894  0.679188  
1.05833  0.362002  0.84309  1.1841  
1.4427  0.361853  1.29209  0.456385  
1.26341  0.708261  1.23507  1.32088  
0.792454  0.834346  1.26341  0.708261  
0.445413  1.43378  0.410521  0.962562  
0.826986  0.462721  0.792454  0.834346  
1.23943  1.04901  0.826986  0.479188  
1.42859  1.28049  1.60764  0.271283  
0.410521  0.962562  1.42859  1.28049  
0.761202  0.975802  0.761202  0.975802  
1.23507  1.32088  1.23943  1.04901  
1.60764  0.271283  0.445413  1.43378  
0.520086  0.824763  1.71496  0.206869  
0.274739  1.35411  0.592103  0.623726  
0.183159  0.772783  0.571148  0.451133  
1.10339  0.12458  0.17737  1.17007  
0.58417  0.634656  0.26904  0.619755  
0.541867  0.450009  0.894398  0.184053  
0.210409  1.07631  1.30339  0.509599  
0.128398  0.887562  0.0835394  0.841073  
0.717412  0.51215  0.0160397  1.28288  
0.294512  0.776681  0.158217  0.946666  
0.442853  0.542977  0.0160397  1.28288  
0.548117  1.02838  0.894398  0.184053  
0.520062  0.653146  1.30339  0.509599  
0.600899  0.528964  0.571148  0.451133  
1.01426  0.539655  0.158217  0.946666  
0.716056  0.621747  0.592103  0.623726  
1.23786  0.0929835  0.0835394  0.841073  
1.5535  0.770058  0.26904  0.619755  
1.01737  0.273675  0.17737  1.17007  
1.7035  0.651143  1.67789  0.206869  
1.49609  0.514067  1.5535  0.770058  
1.29818  0.280835  0.548117  1.02838  
0.420722  0.783534  0.520062  0.653146  
1.27142  0.205916  0.442853  0.542977  
0.201819  1.12089  1.28254  0.0929835  
0.952747  0.486343  0.600899  0.528964  
0.779139  0.330749  0.716056  0.621747  
0.307372  0.924383  1.01737  0.273675  
1.36842  0.47142  1.01426  0.539655  
0.378966  0.646316  1.7035  0.651143  
0.516879  0.774215  1.49609  0.514067  
0.0356939  1.05781  0.779139  0.330749  
0.854427  0.235536  0.307372  0.924383  
0.403709  0.728528  1.27142  0.205916  
0.627001  0.749251  1.29818  0.280835  
1.09649  0.588487  0.420722  0.783612  
1.33194  0.412751  1.36842  0.47142  
0.413689  0.616238  0.378966  0.646316  
1.06922  0.0641039  0.201819  1.12089  
0.527614  0.68088  0.952747  0.486343  
0.666341  0.183712  0.555502  0.728528  
0.2556  0.494435  1.09649  0.588487  
0.0621266  0.750751  0.0356939  1.05781  
0.000657009  0.977535  0.413689  0.616238  
0.366743  0.394417  0.516879  0.774215  
0.711705  0.156568  0.627001  0.749251  
0.15133  0.61104  1.33194  0.412751  
0.460413  0.321468  0.527614  0.68088  
0.934613  0.0332495  1.06922  0.0641039  
0.591557  0.230876  0.854427  0.235536  
1.40053  0.381631  0.000657009  0.977535  
0.814994  0.32215  0.15133  0.61104  
0.606412  0.686684  0.666341  0.183712  
1.14666  0.198616  0.591557  0.230876  
1.28996  0.457268  0.366743  0.394417  
0.41499  0.637926  0.0621266  0.750751  
0.0752769  1.08048  0.98002  0.0812901  
1.27081  0.413045  0.711705  0.156568  
1.00171  0.065842  0.460413  0.321468  
1.20748  0.621528  0.2556  0.494435  
1.71496  0.206869  0.814994  0.32215  
0.17737  1.17007  0.606412  0.686684  
0.0835394  0.841073  1.40053  0.381631  
0.894398  0.184053  1.27081  0.413045  
1.30339  0.489956  1.14666  0.198616  
0.642128  0.708634  1.20748  0.621528  
0.571148  0.451133  0.0752769  1.08048  
0.26904  0.619755  0.41499  0.637926  
0.0160397  1.28288  1.00171  0.065842  
0.158217  0.946666  1.32673  0.457268  
1.1895  0.392101  0.642128  0.708634  
0.848356  0.192345  0.0835394  0.841073  
1.00674  0.163754  1.30339  0.489956  
0.816801  0.427451  0.0160397  1.28288  
1.22025  0.360849  0.158217  0.946666  
0.16471  0.72326  0.26904  0.619755  
1.30267  0.304219  1.71496  0.206869  
0.762036  0.515491  0.571148  0.451133  
1.04438  0.238854  0.17737  1.04062  
1.20194  0.159835  0.894398  0.184053  
1.12823  0.143663  0.816801  0.427451  
0.901068  0.12503  0.762036  0.515491  
1.00945  0.469963  1.1895  0.392101  
1.09675  0.190456  1.30267  0.304219  
0.433402  0.521622  1.04438  0.238854  
0.481255  0.39164  1.22025  0.360849  
1.02669  0.356632  1.20194  0.159835  
0.112179  0.843104  1.00674  0.216047  
0.997336  0.179489  0.848356  0.192345  
0.336298  0.54109  0.16471  0.72326  
0.294512  0.776681  0.48184  0.39164  
0.274739  1.35411  1.12823  0.143663  
0.520086  0.824763  1.00945  0.469963  
1.10339  0.12458  1.09675  0.190456  
0.58417  0.634656  0.433402  0.521622  
0.210409  1.07631  0.901068  0.12503  
0.541867  0.450009  0.112179  0.843104  
0.128398  0.857486  0.997336  0.179489  
0.183159  0.772783  0.336298  0.54109  
0.717412  0.51215  1.02669  0.356632  
1.0331  0.0847414  0.00165611  0.959337  
0.982254  0.00914653  0.897101  0.0536665  
0.274305  0.58222  0.074476  0.727129  
0.55664  0.28794  0.556356  0.254134  
0.00165611  0.964549  0.982254  0.00916356  
0.325404  0.43471  0.187083  0.593956  
0.530436  0.28052  0.325404  0.429738  
0.640168  0.199967  0.640168  0.199967  
0.897101  0.0528636  0.518555  0.280425  
0.0744758  0.727127  0.838707  0.0842041  
0.838707  0.0842041  0.897101  0.0528636  
0.982254  0.00916356  0.766784  0.539978  
1.21625  0.375975  0.274305  0.58222  
0.325404  0.439547  0.640168  0.199967  
0.074476  0.727129  0.0744758  0.727127  
0.556356  0.254134  0.982254  0.00914653  
0.00165611  0.959337  1.0331  0.0847414  
0.897101  0.0528636  0.530436  0.28052  
0.640168  0.199967  0.00165611  0.964549  
0.186599  0.568054  0.55664  0.288062  
0.518645  0.28052  0.274305  0.58222  
0.325404  0.429738  0.55664  0.28794  
0.0744758  0.727127  0.518645  0.28052  
1.0331  0.0847414  0.0744758  0.727127  
0.55664  0.28794  0.325404  0.429738  
0.982254  0.00914653  1.01515  0.00914653  
0.00165611  0.964549  0.00165611  0.964549  
0.640168  0.199967  0.640168  0.199967  
0.897101  0.0528636  1.0331  0.0847414  
0.274305  0.58222  0.897101  0.0528636  
0.897101  0.0528636  0.838707  0.0842041  
0.325404  0.429738  0.518555  0.300954  
0.556356  0.254134  0.193562  0.568054  
0.186599  0.568054  0.325404  0.429738  
0.838707  0.0842041  0.00165611  0.959337  
0.518555  0.300954  0.897101  0.0528636  
0.074476  0.727129  0.074476  0.727129  
0.00165611  0.959337  0.556356  0.254134  
0.640168  0.199967  0.982254  0.00916356  
0.982254  0.00916356  0.640168  0.199967  
0.518555  0.280425  0.325404  0.429738  
0.00165611  0.959337  0.186599  0.568054  
0.186599  0.568054  0.518555  0.280425  
0.640168  0.199967  0.897101  0.0528636  
0.074476  0.727129  0.556356  0.254134  
0.838707  0.0842041  0.00165611  0.959337  
0.556356  0.254134  0.640168  0.200135  
0.325404  0.429738  0.986306  0.00916356  
0.897101  0.0528636  0.074476  0.727129  
0.986306  0.00916356  0.838707  0.0842041  
0.278366  0.58222  0.00165611  0.964549  
1.0331  0.0847414  0.556356  0.28794  
0.640168  0.199967  0.0744758  0.727127  
0.325404  0.429738  1.0331  0.0847414  
0.982254  0.00914653  0.325404  0.429738  
0.0744758  0.727127  0.529358  0.28052  
0.00165611  0.964549  0.278366  0.58222  
0.556356  0.28794  0.982254  0.00914653  
0.897101  0.0655744  0.640168  0.199967  
0.529358  0.28052  0.912321  0.0655744  
0.556356  0.254134  0.897101  0.0528636  
0.897101  0.0528636  0.074476  0.727129  
0.640168  0.199967  0.00165611  0.959337  
0.186599  0.568054  0.187083  0.593956  
0.00165611  0.959337  0.838707  0.0842041  
0.838707  0.0842041  0.556356  0.254134  
0.074476  0.727129  0.518555  0.280425  
0.325404  0.429738  0.325404  0.429738  
0.518555  0.280425  0.982254  0.00916356  
0.982254  0.00916356  0.640168  0.199967  
1.0331  0.0847414  0.325404  0.429738  
0.274305  0.58222  0.640168  0.199967  
0.00165611  0.964549  0.274305  0.58222  
0.518645  0.28052  0.982254  0.00914653  
0.982254  0.00914653  0.00165611  0.964549  
0.0744755  0.727127  0.55664  0.28794  
0.640168  0.199967  0.0744755  0.727127  
0.55664  0.28794  0.897101  0.0528636  
0.897101  0.0528636  1.0331  0.0847414  
0.325404  0.429738  0.532394  0.28052  
0.55664  0.28794  1.0331  0.0847414  
0.518645  0.28052  0.55664  0.28794  
0.0744758  0.727265  0.982254  0.00914653  
1.0331  0.0847414  0.518645  0.28052  
0.982254  0.00914653  0.897101  0.0528636  
0.897101  0.0528636  0.325404  0.429738  
0.325404  0.429738  0.274305  0.58222  
0.640168  0.199967  0.640168  0.199967  
0.00165611  0.964549  0.00165611  0.964549  
0.274305  0.58222  0.200702  0.727265  
0.274305  0.58222  0.897101  0.0528636  
0.640168  0.199967  1.0331  0.0847414  
0.530436  0.28052  0.530436  0.28052  
1.0331  0.0847414  0.55664  0.28794  
0.00165611  0.964549  0.640168  0.199967  
0.0744758  0.727127  0.0744758  0.727127  
0.325404  0.429738  0.00165611  0.964549  
0.55664  0.28794  0.766784  0.539978  
0.897101  0.0528636  0.982254  0.00914653  
0.982254  0.00914653  0.274305  0.58222  
0.557755  0.253175  0.642679  0.198443  
0.0550761  0.765322  0.000653861  0.976044  
0.243428  0.506637  0.0550761  0.765322  
0.143394  0.627544  0.982783  0.00886368  
0.642679  0.198443  0.243428  0.506637  
0.982783  0.00886368  0.342321  0.414921  
0.000653861  0.976044  0.837712  0.0847388  
0.837712  0.0847388  0.143394  0.627544  
0.468731  0.315406  0.468731  0.315406  
0.342321  0.414921  0.557755  0.253175  
0.557755  0.253175  0.143394  0.627544  
0.243428  0.506637  0.642679  0.19833  
0.982783  0.00886368  0.000653861  0.976044  
0.0550761  0.765322  0.982783  0.00886368  
0.342321  0.414921  0.342321  0.414921  
0.000653861  0.976044  0.0550761  0.765322  
0.642679  0.19833  1.13671  0.417748  
0.468731  0.315406  0.837712  0.0847388  
0.837712  0.0847388  0.468731  0.315406  
0.143394  0.627544  0.557755  0.253175  
0.557755  0.253175  0.0550761  0.767787  
0.243428  0.506637  0.642679  0.19833  
0.982783  0.00886368  0.557755  0.253175  
0.642679  0.19833  0.141833  0.623405  
0.837712  0.0847388  0.837712  0.0847388  
0.000653861  0.976044  0.342321  0.414921  
0.0550761  0.767787  0.000653861  0.976044  
0.342321  0.414921  0.469358  0.315406  
0.141833  0.623405  0.243428  0.515438  
0.469358  0.315406  0.982783  0.00886368  
0.557755  0.253175  0.837712  0.0847388  
0.642679  0.19833  0.141833  0.623405  
0.469358  0.315406  0.642679  0.19833  
0.0550761  0.765322  0.272542  0.511877  
0.342321  0.414921  0.557755  0.253175  
0.141833  0.623405  0.000653861  0.976044  
0.982783  0.00886368  0.0550761  0.765322  
0.837712  0.0847388  0.342321  0.414921  
0.243428  0.506637  0.469358  0.315406  
0.000653861  0.976044  0.982783  0.00886368  
0.557755  0.253175  0.642679  0.19833  
0.837712  0.0847388  0.243428  0.506637  
0.982783  0.00886368  0.000653861  0.976044  
0.342321  0.414921  0.982783  0.00886368  
0.141833  0.623405  0.557755  0.253175  
0.468731  0.315406  0.342321  0.414921  
0.642679  0.19833  0.468731  0.316489  
0.0550761  0.765322  0.0550761  0.765322  
0.243428  0.506637  0.141833  0.623405  
0.000653861  0.976044  0.837712  0.0847388  
0.557755  0.253175  0.982783  0.00886368  
0.468731  0.315406  0.468731  0.315406  
0.141833  0.623405  0.342321  0.414921  
0.000653861  0.976044  0.141833  0.623405  
0.342321  0.414921  0.0550761  0.765322  
0.243428  0.506637  0.557755  0.253175  
0.0550761  0.765322  0.243428  0.517212  
0.837712  0.0847388  0.642679  0.19833  
0.982783  0.00886368  0.000653861  0.976044  
0.642679  0.19833  0.837712  0.0847388  
0.000653861  0.976044  0.243428  0.506672  
0.468731  0.315406  0.837712  0.0847388  
0.982783  0.00886368  0.468731  0.315406  
0.243428  0.506637  0.0550761  0.765322  
0.141833  0.623405  0.982783  0.00886368  
0.0550761  0.765322  0.342321  0.414921  
0.342321  0.414921  0.557755  0.253175  
0.837712  0.0847388  0.642679  0.19833  
0.642679  0.19833  0.141833  0.623405  
0.557755  0.253175  0.000653861  0.981019  
0.141833  0.623405  0.468731  0.315406  
0.000653861  0.976044  0.557755  0.253175  
0.982783  0.00886368  0.243428  0.50678  
0.642679  0.19833  0.837712  0.0847388  
0.557755  0.253175  0.642679  0.198467  
0.0550761  0.765322  0.342321  0.414921  
0.243428  0.506637  0.000653861  0.976044  
0.837712  0.0847388  0.141833  0.623405  
0.468731  0.315406  0.0550761  0.765322  
0.342321  0.414921  0.982783  0.00886368  
0.557755  0.253175  0.557755  0.253175  
0.642679  0.198332  0.342321  0.414921  
0.468731  0.315406  0.243428  0.506672  
0.982783  0.00886368  0.837712  0.0847388  
0.342321  0.414921  0.468731  0.315406  
0.141833  0.623405  0.0550761  0.765322  
0.243428  0.50678  0.141833  0.623405  
0.837712  0.0847388  0.000653861  0.976044  
0.000653861  0.976044  0.642679  0.19833  
0.0550761  0.765322  0.982783  0.00886368  
0.557755  0.253175  0.342321  0.414921  
0.141833  0.623405  0.141833  0.623405  
0.0550761  0.765322  0.837712  0.15655  
0.469358  0.315406  0.469358  0.315406  
0.982783  0.00886368  0.0550761  0.765322  
0.000653861  0.976044  0.000653861  0.976044  
0.642679  0.19833  0.557755  0.253175  
0.837712  0.0847388  0.243428  0.506637  
0.243428  0.506637  0.642679  0.19833  
0.342321  0.414921  0.982783  0.00886368  
0.83771  0.0847358  0.557385  0.253422  
0.233925  0.516356  0.133748  0.634286  
0.133748  0.634286  0.465495  0.37446  
0.465495  0.317731  0.343231  0.414141  
0.0477261  0.781539  0.643835  0.19761  
0.643835  0.19761  0.0477261  0.781539  
0.557385  0.253422  0.233925  0.516356  
0.343231  0.414141  0.983986  0.00824255  
0.983986  0.00824255  0.83771  0.0847358  
0.000303102  0.986292  0.000303102  0.986292  
0.983986  0.00824255  0.83771  0.0847358  
0.133748  0.634286  0.343231  0.414141  
0.643835  0.19761  0.465495  0.317731  
0.0477261  0.781539  0.000303102  0.986292  
0.557385  0.253422  0.643835  0.19761  
0.465495  0.317731  0.983986  0.00824255  
0.343231  0.414141  0.0477261  0.781539  
0.233925  0.516356  0.133748  0.634286  
0.000303102  0.986292  0.563307  0.253676  
0.83771  0.0847358  0.233925  0.516356  
0.343231  0.414141  0.343231  0.414141  
0.83771  0.0847358  0.233925  0.538543  
0.557385  0.253422  0.465495  0.317731  
0.233925  0.516356  0.0477261  0.781539  
0.983986  0.00824255  0.83771  0.0847358  
0.0477261  0.781539  0.983986  0.00824255  
0.000303102  0.986292  0.643835  0.19761  
0.465495  0.317731  0.000303102  0.986292  
0.133748  0.634286  0.133748  0.634286  
0.643835  0.19761  0.557385  0.253422  
0.0477261  0.781539  0.643835  0.19761  
0.133748  0.634286  0.83771  0.0847358  
0.343231  0.414141  0.133748  0.634286  
0.983986  0.00824255  0.557385  0.253422  
0.233925  0.516356  0.983986  0.00824255  
0.557385  0.253422  0.233925  0.516356  
0.000303102  0.986292  0.000349666  0.986292  
0.643835  0.19761  0.465495  0.317731  
0.465495  0.317731  0.343231  0.414141  
0.83771  0.0847358  0.0477261  0.781539  
0.343231  0.414141  0.000303102  0.986292  
0.83771  0.0847358  0.0477261  0.781539  
0.133748  0.634286  0.233925  0.516356  
0.557385  0.253422  0.133748  0.634286  
0.0477261  0.781539  0.465495  0.317731  
0.465495  0.317731  0.983986  0.00824255  
0.643835  0.19761  0.643835  0.198973  
0.983986  0.00824255  0.557385  0.253422  
0.233925  0.516356  0.83771  0.0847358  
0.000303102  0.986292  0.343231  0.414141  
0.557385  0.253422  0.465495  0.317731  
0.133748  0.634286  0.0477261  0.781539  
0.0477261  0.781539  0.233925  0.516356  
0.233925  0.516356  0.133748  0.634286  
0.000303102  0.986292  0.643835  0.19761  
0.465495  0.317731  0.557385  0.253422  
0.343231  0.414141  0.83771  0.0847358  
0.83771  0.0847358  0.343231  0.414141  
0.643835  0.19761  0.983986  0.00824255  
0.983986  0.00824255  0.000303102  0.986292  
0.233925  0.516356  0.145852  0.634286  
0.643835  0.19761  0.83771  0.0847358  
0.0477261  0.781539  0.983986  0.00824255  
0.465495  0.317731  0.465495  0.317731  
0.557385  0.253422  0.233925  0.516356  
0.000303102  0.986292  0.557385  0.253422  
0.83771  0.0847358  0.343231  0.414141  
0.343231  0.414141  0.0477261  0.781539  
0.983986  0.00824255  0.000303102  0.986292  
0.133748  0.634286  0.643835  0.19761  
0.133748  0.634286  0.83771  0.0847358  
0.343231  0.414141  0.343231  0.414141  
0.557385  0.253422  0.0477261  0.781539  
0.643835  0.19761  0.133748  0.634286  
0.83771  0.0847358  0.465495  0.325938  
0.983986  0.00824255  0.643835  0.19761  
0.233925  0.516356  0.000303102  0.986292  
0.0477261  0.781539  0.233925  0.516356  
0.000303102  0.986292  0.983986  0.00824255  
0.465495  0.317731  0.557385  0.253422  
0.557385  0.253422  0.983986  0.00824255  
0.233925  0.516356  0.23584  0.516356  
0.83771  0.0847358  0.0477261  0.781539  
0.0477261  0.781539  0.643835  0.19761  
0.465495  0.317731  0.465495  0.317731  
0.000303102  0.986292  0.343231  0.414141  
0.643835  0.19761  0.000303102  0.986292  
0.133748  0.634286  0.83771  0.0847358  
0.983986  0.00824255  0.557385  0.253422  
0.343231  0.414141  0.133748  0.634286  
0.83771  0.0847358  0.465495  0.317731  
0.233925  0.516356  0.233925  0.516356  
0.465495  0.317731  0.0477261  0.781539  
0.983986  0.00824255  0.557385  0.253422  
0.557385  0.253422  0.343231  0.414141  
0.133748  0.634286  0.133748  0.634286  
0.643835  0.19761  0.000303102  0.993807  
0.343231  0.414141  0.983986  0.00824255  
0.000303102  0.986292  0.83771  0.0847358  
0.0477261  0.781539  0.643835  0.19761  
0.557189  0.253549  0.000321497  0.986291  
0.343231  0.414141  0.983984  0.00823928  
0.0477419  0.781501  0.837709  0.0847357  
0.643831  0.19761  0.557189  0.253549  
0.000321497  0.986291  0.643831  0.19761  
0.837709  0.0847357  0.482751  0.318152  
0.465493  0.31773  0.343231  0.414141  
0.132841  0.635527  0.233525  0.516756  
0.233525  0.516756  0.132841  0.635527  
0.983984  0.00823928  0.0477419  0.781501  
0.343231  0.414141  0.557189  0.253549  
0.983984  0.00823928  0.837709  0.0847357  
0.557189  0.253549  0.689833  0.198101  
0.465493  0.31773  0.983984  0.00823928  
0.233525  0.516756  0.000321497  0.986291  
0.0477419  0.781501  0.0477419  0.781501  
0.132841  0.635527  0.465493  0.31773  
0.643831  0.19761  0.233525  0.516756  
0.837709  0.0847357  0.343231  0.414141  
0.000321497  0.986291  0.132841  0.635527  
0.0477419  0.781501  0.983984  0.00823928  
0.000321497  0.986291  0.465493  0.31773  
0.465493  0.31773  0.132841  0.635527  
0.837709  0.0847357  0.643831  0.19761  
0.233525  0.516756  0.0477419  0.781501  
0.343231  0.414141  0.837709  0.0847357  
0.557189  0.253549  0.343231  0.414141  
0.983984  0.00823928  0.293545  0.516756  
0.643831  0.19761  0.000321497  0.986291  
0.132841  0.635527  0.557189  0.253549  
0.643831  0.19761  0.983984  0.00823928  
0.465493  0.31773  0.132841  0.635527  
0.557189  0.253549  0.0477419  0.781501  
0.983984  0.00823928  0.629259  0.253549  
0.837709  0.0847357  0.343231  0.414141  
0.132841  0.635527  0.837709  0.0847357  
0.343231  0.414141  0.465493  0.31773  
0.0477419  0.781501  0.643831  0.19761  
0.000321497  0.986291  0.000321497  0.986291  
0.233525  0.516756  0.233525  0.516756  
0.000321497  0.986291  0.646581  0.19761  
0.465493  0.31773  0.557189  0.253549  
0.557189  0.253549  0.983984  0.00823928  
0.343231  0.414141  0.132841  0.635527  
0.983984  0.00823928  0.465493  0.31773  
0.233525  0.516756  0.343231  0.414141  
0.837709  0.0847357  0.837709  0.0847357  
0.643831  0.19761  0.233525  0.516756  
0.0477419  0.781501  0.000321497  0.986291  
0.132841  0.635527  0.0477419  0.781501  
0.233525  0.516756  0.0477419  0.781501  
0.000321497  0.986291  0.465493  0.31773  
0.0477419  0.781501  0.343231  0.414141  
0.465493  0.31773  0.983984  0.00823928  
0.343231  0.414141  0.132841  0.635527  
0.983984  0.00823928  0.557189  0.253549  
0.557189  0.253549  0.000321497  0.986992  
0.132841  0.635527  0.837709  0.0847357  
0.643831  0.19761  0.643831  0.19761  
0.837709  0.0847357  0.233525  0.516756  
0.000321497  0.986291  0.643831  0.19761  
0.837709  0.0847357  0.983984  0.00823928  
0.643831  0.19761  0.557189  0.253549  
0.557189  0.253549  0.837709  0.0847357  
0.465493  0.31773  0.465493  0.31773  
0.983984  0.00823928  0.0477419  0.781501  
0.132841  0.635527  0.343231  0.418425  
0.343231  0.414141  0.233525  0.516756  
0.0477419  0.781501  0.132841  0.635527  
0.233525  0.516756  0.000321497  0.986291  
0.0477419  0.781501  0.000321497  0.986291  
0.233525  0.516756  0.465493  0.31773  
0.000321497  0.986291  0.0477419  0.781501  
0.465493  0.31773  0.643831  0.19761  
0.557189  0.253549  0.837709  0.0847357  
0.343231  0.414141  0.233525  0.516756  
0.132841  0.635527  0.343231  0.414141  
0.983984  0.00823928  0.986436  0.00823928  
0.837709  0.0847357  0.557189  0.253549  
0.643831  0.19761  0.132841  0.635527  
0.557189  0.253549  0.233525  0.516756  
0.465493  0.31773  0.000321497  0.986291  
0.643831  0.19761  0.643831  0.19761  
0.000321497  0.986291  0.837709  0.0847357  
0.233525  0.516756  0.132841  0.635527  
0.0477419  0.781501  0.983984  0.00823928  
0.837709  0.0847357  0.0477419  0.781501  
0.343231  0.414141  0.465493  0.31773  
0.983984  0.00823928  0.343231  0.414141  
0.132841  0.635527  0.557189  0.253549  
0.837709  0.0847357  0.557189  0.253549  
0.465493  0.31773  0.132841  0.635527  
0.643831  0.19761  0.343231  0.414141  
0.983984  0.00823928  0.235691  0.516756  
0.557189  0.253549  0.000321497  0.986291  
0.233525  0.516756  0.465493  0.31773  
0.0477419  0.781501  0.0477419  0.781501  
0.000321497  0.986291  0.983984  0.00823928  
0.132841  0.635527  0.837709  0.0847357  
0.343231  0.414141  0.643831  0.19761  
0.465493  0.31773  0.325018  0.465511  
0.00033038  0.986291  0.132841  0.635527  
0.0477419  0.781501  0.557189  0.253549  
0.343231  0.414141  0.643831  0.197609  
0.132841  0.635527  0.00033038  0.986291  
0.643831  0.197609  0.465493  0.31773  
0.233525  0.516756  0.233525  0.516756  
0.837709  0.0847357  0.837709  0.0847357  
0.557189  0.253549  0.0477419  0.781501  
0.983984  0.00819139  0.983984  0.00819139  
0.465493  0.31773  0.0477419  0.781501  
0.132841  0.635527  0.643831  0.197609  
0.00033038  0.986291  0.343231  0.491033  
0.233525  0.516756  0.233525  0.516756  
0.837709  0.0847357  0.837709  0.0847357  
0.557189  0.253549  0.557189  0.253549  
0.983984  0.00823593  0.132841  0.635527  
0.0477419  0.781501  0.465493  0.31773  
0.343231  0.414141  0.00033038  0.986291  
0.643831  0.197609  0.983984  0.00819139  
0.643831  0.197609  0.643831  0.197609  
0.983984  0.00819139  0.132841  0.635527  
0.132841  0.635527  0.485467  0.31773  
0.837709  0.0847357  0.0477419  0.781501  
0.233525  0.516756  0.343231  0.414141  
0.343231  0.414141  0.233525  0.516756  
0.00033038  0.986291  0.983984  0.00823593  
0.557189  0.253549  0.837709  0.0847357  
0.465493  0.31773  0.00033038  0.986291  
0.0477419  0.781501  0.557189  0.253549  
0.00033038  0.986291  0.465493  0.31773  
0.643831  0.197609  0.343231  0.414141  
0.233525  0.516756  0.132841  0.635527  
0.983984  0.00819139  0.837709  0.0847357  
0.557189  0.253549  0.0477419  0.781501  
0.343231  0.414141  0.983984  0.00819139  
0.132841  0.635527  0.000679073  0.986347  
0.465493  0.31773  0.643831  0.197609  
0.837709  0.0847357  0.557189  0.253549  
0.0477419  0.781501  0.233525  0.516756  
0.557189  0.253549  0.343231  0.414141  
0.233525  0.516756  0.0477419  0.781501  
0.465493  0.31773  0.643831  0.197609  
0.132841  0.635527  0.557189  0.267846  
0.0477419  0.781501  0.132841  0.635527  
0.643831  0.197609  0.465493  0.31773  
0.343231  0.414141  0.233525  0.516756  
0.837709  0.0847357  0.983984  0.00819139  
0.983984  0.00819139  0.837709  0.0847357  
0.00033038  0.986291  0.00033038  0.986291  
0.983984  0.00819139  0.132841  0.635527  
0.837709  0.0847357  0.983984  0.00819139  
0.233525  0.516756  0.233525  0.516756  
0.557189  0.253549  0.465493  0.31773  
0.00033038  0.986291  0.343231  0.414141  
0.643831  0.197609  0.837709  0.0847357  
0.132841  0.635527  0.0477419  0.781501  
0.465493  0.31773  0.557189  0.253549  
0.343231  0.414141  0.00033038  0.986291  
0.0477419  0.781501  0.643831  0.197609  
0.837709  0.0847357  0.0477419  0.781501  
0.343231  0.414141  0.465493  0.31773  
0.557189  0.253549  0.233525  0.516756  
0.132841  0.635527  0.643831  0.197609  
0.643831  0.197609  0.837709  0.0847357  
0.983984  0.00819139  0.00033038  0.992347  
0.233525  0.516756  0.983984  0.00819139  
0.0477419  0.781501  0.343231  0.414141  
0.465493  0.31773  0.132841  0.635527  
0.00033038  0.986291  0.557189  0.253549  
0.0477419  0.781501  0.00033038  0.986291  
0.132841  0.635527  0.0477419  0.781501  
0.343231  0.414141  0.983984  0.00819139  
0.233525  0.516756  0.465493  0.31773  
0.00033038  0.986291  0.837709  0.0847357  
0.837709  0.0847357  0.132841  0.635527  
0.557189  0.253549  0.643831  0.197609  
0.983984  0.00819139  0.233525  0.547114  
0.465493  0.31773  0.343231  0.414141  
0.643831  0.197609  0.557189  0.253549  
0.233525  0.516756  0.643831  0.197609  
0.557189  0.253549  0.465493  0.31773  
0.643831  0.197609  0.837709  0.0847357  
0.465493  0.31773  0.233525  0.516756  
0.837709  0.0847357  0.557189  0.253549  
0.983984  0.00819139  0.132841  0.635527  
0.343231  0.414141  0.983984  0.00819139  
0.00033038  0.986291  0.00033038  0.986291  
0.0477419  0.781501  0.0623738  0.781501  
0.132841  0.635527  0.343231  0.414141  
0.00033038  0.986291  0.983984  0.00819139  
0.643831  0.197609  0.132841  0.635527  
0.343231  0.414141  0.233525  0.516756  
0.837709  0.0847357  0.343231  0.414141  
0.557189  0.253549  0.557189  0.253549  
0.233525  0.516756  0.472711  0.31773  
0.465493  0.31773  0.00033038  0.986291  
0.0477419  0.781501  0.0477419  0.781501  
0.132841  0.635527  0.643831  0.197609  
0.983984  0.00819139  0.837709  0.0847357  
0.465493  0.31773  0.233525  0.516756  
0.132841  0.635527  0.837709  0.0847357  
0.837709  0.0847357  0.132841  0.635527  
0.0477418  0.781501  0.643831  0.197609  
0.343231  0.414141  0.465493  0.322812  
0.983984  0.00819785  0.557189  0.253549  
0.233525  0.516756  0.983984  0.00819785  
0.000324379  0.986291  0.343231  0.414141  
0.557189  0.253549  0.000324379  0.986291  
0.643831  0.197609  0.0477418  0.781501  
0.343231  0.414141  0.465493  0.31773  
0.837709  0.0847357  0.557189  0.253549  
0.983984  0.00819785  0.132841  0.635527  
0.0477418  0.781501  0.0477418  0.781501  
0.233525  0.516756  0.000324379  0.986291  
0.465493  0.31773  0.846843  0.0847357  
0.132841  0.635527  0.343231  0.414141  
0.557189  0.253549  0.233525  0.516756  
0.643831  0.197609  0.643831  0.197609  
0.000324379  0.986291  0.983984  0.00819785  
0.233525  0.516756  0.132841  0.635527  
0.343231  0.414141  0.983984  0.00819785  
0.000324379  0.986291  0.233525  0.516756  
0.465493  0.31773  0.000324379  0.986291  
0.557189  0.253549  0.0477418  0.781501  
0.837709  0.0847357  0.557189  0.253549  
0.0477418  0.781501  0.643831  0.197609  
0.132841  0.635527  0.837709  0.0847357  
0.983984  0.0081913  0.343231  0.414141  
0.643831  0.197609  0.473161  0.323172  
0.465493  0.31773  0.983984  0.0081913  
0.343231  0.414141  0.643831  0.197609  
0.132841  0.635527  0.837709  0.0847357  
0.643831  0.197609  0.233525  0.516756  
0.983984  0.00819785  1.27163  0.689289  
0.837709  0.0847357  0.465493  0.31773  
0.557189  0.253549  0.343231  0.414141  
0.00032801  0.986291  0.0477418  0.781501  
0.0477418  0.781501  0.132841  0.635527  
0.233525  0.516756  0.000324379  0.986291  
0.343231  0.414141  0.366827  0.414141  
0.132841  0.635527  0.557189  0.253549  
0.465493  0.31773  0.0477418  0.781501  
0.233525  0.516756  0.233525  0.516756  
0.000324379  0.986291  0.000324379  0.986291  
0.557189  0.253549  0.643831  0.197609  
0.643831  0.197609  0.837709  0.0847357  
0.983984  0.0081913  0.983984  0.0081913  
0.837709  0.0847357  0.132841  0.635527  
0.0477418  0.781501  0.465493  0.31773  
0.557189  0.253549  0.132841  0.635527  
0.233525  0.516756  0.983984  0.0081913  
0.132841  0.635527  0.465493  0.31773  
0.643831  0.197609  0.0477418  0.786906  
0.837709  0.0847357  0.233525  0.516756  
0.343231  0.414141  0.837709  0.0847357  
0.0477418  0.781501  0.557189  0.253549  
0.465493  0.31773  0.643831  0.197609  
0.000324379  0.986291  0.000324379  0.986291  
0.983984  0.0081913  0.343231  0.414141  
0.0477418  0.781501  0.837709  0.0847357  
0.643831  0.197609  0.0477418  0.781501  
0.000324379  0.986291  0.233525  0.516756  
0.233525  0.516756  0.557189  0.253549  
0.132841  0.635527  0.132841  0.635527  
0.343231  0.414141  0.983984  0.00819785  
0.837709  0.0847357  0.465493  0.322387  
0.465493  0.31773  0.343231  0.414141  
0.983984  0.0081913  0.000324379  0.986291  
0.557189  0.253549  0.643831  0.197609  
0.0477418  0.781501  0.000324379  0.986291  
0.983984  0.00819785  0.557189  0.253549  
0.000324379  0.986291  0.132841  0.635527  
0.465493  0.31773  0.343231  0.414141  
0.643831  0.197609  0.643831  0.197609  
0.837709  0.0847357  0.233525  0.516756  
0.132841  0.635527  0.983984  0.0081913  
0.233525  0.516756  0.0477418  0.781501  
0.557189  0.253549  0.837709  0.0847357  
0.343231  0.414141  0.476327  0.410642  
0.643831  0.197609  0.465493  0.31773  
0.465493  0.31773  0.557189  0.253549  
0.233525  0.516756  0.132841  0.635527  
0.0477418  0.781501  0.000324379  0.986291  
0.000324379  0.986291  0.233525  0.516756  
0.557189  0.253549  0.0477418  0.781501  
0.343231  0.414141  0.984624  0.0081913  
0.983984  0.0081913  0.343231  0.414141  
0.837709  0.0847357  0.837709  0.0847357  
0.132841  0.635527  0.643831  0.197609  
0.643831  0.197609  0.343231  0.414141  
0.0477418  0.781501  0.00032801  0.986291  
0.983984  0.00819785  0.465493  0.31773  
0.557189  0.253549  0.132841  0.635527  
0.837709  0.0847357  0.643831  0.197609  
0.233525  0.516756  0.132322  0.781501  
0.132841  0.635527  0.837709  0.0847357  
0.343231  0.414141  0.557189  0.253549  
0.000324379  0.986291  0.233525  0.516756  
0.465493  0.31773  0.983984  0.00819785  
0.0477418  0.781501  0.0477418  0.781501  
0.132841  0.635527  0.465493  0.31773  
0.837709  0.0847357  0.343231  0.414141  
0.643831  0.197609  0.557189  0.253549  
0.000326048  0.986291  0.233525  0.516756  
0.557189  0.253549  0.983984  0.00817892  
0.465493  0.31773  0.132841  0.635527  
0.343231  0.414141  0.643831  0.197609  
0.983984  0.00817892  0.837709  0.0847357  
0.233525  0.516756  0.000326048  0.988256  
0.343231  0.414141  0.983984  0.00817522  
0.465493  0.31773  0.557189  0.253549  
0.983984  0.00817892  0.000326048  0.986291  
0.233525  0.516756  0.875073  0.0847357  
0.132841  0.635527  0.0477418  0.781501  
0.837709  0.0847357  0.643831  0.197609  
0.000326048  0.986291  0.132841  0.635527  
0.557189  0.253549  0.233525  0.516756  
0.0477418  0.781501  0.465493  0.31773  
0.643831  0.197609  0.343231  0.414141  
0.233525  0.516756  0.557189  0.253549  
0.643831  0.197609  0.643831  0.197609  
0.837709  0.0847357  0.000326048  0.986291  
0.000326048  0.986291  0.465493  0.31773  
0.557189  0.253549  0.837709  0.0847357  
0.343231  0.414141  0.233525  0.516756  
0.465493  0.31773  0.983984  0.00817892  
0.983984  0.00817522  0.343231  0.41685  
0.132841  0.635527  0.0477418  0.781501  
0.0477418  0.781501  0.132841  0.635527  
0.0477418  0.781501  0.343231  0.414141  
0.557189  0.253549  0.837709  0.0847357  
0.000326048  0.986291  0.643831  0.197609  
0.837709  0.0847357  0.132841  0.635527  
0.132841  0.635527  0.557189  0.253549  
0.233525  0.516756  0.465493  0.31773  
0.465493  0.31773  0.983984  0.00817522  
0.643831  0.197609  0.0477418  0.781501  
0.983984  0.00817522  0.233525  0.518244  
0.343231  0.414141  0.000326048  0.986291  
0.983984  0.00817522  0.643831  0.197609  
0.837709  0.0847357  0.837709  0.0847357  
0.000326048  0.986291  0.132841  0.635527  
0.643831  0.197609  0.983984  0.00817522  
0.233525  0.516756  0.233525  0.516756  
0.557189  0.253549  0.343231  0.414141  
0.465493  0.31773  0.000326048  0.994199  
0.0477418  0.781501  0.0477418  0.781501  
0.343231  0.414141  0.465493  0.31773  
0.132841  0.635527  0.557189  0.253549  
0.343231  0.414141  0.132841  0.635527  
0.0477418  0.781501  0.0477418  0.781501  
0.557189  0.253549  0.643831  0.201329  
0.000326048  0.986291  0.837709  0.0847357  
0.837709  0.0847357  0.465493  0.31773  
0.643831  0.197609  0.000326048  0.986291  
0.233525  0.516756  0.233525  0.516756  
0.983984  0.00817522  0.557189  0.253549  
0.132841  0.635527  0.343231  0.414141  
0.465493  0.31773  0.983984  0.00817522  
0.837709  0.0847357  0.983984  0.00817522  
0.343231  0.414141  0.557189  0.253549  
0.643831  0.197609  0.343231  0.414141  
0.557189  0.253549  0.837709  0.0847357  
0.132841  0.635527  0.643831  0.197609  
0.233525  0.516756  0.256207  0.524561  
0.465493  0.31773  0.000326048  0.986291  
0.983984  0.00817522  0.132841  0.635527  
0.0477418  0.781501  0.465493  0.31773  
0.000326048  0.986291  0.0477418  0.781501  
0.837709  0.0847357  0.643831  0.197609  
0.983984  0.00817892  0.233525  0.516756  
0.643831  0.197609  0.837709  0.0847357  
0.557189  0.253549  0.557189  0.253549  
0.132841  0.635527  0.465493  0.31773  
0.233525  0.516756  0.000326048  0.986291  
0.465493  0.31773  0.343231  0.414141  
0.0477418  0.781501  0.132841  0.635527  
0.000326048  0.986291  0.0477418  0.781501  
0.343231  0.414141  0.983984  0.0182172  
0.343231  0.414141  0.465493  0.31773  
0.465493  0.31773  0.233525  0.516756  
0.983984  0.00817892  0.343231  0.414141  
0.557189  0.253549  0.643831  0.197609  
0.233525  0.516756  0.132841  0.635527  
0.132841  0.635527  0.557189  0.253549  
0.000326048  0.986291  0.983984  0.00817892  
0.837709  0.0847357  0.0477418  0.794762  
0.643831  0.197609  0.000326048  0.986291  
0.0477418  0.781501  0.837709  0.0847357  
0.000326048  0.986291  0.837709  0.0847357  
0.643831  0.197609  0.343231  0.414141  
0.837709  0.0847357  0.0477418  0.781501  
0.343231  0.414141  0.557189  0.261392  
0.983984  0.00817892  0.132841  0.635527  
0.465493  0.31773  0.233525  0.516756  
0.233525  0.516756  0.000326048  0.986291  
0.132841  0.635527  0.465493  0.31773  
0.557189  0.253549  0.643831  0.197609  
0.0477418  0.781501  0.983984  0.00817892  
0.132841  0.635527  0.643831  0.197609  
0.343231  0.414141  0.983984  0.00817076  
0.983984  0.00817076  0.00031844  0.986291  
0.233525  0.516756  0.465493  0.31773  
0.557189  0.253549  0.557189  0.253717  
0.465493  0.31773  0.132841  0.635527  
0.643831  0.197609  0.233525  0.516756  
0.0477418  0.781501  0.343231  0.414141  
0.00031844  0.986291  0.0477418  0.781501  
0.837709  0.0847357  0.837709  0.0847357  
0.643831  0.197609  0.837709  0.0847357  
0.557189  0.253549  0.233525  0.516756  
0.343231  0.414141  0.557189  0.253549  
0.983984  0.00817076  0.465493  0.31773  
0.0477418  0.781501  0.132841  0.635527  
0.00031844  0.986291  0.682202  0.197986  
0.837709  0.0847357  0.0477418  0.781501  
0.132841  0.635527  0.983984  0.00817076  
0.465493  0.31773  0.00031844  0.986291  
0.233525  0.516756  0.343231  0.414141  
0.983984  0.00817076  0.465493  0.31773  
0.465493  0.31773  0.132841  0.635527  
0.00031844  0.986291  0.00031844  0.986291  
0.557189  0.253549  0.643831  0.401938  
0.343231  0.414141  0.0477418  0.781501  
0.132841  0.635527  0.233525  0.516756  
0.0477418  0.781501  0.983984  0.00817076  
0.643831  0.197609  0.837709  0.0847357  
0.837709  0.0847357  0.343231  0.414141  
0.233525  0.516756  0.557189  0.253549  
0.557189  0.253549  0.233525  0.516756  
0.00031844  0.986291  0.132841  0.635527  
0.643831  0.197609  0.557189  0.253549  
0.983984  0.00817076  0.643831  0.197609  
0.132841  0.635527  0.837709  0.0847357  
0.233525  0.516756  0.0477418  0.781501  
0.343231  0.414141  0.00031844  0.998046  
0.837709  0.0847357  0.465493  0.31773  
0.0477418  0.781501  0.983984  0.00817076  
0.465493  0.31773  0.343231  0.414141  
0.643831  0.197609  0.465493  0.31773  
0.0477418  0.781501  0.233525  0.516756  
0.557189  0.253549  0.0477418  0.781501  
0.00031844  0.986291  0.983984  0.00817076  
0.132841  0.635527  0.343231  0.414141  
0.837709  0.0847357  0.00031844  0.986291  
0.343231  0.414141  0.557189  0.343405  
0.983984  0.00817076  0.643831  0.197609  
0.233525  0.516756  0.837709  0.0847357  
0.465493  0.31773  0.132841  0.635527  
0.00031844  0.986291  0.837709  0.0847357  
0.837709  0.0847357  0.233525  0.516756  
0.132841  0.635527  0.00031844  0.986291  
0.643831  0.197609  0.557189  0.253549  
0.233525  0.516756  0.465493  0.31773  
0.465493  0.31773  0.983984  0.00817076  
0.557189  0.253549  0.343231  0.414141  
0.0477418  0.781501  0.643831  0.197609  
0.343231  0.414141  0.0477418  0.781501  
0.983984  0.00817076  0.132841  0.680139  
0.465493  0.31773  0.557189  0.253549  
0.233525  0.516756  0.983984  0.00817076  
0.343231  0.414141  0.465493  0.31773  
0.983984  0.00817076  0.132841  0.635527  
0.837709  0.0847357  0.233525  0.516756  
0.557189  0.253549  0.88433  0.104566  
0.00031844  0.986291  0.643831  0.197609  
0.0477418  0.781501  0.343231  0.414141  
0.643831  0.197609  0.00031844  0.986291  
0.132841  0.635527  0.0477418  0.781501  
0.132841  0.635527  0.242705  0.516756  
0.00031844  0.986291  0.132841  0.635527  
0.557189  0.253549  0.0477418  0.781501  
0.233525  0.516756  0.837709  0.0847357  
0.465493  0.31773  0.643831  0.197609  
0.0477418  0.781501  0.983984  0.00817076  
0.837709  0.0847357  0.557189  0.253549  
0.983984  0.00817076  0.343231  0.414141  
0.643831  0.197609  0.465493  0.31773  
0.343231  0.414141  0.00031844  0.986291  
0.983984  0.00817076  0.557189  0.253549  
0.233525  0.516756  0.983984  0.00817076  
0.343231  0.414141  0.465493  0.31773  
0.465493  0.31773  0.0477418  0.781501  
0.0477418  0.781501  0.132841  0.635527  
0.132841  0.635527  0.343231  0.414141  
0.837709  0.0847357  0.643831  0.197609  
0.643831  0.197609  0.837709  0.0847357  
0.00031844  0.986291  0.233858  0.525598  
0.557189  0.253549  0.00031844  0.986291  
0.233525  0.516756  0.00031844  0.986291  
0.00031844  0.986291  0.983984  0.0108342  
0.465493  0.31773  0.643831  0.197609  
0.343231  0.414141  0.557189  0.253549  
0.0477418  0.781501  0.132841  0.635527  
0.837709  0.0847357  0.837709  0.0847357  
0.557189  0.253549  0.465493  0.31773  
0.643831  0.197609  0.233525  0.516756  
0.983984  0.00817076  0.0477418  0.781501  
0.132841  0.635527  0.343231  0.414141  
