1.36594  2.13924  0.918085  3.41386  
1.77444  3.5084  1.18278  4.21747  
1.22428  4.2166  1.75898  3.80623  
1.10087  4.5175  0.960065  3.58236  
0.919081  3.77036  0.802125  4.557  
1.00841  3.08924  1.44744  2.53492  
0.770037  4.07745  1.15336  4.47865  
0.766562  2.78649  0.905936  2.90258  
1.19808  3.9466  1.21857  3.55067  
1.01555  3.60081  1.59681  4.40754  
1.27176  2.25367  1.81933  2.66257  
1.17233  3.14102  1.45093  2.22643  
1.29177  2.15599  0.95861  3.92989  
1.53484  4.18283  1.23981  3.85153  
1.30024  2.11655  1.35931  3.50419  
0.904477  3.54319  1.4335  2.19691  
1.50583  3.13474  1.0231  4.12641  
0.959962  3.16019  1.23629  4.57433  
1.07373  4.23124  1.40378  2.51422  
1.3827  2.50242  0.969034  3.17772  
0.867204  4.48867  1.62148  3.6424  
0.719554  4.5017  0.950126  3.32341  
0.845786  4.01698  0.937456  2.93724  
1.38741  2.44134  1.21007  2.3532  
0.958327  2.95922  1.47234  3.03825  
1.61349  4.22997  1.08943  4.46032  
0.966812  3.22104  1.11265  4.51221  
1.75245  2.18766  1.39438  2.15533  
1.40369  4.19747  1.34281  3.67203  
0.660962  3.99359  1.5127  2.71152  
1.33866  2.19224  0.860112  3.48706  
1.17431  3.66311  1.31559  2.07468  
1.49359  2.42334  1.99005  1.65565  
1.70354  4.02386  0.875841  4.00618  
1.26812  4.68457  0.979817  3.04641  
0.973023  2.98253  2.05762  2.38181  
1.36054  2.11812  1.23583  3.09897  
1.82078  4.72843  1.523  4.38953  
1.079  4.42072  0.974854  3.02047  
1.04199  3.2736  0.982615  3.60429  
0.873891  4.63352  0.949706  3.47777  
1.14058  4.47672  1.63727  4.52582  
1.03897  3.07446  1.06731  4.47985  
0.734293  4.47665  0.96058  3.18836  
0.827616  2.89839  1.47517  2.29009  
1.2826  4.52683  1.27524  2.36797  
0.921196  4.18194  0.820616  4.56395  
1.1536  4.56748  1.29078  3.59994  
1.35958  3.91968  1.79726  3.7316  
0.838917  3.1765  1.49565  3.20081  
1.0944  4.37816  1.77826  3.55089  
0.933358  3.63817  1.12903  4.54101  
1.341  4.02674  1.25569  4.51129  
1.14446  4.52443  0.717158  4.4548  
1.35616  2.21488  0.870698  4.33964  
1.20759  3.23422  1.27535  2.24698  
1.13002  4.48431  0.925448  2.92808  
0.761603  4.52821  1.24358  4.57489  
0.739506  4.23157  1.10789  3.9124  
1.16809  4.30362  1.08139  3.62391  
1.52393  2.80476  1.22175  3.09757  
1.65182  4.54869  1.14397  3.45549  
0.901837  3.03623  0.932974  2.92982  
1.06468  3.61793  1.0173  3.78256  
0.902434  3.32252  1.27648  3.54974  
1.20894  4.38469  0.90874  3.00503  
1.31502  3.48438  0.821056  3.05519  
1.63998  4.32988  1.45327  2.23327  
1.00822  3.11425  1.45486  3.80663  
1.61346  3.23014  1.41108  2.43237  
1.04593  4.27713  1.42179  2.54309  
1.60601  2.97305  0.918024  3.26636  
1.25922  4.54032  1.3267  2.28196  
1.29656  3.14993  0.906187  3.39222  
0.664539  4.6301  0.810039  4.57304  
1.14446  2.79523  1.59166  4.24724  
1.25322  3.8845  0.902684  4.40605  
0.856826  3.06581  1.34684  3.77496  
1.43394  2.59118  1.24349  4.31838  
2.05688  1.62195  1.32331  3.09732  
1.32275  3.37829  0.819146  3.19607  
1.05955  3.48306  0.793975  4.43262  
0.729797  3.82384  0.920136  2.94743  
0.68447  3.75637  1.56849  4.32708  
1.48666  3.4091  1.28447  3.43672  
1.3238  2.93634  0.941845  2.96779  
1.32719  2.08774  0.758115  4.53126  
0.778932  4.39888  1.67845  4.58072  
1.4059  2.22572  0.894948  2.90385  
1.82549  3.26681  0.969165  3.11819  
0.773811  4.18021  1.92698  1.95665  
0.805848  4.55988  1.51546  2.95112  
1.28501  3.37645  0.969052  3.85268  
1.18549  3.4958  1.26493  4.57266  
1.48046  3.92074  0.812337  4.55032  
0.612953  4.01606  1.30729  2.6499  
1.08788  4.50046  1.36935  2.35094  
1.83157  2.71605  1.08393  4.37536  
1.05077  3.7366  2.03929  1.94059  
1.06032  3.48919  1.04706  3.67625  
0.819811  3.29709  0.738306  3.32346  
0.801281  3.42247  0.779053  2.97548  
0.779053  2.97548  1.26363  2.16618  
0.738306  3.32346  0.819811  3.29709  
0.979218  3.02735  0.639561  3.61276  
0.639561  3.61276  0.631702  3.02565  
1.33758  2.20324  0.979218  3.02735  
1.26363  2.16618  1.09064  1.88454  
1.09064  1.88454  0.801281  3.42247  
0.631702  3.02565  1.33758  2.20324  
1.04013  4.36966  1.03179  3.34378  
0.684273  3.24524  0.5982  3.78104  
0.723859  3.21019  0.723859  3.21019  
1.03179  3.34378  0.471604  3.56787  
1.24579  2.44592  0.684273  3.24524  
1.35628  2.11695  1.04013  4.36966  
0.993032  4.14679  1.24579  2.44592  
0.976004  4.12065  0.993032  4.14679  
0.5982  3.78104  1.35628  2.11695  
0.471604  3.56787  0.976004  4.12065  
0.373272  3.46103  0.373272  3.46103  
1.19453  2.14252  0.682068  4.09328  
0.976125  4.36327  1.19453  2.14252  
0.392394  3.52169  0.863924  2.96157  
0.730504  2.78743  0.976125  4.36327  
0.863924  2.96157  0.39419  3.52348  
0.859522  2.92246  0.797597  3.51125  
0.682068  4.09328  0.859522  2.92246  
0.630561  3.28351  0.730504  2.78743  
0.797597  3.51125  0.630561  3.28351  
1.61908  1.026  0.949159  1.79982  
1.05139  2.27158  0.566383  2.57578  
0.564216  3.68603  0.564216  3.68603  
0.604716  2.60408  1.05139  2.27158  
0.230577  4.13087  0.400915  4.15742  
0.29712  3.5035  0.60853  2.60789  
0.31468  3.38704  1.61908  1.026  
0.566383  2.57578  0.31468  3.38704  
0.949159  1.79982  0.29712  3.5035  
0.400915  4.15742  0.230577  4.13087  
0.953282  2.31576  1.72938  1.13479  
0.969542  2.15698  1.48965  0.89512  
1.72938  1.13479  0.536439  2.54951  
0.266182  3.35284  1.01098  1.77231  
0.536439  2.54951  0.982693  1.93443  
1.48965  0.89512  0.132348  4.09347  
0.982693  1.93443  0.266182  3.35284  
0.132348  4.09347  0.729533  3.89865  
0.284232  4.24153  0.953282  2.31576  
1.01098  1.77231  0.284232  4.24153  
0.25515  4.11592  1.61804  1.02111  
0.58293  4.31437  0.62913  2.64164  
0.361227  3.91088  0.58789  2.83224  
1.14234  2.19936  0.361227  3.91088  
0.62913  2.64164  0.34423  3.41629  
0.743869  2.87465  0.58293  4.31437  
0.58789  2.83224  0.25515  4.11592  
0.497601  4.05998  0.497601  4.05998  
0.34423  3.41629  0.743869  2.87465  
1.61804  1.02111  1.16338  2.2204  
0.425938  3.74366  0.685177  3.27033  
1.31542  2.32646  1.77782  1.33565  
0.777111  2.78482  1.06209  2.03301  
1.12595  1.89249  0.762837  3.24011  
1.02731  4.07095  1.04977  4.36446  
1.60423  1.19115  0.90745  2.91556  
0.705528  2.78661  1.15205  2.00506  
1.12905  1.89446  0.907601  4.24098  
0.76901  3.22504  0.643221  3.03717  
1.17856  1.9635  0.449539  3.54668  
1.77782  1.33565  0.425938  3.74366  
0.685177  3.27033  0.777111  2.78482  
0.907601  4.24098  1.17856  1.9635  
0.90745  2.91556  1.02731  4.07095  
1.15205  2.00506  1.60423  1.19115  
0.643221  3.03717  1.12595  1.89249  
1.04977  4.36446  1.12905  1.89446  
0.762837  3.24011  1.32807  2.33911  
1.06209  2.03301  0.76901  3.22504  
0.449539  3.54668  0.705528  2.78661  
0.76345  2.88865  0.805866  3.42417  
0.65253  4.38108  0.516386  3.58847  
1.10167  2.39932  0.65253  4.38108  
0.783801  2.7954  0.663273  3.03033  
0.663273  3.03033  0.783801  2.7954  
0.805866  3.42417  0.831577  2.85291  
0.516386  3.58847  1.47154  4.31892  
0.869244  3.02416  0.869244  3.02416  
0.831577  2.85291  0.770722  2.89592  
1.47154  4.31892  1.10167  2.39932  
0.464815  3.92822  0.665439  2.6651  
0.837686  2.88907  0.342637  3.88002  
0.386015  3.46991  0.837686  2.88907  
1.18108  1.93866  0.464815  3.92822  
0.652723  3.19217  0.558467  3.63237  
0.558467  3.63237  0.386015  3.46991  
1.64151  2.46082  1.19132  2.0232  
1.19132  2.0232  1.64151  2.46082  
0.665439  2.6651  0.652723  3.19217  
0.342637  3.88002  1.18108  1.93866  
0.221973  3.30255  0.572434  2.63882  
1.23687  4.14746  0.46046  4.23342  
0.561623  2.57136  0.544094  2.93393  
0.969935  2.92036  1.22324  4.01464  
0.183771  4.08705  0.485817  3.70603  
0.536222  2.92606  1.00159  1.75935  
0.253074  3.58317  0.182272  4.08555  
0.567024  2.61511  0.906511  3.19514  
0.49468  3.04028  0.239932  3.32051  
1.53736  0.954382  0.431557  2.97715  
0.183771  4.08705  1.04987  1.88688  
1.23687  4.14746  0.719603  2.72335  
0.536222  2.92606  0.615836  2.62567  
0.969935  2.92036  0.555418  3.12445  
0.561623  2.57136  0.563119  3.1396  
0.253074  3.58317  0.981846  2.46791  
1.53736  0.954382  0.300516  3.37719  
0.22407  3.30465  0.309263  3.53761  
0.567024  2.61511  0.436635  4.16606  
0.49468  3.04028  1.49381  1.66867  
0.555418  3.12445  0.504259  3.13975  
0.615836  2.62567  0.653184  3.05505  
1.49381  1.66867  0.544098  2.90907  
0.300516  3.37719  0.438147  4.18602  
0.317995  3.54634  0.321617  3.53437  
1.04987  1.88688  0.878919  3.52391  
0.563119  3.1396  0.93053  2.18149  
0.719603  2.72335  0.260917  4.22413  
0.436635  4.16606  0.822444  3.36893  
0.981846  2.46791  0.541495  2.53811  
0.438147  4.18602  0.676767  3.46253  
0.653184  3.05505  0.320435  3.48771  
0.260917  4.22413  0.599414  2.59617  
0.321617  3.53437  1.05442  1.8121  
0.93053  2.18149  0.310054  3.39279  
0.504259  3.13975  0.857066  3.77017  
0.878919  3.52391  0.695154  2.7181  
0.820601  3.36709  0.347943  3.42661  
0.544098  2.90907  0.362054  3.9509  
0.541495  2.53811  0.513335  3.63132  
0.180679  4.08395  1.59189  0.994555  
1.53087  0.947889  0.22321  3.30063  
0.286285  3.40886  0.0757554  4.03906  
0.467385  3.01298  1.4826  0.900908  
0.535947  2.77445  0.423887  2.43608  
0.536652  2.58548  0.192211  3.5472  
0.557298  2.56704  0.883135  2.19777  
0.200547  3.28112  0.90513  1.67175  
0.989079  1.74684  0.251738  3.84044  
0.52656  2.9164  2.05734  0.107457  
0.90513  1.67175  0.345545  3.41976  
0.883135  2.19777  0.383675  3.45608  
1.4826  0.900908  0.451225  2.86919  
0.248612  3.83731  1.02038  1.95383  
1.59189  0.994555  0.251004  3.59742  
0.423887  2.43608  1.59393  1.00371  
0.22321  3.30063  0.871528  3.10282  
2.05734  0.107457  0.198564  4.09619  
0.0757554  4.03906  0.511134  2.57709  
0.192211  3.5472  0.647509  3.20544  
1.02038  1.95383  0.180679  4.08395  
0.251004  3.59742  0.52656  2.9164  
0.871528  3.10282  0.200547  3.28112  
1.59393  1.00371  1.53087  0.947889  
0.198564  4.09619  0.535947  2.77445  
0.273761  3.34798  0.557298  2.56704  
0.451225  2.86919  0.467385  3.01298  
0.511134  2.57709  0.536652  2.58548  
0.647509  3.20544  0.989079  1.74684  
0.383675  3.45608  0.286285  3.40886  
0.544094  2.93393  1.22324  4.01464  
0.906511  3.19514  0.455631  3.67585  
0.476935  4.2499  1.02377  1.78153  
1.00159  1.75935  0.182272  4.08555  
0.431557  2.97715  0.476935  4.2499  
1.22324  4.01464  0.906511  3.19514  
0.239932  3.32051  0.544094  2.93393  
0.572434  2.63882  0.431557  2.97715  
0.182272  4.08555  0.572434  2.63882  
0.455631  3.67585  0.239932  3.32051  
1.04987  1.88688  0.317995  3.54634  
0.436191  4.16562  0.299433  3.37611  
0.449327  4.23208  0.449327  4.23208  
0.299433  3.37611  0.606321  2.61615  
0.563119  3.1396  0.719603  2.72335  
1.49038  1.66524  0.563119  3.1396  
0.606321  2.61615  0.436191  4.16562  
0.719603  2.72335  1.49038  1.66524  
0.317995  3.54634  1.04987  1.88688  
0.955552  2.44162  0.955552  2.44162  
0.320435  3.48771  1.00159  1.75935  
0.310054  3.39279  0.476935  4.2499  
0.347943  3.42661  0.431557  2.97715  
0.593893  2.59065  1.22324  4.01464  
0.695154  2.7181  0.906511  3.19514  
0.676767  3.46253  0.182272  4.08555  
0.513335  3.63132  0.544094  2.93393  
0.857066  3.77017  0.572434  2.63882  
0.362054  3.9509  0.239932  3.32051  
1.05442  1.8121  0.485817  3.70603  
1.42902  0.835466  0.305533  3.66934  
0.364252  2.80313  1.41194  0.816528  
0.0128708  3.99554  0.0726808  3.58209  
1.76085  3.65011  0.43076  2.69114  
0.134215  3.21799  0.10981  3.19077  
0.806006  1.91828  1.36475  1.03018  
1.36696  1.50563  0.582842  3.79992  
0.847105  1.61272  0.382476  2.42364  
1.37421  1.07942  0.344198  2.9573  
0.397948  2.4027  0.850069  1.64776  
0.43076  2.69114  0.397948  2.4027  
0.344198  2.9573  0.806006  1.91828  
0.0726808  3.58209  1.42902  0.835466  
1.36486  1.03029  0.134215  3.21799  
0.305533  3.66934  0.0128708  3.99554  
0.850069  1.64776  1.37421  1.07942  
0.382476  2.42364  1.36696  1.50563  
0.582842  3.79992  0.364252  2.80313  
1.41194  0.816528  0.862717  1.62834  
0.10981  3.19077  1.76085  3.65011  
0.109683  3.19064  0.520521  3.10721  
0.582905  3.79998  0.869088  1.64297  
0.625551  4.02766  0.795882  2.44073  
0.0726808  3.58209  0.0802909  3.58543  
0.43076  2.69114  0.830032  1.76181  
0.305533  3.66934  0.825889  1.82976  
1.41195  0.816535  0.175408  3.37506  
0.382476  2.42364  0.795555  2.38686  
1.36475  1.03018  0.353349  2.8408  
0.353661  2.96677  0.244142  4.0266  
0.0821938  3.58734  0.829884  1.76167  
0.175835  3.37549  0.354858  2.84231  
0.822818  1.82669  0.474156  2.59778  
0.354858  2.84231  0.175408  3.37506  
0.829884  1.76167  0.0821938  3.58734  
0.474156  2.59778  0.249521  4.03198  
0.249521  4.03198  0.798131  2.44298  
0.798131  2.44298  0.822818  1.82669  
0.683433  3.7666  0.805419  2.39672  
0.805419  2.39672  0.683433  3.7666  
0.577411  3.96685  1.4082  0.812784  
1.40652  0.8111  0.892227  1.67635  
0.368383  2.60123  0.00989759  3.96591  
0.124538  3.20498  0.449722  2.47647  
0.851305  1.82987  0.124538  3.20498  
0.561418  3.72775  0.851305  1.82987  
0.892227  1.67635  0.577411  3.96685  
0.397889  2.40565  0.368383  2.60123  
0.00989759  3.96591  0.397889  2.40565  
0.449722  2.47647  0.561418  3.72775  
0.823335  1.82721  1.36696  1.50563  
0.175408  3.37506  0.134215  3.21799  
0.795882  2.44073  0.397948  2.4027  
0.830032  1.76181  0.806006  1.91828  
0.520521  3.10721  1.42902  0.835466  
0.795555  2.38686  0.364252  2.80313  
0.869088  1.64297  0.0128708  3.99554  
0.353349  2.8408  1.37975  1.08496  
0.244142  4.0266  2.00582  0.019274  
0.0802909  3.58543  0.847105  1.61272  
1.36696  1.50563  0.850038  1.64773  
1.37421  1.07942  0.305533  3.66934  
2.00582  0.019274  1.41194  0.816528  
1.42902  0.835466  0.0726808  3.58209  
0.806006  1.91828  0.633057  4.0482  
0.397948  2.4027  0.43076  2.69114  
0.847105  1.61272  0.10981  3.19077  
0.0128708  3.99554  0.382476  2.42364  
0.364252  2.80313  0.344198  2.9573  
0.134215  3.21799  1.36475  1.03018  
0.43076  2.69114  0.431048  2.69142  
0.633057  4.0482  1.36475  1.03018  
0.0726808  3.58209  0.109683  3.19064  
1.41194  0.816528  0.0726808  3.58209  
1.36475  1.03018  0.305533  3.66934  
0.10981  3.19077  0.582905  3.79998  
0.382476  2.42364  0.382476  2.42364  
0.850038  1.64773  0.353661  2.96677  
0.343498  2.9566  1.41195  0.816535  
0.305533  3.66934  0.625551  4.02766  
0.752964  2.26023  0.305533  3.66934  
1.44808  0.950804  1.41195  0.816535  
0.500006  2.49691  0.582905  3.79998  
0.47802  2.81902  0.109683  3.19064  
0.548779  3.54655  0.625489  4.0276  
0.114015  3.92491  1.10562  4.01341  
0.307696  3.39043  0.382476  2.42364  
0.336135  2.87898  0.43076  2.69114  
0.0118452  3.91187  0.0726808  3.58209  
0.112527  3.2314  0.345766  2.95887  
0.305533  3.66934  1.44808  0.950804  
0.625489  4.0276  0.47802  2.81902  
0.382476  2.42364  0.557583  3.55535  
1.41195  0.816535  0.307696  3.39043  
0.582905  3.79998  0.112527  3.2314  
0.345766  2.95887  0.0118452  3.91187  
1.10492  4.01272  0.500006  2.49691  
0.109683  3.19064  0.336135  2.87898  
0.43076  2.69114  0.114015  3.92491  
0.0726808  3.58209  0.752964  2.26023  
0.0708681  3.46112  0.829928  1.59434  
0.388631  2.39087  0.0708681  3.46112  
1.99926  0.00112088  0.77756  1.86888  
0.34246  2.66053  1.33424  1.0596  
1.33424  1.0596  0.105249  3.18162  
0.000633856  3.94253  0.464064  2.90851  
0.676211  3.27112  0.000633856  3.94253  
0.829928  1.59434  1.99926  0.00112088  
0.105249  3.18162  0.34246  2.66053  
1.38693  0.795606  1.38693  0.795606  
0.987424  3.16406  1.38693  0.795606  
1.38693  0.795606  0.105249  3.18162  
0.810623  1.63943  0.740276  2.31581  
0.330481  2.79926  0.330481  2.79926  
1.99926  0.00112088  0.000633856  3.94253  
0.105249  3.18162  1.99926  0.00112088  
0.829928  1.59434  0.829928  1.59434  
0.000633856  3.94253  1.33424  1.0596  
0.388631  2.39087  0.77756  1.86888  
0.77756  1.86888  0.388631  2.39087  
0.77756  1.86888  1.38693  0.795612  
0.829928  1.59434  1.99926  0.00112088  
0.740276  2.31581  0.829928  1.59434  
1.99926  0.00112088  0.77756  1.86888  
0.330481  2.79926  0.74028  2.31581  
1.38693  0.795612  0.105249  3.18162  
0.388631  2.39087  0.330481  2.79926  
0.000638611  3.94253  0.388631  2.39087  
0.105249  3.18162  0.000638611  3.94253  
1.33424  1.0596  1.33424  1.0596  
0.330481  2.79926  0.388631  2.39087  
0.388631  2.39087  0.77756  1.86888  
0.740276  2.31581  0.987424  3.16406  
1.99926  0.00112088  0.829928  1.59434  
1.33424  1.0596  1.38694  0.795615  
0.77756  1.86888  0.000633856  3.94253  
1.38693  0.795606  0.810623  1.63943  
0.105249  3.18162  0.330481  2.79926  
0.829928  1.59434  1.99926  0.00112088  
0.000638611  3.94253  0.105249  3.18162  
0.34246  2.66053  1.38693  0.795606  
0.0708681  3.46112  0.330481  2.79926  
0.388631  2.39087  0.740276  2.31581  
1.99926  0.00112088  0.829928  1.59434  
1.33424  1.0596  0.000633856  3.94253  
0.105249  3.18162  1.33424  1.0596  
0.77756  1.86888  0.388631  2.39087  
0.829928  1.59434  0.77756  1.86888  
1.38693  0.795606  0.105249  3.18162  
0.000633856  3.94253  1.99926  0.00112088  
0.34246  2.66053  0.77756  1.86888  
0.000633856  3.94253  0.388631  2.39087  
1.33424  1.0596  0.829928  1.59434  
1.38693  0.795606  1.99926  0.00112088  
0.0708681  3.46112  1.38693  0.795606  
1.99926  0.00112088  0.105249  3.18162  
0.105249  3.18162  0.000633856  3.94253  
0.388631  2.39087  1.33424  1.0596  
0.829928  1.59434  0.34246  2.66053  
0.77756  1.86888  0.0708681  3.46112  
0.34246  2.66053  0.388631  2.39087  
0.829928  1.59434  0.829928  1.59434  
0.105249  3.18162  1.99926  0.00112088  
1.99926  0.00112088  0.105249  3.18162  
1.38693  0.795606  1.33424  1.0596  
0.388631  2.39087  0.77756  1.86888  
1.33424  1.0596  1.38693  0.795606  
0.77756  1.86888  0.000633856  3.94253  
0.000633856  3.94253  0.0708681  3.46112  
0.0708681  3.46112  0.34246  2.66053  
0.34246  2.66053  0.77756  1.86888  
1.33424  1.0596  0.388631  2.39087  
0.000633856  3.94253  0.740276  2.31581  
0.77756  1.86888  0.829928  1.59434  
0.105249  3.18162  1.38693  0.795612  
1.38693  0.795606  1.99926  0.00112088  
1.99926  0.00112088  0.105249  3.18162  
0.388631  2.39087  0.000638611  3.94253  
0.829928  1.59434  0.330481  2.79926  
0.0708681  3.46112  1.33424  1.0596  
0.34246  2.66053  0.388631  2.39087  
1.99926  0.00112088  0.740276  2.31581  
0.105249  3.18162  0.105249  3.18162  
0.388631  2.39087  1.38693  0.795612  
0.77756  1.86888  0.330481  2.79926  
0.829928  1.59434  0.77756  1.86888  
0.0708681  3.46112  1.33424  1.0596  
1.38693  0.795606  0.829928  1.59434  
0.000633856  3.94253  0.000638611  3.94253  
1.33424  1.0596  1.99926  0.00112088  
0.34246  2.66053  0.105249  3.18162  
0.105249  3.18162  1.38693  0.795606  
1.99926  0.00112088  1.99926  0.00112088  
1.33424  1.0596  0.330481  2.79926  
1.38693  0.795606  0.829928  1.59434  
0.000633856  3.94253  0.388632  2.39087  
0.77756  1.86888  0.000638611  3.94253  
0.829928  1.59434  0.740276  2.31581  
0.388631  2.39087  1.33424  1.0596  
0.0708681  3.46112  0.77756  1.86888  
0.388377  2.39092  0.0707832  3.46161  
1.99921  0.00107115  0.00057327  3.94247  
0.342411  2.66048  1.33419  1.05955  
0.829797  1.59421  1.38688  0.795561  
0.777624  1.86772  0.777624  1.86772  
0.0707832  3.46161  0.829797  1.59421  
1.38688  0.795561  0.388377  2.39092  
0.00057327  3.94247  1.25969  2.0775  
1.33419  1.05955  0.342411  2.66048  
0.105192  3.18157  0.105192  3.18157  
0.829797  1.59421  0.0707832  3.46161  
0.342411  2.66048  0.829797  1.59421  
1.38688  0.795561  0.388377  2.39092  
0.777624  1.86772  1.99921  0.00107115  
1.33419  1.05955  0.00057327  3.94247  
0.105192  3.18157  1.33419  1.05955  
0.0707832  3.46161  1.38688  0.795561  
1.99921  0.00107115  0.777624  1.86772  
0.388377  2.39092  0.105192  3.18157  
0.00057327  3.94247  0.342411  2.66048  
1.38688  0.795561  0.777624  1.86772  
0.777624  1.86772  1.38688  0.795561  
0.105192  3.18157  0.00057327  3.94247  
1.33419  1.05955  1.99921  0.00107115  
0.342411  2.66048  0.829797  1.59421  
0.00057327  3.94247  0.388377  2.39092  
0.0707832  3.46161  1.33419  1.05955  
0.388377  2.39092  0.105192  3.18157  
1.99921  0.00107115  0.342411  2.66048  
0.829797  1.59421  0.0707832  3.46161  
0.342411  2.66048  0.777624  1.86772  
0.105192  3.18157  0.105192  3.18157  
1.33419  1.05955  1.33419  1.05955  
0.777624  1.86772  0.388377  2.39092  
0.388377  2.39092  0.00057327  3.94247  
1.99921  0.00107115  0.829797  1.59421  
0.00057327  3.94247  0.0707832  3.46161  
0.0707832  3.46161  0.342411  2.66048  
1.38688  0.795561  1.99921  0.00107115  
0.829797  1.59421  1.38688  0.795561  
0.0707832  3.46161  1.99921  0.00107115  
0.00057327  3.94247  0.777624  1.86772  
0.342411  2.66048  0.342411  2.66048  
0.388377  2.39092  0.388377  2.39092  
0.777624  1.86772  0.0707832  3.46161  
1.33419  1.05955  1.33419  1.05955  
1.99921  0.00107115  0.105192  3.18157  
1.38688  0.795561  1.38688  0.795561  
0.105192  3.18157  0.00057327  3.94247  
0.829797  1.59421  0.829797  1.59421  
1.38688  0.795561  0.829797  1.59421  
0.388377  2.39092  0.388377  2.39092  
1.99921  0.00107115  0.105192  3.18157  
0.342411  2.66048  1.33419  1.05955  
0.829797  1.59421  0.342411  2.66048  
0.00057327  3.94247  1.99921  0.00107115  
1.33419  1.05955  0.777624  1.86772  
0.105192  3.18157  0.0707832  3.46161  
0.777624  1.86772  1.38688  0.795561  
0.0707832  3.46161  0.00057327  3.94247  
1.33419  1.05955  0.105192  3.18157  
0.777624  1.86772  1.99921  0.00107115  
0.105192  3.18157  1.38688  0.795561  
0.829797  1.59421  0.00057327  3.94247  
1.99921  0.00107115  0.777624  1.86772  
0.388377  2.39092  1.33419  1.05955  
1.38688  0.795561  0.388377  2.39092  
0.00057327  3.94247  0.829797  1.59421  
0.342411  2.66048  0.0707832  3.46161  
0.0707832  3.46161  0.342411  2.66048  
0.342411  2.66048  0.00057327  3.94247  
0.777624  1.86772  0.0707832  3.46161  
0.105192  3.18157  0.342411  2.66048  
1.38688  0.795561  0.829797  1.59421  
1.33419  1.05955  1.33419  1.05955  
0.00057327  3.94247  1.38688  0.795561  
0.0707832  3.46161  0.388377  2.39092  
1.99921  0.00107115  0.105192  3.18157  
0.388377  2.39092  1.99921  0.00107115  
0.829797  1.59421  0.777624  1.86772  
1.99921  0.00107115  1.33419  1.05955  
1.38688  0.795561  1.38688  0.795561  
0.00057327  3.94247  0.829797  1.59421  
0.829797  1.59421  0.105192  3.18157  
0.777624  1.86772  0.0707832  3.46161  
0.388377  2.39092  0.00057327  3.94247  
0.105192  3.18157  0.342411  2.66048  
0.0707832  3.46161  1.99921  0.00107115  
1.33419  1.05955  0.388377  2.39092  
0.342411  2.66048  0.777624  1.86772  
0.388377  2.39092  0.0707832  3.46161  
0.0707832  3.46161  1.38688  0.795561  
0.777624  1.86772  0.342411  2.66048  
0.00057327  3.94247  1.33419  1.05955  
0.829797  1.59421  0.777624  1.86772  
1.33419  1.05955  0.00057327  3.94247  
1.99921  0.00107115  1.99921  0.00107115  
0.342411  2.66048  0.105192  3.18157  
1.38688  0.795561  0.829797  1.59421  
0.105192  3.18157  0.388377  2.39092  
0.388377  2.39092  0.388377  2.39092  
0.00057327  3.94247  0.829797  1.59421  
0.105192  3.18157  0.0707832  3.46161  
0.829797  1.59421  0.105192  3.18157  
1.38688  0.795561  1.99921  0.00107115  
1.33419  1.05955  0.342411  2.66048  
0.777624  1.86772  0.00057327  3.94247  
0.0707832  3.46161  0.777624  1.86772  
0.342411  2.66048  1.38688  0.795561  
1.99921  0.00107115  1.33419  1.05955  
0.00057327  3.94247  1.38688  0.795561  
0.777624  1.86772  0.0707832  3.46161  
0.342411  2.66048  0.829797  1.59421  
1.99921  0.00107115  0.777624  1.86772  
1.38688  0.795561  0.342411  2.66048  
0.105192  3.18157  1.33419  1.05955  
0.0707832  3.46161  0.105192  3.18157  
1.33419  1.05955  0.00057327  3.94247  
0.388377  2.39092  1.99921  0.00107115  
0.829797  1.59421  0.388377  2.39092  
0.777624  1.86772  1.38688  0.795561  
1.33419  1.05955  1.33419  1.05955  
1.99921  0.00107115  0.388377  2.39092  
0.105192  3.18157  0.777624  1.86772  
0.342411  2.66048  0.0707832  3.46161  
0.829797  1.59421  0.00057327  3.94247  
1.38688  0.795561  0.829797  1.59421  
0.388377  2.39092  0.105192  3.18157  
0.0707832  3.46161  1.99921  0.00107115  
0.00057327  3.94247  0.342411  2.66048  
0.829797  1.59421  0.388377  2.39092  
1.38688  0.795561  1.38688  0.795561  
0.00057327  3.94247  1.33419  1.05955  
0.105192  3.18157  1.99921  0.00107115  
1.33419  1.05955  0.0707832  3.46161  
0.0707832  3.46161  0.777624  1.86772  
1.99921  0.00107115  0.105192  3.18157  
0.342411  2.66048  0.342411  2.66048  
0.388377  2.39092  0.00057327  3.94247  
0.777624  1.86772  0.829797  1.59421  
0.0707832  3.46161  0.00057327  3.94247  
1.99921  0.00107115  0.777624  1.86772  
1.33419  1.05955  1.38688  0.795561  
0.829797  1.59421  0.0707832  3.46161  
0.777624  1.86772  1.99921  0.00107115  
0.00057327  3.94247  0.388377  2.39092  
0.388377  2.39092  0.105192  3.18157  
1.38688  0.795561  0.342411  2.66048  
0.342411  2.66048  0.829797  1.59421  
0.105192  3.18157  1.33419  1.05955  
1.99921  0.00107115  1.38688  0.795561  
0.777624  1.86772  0.388377  2.39092  
0.388377  2.39092  0.829797  1.59421  
0.0707832  3.46161  0.00057327  3.94247  
0.105192  3.18157  0.342411  2.66048  
1.33419  1.05955  0.0707832  3.46161  
0.342411  2.66048  0.777624  1.86772  
1.38688  0.795561  1.99921  0.00107115  
0.00057327  3.94247  1.33419  1.05955  
0.829797  1.59421  0.105192  3.18157  
0.105192  3.18157  0.105192  3.18157  
0.777624  1.86772  0.388377  2.39092  
0.00057327  3.94247  0.0707832  3.46161  
0.0707832  3.46161  0.777624  1.86772  
0.388377  2.39092  1.38688  0.795561  
1.38688  0.795561  1.33419  1.05955  
0.829797  1.59421  1.99921  0.00107115  
0.342411  2.66048  0.00057327  3.94247  
1.99921  0.00107115  0.829797  1.59421  
1.33419  1.05955  0.342411  2.66048  
0.00057327  3.94247  1.38688  0.795561  
0.777624  1.86772  0.388377  2.39092  
0.342411  2.66048  0.00057327  3.94247  
0.0707832  3.46161  0.0707832  3.46161  
1.38688  0.795561  0.777624  1.86772  
0.105192  3.18157  0.105192  3.18157  
0.829797  1.59421  0.829797  1.59421  
1.99921  0.00107115  0.342411  2.66048  
0.388377  2.39092  1.99921  0.00107115  
1.33419  1.05955  1.33419  1.05955  
0.00057327  3.94247  0.342411  2.66048  
0.342411  2.66048  1.33419  1.05955  
0.388377  2.39092  0.00057327  3.94247  
0.777624  1.86772  0.0707832  3.46161  
0.105192  3.18157  0.829797  1.59421  
0.0707832  3.46161  1.38688  0.795561  
1.99921  0.00107115  0.388377  2.39092  
1.33419  1.05955  0.777624  1.86772  
0.829797  1.59421  0.105192  3.18157  
1.38688  0.795561  1.99921  0.00107115  
1.99921  0.00107115  0.388377  2.39092  
0.00057327  3.94247  1.38688  0.795561  
1.38688  0.795561  0.588361  3.99934  
0.342411  2.66048  1.99921  0.00107115  
0.0707832  3.46161  1.33419  1.05955  
0.829797  1.59421  0.342411  2.66048  
1.33419  1.05955  0.829797  1.59421  
0.105192  3.18157  0.0707832  3.46161  
0.388377  2.39092  0.105192  3.18157  
0.777624  1.86772  0.00057327  3.94247  
0.00057327  3.94247  0.105192  3.18157  
0.829797  1.59421  1.99921  0.00107115  
1.99921  0.00107115  0.342411  2.66048  
1.33419  1.05955  1.33419  1.05955  
1.38688  0.795561  0.388377  2.39092  
0.777624  1.86772  0.777624  1.86772  
0.388377  2.39092  1.38688  0.795561  
0.105192  3.18157  0.0707832  3.46161  
0.0707832  3.46161  0.829797  1.59421  
0.342411  2.66048  0.00057327  3.94247  
0.342411  2.66048  1.99921  0.00107115  
0.777624  1.86772  0.829797  1.59421  
1.33419  1.05955  0.0707832  3.46161  
1.38688  0.795561  0.105192  3.18157  
0.829797  1.59421  1.38688  0.795561  
1.99921  0.00107115  0.342411  2.66048  
0.0707832  3.46161  0.777624  1.86772  
0.00057327  3.94247  1.33419  1.05955  
0.105192  3.18157  0.00057327  3.94247  
0.388377  2.39092  0.388377  2.39092  
0.00057327  3.94247  0.829797  1.59421  
0.105192  3.18157  1.38688  0.795561  
0.829797  1.59421  0.777624  1.86772  
1.38688  0.795561  0.388377  2.39092  
0.777624  1.86772  0.342411  2.66048  
0.388377  2.39092  1.33419  1.05955  
1.99921  0.00107115  0.105192  3.18157  
1.33419  1.05955  1.99921  0.00107115  
0.342411  2.66048  0.0707832  3.46161  
0.0707832  3.46161  0.00057327  3.94247  
0.0707832  3.46161  1.38688  0.795561  
1.99921  0.00107115  0.342411  2.66048  
0.388377  2.39092  0.105192  3.18157  
0.105192  3.18157  0.0707832  3.46161  
0.829797  1.59421  1.99921  0.00107115  
1.38688  0.795561  1.33419  1.05955  
0.342411  2.66048  0.829797  1.59421  
1.33419  1.05955  0.388377  2.39092  
0.00057327  3.94247  0.777624  1.86772  
0.777624  1.86772  0.00057327  3.94247  
0.777624  1.86772  0.777624  1.86772  
0.105192  3.18157  1.38688  0.795561  
0.0707832  3.46161  0.342411  2.66048  
1.99921  0.00107115  0.00057327  3.94247  
1.33419  1.05955  0.388377  2.39092  
0.829797  1.59421  1.99921  0.00107115  
0.342411  2.66048  0.0707832  3.46161  
1.38688  0.795561  0.829797  1.59421  
0.388377  2.39092  1.33419  1.05955  
0.00057327  3.94247  0.105192  3.18157  
1.38688  0.795561  0.342411  2.66048  
0.829797  1.59421  0.777624  1.86772  
0.105192  3.18157  1.99921  0.00107115  
0.777624  1.86772  0.0707832  3.46161  
1.99921  0.00107115  0.388377  2.39092  
1.33419  1.05955  0.105192  3.18157  
0.342411  2.66048  0.00057327  3.94247  
0.388377  2.39092  1.33419  1.05955  
0.00057327  3.94247  1.38688  0.795561  
0.0707832  3.46161  0.829797  1.59421  
1.33419  1.05955  0.342411  2.66048  
0.829797  1.59421  0.0707832  3.46161  
0.0707832  3.46161  0.388377  2.39092  
0.105192  3.18157  0.00057327  3.94247  
0.342411  2.66048  0.105192  3.18157  
1.99921  0.00107115  1.33419  1.05955  
1.38688  0.795561  0.777624  1.86772  
0.777624  1.86772  1.99921  0.00107115  
0.388377  2.39092  0.829797  1.59421  
0.00057327  3.94247  1.38688  0.795561  
1.33419  1.05955  1.38688  0.795561  
0.388377  2.39092  0.0707832  3.46161  
0.829797  1.59421  0.00057327  3.94247  
0.105192  3.18157  0.105192  3.18157  
1.38688  0.795561  0.777624  1.86772  
0.00057327  3.94247  0.308449  3.09923  
1.99921  0.00107115  0.829797  1.59421  
0.0707832  3.46161  0.342411  2.66048  
0.777624  1.86772  1.99921  0.00107115  
0.342411  2.66048  1.33419  1.05955  
0.829797  1.59421  0.342411  2.66048  
1.99921  0.00107115  0.777624  1.86772  
0.777624  1.86772  1.33419  1.05955  
1.33419  1.05955  0.829797  1.59421  
0.388377  2.39092  0.00057327  3.94247  
0.0707832  3.46161  0.388377  2.39092  
0.105192  3.18157  0.0707832  3.46161  
1.38688  0.795561  1.99921  0.00107115  
0.00057327  3.94247  0.105192  3.18157  
0.342411  2.66048  1.38688  0.795561  
1.33419  1.05955  0.0707832  3.46161  
1.99921  0.00107115  0.342411  2.66048  
0.00057327  3.94247  0.777624  1.86772  
0.829797  1.59421  1.33419  1.05955  
0.105192  3.18157  1.38688  0.795561  
0.388377  2.39092  0.105192  3.18157  
0.777624  1.86772  0.388377  2.39092  
0.342411  2.66048  0.00057327  3.94247  
0.0707832  3.46161  0.829797  1.59421  
1.38688  0.795561  1.99921  0.00107115  
0.777624  1.86772  0.00057327  3.94247  
0.00057327  3.94247  0.105192  3.18157  
0.388377  2.39092  1.99921  0.00107115  
0.829797  1.59421  0.0707832  3.46161  
1.33419  1.05955  0.388377  2.39092  
1.38688  0.795561  1.33419  1.05955  
0.342411  2.66048  1.38688  0.795561  
1.99921  0.00107115  0.777624  1.86772  
0.105192  3.18157  0.342411  2.66048  
0.0707832  3.46161  0.829797  1.59421  
0.829797  1.59421  1.13117  3.86583  
0.777624  1.86772  0.00057327  3.94247  
1.33419  1.05955  1.38688  0.795561  
0.00057327  3.94247  0.829797  1.59421  
1.99921  0.00107115  1.99921  0.00107115  
0.0707832  3.46161  0.342411  2.66048  
0.105192  3.18157  0.777624  1.86772  
1.38688  0.795561  0.388377  2.39092  
0.388377  2.39092  0.105192  3.18157  
0.342411  2.66048  0.0707832  3.46161  
0.342411  2.66048  0.388377  2.39092  
0.777624  1.86772  0.0707832  3.46161  
0.388377  2.39092  1.99921  0.00107115  
1.99921  0.00107115  0.342411  2.66048  
1.38688  0.795561  1.38688  0.795561  
0.105192  3.18157  0.105192  3.18157  
0.00057327  3.94247  1.33419  1.05955  
1.33419  1.05955  0.829797  1.59421  
0.0707832  3.46161  0.00057327  3.94247  
0.829797  1.59421  0.777624  1.86772  
0.777624  1.86772  0.829797  1.59421  
0.342411  2.66048  0.105192  3.18157  
0.0707832  3.46161  0.777624  1.86772  
0.829797  1.59421  0.00057327  3.94247  
0.105192  3.18157  0.342411  2.66048  
1.38688  0.795561  1.99921  0.00107115  
0.388377  2.39092  1.38688  0.795561  
1.33419  1.05955  1.33419  1.05955  
1.99921  0.00107115  0.0707832  3.46161  
0.00057327  3.94247  0.388377  2.39092  
1.33419  1.05955  0.777624  1.86772  
0.00057327  3.94247  0.342411  2.66048  
1.99921  0.00107115  1.99921  0.00107115  
0.388377  2.39092  0.388377  2.39092  
0.829797  1.59421  0.00057327  3.94247  
0.342411  2.66048  0.829797  1.59421  
0.777624  1.86772  1.38688  0.795561  
0.0707832  3.46161  0.0707832  3.46161  
0.105192  3.18157  1.33419  1.05955  
1.38688  0.795561  0.105192  3.18157  
0.105192  3.18157  0.342411  2.66048  
0.0707832  3.46161  0.777624  1.86772  
0.342411  2.66048  0.00057327  3.94247  
0.829797  1.59421  0.105192  3.18157  
0.00057327  3.94247  0.829797  1.59421  
1.99921  0.00107115  1.38688  0.795561  
1.33419  1.05955  0.388377  2.39092  
0.777624  1.86772  1.33419  1.05955  
0.388377  2.39092  1.99921  0.00107115  
1.38688  0.795561  0.0707832  3.46161  
0.829797  1.59421  0.00057327  3.94247  
0.105192  3.18157  1.33419  1.05955  
0.342411  2.66048  0.388377  2.39092  
0.00057327  3.94247  0.829797  1.59421  
0.0707832  3.46161  0.777624  1.86772  
1.33419  1.05955  1.99921  0.00107125  
1.99921  0.00107115  0.0707832  3.46161  
1.38688  0.795561  1.38688  0.795561  
0.388377  2.39092  0.342411  2.66048  
0.777624  1.86772  0.105192  3.18157  
0.0707832  3.46161  0.829797  1.59421  
0.105192  3.18157  0.342411  2.66048  
1.33419  1.05955  1.99921  0.00107115  
1.38688  0.795561  1.38688  0.795561  
0.388377  2.39092  0.105192  3.18157  
0.777624  1.86772  0.388377  2.39092  
0.00057327  3.94247  0.777624  1.86772  
1.99921  0.00107115  0.00057327  3.94247  
0.829797  1.59421  1.33419  1.05955  
0.342411  2.66048  0.0707832  3.46161  
1.38688  0.795561  0.342411  2.66048  
0.777624  1.86772  1.33419  1.05955  
0.0707832  3.46161  0.777624  1.86772  
1.33419  1.05955  0.105192  3.18157  
0.105192  3.18157  0.0707832  3.46161  
0.829797  1.59421  1.99921  0.00107115  
0.342411  2.66048  0.388377  2.39092  
0.388377  2.39092  0.829797  1.59421  
0.00057327  3.94247  0.00057327  3.94247  
1.99921  0.00107115  1.38688  0.795561  
1.33419  1.05955  0.829797  1.59421  
0.342411  2.66048  0.00057327  3.94247  
0.829797  1.59421  0.777624  1.86772  
0.0707832  3.46161  1.38688  0.795561  
1.99921  0.00107115  0.0707832  3.46161  
0.388377  2.39092  0.342411  2.66048  
0.105192  3.18157  1.33419  1.05955  
0.00057327  3.94247  1.99921  0.00107115  
1.38688  0.795561  0.105192  3.18157  
0.777624  1.86772  0.388377  2.39092  
0.342411  2.66048  0.829797  1.59421  
0.777624  1.86772  1.99921  0.00107115  
0.829797  1.59421  1.38688  0.795561  
0.00057327  3.94247  1.33419  1.05955  
1.99921  0.00107115  0.00057327  3.94247  
1.38688  0.795561  0.0707832  3.46161  
0.105192  3.18157  0.105192  3.18157  
1.33419  1.05955  0.777624  1.86772  
0.388377  2.39092  0.342411  2.66048  
0.0707832  3.46161  0.388377  2.39092  
1.33419  1.05955  0.829797  1.59421  
1.38688  0.795561  0.342411  2.66048  
1.99921  0.00107115  0.00057327  3.94247  
0.829797  1.59421  0.0707832  3.46161  
0.105192  3.18157  1.38688  0.795561  
0.342411  2.66048  0.388377  2.39092  
0.388377  2.39092  0.105192  3.18157  
0.00057327  3.94247  1.33419  1.05955  
0.0707832  3.46161  1.99921  0.00107115  
0.777624  1.86772  0.777624  1.86772  
0.0707832  3.46161  0.105192  3.18157  
0.00057327  3.94247  0.342411  2.66048  
1.33419  1.05955  0.829797  1.59421  
0.105192  3.18157  1.33419  1.05955  
0.777624  1.86772  0.0707832  3.46161  
0.829797  1.59421  1.99921  0.00107115  
1.38688  0.795561  0.777624  1.86772  
1.99921  0.00107115  1.38688  0.795561  
0.388377  2.39092  0.388377  2.39092  
0.342411  2.66048  0.00057327  3.94247  
0.00057327  3.94247  0.777624  1.86772  
0.777624  1.86772  1.99921  0.00107115  
0.0707832  3.46161  0.388377  2.39092  
0.342411  2.66048  1.38688  0.795561  
1.99921  0.00107115  0.829797  1.59421  
1.38688  0.795561  0.0707832  3.46161  
0.829797  1.59421  1.33419  1.05955  
1.33419  1.05955  0.00057327  3.94247  
0.105192  3.18157  0.342411  2.66048  
0.388377  2.39092  0.105192  3.18157  
0.0707832  3.46161  0.388377  2.39092  
0.00057327  3.94247  1.38688  0.795561  
0.388377  2.39092  0.342411  2.66048  
1.99921  0.00107115  0.777624  1.86772  
1.33419  1.05955  0.00057327  3.94247  
0.105192  3.18157  0.829797  1.59421  
0.829797  1.59421  0.0707832  3.46161  
0.777624  1.86772  1.99921  0.00107115  
0.342411  2.66048  1.33419  1.05955  
1.38688  0.795561  0.105192  3.18157  
0.0707832  3.46161  0.00057327  3.94247  
0.105192  3.18157  0.388377  2.39092  
1.33419  1.05955  1.38688  0.795561  
1.38688  0.795561  1.33419  1.05955  
0.388377  2.39092  0.342411  2.66048  
0.777624  1.86772  0.105192  3.18157  
0.00057327  3.94247  0.0707832  3.46161  
1.99921  0.00107115  0.777624  1.86772  
0.829797  1.59421  0.829797  1.59421  
0.342411  2.66048  1.99921  0.00107115  
0.342411  2.66048  0.105192  3.18157  
1.99921  0.00107115  0.829797  1.59421  
0.105192  3.18157  0.00057327  3.94247  
0.00057327  3.94247  0.342411  2.66048  
0.388377  2.39092  1.38688  0.795561  
0.0707832  3.46161  0.388377  2.39092  
0.829797  1.59421  0.0707832  3.46161  
1.38688  0.795561  1.99921  0.00107115  
0.777624  1.86772  1.33419  1.05955  
1.33419  1.05955  0.777624  1.86772  
0.829797  1.59421  0.777624  1.86772  
1.99921  0.00107115  1.38688  0.795561  
0.0707832  3.46161  0.105192  3.18157  
1.33419  1.05955  1.33419  1.05955  
0.388377  2.39092  0.388377  2.39092  
0.00057327  3.94247  0.829797  1.59421  
1.38688  0.795561  0.00057327  3.94247  
0.105192  3.18157  1.99921  0.00107115  
0.777624  1.86772  0.0707832  3.46161  
0.342411  2.66048  0.342411  2.66048  
0.777624  1.86772  0.388377  2.39092  
0.388377  2.39092  0.829797  1.59421  
1.33419  1.05955  0.00057327  3.94247  
1.99921  0.00107115  0.777624  1.86772  
0.829797  1.59421  1.38688  0.795561  
0.105192  3.18157  1.99921  0.00107115  
1.38688  0.795561  1.33419  1.05955  
0.342411  2.66048  0.0707832  3.46161  
0.0707832  3.46161  0.105192  3.18157  
0.00057327  3.94247  0.342411  2.66048  
0.00057327  3.94247  0.105192  3.18157  
1.99921  0.00107115  0.0707832  3.46161  
0.829797  1.59421  0.777624  1.86772  
0.388377  2.39092  0.342411  2.66048  
1.33419  1.05955  1.38688  0.795561  
0.105192  3.18157  0.00057327  3.94247  
0.777624  1.86772  0.388377  2.39092  
0.342411  2.66048  1.33419  1.05955  
1.38688  0.795561  0.829797  1.59421  
0.0707832  3.46161  1.99921  0.00107115  
1.33419  1.05955  0.388377  2.39092  
0.105192  3.18157  0.00057327  3.94247  
0.777624  1.86772  0.0707832  3.46161  
0.342411  2.66048  0.829797  1.59421  
1.99921  0.00107115  0.777624  1.86772  
1.38688  0.795561  1.33419  1.05955  
0.00057327  3.94247  0.105192  3.18157  
0.388377  2.39092  0.342411  2.66048  
0.829797  1.59421  1.99921  0.00107115  
0.0707832  3.46161  1.38688  0.795561  
1.33419  1.05955  0.777624  1.86772  
0.388377  2.39092  1.99921  0.00107115  
0.105192  3.18157  0.342411  2.66048  
1.38688  0.795561  0.829797  1.59421  
1.99921  0.00107115  0.0707832  3.46161  
0.00057327  3.94247  0.00057327  3.94247  
0.829797  1.59421  1.38688  0.795561  
0.342411  2.66048  1.33419  1.05955  
0.0707832  3.46161  0.388377  2.39092  
0.777624  1.86772  0.105192  3.18157  
0.105192  3.18157  0.0707832  3.46161  
1.33419  1.05955  0.777624  1.86772  
0.388377  2.39092  0.105192  3.18157  
1.99921  0.00107115  0.00057327  3.94247  
0.0707832  3.46161  0.388377  2.39092  
0.777624  1.86772  0.342411  2.66048  
0.00057327  3.94247  1.99921  0.00107115  
0.829797  1.59421  1.38688  0.795561  
1.38688  0.795561  0.829797  1.59421  
0.342411  2.66048  1.33419  1.05955  
0.0707832  3.46161  0.342411  2.66048  
0.388377  2.39092  1.99921  0.00107115  
0.829797  1.59421  0.388377  2.39092  
0.342411  2.66048  1.33419  1.05955  
0.777624  1.86772  1.38688  0.795561  
0.00057327  3.94247  0.829797  1.59421  
1.38688  0.795561  0.777624  1.86772  
0.105192  3.18157  0.0707832  3.46161  
1.33419  1.05955  0.105192  3.18157  
1.99921  0.00107115  0.00057327  3.94247  
0.829797  1.59421  0.00057327  3.94247  
1.38688  0.795561  0.0707832  3.46161  
0.342411  2.66048  1.99921  0.00107115  
1.33419  1.05955  0.829797  1.59421  
1.99921  0.00107115  1.33419  1.05955  
0.105192  3.18157  0.777624  1.86772  
0.388377  2.39092  0.388377  2.39092  
0.0707832  3.46161  0.105192  3.18157  
0.00057327  3.94247  1.38688  0.795561  
0.777624  1.86772  0.342411  2.66048  
0.0707832  3.46161  0.777624  1.86772  
0.105192  3.18157  1.99921  0.00107115  
1.33419  1.05955  1.33419  1.05955  
1.38688  0.795561  0.342411  2.66048  
0.388377  2.39092  0.00057327  3.94247  
0.777624  1.86772  0.388377  2.39092  
0.00057327  3.94247  0.105192  3.18157  
1.99921  0.00107115  0.0707832  3.46161  
0.829797  1.59421  0.829797  1.59421  
0.342411  2.66048  1.38688  0.795561  
0.0707832  3.46161  1.38688  0.795561  
0.388377  2.39092  0.105192  3.18157  
1.33419  1.05955  0.829797  1.59421  
0.105192  3.18157  0.342411  2.66048  
0.829797  1.59421  1.33419  1.05955  
1.99921  0.00107115  0.0707832  3.46161  
0.777624  1.86772  1.40278  0.810539  
0.342411  2.66048  0.388377  2.39092  
1.38688  0.795561  0.00057327  3.94247  
0.00057327  3.94247  1.99921  0.00107115  
0.0707832  3.46161  0.777624  1.86772  
1.38688  0.795561  0.00057327  3.94247  
1.33419  1.05955  0.342411  2.66048  
0.00057327  3.94247  0.829797  1.59421  
0.777624  1.86772  0.0707832  3.46161  
0.829797  1.59421  1.38688  0.795561  
0.342411  2.66048  1.33419  1.05955  
0.388377  2.39092  0.105192  3.18157  
0.105192  3.18157  1.99921  0.00107115  
1.99921  0.00107115  0.388377  2.39092  
0.388377  2.39092  0.388377  2.39092  
1.38688  0.795561  1.99921  0.00107115  
0.105192  3.18157  0.829797  1.59421  
0.0707832  3.46161  0.105192  3.18157  
0.00057327  3.94247  0.342411  2.66048  
0.829797  1.59421  0.0707832  3.46161  
1.33419  1.05955  0.777624  1.86772  
0.342411  2.66048  1.33419  1.05955  
0.777624  1.86772  0.00057327  3.94247  
1.99921  0.00107115  1.38688  0.795561  
0.105192  3.18157  0.0707832  3.46161  
0.0707832  3.46161  1.38688  0.795561  
1.99921  0.00107115  1.33419  1.05955  
0.777624  1.86772  0.777624  1.86772  
0.829797  1.59421  1.99921  0.00107115  
0.388377  2.39092  0.00057327  3.94247  
1.33419  1.05955  0.829797  1.59421  
0.00057327  3.94247  0.342411  2.66048  
1.38688  0.795561  0.105192  3.18157  
0.342411  2.66048  0.388377  2.39092  
