0.30053  0.873536  21.5308  0.508359  0.942921  17.3905  
0.854441  0.424517  17.5697  0.16474  0.867235  19.7546  
0.534439  0.430312  18.1697  0.404803  0.75251  17.2907  
0.483528  0.903892  19.0845  0.99702  0.444372  17.6922  
0.32065  0.41011  19.6485  0.804624  0.41489  17.1992  
0.345839  0.233917  20.275  0.718521  0.694137  19.064  
0.677045  0.347579  22.1622  0.232067  0.320258  19.6074  
0.480706  0.103037  19.9841  0.36753  0.747583  17.9563  
0.502876  0.728207  15.7623  0.733993  0.308767  14.6226  
0.569732  0.874489  16.5294  0.0930164  0.868524  19.844  
0.475438  0.737619  20.0997  0.71255  0.721868  18.2876  
0.482456  0.84017  16.5421  0.869627  0.779033  17.3317  
0.609885  0.74851  16.5563  0.0250916  0.379104  20.3805  
0.954034  0.0820608  18.8183  0.825581  0.498238  19.7666  
0.860101  0.818747  17.7411  0.180597  0.302022  18.0255  
0.667197  0.580269  19.5296  0.528679  0.200594  18.3387  
0.0820495  0.581601  20.6975  0.177192  0.825168  17.1817  
0.0785226  0.800776  18.7521  0.408571  0.864405  15.868  
0.00514697  0.277491  22.2737  0.47665  0.505892  19.0659  
0.0550163  0.455184  22.3146  0.787764  0.0674116  19.6263  
0.803364  0.977486  17.3854  0.573814  0.124796  20.1283  
0.421543  0.259892  20.5025  0.376983  0.116685  18.0459  
0.738392  0.737938  16.976  0.741182  0.553684  20.3111  
0.965632  0.418903  17.3909  0.0422425  0.339202  21.0565  
0.144366  0.984272  21.1677  0.0381906  0.86606  14.9794  
0.85572  0.691859  13.7714  0.642478  0.560318  18.2632  
0.31659  0.622434  18.2537  0.671504  0.857915  19.3963  
0.654031  0.0224607  20.0714  0.724653  0.194593  18.7902  
0.977295  0.820566  16.0364  0.336883  0.81231  21.4621  
0.958316  0.349124  16.4498  0.697614  0.595123  19.2543  
0.186733  0.460645  18.5039  0.700991  0.0198243  17.3764  
0.890911  0.096346  14.9154  0.310541  0.705365  17.9435  
0.94384  0.771092  19.3702  0.203628  0.0214805  18.068  
0.663398  0.182188  19.5861  0.96576  0.464936  20.5946  
0.555661  0.712687  20.4671  0.740453  0.121805  22.2226  
0.879606  0.314376  15.2878  0.688177  0.383607  18.9508  
0.769969  0.807979  15.733  0.483902  0.00696228  17.9351  
0.26495  0.657459  17.2186  0.567629  0.606332  16.9488  
0.392513  0.651526  19.2508  0.139436  0.980426  16.8153  
0.210969  0.526022  19.5576  0.387894  0.198663  18.0057  
0.680204  0.499057  20.5729  0.911903  0.0439276  15.8843  
0.479437  0.947785  19.7347  0.772094  0.538391  15.8851  
0.904248  0.0141843  18.7098  0.280295  0.778168  18.5807  
0.0467885  0.700557  19.5106  0.0564047  0.116056  21.0265  
0.598851  0.374074  21.4322  0.85497  0.00298949  16.9886  
0.73767  0.981317  18.3203  0.734363  0.33026  16.3521  
0.797394  0.073614  16.655  0.301573  0.579149  18.5685  
0.15526  0.70111  16.627  0.839226  0.97794  16.7249  
0.24228  0.439906  17.0296  0.439932  0.470268  21.6667  
0.814542  0.365104  19.1159  0.384693  0.961494  20.1263  
0.499645  0.522532  22.9895  0.177748  0.923418  18.8406  
0.53036  0.432777  21.244  0.193442  0.543962  17.5112  
0.216847  0.705717  19.0208  0.333148  0.282307  16.1704  
0.51636  0.00434689  22.3223  0.740122  0.95183  14.3642  
0.953647  0.129504  21.5029  0.472481  0.6099  19.4336  
0.604441  0.89362  19.4049  0.560629  0.880491  17.7075  
0.00258382  0.607443  19.6805  0.19041  0.924086  16.8006  
0.257681  0.680996  19.332  0.268276  0.948492  17.1523  
0.662646  0.704668  16.6796  0.722963  0.537064  20.2821  
0.482112  0.53203  20.8626  0.506989  0.996377  18.4502  
0.603402  0.718172  19.9364  0.162601  0.739547  18.2537  
0.468976  0.503847  21.2196  0.543443  0.18936  18.8631  
0.0994363  0.0781921  20.6966  0.681399  0.425192  18.2605  
0.195675  0.245839  20.5955  0.982981  0.690653  21.0557  
0.542342  0.0653446  23.1108  0.241197  0.201242  19.0056  
0.153357  0.764727  20.5197  0.236062  0.690017  19.4717  
0.580667  0.884179  16.823  0.897422  0.539573  19.4559  
0.457716  0.217571  16.9896  0.548568  0.397176  22.2116  
0.844044  0.956523  17.2485  0.288037  0.6521  20.0424  
0.267632  0.485623  18.544  0.43294  0.420591  16.8238  
0.207908  0.951584  19.401  0.604035  0.859348  18.3369  
0.437494  0.744074  17.6438  0.812608  0.754916  17.2973  
0.600269  0.601825  19.1105  0.323198  0.713474  16.9672  
0.527865  0.645942  18.8564  0.189275  0.207272  17.9837  
0.122018  0.116839  17.9078  0.0983522  0.468356  19.7813  
0.031521  0.865139  17.3541  0.416678  0.800329  15.622  
0.192638  0.0484949  18.0383  0.316556  0.665089  17.7308  
0.632891  0.0918907  17.9496  0.324207  0.354229  19.6158  
0.17048  0.287093  20.6319  0.581903  0.278878  18.646  
0.538178  0.240861  19.7173  0.199319  0.0304385  19.118  
0.0197213  0.00633409  20.5523  0.000364013  0.640929  19.1494  
0.377624  0.997334  16.8898  0.615887  0.14  20.4596  
0.625337  0.719188  18.0224  0.173689  0.52845  18.4654  
0.689396  0.753949  13.4746  0.856755  0.231898  16.8272  
0.958559  0.578683  19.8794  0.542897  0.907986  20.0067  
0.618821  0.44248  18.455  0.364332  0.166412  20.3676  
0.99745  0.552488  20.0343  0.869961  0.448294  16.9215  
0.510952  0.397535  17.1659  0.154287  0.721358  17.4416  
0.94098  0.174582  18.1899  0.0549806  0.345754  17.0638  
0.166635  0.130452  19.6058  0.104486  0.685052  18.5009  
0.636827  0.647075  17.4012  0.579179  0.31872  19.8758  
0.486971  0.947075  17.5203  0.138267  0.460045  17.0922  
0.169422  0.585393  18.9327  0.964497  0.698376  17.6528  
0.284111  0.148549  18.7846  0.128503  0.251374  19.2437  
0.504766  0.255147  21.1252  0.208814  0.195763  19.3922  
0.402349  0.257844  16.7534  0.719448  0.328832  19.0133  
0.92868  0.746078  16.8458  0.478098  0.734562  17.0962  
0.0522769  0.365006  17.4328  0.363656  0.122832  23.4297  
0.919348  0.484471  18.5066  0.379005  0.469556  20.4945  
0.637948  0.00609212  17.5269  0.194001  0.671456  19.9657  
0.909538  0.481315  9.81726  0.749759  0.00970874  8.36932  
0.000948906  0.129778  12.0053  0.000948906  0.129778  12.0053  
0.89709  0.294074  7.91374  0.84841  0.81734  4.23215  
0.276751  0.875119  6.87668  0.820318  0.29514  10.441  
0.0126842  0.00634933  9.49591  0.909538  0.481315  9.81726  
0.749759  0.00970874  8.40947  0.460132  0.0383619  13.3668  
0.84841  0.81734  4.23215  0.0126842  0.00634933  9.49591  
0.460132  0.0383619  13.3668  0.89709  0.294074  7.91374  
0.231242  0.200019  10.8789  0.231242  0.200019  10.8789  
0.820318  0.29514  10.441  0.276751  0.875119  6.87668  
0.809938  0.109265  11.0812  0.532294  0.216647  9.64958  
0.217811  0.582422  11.3799  0.776392  0.984159  10.3156  
0.845068  0.801436  7.12853  0.0254259  0.0625957  10.7436  
0.098742  0.99366  10.979  0.809938  0.109265  11.0812  
0.532294  0.216647  9.64958  0.008343  0.808372  10.1688  
0.580533  0.255613  9.56439  0.098742  0.99366  10.979  
0.008343  0.808372  10.1688  0.580533  0.255613  9.56439  
0.301625  0.776278  13.0716  0.217811  0.582422  11.3799  
0.776392  0.984159  10.3156  0.845068  0.801436  7.12853  
0.0254259  0.0625957  10.7436  0.301625  0.776278  13.0716  
0.724237  0.983007  9.19244  0.735313  0.155958  10.8659  
0.735313  0.155958  10.8659  0.621415  0.416801  13.928  
0.18716  0.803456  9.0533  0.63332  0.291525  10.3222  
0.619114  0.952144  9.66575  0.724237  0.983007  9.19244  
0.862707  0.319723  10.0092  0.619114  0.952144  9.66575  
0.621415  0.416801  13.928  0.18716  0.803456  9.0533  
0.827047  0.126475  11.0635  0.862707  0.319723  10.0092  
0.63332  0.291525  10.3222  0.017519  0.226789  13.7219  
0.113581  0.473279  12.0512  0.113581  0.473279  12.0512  
0.017519  0.226789  13.7219  0.827047  0.126475  11.0635  
0.90091  0.527465  11.4151  0.170893  0.227526  11.4807  
0.206002  0.00261061  9.28558  0.648481  0.289127  7.95528  
0.648481  0.289127  7.95528  0.731739  0.0638758  9.11172  
0.535695  0.05953  14.8401  0.28542  0.762065  7.54117  
0.216999  0.60449  12.86  0.444962  0.150894  10.3765  
0.28542  0.762065  7.54117  0.216999  0.60449  12.86  
0.731739  0.0638758  9.11172  0.535695  0.05953  14.8401  
0.170893  0.227526  11.4807  0.90091  0.527465  10.6378  
0.123971  0.86508  9.61469  0.123971  0.86508  9.61469  
0.444962  0.150894  10.3765  0.206002  0.00261061  9.28558  
0.460132  0.0383619  13.3668  0.909538  0.481315  9.81726  
0.89709  0.294074  7.91374  0.000948906  0.129778  12.0053  
0.84841  0.81734  4.23215  0.749759  0.00970874  8.40947  
0.276751  0.875119  6.87668  0.231242  0.200019  10.8789  
0.0126842  0.00634933  9.49591  0.89709  0.294074  7.91374  
0.909538  0.481315  9.81726  0.820318  0.29514  10.441  
0.000948906  0.129778  12.0053  0.460132  0.0383619  12.7825  
0.231242  0.200019  10.8789  0.0126842  0.00634933  9.49591  
0.749759  0.00970874  8.40947  0.276751  0.875119  6.87668  
0.820318  0.29514  10.441  0.84841  0.81734  4.23215  
0.000867381  0.854949  4.31717  0.855113  0.709814  3.32519  
0.214811  0.21306  5.19865  0.807012  0.795672  2.88252  
0.710604  0.84432  3.33068  0.858513  0.224845  4.25197  
0.000325493  0.000403518  6.01428  0.853196  0.000407437  4.32094  
0.22348  0.854048  3.90369  0.859813  0.858114  2.62214  
0.859813  0.858114  2.62214  0.710604  0.84432  3.33068  
0.807012  0.795672  2.88252  0.214811  0.21306  5.19865  
0.858513  0.224845  3.90114  0.000325493  0.000403518  6.01428  
0.853196  0.000407437  4.32094  0.22348  0.854048  3.90369  
0.855113  0.709814  3.32519  0.000867381  0.854949  4.31717  
0.19909  0.0261115  10.781  0.868169  0.913339  6.08631  
0.0444152  0.0629985  16.3356  0.19909  0.0261115  10.781  
0.852729  0.184421  6.62602  0.0326213  0.0301913  11.9343  
0.416291  0.267943  13.3414  0.739505  0.788937  5.16331  
0.158766  0.075373  8.11756  0.847818  0.641522  9.28709  
0.847818  0.641522  8.71164  0.158766  0.075373  8.11756  
0.0326213  0.0301913  11.9343  0.0444152  0.0629985  16.3356  
0.868169  0.913339  6.08631  0.852729  0.184421  6.62602  
0.830899  0.902736  8.17702  0.830899  0.902736  8.17702  
0.739505  0.788937  5.16331  0.416291  0.267943  13.3414  
0.0194681  0.729343  8.65907  0.757261  0.0191716  12.9891  
0.310282  0.80117  8.94717  0.878531  0.835431  5.57746  
0.854151  0.24125  8.23671  0.0194681  0.729343  8.65907  
0.757261  0.0191716  12.9891  0.236511  0.593272  12.0811  
0.420181  0.728012  10.9281  0.00830797  0.0443  11.4112  
0.236511  0.593272  12.0811  0.232978  0.865814  7.71038  
0.878531  0.835431  5.57746  0.786683  0.907272  8.04318  
0.00830797  0.0443  11.4112  0.310282  0.80117  8.94717  
0.232978  0.865814  7.67198  0.854151  0.24125  8.23671  
0.786683  0.907272  8.04318  0.420181  0.728012  10.9281  
0.263599  0.681674  7.77087  0.865186  0.78282  5.63721  
0.708474  0.634702  13.0145  0.830311  0.115313  12.677  
0.288385  0.795521  11.3282  0.288385  0.795521  11.1149  
0.865186  0.78282  5.63721  0.104729  0.447882  13.2572  
0.148864  0.27384  10.9436  0.245461  0.738171  11.0529  
0.921944  0.327867  5.91703  0.921944  0.327867  5.91703  
0.104729  0.447882  13.2572  0.708474  0.634702  13.0145  
0.830311  0.115313  12.677  0.148864  0.27384  10.9436  
0.245461  0.738171  11.0529  0.263599  0.681674  7.77087  
0.268715  0.63289  10.688  0.268715  0.63289  10.688  
0.83859  0.242521  6.935  0.359822  0.822831  10.8339  
0.314957  0.246244  10.1686  0.314957  0.246244  10.1686  
0.968906  0.342942  10.646  0.519822  0.125928  12.1643  
0.357029  0.565798  10.9455  0.0297915  0.482234  12.8603  
0.359822  0.822831  10.8339  0.83859  0.242521  6.935  
0.0297915  0.482234  12.8603  0.708039  0.415562  10.6173  
0.683402  0.716836  10.7693  0.397614  0.167298  11.1984  
0.708039  0.415562  10.6173  0.357029  0.565798  10.9455  
0.519822  0.125928  12.1643  0.968906  0.342942  10.646  
0.397614  0.167298  11.1984  0.683402  0.716836  10.7693  
0.879526  0.863658  4.64769  0.317838  0.243222  6.05449  
0.33843  0.750808  7.1638  0.76155  0.0620993  6.00851  
0.838965  0.898994  3.18207  0.0280787  0.0365366  9.02336  
0.152319  0.210237  5.77468  0.288085  0.231703  7.76414  
0.03538  0.00701467  6.19129  0.62869  0.095723  8.57532  
0.837294  0.924472  5.54118  0.571239  0.00119579  7.48513  
0.24306  0.842086  5.32975  0.80157  0.839732  5.88413  
0.870777  0.743099  6.05582  0.846551  0.117982  4.32251  
0.242631  0.20098  10.0872  0.76083  0.989585  5.58965  
0.000244262  0.113075  8.75176  0.215926  0.826258  8.45899  
0.099953  0.345633  7.65063  0.79387  0.264611  6.61013  
0.958673  0.311389  7.08067  0.958673  0.311389  7.08067  
0.22737  0.926578  7.07674  0.099953  0.345633  7.65063  
0.838815  0.875816  6.46752  0.22737  0.926578  7.07674  
0.298343  0.773135  4.7251  0.0306107  0.0262686  7.64141  
0.0338938  0.815864  5.62333  0.298343  0.773135  4.7251  
0.685995  0.18477  7.99668  0.838815  0.875816  6.46752  
0.25035  0.174785  7.48318  0.685995  0.18477  7.99668  
0.0306107  0.0262686  7.64141  0.0338938  0.815864  5.62333  
0.79387  0.264611  6.61013  0.25035  0.174785  7.48318  
0.838965  0.71792  4.65512  0.786186  0.0145766  7.92597  
0.00226008  0.0791595  6.93062  0.152319  0.210237  6.95886  
0.242631  0.643755  9.96064  0.000500795  0.852092  6.59971  
0.786186  0.0145766  7.92597  0.242631  0.643755  9.96064  
0.152319  0.210237  6.95886  0.726417  0.110118  8.51072  
0.200638  0.863658  5.40684  0.200638  0.863658  5.40833  
0.830393  0.944505  3.13781  0.838965  0.71792  4.65512  
0.000500795  0.852092  6.59971  0.00226008  0.0791595  6.93062  
0.726417  0.110118  8.51072  0.830393  0.944505  3.13781  
0.794112  0.834996  3.00643  0.794112  0.834996  3.00643  
0.571239  0.00119579  7.48513  0.120918  0.345633  7.44671  
0.317838  0.243222  6.05449  0.298343  0.000407437  5.95847  
0.215926  0.826258  8.45899  0.0363796  0.116688  7.97507  
0.80157  0.839732  5.88413  0.126964  0.926578  5.66766  
0.76155  0.0620993  6.00851  0.376187  0.18477  10.0191  
0.846551  0.117982  4.32251  0.0306107  0.0352825  6.85668  
0.76083  0.989585  5.58965  0.15991  0.946064  4.47296  
0.288085  0.231703  7.76414  0.935352  0.311389  6.40864  
0.0280787  0.0365366  9.02336  0.823591  0.818174  8.33377  
0.62869  0.095723  8.57532  0.79387  0.940344  3.71976  
0.120918  0.345633  7.44671  0.786186  0.0145766  7.92597  
0.15991  0.946064  4.47296  0.794112  0.834996  3.00643  
0.823591  0.818174  8.33377  0.838965  0.71792  4.65512  
0.79387  0.940344  3.71976  0.242631  0.643755  9.96064  
0.935352  0.311389  6.40864  0.830393  0.944505  3.13781  
0.298343  0.000407437  5.95847  0.200638  0.863658  5.40833  
0.0363796  0.116688  7.97507  0.152319  0.210237  6.95886  
0.0306107  0.0352825  6.25653  0.00226008  0.0791595  6.93062  
0.126964  0.926578  5.66766  0.726417  0.110118  8.51072  
0.376187  0.18477  10.0191  0.000500795  0.852092  6.59971  
0.332408  0.930502  8.57666  0.25667  0.855865  6.39955  
0.96942  0.440338  5.77034  0.842448  0.677222  4.5849  
0.25667  0.855865  7.55027  0.70961  0.345691  8.01715  
0.266942  0.122322  7.49587  0.688182  0.982284  5.61498  
0.752496  0.926578  7.5244  0.866153  0.854105  4.07403  
0.70961  0.345691  8.01715  0.266942  0.122322  7.49587  
0.688182  0.982284  5.61498  0.148461  0.0787376  7.02536  
0.842448  0.677222  4.5849  0.96942  0.440338  5.77034  
0.866153  0.854105  4.07403  0.332408  0.930502  8.57666  
0.148461  0.0787376  7.02536  0.752496  0.926578  7.5244  
0.801044  0.798608  2.8799  0.794112  0.834996  3.00643  
0.227712  0.857704  3.88836  0.00226008  0.0791595  6.93062  
0.853196  0.000407437  4.30812  0.200638  0.863658  5.40833  
0.847098  0.709814  3.32237  0.786186  0.0145766  7.92597  
0.000325493  9.23806e-05  5.99962  0.242631  0.643755  9.96064  
0.710604  0.841  3.3237  0.830393  0.944505  3.13781  
0.857356  0.224845  3.89045  0.838965  0.71792  4.65512  
0.000286221  0.852134  4.30881  0.726417  0.110118  8.51072  
0.858349  0.857754  2.61427  0.152319  0.210237  6.95886  
0.213756  0.213392  5.18679  0.000500795  0.852092  6.59971  
0.794192  0.248613  4.96702  0.858349  0.857754  2.61427  
0.1197  0.84719  6.09763  0.000325493  9.23806e-05  5.99962  
0.87437  0.167097  6.33364  0.853196  0.000407437  4.30812  
0.855256  0.766139  3.04722  0.000286221  0.852134  4.30881  
0.0896848  0.0449588  9.77231  0.213756  0.213392  5.18679  
0.14538  0.794887  4.98136  0.847098  0.709814  3.32237  
0.826295  0.781875  6.26009  0.801044  0.798608  2.8799  
0.000500795  0.00119579  7.79112  0.710604  0.841  3.3237  
0.280253  0.194587  5.67393  0.227712  0.857704  3.88836  
0.227432  0.922198  8.46807  0.857356  0.224845  3.89045  
0.879526  0.863658  4.64769  0.280253  0.194587  5.67393  
0.03538  0.00701467  6.19129  0.0896848  0.0449588  9.77231  
0.24306  0.842086  5.32975  0.14538  0.794887  4.98136  
0.242631  0.20098  10.0872  0.000500795  0.00119579  7.79112  
0.33843  0.750808  7.1638  0.87437  0.167097  6.33364  
0.838965  0.898994  3.18207  0.227432  0.922198  8.46807  
0.000244262  0.113075  8.75176  0.826295  0.781875  6.26009  
0.870777  0.743099  6.05582  0.1197  0.84719  6.09763  
0.837294  0.924472  5.54118  0.855256  0.766139  3.46633  
0.152319  0.210237  5.77468  0.794192  0.248613  4.96702  
0.298343  0.000407437  5.95847  0.120918  0.345633  7.44671  
0.376187  0.18477  10.0191  0.126964  0.926578  5.66766  
0.823591  0.818174  8.33377  0.376187  0.18477  10.0191  
0.79387  0.940344  3.71976  0.79387  0.940344  3.71976  
0.0306107  0.0352825  6.25653  0.0363796  0.116688  7.97507  
0.15991  0.946064  4.47296  0.298343  0.000407437  5.95847  
0.0363796  0.116688  7.97507  0.935352  0.311389  6.40864  
0.120918  0.345633  7.44671  0.823591  0.818174  8.33377  
0.126964  0.926578  5.66766  0.0306107  0.0352825  6.25653  
0.935352  0.311389  6.40864  0.15991  0.946064  4.47296  
0.780522  0.000253622  4.53341  0.921321  0.721489  3.3785  
0.0745362  0.80046  4.3145  0.303771  0.701599  6.02393  
0.823472  0.700465  4.77645  0.944765  0.182786  5.16039  
0.112508  0.77534  5.69128  0.854676  0.196349  5.9224  
0.854676  0.774043  5.46859  0.818094  0.897053  2.73509  
0.877846  0.897053  2.68328  0.799999  0.370177  6.45109  
0.077765  0.418321  6.63214  0.852919  0.000253622  5.55978  
0.0401877  0.182786  5.58149  0.823472  0.854876  2.66442  
0.870971  0.309043  5.18448  0.0939426  0.80046  4.27052  
0.266771  0.600409  5.59123  0.0252842  0.0766928  6.54522  
0.852919  0.000253622  5.55978  0.266771  0.600409  5.59123  
0.0939426  0.80046  4.27052  0.0745362  0.80046  4.3145  
0.823472  0.854876  2.66442  0.077765  0.418321  6.63214  
0.818094  0.897053  2.73509  0.877846  0.897053  2.68328  
0.799999  0.370177  6.45109  0.854676  0.774043  5.46859  
0.921321  0.721489  3.3785  0.823472  0.700465  4.77645  
0.303771  0.701599  6.02393  0.112508  0.77534  5.69128  
0.0252842  0.0766928  6.54522  0.780522  0.000253622  4.53341  
0.944765  0.182786  5.16039  0.870971  0.309043  5.18448  
0.854676  0.196349  5.9224  0.0401877  0.182786  5.58149  
0.0578651  0.721489  5.77275  0.780522  0.000253622  4.53341  
0.750016  0.0976311  5.88393  0.870971  0.309043  5.18448  
0.14046  0.638299  6.50505  0.0745362  0.80046  4.3145  
0.823472  0.109839  4.15231  0.112508  0.77534  5.69128  
0.123389  0.0766928  6.5158  0.266771  0.600409  5.59123  
0.854676  0.000253622  5.24616  0.0401877  0.182786  5.58149  
0.696096  0.701599  5.52454  0.877846  0.897053  2.68328  
0.0745362  0.80046  4.54913  0.077765  0.418321  6.63214  
0.804573  0.717373  3.37293  0.823472  0.700465  4.77645  
0.284637  0.897053  3.95212  0.854676  0.774043  5.46859  
0.0745362  0.80046  4.3145  0.14046  0.638299  6.50505  
0.870971  0.309043  5.18448  0.123389  0.0766928  6.5158  
0.780522  0.0188089  4.51153  0.0578651  0.721489  5.77275  
0.112508  0.77534  6.76913  0.696096  0.701599  5.52454  
0.854676  0.774043  5.46859  0.284637  0.897053  3.95212  
0.823472  0.700465  4.77645  0.854676  0.000253622  5.24616  
0.943403  0.268081  4.41811  0.750016  0.0976311  5.88393  
0.0401877  0.182786  5.58149  0.823472  0.109839  4.15231  
0.077765  0.418321  6.63214  0.804573  0.717373  3.37293  
0.877846  0.897053  2.68328  0.0745362  0.80046  4.54913  
0.821174  0.250382  5.87953  0.188889  0.143202  6.68311  
0.771068  0.767216  3.19663  0.84696  0.85347  2.62144  
0.188889  0.143202  6.68311  0.212656  0.335698  5.26614  
0.00317196  0.00413889  7.33211  0.821174  0.250382  5.87953  
0.828707  0.000253622  5.22299  0.856883  0.113141  4.09507  
0.856883  0.113141  4.09507  0.771068  0.767216  3.19663  
0.212656  0.335698  5.26614  0.00317196  0.00413889  7.33211  
0.84696  0.85347  2.62144  0.818094  0.054669  4.29063  
0.818094  0.054669  4.29063  0.828707  0.000253622  5.22299  
0.368669  0.127861  6.44312  0.368669  0.127861  6.44312  
0.00033949  0.000278453  5.99938  0.846545  0.709814  3.32289  
0.846545  0.709814  3.32289  0.213991  0.214068  5.18583  
0.801044  0.798608  2.88001  0.00033949  0.000278453  5.99938  
0.857356  0.224845  3.89044  0.801044  0.798608  2.88001  
0.710604  0.841  3.32367  0.857356  0.224845  3.89044  
0.213991  0.214068  5.18583  0.710604  0.841  3.32367  
0.853266  0.000262323  4.30822  0.227712  0.857628  3.88836  
0.000286221  0.852856  4.3084  0.853266  0.000262323  4.30822  
0.858099  0.857754  2.6142  0.000286221  0.852856  4.3084  
0.227712  0.857628  3.88836  0.858099  0.857754  2.6142  
0.823472  0.854876  2.66442  0.852919  0.000253622  5.55978  
0.944765  0.182786  5.16039  0.944765  0.182786  5.16039  
0.921321  0.721489  3.3785  0.818094  0.897053  2.73509  
0.0939426  0.80046  4.27052  0.303771  0.701599  6.02393  
0.303771  0.701599  6.02393  0.0939426  0.80046  4.27052  
0.854676  0.196349  5.9224  0.823472  0.854876  2.66442  
0.852919  0.000253622  5.55978  0.0252842  0.0766928  6.54522  
0.0252842  0.0766928  6.54522  0.854676  0.196349  5.9224  
0.818094  0.897053  2.73509  0.921321  0.721489  3.3785  
0.799999  0.370177  5.44633  0.799999  0.370177  5.44633  
0.266771  0.600409  5.59123  0.266771  0.600409  5.59123  
0.823472  0.936588  4.23268  0.0401877  0.182786  5.58149  
0.0401877  0.182786  5.58149  0.210089  0.000253622  5.59692  
0.870971  0.309043  4.28506  0.877846  0.897053  2.68328  
0.0745362  0.80046  4.3145  0.077765  0.151985  6.44757  
0.077765  0.151985  6.44757  0.0745362  0.80046  4.3145  
0.877846  0.897053  2.68328  0.112508  0.00413889  7.1247  
0.265453  0.774043  6.73678  0.265453  0.774043  6.73678  
0.210089  0.000253622  5.59692  0.870971  0.309043  4.28506  
0.112508  0.00413889  7.1247  0.823472  0.936588  4.23268  
0.877846  0.897053  2.68328  0.077765  0.418321  6.63214  
0.210089  0.000253622  5.59692  0.0745362  0.80046  4.3145  
0.823472  0.936588  4.23268  0.877846  0.897053  2.68328  
0.870971  0.309043  4.28506  0.266771  0.600409  5.59123  
0.266771  0.600409  5.59123  0.823472  0.936588  4.23268  
0.265453  0.774043  6.73678  0.0401877  0.182786  5.58149  
0.0745362  0.80046  4.3145  0.112508  0.00413889  7.1247  
0.0401877  0.182786  5.58149  0.210089  0.000253622  5.59692  
0.077765  0.418321  6.63214  0.870971  0.309043  4.28506  
0.112508  0.00413889  7.1247  0.265453  0.774043  6.73678  
0.877846  0.897053  2.68328  0.0401877  0.182786  5.58149  
0.112508  0.77534  5.69128  0.854676  0.774043  5.46859  
0.823472  0.700465  4.77645  0.823472  0.700465  4.77645  
0.0745362  0.80046  4.3145  0.0745362  0.80046  4.3145  
0.077765  0.418321  6.63214  0.870971  0.309043  5.18448  
0.266771  0.600409  5.59123  0.112508  0.77534  6.76913  
0.870971  0.309043  5.18448  0.780522  0.0188089  4.51153  
0.854676  0.774043  5.46859  0.877846  0.13451  4.05754  
0.780522  0.000253622  4.53341  0.943403  0.268081  4.41811  
0.0401877  0.182786  5.58149  0.077765  0.418321  6.63214  
0.857542  0.227778  3.88833  0.214236  0.214196  5.18544  
0.214236  0.214196  5.18544  0.857542  0.227778  3.88833  
0.695337  0.857428  3.42621  0.000336161  0.000324258  5.99934  
0.22621  0.857609  3.88941  0.710532  0.840798  3.3245  
0.710532  0.840798  3.3245  0.000286221  0.853563  4.30805  
0.000286221  0.853563  4.30805  0.853386  0.000262323  4.30816  
0.765586  0.000324258  5.55111  0.765586  0.000324258  5.55111  
0.853386  0.000262323  4.30816  0.859251  0.857428  2.61416  
0.849157  0.709567  3.3224  0.849157  0.709567  3.3224  
0.000336161  0.000324258  5.99934  0.22621  0.857609  3.88941  
0.857542  0.227778  3.88833  0.853386  0.000262323  4.30816  
0.859251  0.857428  2.61416  0.214236  0.214196  5.18544  
0.214236  0.214196  5.18544  0.859251  0.857428  2.61416  
0.765586  0.000324258  5.55111  0.000286221  0.853563  4.30805  
0.000286221  0.853563  4.30805  0.765586  0.000324258  5.55111  
0.849157  0.709567  3.3224  0.000336161  0.000324258  5.99934  
0.000336161  0.000324258  5.99934  0.857542  0.227778  3.88833  
0.710532  0.840798  3.3245  0.849157  0.709567  3.3224  
0.22621  0.857609  3.88941  0.710532  0.840798  3.3245  
0.853386  0.000262323  4.30816  0.22621  0.857609  3.88941  
0.000286221  0.853563  4.30805  0.000286221  0.853273  4.30819  
0.849157  0.709567  3.3224  0.710532  0.840783  3.32452  
0.857542  0.227778  3.88833  0.852994  0.000262323  4.30835  
0.710532  0.840798  3.3245  0.845755  0.709814  3.3237  
0.214236  0.214196  5.18544  0.859251  0.857428  2.61416  
0.853386  0.000262323  4.30816  0.214236  0.214196  5.18544  
0.22621  0.857609  3.88941  0.857542  0.227778  3.88833  
0.859251  0.857428  2.61416  0.000336161  0.000324258  5.99934  
0.765586  0.000324258  4.61933  0.801044  0.798608  2.87989  
0.000336161  0.000324258  5.99934  0.227712  0.857609  3.88837  
0.853386  0.000262323  4.30816  0.22621  0.857609  3.88941  
0.849157  0.709567  3.3224  0.765586  0.000324258  4.61933  
0.000286221  0.853563  4.30805  0.857542  0.227778  3.88833  
0.22621  0.857609  3.88941  0.853386  0.000262323  4.30816  
0.710532  0.840798  3.3245  0.859251  0.857428  2.61416  
0.765586  0.000324258  5.55111  0.000286221  0.853563  4.30805  
0.000336161  0.000324258  5.99934  0.214236  0.214196  5.18544  
0.214236  0.214196  5.18544  0.849157  0.709567  3.3224  
0.859251  0.857428  2.61416  0.000336161  0.000324258  5.99934  
0.857542  0.227778  3.88833  0.710532  0.840798  3.3245  
0.859251  0.857428  2.61416  0.845755  0.709814  3.3237  
0.710532  0.840798  3.3245  0.227712  0.857609  3.88837  
0.214236  0.214196  5.18544  0.857542  0.227778  3.88833  
0.22621  0.857609  3.88941  0.710532  0.840783  3.32452  
0.853386  0.000262323  4.30816  0.000336161  0.000324258  5.99934  
0.765586  0.000324258  5.55111  0.801044  0.798608  2.87989  
0.000286221  0.853563  4.30805  0.859251  0.857428  2.61416  
0.000336161  0.000324258  5.99934  0.852994  0.000262323  4.30835  
0.849157  0.709567  3.3224  0.214236  0.214196  5.18544  
0.857542  0.227778  3.88833  0.000286221  0.853273  4.30819  
0.852994  0.000262323  4.30835  0.000286221  0.853563  4.30805  
0.710532  0.840783  3.32452  0.857542  0.227778  3.88833  
0.801044  0.798608  2.87989  0.859251  0.857428  2.61416  
0.845755  0.709814  3.3237  0.849157  0.709567  3.3224  
0.859251  0.857428  2.61416  0.000336161  0.000324258  5.99934  
0.000336161  0.000324258  5.99934  0.214236  0.214196  5.18544  
0.227712  0.857609  3.88837  0.710532  0.840798  3.3245  
0.214236  0.214196  5.18544  0.853386  0.000262323  4.30816  
0.000286221  0.853273  4.30819  0.22621  0.393799  5.40094  
0.857542  0.227778  3.88833  0.765586  0.898645  3.91908  
0.801044  0.798608  2.87989  0.853386  0.000262323  4.30816  
0.710532  0.840783  3.32452  0.22621  0.393799  5.40094  
0.000336161  0.000324258  5.99934  0.857542  0.227778  3.88833  
0.859251  0.857428  2.61416  0.859251  0.857428  2.61416  
0.857542  0.227778  3.88833  0.000336161  0.000324258  5.99934  
0.845755  0.709814  3.3237  0.710532  0.840798  3.3245  
0.852994  0.000262323  4.30835  0.000286221  0.853563  4.30805  
0.214236  0.214196  5.18544  0.765586  0.898645  3.91908  
0.000286221  0.853273  4.30819  0.214236  0.214196  5.18544  
0.227712  0.857609  3.88837  0.849157  0.709567  3.3224  
0.859251  0.857428  2.61416  0.710532  0.840798  3.3245  
0.765586  0.898645  3.91908  0.849157  0.709567  3.3224  
0.710532  0.840798  3.3245  0.853386  0.000262323  4.30816  
0.853386  0.000262323  4.30816  0.765586  0.000324258  5.55111  
0.22621  0.393799  5.40094  0.000286221  0.853563  4.30805  
0.214236  0.214196  5.18544  0.000336161  0.000324258  5.99934  
0.849157  0.709567  3.3224  0.22621  0.857609  3.88941  
0.857542  0.227778  3.88833  0.857542  0.227778  3.88833  
0.000336161  0.000324258  5.99934  0.214236  0.214196  5.18544  
0.000286221  0.853563  4.30805  0.859251  0.857428  2.61416  
0.000336161  0.000324258  5.99934  0.22621  0.393799  5.40094  
0.214236  0.214196  5.18544  0.765586  0.898645  3.91908  
0.849157  0.709567  3.3224  0.859251  0.857428  2.61416  
0.857542  0.227778  3.88833  0.214236  0.214196  5.18544  
0.22621  0.393799  5.40094  0.857542  0.227778  3.88833  
0.853386  0.000262323  4.30816  0.000286221  0.853563  4.30805  
0.765586  0.898645  3.91908  0.853386  0.000262323  4.30816  
0.710532  0.840798  3.3245  0.000336161  0.000324258  5.99934  
0.859251  0.857428  2.61416  0.710532  0.840798  3.3245  
0.000286221  0.853563  4.30805  0.849157  0.709567  3.3224  
0.765586  0.898645  3.91908  0.765586  0.000324258  5.55111  
0.859251  0.857428  2.61416  0.000336161  0.000324258  5.99934  
0.000336161  0.000324258  5.99934  0.214236  0.214196  5.18544  
0.214236  0.214196  5.18544  0.857542  0.227778  3.88833  
0.849157  0.709567  3.3224  0.710532  0.840798  3.3245  
0.22621  0.393799  5.40094  0.000286221  0.853563  4.30805  
0.853386  0.000262323  4.30816  0.849157  0.709567  3.3224  
0.857542  0.227778  3.88833  0.859251  0.857428  2.61416  
0.710532  0.840798  3.3245  0.853386  0.000262323  4.30816  
0.000286221  0.853563  4.30805  0.22621  0.857609  3.88941  
0.800978  0.798608  2.88017  0.22775  0.857575  3.88835  
0.85873  0.857428  2.61418  0.214302  0.214288  5.18528  
0.848464  0.709521  3.32332  0.710532  0.840783  3.32452  
0.710532  0.840783  3.32452  0.85757  0.227778  3.88833  
0.214302  0.214288  5.18528  0.85873  0.857428  2.61418  
0.000336161  0.000324258  5.99934  0.848464  0.709521  3.32332  
0.22775  0.857575  3.88835  0.000248766  0.852799  4.30846  
0.852994  0.000262323  4.30835  0.852994  0.000262323  4.30835  
0.85757  0.227778  3.88833  0.800978  0.798608  2.88017  
0.000248766  0.852799  4.30846  0.000336161  0.000324258  5.99934  
0.214302  0.214288  5.18528  0.852994  0.000262323  4.30835  
0.22775  0.857575  3.88835  0.800978  0.798608  2.88017  
0.000248766  0.852799  4.30846  0.000248766  0.852799  4.30846  
0.710532  0.840783  3.32452  0.848464  0.709521  3.32332  
0.85757  0.227778  3.88833  0.000336161  0.000324258  5.99934  
0.000336161  0.000324258  5.99934  0.22775  0.857575  3.88835  
0.848464  0.709521  3.32332  0.85873  0.857428  2.61418  
0.800978  0.798608  2.88017  0.214302  0.214288  5.18528  
0.852994  0.000262323  4.30835  0.85757  0.227778  3.88833  
0.85873  0.857428  2.61418  0.710532  0.840783  3.32452  
0.800978  0.798608  2.88017  0.22775  0.857575  3.88835  
0.000336161  0.000324258  5.99934  0.000248766  0.852799  4.30846  
0.214302  0.214288  5.18528  0.000336161  0.000324258  5.99934  
0.85757  0.227778  3.88833  0.848464  0.709521  3.32332  
0.848464  0.709521  3.32332  0.85873  0.857428  2.61418  
0.85873  0.857428  2.61418  0.85757  0.227778  3.88833  
0.710532  0.840783  3.32452  0.214302  0.214288  5.18528  
0.852994  0.000262323  4.30835  0.710532  0.840783  3.32452  
0.000248766  0.852799  4.30846  0.800978  0.798608  2.88017  
0.22775  0.857575  3.88835  0.852994  0.000262323  4.30835  
0.000248766  0.852799  4.30846  0.848464  0.709521  3.32332  
0.852994  0.000262323  4.30835  0.22775  0.857575  3.88835  
0.22775  0.857575  3.88835  0.000336161  0.000324258  5.99934  
0.848464  0.709521  3.32332  0.214302  0.214288  5.18528  
0.214302  0.214288  5.18528  0.852994  0.000262323  4.30835  
0.800978  0.798608  2.88017  0.85873  0.857428  2.61418  
0.710532  0.840783  3.32452  0.710532  0.840783  3.32452  
0.85757  0.227778  3.88833  0.85757  0.227778  3.88833  
0.85873  0.857428  2.61418  0.000248766  0.852799  4.30846  
0.000336161  0.000324258  5.99934  0.800978  0.798608  2.88017  
0.000336161  0.000324258  5.99934  0.000248766  0.852799  4.30846  
0.852994  0.000262323  4.30835  0.710532  0.840783  3.32452  
0.85873  0.857428  2.61418  0.852994  0.000262323  4.30835  
0.214302  0.214288  5.18528  0.85757  0.227778  3.88833  
0.85757  0.227778  3.88833  0.22775  0.857575  3.88835  
0.710532  0.840783  3.32452  0.800978  0.798608  2.88017  
0.800978  0.798608  2.88017  0.214302  0.214288  5.18528  
0.000248766  0.852799  4.30846  0.85873  0.857428  2.61418  
0.848464  0.709521  3.32332  0.000336161  0.000324258  5.99934  
0.22775  0.857575  3.88835  0.848464  0.709521  3.32332  
0.85873  0.857428  2.61418  0.848464  0.709521  3.32332  
0.000336161  0.000324258  5.99934  0.000248766  0.852799  4.30846  
0.800978  0.798608  2.88017  0.22775  0.857575  3.88835  
0.710532  0.840783  3.32452  0.214302  0.214288  5.18528  
0.22775  0.857575  3.88835  0.710532  0.840783  3.32452  
0.852994  0.000262323  4.30835  0.852994  0.000262323  4.30835  
0.000248766  0.852799  4.30846  0.85873  0.857428  2.61418  
0.85757  0.227778  3.88833  0.000336161  0.000324258  5.99934  
0.214302  0.214288  5.18528  0.800978  0.798608  2.88017  
0.848464  0.709521  3.32332  0.85757  0.227778  3.88833  
0.848464  0.709521  3.32332  0.000248766  0.852799  4.30846  
0.22775  0.857575  3.88835  0.85873  0.857428  2.61418  
0.85757  0.227778  3.88833  0.800978  0.798608  2.88017  
0.000248766  0.852799  4.30846  0.710532  0.840783  3.32452  
0.852994  0.000262323  4.30835  0.000336161  0.000324258  5.99934  
0.000336161  0.000324258  5.99934  0.852994  0.000262323  4.30835  
0.800978  0.798608  2.88017  0.85757  0.227778  3.88833  
0.85873  0.857428  2.61418  0.848464  0.709521  3.32332  
0.214302  0.214288  5.18528  0.22775  0.857575  3.88835  
0.710532  0.840783  3.32452  0.214302  0.214288  5.18528  
0.22775  0.857575  3.88835  0.85873  0.857428  2.61418  
0.000336161  0.000324258  5.99934  0.85757  0.227778  3.88833  
0.710532  0.840783  3.32452  0.852994  0.000262323  4.30835  
0.000248766  0.852799  4.30846  0.800978  0.798608  2.88017  
0.852994  0.000262323  4.30835  0.22775  0.857575  3.88835  
0.214302  0.214288  5.18528  0.000248766  0.852799  4.30846  
0.800978  0.798608  2.88017  0.214302  0.214288  5.18528  
0.85757  0.227778  3.88833  0.848464  0.709521  3.32332  
0.85873  0.857428  2.61418  0.710532  0.840783  3.32452  
0.848464  0.709521  3.32332  0.000336161  0.000324258  5.99934  
0.85873  0.857428  2.61418  0.000336161  0.000324258  5.99934  
0.22775  0.857575  3.88835  0.800978  0.798608  2.88017  
0.85757  0.227778  3.88833  0.852994  0.000262323  4.30835  
0.000248766  0.852799  4.30846  0.85757  0.227778  3.88833  
0.710532  0.840783  3.32452  0.214302  0.214288  5.18528  
0.000336161  0.000324258  5.99934  0.22775  0.857575  3.88835  
0.852994  0.000262323  4.30835  0.000248766  0.852799  4.30846  
0.848464  0.709521  3.32332  0.848464  0.709521  3.32332  
0.214302  0.214288  5.18528  0.85873  0.857428  2.61418  
0.800978  0.798608  2.88017  0.710532  0.840783  3.32452  
0.85873  0.857428  2.61418  0.800978  0.798608  2.88017  
0.848464  0.709521  3.32332  0.000248766  0.852799  4.30846  
0.800978  0.798608  2.88017  0.85873  0.857428  2.61418  
0.85757  0.227778  3.88833  0.000336161  0.000324258  5.99934  
0.000248766  0.852799  4.30846  0.214302  0.214288  5.18528  
0.000336161  0.000324258  5.99934  0.710532  0.840783  3.32452  
0.852994  0.000262323  4.30835  0.852994  0.000262323  4.30835  
0.214302  0.214288  5.18528  0.22775  0.857575  3.88835  
0.22775  0.857575  3.88835  0.848464  0.709521  3.32332  
0.710532  0.840783  3.32452  0.85757  0.227778  3.88833  
0.000336161  0.000324258  5.99934  0.710532  0.840783  3.32452  
0.800978  0.798608  2.88017  0.85873  0.857428  2.61418  
0.852994  0.000262323  4.30835  0.800978  0.798608  2.88017  
0.000248766  0.852845  4.30844  0.000248766  0.852845  4.30844  
0.214302  0.214288  5.18528  0.852994  0.000262323  4.30835  
0.85757  0.227778  3.88833  0.214302  0.214288  5.18528  
0.848267  0.709521  3.32349  0.848267  0.709521  3.32349  
0.85873  0.857428  2.61418  0.000336161  0.000324258  5.99934  
0.710532  0.840783  3.32452  0.22775  0.857575  3.88835  
0.22775  0.857575  3.88835  0.85757  0.227778  3.88833  
0.22775  0.857575  3.88835  0.710532  0.840783  3.32452  
0.800978  0.798608  2.88017  0.85873  0.857428  2.61418  
0.000248766  0.852845  4.30844  0.85757  0.227778  3.88833  
0.848267  0.709521  3.32349  0.22775  0.857575  3.88835  
0.214302  0.214288  5.18528  0.000336161  0.000324258  5.99934  
0.000336161  0.000324258  5.99934  0.848267  0.709521  3.32349  
0.85757  0.227778  3.88833  0.800978  0.798608  2.88017  
0.710532  0.840783  3.32452  0.852994  0.000262323  4.30835  
0.852994  0.000262323  4.30835  0.000248766  0.852845  4.30844  
0.85873  0.857428  2.61418  0.214302  0.214288  5.18528  
0.852994  0.000262323  4.30835  0.85757  0.227778  3.88833  
0.710532  0.840783  3.32452  0.000336161  0.000324258  5.99934  
0.214302  0.214288  5.18528  0.852994  0.000262323  4.30835  
0.85873  0.857428  2.61418  0.85873  0.857428  2.61418  
0.000336161  0.000324258  5.99934  0.848267  0.709521  3.32349  
0.800978  0.798608  2.88017  0.000248766  0.852845  4.30844  
0.22775  0.857575  3.88835  0.214302  0.214288  5.18528  
0.85757  0.227778  3.88833  0.800978  0.798608  2.88017  
0.000248766  0.852845  4.30844  0.710532  0.840783  3.32452  
0.848267  0.709521  3.32349  0.22775  0.857575  3.88835  
0.000248766  0.852845  4.30844  0.85757  0.227778  3.88833  
0.800978  0.798608  2.88017  0.848267  0.709521  3.32349  
0.000336161  0.000324258  5.99934  0.800978  0.798608  2.88017  
0.22775  0.857575  3.88835  0.214302  0.214288  5.18528  
0.85873  0.857428  2.61418  0.000336161  0.000324258  5.99934  
0.852994  0.000262323  4.30835  0.000248766  0.852845  4.30844  
0.85757  0.227778  3.88833  0.710532  0.840783  3.32452  
0.710532  0.840783  3.32452  0.22775  0.857575  3.88835  
0.848267  0.709521  3.32349  0.852994  0.000262323  4.30835  
0.214302  0.214288  5.18528  0.85873  0.857428  2.61418  
0.852994  0.000262323  4.30835  0.800978  0.798608  2.88017  
0.214302  0.214288  5.18528  0.000336161  0.000324258  5.99934  
0.85757  0.227778  3.88833  0.852994  0.000262323  4.30835  
0.000248766  0.852845  4.30844  0.848267  0.709521  3.32349  
0.85873  0.857428  2.61418  0.22775  0.857575  3.88835  
0.22775  0.857575  3.88835  0.710532  0.840783  3.32452  
0.800978  0.798608  2.88017  0.000248766  0.852845  4.30844  
0.848267  0.709521  3.32349  0.85873  0.857428  2.61418  
0.000336161  0.000324258  5.99934  0.214302  0.214288  5.18528  
0.710532  0.840783  3.32452  0.85757  0.227778  3.88833  
0.85873  0.857428  2.61418  0.710532  0.840783  3.32452  
0.000336161  0.000324258  5.99934  0.85873  0.857428  2.61418  
0.214302  0.214288  5.18528  0.852994  0.000262323  4.30835  
0.000248766  0.852845  4.30844  0.214302  0.214288  5.18528  
0.852994  0.000262323  4.30835  0.000336161  0.000324258  5.99934  
0.22775  0.857575  3.88835  0.800978  0.798608  2.88017  
0.710532  0.840783  3.32452  0.85757  0.227778  3.88833  
0.800978  0.798608  2.88017  0.848267  0.709521  3.32349  
0.848267  0.709521  3.32349  0.000248766  0.852845  4.30844  
0.85757  0.227778  3.88833  0.22775  0.857575  3.88835  
0.85757  0.227778  3.88833  0.85757  0.227778  3.88833  
0.000248766  0.852845  4.30844  0.214302  0.214288  5.18528  
0.852994  0.000262323  4.30835  0.22775  0.857575  3.88835  
0.848267  0.709521  3.32349  0.000336161  0.000324258  5.99934  
0.22775  0.857575  3.88835  0.85873  0.857428  2.61418  
0.85873  0.857428  2.61418  0.852994  0.000262323  4.30835  
0.000336161  0.000324258  5.99934  0.800978  0.798608  2.88017  
0.710532  0.840783  3.32452  0.848267  0.709521  3.32349  
0.800978  0.798608  2.88017  0.000248766  0.852845  4.30844  
0.214302  0.214288  5.18528  0.710532  0.840783  3.32452  
0.214302  0.214288  5.18528  0.214302  0.214288  5.18528  
0.848267  0.709521  3.32349  0.000336161  0.000324258  5.99934  
0.000248766  0.852845  4.30844  0.710532  0.840783  3.32452  
0.852994  0.000262323  4.30835  0.85757  0.227778  3.88833  
0.85757  0.227778  3.88833  0.85873  0.857428  2.61418  
0.22775  0.857575  3.88835  0.22775  0.857575  3.88835  
0.85873  0.857428  2.61418  0.848267  0.709521  3.32349  
0.800978  0.798608  2.88017  0.800978  0.798608  2.88017  
0.000336161  0.000324258  5.99934  0.852994  0.000262323  4.30835  
0.710532  0.840783  3.32452  0.000248766  0.852845  4.30844  
0.000248766  0.852845  4.30844  0.000248766  0.852845  4.30844  
0.85873  0.857428  2.61418  0.85873  0.857428  2.61418  
0.85757  0.227778  3.88833  0.710532  0.840783  3.32452  
0.852994  0.000262323  4.30835  0.852994  0.000262323  4.30835  
0.800978  0.798608  2.88017  0.000336161  0.000324258  5.99934  
0.214302  0.214288  5.18528  0.85757  0.227778  3.88833  
0.710532  0.840783  3.32452  0.800978  0.798608  2.88017  
0.22775  0.857575  3.88835  0.848267  0.709521  3.32349  
0.000336161  0.000324258  5.99934  0.214302  0.214288  5.18528  
0.848267  0.709521  3.32349  0.22775  0.857575  3.88835  
0.800978  0.798608  2.88017  0.85757  0.227778  3.88833  
0.22775  0.857575  3.88835  0.214302  0.214288  5.18528  
0.214302  0.214288  5.18528  0.848267  0.709521  3.32349  
0.000336161  0.000324258  5.99934  0.800978  0.798608  2.88017  
0.710532  0.840783  3.32452  0.000248766  0.852845  4.30844  
0.85757  0.227778  3.88833  0.000336161  0.000324258  5.99934  
0.852994  0.000262323  4.30835  0.710532  0.840783  3.32452  
0.000248766  0.852845  4.30844  0.85873  0.857428  2.61418  
0.848267  0.709521  3.32349  0.852994  0.000262323  4.30835  
0.85873  0.857428  2.61418  0.22775  0.857575  3.88835  
0.852994  0.000262323  4.30835  0.852994  0.000262323  4.30835  
0.85757  0.227778  3.88833  0.85757  0.227778  3.88833  
0.710532  0.840783  3.32452  0.85873  0.857428  2.61418  
0.22775  0.857575  3.88835  0.000336161  0.000324258  5.99934  
0.000336161  0.000324258  5.99934  0.22775  0.857575  3.88835  
0.000248766  0.852845  4.30844  0.214302  0.214288  5.18528  
0.848267  0.709521  3.32349  0.000248766  0.852845  4.30844  
0.214302  0.214288  5.18528  0.710532  0.840783  3.32452  
0.800978  0.798608  2.88017  0.800978  0.798608  2.88017  
0.85873  0.857428  2.61418  0.848267  0.709521  3.32349  
0.214302  0.214288  5.18528  0.800978  0.798608  2.88017  
0.848267  0.709521  3.32349  0.710532  0.840783  3.32452  
0.000248766  0.852845  4.30844  0.85757  0.227778  3.88833  
0.710532  0.840783  3.32452  0.22775  0.857575  3.88835  
0.800978  0.798608  2.88017  0.85873  0.857428  2.61418  
0.22775  0.857575  3.88835  0.848267  0.709521  3.32349  
0.85873  0.857428  2.61418  0.000248766  0.852845  4.30844  
0.000336161  0.000324258  5.99934  0.214302  0.214288  5.18528  
0.85757  0.227778  3.88833  0.000336161  0.000324258  5.99934  
0.852994  0.000262323  4.30835  0.852994  0.000262323  4.30835  
0.800978  0.798608  2.88017  0.000336161  0.000324258  5.99934  
0.85757  0.227778  3.88833  0.85757  0.227778  3.88833  
0.710532  0.840783  3.32452  0.710532  0.840783  3.32452  
0.214302  0.214288  5.18528  0.85873  0.857428  2.61418  
0.852994  0.000262323  4.30835  0.22775  0.857575  3.88835  
0.22775  0.857575  3.88835  0.800978  0.798608  2.88017  
0.848267  0.709521  3.32349  0.848267  0.709521  3.32349  
0.85873  0.857428  2.61418  0.852994  0.000262323  4.30835  
0.000248766  0.852845  4.30844  0.214302  0.214288  5.18528  
0.000336161  0.000324258  5.99934  0.000248766  0.852845  4.30844  
0.000248766  0.852845  4.30844  0.852994  0.000262323  4.30835  
0.710532  0.840783  3.32452  0.000336161  0.000324258  5.99934  
0.85873  0.857428  2.61418  0.214302  0.214288  5.18528  
0.85757  0.227778  3.88833  0.22775  0.857575  3.88835  
0.000336161  0.000324258  5.99934  0.85757  0.227778  3.88833  
0.22775  0.857575  3.88835  0.000248766  0.852845  4.30844  
0.214302  0.214288  5.18528  0.800978  0.798608  2.88017  
0.848267  0.709521  3.32349  0.848267  0.709521  3.32349  
0.852994  0.000262323  4.30835  0.710532  0.840783  3.32452  
0.800978  0.798608  2.88017  0.85873  0.857428  2.61418  
0.848267  0.709521  3.32349  0.852994  0.000262323  4.30835  
0.214302  0.214288  5.18528  0.85873  0.857428  2.61418  
0.852994  0.000262323  4.30835  0.22775  0.857575  3.88835  
0.22775  0.857575  3.88835  0.000248766  0.852845  4.30844  
0.000248766  0.852845  4.30844  0.848267  0.709521  3.32349  
0.85757  0.227778  3.88833  0.710532  0.840783  3.32452  
0.710532  0.840783  3.32452  0.800978  0.798608  2.88017  
0.85873  0.857428  2.61418  0.214302  0.214288  5.18528  
0.800978  0.798608  2.88017  0.85757  0.227778  3.88833  
0.000336161  0.000324258  5.99934  0.000336161  0.000324258  5.99934  
0.85757  0.227778  3.88833  0.800978  0.798608  2.88017  
0.000248766  0.852845  4.30844  0.22775  0.857575  3.88835  
0.852994  0.000262323  4.30835  0.000248766  0.852845  4.30844  
0.848267  0.709521  3.32349  0.214302  0.214288  5.18528  
0.22775  0.857575  3.88835  0.710532  0.840783  3.32452  
0.85873  0.857428  2.61418  0.852994  0.000262323  4.30835  
0.000336161  0.000324258  5.99934  0.85873  0.857428  2.61418  
0.710532  0.840783  3.32452  0.85757  0.227778  3.88833  
0.800978  0.798608  2.88017  0.848267  0.709521  3.32349  
0.214302  0.214288  5.18528  0.000336161  0.000324258  5.99934  
0.85873  0.857428  2.61418  0.214302  0.214288  5.18528  
0.22775  0.857575  3.88835  0.852994  0.000262323  4.30835  
0.852994  0.000262323  4.30835  0.848267  0.709521  3.32349  
0.000248766  0.852845  4.30844  0.85873  0.857428  2.61418  
0.800978  0.798608  2.88017  0.85757  0.227778  3.88833  
0.85757  0.227778  3.88833  0.000336161  0.000324258  5.99934  
0.000336161  0.000324258  5.99934  0.800978  0.798608  2.88017  
0.710532  0.840783  3.32452  0.710532  0.840783  3.32452  
0.848267  0.709521  3.32349  0.000248766  0.852845  4.30844  
0.214302  0.214288  5.18528  0.22775  0.857575  3.88835  
0.852994  0.000262323  4.30835  0.852994  0.000262323  4.30835  
0.85757  0.227778  3.88833  0.214302  0.214288  5.18528  
0.000336161  0.000324258  5.99934  0.710532  0.840783  3.32452  
0.710532  0.840783  3.32452  0.85757  0.227778  3.88833  
0.800978  0.798608  2.88017  0.000336161  0.000324258  5.99934  
0.848267  0.709521  3.32349  0.85873  0.857428  2.61418  
0.22775  0.857575  3.88835  0.848267  0.709521  3.32349  
0.85873  0.857428  2.61418  0.800978  0.798608  2.88017  
0.000248766  0.852845  4.30844  0.000248766  0.852845  4.30844  
0.214302  0.214288  5.18528  0.22775  0.857575  3.88835  
0.000336161  0.000324258  5.99934  0.848267  0.709521  3.32349  
0.710532  0.840783  3.32452  0.000248766  0.852845  4.30844  
0.214302  0.214288  5.18528  0.85873  0.857428  2.61418  
0.848267  0.709521  3.32349  0.000336161  0.000324258  5.99934  
0.22775  0.857575  3.88835  0.214302  0.214288  5.18528  
0.85757  0.227778  3.88833  0.800978  0.798608  2.88017  
0.000248766  0.852845  4.30844  0.22775  0.857575  3.88835  
0.85873  0.857428  2.61418  0.710532  0.840783  3.32452  
0.852994  0.000262323  4.30835  0.852994  0.000262323  4.30835  
0.800978  0.798608  2.88017  0.85757  0.227778  3.88833  
0.000248766  0.852845  4.30844  0.000248766  0.852845  4.30844  
0.22775  0.857575  3.88835  0.22775  0.857575  3.88835  
0.800978  0.798608  2.88017  0.000336161  0.000324258  5.99934  
0.214302  0.214288  5.18528  0.22775  0.840783  3.90172  
0.85873  0.857428  2.61418  0.800978  0.798608  2.88017  
0.710532  0.840783  3.32452  0.848267  0.709521  3.32349  
0.852994  0.000262323  4.30835  0.852994  0.000262323  4.30835  
0.000336161  0.000324258  5.99934  0.85757  0.227778  3.88833  
0.85757  0.227778  3.88833  0.85873  0.857428  2.61418  
0.848267  0.709521  3.32349  0.214302  0.214288  5.18528  
0.000248766  0.852845  4.30844  0.710532  0.840783  3.32452  
0.85873  0.857428  2.61418  0.000248766  0.852845  4.30844  
0.852994  0.000262323  4.30835  0.22775  0.857575  3.88835  
0.85757  0.227778  3.88833  0.852994  0.000262323  4.30835  
0.000336161  0.000324258  5.99934  0.800978  0.798608  2.88017  
0.22775  0.857575  3.88835  0.848267  0.709521  3.32349  
0.214302  0.214288  5.18528  0.85873  0.857428  2.61418  
0.800978  0.798608  2.88017  0.85757  0.227778  3.88833  
0.848267  0.709521  3.32349  0.214302  0.214288  5.18528  
0.710532  0.840783  3.32452  0.000336161  0.000324258  5.99934  
0.22775  0.857575  3.88835  0.852994  0.000262323  4.30835  
0.000248766  0.852845  4.30844  0.800978  0.798608  2.88017  
0.848267  0.709521  3.32349  0.848267  0.709521  3.32349  
0.852994  0.000262323  4.30835  0.000336161  0.000324258  5.99934  
0.85873  0.857428  2.61418  0.000248766  0.852845  4.30844  
0.000336161  0.000324258  5.99934  0.22775  0.857575  3.88835  
0.800978  0.798608  2.88017  0.85757  0.227778  3.88833  
0.85757  0.227778  3.88833  0.710532  0.840783  3.32452  
0.214302  0.214288  5.18528  0.85873  0.857428  2.61418  
0.710532  0.840783  3.32452  0.214302  0.214288  5.18528  
0.85873  0.857428  2.61418  0.85757  0.227778  3.88833  
0.710532  0.840783  3.32452  0.214302  0.214288  5.18528  
0.000336161  0.000324258  5.99934  0.800978  0.798608  2.88017  
0.22775  0.857575  3.88835  0.848267  0.709521  3.32349  
0.848267  0.709521  3.32349  0.000248766  0.852845  4.30844  
0.852994  0.000262323  4.30835  0.22775  0.857575  3.88835  
0.214302  0.214288  5.18528  0.000336161  0.000324258  5.99934  
0.800978  0.798608  2.88017  0.710532  0.840783  3.32452  
0.85757  0.227778  3.88833  0.85873  0.857428  2.61418  
0.000248766  0.852845  4.30844  0.852994  0.000262323  4.30835  
0.852994  0.000262323  4.30835  0.710532  0.840783  3.32452  
0.710532  0.840783  3.32452  0.800978  0.798608  2.88017  
0.848267  0.709521  3.32349  0.214302  0.214288  5.18528  
0.000248766  0.852845  4.30844  0.22775  0.857575  3.88835  
0.85757  0.227778  3.88833  0.000248766  0.258669  5.57371  
0.000336161  0.000324258  5.99934  0.85757  0.227778  3.88833  
0.214302  0.214288  5.18528  0.852994  0.000262323  4.30835  
0.85873  0.857428  2.61418  0.848267  0.709521  3.32349  
0.22775  0.857575  3.88835  0.85873  0.857428  2.61418  
0.800978  0.798608  2.88017  0.000336161  0.000324258  5.99934  
0.710532  0.840783  3.32452  0.710532  0.840783  3.32452  
0.000336161  0.000324258  5.99934  0.848267  0.709521  3.32349  
0.848267  0.709521  3.32349  0.000248766  0.852845  4.30844  
0.85757  0.227778  3.88833  0.852994  0.000262323  4.30835  
0.22775  0.857575  3.88835  0.22775  0.857575  3.88835  
0.852994  0.000262323  4.30835  0.800978  0.798608  2.88017  
0.800978  0.798608  2.88017  0.85873  0.857428  2.61418  
0.000248766  0.852845  4.30844  0.85757  0.227778  3.88833  
0.214302  0.214288  5.18528  0.000336161  0.000324258  5.99934  
0.85873  0.857428  2.61418  0.214302  0.214288  5.18528  
0.85757  0.227778  3.88833  0.000336161  0.000324258  5.99934  
0.000248766  0.852845  4.30844  0.85757  0.227778  3.88833  
0.852994  0.000262323  4.30835  0.85873  0.857428  2.61418  
0.848267  0.709521  3.32349  0.214302  0.214288  5.18528  
0.22775  0.857575  3.88835  0.852994  0.000262323  4.30835  
0.85873  0.857428  2.61418  0.22775  0.857575  3.88835  
0.000336161  0.000324258  5.99934  0.000248766  0.852845  4.30844  
0.710532  0.840783  3.32452  0.710532  0.840783  3.32452  
0.800978  0.798608  2.88017  0.800978  0.798608  2.88017  
0.214302  0.214288  5.18528  0.848267  0.709521  3.32349  
0.000336161  0.000324258  5.99934  0.85873  0.857428  2.61418  
0.852994  0.000262323  4.30835  0.000336161  0.000324258  5.99934  
0.710532  0.840783  3.32452  0.710532  0.840783  3.32452  
0.85873  0.857428  2.61418  0.214302  0.214288  5.18528  
0.800978  0.798608  2.88017  0.22775  0.857575  3.88835  
0.000248766  0.852845  4.30844  0.800978  0.798608  2.88017  
0.214302  0.214288  5.18528  0.000248766  0.852845  4.30844  
0.22775  0.857575  3.88835  0.85757  0.227778  3.88833  
0.848267  0.709521  3.32349  0.852994  0.000262323  4.30835  
0.85757  0.227778  3.88833  0.848267  0.709521  3.32349  
0.852994  0.000262323  4.30835  0.85873  0.857428  2.61418  
0.85873  0.857428  2.61418  0.852994  0.000262323  4.30835  
0.214302  0.214288  5.18528  0.848267  0.709521  3.32349  
0.800978  0.798608  2.88017  0.710532  0.840783  3.32452  
0.000248766  0.852845  4.30844  0.214302  0.214288  5.18528  
0.848267  0.709521  3.32349  0.000248766  0.852845  4.30844  
0.85757  0.227778  3.88833  0.22775  0.857575  3.88835  
0.710532  0.840783  3.32452  0.000336161  0.000324258  5.99934  
0.000336161  0.000324258  5.99934  0.85757  0.227778  3.88833  
0.22775  0.857575  3.88835  0.800978  0.798608  2.88017  
0.85873  0.857428  2.61418  0.852994  0.000262323  4.30835  
0.85757  0.227778  3.88833  0.710532  0.840783  3.32452  
0.214302  0.214288  5.18528  0.000248766  0.852845  4.30844  
0.000336161  0.000324258  5.99934  0.800978  0.798608  2.88017  
0.000248766  0.852845  4.30844  0.848267  0.709521  3.32349  
0.800978  0.798608  2.88017  0.85873  0.857428  2.61418  
0.710532  0.840783  3.32452  0.000336161  0.000324258  5.99934  
0.852994  0.000262323  4.30835  0.22775  0.857575  3.88835  
0.848267  0.709521  3.32349  0.85757  0.227778  3.88833  
0.22775  0.857575  3.88835  0.214302  0.214288  5.18528  
0.000336161  0.000324258  5.99934  0.85757  0.227778  3.88833  
0.852994  0.000262323  4.30835  0.000248766  0.852845  4.30844  
0.800978  0.798608  2.88017  0.000336161  0.000324258  5.99934  
0.214302  0.214288  5.18528  0.848267  0.709521  3.32349  
0.710532  0.840783  3.32452  0.22775  0.857575  3.88835  
0.22775  0.857575  3.88835  0.852994  0.000262323  4.30835  
0.848267  0.709521  3.32349  0.214302  0.214288  5.18528  
0.85873  0.857428  2.61418  0.85873  0.857428  2.61418  
0.85757  0.227778  3.88833  0.710532  0.840783  3.32452  
0.000248766  0.852845  4.30844  0.800978  0.798608  2.88017  
0.848267  0.709521  3.32349  0.848267  0.709521  3.32349  
0.800978  0.798608  2.88017  0.223579  0.857528  3.89138  
0.709199  0.852022  3.3232  0.800978  0.798608  2.88017  
0.000248766  0.852728  4.3085  0.214302  0.214288  5.18528  
0.85873  0.857428  2.61418  0.85757  0.227778  3.88833  
0.214302  0.214288  5.18528  0.85873  0.857428  2.61418  
0.852994  0.000262323  4.30835  0.000248766  0.852728  4.3085  
0.85757  0.227778  3.88833  0.852994  0.000262323  4.30835  
0.000336161  0.000337199  5.99932  0.709199  0.852022  3.3232  
0.223579  0.857528  3.89138  0.000336161  0.000337199  5.99932  
0.214302  0.214288  5.18528  0.85757  0.227778  3.88833  
0.852994  0.000262323  4.30835  0.848267  0.709521  3.32349  
0.85757  0.227778  3.88833  0.709199  0.852022  3.3232  
0.85873  0.857428  2.61418  0.214302  0.214288  5.18528  
0.709199  0.852022  3.3232  0.223579  0.857528  3.89138  
0.848267  0.709521  3.32349  0.000248766  0.852728  4.3085  
0.000248766  0.852728  4.3085  0.800978  0.798608  2.88017  
0.800978  0.798608  2.88017  0.852994  0.000262323  4.30835  
0.000336161  0.000337199  5.99932  0.85873  0.857428  2.61418  
0.223579  0.857528  3.89138  0.000336161  0.000337199  5.99932  
0.214302  0.214288  5.18528  0.852994  0.000262323  4.30835  
0.709199  0.852022  3.3232  0.85873  0.857428  2.61418  
0.848267  0.709521  3.32349  0.709199  0.852022  3.3232  
0.852994  0.000262323  4.30835  0.000336161  0.000337199  5.99932  
0.800978  0.798608  2.88017  0.85757  0.227778  3.88833  
0.000336161  0.000337199  5.99932  0.214302  0.214288  5.18528  
0.223579  0.857528  3.89138  0.223579  0.857528  3.89138  
0.000248766  0.852728  4.3085  0.800978  0.798608  2.88017  
0.85757  0.227778  3.88833  0.848267  0.709521  3.32349  
0.85873  0.857428  2.61418  0.000248766  0.852728  4.3085  
0.709199  0.852022  3.3232  0.223579  0.857528  3.89138  
0.852994  0.000262323  4.30835  0.85873  0.857428  2.61418  
0.85873  0.857428  2.61418  0.848267  0.709521  3.32349  
0.848267  0.709521  3.32349  0.709199  0.852022  3.3232  
0.85757  0.227778  3.88833  0.85757  0.227778  3.88833  
0.214302  0.214288  5.18528  0.000248766  0.852728  4.3085  
0.800978  0.798608  2.88017  0.000336161  0.000337199  5.99932  
0.000336161  0.000337199  5.99932  0.214302  0.214288  5.18528  
0.223579  0.857528  3.89138  0.852994  0.000262323  4.30835  
0.000248766  0.852728  4.3085  0.800978  0.798608  2.88017  
0.000248766  0.852728  4.3085  0.85757  0.227778  3.88833  
0.223579  0.857528  3.89138  0.848267  0.709521  3.32349  
0.000336161  0.000337199  5.99932  0.852994  0.000262323  4.30835  
0.85873  0.857428  2.61418  0.000248766  0.852728  4.3085  
0.852994  0.000262323  4.30835  0.214302  0.214288  5.18528  
0.214302  0.214288  5.18528  0.000336161  0.000337199  5.99932  
0.848267  0.709521  3.32349  0.800978  0.798608  2.88017  
0.85757  0.227778  3.88833  0.85873  0.857428  2.61418  
0.800978  0.798608  2.88017  0.223579  0.857528  3.89138  
0.709199  0.852022  3.3232  0.709199  0.852022  3.3232  
0.85757  0.227778  3.88833  0.000336161  0.000337199  5.99932  
0.000336161  0.000337199  5.99932  0.848267  0.709521  3.32349  
0.223579  0.857528  3.89138  0.709199  0.852022  3.3232  
0.709199  0.852022  3.3232  0.800978  0.798608  2.88017  
0.85873  0.857428  2.61418  0.223579  0.857528  3.89138  
0.848267  0.709521  3.32349  0.000248766  0.852728  4.3085  
0.000248766  0.852728  4.3085  0.85757  0.227778  3.88833  
0.800978  0.798608  2.88017  0.85873  0.857428  2.61418  
0.214302  0.214288  5.18528  0.852994  0.000262323  4.30835  
0.852994  0.000262323  4.30835  0.214302  0.214288  5.18528  
0.709199  0.852022  3.3232  0.223579  0.857528  3.89138  
0.852994  0.000262323  4.30835  0.85757  0.227778  3.88833  
0.85757  0.227778  3.88833  0.000336161  0.000337199  5.99932  
0.214302  0.214288  5.18528  0.852994  0.000262323  4.30835  
0.223579  0.857528  3.89138  0.85873  0.857428  2.61418  
0.000248766  0.852728  4.3085  0.848267  0.709521  3.32349  
0.800978  0.798608  2.88017  0.000248766  0.852728  4.3085  
0.85873  0.857428  2.61418  0.800978  0.798608  2.88017  
0.000336161  0.000337199  5.99932  0.709199  0.852022  3.3232  
0.848267  0.709521  3.32349  0.214302  0.214288  5.18528  
0.223579  0.857528  3.89138  0.223579  0.857528  3.89138  
0.848267  0.709521  3.32349  0.852994  0.000262323  4.30835  
0.214302  0.214288  5.18528  0.709199  0.852022  3.3232  
0.85757  0.227778  3.88833  0.85757  0.227778  3.88833  
0.000336161  0.000337199  5.99932  0.000248766  0.852728  4.3085  
0.852994  0.000262323  4.30835  0.848267  0.709521  3.32349  
0.000248766  0.852728  4.3085  0.800978  0.798608  2.88017  
0.709199  0.852022  3.3232  0.000336161  0.000337199  5.99932  
0.800978  0.798608  2.88017  0.214302  0.214288  5.18528  
0.85873  0.857428  2.61418  0.85873  0.857428  2.61418  
0.852994  0.000262323  4.30835  0.852994  0.000262323  4.30835  
0.800978  0.798608  2.88017  0.223579  0.857528  3.89138  
0.85873  0.857428  2.61418  0.800978  0.798608  2.88017  
0.709199  0.852022  3.3232  0.000248766  0.852728  4.3085  
0.000248766  0.852728  4.3085  0.85873  0.857428  2.61418  
0.223579  0.857528  3.89138  0.709199  0.852022  3.3232  
0.848267  0.709521  3.32349  0.778034  0.000337199  4.5469  
0.85757  0.227778  3.88833  0.214302  0.214288  5.18528  
0.000336161  0.000337199  5.99932  0.848267  0.709521  3.32349  
0.214302  0.214288  5.18528  0.85757  0.227778  3.88833  
0.800978  0.798608  2.88017  0.223579  0.857528  3.89138  
0.709199  0.852022  3.3232  0.85873  0.857428  2.61418  
0.223579  0.857528  3.89138  0.852994  0.000262323  4.30835  
0.848267  0.709521  3.32349  0.214302  0.214288  5.18528  
0.85873  0.857428  2.61418  0.709199  0.852022  3.3232  
0.85757  0.227778  3.88833  0.000248766  0.852728  4.3085  
0.000248766  0.852728  4.3085  0.85757  0.227778  3.88833  
0.000336161  0.000337199  5.99932  0.000336161  0.000337199  5.99932  
0.852994  0.000262323  4.30835  0.848267  0.709521  3.32349  
0.214302  0.214288  5.18528  0.800978  0.798608  2.88017  
0.000248766  0.852728  4.3085  0.000248766  0.852728  4.3085  
0.852994  0.000262323  4.30835  0.214302  0.214288  5.18528  
0.709199  0.852022  3.3232  0.223579  0.857528  3.89138  
0.848267  0.709521  3.32349  0.848267  0.709521  3.32349  
0.85873  0.857428  2.61418  0.800978  0.798608  2.88017  
0.85757  0.227778  3.88833  0.85873  0.857428  2.61418  
0.223579  0.857528  3.89138  0.000336161  0.000337199  5.99932  
0.000336161  0.000337199  5.99932  0.709199  0.852022  3.3232  
0.800978  0.798608  2.88017  0.85757  0.227778  3.88833  
0.214302  0.214288  5.18528  0.852994  0.000262323  4.30835  
0.85873  0.857428  2.61418  0.000336161  0.000337199  5.99932  
0.000336161  0.000337199  5.99932  0.000248766  0.852728  4.3085  
0.709199  0.852022  3.3232  0.800978  0.798608  2.88017  
0.223579  0.857528  3.89138  0.709199  0.852022  3.3232  
0.214302  0.214288  5.18528  0.85873  0.857428  2.61418  
0.85757  0.227778  3.88833  0.848267  0.709521  3.32349  
0.852994  0.000262323  4.30835  0.214302  0.214288  5.18528  
0.000248766  0.852728  4.3085  0.85757  0.227778  3.88833  
0.800978  0.798608  2.88017  0.223579  0.857528  3.89138  
0.848267  0.709521  3.32349  0.852994  0.000262323  4.30835  
0.85873  0.857428  2.61418  0.214302  0.214288  5.18528  
0.800978  0.798608  2.88017  0.85873  0.857428  2.61418  
0.000336161  0.000337199  5.99932  0.000248766  0.852728  4.3085  
0.223579  0.857528  3.89138  0.800978  0.798608  2.88017  
0.000248766  0.852728  4.3085  0.85757  0.227778  3.88833  
0.709199  0.852022  3.3232  0.000336161  0.000337199  5.99932  
0.214302  0.214288  5.18528  0.709199  0.852022  3.3232  
0.852994  0.000262323  4.30835  0.223579  0.857528  3.89138  
0.848267  0.709521  3.32349  0.848267  0.709521  3.32349  
0.85757  0.227778  3.88833  0.852994  0.000262323  4.30835  
0.223579  0.857528  3.89138  0.85873  0.857428  2.61418  
0.214302  0.214288  5.18528  0.852994  0.000262323  4.30835  
0.85757  0.227778  3.88833  0.000336161  0.000337199  5.99932  
0.000336161  0.000337199  5.99932  0.709199  0.852022  3.3232  
0.000248766  0.852728  4.3085  0.000248766  0.852728  4.3085  
0.85873  0.857428  2.61418  0.223579  0.857528  3.89138  
0.848267  0.709521  3.32349  0.848267  0.709521  3.32349  
0.852994  0.000262323  4.30835  0.85757  0.227778  3.88833  
0.709199  0.852022  3.3232  0.800978  0.798608  2.88017  
0.800978  0.798608  2.88017  0.214302  0.214288  5.18528  
0.848267  0.709521  3.32349  0.709199  0.852022  3.3232  
0.223579  0.857528  3.89138  0.85873  0.857428  2.61418  
0.800978  0.798608  2.88017  0.848267  0.709521  3.32349  
0.852994  0.000262323  4.30835  0.852994  0.709521  3.32025  
0.85757  0.227778  3.88833  0.800978  0.798608  2.88017  
0.000336161  0.000337199  5.99932  0.214302  0.214288  5.18528  
0.85873  0.857428  2.61418  0.223579  0.857528  3.89138  
0.709199  0.852022  3.3232  0.85757  0.227778  3.88833  
0.214302  0.214288  5.18528  0.000336161  0.000337199  5.99932  
0.000248766  0.852728  4.3085  0.000248766  0.852728  4.3085  
0.85757  0.227778  3.88833  0.709199  0.852022  3.3232  
0.000336161  0.000337199  5.99932  0.223579  0.857528  3.89138  
0.223579  0.857528  3.89138  0.85757  0.227778  3.88833  
0.709199  0.852022  3.3232  0.848267  0.709521  3.32349  
0.85873  0.857428  2.61418  0.000336161  0.000337199  5.99932  
0.848267  0.709521  3.32349  0.852994  0.000262323  4.30835  
0.000248766  0.852728  4.3085  0.800978  0.798608  2.88017  
0.800978  0.798608  2.88017  0.000248766  0.852728  4.3085  
0.214302  0.214288  5.18528  0.214302  0.214288  5.18528  
0.852994  0.000262323  4.30835  0.85873  0.857428  2.61418  
0.000336161  0.000337199  5.99932  0.800978  0.798608  2.88017  
0.852994  0.000262323  4.30835  0.000248766  0.852728  4.3085  
0.000248766  0.852728  4.3085  0.848267  0.709521  3.32349  
0.214302  0.214288  5.18528  0.852994  0.000262323  4.30835  
0.223579  0.857528  3.89138  0.85873  0.857428  2.61418  
0.85757  0.227778  3.88833  0.214302  0.214288  5.18528  
0.848267  0.709521  3.32349  0.85757  0.227778  3.88833  
0.85873  0.857428  2.61418  0.000336161  0.000337199  5.99932  
0.800978  0.798608  2.88017  0.709199  0.852022  3.3232  
0.709199  0.852022  3.3232  0.223579  0.857528  3.89138  
0.223579  0.857528  3.89138  0.000336161  0.000337199  5.99932  
0.85873  0.857428  2.61418  0.85873  0.857428  2.61418  
0.000248766  0.852728  4.3085  0.800978  0.798608  2.88017  
0.214302  0.214288  5.18528  0.214302  0.214288  5.18528  
0.848267  0.709521  3.32349  0.852994  0.000262323  4.30835  
0.000336161  0.000337199  5.99932  0.000248766  0.852728  4.3085  
0.852994  0.000262323  4.30835  0.848267  0.709521  3.32349  
0.709199  0.852022  3.3232  0.223579  0.857528  3.89138  
0.85757  0.227778  3.88833  0.85757  0.227778  3.88833  
0.800978  0.798608  2.88017  0.709199  0.852022  3.3232  
0.800978  0.798608  2.88017  0.85757  0.227778  3.88833  
0.852994  0.000262323  4.30835  0.852994  0.000262323  4.30835  
0.848267  0.709521  3.32349  0.800978  0.798608  2.88017  
0.223579  0.857528  3.89138  0.000248766  0.852728  4.3085  
0.214302  0.214288  5.18528  0.709199  0.852022  3.3232  
0.85757  0.227778  3.88833  0.848267  0.709521  3.32349  
0.000336161  0.000337199  5.99932  0.85873  0.857428  2.61418  
0.85873  0.857428  2.61418  0.223579  0.857528  3.89138  
0.000248766  0.852728  4.3085  0.214302  0.214288  5.18528  
0.709199  0.852022  3.3232  0.000336161  0.000337199  5.99932  
0.214302  0.214288  5.18528  0.223579  0.857528  3.89138  
0.000336161  0.000337199  5.99932  0.852994  0.000262323  4.30835  
0.000248766  0.852728  4.3085  0.85757  0.227778  3.88833  
0.800978  0.798608  2.88017  0.848267  0.709521  3.32349  
0.709199  0.852022  3.3232  0.709199  0.852022  3.3232  
0.852994  0.000262323  4.30835  0.214302  0.214288  5.18528  
0.85873  0.857428  2.61418  0.85873  0.857428  2.61418  
0.848267  0.709521  3.32349  0.000248766  0.852728  4.3085  
0.223579  0.857528  3.89138  0.800978  0.798608  2.88017  
0.85757  0.227778  3.88833  0.000336161  0.000337199  5.99932  
