0  0  0  0  0  0  
0  0  0  0  0  0  
0  0  0  0  0  0  
0  0  0  0  0  0  
0  0  0  0  0  0  
0  0  0  0  0  0  
0  0  0  0  0  0  
0  0  0  0  0  0  
0  0  0  0  0  0  
0  0  0  0  0  0  
0  0  0  0  0  0  
0  0  0  0  0  0  
0  0  0  0  0  0  
0  0  0  0  0  0  
0  0  0  0  0  0  
0  0  0  0  0  0  
0  0  0  0  0  0  
0  0  0  0  0  0  
0  0  0  0  0  0  
0  0  0  0  0  0  
0  0  0  0  0  0  
0  0  0  0  0  0  
0  0  0  0  0  0  
0  0  0  0  0  0  
0  0  0  0  0  0  
0  0  0  0  0  0  
0  0  0  0  0  0  
0  0  0  0  0  0  
0  0  0  0  0  0  
0  0  0  0  0  0  
0  0  0  0  0  0  
0  0  0  0  0  0  
0  0  0  0  0  0  
0  0  0  0  0  0  
0  0  0  0  0  0  
0  0  0  0  0  0  
0  0  0  0  0  0  
0  0  0  0  0  0  
0  0  0  0  0  0  
0  0  0  0  0  0  
0  0  0  0  0  0  
0  0  0  0  0  0  
0  0  0  0  0  0  
0  0  0  0  0  0  
0  0  0  0  0  0  
0  0  0  0  0  0  
0  0  0  0  0  0  
0  0  0  0  0  0  
0  0  0  0  0  0  
0  0  0  0  0  0  
0  0  0  0  0  0  
0  0  0  0  0  0  
0  0  0  0  0  0  
0  0  0  0  0  0  
0  0  0  0  0  0  
0  0  0  0  0  0  
0  0  0  0  0  0  
0  0  0  0  0  0  
0  0  0  0  0  0  
0  0  0  0  0  0  
0  0  0  0  0  0  
0  0  0  0  0  0  
0  0  0  0  0  0  
0  0  0  0  0  0  
0  0  0  0  0  0  
0  0  0  0  0  0  
0  0  0  0  0  0  
0  0  0  0  0  0  
0  0  0  0  0  0  
0  0  0  0  0  0  
0  0  0  0  0  0  
0  0  0  0  0  0  
0  0  0  0  0  0  
0  0  0  0  0  0  
0  0  0  0  0  0  
0  0  0  0  0  0  
0  0  0  0  0  0  
0  0  0  0  0  0  
0  0  0  0  0  0  
0  0  0  0  0  0  
0  0  0  0  0  0  
0  0  0  0  0  0  
0  0  0  0  0  0  
0  0  0  0  0  0  
0  0  0  0  0  0  
0  0  0  0  0  0  
0  0  0  0  0  0  
0  0  0  0  0  0  
0  0  0  0  0  0  
0  0  0  0  0  0  
0  0  0  0  0  0  
0  0  0  0  0  0  
0  0  0  0  0  0  
0  0  0  0  0  0  
0  0  0  0  0  0  
0  0  0  0  0  0  
0  0  0  0  0  0  
0  0  0  0  0  0  
0  0  0  0  0  0  
0  0  0  0  0  0  
0.935533  1.59688  3.71405  0.435593  0.484202  6.17059  
0.925298  1.58243  3.70241  1.00217  1.18337  3.64705  
0.796178  0.998966  5.55989  0.614438  0.667668  6.35098  
1.75972  1.62182  0.75621  0.669929  0.789678  5.91462  
1.25255  1.49849  3.02355  0.679666  0.799611  5.92442  
0.758123  1.01558  5.07478  0.840349  1.50861  3.72889  
0  0  0  0.801012  1.0554  5.08035  
1.02489  2.01624  2.63391  0.750451  1.63739  4.01356  
1.17527  1.83431  2.81188  1.07851  1.76437  3.79452  
0.750893  0.922178  5.5987  1.17294  1.34934  3.89753  
1.11543  1.0205  4.48328  1.05609  0.996225  4.43563  
1.14363  1.95579  2.60486  0.535358  0.644858  5.95767  
1.2816  1.7026  2.61244  0.675553  1.08028  5.00099  
0.494603  0.544737  6.23011  1.10998  2.12748  2.52711  
1.29228  2.00397  2.08068  1.44617  2.1456  1.61807  
0.687859  0.886271  5.45012  1.00625  1.50763  4.10859  
0  0  0  0.663393  0.860816  5.42532  
0  0  0  1.22294  1.27911  3.53025  
1.28633  2.11594  2.11858  0.81436  1.00508  5.57047  
1.17794  1.83715  2.81461  0.774785  1.06583  4.9235  
0.889584  1.34734  4.15194  1.1526  1.96763  2.61478  
0  0  0  1.03882  1.50031  3.84468  
0  0  0  1.16752  1.55671  3.53879  
0  0  0  1.36889  2.31171  1.73562  
0.836308  1.50233  3.7241  1.10703  1.20755  3.71427  
1.16353  1.53877  3.53015  0.949719  1.38998  3.81189  
0  0  0  0.986876  2.40734  2.49312  
1.12118  1.04733  4.14755  1.15873  1.81675  2.795  
1.03582  2.5738  2.58124  1.17834  1.29753  3.49365  
0  0  0  0.873483  1.52419  3.73297  
1.179  1.07989  4.19861  0.93715  0.962149  4.49894  
0  0  0  0.584561  0.597518  6.52985  
0  0  0  1.30111  1.30821  3.59206  
1.0433  1.83285  3.6646  0.568808  0.620859  6.30495  
0.817318  1.0951  5.06823  0.739478  0.992211  5.01425  
0  0  0  1.13292  2.16852  2.55608  
0  0  0  1.03514  1.89402  3.67955  
0  0  0  1.08662  1.65705  3.63488  
1.12199  1.21394  3.72637  1.15333  1.03601  4.51372  
0.687362  1.09644  5.01425  1.08229  1.00694  4.45667  
0  0  0  0.842009  2.11742  2.6534  
0  0  0  0.607475  0.690042  5.8626  
0  0  0  0.995439  1.80017  3.10435  
0  0  0  0.653254  1.0827  4.74406  
0  0  0  0.952895  2.61888  2.31455  
0  0  0  1.19637  1.63037  2.98883  
0.621713  0.693117  6.00998  1.24733  1.32009  3.7056  
0  0  0  0.966954  1.76089  3.50049  
0  0  0  0.975031  1.76845  3.08017  
0  0  0  1.07004  1.34346  3.5952  
0  0  0  0.954504  3.30528  1.5926  
0  0  0  1.15387  1.67029  3.18238  
1.25959  2.24044  2.2104  0.973968  1.71655  3.49433  
0  0  0  0.947158  3.20254  1.55346  
0  0  0  0.692447  1.4213  4.65601  
0  0  0  0.999106  0.987959  4.26679  
0  0  0  0.682473  0.674749  6.08189  
0  0  0  0.677484  0.670502  6.07715  
0  0  0  1.01217  2.55597  2.51428  
0  0  0  0.901433  2.09757  3.16232  
0  0  0  1.23894  2.27067  1.85319  
0  0  0  0.503961  0.567489  6.08212  
0  0  0  0.874007  1.55407  3.92799  
0  0  0  1.32021  1.54097  2.13214  
0  0  0  0.81642  0.956611  5.26246  
0  0  0  0.969283  1.64453  3.75243  
1.04344  1.304  4.25808  0.983584  1.18349  3.76893  
0  0  0  1.95154  1.43645  1.05363  
0  0  0  0.970268  1.64592  3.75355  
0  0  0  1.52345  1.16646  2.74287  
0  0  0  1.17671  1.26189  3.49369  
0  0  0  0.827559  1.86559  3.63557  
0  0  0  1.16487  1.04073  4.52299  
0  0  0  0.87042  1.55533  3.76451  
0  0  0  0.929231  1.68184  3.17607  
0.739147  0.939631  5.50209  0.904446  1.33336  4.02971  
0  0  0  1.07851  1.76437  3.79452  
1.16345  1.60988  3.26362  0.727917  0.848833  5.97299  
0.767457  1.39044  5.20596  1.07733  1.76279  3.79321  
0  0  0  1.1162  1.09293  4.60792  
0  0  0  1.44882  2.41052  1.82185  
1.10956  1.49618  3.47997  1.00086  1.68595  3.7823  
0  0  0  1.10956  1.49618  3.47997  
0  0  0  1.12117  1.21359  3.7257  
1.30806  1.67168  2.8565  1.1348  1.94413  2.59509  
0  0  0  1.10162  1.48992  3.4726  
0  0  0  1.1205  1.21693  3.72637  
0  0  0  1.29706  2.09397  1.97929  
0  0  0  0.793803  1.42483  4.93478  
0  0  0  1.18237  1.06801  4.19524  
0  0  0  1.13706  2.17592  2.5613  
0.933123  1.28972  4.11763  1.13293  1.85094  2.65084  
0.746465  1.04407  5.23798  0.657812  1.13516  4.81034  
0.691118  1.01714  5.31686  0.664009  0.783638  5.90866  
1.19195  1.91891  2.71284  0.874058  1.54916  4.0494  
0.800515  1.44671  3.6817  1.03067  1.88655  3.67408  
0  0  0  1.26362  1.31662  3.39084  
0  0  0  0.905579  1.60996  3.80616  
1.18536  1.91132  2.70592  1.09405  1.01175  4.46611  
0.918901  1.63066  3.82194  0.982659  1.14794  3.70354  
0.935533  1.59688  3.71405  0.971027  1.91325  2.56367  
0.925298  1.58243  3.70241  1.30899  1.31115  3.5983  
0.796178  0.998966  5.55989  1.13476  1.48898  3.37706  
1.75972  1.62182  0.75621  1.25904  2.36465  1.69515  
1.25255  1.49849  3.02355  0.609769  0.728306  5.85405  
0.758123  1.01558  5.07478  0.909804  1.43801  4.25102  
0  0  0  0.704797  0.825248  5.94972  
1.02489  2.01624  2.63391  1.06996  1.57024  3.78863  
1.17527  1.83431  2.81188  1.0624  2.04233  2.467  
0.750893  0.922178  5.5987  0.701368  0.82175  5.94627  
1.11543  1.0205  4.48328  1.28025  1.30045  3.57557  
1.14363  1.95579  2.60486  0.836308  1.50233  3.7241  
1.2816  1.7026  2.61244  0.70967  0.991153  5.4249  
0.494603  0.544737  6.23011  1.11543  1.0205  4.48328  
1.29228  2.00397  2.08068  1.03067  1.88655  3.67408  
0.687859  0.886271  5.45012  1.00685  1.44442  4.41632  
0  0  0  0.784579  1.22948  5.12341  
0  0  0  1.08646  1.77507  3.80339  
1.28633  2.11594  2.11858  0.671448  0.791228  5.91615  
1.17794  1.83715  2.81461  0.713308  1.13195  5.04338  
0.889584  1.34734  4.15194  1.32077  1.80171  2.66403  
0  0  0  0.880318  1.52191  3.44342  
0  0  0  1.05673  1.84104  2.50867  
0  0  0  1.2486  1.21903  3.34137  
0.836308  1.50233  3.7241  1.14098  1.95229  2.60192  
1.16353  1.53877  3.53015  0.956832  2.30516  2.43904  
0  0  0  1.19151  1.85155  2.82845  
1.12118  1.04733  4.14755  0.899445  2.11  2.33572  
1.03582  2.5738  2.58124  1.3012  2.09284  2.06128  
0  0  0  0.976819  1.59792  3.78717  
1.179  1.07989  4.19861  0.940297  2.0354  3.25499  
0  0  0  1.247  1.10562  3.77016  
0  0  0  1.43506  1.45492  2.72025  
1.0433  1.83285  3.6646  0.81529  1.05207  4.79383  
0.817318  1.0951  5.06823  1.08576  1.53119  4.1535  
0  0  0  1.16423  1.88699  2.68372  
0  0  0  0.785217  1.42294  3.66358  
0  0  0  1.20482  1.61433  3.07739  
1.12199  1.21394  3.72637  0.766753  1.20508  5.10339  
0.687362  1.09644  5.01425  1.07405  1.75837  3.78955  
0  0  0  0.994014  1.12028  4.75782  
0  0  0  0.83315  1.17321  4.86  
0  0  0  1.26549  2.57267  1.92434  
0  0  0  1.19667  2.00512  1.94956  
0  0  0  1.13802  1.28059  3.46112  
0  0  0  0.95341  1.73483  3.05455  
0.621713  0.693117  6.00998  1.25494  2.07075  2.01028  
0  0  0  0.864972  1.64109  3.53081  
0  0  0  1.70682  1.90149  1.35711  
0  0  0  0.844701  1.17624  4.93286  
0  0  0  0.835899  1.04168  4.85861  
0  0  0  0.91163  2.12688  3.17889  
1.25959  2.24044  2.2104  0.951131  1.68222  3.46766  
0  0  0  0.955114  3.31382  1.59586  
0  0  0  0.924528  2.16395  3.19984  
0  0  0  1.00223  1.75903  3.52733  
0  0  0  0.802488  1.63076  3.15945  
0  0  0  0.821161  1.33719  3.97637  
0  0  0  0.821836  1.33803  3.9771  
0  0  0  0.951332  3.26091  1.5757  
0  0  0  1.01944  1.88406  3.43188  
0  0  0  1.45648  1.62949  1.57199  
0  0  0  0.783342  0.927851  5.23083  
0  0  0  1.26523  1.6138  2.96493  
0  0  0  1.37479  1.55056  2.17172  
0  0  0  0.913594  2.00268  2.68851  
1.04344  1.304  4.25808  0.831932  0.883038  4.20058  
0  0  0  0.967182  2.14252  2.77084  
0  0  0  0.902329  0.955256  4.59263  
0  0  0  0.833859  0.971774  5.27915  
0  0  0  0.700581  0.899506  5.46301  
0  0  0  0.861844  1.54201  3.75435  
0  0  0  0.671974  1.07539  4.99697  
0  0  0  0.733734  1.0037  5.01425  
0  0  0  0.781682  0.979584  5.09959  
0.739147  0.939631  5.50209  0.732398  1.15807  5.06482  
0  0  0  1.14717  2.01004  2.36429  
1.16345  1.60988  3.26362  0.563495  0.615409  6.2996  
0.767457  1.39044  5.20596  1.2423  1.18193  3.88796  
0  0  0  0.76392  0.898631  4.99935  
0  0  0  1.13639  1.94623  2.59684  
1.10956  1.49618  3.47997  1.16604  1.23274  3.762  
0  0  0  0.696365  0.957389  5.50204  
0  0  0  0.833257  1.23381  4.50579  
1.30806  1.67168  2.8565  1.1212  2.25307  1.94381  
0  0  0  1.38659  2.33358  1.75471  
0  0  0  0.727872  0.984384  5.04422  
0  0  0  1.03826  1.81666  2.48823  
0  0  0  0.804117  1.06302  5.12126  
0  0  0  1.18619  1.8459  2.82302  
0  0  0  0.98071  1.5732  4.10922  
0.933123  1.28972  4.11763  0.561185  0.613039  6.29726  
0.746465  1.04407  5.23798  0.842576  1.51207  3.73153  
0.691118  1.01714  5.31686  1.37584  2.85122  0.801344  
1.19195  1.91891  2.71284  1.18477  1.37667  3.53732  
0.800515  1.44671  3.6817  1.08334  2.07981  2.49346  
0  0  0  1.06529  1.74659  3.77978  
0  0  0  0.809474  1.46063  3.69231  
1.18536  1.91132  2.70592  0.745112  1.17547  5.07909  
0.918901  1.63066  3.82194  0.91557  1.30601  4.4571  
0.935533  1.59688  3.71405  1.12003  1.82023  3.84083  
0.925298  1.58243  3.70241  0.673329  1.07724  4.99849  
0.796178  0.998966  5.55989  0.563752  0.615672  6.29985  
1.75972  1.62182  0.75621  1.04472  1.91004  3.69128  
1.25255  1.49849  3.02355  1.21701  1.3504  4.05817  
0.758123  1.01558  5.07478  1.0129  1.85682  3.65232  
0  0  0  0.582609  0.635016  6.31887  
1.02489  2.01624  2.63391  1.00115  1.97085  2.60295  
1.17527  1.83431  2.81188  1.23188  1.28244  3.53732  
0.750893  0.922178  5.5987  1.27245  2.93169  1.46171  
1.11543  1.0205  4.48328  1.14977  1.03456  4.51086  
1.14363  1.95579  2.60486  0.691562  1.10219  5.01897  
1.2816  1.7026  2.61244  1.03067  1.88655  3.67408  
0.494603  0.544737  6.23011  0.900763  1.06212  4.8684  
1.29228  2.00397  2.08068  0.490481  0.540508  6.22595  
0.687859  0.886271  5.45012  0.63925  1.03061  4.96023  
0  0  0  0.903385  1.60655  3.80356  
0  0  0  0.850548  1.64082  3.91176  
1.28633  2.11594  2.11858  0.593731  0.661836  5.75708  
1.17794  1.83715  2.81461  0.985236  1.81054  3.61845  
0.889584  1.34734  4.15194  0.848675  1.64893  4.22519  
0  0  0  1.12114  1.9261  2.57997  
0  0  0  1.67066  1.73953  1.72269  
0  0  0  1.40249  2.35324  1.77187  
0.836308  1.50233  3.7241  1.0255  1.62114  3.46559  
1.16353  1.53877  3.53015  0.808562  1.06761  5.12575  
0  0  0  1.16365  1.82197  2.80002  
1.12118  1.04733  4.14755  1.15983  1.429  2.91497  
1.03582  2.5738  2.58124  0.97897  2.38045  2.47889  
0  0  0  1.14352  1.05488  4.16495  
1.179  1.07989  4.19861  1.21923  1.95033  2.7415  
0  0  0  0.442747  0.485597  6.17583  
0  0  0  0.920247  1.63275  3.82354  
1.0433  1.83285  3.6646  0.799174  1.31959  4.86365  
0.817318  1.0951  5.06823  0.669281  1.0717  4.99395  
0  0  0  0.687362  1.09644  5.01425  
0  0  0  1.08238  2.07809  2.49224  
0  0  0  0.528267  0.57927  6.26406  
1.12199  1.21394  3.72637  1.24781  1.25058  3.53732  
0.687362  1.09644  5.01425  0.687362  1.09644  5.01425  
0  0  0  0.937678  1.76928  3.62201  
0  0  0  0.618654  0.690146  6.00695  
0  0  0  1.07305  1.7232  2.6065  
0  0  0  1.09003  1.96056  3.64909  
0  0  0  1.21755  1.64595  3.00815  
0  0  0  1.19395  2.00206  1.94672  
0.621713  0.693117  6.00998  1.20253  1.47098  3.38389  
0  0  0  1.70627  1.90139  1.35672  
0  0  0  0.979094  1.77476  3.08499  
0  0  0  1.05593  1.90524  3.60792  
0  0  0  0.789053  0.744415  5.84004  
0  0  0  0.750577  0.824264  5.16682  
1.25959  2.24044  2.2104  0.724156  1.48774  4.69929  
0  0  0  1.13384  2.7032  1.54875  
0  0  0  0.943685  1.491  4.10932  
0  0  0  1.25442  2.23284  2.20442  
0  0  0  0.810363  1.15106  4.80355  
0  0  0  0.948599  1.49717  4.11465  
0  0  0  1.08241  1.76962  3.79887  
0  0  0  0.670892  0.713782  6.08718  
0  0  0  1.47266  1.56777  2.2427  
0  0  0  0.969885  1.64538  3.75312  
0  0  0  0.95281  1.16693  3.74289  
0  0  0  1.23541  1.52606  2.07063  
0  0  0  1.29773  1.72741  2.46661  
0  0  0  0.973336  2.15858  2.7803  
1.04344  1.304  4.25808  1.23215  2.26016  1.84515  
0  0  0  0.780435  0.925324  5.22805  
0  0  0  1.25697  1.6087  2.95772  
0  0  0  1.00784  1.19655  3.78946  
0  0  0  0.734464  1.1609  5.06714  
0  0  0  1.11592  1.81469  3.83623  
0  0  0  0.989035  1.14504  4.38389  
0  0  0  0.922512  1.86549  4.00268  
0  0  0  0.702308  0.822709  5.94721  
0.739147  0.939631  5.50209  0.834871  1.17642  4.4146  
0  0  0  1.00938  1.44979  4.25903  
1.16345  1.60988  3.26362  1.23188  1.28244  3.53732  
0.767457  1.39044  5.20596  0.596177  0.648935  6.33256  
0  0  0  1.03151  1.88795  3.6751  
0  0  0  1.05444  1.45625  2.8538  
1.10956  1.49618  3.47997  1.17578  2.23484  2.06408  
0  0  0  0.827602  1.60902  4.19784  
0  0  0  0.860219  1.72967  3.95018  
1.30806  1.67168  2.8565  1.1827  1.23985  3.77548  
0  0  0  1.13621  1.22001  3.73787  
0  0  0  0.917829  1.29715  4.45363  
0  0  0  0.71402  0.751813  5.62592  
0  0  0  1.29408  2.21922  1.65492  
0  0  0  1.10058  1.79805  3.01475  
0  0  0  0.803645  1.45158  3.68541  
0.933123  1.28972  4.11763  1.06722  1.27386  3.73274  
0.746465  1.04407  5.23798  1.21494  1.94539  2.737  
0.691118  1.01714  5.31686  1.14605  1.03303  4.50787  
1.19195  1.91891  2.71284  1.09105  1.448  2.7345  
0.800515  1.44671  3.6817  1.10427  1.79902  3.82325  
0  0  0  0.909127  1.74423  3.54561  
0  0  0  0.619249  1.00324  4.93777  
1.18536  1.91132  2.70592  0.97793  1.96977  3.66666  
0.918901  1.63066  3.82194  0.778245  1.22081  5.11629  
0.935533  1.59688  3.71405  1.04332  1.31328  4.41215  
0.925298  1.58243  3.70241  1.12206  2.14909  2.54237  
0.796178  0.998966  5.55989  1.02827  1.6968  3.73851  
1.75972  1.62182  0.75621  0.719321  1.14018  5.05013  
1.25255  1.49849  3.02355  1.1766  1.04553  4.5324  
0.758123  1.01558  5.07478  1.30603  2.54319  1.62042  
0  0  0  0.781336  1.14316  4.96047  
1.02489  2.01624  2.63391  1.01208  1.99175  2.61721  
1.17527  1.83431  2.81188  0.69134  0.789047  6.02113  
0.750893  0.922178  5.5987  1.26032  1.29303  3.55981  
1.11543  1.0205  4.48328  0.731388  0.931558  5.49423  
1.14363  1.95579  2.60486  0.793013  1.45575  3.92385  
1.2816  1.7026  2.61244  1.03334  0.98692  4.41737  
0.494603  0.544737  6.23011  0.755951  0.957113  5.51912  
1.29228  2.00397  2.08068  1.14912  1.03429  4.51034  
0.687859  0.886271  5.45012  1.19023  1.89798  2.30423  
0  0  0  0.926595  1.85916  3.0497  
0  0  0  1.4227  2.29235  1.56894  
1.28633  2.11594  2.11858  1.03122  1.67164  2.90304  
1.17794  1.83715  2.81461  1.0969  2.10407  2.51058  
0.889584  1.34734  4.15194  1.06002  1.45709  3.43392  
0  0  0  1.17646  1.99914  2.64119  
0  0  0  0.81396  0.987006  4.74063  
0  0  0  1.1215  1.77721  2.757  
0.836308  1.50233  3.7241  1.06551  1.60243  3.5119  
1.16353  1.53877  3.53015  1.04559  1.09664  4.16625  
0  0  0  1.31726  2.24788  1.67993  
1.12118  1.04733  4.14755  0.91827  1.26537  4.42702  
1.03582  2.5738  2.58124  0.812945  1.58127  4.17882  
0  0  0  0.99507  2.4352  2.50787  
1.179  1.07989  4.19861  0.867982  1.22919  4.33044  
0  0  0  0.740838  0.862015  5.986  
0  0  0  0.977844  1.62897  3.68228  
1.0433  1.83285  3.6646  1.05955  1.73887  3.77338  
0.817318  1.0951  5.06823  0.947757  1.33224  4.23099  
0  0  0  1.10596  2.0474  2.49774  
0  0  0  0.738686  1.16668  5.07188  
0  0  0  1.02568  1.91419  3.18737  
1.12199  1.21394  3.72637  0.924449  1.22329  4.42356  
0.687362  1.09644  5.01425  1.18444  1.91026  2.70495  
0  0  0  1.12783  1.38018  3.64597  
0  0  0  1.19082  1.62629  2.98378  
0  0  0  1.13489  1.38467  3.65217  
0  0  0  0.604544  0.676438  5.99298  
0  0  0  1.19259  2.00052  1.9453  
0  0  0  1.08155  1.94679  3.63885  
0.621713  0.693117  6.00998  1.17368  1.82649  2.70802  
0  0  0  1.78752  1.91624  1.41583  
0  0  0  0.735424  0.803586  6.12261  
0  0  0  1.16667  1.97133  1.91829  
0  0  0  1.12751  1.33581  3.46978  
0  0  0  1.0514  2.1422  1.69235  
1.25959  2.24044  2.2104  1.00531  0.990373  4.27173  
0  0  0  1.25593  2.23506  2.20616  
0  0  0  0.954785  1.65229  4.03441  
0  0  0  0.992921  1.74503  3.51646  
0  0  0  0.966175  1.51923  4.13373  
0  0  0  0.734941  1.6598  4.1228  
0  0  0  0.645087  0.642918  6.04636  
0  0  0  0.721169  1.48148  4.69522  
0  0  0  1.25466  1.60728  2.95571  
0  0  0  1.95226  1.43617  1.05402  
0  0  0  1.95154  1.43645  1.05363  
0  0  0  1.12762  1.48389  3.37061  
0  0  0  1.0619  1.43706  3.31118  
0  0  0  1.96084  1.43287  1.05864  
1.04344  1.304  4.25808  1.12186  2.12559  2.19478  
0  0  0  0.969885  1.64538  3.75312  
0  0  0  1.25969  2.30569  2.35708  
0  0  0  1.13303  1.48774  3.3755  
0  0  0  1.12144  2.14798  2.54158  
0  0  0  0.755395  1.01015  5.37523  
0  0  0  1.27181  1.29731  3.5689  
0  0  0  0.595582  0.713834  5.83977  
0  0  0  1.02808  1.65943  3.72592  
0.739147  0.939631  5.50209  1.54181  1.67705  1.76819  
0  0  0  0.583699  0.636135  6.31997  
1.16345  1.60988  3.26362  0.777732  1.23306  4.68042  
0.767457  1.39044  5.20596  1.24382  1.28688  3.54676  
0  0  0  0.836308  1.50233  3.7241  
0  0  0  1.04787  1.02255  4.09041  
1.10956  1.49618  3.47997  1.10956  1.49618  3.47997  
0  0  0  0.867507  1.68458  4.24963  
0  0  0  1.15475  1.75318  2.81925  
1.30806  1.67168  2.8565  1.49282  1.9347  1.69257  
0  0  0  1.35925  2.29978  1.72522  
0  0  0  1.13603  1.38058  3.43429  
0  0  0  1.54662  2.02012  1.71745  
0  0  0  1.14782  1.52638  3.51555  
0  0  0  0.717357  0.97354  5.03359  
0  0  0  0.679666  0.799611  5.92442  
0.933123  1.28972  4.11763  0.919641  1.62625  3.66491  
0.746465  1.04407  5.23798  1.19653  2.433  2.41876  
0.691118  1.01714  5.31686  1.31563  2.17595  1.80842  
1.19195  1.91891  2.71284  0.621417  0.740188  5.86578  
0.800515  1.44671  3.6817  0.992137  1.82209  3.6269  
0  0  0  0.924036  1.47507  3.31086  
0  0  0  1.03067  1.88655  3.67408  
1.18536  1.91132  2.70592  1.04187  1.96657  2.77701  
0.918901  1.63066  3.82194  1.04372  1.71759  3.75574  
0.935533  1.59688  3.71405  1.18108  1.26352  3.49715  
0.925298  1.58243  3.70241  0.67667  0.796554  5.9214  
0.796178  0.998966  5.55989  1.08937  2.09059  2.50107  
1.75972  1.62182  0.75621  1.10127  2.11188  2.5161  
1.25255  1.49849  3.02355  0.845552  1.23421  4.12716  
0.758123  1.01558  5.07478  1.06541  2.69296  1.67351  
0  0  0  1.29262  1.36244  3.87942  
1.02489  2.01624  2.63391  1.20944  1.27408  3.51957  
1.17527  1.83431  2.81188  1.03198  1.9879  2.42858  
0.750893  0.922178  5.5987  1.16322  1.25687  3.48302  
1.11543  1.0205  4.48328  0.854998  1.53137  3.74624  
1.14363  1.95579  2.60486  1.03259  1.88976  3.67643  
1.2816  1.7026  2.61244  1.20192  1.30296  3.7477  
0.494603  0.544737  6.23011  0.490548  0.540577  6.22602  
1.29228  2.00397  2.08068  0.450479  0.499473  6.18561  
0.687859  0.886271  5.45012  0.73787  0.938302  5.5008  
0  0  0  0.849405  1.56273  3.45225  
0  0  0  1.04402  1.28585  3.41321  
1.28633  2.11594  2.11858  1.07622  1.98352  2.59726  
1.17794  1.83715  2.81461  0.900027  1.60134  3.79958  
0.889584  1.34734  4.15194  0.906937  1.79984  3.42701  
0  0  0  1.22932  1.57887  2.41534  
0  0  0  0.828852  1.61139  4.19947  
0  0  0  0.732228  0.988877  5.04862  
0.836308  1.50233  3.7241  1.17012  1.82884  2.80662  
1.16353  1.53877  3.53015  1.22238  1.88434  2.85996  
0  0  0  0.871181  1.35878  3.99155  
1.12118  1.04733  4.14755  0.964572  0.948127  4.01007  
1.03582  2.5738  2.58124  1.16434  1.74209  2.77385  
0  0  0  1.34271  2.16528  2.00095  
1.179  1.07989  4.19861  0.761045  1.63743  3.87073  
0  0  0  1.01923  1.86741  3.66007  
0  0  0  0.654011  0.713212  6.03753  
1.0433  1.83285  3.6646  0.926383  1.64229  3.8308  
0.817318  1.0951  5.06823  1.48715  1.57649  2.24491  
0  0  0  1.17329  1.03945  4.47159  
0  0  0  0.713274  1.1319  5.04335  
0  0  0  1.14726  1.86744  2.66589  
1.12199  1.21394  3.72637  0.856218  1.53327  3.74769  
0.687362  1.09644  5.01425  1.08657  2.08559  2.49754  
0  0  0  1.02559  1.31038  3.22384  
0  0  0  0.668148  0.738228  6.05598  
0  0  0  0.965176  1.29221  4.51996  
0  0  0  1.10265  1.66003  2.55107  
0  0  0  1.01764  1.84311  3.56168  
0  0  0  1.49075  2.16938  1.30237  
0.621713  0.693117  6.00998  1.16539  1.81798  2.69966  
0  0  0  1.53224  1.86959  1.2301  
0  0  0  0.928158  1.75249  3.61007  
0  0  0  1.24097  1.66317  3.02951  
0  0  0  0.942662  2.21606  3.22931  
0  0  0  0.685439  1.40661  4.64644  
1.25959  2.24044  2.2104  0.90776  1.83477  3.34188  
0  0  0  1.09482  1.50717  2.51463  
0  0  0  1.25959  2.24044  2.2104  
0  0  0  0.604671  0.68185  6.03239  
0  0  0  1.09371  2.64603  1.76736  
0  0  0  0.890265  2.06547  3.14418  
0  0  0  1.2676  2.25222  2.21966  
0  0  0  1.07443  1.01725  4.32677  
0  0  0  1.2348  2.26426  1.84828  
0  0  0  1.2348  2.26426  1.84828  
0  0  0  0.783664  0.928132  5.23113  
0  0  0  0.712909  0.722988  5.87645  
0  0  0  0.949336  1.16506  3.73995  
0  0  0  1.11838  1.4773  3.36225  
1.04344  1.304  4.25808  1.35083  1.54635  2.15434  
0  0  0  1.19615  1.57115  2.90466  
0  0  0  0.994495  1.31962  3.30265  
0  0  0  0.955315  1.75245  3.72295  
0  0  0  0.579814  0.632149  6.31605  
0  0  0  0.675329  0.795187  5.92005  
0  0  0  0.883318  2.39278  2.62408  
0  0  0  0.869149  1.587  4.23604  
0  0  0  0.905177  1.04495  5.28259  
0.739147  0.939631  5.50209  1.08334  2.07981  2.49346  
0  0  0  0.79468  1.27989  4.70083  
1.16345  1.60988  3.26362  1.13346  1.02788  4.49776  
0.767457  1.39044  5.20596  0.66662  1.06806  4.99096  
0  0  0  0.913846  1.33142  4.27167  
0  0  0  0.808562  1.06761  5.12575  
1.10956  1.49618  3.47997  1.13399  1.05166  4.15752  
0  0  0  1.01134  1.26076  3.91813  
0  0  0  1.12426  1.93021  2.58342  
1.30806  1.67168  2.8565  1.07603  1.19432  3.68919  
0  0  0  1.15195  1.96677  2.61406  
0  0  0  1.11443  1.50002  3.4845  
0  0  0  1.37685  2.32155  1.74421  
0  0  0  1.20267  1.54393  2.98184  
0  0  0  0.953812  2.29489  2.4336  
0  0  0  1.30594  2.02805  2.14537  
0.933123  1.28972  4.11763  0.679666  0.799611  5.92442  
0.746465  1.04407  5.23798  1.319  2.28318  2.21413  
0.691118  1.01714  5.31686  0.900476  1.60203  3.80012  
1.19195  1.91891  2.71284  0.96196  1.77161  3.58996  
0.800515  1.44671  3.6817  1.5635  1.59151  1.89965  
0  0  0  0.711163  0.831742  5.95613  
0  0  0  1.20045  1.27073  3.51246  
1.18536  1.91132  2.70592  0.75176  0.900021  5.40324  
0.918901  1.63066  3.82194  0.681629  0.801614  5.9264  
0.935533  1.59688  3.71405  1.03535  1.99394  2.43284  
0.925298  1.58243  3.70241  1.08711  1.00892  4.46054  
0.796178  0.998966  5.55989  0.706545  1.12269  5.03579  
1.75972  1.62182  0.75621  0.696781  1.10933  5.02483  
1.25255  1.49849  3.02355  1.02233  2.01134  2.63057  
0.758123  1.01558  5.07478  1.06386  2.04496  2.46885  
0  0  0  0.730948  1.01334  5.27351  
1.02489  2.01624  2.63391  0.653772  1.05048  4.97654  
1.17527  1.83431  2.81188  0.855178  1.53165  3.74645  
0.750893  0.922178  5.5987  0.687857  1.09712  5.01481  
1.11543  1.0205  4.48328  1.17824  1.26246  3.4949  
1.14363  1.95579  2.60486  1.21935  1.27777  3.52741  
1.2816  1.7026  2.61244  0.834345  1.49928  3.72178  
0.494603  0.544737  6.23011  0.687825  1.43338  4.48212  
1.29228  2.00397  2.08068  0.771122  0.990186  5.10266  
0.687859  0.886271  5.45012  1.34857  1.32589  3.62959  
0  0  0  0.724238  0.84508  5.96929  
0  0  0  0.871739  1.55738  3.76607  
1.28633  2.11594  2.11858  1.09051  0.971774  4.51009  
1.17794  1.83715  2.81461  0.658369  0.777885  5.90298  
0.889584  1.34734  4.15194  1.14404  1.50925  2.93119  
0  0  0  1.07419  1.84092  3.23664  
0  0  0  1.14031  1.05379  4.16245  
0  0  0  1.2056  1.24963  3.794  
0.836308  1.50233  3.7241  0.611337  0.750054  5.95417  
1.16353  1.53877  3.53015  1.27904  2.20063  1.6387  
0  0  0  0.879832  1.70792  4.26563  
1.12118  1.04733  4.14755  0.972123  2.35716  2.46656  
1.03582  2.5738  2.58124  1.15603  1.51634  2.94155  
0  0  0  1.04351  1.06287  4.19086  
1.179  1.07989  4.19861  0.834351  1.49929  3.72178  
0  0  0  0.996717  1.82975  3.63251  
0  0  0  0.566727  0.618724  6.30285  
1.0433  1.83285  3.6646  0.71258  1.13095  5.04257  
0.817318  1.0951  5.06823  1.00995  1.85188  3.64871  
0  0  0  1.04077  1.90343  3.68644  
0  0  0  1.07782  1.76344  3.79375  
0  0  0  1.19754  1.38622  2.81457  
1.12199  1.21394  3.72637  0.956348  1.19174  4.43431  
0.687362  1.09644  5.01425  1.0857  2.08403  2.49644  
0  0  0  1.24389  1.66532  3.03217  
0  0  0  0.94687  1.57363  2.99646  
0  0  0  0.912526  1.72493  3.59046  
0  0  0  1.22991  2.04256  1.9842  
0  0  0  1.25701  2.07842  2.38186  
0  0  0  1.21071  1.43284  3.71878  
0.621713  0.693117  6.00998  1.05478  1.58905  3.38918  
0  0  0  1.68058  1.8967  1.33802  
0  0  0  0.621713  0.693117  6.00998  
0  0  0  1.01481  1.66341  2.54775  
0  0  0  0.69335  1.42319  4.65724  
0  0  0  0.635775  0.634989  6.03751  
1.25959  2.24044  2.2104  0.659755  0.655407  6.0603  
0  0  0  1.29901  2.49229  1.6763  
0  0  0  0.682473  0.674749  6.08189  
0  0  0  1.0514  2.1422  1.69235  
0  0  0  1.32965  2.5468  1.7149  
0  0  0  1.00647  1.56102  3.90447  
0  0  0  0.605657  0.609345  6.00888  
0  0  0  1.34429  1.28254  2.6241  
0  0  0  1.8434  1.47806  0.995403  
0  0  0  1.22205  2.24454  1.83321  
0  0  0  0.919841  1.0569  3.9491  
0  0  0  1.27754  1.14001  3.52028  
0  0  0  1.16721  1.82706  3.04325  
0  0  0  1.30594  2.37432  1.9324  
1.04344  1.304  4.25808  1.53991  1.57959  2.29148  
0  0  0  1.28063  1.53401  2.10343  
0  0  0  0.872493  1.26419  4.1986  
0  0  0  1.15989  1.52846  3.20026  
0  0  0  1.20845  1.42915  3.82683  
0  0  0  0.822915  1.43252  4.31897  
0  0  0  0.873617  1.5603  3.7683  
0  0  0  1.28665  1.57947  2.4762  
0  0  0  0.558945  0.575992  6.28342  
0.739147  0.939631  5.50209  1.07778  1.18714  4.49798  
0  0  0  0.701  0.899943  5.46343  
1.16345  1.60988  3.26362  0.873582  2.13269  4.16286  
0.767457  1.39044  5.20596  1.18061  2.18851  2.33204  
0  0  0  0.837346  1.50394  3.72533  
0  0  0  0.806819  1.06581  5.12399  
1.10956  1.49618  3.47997  0.690829  0.94618  5.00679  
0  0  0  1.05567  1.45366  3.42987  
0  0  0  1.37034  2.3135  1.73719  
1.30806  1.67168  2.8565  1.41322  2.32084  1.76822  
0  0  0  1.20827  1.85901  3.07579  
0  0  0  0.762395  1.01999  5.0791  
0  0  0  1.10429  2.15524  2.48737  
0  0  0  0.971365  2.35458  2.4652  
0  0  0  1.17678  1.06612  4.19087  
0  0  0  1.38345  1.81942  2.71151  
0.933123  1.28972  4.11763  0.706492  1.12262  5.03573  
0.746465  1.04407  5.23798  1.03067  1.88655  3.67408  
0.691118  1.01714  5.31686  1.05353  1.92478  3.70206  
1.19195  1.91891  2.71284  0.666393  0.78607  5.91106  
0.800515  1.44671  3.6817  0.865901  1.54831  3.75916  
0  0  0  1.22904  1.28138  3.53507  
0  0  0  0.790999  1.23826  5.13062  
1.18536  1.91132  2.70592  1.02245  1.87279  3.66401  
0.918901  1.63066  3.82194  0.937718  1.92167  3.46211  
0.935533  1.59688  3.71405  0.964141  1.61054  3.667  
0.925298  1.58243  3.70241  1.17047  1.5912  3.66883  
0.796178  0.998966  5.55989  0.827976  1.48938  3.71423  
1.75972  1.62182  0.75621  0.526966  0.577936  6.26275  
1.25255  1.49849  3.02355  1.10348  2.11583  2.51889  
0.758123  1.01558  5.07478  0.706452  1.12257  5.03569  
0  0  0  1.03067  1.88655  3.67408  
1.02489  2.01624  2.63391  0.575924  0.628159  6.31213  
1.17527  1.83431  2.81188  1.33737  1.32171  3.62074  
0.750893  0.922178  5.5987  1.08016  2.07411  2.48944  
1.11543  1.0205  4.48328  1.02899  1.22081  4.67774  
1.14363  1.95579  2.60486  0.493504  0.543609  6.229  
1.2816  1.7026  2.61244  1.19286  1.26791  3.50646  
0.494603  0.544737  6.23011  1.36028  2.18335  1.87853  
1.29228  2.00397  2.08068  0.935037  0.976487  5.3014  
0.687859  0.886271  5.45012  1.21947  1.76971  2.36794  
0  0  0  0.757855  1.19291  5.0934  
0  0  0  1.11036  1.01843  4.47921  
1.28633  2.11594  2.11858  1.04088  0.960841  4.78474  
1.17794  1.83715  2.81461  1.10041  1.01436  4.47122  
0.889584  1.34734  4.15194  1.12556  1.93193  2.58486  
0  0  0  1.09703  1.48145  2.89059  
0  0  0  1.29371  1.14504  3.44477  
0  0  0  1.39637  1.26776  3.08899  
0.836308  1.50233  3.7241  1.16573  1.82418  2.80214  
1.16353  1.53877  3.53015  1.36556  1.85989  2.53063  
0  0  0  0.843848  1.63979  4.21893  
1.12118  1.04733  4.14755  1.26971  1.80028  3.01606  
1.03582  2.5738  2.58124  1.3115  2.24076  1.67371  
0  0  0  0.994876  1.49021  2.82541  
1.179  1.07989  4.19861  1.05064  2.0213  2.45215  
0  0  0  1.17661  1.90125  2.69673  
0  0  0  0.553444  0.605097  6.28946  
1.0433  1.83285  3.6646  1.23046  1.28191  3.5362  
0.817318  1.0951  5.06823  0.965372  1.96484  2.87762  
0  0  0  0.689553  1.09944  5.01671  
0  0  0  1.23223  1.48343  3.67408  
0  0  0  0.679666  0.799611  5.92442  
1.12199  1.21394  3.72637  1.20403  1.93283  2.72553  
0.687362  1.09644  5.01425  0.750049  1.18223  5.08464  
0  0  0  0.861923  1.20489  4.88974  
0  0  0  1.00109  1.81627  3.54171  
0  0  0  0.902871  2.00843  2.78416  
0  0  0  1.2528  1.67187  3.0403  
0  0  0  0.970436  1.52954  3.34162  
0  0  0  0.621713  0.693117  6.00998  
0.621713  0.693117  6.00998  1.28502  1.69557  3.06967  
0  0  0  1.2021  1.93205  2.19854  
0  0  0  0.926041  1.54319  3.45434  
0  0  0  1.60735  1.88332  1.28474  
0  0  0  0.941205  1.6673  3.45607  
0  0  0  0.706196  1.45011  4.67478  
1.25959  2.24044  2.2104  0.902931  1.43984  4.0651  
0  0  0  0.976456  0.888253  4.96731  
0  0  0  0.797906  0.991489  5.4867  
0  0  0  1.18317  1.16637  3.45539  
0  0  0  0.943685  1.491  4.10932  
0  0  0  0.852889  2.18817  3.16016  
0  0  0  1.27753  2.45408  1.64924  
0  0  0  1.1991  1.43609  3.14027  
0  0  0  1.2375  2.26844  1.85148  
0  0  0  1.0323  1.2951  4.24768  
0  0  0  1.29292  1.6309  2.98909  
0  0  0  1.21915  2.35096  1.6685  
0  0  0  0.975466  2.16414  2.78357  
0  0  0  0.784908  0.990743  4.85337  
1.04344  1.304  4.25808  0.926573  1.1528  3.72069  
0  0  0  1.212  1.73595  2.59681  
0  0  0  0.847725  0.98383  5.29241  
0  0  0  0.844848  1.10881  3.65155  
0  0  0  0.639745  0.758886  5.88423  
0  0  0  0.804682  2.0729  3.34094  
0  0  0  1.16871  1.25892  3.48736  
0  0  0  0.605593  0.658594  6.34206  
0  0  0  0.682546  0.802549  5.92732  
0.739147  0.939631  5.50209  0.687362  1.09644  5.01425  
0  0  0  0.70002  0.898923  5.46244  
1.16345  1.60988  3.26362  0.786856  1.09177  5.22461  
0.767457  1.39044  5.20596  0.801073  1.33334  4.71092  
0  0  0  1.09877  2.10742  2.51295  
0  0  0  1.07437  1.0315  4.11106  
1.10956  1.49618  3.47997  1.10203  1.04085  4.13262  
0  0  0  0.882126  1.57872  4.1653  
0  0  0  0.861021  1.14637  3.95911  
1.30806  1.67168  2.8565  1.01157  1.41886  3.38888  
0  0  0  1.18239  1.23972  3.77522  
0  0  0  0.651268  0.81341  5.74178  
0  0  0  1.14431  1.80144  2.78028  
0  0  0  1.25408  1.50814  2.87332  
0  0  0  1.06644  2.24033  2.92932  
0  0  0  1.01737  1.86429  3.65779  
0.933123  1.28972  4.11763  0.659396  0.713787  6.39632  
0.746465  1.04407  5.23798  1.14537  1.03275  4.50732  
0.691118  1.01714  5.31686  1.00141  0.979401  4.71619  
1.19195  1.91891  2.71284  1.37673  2.56144  1.70423  
0.800515  1.44671  3.6817  1.23188  1.28244  3.53732  
0  0  0  0.984429  1.36524  4.51086  
0  0  0  1.13094  1.8349  3.85299  
1.18536  1.91132  2.70592  1.14977  1.03456  4.51086  
0.918901  1.63066  3.82194  0.582609  0.635016  6.31887  
0.935533  1.59688  3.71405  0.718069  0.838788  5.96308  
0.925298  1.58243  3.70241  1.09924  2.10825  2.51354  
0.796178  0.998966  5.55989  1.08068  2.07504  2.49009  
1.75972  1.62182  0.75621  1.26295  1.33693  3.17101  
1.25255  1.49849  3.02355  0.529976  0.581023  6.26579  
0.758123  1.01558  5.07478  1.02489  2.01624  2.63391  
0  0  0  1.23653  1.28417  3.54099  
1.02489  2.01624  2.63391  0.874609  1.50664  3.75107  
1.17527  1.83431  2.81188  0.60693  0.72541  5.8512  
0.750893  0.922178  5.5987  1.06664  1.74841  3.78129  
1.11543  1.0205  4.48328  1.38423  1.21617  3.53506  
1.14363  1.95579  2.60486  0.673875  0.871721  5.43594  
1.2816  1.7026  2.61244  0.506965  0.557418  6.24258  
0.494603  0.544737  6.23011  1.44593  1.11729  3.54974  
1.29228  2.00397  2.08068  0.706599  0.905767  5.46911  
0.687859  0.886271  5.45012  0.922921  1.10115  5.2561  
0  0  0  0.740513  0.77651  5.42387  
0  0  0  1.83666  1.47713  2.18952  
1.28633  2.11594  2.11858  0.963572  1.77431  3.59193  
1.17794  1.83715  2.81461  0.595125  0.725423  5.88779  
0.889584  1.34734  4.15194  0.972515  1.67347  3.44771  
0  0  0  0.677246  0.932171  4.99306  
0  0  0  0.842389  1.63702  4.21703  
0  0  0  0.838785  1.11811  4.50665  
0.836308  1.50233  3.7241  1.17061  1.06403  4.18606  
1.16353  1.53877  3.53015  1.06216  2.08397  2.85021  
0  0  0  0.733766  0.827602  5.49665  
1.12118  1.04733  4.14755  1.01429  1.66232  3.37935  
1.03582  2.5738  2.58124  1.00472  2.49233  2.15851  
0  0  0  0.736013  1.20239  5.12231  
1.179  1.07989  4.19861  0.810549  1.4623  3.69359  
0  0  0  0.55023  0.667568  5.79411  
0  0  0  1.2273  1.95962  2.74997  
1.0433  1.83285  3.6646  1.09575  2.10201  2.50913  
0.817318  1.0951  5.06823  1.23188  1.28244  3.53732  
0  0  0  1.15052  1.8712  2.66932  
0  0  0  0.803861  1.1658  5.12654  
0  0  0  1.19896  1.92699  2.72021  
1.12199  1.21394  3.72637  1.09866  2.10722  2.51281  
0.687362  1.09644  5.01425  1.06564  2.04813  2.47109  
0  0  0  1.43058  1.35763  3.19135  
0  0  0  0.975011  1.82108  3.28786  
0  0  0  0.885121  1.50719  3.49961  
0  0  0  1.24562  1.66659  3.03374  
0  0  0  0.931214  1.2812  4.96137  
0  0  0  0.97362  2.40917  1.67457  
0.621713  0.693117  6.00998  0.883204  1.13422  4.88037  
0  0  0  1.14816  1.3931  3.66383  
0  0  0  1.67499  1.89568  1.33396  
0  0  0  0.971738  1.45122  3.82275  
0  0  0  0.925545  0.863152  4.925  
0  0  0  0.786335  1.48077  4.34033  
1.25959  2.24044  2.2104  0.917823  2.14467  3.18895  
0  0  0  0.915879  2.13909  3.18579  
0  0  0  0.997129  1.75136  3.52137  
0  0  0  0.686981  0.678588  6.08618  
0  0  0  0.719416  0.706205  6.11701  
0  0  0  0.948456  3.2207  1.56038  
0  0  0  0.851972  1.09961  4.75433  
0  0  0  1.25959  2.24044  2.2104  
0  0  0  1.26922  1.61207  2.12184  
0  0  0  1.19531  1.12844  4.15532  
0  0  0  1.14636  1.78139  2.36726  
0  0  0  1.32667  1.5421  2.13682  
0  0  0  1.00088  2.21246  2.80116  
0  0  0  1.15717  1.50494  3.39733  
1.04344  1.304  4.25808  0.825735  0.96471  5.27137  
0  0  0  1.19236  1.38226  3.37663  
0  0  0  2.06639  1.39226  1.11546  
0  0  0  1.99926  1.41808  1.07932  
0  0  0  1.08496  1.00804  4.45882  
0  0  0  1.01202  1.85534  3.65124  
0  0  0  1.05857  1.61299  3.56763  
0  0  0  1.38949  1.63103  2.98091  
0  0  0  1.02018  1.86899  3.66123  
0.739147  0.939631  5.50209  1.04448  1.7186  3.75658  
0  0  0  0.579223  0.631543  6.31546  
1.16345  1.60988  3.26362  1.25786  1.73078  2.49346  
0.767457  1.39044  5.20596  0.877873  2.15114  3.54946  
0  0  0  0.621216  0.819701  5.3835  
0  0  0  1.1145  1.50008  3.48457  
1.10956  1.49618  3.47997  0.950968  1.11859  4.06243  
0  0  0  1.09641  1.89344  2.5526  
0  0  0  1.17634  1.3626  3.47997  
1.30806  1.67168  2.8565  1.33395  2.26851  1.69793  
0  0  0  0.841903  1.6361  4.2164  
0  0  0  1.13645  1.22011  3.73807  
0  0  0  1.18382  1.24033  3.77639  
0  0  0  0.999842  1.69448  3.51166  
0  0  0  1.43639  2.39514  1.80843  
0  0  0  0.964785  2.27006  2.64322  
0.933123  1.28972  4.11763  1.07412  2.06331  2.48181  
0.746465  1.04407  5.23798  1.06152  2.48862  2.33323  
0.691118  1.01714  5.31686  1.04201  1.72507  3.74062  
1.19195  1.91891  2.71284  1.08728  1.00899  4.46068  
0.800515  1.44671  3.6817  1.06841  1.17902  4.50478  
0  0  0  1.18713  1.91336  2.70778  
0  0  0  0.698498  1.11168  5.02675  
1.18536  1.91132  2.70592  1.23188  1.28244  3.53732  
0.918901  1.63066  3.82194  0.865312  1.54739  3.75846  
0.935533  1.59688  3.71405  0.854584  0.943527  5.52311  
0.925298  1.58243  3.70241  1.26185  1.53167  3.37756  
0.796178  0.998966  5.55989  1.13346  1.79405  2.63222  
1.75972  1.62182  0.75621  0.890021  2.42324  2.47905  
1.25255  1.49849  3.02355  0.665888  1.06706  4.99014  
0.758123  1.01558  5.07478  0.669792  0.789538  5.91448  
0  0  0  0.544367  0.595786  6.2803  
1.02489  2.01624  2.63391  1.01669  0.980106  4.40399  
1.17527  1.83431  2.81188  0.663802  1.09616  5.43903  
0.750893  0.922178  5.5987  1.39471  1.20381  3.51372  
1.11543  1.0205  4.48328  1.22325  1.27922  3.53049  
1.14363  1.95579  2.60486  0.662674  0.782277  5.90731  
1.2816  1.7026  2.61244  0.491213  0.704707  5.61333  
0.494603  0.544737  6.23011  0.791336  1.11359  4.54684  
1.29228  2.00397  2.08068  1.00148  0.973885  4.39178  
0.687859  0.886271  5.45012  1.02299  1.371  4.53849  
0  0  0  1.16242  1.62306  2.31906  
0  0  0  1.03093  1.98604  2.42726  
1.28633  2.11594  2.11858  1.08958  2.09098  2.50134  
1.17794  1.83715  2.81461  1.06472  1.61677  3.53732  
0.889584  1.34734  4.15194  1.16092  1.06076  4.17852  
0  0  0  1.22464  1.12303  3.82129  
0  0  0  0.852253  1.6557  4.22984  
0  0  0  1.14277  1.22281  3.74318  
0.836308  1.50233  3.7241  1.09419  1.47976  2.88813  
1.16353  1.53877  3.53015  0.97589  2.36997  2.47334  
0  0  0  1.22474  1.88685  2.86237  
1.12118  1.04733  4.14755  1.36743  2.3099  1.73404  
1.03582  2.5738  2.58124  0.757616  1.01506  5.07427  
0  0  0  0.941858  1.18992  4.3028  
1.179  1.07989  4.19861  0.753275  0.866949  5.37245  
0  0  0  1.0956  1.01239  4.46736  
0  0  0  0.698885  0.827794  5.47152  
1.0433  1.83285  3.6646  0.590286  0.642892  6.32662  
0.817318  1.0951  5.06823  1.19282  1.91992  2.71376  
0  0  0  0.687362  1.09644  5.01425  
0  0  0  0.618577  1.00232  4.93702  
0  0  0  0.615181  0.718303  6.09623  
1.12199  1.21394  3.72637  0.569272  0.621335  6.30542  
0.687362  1.09644  5.01425  1.06641  1.17946  4.48661  
0  0  0  1.35356  2.33491  0.984201  
0  0  0  1.06783  1.92455  3.6223  
0  0  0  1.04583  1.69525  2.57904  
0  0  0  1.02244  1.1438  4.1318  
0  0  0  0.69479  1.15445  4.82461  
0  0  0  1.20886  1.64014  3.48116  
0.621713  0.693117  6.00998  1.08148  1.52819  3.09378  
0  0  0  1.24431  1.4542  3.74829  
0  0  0  0.927065  1.37269  4.06411  
0  0  0  1.05631  1.90585  3.60838  
0  0  0  1.0005  0.988499  4.2679  
0  0  0  1.00879  2.9942  1.69969  
1.25959  2.24044  2.2104  1.05939  2.15934  1.70339  
0  0  0  0.793571  1.47088  4.58984  
0  0  0  0.906687  1.63638  3.4524  
0  0  0  1.3199  2.52946  1.70262  
0  0  0  0.679831  0.6725  6.07938  
0  0  0  0.997873  1.75248  3.52224  
0  0  0  0.693071  0.683774  6.09197  
0  0  0  1.135  2.32154  1.80786  
0  0  0  1.0968  1.46193  3.34274  
0  0  0  1.04577  1.30586  4.26024  
0  0  0  1.13476  1.48898  3.37706  
0  0  0  1.06585  1.87057  2.8021  
0  0  0  2.09272  1.38212  1.12964  
0  0  0  1.73686  1.86581  1.05363  
1.04344  1.304  4.25808  1.13476  1.48898  3.37706  
0  0  0  1.20366  1.57579  2.91121  
0  0  0  1.25435  1.60708  2.95544  
0  0  0  1.21658  1.58377  2.92249  
0  0  0  1.01933  1.96527  2.4126  
0  0  0  0.73208  1.23316  4.81723  
0  0  0  1.0771  2.06865  2.48558  
0  0  0  1.97096  1.42897  1.06409  
0  0  0  0.959668  1.76778  3.58715  
0.739147  0.939631  5.50209  0.582609  0.635016  6.31887  
0  0  0  0.656843  1.05468  4.97998  
1.16345  1.60988  3.26362  1.23188  1.28244  3.53732  
0.767457  1.39044  5.20596  1.31915  1.90808  2.12277  
0  0  0  1.12049  1.58855  3.69491  
0  0  0  1.01138  1.78116  2.45848  
1.10956  1.49618  3.47997  1.14471  1.05528  4.16588  
0  0  0  0.99545  2.43649  2.50856  
0  0  0  1.2274  1.69085  2.17187  
1.30806  1.67168  2.8565  1.07848  1.47166  3.45108  
0  0  0  0.756768  1.01419  5.07341  
0  0  0  0.823087  1.75369  3.66271  
0  0  0  0.809828  1.57537  4.17478  
0  0  0  1.24109  1.99445  2.43789  
0  0  0  1.40081  2.35116  1.77005  
0  0  0  0.836308  1.50233  3.7241  
0.933123  1.28972  4.11763  1.0611  0.998276  4.43965  
0.746465  1.04407  5.23798  0.685588  1.09402  5.01226  
0.691118  1.01714  5.31686  0.858892  1.41605  4.02026  
1.19195  1.91891  2.71284  1.65392  1.5314  1.65738  
0.800515  1.44671  3.6817  0.667933  1.06986  4.99244  
0  0  0  1.09012  2.09193  2.50202  
0  0  0  0.717432  1.13759  5.04801  
1.18536  1.91132  2.70592  0.518462  0.555742  6.29157  
0.918901  1.63066  3.82194  1.17888  1.90385  2.69911  
0.935533  1.59688  3.71405  1.0841  2.08118  2.49442  
0.925298  1.58243  3.70241  0.811708  1.22082  4.75286  
0.796178  0.998966  5.55989  0.64011  0.759258  5.8846  
1.75972  1.62182  0.75621  1.05052  1.72673  3.76332  
1.25255  1.49849  3.02355  1.17659  1.66063  2.61651  
0.758123  1.01558  5.07478  1.0405  2.69704  1.71419  
0  0  0  0.617863  0.704945  6.10822  
1.02489  2.01624  2.63391  1.04347  2.00848  2.4431  
1.17527  1.83431  2.81188  1.08334  2.07981  2.49346  
0.750893  0.922178  5.5987  0.563037  0.614939  6.29913  
1.11543  1.0205  4.48328  0.932902  1.66299  3.57001  
1.14363  1.95579  2.60486  0.701714  0.936248  5.98466  
1.2816  1.7026  2.61244  0.780222  0.982365  5.54372  
0.494603  0.544737  6.23011  0.7389  1.16697  5.07212  
1.29228  2.00397  2.08068  0.752058  0.953063  5.51518  
0.687859  0.886271  5.45012  1.064  2.04521  2.46903  
0  0  0  0.968306  1.68254  4.16719  
0  0  0  0.679666  0.799611  5.92442  
1.28633  2.11594  2.11858  0.935545  1.61369  3.38695  
1.17794  1.83715  2.81461  0.743104  0.943747  5.5061  
0.889584  1.34734  4.15194  0.972241  2.35756  2.46678  
0  0  0  0.991825  1.71695  2.81878  
0  0  0  1.18708  1.84685  2.82393  
0  0  0  1.11802  1.54376  3.55663  
0.836308  1.50233  3.7241  1.12935  1.21708  3.73232  
1.16353  1.53877  3.53015  0.509549  0.615147  5.98954  
0  0  0  0.808562  1.06761  5.12575  
1.12118  1.04733  4.14755  1.1229  1.04791  4.14889  
1.03582  2.5738  2.58124  1.20718  1.57322  3.57073  
0  0  0  0.751313  1.46457  4.09883  
1.179  1.07989  4.19861  1.01449  1.73071  3.54181  
0  0  0  0.928606  1.65109  3.60076  
0  0  0  1.00091  0.973649  4.39132  
1.0433  1.83285  3.6646  1.31329  1.31275  3.6017  
0.817318  1.0951  5.06823  0.690261  0.810419  5.93509  
0  0  0  0.832425  1.38149  4.2937  
0  0  0  1.70622  1.86356  1.08963  
0  0  0  1.03169  1.88826  3.67533  
1.12199  1.21394  3.72637  0.906395  1.63918  3.62435  
0.687362  1.09644  5.01425  0.631415  1.02339  4.9526  
0  0  0  1.79299  2.00396  0.940922  
0  0  0  0.992395  1.34596  4.58367  
0  0  0  0.861549  1.63506  3.52652  
0  0  0  1.2932  1.496  2.80352  
0  0  0  1.19667  2.00512  1.94956  
0  0  0  1.07514  1.54121  2.8783  
0.621713  0.693117  6.00998  1.19459  1.62906  2.98721  
0  0  0  0.909289  1.71923  3.5864  
0  0  0  1.19866  2.00735  1.95162  
0  0  0  1.03394  1.83648  2.61819  
0  0  0  0.967755  2.05592  3.18973  
0  0  0  0.676897  0.670002  6.07659  
1.25959  2.24044  2.2104  0.906301  2.02833  3.65565  
0  0  0  1.06693  1.78471  2.75672  
0  0  0  0.952858  3.28225  1.58383  
0  0  0  0.955347  2.25252  3.24991  
0  0  0  1.08063  2.2049  1.73274  
0  0  0  0.951825  3.26781  1.57833  
0  0  0  1.40856  1.5565  2.19621  
0  0  0  0.674464  0.66793  6.07428  
0  0  0  0.82061  0.960254  5.26647  
0  0  0  0.655151  0.846989  5.21601  
0  0  0  0.684365  0.828213  5.34887  
0  0  0  0.757572  0.905445  5.20618  
0  0  0  0.827126  0.96592  5.27271  
0  0  0  0.949466  1.65166  3.7416  
1.04344  1.304  4.25808  1.04802  1.30766  4.26235  
0  0  0  1.1262  1.48287  3.36932  
0  0  0  0.993033  1.67806  3.77944  
0  0  0  0.79072  0.934267  5.23788  
0  0  0  1.14706  2.07832  2.46057  
0  0  0  0.723022  1.14524  5.05429  
0  0  0  0.695775  0.894506  5.45814  
0  0  0  0.960889  1.61033  3.21418  
0  0  0  1.14977  1.03456  4.51086  
0.739147  0.939631  5.50209  0.77935  0.903809  5.18239  
0  0  0  1.064  1.96122  2.87872  
1.16345  1.60988  3.26362  1.19277  1.26788  3.50639  
0.767457  1.39044  5.20596  0.660039  0.779588  5.90466  
0  0  0  1.23676  1.28425  3.54118  
0  0  0  1.12199  1.21394  3.72637  
1.10956  1.49618  3.47997  0.831967  1.61729  4.20351  
0  0  0  0.82917  1.61199  4.19988  
0  0  0  0.967887  2.34276  2.45894  
1.30806  1.67168  2.8565  1.15463  1.81239  2.79081  
0  0  0  0.895416  1.89345  3.38474  
0  0  0  1.06278  1.84903  2.51537  
0  0  0  1.09419  1.47976  2.88813  
0  0  0  1.19021  1.07066  4.20135  
0  0  0  1.1305  1.51271  3.49944  
0  0  0  0.643932  0.697923  6.38072  
0.933123  1.28972  4.11763  1.19256  1.2678  3.50622  
0.746465  1.04407  5.23798  1.27707  1.29926  3.57305  
0.691118  1.01714  5.31686  0.679351  0.79929  5.9241  
1.19195  1.91891  2.71284  0.83698  1.50337  3.7249  
0.800515  1.44671  3.6817  0.583893  0.636334  6.32017  
0  0  0  1.02419  1.20511  3.37308  
0  0  0  0.741697  0.941303  5.95888  
1.18536  1.91132  2.70592  1.15877  1.23704  3.47345  
0.918901  1.63066  3.82194  0.898972  1.5997  3.79833  
