0  0  0  0  
0  0  0  0  
0  0  0  0  
0  0  0  0  
0  0  0  0  
0  0  0  0  
0  0  0  0  
0  0  0  0  
0  0  0  0  
0  0  0  0  
0  0  0  0  
0  0  0  0  
0  0  0  0  
0  0  0  0  
0  0  0  0  
0  0  0  0  
0  0  0  0  
0  0  0  0  
0  0  0  0  
0  0  0  0  
0  0  0  0  
0  0  0  0  
0  0  0  0  
0  0  0  0  
0  0  0  0  
0  0  0  0  
0  0  0  0  
0  0  0  0  
0  0  0  0  
0  0  0  0  
0  0  0  0  
0  0  0  0  
0  0  0  0  
0  0  0  0  
0  0  0  0  
0  0  0  0  
0  0  0  0  
0  0  0  0  
0  0  0  0  
0  0  0  0  
0  0  0  0  
0  0  0  0  
0  0  0  0  
0  0  0  0  
0  0  0  0  
0  0  0  0  
0  0  0  0  
0  0  0  0  
0  0  0  0  
0  0  0  0  
0  0  0  0  
0  0  0  0  
0  0  0  0  
0  0  0  0  
0  0  0  0  
0  0  0  0  
0  0  0  0  
0  0  0  0  
0  0  0  0  
0  0  0  0  
0  0  0  0  
0  0  0  0  
0  0  0  0  
0  0  0  0  
0  0  0  0  
0  0  0  0  
0  0  0  0  
0  0  0  0  
0  0  0  0  
0  0  0  0  
0  0  0  0  
0  0  0  0  
0  0  0  0  
0  0  0  0  
0  0  0  0  
0  0  0  0  
0  0  0  0  
0  0  0  0  
0  0  0  0  
0  0  0  0  
0  0  0  0  
0  0  0  0  
0  0  0  0  
0  0  0  0  
0  0  0  0  
0  0  0  0  
0  0  0  0  
0  0  0  0  
0  0  0  0  
0  0  0  0  
0  0  0  0  
0  0  0  0  
0  0  0  0  
0  0  0  0  
0  0  0  0  
0  0  0  0  
0  0  0  0  
0  0  0  0  
0  0  0  0  
0  0  0  0  
0  0  1.93736  1.77862  
0  0  1.52797  2.74609  
0  0  1.51529  2.72285  
0  0  1.95061  1.8686  
0  0  1.62592  2.46354  
0  0  1.55099  2.38861  
0  0  1.8372  1.75519  
0  0  1.19761  3.06709  
0  0  1.72415  2.56178  
1.73362  2.57125  1.53274  2.79257  
0  0  1.64831  2.51279  
2.12382  1.53889  1.51544  2.73176  
1.32271  3.08697  1.23093  2.93761  
1.72541  1.85925  1.27443  3.41969  
1.90938  1.86661  1.8042  2.03836  
0  0  1.59973  2.00781  
0  0  1.28611  3.05037  
0  0  1.48721  2.93132  
0  0  1.90388  1.95489  
1.2608  3.40605  1.79734  2.20542  
0  0  1.38663  2.90072  
1.07662  3.28646  1.65714  2.31353  
1.88507  1.8423  1.55692  2.56645  
1.59843  2.80599  1.72907  2.28625  
0  0  1.52914  2.53867  
1.62886  2.52434  1.77261  2.43733  
1.72562  2.47693  1.22102  3.28803  
1.72376  2.47507  1.70645  2.37117  
0  0  1.33372  2.84782  
1.3411  3.02933  1.44342  2.95751  
1.30066  3.18483  1.31013  3.35055  
0  0  1.5403  2.29366  
1.88899  1.86741  1.79282  1.83459  
0  0  1.80998  2.03084  
1.49843  2.56865  1.85011  1.96513  
1.1104  3.32054  1.78347  2.07886  
1.75786  2.29072  1.53043  2.74854  
1.90407  2.06881  1.53786  2.75598  
0  0  1.32537  3.36579  
1.56194  2.78005  1.90071  2.12157  
0  0  1.03149  3.40624  
0  0  1.31233  2.87095  
0  0  1.3991  3.00854  
0  0  1.61395  2.5633  
0  0  1.43032  2.81168  
0  0  1.37008  2.9287  
0.886443  3.69634  1.46313  2.89671  
0  0  1.38336  2.99279  
0  0  1.3933  2.95425  
0  0  1.37298  2.80657  
0  0  1.35229  2.86638  
0  0  1.8034  2.29338  
1.50587  2.75144  1.36068  2.87477  
0  0  1.13224  3.6276  
0  0  1.7575  2.42222  
0  0  1.66029  2.31669  
0  0  1.53013  2.7757  
0  0  1.66773  2.41904  
0  0  1.7267  2.1772  
0  0  1.64262  2.37618  
1.56367  2.04281  1.76222  2.42694  
1.71492  2.23547  1.33258  2.84667  
0  0  1.66053  2.13967  
0  0  1.22946  3.51568  
1.59125  2.07039  1.58967  2.89034  
0  0  1.39444  2.7529  
0  0  1.86669  1.93499  
0  0  1.75172  2.20983  
0  0  1.31241  2.8265  
0  0  1.78473  2.01175  
0  0  1.80427  2.33712  
1.90938  1.86661  1.77004  2.37355  
0  0  1.97598  1.7334  
0  0  1.2608  3.40605  
0  0  1.8666  1.95842  
0  0  1.68602  2.21887  
0  0  1.91877  2.16427  
0  0  1.67237  2.18792  
0  0  1.29371  3.05797  
0  0  1.2608  3.40605  
1.40825  2.77575  2.24832  1.20702  
0  0  1.98075  1.95288  
0  0  1.5262  2.73376  
0  0  1.86537  2.06388  
0  0  1.73649  2.23613  
0  0  1.64335  2.43393  
1.98752  1.53742  2.05847  1.37615  
0  0  2.10726  1.42494  
1.84716  1.76515  2.09407  1.36619  
0  0  1.40099  2.60148  
1.22687  2.98454  1.99772  2.08754  
0  0  2.11252  1.30669  
1.45878  2.94857  1.36539  2.89896  
0  0  1.8713  1.89267  
0  0  1.86948  2.16487  
1.59146  2.77512  1.63302  2.81668  
1.91055  2.13141  1.43703  2.92683  
0  0  1.5  2.71812  
0  0  1.87783  2.17322  
0  0  2.17927  1.49695  
0  0  1.56542  2.78353  
0  0  1.86053  2.096  
0  0  1.91243  2.21181  
0  0  1.54241  2.7429  
0  0  1.51859  2.72615  
0  0  2.15872  1.43084  
0  0  1.93588  1.85386  
0  0  1.51893  2.71942  
0  0  1.70571  2.40127  
1.73362  2.57125  2.18121  1.45333  
0  0  1.18613  3.36012  
2.12382  1.53889  1.88002  2.2881  
1.32271  3.08697  1.93057  1.88779  
1.72541  1.85925  1.31721  3.02389  
1.90938  1.86661  1.85377  1.9456  
0  0  1.53543  2.76077  
0  0  1.25357  3.05123  
0  0  1.27522  3.03947  
0  0  1.70211  2.16508  
1.2608  3.40605  1.06602  3.27616  
0  0  1.29346  2.80755  
1.07662  3.28646  1.24165  2.71867  
1.88507  1.8423  1.74871  2.41343  
1.59843  2.80599  1.86164  2.31975  
0  0  1.58914  2.06828  
1.62886  2.52434  1.69725  2.59274  
1.72562  2.47693  1.1489  3.43512  
1.72376  2.47507  1.59763  2.07678  
0  0  1.55817  2.5677  
1.3411  3.02933  1.71172  2.5298  
1.30066  3.18483  1.49509  2.6969  
0  0  1.36263  3.40305  
1.88899  1.86741  1.81084  2.31995  
0  0  1.94044  1.89059  
1.49843  2.56865  1.28412  3.3713  
1.1104  3.32054  1.35177  3.42476  
1.75786  2.29072  1.37655  3.41696  
1.90407  2.06881  1.43642  2.84568  
0  0  1.59612  2.77978  
1.56194  2.78005  1.31528  3.35569  
0  0  1.44313  2.58297  
0  0  1.50062  2.74298  
0  0  1.97416  1.86061  
0  0  1.55888  2.42962  
0  0  1.51481  2.75717  
0  0  1.34699  3.1194  
0.886443  3.69634  1.82356  2.19183  
0  0  1.32324  2.88187  
0  0  1.22332  2.89873  
0  0  1.70547  2.22357  
0  0  1.87784  2.33595  
0  0  1.3525  2.8666  
1.50587  2.75144  1.51553  2.7611  
0  0  1.81862  2.27673  
0  0  1.74439  2.4957  
0  0  1.65845  2.32317  
0  0  1.71931  2.19846  
0  0  1.71449  2.4658  
0  0  1.57092  2.81648  
0  0  1.62625  2.70172  
1.56367  2.04281  1.65029  2.12943  
1.71492  2.23547  1.70909  2.60458  
0  0  1.54611  2.81978  
0  0  1.65717  2.31356  
1.59125  2.07039  1.38388  2.88502  
0  0  1.86786  2.37028  
0  0  1.78731  1.59065  
0  0  1.85686  2.41042  
0  0  1.30192  3.04031  
0  0  1.78619  2.49729  
0  0  1.17126  3.31651  
1.90938  1.86661  1.82702  1.91884  
0  0  1.83213  1.92395  
0  0  1.11467  3.3248  
0  0  2.09744  1.38285  
0  0  1.79663  2.40014  
0  0  1.77606  2.30891  
0  0  1.29501  3.05926  
0  0  1.83893  1.94995  
0  0  1.72716  2.26001  
1.40825  2.77575  1.83431  2.36987  
0  0  2.09297  1.36509  
0  0  1.66816  2.54407  
0  0  1.74354  1.9644  
0  0  1.84716  1.76515  
0  0  1.52287  2.74099  
1.98752  1.53742  1.35784  3.39826  
0  0  1.62747  2.75018  
1.84716  1.76515  2.06962  1.34174  
0  0  2.4484  1.03218  
1.22687  2.98454  1.93843  2.1593  
0  0  1.54558  2.85195  
1.45878  2.94857  1.46178  2.95157  
0  0  1.37406  2.55772  
0  0  2.11654  1.47058  
1.59146  2.77512  1.73626  2.20333  
1.91055  2.13141  1.87659  1.96627  
0  0  2.04939  1.36707  
0  0  2.16071  1.12871  
0  0  1.81775  2.11314  
0  0  1.45889  2.66645  
0  0  1.83442  2.05853  
0  0  2.0334  1.35108  
0  0  1.70852  2.04981  
0  0  1.42338  2.8772  
0  0  1.50077  2.68443  
0  0  1.78711  2.48907  
0  0  1.3179  3.35832  
0  0  1.50026  2.70782  
1.73362  2.57125  1.20058  3.60784  
0  0  1.81687  2.22494  
2.12382  1.53889  1.35354  3.22058  
1.32271  3.08697  1.35406  2.9574  
1.72541  1.85925  1.13226  3.3424  
1.90938  1.86661  1.59823  2.67208  
0  0  1.66127  2.24441  
0  0  0.947932  3.53621  
0  0  1.7713  2.19627  
0  0  1.22732  3.37258  
1.2608  3.40605  1.73804  2.34155  
0  0  1.62586  2.63539  
1.07662  3.28646  1.68587  2.34226  
1.88507  1.8423  1.63082  2.44821  
1.59843  2.80599  1.72215  2.38687  
0  0  1.53207  2.86615  
1.62886  2.52434  1.72557  2.39029  
1.72562  2.47693  1.56733  2.57686  
1.72376  2.47507  1.13051  3.41673  
0  0  1.54254  2.55207  
1.3411  3.02933  1.44287  2.77695  
1.30066  3.18483  1.6515  2.73549  
0  0  1.63493  2.31427  
1.88899  1.86741  1.79219  1.71018  
0  0  1.88322  2.17861  
1.49843  2.56865  2.17176  1.48943  
1.1104  3.32054  1.37111  2.9262  
1.75786  2.29072  1.69083  2.68716  
1.90407  2.06881  1.59146  2.77512  
0  0  1.89706  1.81505  
1.56194  2.78005  1.46098  2.95077  
0  0  1.22137  2.78  
0  0  1.33534  2.97361  
0  0  1.47455  2.72177  
0  0  1.33059  2.88921  
0  0  1.53638  2.40713  
0  0  1.38315  2.76451  
0.886443  3.69634  1.4758  2.71816  
0  0  1.50194  2.93552  
0  0  1.27475  3.09561  
0  0  1.42015  2.85373  
0  0  1.50587  2.75144  
0  0  1.62034  2.63804  
1.50587  2.75144  1.54699  2.55652  
0  0  1.68624  2.58173  
0  0  1.39528  2.90937  
0  0  1.57777  2.5873  
0  0  1.74001  2.44854  
0  0  1.4996  2.83368  
0  0  1.34178  3.04321  
0  0  1.69102  2.44233  
1.56367  2.04281  1.80763  2.12089  
1.71492  2.23547  1.61267  2.09181  
0  0  1.66845  2.32485  
0  0  1.15272  3.43895  
1.59125  2.07039  1.5542  2.88828  
0  0  1.40684  2.92094  
0  0  1.47551  2.98961  
0  0  1.80808  2.23499  
0  0  1.45348  2.46301  
0  0  1.56367  2.04281  
0  0  1.79411  2.39762  
1.90938  1.86661  1.8659  2.27397  
0  0  1.09411  3.30425  
0  0  1.90938  1.86661  
0  0  1.29371  3.05797  
0  0  1.04473  3.24434  
0  0  1.30854  3.0728  
0  0  2.14688  1.46456  
0  0  0.997478  3.55587  
0  0  1.25809  3.40335  
1.40825  2.77575  1.56258  2.74624  
0  0  1.75724  1.82811  
0  0  2.12866  1.44634  
0  0  1.91069  1.82867  
0  0  1.54876  2.75632  
0  0  1.53307  2.70615  
1.98752  1.53742  1.53371  2.7342  
0  0  1.46703  2.66752  
1.84716  1.76515  1.83876  2.13415  
0  0  1.30173  3.03388  
1.22687  2.98454  1.88063  2.17602  
0  0  2.06398  1.57571  
1.45878  2.94857  1.39128  2.88108  
0  0  1.53215  2.71581  
0  0  2.10616  1.37828  
1.59146  2.77512  2.22002  1.27571  
1.91055  2.13141  1.4501  2.66822  
0  0  1.64818  2.55414  
0  0  1.42966  3.15629  
0  0  1.84646  1.76444  
0  0  1.49505  2.69553  
0  0  1.31811  3.41474  
0  0  1.5887  2.68064  
0  0  1.24798  3.2884  
0  0  2.05528  1.91457  
0  0  1.51451  2.69816  
0  0  1.95972  1.8822  
0  0  1.92761  1.6958  
0  0  1.2249  3.26532  
1.73362  2.57125  1.82152  2.21502  
0  0  1.09118  3.30132  
2.12382  1.53889  1.84184  1.93366  
1.32271  3.08697  1.76418  2.29703  
1.72541  1.85925  1.26447  2.87334  
1.90938  1.86661  1.82441  1.91623  
0  0  1.65511  2.38475  
0  0  1.7592  2.36271  
0  0  1.30529  3.06955  
0  0  1.68693  2.50309  
1.2608  3.40605  1.80704  2.21512  
0  0  1.64811  1.78825  
1.07662  3.28646  1.15272  3.43895  
1.88507  1.8423  1.63853  2.48177  
1.59843  2.80599  1.5243  2.53383  
0  0  2.11228  1.72732  
1.62886  2.52434  1.80867  2.34934  
1.72562  2.47693  1.56634  2.4952  
1.72376  2.47507  1.63866  2.79236  
0  0  1.83744  2.29555  
1.3411  3.02933  1.64455  2.54004  
1.30066  3.18483  2.17512  1.44724  
0  0  1.95918  1.83375  
1.88899  1.86741  1.56163  2.77975  
0  0  1.53158  2.74969  
1.49843  2.56865  1.60743  2.79109  
1.1104  3.32054  1.33514  3.21931  
1.75786  2.29072  1.33368  3.37409  
1.90407  2.06881  1.56194  2.78005  
0  0  1.36263  3.40305  
1.56194  2.78005  1.31332  3.1932  
0  0  1.62657  2.54654  
0  0  1.38709  2.82067  
0  0  1.45556  2.88914  
0  0  1.76298  2.13125  
0  0  0.981862  3.79176  
0  0  1.38337  2.76473  
0.886443  3.69634  0.869987  3.67988  
0  0  1.64541  2.1635  
0  0  0.906261  3.71616  
0  0  1.29399  2.78566  
0  0  1.65616  2.32088  
0  0  1.79197  2.25008  
1.50587  2.75144  1.50587  2.75144  
0  0  1.42396  2.66135  
0  0  1.44774  2.70724  
0  0  1.62437  2.37916  
0  0  1.4617  2.70727  
0  0  1.52271  2.67339  
0  0  1.69918  2.17832  
0  0  1.30794  3.04602  
1.56367  2.04281  1.67375  2.33014  
1.71492  2.23547  1.55222  2.93681  
0  0  1.16348  3.44971  
0  0  1.86476  2.32287  
1.59125  2.07039  1.44346  2.87934  
0  0  1.86151  2.31962  
0  0  1.65391  2.76185  
0  0  1.36028  3.23366  
0  0  2.13921  1.65276  
0  0  1.36207  2.87616  
0  0  1.90535  1.87465  
1.90938  1.86661  1.70635  2.13813  
0  0  1.25974  2.96642  
0  0  1.58729  2.42274  
0  0  1.30329  3.06755  
0  0  1.26898  3.03324  
0  0  1.43874  2.51604  
0  0  1.29903  3.06329  
0  0  1.84311  2.25119  
0  0  1.07664  3.28678  
1.40825  2.77575  1.5325  2.74005  
0  0  1.94571  1.81225  
0  0  1.48444  2.92475  
0  0  1.56832  2.76881  
0  0  1.48852  2.70664  
0  0  1.73403  2.47133  
1.98752  1.53742  1.58755  2.71805  
0  0  1.92741  2.18367  
1.84716  1.76515  1.72434  2.01053  
0  0  1.45318  2.66074  
1.22687  2.98454  2.14112  1.17724  
0  0  1.93921  2.16007  
1.45878  2.94857  2.08222  1.3999  
0  0  1.97663  1.67436  
0  0  1.51611  2.69976  
1.59146  2.77512  2.12302  1.4407  
1.91055  2.13141  1.43553  2.92533  
0  0  1.48803  2.90986  
0  0  1.38894  2.89504  
0  0  1.45386  2.79337  
0  0  1.51739  2.86427  
0  0  1.89671  1.8147  
0  0  1.6983  2.39547  
0  0  1.57005  2.66152  
0  0  2.2169  1.33782  
0  0  1.55813  2.74179  
0  0  1.24538  3.26181  
0  0  1.47695  2.66061  
0  0  1.59318  2.81129  
1.73362  2.57125  1.47945  2.68701  
0  0  1.69763  2.30113  
2.12382  1.53889  1.4643  2.76179  
1.32271  3.08697  1.65203  2.45857  
1.72541  1.85925  1.69952  2.23237  
1.90938  1.86661  1.3056  3.31646  
0  0  1.19886  3.34411  
0  0  1.50249  2.8197  
0  0  1.07652  3.28666  
0  0  1.69268  2.29619  
1.2608  3.40605  1.90938  1.86661  
0  0  1.1045  3.39072  
1.07662  3.28646  1.37129  2.41965  
1.88507  1.8423  1.49128  2.82536  
1.59843  2.80599  1.63809  2.29448  
0  0  1.66774  2.32413  
1.62886  2.52434  1.18256  3.46878  
1.72562  2.47693  1.45286  2.65398  
1.72376  2.47507  1.88947  2.34758  
0  0  1.53638  2.01552  
1.3411  3.02933  1.18695  3.47317  
1.30066  3.18483  1.43463  2.92443  
0  0  1.38286  3.24391  
1.88899  1.86741  1.9266  2.14746  
0  0  2.15258  1.47025  
1.49843  2.56865  2.10675  1.37887  
1.1104  3.32054  1.83056  2.12595  
1.75786  2.29072  2.08345  1.35557  
1.90407  2.06881  1.5442  2.69775  
0  0  1.86402  2.08488  
1.56194  2.78005  1.58458  2.8027  
0  0  1.64301  2.24546  
0  0  1.7459  2.07745  
0  0  1.51424  2.66991  
0  0  1.88676  2.25503  
0  0  1.40546  3.0149  
0  0  1.90996  1.58864  
0.886443  3.69634  1.36835  2.80193  
0  0  1.41357  2.84715  
0  0  1.56411  2.32305  
0  0  1.52106  2.76342  
0  0  1.43791  2.95201  
0  0  1.34205  2.58762  
1.50587  2.75144  1.7066  1.9103  
0  0  1.66581  2.14495  
0  0  1.69338  2.3581  
0  0  1.84046  2.29857  
0  0  1.68624  2.58173  
0  0  1.54046  2.87454  
0  0  1.94197  2.17507  
0  0  1.51602  2.76158  
1.56367  2.04281  1.68624  2.58173  
1.71492  2.23547  1.57641  2.60601  
0  0  1.42887  2.76295  
0  0  1.59219  2.48768  
1.59125  2.07039  1.44956  2.24004  
0  0  1.76768  2.22579  
0  0  1.62304  2.49832  
0  0  1.67794  2.34266  
0  0  1.42867  2.69522  
0  0  1.51131  2.84539  
0  0  1.94721  1.90444  
1.90938  1.86661  1.27874  2.98542  
0  0  1.76973  2.30258  
0  0  1.64575  2.40194  
0  0  1.33046  3.26674  
0  0  1.78741  2.32027  
0  0  1.52364  2.88038  
0  0  1.86614  2.14467  
0  0  1.79107  2.32392  
0  0  1.53824  2.76359  
1.40825  2.77575  1.55931  2.76686  
0  0  1.40155  2.79705  
0  0  1.74159  1.96246  
0  0  1.86017  1.77815  
0  0  1.81072  2.03159  
0  0  1.96459  2.10932  
1.98752  1.53742  1.8733  2.1687  
0  0  2.08975  1.40742  
1.84716  1.76515  1.27151  3.09936  
0  0  2.01168  1.52766  
1.22687  2.98454  1.19047  3.23089  
0  0  1.58855  2.80667  
1.45878  2.94857  1.84583  2.55145  
0  0  1.38563  3.19434  
0  0  2.01938  1.89021  
1.59146  2.77512  1.28139  3.44709  
1.91055  2.13141  1.34864  3.33055  
0  0  1.75245  1.97331  
0  0  1.48322  2.91125  
0  0  1.95499  1.55109  
0  0  1.21332  3.25373  
0  0  1.47003  2.81359  
0  0  2.16664  1.43876  
0  0  1.47037  2.83577  
0  0  1.68377  2.52139  
0  0  1.6473  2.49278  
0  0  2.16167  1.43379  
0  0  2.14175  1.41387  
0  0  2.07104  1.34316  
1.73362  2.57125  1.72245  2.56007  
0  0  1.5536  2.56313  
2.12382  1.53889  1.79698  1.8888  
1.32271  3.08697  1.2839  2.99057  
1.72541  1.85925  1.7859  1.87772  
1.90938  1.86661  1.73943  2.34294  
0  0  1.50642  2.85811  
0  0  1.39363  2.5087  
0  0  1.7888  1.88062  
0  0  1.75289  2.3564  
1.2608  3.40605  2.25262  1.25167  
0  0  1.76301  2.42773  
1.07662  3.28646  1.64669  2.30308  
1.88507  1.8423  1.7707  2.43542  
1.59843  2.80599  1.68624  2.58173  
0  0  1.47227  2.98636  
1.62886  2.52434  1.48192  2.816  
1.72562  2.47693  1.26985  3.20469  
1.72376  2.47507  2.04667  1.51706  
0  0  1.66102  2.31741  
1.3411  3.02933  1.52209  2.53162  
1.30066  3.18483  1.54398  2.76209  
0  0  1.82541  2.12662  
1.88899  1.86741  1.33985  3.22402  
0  0  1.38619  2.87599  
1.49843  2.56865  1.65423  2.24255  
1.1104  3.32054  1.85665  2.07751  
1.75786  2.29072  1.33837  3.22254  
1.90407  2.06881  1.26451  3.14868  
0  0  1.77039  2.02214  
1.56194  2.78005  1.5384  2.72205  
0  0  1.35468  2.78826  
0  0  1.484  2.35475  
0  0  1.32078  2.96965  
0  0  1.54295  2.29176  
0  0  1.40326  3.01269  
0  0  1.49286  2.73522  
0.886443  3.69634  1.26757  2.82619  
0  0  1.49834  2.75704  
0  0  1.94949  1.859  
0  0  1.29054  3.05479  
0  0  1.75461  2.41933  
0  0  1.70823  2.18737  
1.50587  2.75144  1.67379  2.83846  
0  0  1.73456  2.19267  
0  0  1.20381  3.35646  
0  0  1.76441  2.61651  
0  0  1.5798  2.90867  
0  0  1.69678  2.17593  
0  0  1.73254  2.48385  
0  0  1.60477  2.6143  
1.56367  2.04281  1.85916  2.35135  
1.71492  2.23547  1.44238  2.95647  
0  0  0.991498  3.72853  
0  0  1.7038  2.36019  
1.59125  2.07039  1.14925  3.43548  
0  0  1.49854  2.74731  
0  0  1.76873  2.22684  
0  0  1.65404  2.65806  
0  0  1.5356  2.86968  
0  0  1.73254  2.48385  
0  0  1.0286  3.58819  
1.90938  1.86661  1.77644  2.30929  
0  0  1.81801  2.22609  
0  0  1.79765  2.00274  
0  0  1.29371  3.05797  
0  0  1.64112  2.35343  
0  0  1.84619  2.25427  
0  0  1.2503  3.39556  
0  0  1.21997  3.36876  
0  0  1.95791  1.91514  
1.40825  2.77575  1.62774  2.65888  
0  0  1.53622  2.73671  
0  0  1.76545  2.24102  
0  0  1.87968  1.91675  
0  0  1.53329  2.74085  
0  0  1.55099  2.7691  
1.98752  1.53742  2.09297  1.36509  
0  0  1.55564  2.75613  
1.84716  1.76515  1.53371  2.7342  
0  0  2.0936  1.41128  
1.22687  2.98454  1.82058  1.8783  
0  0  1.72575  2.6768  
1.45878  2.94857  2.10495  1.42263  
0  0  1.55722  2.77534  
0  0  1.58347  2.69919  
1.59146  2.77512  1.87716  2.17256  
1.91055  2.13141  1.87866  2.09952  
0  0  1.45878  2.94857  
0  0  1.04947  3.08988  
0  0  1.272  3.24311  
0  0  1.44991  2.87288  
0  0  1.22808  3.15134  
0  0  1.73362  2.57125  
0  0  2.04426  1.57317  
0  0  2.09272  1.63742  
0  0  1.51867  2.70233  
0  0  1.90938  1.93489  
0  0  1.80639  2.10178  
0  0  1.69914  2.53676  
1.73362  2.57125  1.43415  2.65226  
0  0  1.68967  2.29318  
2.12382  1.53889  1.89062  2.07078  
1.32271  3.08697  1.27532  2.982  
1.72541  1.85925  1.6313  2.23481  
1.90938  1.86661  1.98389  1.58303  
0  0  1.80936  1.99999  
0  0  1.76965  2.07782  
0  0  1.50991  2.74798  
0  0  1.74708  2.27994  
1.2608  3.40605  1.32271  3.08697  
0  0  1.32265  2.83674  
1.07662  3.28646  1.12644  3.41267  
1.88507  1.8423  1.85261  2.17098  
1.59843  2.80599  1.52114  2.85521  
0  0  1.63685  2.53234  
1.62886  2.52434  1.39928  2.73336  
1.72562  2.47693  0.881531  3.28908  
1.72376  2.47507  1.86058  2.03013  
0  0  1.75233  2.50364  
1.3411  3.02933  1.64793  2.46753  
1.30066  3.18483  2.09297  1.36509  
0  0  1.76225  2.02651  
1.88899  1.86741  1.62511  2.51697  
0  0  1.25698  3.14115  
1.49843  2.56865  1.53536  2.96778  
1.1104  3.32054  1.67263  2.54169  
1.75786  2.29072  2.08009  1.35221  
1.90407  2.06881  2.03037  1.64293  
0  0  1.30323  3.34364  
1.56194  2.78005  2.13313  1.45081  
0  0  0.869852  3.55768  
0  0  1.36407  2.74543  
0  0  1.42812  2.5174  
0  0  1.6927  2.37883  
0  0  0.888157  3.69805  
0  0  1.09074  3.38245  
0.886443  3.69634  1.53638  2.40713  
0  0  1.84563  2.21391  
0  0  1.63456  2.15265  
0  0  1.15446  3.37847  
0  0  1.35853  2.87263  
0  0  1.91124  1.80541  
1.50587  2.75144  1.66458  2.32098  
0  0  1.38032  2.89441  
0  0  1.51935  2.85343  
0  0  1.53809  2.54762  
0  0  1.93927  1.91964  
0  0  1.63806  2.29446  
0  0  1.77956  2.07845  
0  0  1.74356  2.40828  
1.56367  2.04281  1.47045  3.10333  
1.71492  2.23547  1.727  2.39172  
0  0  1.85848  2.13368  
0  0  1.80636  2.26446  
1.59125  2.07039  1.3936  2.9077  
0  0  1.90991  1.76087  
0  0  1.54392  2.878  
0  0  1.66177  2.48608  
0  0  1.34675  2.86085  
0  0  1.0244  3.642  
0  0  1.81047  2.20879  
1.90938  1.86661  1.32052  3.08477  
0  0  1.39414  2.99302  
0  0  1.97557  1.9328  
0  0  1.87202  1.85373  
0  0  1.80241  2.33526  
0  0  1.73931  2.34282  
0  0  1.51243  2.73778  
0  0  1.42077  2.49042  
0  0  1.79674  1.88856  
1.40825  2.77575  2.13171  1.44939  
0  0  1.29486  3.39071  
0  0  1.8806  2.17599  
0  0  1.50876  2.94555  
0  0  1.39394  2.91524  
0  0  1.50055  2.70103  
1.98752  1.53742  1.83432  2.12971  
0  0  1.56542  2.78353  
1.84716  1.76515  1.55122  2.75878  
0  0  1.51178  2.7299  
1.22687  2.98454  1.75744  2.11817  
0  0  1.56542  2.78353  
1.45878  2.94857  1.51973  2.72729  
0  0  2.10281  1.42049  
0  0  1.68096  2.56706  
1.59146  2.77512  1.65353  2.73142  
1.91055  2.13141  1.23864  3.4824  
0  0  1.45878  2.94857  
0  0  2.08945  1.40713  
0  0  1.62809  2.21432  
0  0  1.8815  2.17689  
0  0  1.28227  3.32269  
0  0  1.72669  2.56432  
0  0  1.74772  2.58535  
0  0  1.91457  1.83256  
0  0  1.53388  2.73436  
0  0  1.42171  3.18689  
0  0  2.13764  1.40976  
0  0  1.3251  3.36552  
1.73362  2.57125  1.21964  3.26006  
0  0  1.51073  2.73607  
2.12382  1.53889  1.78082  2.38433  
1.32271  3.08697  1.5089  2.58495  
1.72541  1.85925  1.663  1.94843  
1.90938  1.86661  1.86523  2.00208  
0  0  1.16104  3.3063  
0  0  1.69679  2.17594  
0  0  1.2839  2.99057  
0  0  1.23248  3.37774  
1.2608  3.40605  1.30083  3.06509  
0  0  1.65791  2.13706  
1.07662  3.28646  1.85002  2.30813  
1.88507  1.8423  1.62674  2.52223  
1.59843  2.80599  1.42315  2.91252  
0  0  1.7568  2.42152  
1.62886  2.52434  1.65231  2.30871  
1.72562  2.47693  1.71717  2.46848  
1.72376  2.47507  1.48888  2.6986  
0  0  1.55892  2.893  
1.3411  3.02933  1.51981  2.52934  
1.30066  3.18483  1.33095  3.21512  
0  0  1.83473  1.75271  
1.88899  1.86741  1.69085  2.10828  
0  0  1.29336  3.33378  
1.49843  2.56865  1.26671  3.15088  
1.1104  3.32054  1.24334  3.12751  
1.75786  2.29072  1.72314  2.25738  
1.90407  2.06881  1.73538  2.19701  
0  0  1.22386  3.09848  
1.56194  2.78005  1.28024  3.16441  
0  0  1.16328  3.35313  
0  0  1.54748  2.63785  
0  0  1.44062  2.82198  
0  0  1.20975  3.14978  
0  0  1.55917  2.42991  
0  0  1.30728  2.86591  
0.886443  3.69634  1.40201  2.8356  
0  0  1.54594  2.41669  
0  0  1.09286  3.24036  
0  0  0.930587  3.74048  
0  0  1.44085  3.06723  
0  0  1.73282  2.39754  
1.50587  2.75144  1.61252  2.26892  
0  0  1.44066  2.95475  
0  0  1.71641  2.46772  
0  0  1.64826  2.30466  
0  0  1.37612  3.05609  
0  0  1.52302  2.43052  
0  0  1.74043  2.40515  
0  0  1.70568  2.16379  
1.56367  2.04281  1.09584  3.75725  
1.71492  2.23547  1.68624  2.58173  
0  0  1.44999  2.34548  
0  0  1.60793  2.08707  
1.59125  2.07039  1.61992  2.28464  
0  0  1.76678  2.0503  
0  0  1.57775  2.05689  
0  0  1.78534  2.45006  
0  0  1.26987  3.15704  
0  0  1.6293  2.52479  
0  0  1.80735  2.21543  
1.90938  1.86661  1.79667  2.20475  
0  0  1.27392  3.03818  
0  0  1.1813  2.94556  
0  0  1.81967  1.91149  
0  0  1.27342  2.98009  
0  0  1.50331  2.72865  
0  0  1.7497  2.35321  
0  0  1.85372  2.2618  
0  0  1.23717  3.27602  
1.40825  2.77575  1.31293  3.35334  
0  0  1.5283  2.71196  
0  0  1.49333  2.82741  
0  0  1.3769  2.57739  
0  0  1.27612  3.48626  
0  0  1.6913  2.53177  
1.98752  1.53742  1.36263  3.40305  
0  0  1.561  2.77912  
1.84716  1.76515  1.65615  2.19525  
0  0  1.38955  2.78002  
1.22687  2.98454  1.45878  2.94857  
0  0  1.59702  2.78068  
1.45878  2.94857  1.63706  2.84462  
0  0  1.99354  1.91153  
0  0  1.57043  2.81718  
1.59146  2.77512  1.86658  2.08745  
1.91055  2.13141  1.46679  2.67435  
0  0  1.73508  2.405  
0  0  1.33784  3.45263  
0  0  1.90089  2.12175  
0  0  1.63711  2.11944  
0  0  1.54887  2.75643  
0  0  2.00649  1.75744  
0  0  1.72076  2.55839  
0  0  1.89989  1.81787  
0  0  1.73362  2.57125  
0  0  1.57352  2.75717  
0  0  1.22237  3.60242  
0  0  2.17367  1.49135  
1.73362  2.57125  2.14532  1.463  
0  0  1.79686  2.32971  
2.12382  1.53889  1.2839  2.99057  
1.32271  3.08697  1.90633  1.86356  
1.72541  1.85925  1.51082  2.73616  
1.90938  1.86661  1.43044  2.54551  
0  0  1.40084  2.81095  
0  0  1.80766  2.41117  
0  0  1.51424  2.52234  
0  0  1.31638  3.08064  
1.2608  3.40605  1.83312  1.92494  
0  0  1.15272  3.43895  
1.07662  3.28646  1.85066  2.30877  
1.88507  1.8423  1.56733  2.57686  
1.59843  2.80599  1.64395  2.1231  
0  0  2.00069  1.67937  
1.62886  2.52434  1.53355  3.06443  
1.72562  2.47693  2.13644  1.52565  
1.72376  2.47507  1.67954  2.57503  
0  0  1.59455  2.49004  
1.3411  3.02933  1.5923  2.24869  
1.30066  3.18483  1.8673  2.1396  
0  0  1.87741  2.1728  
1.88899  1.86741  1.55324  2.7369  
0  0  1.35824  3.39866  
1.49843  2.56865  1.37863  2.86842  
1.1104  3.32054  1.72001  2.66747  
1.75786  2.29072  1.60182  2.78548  
1.90407  2.06881  1.67153  2.69543  
0  0  1.45921  2.94901  
1.56194  2.78005  1.54249  2.72615  
0  0  0.887356  3.77946  
0  0  1.40149  2.83508  
0  0  1.48672  2.41231  
0  0  1.55804  2.07614  
0  0  1.33503  2.98513  
0  0  1.2804  2.83902  
0.886443  3.69634  1.35466  2.9641  
0  0  1.88696  2.25523  
0  0  1.04058  3.38485  
0  0  1.8677  2.23597  
0  0  1.5885  2.59803  
0  0  1.42733  2.90853  
1.50587  2.75144  1.64358  2.12272  
0  0  1.42035  2.93444  
0  0  1.77716  2.23527  
0  0  1.40732  2.92142  
0  0  1.24236  3.27846  
0  0  1.94447  2.05569  
0  0  1.65967  2.31607  
0  0  1.47404  2.80812  
1.56367  2.04281  1.67571  2.34938  
1.71492  2.23547  1.82602  2.28413  
0  0  1.56152  2.69708  
0  0  1.74125  2.19936  
1.59125  2.07039  1.78375  1.98177  
0  0  1.74101  2.49232  
0  0  1.64138  2.12053  
0  0  1.61042  2.27514  
0  0  1.01858  3.91177  
0  0  1.58693  2.59646  
0  0  1.79724  2.33009  
1.90938  1.86661  1.12964  3.33978  
0  0  1.2326  2.93928  
0  0  1.28355  3.3843  
0  0  1.28808  2.99476  
0  0  1.36122  3.12548  
0  0  1.21621  2.98047  
0  0  1.30264  3.00932  
0  0  1.83678  1.9286  
0  0  1.07652  3.28666  
1.40825  2.77575  1.86392  1.84427  
0  0  1.73307  2.23415  
0  0  2.09477  1.41245  
0  0  2.09297  1.36509  
0  0  1.53653  2.70843  
0  0  1.54195  2.74951  
1.98752  1.53742  1.84834  1.84811  
0  0  1.49672  2.71484  
1.84716  1.76515  1.36209  3.40251  
0  0  1.8054  2.24726  
1.22687  2.98454  1.69154  1.98693  
0  0  1.55215  3.00206  
1.45878  2.94857  1.62708  2.52093  
0  0  2.14689  1.46457  
0  0  1.77917  2.01925  
1.59146  2.77512  1.24795  3.28836  
1.91055  2.13141  1.47113  2.96093  
0  0  0.993273  3.47346  
0  0  1.84067  1.75865  
0  0  1.79763  2.36278  
0  0  1.29667  3.53496  
0  0  1.29864  3.33905  
0  0  1.31536  3.17092  
0  0  1.51393  2.61692  
0  0  2.14722  1.4649  
0  0  1.44518  2.64567  
0  0  2.13454  1.45222  
0  0  1.4888  2.67246  
0  0  1.52814  2.72863  
1.73362  2.57125  1.88859  2.18398  
0  0  1.86792  1.95974  
2.12382  1.53889  1.89829  1.85552  
1.32271  3.08697  1.82153  2.0423  
1.72541  1.85925  1.47578  2.70112  
1.90938  1.86661  1.18203  3.32728  
0  0  1.52226  2.51484  
0  0  1.53314  2.73001  
0  0  1.2608  3.40605  
0  0  1.8145  2.22258  
1.2608  3.40605  1.47786  2.81444  
0  0  1.78212  1.79834  
1.07662  3.28646  1.51595  2.52548  
1.88507  1.8423  1.86645  2.32456  
1.59843  2.80599  1.5524  2.49172  
0  0  1.71484  2.37956  
1.62886  2.52434  1.66702  2.41833  
1.72562  2.47693  1.69307  2.44438  
1.72376  2.47507  1.46141  2.9755  
0  0  1.67992  2.57541  
1.3411  3.02933  1.19951  3.48573  
1.30066  3.18483  1.91676  2.13763  
0  0  1.4417  2.39944  
1.88899  1.86741  1.87786  2.17325  
0  0  2.14108  1.45876  
1.49843  2.56865  1.20866  2.89372  
1.1104  3.32054  1.85366  1.77165  
1.75786  2.29072  1.98071  2.20157  
1.90407  2.06881  0.990741  3.62738  
0  0  2.16754  1.48522  
1.56194  2.78005  1.96697  2.18783  
0  0  1.43835  3.04779  
0  0  1.44858  2.71961  
0  0  1.0355  3.74622  
0  0  1.62598  2.21362  
0  0  1.85625  2.22452  
0  0  1.16523  3.35507  
0.886443  3.69634  1.36722  2.97666  
0  0  1.93448  2.11578  
0  0  1.57135  2.4421  
0  0  1.30346  2.86208  
0  0  1.5824  2.59838  
0  0  1.65717  2.31356  
1.50587  2.75144  1.38751  2.90161  
0  0  1.47301  2.71857  
0  0  0.919825  3.72751  
0  0  1.52432  2.53385  
0  0  1.68129  2.4326  
0  0  1.31216  3.01883  
0  0  1.6431  2.2995  
0  0  1.29708  2.94869  
1.56367  2.04281  1.37072  2.88482  
1.71492  2.23547  1.82065  2.27876  
0  0  1.13022  3.41644  
0  0  1.74042  2.40514  
1.59125  2.07039  1.58624  2.59577  
0  0  2.03237  2.00984  
0  0  1.72367  2.47498  
0  0  1.69272  2.35744  
0  0  1.70856  2.37328  
0  0  1.35185  2.86594  
0  0  1.43535  2.68768  
1.90938  1.86661  1.94415  1.79706  
0  0  1.85021  2.25828  
0  0  1.30537  3.06962  
0  0  1.81206  2.20561  
0  0  1.91092  1.93252  
0  0  1.23055  2.99481  
0  0  1.68247  2.28598  
0  0  1.85617  2.24955  
0  0  1.89429  1.8882  
1.40825  2.77575  2.09513  1.41281  
0  0  1.79717  1.71515  
0  0  1.33695  3.08601  
0  0  1.86232  1.89939  
0  0  1.45061  3.22708  
0  0  2.35305  1.22288  
1.98752  1.53742  1.49116  2.69872  
0  0  1.82491  2.1203  
1.84716  1.76515  1.29584  3.02134  
0  0  1.59507  2.81318  
1.22687  2.98454  1.59136  2.86247  
0  0  1.86395  2.08481  
1.45878  2.94857  1.83122  2.12661  
0  0  1.87391  2.15191  
0  0  1.79907  1.71706  
1.59146  2.77512  1.50968  3.04744  
1.91055  2.13141  1.36263  3.40305  
0  0  2.3986  1.06893  
0  0  2.11428  1.43196  
0  0  1.81104  1.91451  
