1.66923  2.32917  4.37405  1.41699  3.26912  4.02958  
1.90982  2.22357  4.29739  1.07148  3.46681  4.04937  
1.08724  2.78189  5.34812  1.74104  2.84217  3.64936  
1.08593  1.50366  6.13605  1.12122  3.03715  4.9188  
1.83191  1.60415  4.61831  1.17601  1.7885  6.09801  
0.811613  3.34864  4.60749  1.45794  2.93091  4.76152  
1.1467  1.67395  6.0519  0.831506  1.74563  6.06338  
1.10067  1.57561  6.15429  1.75548  2.80881  3.5646  
1.50522  1.75051  5.23978  2.3962  1.44193  1.7104  
1.54421  1.30359  5.43247  1.22659  3.74271  3.20814  
2.32788  0.926879  1.81879  1.3946  1.90788  5.28039  
1.65053  3.33339  1.98264  2.21252  2.11853  3.08476  
1.57942  3.02949  3.44698  1.31282  1.47423  5.95962  
1.65463  2.4291  4.34362  0.878041  2.18852  5.8231  
1.44247  2.45436  5.17569  1.01534  1.57778  6.24811  
1.12264  2.55927  5.44501  1.26505  2.41324  5.62001  
2.11121  1.9715  3.56086  1.8227  3.55453  1.70073  
1.62406  1.28858  5.70314  1.20538  2.31354  5.69553  
0.905824  2.87772  5.55063  1.3997  2.04049  5.05345  
1.86624  1.94851  4.48417  2.1918  2.60691  1.64339  
1.32525  2.13665  5.38578  1.8697  1.33393  5.41766  
0.897845  1.30917  6.20688  1.53634  2.3413  4.74117  
1.30081  3.98224  1.96538  1.63978  3.21571  3.46418  
2.1486  2.53703  2.15151  2.04391  1.66174  3.97493  
1.65564  1.96883  4.79754  1.75962  1.74379  4.84131  
1.41121  1.32468  5.68203  1.32734  1.653  5.62945  
1.73757  2.31235  4.51756  1.00831  1.77185  5.61774  
0.752958  3.07411  4.8096  1.97406  2.06561  3.93491  
1.64521  3.0331  4.33015  0.726281  1.04419  6.41499  
1.35499  2.53378  5.18611  0.806575  3.07516  5.00071  
1.667  1.77345  4.88532  1.85622  2.06355  3.82658  
2.2149  2.54805  1.08965  2.16403  2.86057  1.98484  
0.989052  3.45671  4.17785  1.67345  1.87299  4.96448  
0.832609  1.09507  6.48456  1.89622  1.50283  4.24813  
1.59035  3.46856  3.05578  1.5001  1.85257  5.67504  
1.38068  2.92778  4.51202  1.13171  3.63224  3.51306  
1.0363  3.20223  4.7569  0.879972  2.88746  5.18259  
2.54183  1.77457  1.81739  1.83068  3.13434  2.78124  
1.6284  2.13408  4.88903  1.0167  1.66398  6.12291  
1.46236  2.9111  4.24629  1.3046  3.24006  4.23047  
1.97996  2.53311  3.58803  1.17359  1.54595  6.02641  
1.73414  2.77803  3.65511  2.26178  1.26691  3.67225  
2.09813  2.05898  3.56988  1.79879  2.45394  4.42242  
0.749489  1.17081  6.20802  1.3928  3.113  4.55119  
0.899124  1.49332  6.20605  1.94567  2.37462  3.08659  
1.57783  3.41319  2.953  0.823659  2.48613  5.5898  
1.21897  1.166  5.81342  0.817762  2.73021  5.58641  
1.00627  1.76156  6.06668  0.919043  3.76591  3.35954  
0.975968  2.3333  5.67945  1.13667  3.37665  4.25495  
0.830987  1.69221  6.14759  1.48161  3.62486  3.1161  
1.66097  2.75949  3.62294  1.87664  1.94082  4.50954  
1.22811  3.98223  3.20363  1.19858  1.41925  5.96806  
1.25926  1.55584  5.68992  0.959136  2.48982  5.62044  
1.56404  2.38755  4.92252  1.11651  1.21042  5.97397  
1.42932  3.40009  3.38084  2.11817  3.25897  1.94908  
1.99679  1.53569  4.23993  1.4784  2.69021  4.96706  
1.74349  1.85769  4.84605  1.28467  3.10317  4.52989  
1.40244  0.830466  5.84324  2.10538  2.2875  3.34221  
1.96827  1.8186  4.53751  1.55283  2.77141  4.40244  
0.806086  3.44603  4.49918  1.78497  1.88803  4.36149  
0.93126  1.53883  6.14289  1.40041  2.30907  5.11364  
1.39312  2.9786  4.79144  1.95005  2.31404  3.85306  
1.90645  3.30904  2.54683  1.38917  2.74406  4.7396  
1.3395  2.58805  4.93933  0.822839  2.91246  5.40883  
1.98339  1.55612  4.68023  1.2544  2.52191  5.23964  
1.01728  1.43015  6.26343  0.921561  1.65377  5.99437  
1.25746  3.36288  3.87988  1.69267  1.48359  5.11566  
0.879848  3.57451  4.40414  1.51468  3.99427  1.60877  
1.47288  3.07879  4.11458  0.813539  3.82751  3.87633  
1.3536  1.97642  5.63011  2.0896  2.3437  3.36189  
0.69189  1.10847  6.54863  2.30022  1.79195  2.84482  
1.66126  2.49318  4.35531  0.989167  3.77622  4.05952  
1.83035  2.97234  2.61802  1.85374  2.81579  3.34247  
1.70602  2.70261  4.39401  1.82028  1.95007  4.49028  
1.68711  2.03811  4.57337  0.9326  3.08296  4.79193  
1.56747  1.89241  5.4249  1.92755  3.02032  2.8281  
2.04043  1.44998  4.6338  2.17226  2.09552  3.47819  
0.954028  1.13145  6.19959  1.82753  2.7768  3.38491  
0.820496  4.17327  2.72972  1.08726  2.63907  5.30711  
1.71333  2.0274  4.65554  1.81515  1.49423  4.60992  
1.83725  2.876  4.05494  1.85712  2.40372  2.98085  
1.17073  4.22172  2.42099  1.09104  4.22828  2.60246  
1.68557  2.89378  4.05965  2.18177  2.22458  2.79412  
0.916715  3.07242  5.182  2.21054  2.44724  1.78379  
1.37846  2.87206  4.84036  1.43966  2.63831  5.04047  
1.71645  1.01542  5.16675  1.5485  2.65491  4.85156  
1.36524  2.46026  4.9564  0.88208  0.75684  6.57659  
1.27811  1.09186  6.2756  1.56783  1.55252  5.59037  
0.777446  2.45102  5.65311  1.25235  2.03911  5.87055  
1.00924  2.6913  5.2628  1.17294  3.77565  3.2309  
2.15147  1.65055  3.7128  1.07644  1.2509  6.21981  
1.36378  2.29792  4.95599  1.80694  1.8126  5.06939  
1.93893  2.86823  2.1349  1.96375  1.70756  4.50543  
0.82653  1.64883  6.11531  1.73673  2.25976  4.58657  
1.64974  1.89587  4.89721  1.53073  2.42318  4.63332  
2.05308  1.7306  3.87544  1.52799  2.5788  4.93778  
1.50278  3.23948  4.09904  1.97642  1.45135  3.90246  
2.24989  2.0058  3.18464  2.33747  1.81666  1.5636  
1.9779  2.30317  3.16301  2.26293  2.43779  2.48914  
1.48719  0.727464  5.76422  1.15991  2.8658  4.91433  
1.50051  0.470245  4.13251  0.839883  3.70863  0.566862  
0.681516  0.056809  5.74303  1.09557  2.09127  4.14704  
1.3215  3.10511  0.719893  0.123228  0.472451  6.0124  
1.90917  0.366119  2.21018  0.2975  2.94683  4.12033  
0.084611  0.667104  5.97726  1.75014  1.29855  2.59526  
2.04774  0.239616  0.0735251  0.342675  0.125354  5.98433  
0.305214  0.289305  5.99011  0.66297  2.18773  4.77612  
0.302911  4.0172  0.160543  1.59673  0.590879  3.76623  
0.537505  2.5681  4.47654  1.77741  0.35384  3.03944  
0.896683  3.67299  0.170509  1.08247  0.691143  5.09789  
0.150866  0.989086  5.93726  0.347257  0.090062  5.98305  
0.367725  3.84569  1.68557  1.11217  3.2727  1.6242  
1.90985  1.07443  1.63347  2.04673  0.269511  0.14632  
1.98697  0.583094  1.57566  0.210045  2.84638  4.31321  
1.41167  2.88707  1.14664  0.281736  4.00022  0.688107  
2.01638  0.68176  1.45401  0.457381  3.58258  2.58542  
1.3644  2.19123  3.34561  1.48652  2.42287  2.23152  
0.359322  3.38967  3.35992  0.568534  0.955554  5.68339  
0.508082  2.40562  4.70042  1.48556  0.211482  4.2206  
0.74082  0.673338  5.73966  1.90307  1.54086  0.356757  
1.09557  2.09127  4.14704  1.98697  0.583094  1.57566  
0.66297  2.18773  4.77612  0.367725  3.84569  1.68557  
1.08247  0.691143  5.09789  2.01638  0.68176  1.45401  
0.839883  3.70863  0.566862  1.90985  1.07443  1.63347  
1.75014  1.29855  2.59526  0.150866  0.989086  5.93726  
0.1809  0.805161  5.929  0.508082  2.40562  4.70042  
0.342675  0.125354  5.98433  1.41167  2.88707  1.14664  
1.77741  0.35384  3.03944  0.359322  3.38967  3.35992  
0.2975  2.94683  4.12033  0.74082  0.673338  5.73966  
1.59673  0.590879  3.76623  1.3644  2.19123  3.34561  
0.896683  3.67299  0.170509  1.15975  1.68305  4.39922  
0.302911  4.0172  0.160543  1.75131  2.11964  0.60884  
0.305214  0.289305  5.99011  0.306994  4.03944  0.676222  
1.50051  0.470245  4.13251  2.02812  0.799856  0.545342  
0.084611  0.667104  5.97726  0.536698  3.56371  2.75234  
2.04774  0.239616  0.0735251  1.98404  0.251381  1.5481  
1.3215  3.10511  0.719893  1.33142  0.133141  4.77345  
0.537505  2.5681  4.47654  0.114706  1.54038  5.61458  
1.90917  0.366119  2.21018  1.68277  0.842212  3.3049  
0.681516  0.056809  5.74303  1.97266  1.1294  0.380019  
1.71616  0.218364  3.35929  0.259977  4.02698  0.178215  
1.68337  2.35716  0.160793  0.305125  2.89538  4.19702  
1.15135  3.38668  0.231508  0.148438  0.132706  6.04144  
2.04973  0.115286  0.0648592  1.68337  2.35716  0.160793  
0.305125  2.89538  4.19702  0.439484  0.0514965  5.93513  
0.259977  4.02698  0.178215  1.15135  3.38668  0.231508  
1.2065  0.244914  4.93642  2.04973  0.115286  0.0648592  
0.148438  0.132706  6.04144  1.2065  0.244914  4.93642  
0.439484  0.0514965  5.93513  1.71616  0.218364  3.35929  
0.0655924  0.414748  6.02482  0.0655924  0.414748  6.02482  
1.48652  2.42287  2.23152  1.68337  2.35716  0.160793  
1.11217  3.2727  1.6242  1.71616  0.218364  3.35929  
0.568534  0.955554  5.68339  0.439484  0.0514965  5.93513  
0.457381  3.58258  2.58542  0.305125  2.89538  4.19702  
0.347257  0.090062  5.98305  1.15135  3.38668  0.231508  
1.90307  1.54086  0.356757  0.148438  0.132706  6.04144  
0.281736  4.00022  0.688107  1.2065  0.244914  4.93642  
1.48556  0.211482  4.2206  0.0655924  0.414748  6.02482  
2.04673  0.269511  0.14632  0.259977  4.02698  0.178215  
0.210045  2.84638  4.31321  2.04973  0.115286  0.0648592  
0.34788  0.0610253  5.98305  0.568534  0.955554  5.68339  
0.519945  3.92446  0.536448  2.04673  0.269511  0.14632  
1.00795  3.5535  0.401001  1.11217  3.2727  1.6242  
0.63182  1.58078  5.31127  0.457381  3.58258  2.58542  
0.0856978  0.673728  5.97564  0.281736  4.00022  0.688107  
0.371981  2.77064  4.34101  0.347257  0.090062  5.98305  
1.73158  0.239157  3.28574  0.210045  2.84638  4.31321  
2.04673  0.269511  0.14632  1.48652  2.42287  2.23152  
1.66349  2.16392  1.63594  1.90307  1.54086  0.356757  
1.38459  2.99864  0.688107  1.44504  0.746285  4.2206  
2.04673  0.269511  0.14632  0.34788  0.0610253  5.98305  
1.90307  1.54086  0.356757  2.04673  0.269511  0.14632  
1.48556  0.211482  4.2206  0.63182  1.58078  5.31127  
1.48652  2.42287  2.23152  0.519945  3.92446  0.536448  
0.347257  0.090062  5.98305  1.73158  0.239157  3.28574  
0.457381  3.58258  2.58542  1.00795  3.5535  0.401001  
0.568534  0.955554  5.68339  1.66349  2.16392  1.63594  
0.210045  2.84638  4.31321  0.371981  2.77064  4.34101  
0.281736  4.00022  0.688107  1.38459  2.99864  0.688107  
1.11217  3.2727  1.6242  0.0856978  0.673728  5.97564  
0.357469  0.0559565  5.97867  0.229935  0.383537  6.06062  
1.70506  0.965009  3.12625  0.357469  0.0559565  5.97867  
1.62577  2.40786  1.42953  0.157471  2.52539  4.75203  
0.157471  2.52539  4.75203  0.959859  3.61044  0.213768  
0.959859  3.61044  0.213768  0.667119  1.12625  5.52415  
1.79296  2.23189  0.953783  0.524619  3.74927  1.83389  
0.524619  3.74927  1.83389  1.79296  2.23189  0.953783  
0.667119  1.12625  5.52415  1.62577  2.40786  1.42953  
1.24051  2.73193  2.70718  1.70506  0.965009  3.12625  
0.229935  0.383537  6.06062  1.24051  2.73193  2.70718  
1.15975  1.68305  4.39922  0.259977  4.02698  0.178215  
0.536698  3.56371  2.75234  1.15135  3.38668  0.231508  
1.98404  0.251381  1.5481  1.68337  2.35716  0.160793  
1.33142  0.133141  4.77345  0.439484  0.0514965  5.93513  
2.02812  0.799856  0.545342  1.71616  0.218364  3.35929  
1.97266  1.1294  0.380019  0.305125  2.89538  4.19702  
1.68277  0.842212  3.3049  2.04973  0.115286  0.0648592  
1.75131  2.11964  0.60884  1.2065  0.244914  4.93642  
0.114706  1.54038  5.61458  0.0655924  0.414748  6.02482  
0.306994  4.03944  0.676222  0.148438  0.132706  6.04144  
1.71781  2.25571  0.18824  0.0726911  0.3626  6.03126  
1.26874  3.22026  0.185659  1.90016  0.32901  2.28988  
2.04989  0.0904184  0.0638431  1.12492  0.262655  5.09967  
0.241489  4.03159  0.0754507  0.391163  3.97833  0.530548  
0.87533  0.079473  5.51512  0.33119  2.25349  5.07005  
1.82564  0.14192  2.80773  2.04992  0.0529982  0.104282  
1.41525  0.249432  4.42439  0.60407  3.11538  3.52777  
0.30449  3.23944  3.58963  1.53934  1.3901  3.617  
0.0783616  0.414767  6.02439  1.574  2.62681  0.445972  
0.310336  2.34677  4.89983  2.04723  0.240619  0.184342  
1.05889  0.999404  5.03108  0.310336  2.34677  4.89983  
1.40106  1.11525  4.17536  0.241489  4.03159  0.0754507  
0.507127  3.72312  1.98977  1.82564  0.14192  2.80773  
0.38392  2.98095  4.00827  0.30449  3.23944  3.58963  
1.21809  0.153595  4.91784  1.41525  0.249432  4.42439  
0.31488  4.01256  0.248447  0.0783616  0.414767  6.02439  
0.0726911  0.3626  6.03126  1.71781  2.25571  0.18824  
2.03535  0.531583  0.110014  2.04989  0.0904184  0.0638431  
1.57401  2.64027  0.0638431  1.26874  3.22026  0.185659  
1.54506  1.79642  3.05347  0.87533  0.079473  5.51512  
0.529442  3.93334  0.0716172  1.54506  1.79642  3.05347  
0.132991  1.53126  5.61787  1.57401  2.64027  0.0638431  
1.84879  1.7929  0.261003  1.40106  1.11525  4.17536  
0.801607  2.43309  4.30884  1.05889  0.999404  5.03108  
0.228816  0.205352  6.02143  2.03535  0.531583  0.110014  
0.269212  3.27991  3.52777  0.31488  4.01256  0.248447  
0.234201  3.75213  2.25379  0.507127  3.72312  1.98977  
1.98367  1.06985  0.140231  0.0726911  0.3626  6.03126  
2.04716  0.240613  0.19261  1.21809  0.153595  4.91784  
1.49222  0.0795457  4.20669  0.38392  2.98095  4.00827  
0.207932  0.0529148  6.03126  1.84879  1.7929  0.261003  
1.13371  3.40828  0.283392  0.228816  0.205352  6.02143  
1.56435  2.60804  0.848466  0.132991  1.53126  5.61787  
0.769475  3.78112  0.185633  1.98367  1.06985  0.140231  
1.78678  2.02685  0.294125  0.234201  3.75213  2.25379  
2.04945  0.138285  0.0958444  0.269212  3.27991  3.52777  
0.213413  2.9843  4.09808  0.529442  3.93334  0.0716172  
1.34255  1.69011  3.91153  1.49222  0.0795457  4.20669  
0.11937  0.459799  6.0148  0.801607  2.43309  4.30884  
0.842072  1.3689  5.19196  2.04716  0.240613  0.19261  
0.0783616  0.414767  6.02439  0.207913  0.0556392  6.03126  
1.82564  0.14192  2.80773  1.82564  0.14192  2.80773  
0.241489  4.03159  0.0754507  0.0783616  0.414767  6.02439  
1.71781  2.25571  0.18824  0.30449  3.23944  3.58963  
0.310336  2.34677  4.89983  1.41525  0.249432  4.42439  
2.04989  0.0904184  0.0638431  1.71781  2.25571  0.18824  
1.26874  3.22026  0.185659  0.241489  4.03159  0.0754507  
0.30449  3.23944  3.58963  0.310336  2.34677  4.89983  
1.41525  0.249432  4.42439  1.26874  3.22026  0.185659  
0.207913  0.0556392  6.03126  2.04989  0.0904184  0.0638431  
0.118989  0.334148  6.03126  1.64411  0.202145  3.66625  
0.729936  3.81173  0.0678916  0.118989  0.334148  6.03126  
0.689663  3.51092  2.36669  2.04992  0.0529982  0.104282  
2.04992  0.0529982  0.104282  0.729936  3.81173  0.0678916  
1.73955  2.18891  0.173511  0.689663  3.51092  2.36669  
0.426733  3.35674  3.23119  0.426733  3.35674  3.23119  
1.64411  0.202145  3.66625  1.73955  2.18891  0.173511  
1.12492  0.262655  5.09967  1.4906  2.80624  0.528584  
1.90016  0.32901  2.28988  1.12492  0.262655  5.09967  
1.4906  2.80624  0.528584  1.90016  0.32901  2.28988  
2.05  0.0529983  0.0618243  0.917965  1.62174  4.9143  
0.207905  4.03637  0.193097  0.207905  4.03637  0.193097  
0.336563  0.051101  5.98809  0.0655924  0.414748  6.02482  
0.0655924  0.414748  6.02482  0.148245  0.133621  6.04144  
0.260715  2.9438  4.14375  0.336563  0.051101  5.98809  
1.17332  3.35772  0.211425  1.17332  3.35772  0.211425  
0.148245  0.133621  6.04144  1.68316  2.35744  0.174016  
1.75095  0.219124  3.1959  1.75095  0.219124  3.1959  
1.68316  2.35744  0.174016  0.260715  2.9438  4.14375  
1.21611  0.261066  4.9143  2.05  0.0529983  0.0618243  
1.71781  2.25571  0.18824  0.87533  0.079473  5.51512  
0.87533  0.079473  5.51512  1.82564  0.14192  2.80773  
1.82564  0.14192  2.80773  1.41525  0.249432  4.42439  
0.241489  4.03159  0.0754507  0.241489  4.03159  0.0754507  
0.0783616  0.414767  6.02439  1.26874  3.22026  0.185659  
2.04989  0.0904184  0.0638431  0.0783616  0.414767  6.02439  
1.26874  3.22026  0.185659  0.30449  3.23944  3.58963  
0.30449  3.23944  3.58963  0.310336  2.34677  4.89983  
0.310336  2.34677  4.89983  2.04989  0.0904184  0.0638431  
1.41525  0.249432  4.42439  1.71781  2.25571  0.18824  
1.66403  2.39131  0.519194  0.381785  2.01  5.18475  
1.36242  1.84646  3.68822  0.207932  0.0529148  6.03126  
1.16344  0.17608  5.03062  0.842072  1.3689  5.19196  
1.88035  1.66051  0.160793  2.04945  0.138285  0.0958444  
1.6752  0.205112  3.5392  1.34255  1.69011  3.91153  
0.247974  4.02894  0.208997  1.13371  3.40828  0.283392  
0.307467  2.77829  4.36918  1.78678  2.02685  0.294125  
1.08278  3.47377  0.209174  0.213413  2.9843  4.09808  
0.0849182  0.35806  6.03126  0.769475  3.78112  0.185633  
2.05  0.0529983  0.0618243  1.56435  2.60804  0.848466  
0.33119  2.25349  5.07005  1.36242  1.84646  3.68822  
2.04723  0.240619  0.184342  1.6752  0.205112  3.5392  
2.04992  0.0529982  0.104282  1.16344  0.17608  5.03062  
0.60407  3.11538  3.52777  1.08278  3.47377  0.209174  
1.90016  0.32901  2.28988  2.05  0.0529983  0.0618243  
1.53934  1.3901  3.617  1.88035  1.66051  0.160793  
1.12492  0.262655  5.09967  0.0849182  0.35806  6.03126  
1.574  2.62681  0.445972  0.307467  2.77829  4.36918  
0.0726911  0.3626  6.03126  0.247974  4.02894  0.208997  
0.391163  3.97833  0.530548  1.66403  2.39131  0.519194  
1.13722  0.977053  4.89024  0.0630227  0.379234  6.02951  
0.0630227  0.379234  6.02951  0.200308  4.07502  0.0868776  
1.28706  3.19304  0.0584516  1.80654  1.96078  0.176648  
0.200308  4.07502  0.0868776  2.05  0.0529983  0.0548572  
1.71261  0.152882  3.38135  1.71261  0.152882  3.38135  
1.80654  1.96078  0.176648  0.28595  3.41172  3.22353  
0.28595  3.41172  3.22353  1.13722  0.977053  4.89024  
0.224815  0.0502621  6.02704  1.50186  2.02253  2.92653  
2.05  0.0529983  0.0548572  1.28706  3.19304  0.0584516  
1.50186  2.02253  2.92653  0.224815  0.0502621  6.02704  
0.245991  0.235501  6.06  0.224133  4.03366  0.19343  
0.594542  0.0508163  5.82332  2.05  0.0529983  0.0610361  
0.319046  2.87102  4.22644  0.319046  2.87102  4.22644  
0.977619  0.0513906  5.36561  0.245991  0.235501  6.06  
0.207605  3.94566  1.32672  1.32022  3.13894  0.151924  
2.05  0.0529983  0.0610361  0.594542  0.0508163  5.82332  
0.224133  4.03366  0.19343  1.81115  1.94407  0.164858  
1.81115  1.94407  0.164858  0.977619  0.0513906  5.36561  
1.32022  3.13894  0.151924  1.53361  0.211717  4.06638  
1.53361  0.211717  4.06638  0.207605  3.94566  1.32672  
0.0630227  0.379234  6.02951  0.28595  3.41172  3.22353  
1.50186  2.02253  2.92653  0.168287  4.043  0.0548572  
2.05  0.0529983  0.0548572  0.0630227  0.379234  6.02951  
1.80654  1.96078  0.176648  0.224815  0.0502621  6.02704  
0.168287  4.043  0.0548572  1.80654  1.96078  0.176648  
1.22958  0.198225  4.89024  1.50186  2.02253  2.92653  
1.71261  0.152882  3.38135  1.71261  0.152882  3.38135  
0.224815  0.0502621  6.02704  2.05  0.0529983  0.0548572  
1.28706  3.19304  0.0584516  1.28706  3.19304  0.0584516  
0.28595  3.41172  3.22353  1.22958  0.198225  4.89024  
0.168287  4.043  0.0548572  1.80654  1.96078  0.176648  
1.50186  2.02253  2.92653  1.22958  0.198225  4.89024  
0.0630227  0.379234  6.02951  1.28706  3.19304  0.0584516  
2.05  0.0529983  0.0548572  0.28595  3.41172  3.22353  
1.22958  0.198225  4.89024  1.71261  0.152882  3.38135  
1.28706  3.19304  0.0584516  0.224815  0.0502621  6.02704  
1.80654  1.96078  0.176648  2.05  0.0529983  0.0548572  
0.224815  0.0502621  6.02704  1.50186  2.02253  2.92653  
1.71261  0.152882  3.38135  0.0630227  0.379234  6.02951  
0.28595  3.41172  3.22353  0.168287  4.043  0.0548572  
1.50754  1.44804  3.76863  1.87647  1.54698  1.01645  
0.440617  2.20277  4.96928  1.75534  0.205277  3.17604  
1.66817  2.40057  0.0960185  0.211966  0.201476  6.02598  
1.87647  1.54698  1.01645  0.440617  2.20277  4.96928  
2.05  0.0529983  0.0610361  0.166377  2.9266  4.20449  
0.166377  2.9266  4.20449  1.31703  3.13117  0.487167  
1.75534  0.205277  3.17604  0.748564  0.572323  5.61725  
1.31703  3.13117  0.487167  1.66817  2.40057  0.0960185  
0.211966  0.201476  6.02598  1.50754  1.44804  3.76863  
0.748564  0.572323  5.61725  2.05  0.0529983  0.0610361  
0.211966  0.201476  6.02598  1.66817  2.40057  0.0960185  
0.440617  2.20277  4.96928  0.211966  0.201476  6.02598  
0.795786  0.051118  5.61725  1.31703  3.13117  0.487167  
0.166377  2.9266  4.20449  1.50754  1.44804  3.76863  
1.66817  2.40057  0.0960185  1.87647  1.54698  1.01645  
1.87647  1.54698  1.01645  0.795786  0.051118  5.61725  
2.05  0.0529983  0.0610361  1.75534  0.205277  3.17604  
1.31703  3.13117  0.487167  0.166377  2.9266  4.20449  
1.75534  0.205277  3.17604  2.05  0.0529983  0.0610361  
1.50754  1.44804  3.76863  0.440617  2.20277  4.96928  
0.597367  0.0508206  5.82092  0.168267  4.04233  0.159971  
0.140598  0.13093  6.04261  2.05  0.0529983  0.0568824  
1.6831  2.35735  0.184072  1.53566  0.238136  4.05695  
0.305022  2.84744  4.26983  1.6831  2.35735  0.184072  
2.01187  0.827345  0.0548572  0.305022  2.84744  4.26983  
2.05  0.0529983  0.0568824  0.140598  0.13093  6.04261  
1.16581  3.36787  0.211425  1.16581  3.36787  0.211425  
1.53566  0.238136  4.05695  0.0648291  0.396894  6.02723  
0.0648291  0.396894  6.02723  2.01187  0.827345  0.0548572  
0.168267  4.04233  0.159971  0.597367  0.0508206  5.82092  
0.0630227  0.379234  6.02951  1.71261  0.152882  3.38135  
1.50186  2.02253  2.92653  1.22958  0.198225  4.89024  
0.28595  3.41172  3.22353  0.168287  4.043  0.0548572  
0.168287  4.043  0.0548572  1.80654  1.96078  0.176648  
2.05  0.0529983  0.0548572  1.28706  3.19304  0.0584516  
1.71261  0.152882  3.38135  1.50186  2.02253  2.92653  
1.80654  1.96078  0.176648  2.05  0.0529983  0.0548572  
0.224815  0.0502621  6.02704  0.224815  0.0502621  6.02704  
1.28706  3.19304  0.0584516  0.28595  3.41172  3.22353  
1.22958  0.198225  4.89024  0.0630227  0.379234  6.02951  
1.28706  3.19304  0.0584516  0.224815  0.0502621  6.02704  
1.50186  2.02253  2.92653  1.28706  3.19304  0.0584516  
0.0630227  0.379234  6.02951  1.13722  0.977053  4.89024  
2.05  0.0529983  0.0548572  0.168287  4.043  0.0548572  
0.28595  3.41172  3.22353  2.05  0.0529983  0.0548572  
1.13722  0.977053  4.89024  1.71261  0.152882  3.38135  
1.80654  1.96078  0.176648  0.0630227  0.379234  6.02951  
0.224815  0.0502621  6.02704  0.28595  3.41172  3.22353  
1.71261  0.152882  3.38135  1.80654  1.96078  0.176648  
0.168287  4.043  0.0548572  1.50186  2.02253  2.92653  
1.53361  0.211717  4.06638  0.319046  2.87102  4.22644  
2.05  0.0529983  0.0610361  0.594542  0.0508163  5.82332  
0.0648041  0.415926  6.02468  2.05  0.0529983  0.0610361  
0.594542  0.0508163  5.82332  0.211966  0.201476  6.02598  
0.224133  4.03366  0.19343  1.53361  0.211717  4.06638  
0.977619  0.0513906  5.36561  1.81115  1.94407  0.164858  
1.81115  1.94407  0.164858  1.32022  3.13894  0.151924  
0.319046  2.87102  4.22644  0.0648041  0.415926  6.02468  
1.32022  3.13894  0.151924  0.977619  0.0513906  5.36561  
0.211966  0.201476  6.02598  0.224133  4.03366  0.19343  
0.529536  0.0503695  5.87498  1.80129  1.98182  0.050496  
0.139202  0.135991  6.04264  1.42742  2.95015  0.050496  
2.05  0.051541  0.050496  0.475837  3.57388  2.58536  
0.475837  3.57388  2.58536  0.149023  0.0500763  6.04264  
1.42742  2.95015  0.050496  0.114058  4.04795  0.050496  
0.110162  3.80477  2.11064  0.110162  3.80477  2.11064  
0.299445  2.51079  4.72066  0.139202  0.135991  6.04264  
1.80129  1.98182  0.050496  0.529536  0.0503695  5.87498  
0.114058  4.04795  0.050496  2.05  0.051541  0.050496  
0.149023  0.0500763  6.04264  0.299445  2.51079  4.72066  
1.80129  1.98182  0.050496  1.34955  0.0510013  4.61076  
1.34955  0.0510013  4.61076  0.560516  3.36577  3.03616  
0.149023  0.0500763  6.04264  0.0531716  0.247945  6.04264  
0.141408  0.126159  6.04264  2.05  0.051541  0.050496  
0.0761118  1.67968  5.52889  0.299445  2.51079  4.72066  
2.05  0.051541  0.050496  0.362035  1.55636  5.52889  
0.0531716  0.247945  6.04264  1.80129  1.98182  0.050496  
0.560516  3.36577  3.03616  1.42742  2.95015  0.050496  
0.299445  2.51079  4.72066  0.141408  0.126159  6.04264  
1.42742  2.95015  0.050496  0.149023  0.0500763  6.04264  
1.80129  1.98182  0.050496  0.299445  2.51079  4.72066  
1.34955  0.0510013  4.61076  2.05  0.051541  0.050496  
1.42742  2.95015  0.050496  0.139202  0.135991  6.04264  
0.0761118  1.67968  5.52889  0.0531716  0.247945  6.04264  
2.05  0.051541  0.050496  1.42742  2.95015  0.050496  
0.475837  3.57388  2.58536  0.0761118  1.67968  5.52889  
0.149023  0.0500763  6.04264  1.80129  1.98182  0.050496  
0.299445  2.51079  4.72066  1.34955  0.0510013  4.61076  
0.139202  0.135991  6.04264  0.149023  0.0500763  6.04264  
0.0531716  0.247945  6.04264  0.475837  3.57388  2.58536  
0.114058  4.04795  0.050496  0.0956743  2.9006  4.25689  
0.0956743  2.9006  4.25689  0.149023  0.0500763  6.04264  
0.149023  0.0500763  6.04264  2.05  0.051541  0.050496  
2.05  0.051541  0.050496  0.114058  4.04795  0.050496  
1.42742  2.95015  0.050496  0.529536  0.0503695  5.87498  
0.475837  3.57388  2.58536  0.139202  0.135991  6.04264  
0.299445  2.51079  4.72066  1.42742  2.95015  0.050496  
0.139202  0.135991  6.04264  0.475837  3.57388  2.58536  
0.529536  0.0503695  5.87498  1.80129  1.98182  0.050496  
1.80129  1.98182  0.050496  0.299445  2.51079  4.72066  
0.114058  4.04795  0.050496  1.74634  0.051307  3.22835  
1.27344  0.0509427  4.79644  1.28144  3.20186  0.050496  
0.171014  2.99925  4.08701  1.76295  2.11475  0.050496  
2.05  0.0514928  0.050496  0.149023  0.0501484  6.04264  
1.74634  0.051307  3.22835  2.05  0.0514928  0.050496  
1.28144  3.20186  0.050496  1.27344  0.0509427  4.79644  
1.76295  2.11475  0.050496  0.114058  4.04795  0.050496  
0.149023  0.0501484  6.04264  0.139202  0.135991  6.04264  
0.0531716  0.247945  6.04264  0.171014  2.99925  4.08701  
0.139202  0.135991  6.04264  0.0531716  0.247945  6.04264  
2.05  0.0514928  0.050496  1.74634  0.051307  3.22835  
0.171014  2.99925  4.08701  0.171014  2.99925  4.08701  
1.28144  3.20186  0.050496  0.0531716  0.247945  6.04264  
0.0531716  0.247945  6.04264  1.28144  3.20186  0.050496  
1.74634  0.051307  3.22835  1.76295  2.11475  0.050496  
1.27344  0.0509427  4.79644  0.139202  0.135991  6.04264  
1.76295  2.11475  0.050496  0.114058  4.04795  0.050496  
0.149023  0.0501484  6.04264  2.05  0.051541  0.050496  
0.114058  4.04795  0.050496  0.149023  0.0501484  6.04264  
0.139202  0.135991  6.04264  1.27344  0.0509427  4.79644  
2.05  0.051541  0.050496  1.76295  2.11475  0.050496  
1.80129  1.98182  0.050496  1.28144  3.20186  0.050496  
0.149023  0.0500763  6.04264  0.114058  4.04795  0.050496  
0.114058  4.04795  0.050496  1.74634  0.051307  3.22835  
0.475837  3.57388  2.58536  0.0531716  0.247945  6.04264  
0.299445  2.51079  4.72066  0.171014  2.99925  4.08701  
1.34955  0.0510013  4.61076  2.05  0.0514928  0.050496  
0.0531716  0.247945  6.04264  1.27344  0.0509427  4.79644  
0.139202  0.135991  6.04264  0.139202  0.135991  6.04264  
1.42742  2.95015  0.050496  0.149023  0.0501484  6.04264  
0.149023  0.0501484  6.04264  1.34955  0.0510013  4.61076  
1.27344  0.0509427  4.79644  0.0531716  0.247945  6.04264  
0.171014  2.99925  4.08701  0.139202  0.135991  6.04264  
2.05  0.0514928  0.050496  0.475837  3.57388  2.58536  
1.74634  0.051307  3.22835  0.299445  2.51079  4.72066  
1.76295  2.11475  0.050496  1.80129  1.98182  0.050496  
1.28144  3.20186  0.050496  0.149023  0.0500763  6.04264  
0.0531716  0.247945  6.04264  2.05  0.051541  0.050496  
0.114058  4.04795  0.050496  0.114058  4.04795  0.050496  
0.139202  0.135991  6.04264  1.42742  2.95015  0.050496  
0.114058  4.04795  0.050496  1.42742  2.95015  0.050496  
1.42742  2.95015  0.050496  0.529536  0.0503695  5.87498  
1.80129  1.98182  0.050496  0.0956743  2.9006  4.25689  
0.0531716  0.247945  6.04264  0.139202  0.135991  6.04264  
0.475837  3.57388  2.58536  1.80129  1.98182  0.050496  
2.05  0.051541  0.050496  0.114058  4.04795  0.050496  
0.139202  0.135991  6.04264  2.05  0.051541  0.050496  
0.299445  2.51079  4.72066  0.149023  0.0500763  6.04264  
0.149023  0.0500763  6.04264  0.475837  3.57388  2.58536  
1.34955  0.0510013  4.61076  0.299445  2.51079  4.72066  
0.0531716  0.247945  6.04264  2.05  0.051541  0.050496  
0.149023  0.0500763  6.04264  1.42742  2.95015  0.050496  
1.80129  1.98182  0.050496  1.80129  1.98182  0.050496  
1.42742  2.95015  0.050496  0.114058  4.04795  0.050496  
0.475837  3.57388  2.58536  0.529536  0.0503695  5.87498  
2.05  0.051541  0.050496  0.475837  3.57388  2.58536  
0.299445  2.51079  4.72066  0.299445  2.51079  4.72066  
0.139202  0.135991  6.04264  0.0956743  2.9006  4.25689  
1.34955  0.0510013  4.61076  0.149023  0.0500763  6.04264  
0.114058  4.04795  0.050496  0.139202  0.135991  6.04264  
1.25669  0.0504448  4.83489  0.259156  0.0506129  6.0171  
0.291602  2.93506  4.14227  0.125672  0.124472  6.04466  
2.05  0.0501559  0.0505103  2.05  0.0501559  0.0505103  
1.16022  3.37711  0.050751  1.16022  3.37711  0.050751  
0.0513932  0.250586  6.04245  1.77087  0.0503241  3.10738  
1.6778  2.37402  0.050732  1.6778  2.37402  0.050732  
0.125672  0.124472  6.04466  1.25669  0.0503448  4.83489  
0.259156  0.0506129  6.0171  0.0513932  0.250586  6.04245  
1.77087  0.0503241  3.10738  0.0777804  4.04961  0.050732  
0.0777804  4.04961  0.050732  0.291602  2.93506  4.14227  
2.05  0.0501559  0.0505103  0.0777804  4.04961  0.050732  
1.25669  0.0504448  4.83489  0.259156  0.0506129  6.0171  
0.0777804  4.04961  0.050732  1.25669  0.0504448  4.83489  
1.6778  2.37402  0.050732  1.77087  0.0503241  3.10738  
0.291602  2.93506  4.14227  0.125672  0.124472  6.04466  
1.16022  3.37711  0.050751  1.6778  2.37402  0.050732  
1.77087  0.0503241  3.10738  0.0513932  0.250586  6.04245  
0.0513932  0.250586  6.04245  0.291602  2.93506  4.14227  
0.259156  0.0506129  6.0171  2.05  0.0501559  0.0505103  
0.125672  0.124472  6.04466  1.16022  3.37711  0.050751  
2.05  0.0501559  0.0505103  1.25669  0.0504448  4.83489  
1.77087  0.0503241  3.10738  0.0513932  0.250586  6.04245  
0.0777804  4.04961  0.050732  0.0777804  4.04961  0.050732  
0.259156  0.0506129  6.0171  0.125672  0.124472  6.04466  
1.25669  0.0504448  4.83489  1.77087  0.0503241  3.10738  
1.16022  3.37711  0.050751  1.16022  3.37711  0.050751  
0.291602  2.93506  4.14227  0.259156  0.0506129  6.0171  
1.6778  2.37402  0.050732  0.291602  2.93506  4.14227  
0.125672  0.124472  6.04466  1.6778  2.37402  0.050732  
0.0513932  0.250586  6.04245  2.05  0.0501559  0.0505103  
0.125672  0.124472  6.04466  1.77087  0.0503241  3.10738  
1.16022  3.37711  0.050751  0.259156  0.0506129  6.0171  
1.6778  2.37402  0.050732  0.0777804  4.04961  0.050732  
0.0513932  0.250586  6.04245  1.6778  2.37402  0.050732  
0.0777804  4.04961  0.050732  2.05  0.0501559  0.0505103  
0.259156  0.0506129  6.0171  0.291602  2.93506  4.14227  
1.77087  0.0503241  3.10738  1.16022  3.37711  0.050751  
1.25669  0.0504448  4.83489  0.125672  0.124472  6.04466  
2.05  0.0501559  0.0505103  0.0513932  0.250586  6.04245  
0.291602  2.93506  4.14227  1.25669  0.0504448  4.83489  
0.0513932  0.250586  6.04245  1.16022  3.37711  0.050751  
0.291602  2.93506  4.14227  0.0777804  4.04961  0.050732  
1.16022  3.37711  0.050751  0.291602  2.93506  4.14227  
0.259156  0.0506129  6.0171  0.0513932  0.250586  6.04245  
1.25669  0.0504448  4.83489  1.77087  0.0503241  3.10738  
2.05  0.0501559  0.0505103  0.125672  0.124472  6.04466  
1.77087  0.0503241  3.10738  1.25669  0.0504448  4.83489  
0.0777804  4.04961  0.050732  2.05  0.0501559  0.0505103  
1.6778  2.37402  0.050732  1.6778  2.37402  0.050732  
0.125672  0.124472  6.04466  1.36132  0.0538426  4.58033  
0.291602  2.93506  4.14227  0.291602  2.93506  4.14227  
2.05  0.0501559  0.0505103  0.0513932  0.250586  6.04245  
0.0513932  0.250586  6.04245  0.125672  0.124472  6.04466  
1.16022  3.37711  0.050751  1.16022  3.37711  0.050751  
1.6778  2.37402  0.050732  1.77087  0.0503241  3.10738  
0.259156  0.0506129  6.0171  0.259156  0.0506129  6.0171  
1.77087  0.0503241  3.10738  2.05  0.0501559  0.0505103  
1.25669  0.0504448  4.83489  1.25669  0.0504448  4.83489  
0.125672  0.124472  6.04466  1.6778  2.37402  0.050732  
0.0777804  4.04961  0.050732  0.0777804  4.04961  0.050732  
0.0777804  4.04961  0.050732  0.125672  0.124472  6.04466  
1.6778  2.37402  0.050732  2.05  0.0501559  0.0505103  
2.05  0.0501559  0.0505103  1.16022  3.37711  0.050751  
1.25669  0.0504448  4.83489  0.0777804  4.04961  0.050732  
1.77087  0.0503241  3.10738  1.77087  0.0503241  3.10738  
0.291602  2.93506  4.14227  1.6778  2.37402  0.050732  
0.259156  0.0506129  6.0171  1.25669  0.0504448  4.83489  
0.125672  0.124472  6.04466  0.259156  0.0506129  6.0171  
0.0513932  0.250586  6.04245  0.291602  2.93506  4.14227  
1.16022  3.37711  0.050751  0.0513932  0.250586  6.04245  
1.6778  2.37402  0.050732  1.25669  0.0504448  4.83489  
1.25669  0.0504448  4.83489  0.125672  0.124472  6.04466  
0.0513932  0.250586  6.04245  0.0513932  0.250586  6.04245  
1.16022  3.37711  0.050751  2.05  0.0501559  0.0505103  
1.77087  0.0503241  3.10738  1.16022  3.37711  0.050751  
0.259156  0.0506129  6.0171  1.77087  0.0503241  3.10738  
2.05  0.0501559  0.0505103  0.291602  2.93506  4.14227  
0.291602  2.93506  4.14227  1.6778  2.37402  0.050732  
0.125672  0.124472  6.04466  0.0777804  4.04961  0.050732  
0.0777804  4.04961  0.050732  0.259156  0.0506129  6.0171  
1.6778  2.37402  0.050732  1.6778  2.37402  0.050732  
1.16022  3.37711  0.050751  1.77087  0.0503241  3.10738  
2.05  0.0501559  0.0505103  0.0513932  0.250586  6.04245  
0.259156  0.0506129  6.0171  1.25669  0.0504448  4.83489  
0.0513932  0.250586  6.04245  0.291602  2.93506  4.14227  
1.25669  0.0504448  4.83489  0.125672  0.124472  6.04466  
0.125672  0.124472  6.04466  2.05  0.0501559  0.0505103  
0.291602  2.93506  4.14227  0.0777804  4.04961  0.050732  
0.0777804  4.04961  0.050732  0.259156  0.0506129  6.0171  
1.77087  0.0503241  3.10738  1.16022  3.37711  0.050751  
1.25669  0.0504448  4.83489  0.125672  0.124472  6.04466  
1.6778  2.37402  0.050732  1.25669  0.0503448  4.83489  
0.125672  0.124472  6.04466  1.6778  2.37402  0.050732  
1.16022  3.37711  0.050751  1.16022  3.37711  0.050751  
0.291602  2.93506  4.14227  1.77087  0.0503241  3.10738  
2.05  0.0501559  0.0505103  0.0513932  0.250586  6.04245  
0.0777804  4.04961  0.050732  2.05  0.0501559  0.0505103  
1.77087  0.0503241  3.10738  0.0777804  4.04961  0.050732  
0.259156  0.0506129  6.0171  0.259156  0.0506129  6.0171  
0.0513932  0.250586  6.04245  0.291602  2.93506  4.14227  
0.12397  0.122815  6.0449  2.05  0.0501869  0.0505281  
0.256791  0.0506184  6.01784  0.256791  0.0506184  6.01784  
1.75626  2.13681  0.0507123  0.12397  0.122815  6.0449  
1.27959  3.20475  0.0507763  1.50443  0.0505519  4.16847  
0.0748828  4.04969  0.0507403  0.0748828  4.04969  0.0507403  
1.50443  0.0505519  4.16847  0.0516298  0.25671  6.04198  
0.0516298  0.25671  6.04198  0.0658772  2.33588  4.97351  
0.0658772  2.33588  4.97351  1.75626  2.13681  0.0507123  
0.286125  3.35484  3.3551  1.27959  3.20475  0.0507763  
2.05  0.0501869  0.0505281  0.286125  3.35484  3.3551  
0.12397  0.122815  6.0449  0.256791  0.0506184  6.01784  
0.0748828  4.04969  0.0507403  1.75626  2.13681  0.0507123  
1.27959  3.20475  0.0507763  1.27959  3.20475  0.0507763  
0.286125  3.35484  3.3551  0.12397  0.122815  6.0449  
2.05  0.0501869  0.0505281  1.50443  0.0505519  4.16847  
0.256791  0.0506184  6.01784  0.0516298  0.25671  6.04198  
0.0658772  2.33588  4.97351  0.286125  3.35484  3.3551  
0.0516298  0.25671  6.04198  0.0658772  2.33588  4.97351  
1.75626  2.13681  0.0507123  2.05  0.0501869  0.0505281  
1.50443  0.0505519  4.16847  0.0748828  4.04969  0.0507403  
0.0658772  2.33588  4.97351  0.0748828  4.04969  0.0507403  
0.12397  0.122815  6.0449  0.286125  3.35484  3.3551  
0.0748828  4.04969  0.0507403  0.0516298  0.25671  6.04198  
0.256791  0.0506184  6.01784  2.05  0.0501869  0.0505281  
0.286125  3.35484  3.3551  1.75626  2.13681  0.0507123  
1.50443  0.0505519  4.16847  0.0658772  2.33588  4.97351  
0.0516298  0.25671  6.04198  0.256791  0.0506184  6.01784  
2.05  0.0501869  0.0505281  1.27959  3.20475  0.0507763  
1.27959  3.20475  0.0507763  0.12397  0.122815  6.0449  
1.75626  2.13681  0.0507123  1.50443  0.0505519  4.16847  
0.0516298  0.25671  6.04198  1.50443  0.0505519  4.16847  
0.256791  0.0506184  6.01784  0.0516298  0.25671  6.04198  
0.286125  3.35484  3.3551  0.12397  0.122815  6.0449  
2.05  0.0501869  0.0505281  2.05  0.0501869  0.0505281  
0.12397  0.122815  6.0449  0.286125  3.35484  3.3551  
1.75626  2.13681  0.0507123  1.75626  2.13681  0.0507123  
1.50443  0.0505519  4.16847  1.27959  3.20475  0.0507763  
0.0748828  4.04969  0.0507403  0.256791  0.0506184  6.01784  
0.0658772  2.33588  4.97351  0.0658772  2.33588  4.97351  
1.27959  3.20475  0.0507763  0.0748828  4.04969  0.0507403  
2.05  0.0501869  0.0505281  0.286125  3.35484  3.3551  
0.0516298  0.25671  6.04198  0.256791  0.0506184  6.01784  
1.50443  0.0505519  4.16847  1.27959  3.20475  0.0507763  
0.256791  0.0506184  6.01784  1.75626  2.13681  0.0507123  
1.27959  3.20475  0.0507763  0.0516298  0.25671  6.04198  
1.75626  2.13681  0.0507123  2.05  0.0501869  0.0505281  
0.286125  3.35484  3.3551  0.0748828  4.04969  0.0507403  
0.12397  0.122815  6.0449  0.12397  0.122815  6.0449  
0.0658772  2.33588  4.97351  1.50443  0.0505519  4.16847  
0.0748828  4.04969  0.0507403  0.0658772  2.33588  4.97351  
1.50443  0.0505519  4.16847  0.0658772  2.33588  4.97351  
2.05  0.0501869  0.0505281  0.0516298  0.25671  6.04198  
0.0748828  4.04969  0.0507403  1.27959  3.20475  0.0507763  
0.0658772  2.33588  4.97351  1.75626  2.13681  0.0507123  
0.256791  0.0506184  6.01784  1.50443  0.0505519  4.16847  
0.0516298  0.25671  6.04198  0.286125  3.35484  3.3551  
1.75626  2.13681  0.0507123  0.256791  0.0506184  6.01784  
0.286125  3.35484  3.3551  0.0748828  4.04969  0.0507403  
1.27959  3.20475  0.0507763  2.05  0.0501869  0.0505281  
0.12397  0.122815  6.0449  0.12397  0.122815  6.0449  
0.12397  0.122815  6.0449  2.05  0.0501869  0.0505281  
2.05  0.0501869  0.0505281  0.0516298  0.25671  6.04198  
0.0658772  2.33588  4.97351  0.12397  0.122815  6.0449  
0.256791  0.0506184  6.01784  0.256791  0.0506184  6.01784  
0.0748828  4.04969  0.0507403  1.27959  3.20475  0.0507763  
1.27959  3.20475  0.0507763  0.0748828  4.04969  0.0507403  
1.75626  2.13681  0.0507123  0.0767418  3.90009  1.67525  
0.286125  3.35484  3.3551  1.50443  0.0505519  4.16847  
0.0516298  0.25671  6.04198  0.286125  3.35484  3.3551  
1.50443  0.0505519  4.16847  1.75626  2.13681  0.0507123  
0.256791  0.0506184  6.01784  2.05  0.0501869  0.0505281  
0.0516298  0.25671  6.04198  1.75626  2.13681  0.0507123  
2.05  0.0501869  0.0505281  0.0748828  4.04969  0.0507403  
0.286125  3.35484  3.3551  0.256791  0.0506184  6.01784  
0.12397  0.122815  6.0449  1.50443  0.0505519  4.16847  
1.75626  2.13681  0.0507123  1.27959  3.20475  0.0507763  
0.0658772  2.33588  4.97351  0.286125  3.35484  3.3551  
0.0748828  4.04969  0.0507403  0.12397  0.122815  6.0449  
1.50443  0.0505519  4.16847  0.0658772  2.33588  4.97351  
1.27959  3.20475  0.0507763  0.0516298  0.25671  6.04198  
0.0658772  2.33588  4.97351  2.05  0.0501869  0.0505281  
1.50443  0.0505519  4.16847  0.286125  3.35484  3.3551  
0.286125  3.35484  3.3551  0.256791  0.0506184  6.01784  
1.75626  2.13681  0.0507123  1.75626  2.13681  0.0507123  
2.05  0.0501869  0.0505281  0.0748828  4.04969  0.0507403  
0.0516298  0.25671  6.04198  0.0516298  0.25671  6.04198  
0.12397  0.122815  6.0449  0.0658772  2.33588  4.97351  
0.256791  0.0506184  6.01784  1.50443  0.0505519  4.16847  
1.27959  3.20475  0.0507763  0.12397  0.122815  6.0449  
0.0748828  4.04969  0.0507403  1.27959  3.20475  0.0507763  
0.286125  3.35484  3.3551  1.50443  0.0505519  4.16847  
0.0658772  2.33588  4.97351  0.12397  0.122815  6.0449  
2.05  0.0501869  0.0505281  2.05  0.0501869  0.0505281  
1.50443  0.0505519  4.16847  1.27959  3.20475  0.0507763  
0.256791  0.0506184  6.01784  1.75626  2.13681  0.0507123  
0.0748828  4.04969  0.0507403  0.0748828  4.04969  0.0507403  
1.27959  3.20475  0.0507763  0.286125  3.35484  3.3551  
0.12397  0.122815  6.0449  0.256791  0.0506184  6.01784  
1.75626  2.13681  0.0507123  0.0658772  2.33588  4.97351  
0.0516298  0.25671  6.04198  0.0516298  0.25671  6.04198  
1.75626  2.13681  0.0507201  0.0516376  0.249871  6.0425  
0.123826  0.122786  6.04492  0.256791  0.0506184  6.01784  
0.256791  0.0506184  6.01784  0.286991  3.35465  3.35498  
0.286991  3.35465  3.35498  1.27872  3.2061  0.0507763  
1.49797  0.0505625  4.1889  0.0656552  2.3718  4.93555  
0.0516376  0.249871  6.0425  2.05  0.0501923  0.0505281  
1.27872  3.2061  0.0507763  1.75626  2.13681  0.0507201  
0.0748828  4.04969  0.0507403  1.49797  0.0505625  4.1889  
0.0656552  2.3718  4.93555  0.0748828  4.04969  0.0507403  
2.05  0.0501923  0.0505281  0.123826  0.122786  6.04492  
0.0516376  0.249871  6.0425  1.27872  3.2061  0.0507763  
1.75626  2.13681  0.0507201  0.0516376  0.249871  6.0425  
0.286991  3.35465  3.35498  2.05  0.0501923  0.0505281  
0.0656552  2.3718  4.93555  0.256791  0.0506184  6.01784  
1.49797  0.0505625  4.1889  0.123826  0.122786  6.04492  
0.0748828  4.04969  0.0507403  0.0656552  2.3718  4.93555  
0.256791  0.0506184  6.01784  0.0748828  4.04969  0.0507403  
1.27872  3.2061  0.0507763  1.75626  2.13681  0.0507201  
0.123826  0.122786  6.04492  1.49797  0.0505625  4.1889  
2.05  0.0501923  0.0505281  0.286991  3.35465  3.35498  
1.27872  3.2061  0.0507763  1.27872  3.2061  0.0507763  
0.286991  3.35465  3.35498  1.75626  2.13681  0.0507201  
0.0516376  0.249871  6.0425  0.0656552  2.3718  4.93555  
0.256791  0.0506184  6.01784  1.49797  0.0505625  4.1889  
0.0748828  4.04969  0.0507403  0.0748828  4.04969  0.0507403  
0.123826  0.122786  6.04492  0.0516376  0.249871  6.0425  
1.75626  2.13681  0.0507201  0.256791  0.0506184  6.01784  
1.49797  0.0505625  4.1889  0.286991  3.35465  3.35498  
2.05  0.0501923  0.0505281  2.05  0.0501923  0.0505281  
0.0656552  2.3718  4.93555  0.123826  0.122786  6.04492  
1.49797  0.0505625  4.1889  1.49797  0.0505625  4.1889  
1.75626  2.13681  0.0507201  1.27872  3.2061  0.0507763  
0.256791  0.0506184  6.01784  0.0748828  4.04969  0.0507403  
0.0656552  2.3718  4.93555  0.0516376  0.249871  6.0425  
0.0748828  4.04969  0.0507403  0.0656552  2.3718  4.93555  
0.286991  3.35465  3.35498  2.05  0.0501923  0.0505281  
2.05  0.0501923  0.0505281  1.75626  2.13681  0.0507201  
0.0516376  0.249871  6.0425  0.286991  3.35465  3.35498  
0.123826  0.122786  6.04492  0.256791  0.0506184  6.01784  
1.27872  3.2061  0.0507763  0.123826  0.122786  6.04492  
1.27872  3.2061  0.0507763  0.256791  0.0506184  6.01784  
1.49797  0.0505625  4.1889  1.75626  2.13681  0.0507201  
0.256791  0.0506184  6.01784  0.0748828  4.04969  0.0507403  
0.0748828  4.04969  0.0507403  0.123826  0.122786  6.04492  
2.05  0.0501923  0.0505281  1.49797  0.0505625  4.1889  
1.75626  2.13681  0.0507201  1.27872  3.2061  0.0507763  
0.0656552  2.3718  4.93555  0.286991  3.35465  3.35498  
0.123826  0.122786  6.04492  0.0656552  2.3718  4.93555  
0.0516376  0.249871  6.0425  2.05  0.0501923  0.0505281  
0.286991  3.35465  3.35498  0.0516376  0.249871  6.0425  
1.27872  3.2061  0.0507763  2.05  0.0501923  0.0505281  
0.0656552  2.3718  4.93555  0.0516376  0.249871  6.0425  
1.49797  0.0505625  4.1889  0.123826  0.122786  6.04492  
1.75626  2.13681  0.0507201  1.75626  2.13681  0.0507201  
2.05  0.0501923  0.0505281  0.256791  0.0506184  6.01784  
0.0748828  4.04969  0.0507403  0.0748828  4.04969  0.0507403  
0.256791  0.0506184  6.01784  0.25812  2.95207  4.13175  
0.123826  0.122786  6.04492  0.0656552  2.3718  4.93555  
0.286991  3.35465  3.35498  1.49797  0.0505625  4.1889  
0.0516376  0.249871  6.0425  1.27872  3.2061  0.0507763  
0.0656552  2.3718  4.93555  0.123826  0.122786  6.04492  
0.0516376  0.249871  6.0425  0.286991  3.35465  3.35498  
1.27872  3.2061  0.0507763  0.256791  0.0506184  6.01784  
0.0748828  4.04969  0.0507403  1.49797  0.0505625  4.1889  
1.75626  2.13681  0.0507201  1.75626  2.13681  0.0507201  
0.286991  3.35465  3.35498  2.05  0.0501923  0.0505281  
0.123826  0.122786  6.04492  0.0656552  2.3718  4.93555  
1.49797  0.0505625  4.1889  0.0748828  4.04969  0.0507403  
2.05  0.0501923  0.0505281  0.0516376  0.249871  6.0425  
0.256791  0.0506184  6.01784  1.27872  3.2061  0.0507763  
0.123826  0.122786  6.04492  1.75626  2.13681  0.0507201  
0.0516376  0.249871  6.0425  0.0516376  0.249871  6.0425  
1.75626  2.13681  0.0507201  2.05  0.0501923  0.0505281  
0.0656552  2.3718  4.93555  0.123826  0.122786  6.04492  
0.286991  3.35465  3.35498  0.0748828  4.04969  0.0507403  
0.0748828  4.04969  0.0507403  0.256791  0.0506184  6.01784  
1.27872  3.2061  0.0507763  1.49797  0.0505625  4.1889  
1.49797  0.0505625  4.1889  0.286991  3.35465  3.35498  
0.256791  0.0506184  6.01784  1.27872  3.2061  0.0507763  
2.05  0.0501923  0.0505281  0.0656552  2.3718  4.93555  
0.0516376  0.249871  6.0425  0.286991  3.35465  3.35498  
0.123826  0.122786  6.04492  0.0748828  4.04969  0.0507403  
0.0748828  4.04969  0.0507403  1.49797  0.0505625  4.1889  
0.256791  0.0506184  6.01784  1.75626  2.13681  0.0507201  
2.05  0.0501923  0.0505281  2.05  0.0501923  0.0505281  
1.27872  3.2061  0.0507763  1.27872  3.2061  0.0507763  
0.286991  3.35465  3.35498  0.0516376  0.249871  6.0425  
1.75626  2.13681  0.0507201  0.0656552  2.3718  4.93555  
0.0656552  2.3718  4.93555  0.123826  0.122786  6.04492  
1.49797  0.0505625  4.1889  0.256791  0.0506184  6.01784  
0.286991  3.35465  3.35498  0.286991  3.35465  3.35498  
0.0516376  0.249871  6.0425  1.75626  2.13681  0.0507201  
0.0748828  4.04969  0.0507403  2.05  0.0501923  0.0505281  
2.05  0.0501923  0.0505281  0.123826  0.122786  6.04492  
1.27872  3.2061  0.0507763  0.0748828  4.04969  0.0507403  
0.123826  0.122786  6.04492  1.49797  0.0505625  4.1889  
1.75626  2.13681  0.0507201  1.27872  3.2061  0.0507763  
0.0656552  2.3718  4.93555  0.256791  0.0506184  6.01784  
0.256791  0.0506184  6.01784  0.0516376  0.249871  6.0425  
1.49797  0.0505625  4.1889  0.0656552  2.3718  4.93555  
0.286991  3.35465  3.35498  1.27872  3.2061  0.0507763  
0.0656323  2.38322  4.92329  1.49871  0.0505679  4.18657  
0.0516376  0.249871  6.0425  0.0748828  4.04969  0.0507403  
0.256791  0.0506184  6.01784  0.123821  0.122805  6.04492  
2.05  0.050206  0.0505281  0.0656323  2.38322  4.92329  
1.49871  0.0505679  4.18657  0.0516376  0.249871  6.0425  
0.0748828  4.04969  0.0507403  0.286991  3.35465  3.35498  
0.123821  0.122805  6.04492  0.256791  0.0506184  6.01784  
1.27872  3.2061  0.0507763  1.7569  2.13469  0.0507201  
1.7569  2.13469  0.0507201  2.05  0.050206  0.0505281  
1.49871  0.0505679  4.18657  0.0656323  2.38322  4.92329  
2.05  0.050206  0.0505281  0.0748828  4.04969  0.0507403  
0.286991  3.35465  3.35498  1.7569  2.13469  0.0507201  
0.0516376  0.249871  6.0425  1.27872  3.2061  0.0507763  
1.7569  2.13469  0.0507201  0.123821  0.122805  6.04492  
0.256791  0.0506184  6.01784  0.0516376  0.249871  6.0425  
0.123821  0.122805  6.04492  2.05  0.050206  0.0505281  
1.27872  3.2061  0.0507763  0.256791  0.0506184  6.01784  
0.0748828  4.04969  0.0507403  1.49871  0.0505679  4.18657  
0.0656323  2.38322  4.92329  0.286991  3.35465  3.35498  
1.7569  2.13469  0.0507201  0.286991  3.35465  3.35498  
0.0748828  4.04969  0.0507403  0.256791  0.0506184  6.01784  
2.05  0.050206  0.0505281  0.123821  0.122805  6.04492  
0.0656323  2.38322  4.92329  0.0656323  2.38322  4.92329  
0.0516376  0.249871  6.0425  0.0748828  4.04969  0.0507403  
0.123821  0.122805  6.04492  2.05  0.050206  0.0505281  
0.256791  0.0506184  6.01784  1.7569  2.13469  0.0507201  
1.49871  0.0505679  4.18657  1.49871  0.0505679  4.18657  
1.27872  3.2061  0.0507763  1.27872  3.2061  0.0507763  
0.286991  3.35465  3.35498  0.0516376  0.249871  6.0425  
0.0748828  4.04969  0.0507403  2.05  0.050206  0.0505281  
0.286991  3.35465  3.35498  0.0656323  2.38322  4.92329  
0.256791  0.0506184  6.01784  0.256791  0.0506184  6.01784  
1.27872  3.2061  0.0507763  1.7569  2.13469  0.0507201  
1.7569  2.13469  0.0507201  0.0516376  0.249871  6.0425  
2.05  0.050206  0.0505281  1.27872  3.2061  0.0507763  
0.0656323  2.38322  4.92329  0.286991  3.35465  3.35498  
0.123821  0.122805  6.04492  0.123821  0.122805  6.04492  
0.0516376  0.249871  6.0425  1.43281  0.913887  4.18657  
1.49871  0.0505679  4.18657  0.0748828  4.04969  0.0507403  
0.256791  0.0506184  6.01784  0.0748828  4.04969  0.0507403  
0.0516376  0.249871  6.0425  0.0516376  0.249871  6.0425  
0.286991  3.35465  3.35498  0.0656323  2.38322  4.92329  
0.0748828  4.04969  0.0507403  1.49871  0.0505679  4.18657  
2.05  0.050206  0.0505281  1.27872  3.2061  0.0507763  
1.7569  2.13469  0.0507201  0.123821  0.122805  6.04492  
0.123821  0.122805  6.04492  0.256791  0.0506184  6.01784  
1.27872  3.2061  0.0507763  1.7569  2.13469  0.0507201  
1.49871  0.0505679  4.18657  0.286991  3.35465  3.35498  
0.0656323  2.38322  4.92329  2.05  0.050206  0.0505281  
0.0748828  4.04969  0.0507403  1.27872  3.2061  0.0507763  
2.05  0.050206  0.0505281  0.0656323  2.38322  4.92329  
1.7569  2.13469  0.0507201  0.123821  0.122805  6.04492  
1.49871  0.0505679  4.18657  0.0516376  0.249871  6.0425  
0.0516376  0.249871  6.0425  0.256791  0.0506184  6.01784  
0.286991  3.35465  3.35498  0.0748828  4.04969  0.0507403  
1.27872  3.2061  0.0507763  0.286991  3.35465  3.35498  
0.256791  0.0506184  6.01784  2.05  0.050206  0.0505281  
0.0656323  2.38322  4.92329  1.49871  0.0505679  4.18657  
0.123821  0.122805  6.04492  1.7569  2.13469  0.0507201  
0.0656323  2.38322  4.92329  0.256791  0.0506184  6.01784  
1.27872  3.2061  0.0507763  1.49871  0.0505679  4.18657  
0.286991  3.35465  3.35498  0.0516376  0.249871  6.0425  
0.123821  0.122805  6.04492  0.286991  3.35465  3.35498  
1.7569  2.13469  0.0507201  0.0656323  2.38322  4.92329  
2.05  0.050206  0.0505281  1.7569  2.13469  0.0507201  
1.49871  0.0505679  4.18657  1.27872  3.2061  0.0507763  
0.256791  0.0506184  6.01784  2.05  0.050206  0.0505281  
0.0748828  4.04969  0.0507403  0.123821  0.122805  6.04492  
0.0516376  0.249871  6.0425  0.0748828  4.04969  0.0507403  
1.27872  3.2061  0.0507763  1.7569  2.13469  0.0507201  
0.0656323  2.38322  4.92329  2.05  0.050206  0.0505281  
1.7569  2.13469  0.0507201  0.286991  3.35465  3.35498  
2.05  0.050206  0.0505281  0.0516376  0.249871  6.0425  
0.123821  0.122805  6.04492  1.27872  3.2061  0.0507763  
1.49871  0.0505679  4.18657  0.0656323  2.38322  4.92329  
0.0748828  4.04969  0.0507403  1.49871  0.0505679  4.18657  
0.286991  3.35465  3.35498  0.0748828  4.04969  0.0507403  
0.256791  0.0506184  6.01784  0.256791  0.0506184  6.01784  
0.0516376  0.249871  6.0425  0.123821  0.122805  6.04492  
0.0656323  2.38322  4.92329  0.0656323  2.38322  4.92329  
0.286991  3.35465  3.35498  0.256791  0.0506184  6.01784  
0.256791  0.0506184  6.01784  0.0516376  0.249871  6.0425  
1.49871  0.0505679  4.18657  0.123821  0.122805  6.04492  
2.05  0.050206  0.0505281  2.05  0.050206  0.0505281  
0.123821  0.122805  6.04492  1.49871  0.0505679  4.18657  
1.7569  2.13469  0.0507201  1.27872  3.2061  0.0507763  
1.27872  3.2061  0.0507763  0.286991  3.35465  3.35498  
0.0748828  4.04969  0.0507403  1.7569  2.13469  0.0507201  
0.0516376  0.249871  6.0425  0.0748828  4.04969  0.0507403  
1.27872  3.2061  0.0507763  0.256791  0.0506184  6.01784  
1.49871  0.0505679  4.18657  1.27872  3.2061  0.0507763  
2.05  0.050206  0.0505281  1.7569  2.13469  0.0507201  
0.123821  0.122805  6.04492  2.05  0.050206  0.0505281  
1.7569  2.13469  0.0507201  0.286991  3.35465  3.35498  
0.0748828  4.04969  0.0507403  1.49871  0.0505679  4.18657  
0.256791  0.0506184  6.01784  0.0656323  2.38322  4.92329  
0.0656323  2.38322  4.92329  0.123821  0.122805  6.04492  
0.0516376  0.249871  6.0425  0.0748828  4.04969  0.0507403  
0.286991  3.35465  3.35498  0.0516376  0.249871  6.0425  
2.05  0.050206  0.0505281  2.05  0.050206  0.0505281  
0.256791  0.0506184  6.01784  0.256791  0.0506184  6.01784  
0.286991  3.35465  3.35498  1.27872  3.2061  0.0507763  
0.0656323  2.38322  4.92329  0.0748828  4.04969  0.0507403  
0.123822  0.122804  6.04492  1.49871  0.0505679  4.18657  
0.0748828  4.04969  0.0507403  0.286991  3.35465  3.35498  
1.7569  2.13469  0.0507201  0.123822  0.122804  6.04492  
0.0516376  0.249871  6.0425  0.0516376  0.249871  6.0425  
1.27872  3.2061  0.0507763  1.7569  2.13469  0.0507201  
1.49871  0.0505679  4.18657  0.0656323  2.38322  4.92329  
0.286991  3.35465  3.35498  0.0748828  4.04969  0.0507403  
0.0748828  4.04969  0.0507403  0.256791  0.0506184  6.01784  
0.256791  0.0506184  6.01784  1.49871  0.0505679  4.18657  
0.0656323  2.38322  4.92329  1.7569  2.13469  0.0507201  
2.05  0.050206  0.0505281  2.05  0.050206  0.0505281  
1.27872  3.2061  0.0507763  0.0516376  0.249871  6.0425  
0.123822  0.122804  6.04492  0.123822  0.122804  6.04492  
1.7569  2.13469  0.0507201  0.286991  3.35465  3.35498  
1.49871  0.0505679  4.18657  0.0656323  2.38322  4.92329  
0.0516376  0.249871  6.0425  1.27872  3.2061  0.0507763  
0.0516376  0.249871  6.0425  0.256791  0.0506184  6.01784  
0.286991  3.35465  3.35498  1.49871  0.0505679  4.18657  
1.49871  0.0505679  4.18657  1.7569  2.13469  0.0507201  
0.0748828  4.04969  0.0507403  0.286991  3.35465  3.35498  
0.256791  0.0506184  6.01784  2.05  0.050206  0.0505281  
1.7569  2.13469  0.0507201  0.0656323  2.38322  4.92329  
1.27872  3.2061  0.0507763  1.27872  3.2061  0.0507763  
0.0656323  2.38322  4.92329  0.0516376  0.249871  6.0425  
2.05  0.050206  0.0505281  0.0748828  4.04969  0.0507403  
0.123822  0.122804  6.04492  0.123822  0.122804  6.04492  
0.123822  0.122804  6.04492  0.0516376  0.249871  6.0425  
0.286991  3.35465  3.35498  0.0748828  4.04969  0.0507403  
0.256791  0.0506184  6.01784  0.256791  0.0506184  6.01784  
0.0748828  4.04969  0.0507403  0.286991  3.35465  3.35498  
1.7569  2.13469  0.0507201  1.7569  2.13469  0.0507201  
1.27872  3.2061  0.0507763  2.05  0.050206  0.0505281  
1.49871  0.0505679  4.18657  1.49871  0.0505679  4.18657  
0.0516376  0.249871  6.0425  0.123822  0.122804  6.04492  
2.05  0.050206  0.0505281  0.0656323  2.38322  4.92329  
0.0656323  2.38322  4.92329  1.27872  3.2061  0.0507763  
0.0748828  4.04969  0.0507403  1.49871  0.0505679  4.18657  
1.27872  3.2061  0.0507763  0.0748828  4.04969  0.0507403  
0.0516376  0.249871  6.0425  0.285951  3.35495  3.35498  
1.7569  2.13469  0.0507201  0.0516376  0.249871  6.0425  
2.05  0.050206  0.0505281  1.7569  2.13469  0.0507201  
1.49871  0.0505679  4.18657  0.256791  0.0506184  6.01784  
0.0656323  2.38322  4.92329  0.123822  0.122804  6.04492  
0.286991  3.35465  3.35498  0.0656323  2.38322  4.92329  
0.256791  0.0506184  6.01784  1.27872  3.2061  0.0507763  
0.123822  0.122804  6.04492  2.05  0.050206  0.0505281  
0.0656323  2.38322  4.92329  0.286991  3.35465  3.35498  
1.7569  2.13469  0.0507201  0.0656323  2.38322  4.92329  
0.256791  0.0506184  6.01784  0.0748828  4.04969  0.0507403  
0.0748828  4.04969  0.0507403  1.7569  2.13469  0.0507201  
1.49871  0.0505679  4.18657  0.256791  0.0506184  6.01784  
1.27872  3.2061  0.0507763  0.0516376  0.249871  6.0425  
2.05  0.050206  0.0505281  1.27872  3.2061  0.0507763  
0.286991  3.35465  3.35498  2.05  0.050206  0.0505281  
0.123822  0.122804  6.04492  0.123822  0.122804  6.04492  
0.0516376  0.249871  6.0425  1.49871  0.0505679  4.18657  
1.27872  3.2061  0.0507763  1.7569  2.13469  0.0507201  
0.256791  0.0506184  6.01784  0.256791  0.0506184  6.01784  
0.0516376  0.249871  6.0425  0.286991  3.35465  3.35498  
1.49871  0.0505679  4.18657  0.0516376  0.249871  6.0425  
0.123822  0.122804  6.04492  1.49871  0.0505679  4.18657  
0.0748828  4.04969  0.0507403  0.0656323  2.38322  4.92329  
1.7569  2.13469  0.0507201  0.0748828  4.04969  0.0507403  
0.0656323  2.38322  4.92329  0.123822  0.122804  6.04492  
2.05  0.050206  0.0505281  1.27872  3.2061  0.0507763  
0.286991  3.35465  3.35498  2.05  0.050206  0.0505281  
1.27872  3.2061  0.0507763  0.0748828  4.04969  0.0507403  
1.49871  0.0505679  4.18657  0.256791  0.0506184  6.01784  
0.0748828  4.04969  0.0507403  0.123822  0.122804  6.04492  
2.05  0.050206  0.0505281  1.27872  3.2061  0.0507763  
0.0656323  2.38322  4.92329  1.7569  2.13469  0.0507201  
0.0516376  0.249871  6.0425  0.0516376  0.249871  6.0425  
0.256791  0.0506184  6.01784  2.05  0.050206  0.0505281  
0.286991  3.35465  3.35498  0.0656323  2.38322  4.92329  
0.123822  0.122804  6.04492  1.49871  0.0505679  4.18657  
1.7569  2.13469  0.0507201  0.286991  3.35465  3.35498  
0.0516376  0.249871  6.0425  2.05  0.050206  0.0505281  
0.0748828  4.04969  0.0507403  1.7569  2.13469  0.0507201  
0.286991  3.35465  3.35498  0.256791  0.0506184  6.01784  
0.256791  0.0506184  6.01784  0.0516376  0.249871  6.0425  
1.49871  0.0505679  4.18657  0.123822  0.122804  6.04492  
1.7569  2.13469  0.0507201  0.286991  3.35465  3.35498  
2.05  0.050206  0.0505281  0.0656323  2.38322  4.92329  
0.123822  0.122804  6.04492  1.27872  3.2061  0.0507763  
1.27872  3.2061  0.0507763  1.47519  0.569956  4.18657  
0.0656323  2.38322  4.92329  0.0748828  4.04969  0.0507403  
1.7569  2.13469  0.0507201  0.256791  0.0506184  6.01784  
0.0516376  0.249871  6.0425  0.0516376  0.249871  6.0425  
1.27872  3.2061  0.0507763  0.0748828  4.04969  0.0507403  
1.49871  0.0505679  4.18657  2.05  0.050206  0.0505281  
0.286991  3.35465  3.35498  1.7569  2.13469  0.0507201  
0.123822  0.122804  6.04492  0.123822  0.122804  6.04492  
2.05  0.050206  0.0505281  0.286991  3.35465  3.35498  
0.256791  0.0506184  6.01784  1.27872  3.2061  0.0507763  
0.0748828  4.04969  0.0507403  0.0656323  2.38322  4.92329  
0.0656323  2.38322  4.92329  1.49871  0.0505679  4.18657  
2.05  0.050206  0.0505281  0.123822  0.122804  6.04492  
0.256791  0.0506184  6.01784  1.27872  3.2061  0.0507763  
0.286991  3.35465  3.35498  0.256791  0.0506184  6.01784  
0.0656323  2.38322  4.92329  0.0656323  2.38322  4.92329  
0.123822  0.122804  6.04492  1.7569  2.13469  0.0507201  
0.0748828  4.04969  0.0507403  0.0516376  0.249871  6.0425  
1.7569  2.13469  0.0507201  2.05  0.050206  0.0505281  
0.0516376  0.249871  6.0425  0.0748828  4.04969  0.0507403  
1.27872  3.2061  0.0507763  1.49871  0.0505679  4.18657  
1.49871  0.0505679  4.18657  0.286991  3.35465  3.35498  
0.286991  3.35465  3.35498  0.286991  3.35465  3.35498  
0.0748828  4.04969  0.0507403  1.49871  0.0505679  4.18657  
0.256791  0.0506184  6.01784  0.0748828  4.04969  0.0507403  
0.0656323  2.38322  4.92329  2.05  0.050206  0.0505281  
2.05  0.050206  0.0505281  1.7569  2.13469  0.0507201  
1.27872  3.2061  0.0507763  0.256791  0.0506184  6.01784  
0.123822  0.122804  6.04492  0.0656323  2.38322  4.92329  
1.7569  2.13469  0.0507201  0.123822  0.122804  6.04492  
1.49871  0.0505679  4.18657  1.27872  3.2061  0.0507763  
0.0516376  0.249871  6.0425  0.0516376  0.249871  6.0425  
0.0516376  0.249871  6.0425  0.286991  3.35465  3.35498  
0.286991  3.35465  3.35498  0.0516376  0.249871  6.0425  
1.49871  0.0505679  4.18657  1.49871  0.0505679  4.18657  
0.0748828  4.04969  0.0507403  0.0748828  4.04969  0.0507403  
0.256791  0.0506184  6.01784  0.256791  0.0506184  6.01784  
1.7569  2.13469  0.0507201  0.0656323  2.38322  4.92329  
1.27872  3.2061  0.0507763  2.05  0.050206  0.0505281  
0.0656323  2.38322  4.92329  1.27872  3.2061  0.0507763  
2.05  0.050206  0.0505281  0.123822  0.122804  6.04492  
0.123822  0.122804  6.04492  1.49771  1.81813  3.22854  
0.123822  0.122804  6.04492  0.0748828  4.04969  0.0507403  
0.286991  3.35465  3.35498  1.27872  3.2061  0.0507763  
0.256791  0.0506184  6.01784  1.7569  2.13469  0.0507201  
0.0748828  4.04969  0.0507403  0.286991  3.35465  3.35498  
1.7569  2.13469  0.0507201  0.256791  0.0506184  6.01784  
1.27872  3.2061  0.0507763  1.49871  0.0505679  4.18657  
1.49871  0.0505679  4.18657  0.0516376  0.249871  6.0425  
0.0516376  0.249871  6.0425  0.123822  0.122804  6.04492  
2.05  0.050206  0.0505281  0.0656323  2.38322  4.92329  
0.0656323  2.38322  4.92329  2.05  0.050206  0.0505281  
0.0748828  4.04969  0.0507403  0.0516376  0.249871  6.0425  
1.27872  3.2061  0.0507763  0.256791  0.0506184  6.01784  
0.0516376  0.249871  6.0425  1.7569  2.13469  0.0507201  
1.7569  2.13469  0.0507201  0.123822  0.122804  6.04492  
2.05  0.050206  0.0505281  0.0656323  2.38322  4.92329  
1.49871  0.0505679  4.18657  0.286991  3.35465  3.35498  
0.0656323  2.38322  4.92329  1.27872  3.2061  0.0507763  
0.286991  3.35465  3.35498  1.49871  0.0505679  4.18657  
0.256791  0.0506184  6.01784  0.0748828  4.04969  0.0507403  
0.123822  0.122804  6.04492  2.05  0.050206  0.0505281  
0.0656323  2.38322  4.92329  0.256791  0.0506184  6.01784  
1.7569  2.13469  0.0507201  1.27872  3.2061  0.0507763  
0.256791  0.0506184  6.01784  0.0516376  0.249871  6.0425  
0.0748828  4.04969  0.0507403  1.7569  2.13469  0.0507201  
1.49871  0.0505679  4.18657  0.0748828  4.04969  0.0507403  
1.27872  3.2061  0.0507763  0.123822  0.122804  6.04492  
2.05  0.050206  0.0505281  0.0656323  2.38322  4.92329  
0.286991  3.35465  3.35498  0.286991  3.35465  3.35498  
0.123822  0.122804  6.04492  2.05  0.050206  0.0505281  
0.0516376  0.249871  6.0425  1.49871  0.0505679  4.18657  
1.27872  3.2061  0.0507763  0.256791  0.0506184  6.01784  
0.256791  0.0506184  6.01784  1.49871  0.0505679  4.18657  
0.0516376  0.249871  6.0425  0.0656323  2.38322  4.92329  
1.49871  0.0505679  4.18657  0.286991  3.35465  3.35498  
0.123822  0.122804  6.04492  2.05  0.050206  0.0505281  
0.0748828  4.04969  0.0507403  0.0516376  0.249871  6.0425  
1.7569  2.13469  0.0507201  0.123822  0.122804  6.04492  
0.0656323  2.38322  4.92329  1.7569  2.13469  0.0507201  
2.05  0.050206  0.0505281  0.0748828  4.04969  0.0507403  
0.286991  3.35465  3.35498  1.27872  3.2061  0.0507763  
1.27872  3.2061  0.0507763  2.05  0.050206  0.0505281  
1.49871  0.0505679  4.18657  1.27872  3.2061  0.0507763  
0.0748828  4.04969  0.0507403  0.256791  0.0506184  6.01784  
2.05  0.050206  0.0505281  0.0748828  4.04969  0.0507403  
0.0656323  2.38322  4.92329  1.7569  2.13469  0.0507201  
0.0516376  0.249871  6.0425  1.49871  0.0505679  4.18657  
0.256791  0.0506184  6.01784  0.0656323  2.38322  4.92329  
0.286991  3.35465  3.35498  0.123822  0.122804  6.04492  
0.123822  0.122804  6.04492  0.286991  3.35465  3.35498  
1.7569  2.13469  0.0507201  0.0516376  0.249871  6.0425  
0.0516376  0.249871  6.0425  1.27872  3.2061  0.0507763  
0.0748828  4.04969  0.0507403  1.49871  0.0505679  4.18657  
0.286991  3.35465  3.35498  1.7569  2.13469  0.0507201  
0.256791  0.0506184  6.01784  0.286991  3.35465  3.35498  
1.49871  0.0505679  4.18657  0.0656323  2.38322  4.92329  
1.7569  2.13469  0.0507201  0.256791  0.0506184  6.01784  
2.05  0.050206  0.0505281  2.05  0.050206  0.0505281  
0.123822  0.122804  6.04492  0.123822  0.122804  6.04492  
1.27872  3.2061  0.0507763  0.0516376  0.249871  6.0425  
0.0656323  2.38322  4.92329  0.0748828  4.04969  0.0507403  
1.7569  2.13469  0.0507201  2.05  0.050206  0.0505761  
0.0516376  0.249871  6.0425  1.49871  0.0505679  4.18657  
1.27872  3.2061  0.0507763  0.286991  3.35465  3.35498  
1.49871  0.0505679  4.18657  0.123822  0.122804  6.04492  
0.286991  3.35465  3.35498  0.0656323  2.38322  4.92329  
0.123822  0.122804  6.04492  0.0748828  4.04969  0.0507403  
2.05  0.050206  0.0505281  1.7569  2.13469  0.0507201  
0.256791  0.0506184  6.01784  0.256791  0.0506184  6.01784  
0.0748828  4.04969  0.0507403  0.0516376  0.249871  6.0425  
0.0656323  2.38322  4.92329  1.27872  3.2061  0.0507763  
