0  0  0  0  
0  0  0  0  
0  0  0  0  
0  0  0  0  
0  0  0  0  
0  0  0  0  
0  0  0  0  
0  0  0  0  
0  0  0  0  
0  0  0  0  
0  0  0  0  
0  0  0  0  
0  0  0  0  
0  0  0  0  
0  0  0  0  
0  0  0  0  
0  0  0  0  
0  0  0  0  
0  0  0  0  
0  0  0  0  
0  0  0  0  
0  0  0  0  
0  0  0  0  
0  0  0  0  
0  0  0  0  
0  0  0  0  
0  0  0  0  
0  0  0  0  
0  0  0  0  
0  0  0  0  
0  0  0  0  
0  0  0  0  
0  0  0  0  
0  0  0  0  
0  0  0  0  
0  0  0  0  
0  0  0  0  
0  0  0  0  
0  0  0  0  
0  0  0  0  
0  0  0  0  
0  0  0  0  
0  0  0  0  
0  0  0  0  
0  0  0  0  
0  0  0  0  
0  0  0  0  
0  0  0  0  
0  0  0  0  
0  0  0  0  
0  0  0  0  
0  0  0  0  
0  0  0  0  
0  0  0  0  
0  0  0  0  
0  0  0  0  
0  0  0  0  
0  0  0  0  
0  0  0  0  
0  0  0  0  
0  0  0  0  
0  0  0  0  
0  0  0  0  
0  0  0  0  
0  0  0  0  
0  0  0  0  
0  0  0  0  
0  0  0  0  
0  0  0  0  
0  0  0  0  
0  0  0  0  
0  0  0  0  
0  0  0  0  
0  0  0  0  
0  0  0  0  
0  0  0  0  
0  0  0  0  
0  0  0  0  
0  0  0  0  
0  0  0  0  
0  0  0  0  
0  0  0  0  
0  0  0  0  
0  0  0  0  
0  0  0  0  
0  0  0  0  
0  0  0  0  
0  0  0  0  
0  0  0  0  
0  0  0  0  
0  0  0  0  
0  0  0  0  
0  0  0  0  
0  0  0  0  
0  0  0  0  
0  0  0  0  
0  0  0  0  
0  0  0  0  
0  0  0  0  
0  0  0  0  
1.11426  3.26138  1.67407  2.19151  
1.62467  2.3659  1.34412  3.02345  
1.57281  2.37142  0.995728  3.51872  
1.70383  2.32226  1.19372  3.30419  
1.43877  2.69175  1.17159  3.09248  
1.47136  2.38045  1.76767  2.23928  
1.48296  2.39205  1.45385  2.80202  
1.4764  3.24015  1.72069  2.1923  
0  0  1.51567  2.44285  
1.60045  2.52059  1.27695  3.19784  
1.40768  2.478  1.22993  3.15082  
2.04026  1.80472  0.961831  3.48483  
1.75891  2.23052  1.80633  2.26459  
1.07723  3.39735  1.44995  3.21369  
1.63928  2.25422  1.24462  3.13629  
1.91101  1.8659  1.1623  3.35613  
1.29589  3.21678  1.6713  2.39398  
1.91101  1.8659  1.41981  2.76798  
1.42342  2.9167  1.43218  2.90543  
0  0  1.95001  1.60871  
0  0  1.44013  2.55643  
1.70736  2.14602  1.53385  2.71404  
0  0  1.77049  2.37622  
1.45498  2.57128  1.95885  2.08767  
1.8318  2.15148  1.75585  2.36159  
0  0  2.03114  1.92555  
0  0  1.31779  2.93977  
0  0  1.8318  2.15148  
0  0  1.80485  2.12453  
0  0  1.71625  2.15706  
0  0  1.80026  2.1627  
0  0  1.19273  2.95523  
0  0  1.60958  2.52306  
0  0  1.51563  2.33517  
0  0  1.17581  3.31404  
0  0  1.7221  2.08454  
0  0  1.5672  2.48067  
0  0  1.03996  3.47893  
1.65546  2.57561  1.16864  3.30687  
0  0  1.779  1.72748  
0  0  1.56525  2.89458  
0  0  1.15679  3.45804  
0  0  1.15182  3.45306  
0  0  1.24057  3.17048  
0  0  1.34848  2.72328  
0  0  1.8198  2.03194  
1.96557  1.63502  1.58836  2.36494  
1.65864  1.94117  1.56767  2.41229  
0  0  1.83781  1.94267  
0  0  1.40371  3.05095  
0  0  1.44132  2.89686  
0  0  1.45423  3.02142  
1.23944  3.06008  1.46204  2.33486  
0  0  1.51017  2.38299  
0  0  1.75855  2.48049  
0  0  1.50131  2.8584  
0  0  1.85762  1.859  
0  0  2.07343  1.49655  
0  0  1.44704  2.80414  
0  0  2.03818  1.4613  
0  0  1.39686  2.81574  
0  0  1.4017  2.90837  
0  0  1.86391  1.82859  
0  0  1.35298  2.98039  
0  0  1.85055  2.13249  
0  0  1.78778  2.35054  
2.10744  1.34152  1.80115  1.97935  
0  0  1.5455  2.51507  
0  0  1.66854  2.31817  
0  0  1.44242  2.94909  
1.09125  3.02714  1.62202  2.47026  
0  0  1.69951  2.26025  
0  0  1.7693  2.08899  
0  0  0.86733  3.71263  
0  0  1.3652  3.12935  
0  0  1.37358  3.13772  
0  0  1.64365  1.98988  
0  0  1.60124  2.68406  
1.35831  3.12245  1.62767  2.42628  
0  0  1.36039  3.12453  
0  0  1.40536  2.87861  
1.68029  2.40297  1.73199  2.32661  
0  0  1.99884  1.65754  
0  0  1.4449  3.20864  
1.45451  2.80268  1.36191  3.12565  
0  0  1.17102  3.24856  
0  0  1.89542  1.86572  
0  0  1.57596  2.41945  
0  0  0.957424  3.51933  
0  0  1.18987  3.3297  
0  0  1.83093  1.77941  
1.62701  2.54716  1.35731  2.75852  
0  0  1.29351  3.05765  
1.40448  2.87773  1.67277  2.59292  
1.5973  2.47531  1.34851  3.02758  
1.20653  3.22322  1.91089  1.61949  
0  0  0.831193  3.67649  
0  0  1.67403  2.59418  
0  0  1.63003  2.42864  
0  0  1.20109  3.33933  
1.11426  3.26138  1.91935  1.57805  
1.62467  2.3659  1.76073  2.23234  
1.57281  2.37142  1.05033  3.57333  
1.70383  2.32226  1.42935  2.90261  
1.43877  2.69175  1.01368  3.53668  
1.47136  2.38045  1.44351  2.79168  
1.48296  2.39205  1.63872  2.36141  
1.4764  3.24015  1.67449  2.09532  
0  0  1.90352  1.85841  
1.60045  2.52059  2.01342  1.67212  
1.40768  2.478  1.78846  2.24098  
2.04026  1.80472  1.25999  3.18088  
1.75891  2.23052  1.49194  2.84011  
1.07723  3.39735  1.68273  2.15434  
1.63928  2.25422  1.00633  3.52933  
1.91101  1.8659  1.42935  2.90261  
1.29589  3.21678  0.933107  3.72439  
1.91101  1.8659  1.37427  2.81351  
1.42342  2.9167  1.96487  1.91976  
0  0  1.12926  3.61771  
0  0  1.73117  2.16983  
1.70736  2.14602  1.8395  1.96833  
0  0  1.78876  2.19567  
1.45498  2.57128  1.90921  2.03803  
1.8318  2.15148  1.37369  2.48999  
0  0  1.71069  2.10075  
0  0  1.8318  2.15148  
0  0  1.68097  2.11962  
0  0  1.8318  2.15148  
0  0  1.11984  3.42949  
0  0  1.49848  2.40757  
0  0  0.854057  3.69936  
0  0  1.62061  2.54076  
0  0  1.83093  1.77941  
0  0  1.31272  3.07687  
0  0  1.67658  1.924  
0  0  1.32422  3.07952  
0  0  1.18857  3.32681  
1.65546  2.57561  1.75253  2.11498  
0  0  1.83647  1.78495  
0  0  1.35421  2.72901  
0  0  1.27035  3.20025  
0  0  1.93511  1.67741  
0  0  1.16645  3.08734  
0  0  1.47422  2.80354  
0  0  1.17835  3.10826  
1.96557  1.63502  1.7617  2.37876  
1.65864  1.94117  1.99325  1.6627  
0  0  1.19276  3.49401  
0  0  1.39896  2.70308  
0  0  1.64286  2.70544  
0  0  2.04473  1.52712  
1.23944  3.06008  1.93029  1.89385  
0  0  1.59834  2.66092  
0  0  1.51976  2.7702  
0  0  2.06635  1.54874  
0  0  1.46724  2.75696  
0  0  1.69559  2.45749  
0  0  1.6101  2.48292  
0  0  1.06642  3.33597  
0  0  1.68468  2.30565  
0  0  2.13806  1.37213  
0  0  1.62931  2.36503  
0  0  1.43982  2.93027  
0  0  1.65433  2.30395  
0  0  1.65873  2.2797  
2.10744  1.34152  1.55022  2.47645  
0  0  1.69553  2.58462  
0  0  2.0588  1.29287  
0  0  1.29605  3.22384  
1.09125  3.02714  1.34128  3.0214  
0  0  1.59814  2.51161  
0  0  1.53831  2.45178  
0  0  1.38904  2.29813  
0  0  1.18137  3.31961  
0  0  1.55081  2.6175  
0  0  1.76548  1.9103  
0  0  1.51622  2.97153  
1.35831  3.12245  1.42525  2.84412  
0  0  1.48107  2.73404  
0  0  1.44899  2.92224  
1.68029  2.40297  1.41343  2.7616  
0  0  1.4764  3.24015  
0  0  1.27671  2.74996  
1.45451  2.80268  1.3986  2.64261  
0  0  1.06608  3.58908  
0  0  1.2561  3.17699  
0  0  2.00382  1.66253  
0  0  1.14566  3.28549  
0  0  1.86963  1.82452  
0  0  1.42661  2.57717  
1.62701  2.54716  1.65728  2.09704  
0  0  1.67294  1.88241  
1.40448  2.87773  1.166  3.30424  
1.5973  2.47531  1.7826  1.87607  
1.20653  3.22322  1.16903  3.30727  
0  0  1.26703  2.88449  
0  0  1.24828  3.38652  
0  0  1.82562  1.7741  
0  0  1.64714  2.56728  
1.11426  3.26138  1.49277  2.96603  
1.62467  2.3659  1.72633  2.7403  
1.57281  2.37142  1.68442  2.4071  
1.70383  2.32226  1.01865  3.54165  
1.43877  2.69175  1.4764  3.24015  
1.47136  2.38045  2.04319  1.70189  
1.48296  2.39205  1.41577  2.88902  
1.4764  3.24015  1.50708  2.53354  
0  0  1.43649  2.90975  
1.60045  2.52059  1.46204  2.57246  
1.40768  2.478  2.05195  1.71066  
2.04026  1.80472  1.57277  2.54238  
1.75891  2.23052  1.67756  2.40024  
1.07723  3.39735  1.01689  3.53988  
1.63928  2.25422  1.49416  3.2579  
1.91101  1.8659  1.31187  2.78512  
1.29589  3.21678  1.98055  1.93544  
1.91101  1.8659  1.73594  2.20755  
1.42342  2.9167  1.87993  1.83482  
0  0  1.44382  3.20756  
0  0  1.65289  2.56911  
1.70736  2.14602  1.01667  3.46789  
0  0  1.30459  2.8884  
1.45498  2.57128  1.98457  2.1134  
1.8318  2.15148  1.42832  3.0503  
0  0  1.12097  3.26253  
0  0  1.81879  2.01414  
0  0  1.79168  2.11137  
0  0  1.70998  2.14863  
0  0  1.65484  2.0449  
0  0  1.34795  3.1121  
0  0  1.19174  3.32997  
0  0  1.65549  2.4541  
0  0  1.75827  1.90715  
0  0  1.24682  3.01096  
0  0  1.38442  2.63739  
0  0  1.62983  2.20127  
0  0  1.60352  2.40213  
1.65546  2.57561  1.71077  2.15788  
0  0  1.34078  3.10492  
0  0  1.54894  2.87826  
0  0  1.79279  2.36467  
0  0  1.73049  2.20334  
0  0  1.83849  2.05063  
0  0  1.63485  1.91738  
0  0  1.85252  1.84258  
1.96557  1.63502  1.60619  2.38276  
1.65864  1.94117  1.94304  2.15518  
0  0  1.41667  2.8631  
0  0  1.67115  2.144  
0  0  2.05369  1.53608  
0  0  1.50626  2.75669  
1.23944  3.06008  1.77636  1.76428  
0  0  1.39065  2.74775  
0  0  1.6366  2.69918  
0  0  1.52682  2.73854  
0  0  2.09198  1.5151  
0  0  1.05938  3.32892  
0  0  1.61095  2.67353  
0  0  1.26205  3.08268  
0  0  1.59932  2.09432  
0  0  1.15445  3.31268  
0  0  2.12875  1.36283  
0  0  1.48493  2.40995  
0  0  1.38507  3.20553  
0  0  2.11294  1.34701  
2.10744  1.34152  1.83329  1.86066  
0  0  1.61578  2.11078  
0  0  1.21327  3.19255  
0  0  1.68674  2.18173  
1.09125  3.02714  1.3329  3.05723  
0  0  1.21362  3.35186  
0  0  1.33925  3.10339  
0  0  1.77922  2.14166  
0  0  1.59555  2.51569  
0  0  1.51865  2.42774  
0  0  1.41588  2.66886  
0  0  1.38821  2.88178  
1.35831  3.12245  1.18857  3.32681  
0  0  1.43931  2.69228  
0  0  1.14398  3.28381  
1.68029  2.40297  1.45469  2.80286  
0  0  1.18169  3.32152  
0  0  1.12122  3.26105  
1.45451  2.80268  1.85142  1.80631  
0  0  1.25157  3.17246  
0  0  1.40407  3.16781  
0  0  2.04188  2.11743  
0  0  1.0096  3.5326  
0  0  1.03241  3.55541  
0  0  0.821026  3.66633  
1.62701  2.54716  0.89764  3.74294  
0  0  1.88295  1.83143  
1.40448  2.87773  1.34738  2.82127  
1.5973  2.47531  1.71069  2.07313  
1.20653  3.22322  1.1945  3.33273  
0  0  1.5385  2.53824  
0  0  1.64661  2.56008  
0  0  1.83483  1.78331  
0  0  1.75171  2.11416  
1.11426  3.26138  1.6804  2.40308  
1.62467  2.3659  1.9383  1.597  
1.57281  2.37142  1.56135  2.5529  
1.70383  2.32226  1.47998  2.82815  
1.43877  2.69175  0.986259  3.50926  
1.47136  2.38045  1.44133  2.80525  
1.48296  2.39205  1.62204  2.51947  
1.4764  3.24015  1.38768  3.13878  
0  0  1.34628  2.69445  
1.60045  2.52059  1.0096  3.5326  
1.40768  2.478  1.58769  2.44958  
2.04026  1.80472  1.23702  3.15791  
1.75891  2.23052  1.77299  2.2446  
1.07723  3.39735  1.45223  2.8004  
1.63928  2.25422  1.92169  1.87658  
1.91101  1.8659  1.4269  2.90016  
1.29589  3.21678  1.43686  2.91011  
1.91101  1.8659  1.17814  3.31797  
1.42342  2.9167  1.93932  1.98887  
0  0  1.26704  3.18793  
0  0  1.51419  2.72607  
1.70736  2.14602  1.82001  2.13969  
0  0  1.72785  2.33359  
1.45498  2.57128  1.12485  3.4345  
1.8318  2.15148  1.93391  2.06273  
0  0  1.91555  2.17579  
0  0  1.70938  2.31511  
0  0  1.58111  2.74315  
0  0  1.50667  2.62298  
0  0  1.45498  2.57128  
0  0  1.3104  3.07455  
0  0  1.31516  2.77418  
0  0  1.32127  3.08542  
0  0  1.30343  3.14174  
0  0  1.83289  1.73911  
0  0  1.68104  2.0013  
0  0  1.26452  3.17491  
0  0  1.50621  2.75918  
1.65546  2.57561  1.51458  2.76755  
0  0  0.871745  3.71705  
0  0  1.65864  1.94117  
0  0  1.53172  2.86105  
0  0  1.82823  2.30108  
0  0  1.60252  2.50948  
0  0  1.15949  2.93945  
0  0  1.93631  1.60576  
1.96557  1.63502  1.60647  2.55106  
1.65864  1.94117  2.11768  1.78713  
0  0  1.82558  1.92286  
0  0  1.18275  3.44388  
0  0  1.63631  2.5325  
0  0  1.28097  3.1016  
1.23944  3.06008  1.67508  2.3881  
0  0  1.24019  3.06083  
0  0  1.52718  2.58976  
0  0  2.1551  1.57822  
0  0  2.06463  1.48774  
0  0  1.01327  3.28281  
0  0  1.06253  3.33207  
0  0  2.04571  1.5281  
0  0  1.49691  2.42194  
0  0  1.40937  2.91604  
0  0  1.79706  2.079  
0  0  1.73695  2.01889  
0  0  1.53698  2.462  
0  0  1.41326  2.90371  
2.10744  1.34152  1.5002  3.00687  
0  0  1.45495  2.96161  
0  0  1.58893  2.37855  
0  0  1.78476  1.76102  
1.09125  3.02714  1.60358  2.52373  
0  0  1.60682  2.52029  
0  0  1.66258  2.58272  
0  0  1.63521  2.07775  
0  0  1.82948  1.77796  
0  0  1.42943  2.76489  
0  0  1.83939  1.78787  
0  0  1.6528  2.33429  
1.35831  3.12245  1.60188  2.51536  
0  0  2.07185  1.545  
0  0  2.0252  1.6839  
1.68029  2.40297  1.27293  3.16582  
0  0  1.27214  3.19303  
0  0  1.19778  3.33762  
1.45451  2.80268  1.92206  1.94866  
0  0  1.99928  1.65799  
0  0  1.40391  2.87716  
0  0  1.60741  2.42018  
0  0  1.4281  2.77627  
0  0  1.68029  2.40297  
0  0  1.50414  2.38067  
1.62701  2.54716  1.38051  2.2896  
0  0  1.18689  3.0792  
1.40448  2.87773  1.57007  2.44404  
1.5973  2.47531  1.75275  2.1152  
1.20653  3.22322  1.25928  3.02342  
0  0  1.29305  3.05719  
0  0  1.18457  3.3228  
0  0  1.10556  3.06605  
0  0  1.53376  2.39134  
1.11426  3.26138  1.45675  2.80492  
1.62467  2.3659  1.0466  3.18644  
1.57281  2.37142  1.1608  3.30063  
1.70383  2.32226  1.45285  2.9261  
1.43877  2.69175  1.14441  3.28425  
1.47136  2.38045  0.978584  3.50158  
1.48296  2.39205  1.45783  3.22157  
1.4764  3.24015  1.48539  2.71715  
0  0  1.52097  2.71937  
1.60045  2.52059  1.95408  1.90897  
1.40768  2.478  1.25691  3.1778  
2.04026  1.80472  2.06931  1.72802  
1.75891  2.23052  1.41513  3.17887  
1.07723  3.39735  1.02531  3.5483  
1.63928  2.25422  0.998832  3.52183  
1.91101  1.8659  1.81461  2.44602  
1.29589  3.21678  1.26241  3.1833  
1.91101  1.8659  0.611753  4.32106  
1.42342  2.9167  1.79831  2.35838  
0  0  1.05303  3.34805  
0  0  1.76655  2.37228  
1.70736  2.14602  1.70545  2.11235  
0  0  1.7483  2.13836  
1.45498  2.57128  1.51203  2.62834  
1.8318  2.15148  1.95446  2.08328  
0  0  1.38576  3.04158  
0  0  1.75196  2.07165  
0  0  1.6713  2.07821  
0  0  1.45705  2.75296  
0  0  1.83924  1.97324  
0  0  1.20043  2.96458  
0  0  1.32744  3.09158  
0  0  0.844618  3.68992  
0  0  1.59387  2.39248  
0  0  1.84456  1.79304  
0  0  1.60188  2.51536  
0  0  1.76433  2.12678  
0  0  1.64484  2.48663  
1.65546  2.57561  1.61438  2.52785  
0  0  1.04188  3.62019  
0  0  1.19707  3.49832  
0  0  1.70378  1.85087  
0  0  1.63086  2.66374  
0  0  1.2006  3.13051  
0  0  1.32804  3.02203  
0  0  1.28919  3.33993  
1.96557  1.63502  1.50475  2.83408  
1.65864  1.94117  1.24298  3.17288  
0  0  1.88697  2.09911  
0  0  1.70246  1.98499  
0  0  1.61521  2.67779  
0  0  1.50205  2.42089  
1.23944  3.06008  1.64165  2.26315  
0  0  1.50603  2.42487  
0  0  1.44301  2.73273  
0  0  2.05918  1.47539  
0  0  1.5771  2.62531  
0  0  1.50318  2.86027  
0  0  1.46724  2.75696  
0  0  1.51461  2.67225  
0  0  1.49186  2.45831  
0  0  1.92146  1.55892  
0  0  1.96585  1.19992  
0  0  1.27016  2.56206  
0  0  1.20865  3.20003  
0  0  1.45603  2.36511  
2.10744  1.34152  1.64865  2.14365  
0  0  1.88981  1.61991  
0  0  1.49206  2.78396  
0  0  1.40925  2.70114  
1.09125  3.02714  1.34538  3.14831  
0  0  1.76079  2.12323  
0  0  1.77795  2.14039  
0  0  1.71018  2.63033  
0  0  0.724951  3.67998  
0  0  1.55993  2.3244  
0  0  1.84878  1.99114  
0  0  0.998234  3.84353  
1.35831  3.12245  1.38202  3.07503  
0  0  1.47631  2.77563  
0  0  1.84735  1.80224  
1.68029  2.40297  1.23359  3.15448  
0  0  1.29478  3.12213  
0  0  2.13904  1.48407  
1.45451  2.80268  1.75552  2.22713  
0  0  1.43299  2.78116  
0  0  1.89538  1.82569  
0  0  1.16386  3.30369  
0  0  1.60447  2.97683  
0  0  1.68245  2.40513  
0  0  1.86918  1.81766  
1.62701  2.54716  0.979346  3.41291  
0  0  1.42896  2.33805  
1.40448  2.87773  1.73743  2.09988  
1.5973  2.47531  1.38752  2.6121  
1.20653  3.22322  1.55525  2.56427  
0  0  1.15146  3.2897  
0  0  1.27973  3.04388  
0  0  1.09428  3.23252  
0  0  1.09307  3.26488  
1.11426  3.26138  1.78069  2.2523  
1.62467  2.3659  1.12328  3.26311  
1.57281  2.37142  1.0096  3.5326  
1.70383  2.32226  2.17269  1.71852  
1.43877  2.69175  1.72046  2.46004  
1.47136  2.38045  1.28368  3.08708  
1.48296  2.39205  1.40641  2.75458  
1.4764  3.24015  1.71205  2.43473  
0  0  1.92333  1.87822  
1.60045  2.52059  1.12617  3.05577  
1.40768  2.478  1.25879  3.17968  
2.04026  1.80472  1.60806  2.67064  
1.75891  2.23052  1.26518  3.18607  
1.07723  3.39735  1.92872  1.8836  
1.63928  2.25422  1.26368  3.18457  
1.91101  1.8659  1.1559  3.29573  
1.29589  3.21678  1.92505  1.87994  
1.91101  1.8659  0.933573  3.45657  
1.42342  2.9167  1.94508  1.89997  
0  0  1.22622  3.08534  
0  0  1.73366  2.17232  
1.70736  2.14602  1.34338  2.56195  
0  0  1.93567  2.0645  
1.45498  2.57128  1.03316  3.48438  
1.8318  2.15148  1.14995  3.60117  
0  0  1.75389  2.14395  
0  0  1.79652  2.11621  
0  0  1.03336  3.48458  
0  0  1.03525  3.48647  
0  0  1.62695  2.27174  
0  0  1.58824  2.32678  
0  0  1.48089  2.38998  
0  0  1.49844  2.40753  
0  0  1.39928  2.65225  
0  0  1.4999  2.60719  
0  0  1.60794  2.52808  
0  0  1.59138  2.50486  
0  0  1.40914  2.79696  
1.65546  2.57561  1.68834  2.05078  
0  0  1.35811  3.12225  
0  0  1.17561  3.47685  
0  0  2.20283  1.35835  
0  0  1.65864  1.94117  
0  0  2.05225  1.7217  
0  0  1.12274  3.42399  
0  0  1.6925  1.97503  
1.96557  1.63502  1.89403  1.88806  
1.65864  1.94117  1.6938  2.60077  
0  0  1.90319  2.11533  
0  0  1.31979  2.98697  
0  0  1.48212  2.40096  
0  0  1.33716  2.57803  
1.23944  3.06008  1.06426  3.3338  
0  0  1.51325  2.76681  
0  0  0.995212  3.26475  
0  0  1.39176  2.8793  
0  0  1.46821  2.75794  
0  0  2.06214  1.54453  
0  0  1.67645  2.73903  
0  0  1.68375  2.27909  
0  0  1.43314  2.92359  
0  0  1.91867  1.79472  
0  0  1.40884  2.91551  
0  0  1.56841  2.49343  
0  0  2.13786  1.37193  
0  0  1.55656  2.37317  
2.10744  1.34152  1.66738  2.317  
0  0  1.50418  3.01085  
0  0  1.15514  3.31338  
0  0  1.79796  2.0799  
1.09125  3.02714  1.25489  3.32929  
0  0  1.69542  2.61557  
0  0  1.164  3.30224  
0  0  1.4398  3.00693  
0  0  0.913383  3.75868  
0  0  1.51349  2.42258  
0  0  1.40063  2.60497  
0  0  1.84229  1.79077  
1.35831  3.12245  1.77372  2.13617  
0  0  0.841554  3.68685  
0  0  1.8174  1.917  
1.68029  2.40297  1.33777  3.03615  
0  0  1.73668  2.10678  
0  0  1.36723  3.52453  
1.45451  2.80268  1.89819  1.85308  
0  0  1.21591  3.1368  
0  0  1.05375  3.50497  
0  0  1.8017  1.69677  
0  0  1.59932  2.4442  
0  0  1.65484  2.37824  
0  0  2.22783  1.07692  
1.62701  2.54716  1.84997  1.79845  
0  0  1.6946  2.61475  
1.40448  2.87773  1.64212  2.44073  
1.5973  2.47531  1.72874  1.85006  
1.20653  3.22322  1.21907  3.3573  
0  0  0.940185  3.78549  
0  0  1.87357  1.65908  
0  0  1.15746  3.2957  
0  0  1.24041  3.00456  
1.11426  3.26138  1.94939  1.93276  
1.62467  2.3659  1.38101  2.85426  
1.57281  2.37142  1.85566  1.81055  
1.70383  2.32226  1.72868  2.30396  
1.43877  2.69175  1.77162  2.21808  
1.47136  2.38045  0.971477  3.49447  
1.48296  2.39205  1.18328  3.22459  
1.4764  3.24015  1.47601  2.82419  
0  0  1.68762  2.15923  
1.60045  2.52059  1.06401  3.58701  
1.40768  2.478  1.70853  2.18014  
2.04026  1.80472  1.76901  2.24063  
1.75891  2.23052  1.45451  2.80268  
1.07723  3.39735  1.27177  3.19266  
1.63928  2.25422  1.73642  2.4591  
1.91101  1.8659  1.47054  2.9053  
1.29589  3.21678  1.53999  2.92914  
1.91101  1.8659  0.98832  3.51132  
1.42342  2.9167  1.38542  2.85868  
0  0  1.37827  2.94998  
0  0  1.11358  3.42323  
1.70736  2.14602  1.35659  2.97857  
0  0  1.91731  2.04613  
1.45498  2.57128  1.15208  3.46173  
1.8318  2.15148  2.02155  1.92217  
0  0  1.70736  2.14602  
0  0  1.12248  3.5737  
0  0  1.89625  2.21593  
0  0  1.49171  2.60801  
0  0  1.69908  2.10599  
0  0  1.65976  2.57991  
0  0  1.36021  2.98354  
0  0  1.5276  2.33107  
0  0  1.91974  1.86822  
0  0  1.60169  2.4003  
0  0  1.68938  2.48799  
0  0  1.76934  2.13178  
0  0  1.46366  2.37275  
1.65546  2.57561  1.78085  2.32483  
0  0  1.01033  3.32477  
0  0  1.27873  3.20864  
0  0  2.15887  1.30529  
0  0  1.58309  2.05594  
0  0  1.52954  2.8647  
0  0  1.13544  3.43668  
0  0  1.65492  1.93745  
1.96557  1.63502  1.72863  2.01116  
1.65864  1.94117  1.32465  2.69944  
0  0  1.60848  2.51544  
0  0  1.74527  2.07562  
0  0  1.39005  2.98235  
0  0  1.43961  2.31243  
1.23944  3.06008  1.43875  2.81718  
0  0  1.12697  3.39651  
0  0  1.21236  3.0882  
0  0  1.45355  2.32637  
0  0  1.61521  2.67779  
0  0  1.98606  1.58909  
0  0  1.52144  2.87854  
0  0  1.10513  3.37468  
0  0  1.46571  2.70307  
0  0  1.66847  2.31809  
0  0  1.78655  2.06553  
0  0  1.57047  2.29804  
0  0  2.02632  1.47923  
0  0  1.51875  2.44378  
2.10744  1.34152  1.36575  2.8562  
0  0  2.06579  1.29986  
0  0  1.7107  2.2057  
0  0  1.72711  2.2221  
1.09125  3.02714  1.87245  1.82093  
0  0  1.91781  1.86629  
0  0  1.82562  1.7741  
0  0  1.39771  2.65068  
0  0  1.86229  2.09683  
0  0  1.14947  3.29015  
0  0  1.34569  2.59866  
0  0  1.32322  2.97225  
1.35831  3.12245  1.40173  2.6547  
0  0  1.42202  2.8703  
0  0  1.00713  3.53013  
1.68029  2.40297  1.60974  2.33243  
0  0  1.03957  3.56257  
0  0  1.42935  2.90261  
1.45451  2.80268  1.98732  1.68192  
0  0  1.44217  3.30862  
0  0  1.63525  2.10686  
0  0  1.7346  2.20621  
0  0  1.45252  2.92577  
0  0  0.979256  3.50225  
0  0  1.35907  2.68807  
1.62701  2.54716  1.59303  2.50212  
0  0  1.537  2.3356  
1.40448  2.87773  1.50387  2.41296  
1.5973  2.47531  1.5482  2.83016  
1.20653  3.22322  1.60854  2.52201  
0  0  1.76551  2.15767  
0  0  1.62701  2.54716  
0  0  1.53754  2.45101  
0  0  1.56213  2.4756  
1.11426  3.26138  1.15026  3.29009  
1.62467  2.3659  1.0096  3.5326  
1.57281  2.37142  1.42935  2.90261  
1.70383  2.32226  1.89909  1.85398  
1.43877  2.69175  1.77299  2.2446  
1.47136  2.38045  1.71426  2.4446  
1.48296  2.39205  1.6048  2.32748  
1.4764  3.24015  1.37755  3.14129  
0  0  1.65816  2.29632  
1.60045  2.52059  1.1874  3.32724  
1.40768  2.478  1.16221  3.0504  
2.04026  1.80472  2.02036  1.67907  
1.75891  2.23052  1.14334  3.58  
1.07723  3.39735  1.68029  2.40297  
1.63928  2.25422  1.45746  2.75495  
1.91101  1.8659  1.75485  2.22646  
1.29589  3.21678  1.71465  2.18626  
1.91101  1.8659  1.56709  2.28977  
1.42342  2.9167  2.13877  1.37902  
0  0  1.22549  3.36532  
0  0  1.54606  2.46862  
1.70736  2.14602  1.73871  2.05839  
0  0  1.15408  3.13096  
1.45498  2.57128  1.78018  2.09987  
1.8318  2.15148  1.35997  2.61321  
0  0  1.38862  3.01061  
0  0  1.67747  2.11612  
0  0  1.48913  2.60543  
0  0  1.5019  2.6182  
0  0  1.77693  2.09661  
0  0  1.38442  2.63739  
0  0  1.62368  2.15887  
0  0  1.86336  1.81184  
0  0  1.65157  2.57172  
0  0  1.7742  2.33815  
0  0  1.87002  1.8185  
0  0  1.01865  3.46741  
0  0  1.58566  2.38427  
1.65546  2.57561  1.58909  2.50256  
0  0  1.81093  2.17338  
0  0  1.89016  2.1023  
0  0  1.25908  2.78881  
0  0  1.55277  2.44209  
0  0  1.60587  2.22978  
0  0  1.64362  1.92615  
0  0  1.33779  2.71259  
1.96557  1.63502  1.01242  3.83531  
1.65864  1.94117  1.9608  1.63025  
0  0  1.53149  2.86081  
0  0  1.98333  1.65278  
0  0  1.52485  2.44368  
0  0  1.68723  2.56273  
1.23944  3.06008  1.62844  2.69102  
0  0  1.19426  3.22453  
0  0  1.19923  3.1693  
0  0  1.51487  2.7653  
0  0  1.32895  2.91882  
0  0  1.46671  2.33953  
0  0  1.60001  2.44385  
0  0  1.63168  2.69426  
0  0  1.65631  2.66306  
0  0  1.58353  2.50856  
0  0  1.68829  2.33791  
0  0  2.16571  1.39978  
0  0  1.76861  2.05055  
0  0  1.70435  2.35397  
2.10744  1.34152  1.65806  2.27903  
0  0  1.16296  3.11501  
0  0  1.16024  3.31847  
0  0  1.67657  2.62254  
1.09125  3.02714  1.45415  2.78291  
0  0  1.81746  2.05376  
0  0  1.68097  2.60111  
0  0  1.44604  2.69901  
0  0  1.65164  2.05144  
0  0  1.39158  3.1072  
0  0  1.21004  3.34827  
0  0  1.57361  2.37222  
1.35831  3.12245  1.50222  2.41569  
0  0  1.35622  3.12037  
0  0  1.79932  2.62314  
1.68029  2.40297  1.79265  2.07125  
0  0  1.93616  1.89105  
0  0  1.14765  3.49167  
1.45451  2.80268  1.73197  2.20358  
0  0  1.73407  2.10735  
0  0  1.42364  2.77181  
0  0  1.42851  2.70234  
0  0  1.72829  2.19991  
0  0  1.46689  2.81506  
0  0  1.90302  1.47113  
1.62701  2.54716  1.19962  3.33785  
0  0  1.22771  3.33886  
1.40448  2.87773  1.6139  2.41251  
1.5973  2.47531  1.63504  2.43365  
1.20653  3.22322  1.88056  1.82904  
0  0  1.65124  2.57138  
0  0  1.83081  1.77929  
0  0  1.60188  2.51536  
0  0  1.13732  3.27555  
1.11426  3.26138  1.68029  2.40297  
1.62467  2.3659  1.72598  2.44867  
1.57281  2.37142  1.93182  1.88671  
1.70383  2.32226  1.44799  2.79616  
1.43877  2.69175  1.55418  2.42153  
1.47136  2.38045  1.22892  3.28175  
1.48296  2.39205  1.25691  3.1778  
1.4764  3.24015  1.43655  2.9098  
0  0  2.01101  1.66971  
1.60045  2.52059  1.26216  3.18305  
1.40768  2.478  1.9827  1.52898  
2.04026  1.80472  1.74838  1.93739  
1.75891  2.23052  1.03393  3.55692  
1.07723  3.39735  1.91675  1.87164  
1.63928  2.25422  1.39931  2.90651  
1.91101  1.8659  1.93313  1.88802  
1.29589  3.21678  1.75384  2.30351  
1.91101  1.8659  1.63014  2.41595  
1.42342  2.9167  1.27162  3.03582  
0  0  1.15026  3.29009  
0  0  1.47416  2.59046  
1.70736  2.14602  1.97263  1.97898  
0  0  1.30197  2.92395  
1.45498  2.57128  1.72156  2.04125  
1.8318  2.15148  1.74169  2.34743  
0  0  1.72063  2.32636  
0  0  1.3902  3.01218  
0  0  1.93501  2.06383  
0  0  1.97088  2.0997  
0  0  1.77957  2.3853  
0  0  1.86228  2.18214  
0  0  0.900518  3.74582  
0  0  1.56242  2.4715  
0  0  1.13484  3.27308  
0  0  1.7177  2.45114  
0  0  1.31314  3.07728  
0  0  1.64852  2.3182  
0  0  1.4245  2.67747  
1.65546  2.57561  1.69494  2.60842  
0  0  1.59302  2.39163  
0  0  1.44444  2.81923  
0  0  2.00128  1.67073  
0  0  1.54833  2.66734  
0  0  1.37436  2.85276  
0  0  1.20309  3.133  
0  0  1.24809  3.17799  
1.96557  1.63502  1.58231  2.48927  
1.65864  1.94117  1.50324  2.71895  
0  0  1.11254  3.3751  
0  0  1.23218  3.16208  
0  0  1.46085  3.00521  
0  0  1.54271  2.33077  
1.23944  3.06008  2.0419  1.46502  
0  0  1.51376  2.43259  
0  0  1.57271  2.63529  
0  0  2.12092  1.54404  
0  0  1.59183  2.51067  
0  0  1.48969  2.68663  
0  0  1.23269  3.05333  
0  0  1.53705  2.45589  
0  0  2.10643  1.3405  
0  0  1.15613  3.41797  
0  0  1.51481  2.59404  
0  0  1.71016  2.33113  
0  0  1.84981  1.95924  
0  0  1.06778  3.22602  
2.10744  1.34152  1.43028  2.92073  
0  0  1.6128  2.33193  
0  0  1.66732  2.16232  
0  0  1.66111  2.15611  
1.09125  3.02714  1.45531  2.3644  
0  0  1.44337  2.69634  
0  0  1.66426  2.46287  
0  0  1.35281  3.11695  
0  0  1.51424  2.42772  
0  0  1.91506  1.87384  
0  0  1.63454  2.43315  
0  0  1.66262  2.57609  
1.35831  3.12245  0.864045  3.70935  
0  0  1.8175  1.87301  
0  0  1.22192  3.22855  
1.68029  2.40297  1.18357  3.3234  
0  0  1.11629  3.55296  
0  0  1.68837  2.15998  
1.45451  2.80268  1.5059  3.26964  
0  0  1.28502  3.20591  
0  0  1.94477  1.89966  
0  0  1.27155  3.19244  
0  0  1.0811  3.22093  
0  0  1.25691  3.1778  
0  0  1.74514  2.06494  
1.62701  2.54716  1.53001  2.4391  
0  0  1.61227  2.53242  
1.40448  2.87773  1.51634  2.42543  
1.5973  2.47531  1.26845  2.89742  
1.20653  3.22322  1.29264  3.14765  
0  0  0.93924  3.46407  
0  0  1.69195  2.31725  
0  0  1.3223  3.08645  
0  0  1.5386  2.15402  
1.11426  3.26138  1.34455  2.8178  
1.62467  2.3659  1.49505  2.84322  
1.57281  2.37142  1.49055  3.25429  
1.70383  2.32226  1.44603  2.7942  
1.43877  2.69175  1.46071  2.80888  
1.47136  2.38045  1.44777  2.79594  
1.48296  2.39205  1.68626  2.40894  
1.4764  3.24015  1.35125  2.8245  
0  0  1.15684  3.29667  
1.60045  2.52059  1.72062  2.1699  
1.40768  2.478  1.504  3.26774  
2.04026  1.80472  1.86812  2.0273  
1.75891  2.23052  1.9797  1.81869  
1.07723  3.39735  1.79369  2.12589  
1.63928  2.25422  1.59297  2.31565  
1.91101  1.8659  1.98281  1.9377  
1.29589  3.21678  0.988932  3.60909  
1.91101  1.8659  2.05892  1.53872  
1.42342  2.9167  1.76173  2.23334  
0  0  1.99047  1.64917  
0  0  1.6295  2.06815  
1.70736  2.14602  1.42644  2.32065  
0  0  1.12424  3.66398  
1.45498  2.57128  1.60475  2.31374  
1.8318  2.15148  1.03832  3.48955  
0  0  1.16358  3.47323  
0  0  1.05444  3.50566  
0  0  1.70768  2.14634  
0  0  1.18861  3.29924  
0  0  1.09201  3.40166  
0  0  1.34405  2.90848  
0  0  1.53097  2.38979  
0  0  1.83929  2.20173  
0  0  1.43772  2.34681  
0  0  1.1642  3.30243  
0  0  1.2708  3.18638  
0  0  1.38905  2.97076  
0  0  1.51434  2.42342  
1.65546  2.57561  1.68159  2.36479  
0  0  0.857005  3.70231  
0  0  1.65864  1.94117  
0  0  1.96557  1.63502  
0  0  1.5953  2.50226  
0  0  1.88616  2.0983  
0  0  1.35591  2.9963  
0  0  1.18888  3.43162  
1.96557  1.63502  1.11852  3.41976  
1.65864  1.94117  1.70397  1.9865  
0  0  1.70111  1.98364  
0  0  1.20811  3.37815  
0  0  1.23277  3.05341  
0  0  1.11187  3.56309  
1.23944  3.06008  2.13352  1.55664  
0  0  1.91109  2.02273  
0  0  1.61052  2.63536  
0  0  1.27589  3.09652  
0  0  1.51654  2.87363  
0  0  1.28142  3.10205  
0  0  1.45584  2.81293  
0  0  1.986  1.46839  
0  0  1.5942  2.0892  
0  0  1.42992  2.92037  
0  0  1.47779  2.76968  
0  0  2.18634  1.18373  
0  0  1.83179  2.11373  
0  0  1.41651  2.92318  
2.10744  1.34152  1.53377  2.45879  
0  0  1.73274  2.13497  
0  0  1.64865  2.14365  
0  0  1.50439  3.01106  
1.09125  3.02714  1.63414  2.55429  
0  0  1.39493  2.64922  
0  0  0.840151  3.68545  
0  0  1.68544  2.407  
0  0  1.42678  2.67975  
0  0  1.2882  3.05234  
0  0  1.21982  3.26433  
0  0  1.51648  2.42556  
1.35831  3.12245  1.75219  2.11463  
0  0  1.65542  2.57557  
0  0  1.43934  3.20308  
1.68029  2.40297  2.03763  1.69633  
0  0  0.721398  3.83219  
0  0  2.02619  1.6849  
1.45451  2.80268  1.98773  1.64643  
0  0  1.46743  2.82645  
0  0  1.0096  3.5326  
0  0  1.14697  3.2868  
0  0  1.48915  3.12974  
0  0  1.55733  2.61917  
0  0  0.874017  3.71932  
1.62701  2.54716  1.18314  3.32137  
0  0  1.17177  2.93363  
1.40448  2.87773  1.77332  2.13576  
1.5973  2.47531  1.45603  2.36511  
1.20653  3.22322  1.67658  1.74903  
0  0  1.75148  2.11392  
0  0  1.40244  2.65541  
0  0  1.62701  2.54716  
0  0  1.63317  2.43178  
