1.57158  1.89409  6.06313  0.848562  3.34824  5.37839  
1.25009  2.94069  5.58263  1.41837  3.35504  4.89324  
0.590409  0.8486  6.51285  1.56688  1.95279  5.80145  
0.989359  3.15068  5.5588  0.802026  0.921364  6.73628  
1.44001  1.99255  5.84565  1.02648  2.28442  6.07564  
1.3105  2.18119  5.92573  0.816693  3.41695  4.94831  
2.35507  3.02398  2.85941  1.50344  3.3343  4.72714  
1.31397  2.55694  6.09122  0.803441  1.00718  6.78921  
0.932762  1.72331  6.66623  1.03243  1.23559  6.84045  
1.0498  2.00456  6.62424  1.77782  2.53558  5.73163  
1.33641  1.71804  6.05442  1.28115  4.15344  3.75782  
0.757776  0.712936  6.6485  2.62244  1.10124  2.98502  
1.55972  3.32811  3.93408  1.83042  1.00157  5.76827  
1.90501  3.02654  4.09869  1.63521  2.68753  5.55327  
0.976345  1.15035  6.86206  1.68428  1.8116  5.42435  
2.46103  2.16101  3.15426  1.30134  3.8269  3.94915  
1.58164  2.54915  5.66014  0.946149  4.13428  3.27229  
0.77228  0.699874  6.40533  1.83279  2.14538  5.13624  
1.73955  2.50251  5.36805  0.859317  0.784534  6.59547  
0.680779  2.48016  5.67146  1.59611  1.38719  6.33945  
0.766079  4.06031  3.74077  1.29748  3.92588  3.74774  
1.60992  2.69149  5.39043  0.812636  2.24769  6.34772  
2.2509  1.85647  2.59472  0.657074  2.83053  5.56544  
1.36208  1.65785  6.38401  0.898229  1.06506  6.82257  
0.84478  1.35773  6.77012  0.739359  1.47602  6.60635  
1.12568  2.67634  5.91323  1.53112  0.995818  6.10418  
2.02852  2.03635  4.49271  1.51944  1.47052  6.54099  
2.17252  1.0298  4.84397  1.71134  2.51955  4.39249  
0.846202  0.937632  6.69013  0.873055  0.85226  6.7674  
2.25386  2.37356  2.77805  2.68339  1.76703  3.69822  
1.83745  2.55493  5.21455  2.33694  1.69132  4.81318  
2.19347  2.11202  4.03262  0.858587  0.961514  6.77902  
2.24609  2.79541  1.30638  2.13983  1.94628  4.72907  
0.879747  3.38768  4.90646  1.42925  1.79524  6.33199  
2.21843  3.19685  2.91526  1.86618  2.47277  3.7389  
1.86433  2.28714  5.02383  2.36861  1.37252  4.72055  
1.22272  3.58076  4.97057  2.15165  2.60358  3.9293  
2.11538  2.38225  4.81079  1.54743  1.62849  6.29472  
0.733795  1.88685  6.42966  2.18582  2.72375  3.33982  
2.13152  2.96303  3.18474  0.923335  0.985105  6.82011  
1.33804  4.34851  3.0976  1.40137  2.52637  5.40188  
2.26872  2.10829  3.73608  1.73841  3.78289  2.94283  
0.907938  0.88716  6.61659  1.21584  2.0989  6.08899  
1.6876  1.75817  6.31127  1.04571  1.31203  6.69847  
0.913789  4.79128  1.24996  1.14848  2.29597  4.93072  
1.00533  1.59658  6.65552  1.72925  2.86042  4.72748  
2.28785  2.58326  3.65409  1.6781  2.31315  5.85268  
0.801334  3.28885  5.19845  1.73608  2.52766  4.8628  
1.88635  2.97168  3.90257  1.762  1.98927  5.3151  
1.58436  2.33123  5.1817  0.90066  1.32959  6.75012  
2.45696  1.98291  0.934299  2.02898  1.70524  5.52615  
1.04065  1.36997  6.66471  1.73328  1.08578  6.0705  
1.99908  2.87439  4.26482  1.46446  3.89483  3.03104  
1.01726  1.07462  6.89965  1.93972  3.17911  4.38667  
0.539874  0.812321  6.51779  2.19534  2.91078  3.16194  
2.1525  2.33901  4.10791  1.80777  3.23475  4.22422  
1.31401  1.83466  6.38373  1.60054  3.91232  3.9174  
1.34541  3.23486  5.31237  0.756325  0.999478  6.73799  
1.98529  2.05364  3.37344  1.62878  2.77441  3.78956  
1.63183  1.97171  5.55712  1.36155  2.8465  5.66591  
1.70098  3.1324  4.88078  1.29229  1.54598  6.47582  
2.23492  2.92801  1.55873  2.05591  2.73271  4.07392  
1.98564  2.23155  4.37958  2.37418  0.940392  4.26919  
1.36199  3.75882  2.62604  0.876678  1.39495  6.80908  
1.45264  1.94043  5.62576  1.79844  1.48545  5.73155  
2.0792  2.12623  4.42319  1.68229  2.58327  4.72786  
2.33454  3.2836  2.96832  0.994047  2.0196  6.29845  
0.84593  0.760089  6.73344  2.20669  1.92098  4.56729  
1.10679  0.982141  6.76603  2.39978  1.66952  4.03634  
0.647765  3.8395  3.97959  1.99842  1.31678  5.70774  
0.664094  0.866371  6.64923  2.0769  1.55126  4.92466  
2.45236  2.90705  1.73939  1.84781  1.95706  5.17835  
0.772091  0.964705  6.7492  2.30815  0.966764  4.8969  
2.56237  1.47025  3.35578  1.01781  4.46203  3.14418  
2.65489  2.26969  2.05251  0.615223  2.71337  5.61062  
0.867506  2.53905  5.81832  0.985485  0.921779  6.74102  
1.6005  3.12065  5.03236  1.59636  2.76404  5.58068  
1.23063  2.4492  6.23053  2.23152  2.30937  4.48608  
2.29028  2.71868  3.10143  0.892811  3.4147  5.28061  
0.917352  4.11782  4.22998  1.15588  4.54884  3.1115  
0.953459  2.97234  5.90675  1.77475  1.65281  4.77371  
0.769526  1.33547  6.67959  1.84122  1.87554  4.64805  
0.810329  1.13778  6.76436  1.20552  3.65037  4.89394  
0.923244  4.65614  1.34128  0.895169  0.978596  6.81359  
1.44001  1.93996  6.39146  0.894174  2.8386  5.10755  
1.37374  3.76486  4.24904  1.63041  1.84158  5.83345  
0.973862  1.41986  6.58011  0.845063  0.904123  6.75754  
0.63744  1.39196  6.50318  2.46443  2.45848  3.4514  
1.64708  3.08196  5.08483  0.71971  0.972176  6.65427  
1.87966  3.43015  3.69649  1.75302  2.66694  3.81985  
2.12992  2.65382  4.8726  1.7624  3.71731  2.99591  
1.33757  2.01125  5.43311  0.906214  1.32064  6.65615  
2.62301  2.20626  1.8377  0.928083  1.40369  6.86385  
0.806531  4.15202  3.77674  1.67755  2.63694  5.24976  
1.02119  1.94655  6.60487  0.672228  3.48795  4.72723  
1.36077  3.26842  4.57675  1.42194  2.44932  5.38925  
0.81032  1.11456  6.55097  0.834632  3.31997  5.33894  
1.87242  0.908937  5.34192  1.12584  4.00143  3.25129  
1.55844  2.77708  5.66358  1.12774  0.874476  6.56438  
1.42806  0.95783  5.73627  1.42469  2.19592  5.64359  
1.33804  4.34851  3.0976  
0.913789  4.79128  1.24996  
0.801334  3.28885  5.19845  
1.33641  1.71804  6.05442  
0.757776  0.712936  6.6485  
1.55972  3.32811  3.93408  
0.77228  0.699874  6.40533  
0.680779  2.48016  5.67146  
0.923244  4.65614  1.34128  
0.63744  1.39196  6.50318  
1.87966  3.43015  3.69649  
0.590409  0.8486  6.51285  
1.3105  2.18119  5.92573  
1.02648  2.28442  6.07564  
0.816693  3.41695  4.94831  
2.62244  1.10124  2.98502  
1.68428  1.8116  5.42435  
1.30134  3.8269  3.94915  
0.946149  4.13428  3.27229  
1.29748  3.92588  3.74774  
0.812636  2.24769  6.34772  
0.657074  2.83053  5.56544  
1.71134  2.51955  4.39249  
1.86618  2.47277  3.7389  
2.36861  1.37252  4.72055  
2.18582  2.72375  3.33982  
1.21584  2.0989  6.08899  
1.14848  2.29597  4.93072  
1.762  1.98927  5.3151  
2.45696  1.98291  0.934299  
0.539874  0.812321  6.51779  
1.31401  1.83466  6.38373  
1.98529  2.05364  3.37344  
1.63183  1.97171  5.55712  
2.19534  2.91078  3.16194  
1.62878  2.77441  3.78956  
2.37418  0.940392  4.26919  
1.79844  1.48545  5.73155  
1.68229  2.58327  4.72786  
0.994047  2.0196  6.29845  
2.20669  1.92098  4.56729  
2.39978  1.66952  4.03634  
2.56237  1.47025  3.35578  
2.24609  2.79541  1.30638  
0.879747  3.38768  4.90646  
2.21843  3.19685  2.91526  
0.733795  1.88685  6.42966  
2.13152  2.96303  3.18474  
2.0769  1.55126  4.92466  
2.30815  0.966764  4.8969  
1.01781  4.46203  3.14418  
0.615223  2.71337  5.61062  
1.15588  4.54884  3.1115  
2.23492  2.92801  1.55873  
1.36199  3.75882  2.62604  
1.45264  1.94043  5.62576  
0.647765  3.8395  3.97959  
1.77475  1.65281  4.77371  
1.84122  1.87554  4.64805  
0.894174  2.8386  5.10755  
1.75302  2.66694  3.81985  
1.7624  3.71731  2.99591  
0.672228  3.48795  4.72723  
1.12584  4.00143  3.25129  
0.766079  4.06031  3.74077  
2.2509  1.85647  2.59472  
1.36208  1.65785  6.38401  
2.02852  2.03635  4.49271  
2.17252  1.0298  4.84397  
1.33757  2.01125  5.43311  
1.36077  3.26842  4.57675  
1.87242  0.908937  5.34192  
1.42806  0.95783  5.73627  
1.42925  1.79524  6.33199  
1.86618  2.47277  3.7389  
2.36861  1.37252  4.72055  
2.15165  2.60358  3.9293  
1.54743  1.62849  6.29472  
2.18582  2.72375  3.33982  
0.923335  0.985105  6.82011  
1.40137  2.52637  5.40188  
1.73841  3.78289  2.94283  
1.21584  2.0989  6.08899  
1.04571  1.31203  6.69847  
1.14848  2.29597  4.93072  
1.72925  2.86042  4.72748  
1.6781  2.31315  5.85268  
1.73608  2.52766  4.8628  
1.762  1.98927  5.3151  
0.90066  1.32959  6.75012  
2.45696  1.98291  0.934299  
1.04065  1.36997  6.66471  
1.99908  2.87439  4.26482  
1.01726  1.07462  6.89965  
0.539874  0.812321  6.51779  
2.1525  2.33901  4.10791  
1.31401  1.83466  6.38373  
1.34541  3.23486  5.31237  
1.98529  2.05364  3.37344  
1.63183  1.97171  5.55712  
1.7041  1.78585  4.29933  1.7041  1.78585  4.29933  
1.98661  2.07055  0.731422  1.98661  2.07055  0.731422  
1.79617  0.418334  3.83129  1.78503  0.309194  3.89738  
1.92225  2.51076  0.599692  1.92225  2.51076  0.599692  
1.56136  1.08883  4.51577  1.56136  1.08883  4.51577  
0.202233  0.103191  6.08938  0.202233  0.103191  6.08938  
2.14565  0.29693  0.980512  2.14565  0.29693  0.980512  
1.36084  3.16475  0.613303  1.36084  3.16475  0.613303  
0.418234  4.15172  0.392973  0.418234  4.15172  0.392973  
0.136756  0.33783  6.12083  0.136756  0.33783  6.12083  
0.300341  4.18279  0.362164  0.300341  4.18279  0.362164  
2.213  0.457197  2.09831  2.213  0.457197  2.09831  
1.13877  3.79344  4.73959  1.13877  3.79344  4.73959  
2.13631  1.40702  0.522266  2.13631  1.40702  0.522266  
0.120938  0.324824  6.10719  0.120938  0.324824  6.10719  
2.33521  0.684264  0.746518  2.33521  0.684264  0.746518  
1.19937  3.85499  2.70882  1.05251  3.98134  2.44203  
0.242009  0.143684  6.12916  0.242009  0.143684  6.12916  
1.9956  0.432743  3.64277  1.9956  0.432743  3.64277  
0.987815  2.62917  5.01217  0.987815  2.62917  5.01217  
1.36827  0.215291  4.56107  1.36827  0.215291  4.56107  
1.92794  0.221861  2.7123  1.92794  0.221861  2.7123  
1.65621  2.52816  0.255551  1.65621  2.52816  0.255551  
0.0820562  0.249495  6.04187  0.0820562  0.249495  6.04187  
2.17084  0.303621  0.353687  2.01536  1.21936  1.73964  
2.08853  0.681602  0.271509  2.08853  0.681602  0.271509  
0.229989  0.133652  6.11718  0.229989  0.133652  6.11718  
0.585867  4.0007  0.513722  0.585867  4.0007  0.513722  
0.252699  4.09553  1.07933  0.252699  4.09553  1.07933  
0.227128  3.31043  3.54603  0.227128  3.31043  3.54603  
0.165356  0.0564832  6.03676  0.165356  0.0564832  6.03676  
1.10754  2.79336  3.62425  1.10754  2.79336  3.62425  
1.33651  4.26407  0.813307  1.33651  4.26407  0.813307  
1.78029  0.358676  4.21908  1.78029  0.358676  4.21908  
0.240444  4.12601  0.345872  0.240444  4.12601  0.345872  
0.590018  4.43261  0.622121  0.590018  4.43261  0.622121  
1.38758  0.488583  4.88073  1.38758  0.488583  4.88073  
1.42266  3.05595  0.254112  1.42266  3.05595  0.254112  
2.32053  0.469238  0.525919  2.32282  0.493488  0.513139  
0.135722  1.76194  5.47773  0.135722  1.76194  5.47773  
0.295525  2.94844  4.61154  0.295525  2.94844  4.61154  
2.06799  0.175276  0.234826  2.06799  0.175276  0.234826  
1.74789  2.1955  0.220098  1.74789  2.1955  0.220098  
0.121867  0.0171109  6.00151  0.121867  0.0171109  6.00151  
1.19513  3.26198  0.180499  1.19513  3.26198  0.180499  
0.109458  0.107931  6.00731  0.109458  0.107931  6.00731  
0.213531  4.09906  0.265189  0.213531  4.09906  0.265189  
1.17284  0.228582  4.97863  1.17284  0.228582  4.97863  
0.0236391  0.548383  5.95429  0.0236391  0.548383  5.95429  
1.68048  0.177168  3.40543  1.97099  0.306098  2.37766  
1.15601  0.235574  5.18114  1.15601  0.235574  5.18114  
0.275676  2.62909  4.71803  0.275676  2.62909  4.71803  
0.200106  4.08862  0.252628  0.200106  4.08862  0.252628  
2.02848  0.13602  0.187129  2.02848  0.13602  0.187129  
0.137628  0.0252215  6.00811  0.137628  0.0252215  6.00811  
1.67981  0.182457  3.76228  1.36059  1.09544  4.50217  
1.33015  3.2422  0.253322  1.33015  3.2422  0.253322  
1.78827  1.99232  0.081769  1.78827  1.99232  0.081769  
0.0441021  0.211412  6.00291  0.0441021  0.211412  6.00291  
0.209647  3.54721  3.10801  0.209647  3.54721  3.10801  
1.7955  2.26067  0.267877  1.7955  2.26067  0.267877  
2.03785  0.206641  0.279984  2.03785  0.206641  0.279984  
0.125025  0.0174048  6.00077  0.125025  0.0174048  6.00077  
0.206905  4.09539  0.26084  0.206905  4.09539  0.26084  
0.461878  3.92795  0.225064  0.461878  3.92795  0.225064  
0.266188  2.34779  5.10876  0.266188  2.34779  5.10876  
1.46749  0.229182  4.68588  2.16837  0.32937  0.378951  
0.267061  3.23665  3.8083  0.267061  3.23665  3.8083  
1.37398  2.96566  0.183571  1.37398  2.96566  0.183571  
0.0288535  0.232231  6.01495  0.0288535  0.232231  6.01495  
1.21157  3.7763  2.23367  1.21157  3.7763  2.23367  
0.0368269  0.241498  6.02241  0.0368269  0.241498  6.02241  
2.11242  0.295511  0.348733  2.11242  0.295511  0.348733  
2.08114  0.2204  1.04422  2.08114  0.2204  1.04422  
1.36437  3.10827  0.2273  1.36437  3.10827  0.2273  
0.2367  4.04985  0.254792  0.2367  4.04985  0.254792  
0.24492  3.03317  4.30766  0.153759  1.01256  5.97674  
1.98376  1.44866  0.265114  1.98376  1.44866  0.265114  
1.49153  0.36044  4.51651  1.49153  0.36044  4.51651  
0.131357  0.03214  6.01699  0.131357  0.03214  6.01699  
2.11589  0.246173  0.308467  2.11589  0.246173  0.308467  
0.11911  0.020858  6.00626  0.11911  0.020858  6.00626  
1.70616  0.344291  3.42598  1.70616  0.344291  3.42598  
1.23077  0.232611  5.03509  1.23077  0.232611  5.03509  
0.217953  4.07351  0.289076  0.217953  4.07351  0.289076  
0.332733  3.16597  4.36598  0.332733  3.16597  4.36598  
1.78707  2.19268  0.251134  1.78707  2.19268  0.251134  
0.681557  4.55249  0.797654  1.44598  1.26802  5.80044  
1.03463  3.67642  0.282056  1.03463  3.67642  0.282056  
0.0743289  1.01571  5.82412  0.0743289  1.01571  5.82412  
1.58579  0.242581  4.07003  1.58579  0.242581  4.07003  
1.72179  2.29571  0.226614  1.80861  2.10449  1.2095  
0.896505  0.0876021  5.45702  0.896505  0.0876021  5.45702  
0.999438  3.72096  0.308429  0.999438  3.72096  0.308429  
0.211434  4.0919  0.268825  0.211434  4.0919  0.268825  
0.102548  0.306117  6.08884  0.102548  0.306117  6.08884  
0.27846  1.85865  5.57638  0.27846  1.85865  5.57638  
0.250293  3.11361  3.97327  0.250293  3.11361  3.97327  
2.08299  0.19208  0.249286  2.08299  0.19208  0.249286  
1.83032  4.09305  1.6371  1.83032  4.09305  1.6371  
1.18333  1.41772  4.42332  
1.21292  1.84231  4.00147  
1.36142  1.82478  3.55011  
1.63318  1.02373  3.22742  
1.34718  0.89419  4.31459  
1.18026  2.31219  3.56328  
1.63885  2.02672  1.8076  
0.107056  3.4941  2.94456  
2.00944  0.118195  0.360197  
1.81123  1.45352  1.61246  
0.935341  0.917585  5.18093  
0.752518  1.95922  4.77567  
0.934842  3.02221  2.83014  
0.744669  1.73029  5.03242  
1.13529  3.33259  0.308213  
1.61019  0.0970647  3.61609  
0.0651841  1.97709  5.23071  
1.08059  0.21736  5.0764  
1.24591  2.9295  1.92339  
0.953756  2.83685  3.30712  
0.747839  2.69112  3.98107  
0.142875  3.85799  1.59465  
0.994758  2.45219  3.77944  
0.102655  3.30389  3.40064  
1.03833  3.4602  0.20245  
0.991725  1.45547  4.86619  
1.71451  0.10685  3.15461  
1.89193  1.10326  1.24366  
1.82067  0.111172  2.56421  
1.50233  2.18931  2.41158  
0.100602  3.15997  3.70424  
1.63487  2.38069  0.208746  
1.83804  1.6806  0.336969  
0.21454  3.66094  2.37947  
1.33924  2.4254  2.75573  
1.53173  1.67308  3.09051  
1.50285  1.27848  3.62875  
1.51749  0.0944546  3.95728  
1.35562  1.31712  4.03217  
0.25518  2.91899  4.10583  
0.728192  2.9005  3.62006  
1.7693  1.91338  0.446188  
1.18875  2.54257  3.13278  
0.857455  3.41812  1.96774  
1.56103  2.53639  0.389772  
1.70409  1.66859  2.14367  
1.48807  2.71106  0.322639  
1.27275  0.0796493  4.66532  
0.94032  3.55491  0.179255  
1.42479  2.84311  0.192138  
1.91482  1.22398  0.386979  
1.97648  0.118565  1.10973  
0.985388  1.97012  4.42101  
1.38201  2.92904  0.185845  
0.236331  2.71752  4.40814  
0.974515  2.17708  4.19931  
1.86642  0.114013  2.24472  
1.13061  0.902737  4.80734  
1.26439  3.12867  0.235366  
0.742024  2.47874  4.23965  
1.79229  1.95213  0.0837082  
1.42214  0.216717  4.28365  
2.01151  0.221339  0.186123  
0.52199  2.29393  4.69843  
0.825614  3.66113  0.333712  
0.716764  3.18962  2.98394  
1.75753  1.25625  2.38744  
1.89032  1.55033  0.199914  
0.0754108  2.46682  4.73908  
0.664986  0.0581801  5.68034  
1.15243  3.19225  1.4066  
0.684585  3.75033  0.699599  
0.627784  3.43478  2.50507  
0.0342854  0.94087  5.8437  
0.465135  3.92647  0.202169  
1.90082  0.120903  1.96691  
0.710769  1.22406  5.34596  
1.26087  2.74559  2.37581  
0.0186924  0.24092  6.00082  
1.70786  2.17204  0.303329  
1.63634  1.54117  2.68381  
1.0396  3.15688  2.16904  
0.613666  3.68041  1.57465  
1.96102  0.990081  0.323731  
1.75906  0.114297  2.92003  
0.13968  4.01616  0.20193  
1.93892  1.09923  0.254466  
0.146298  3.95523  0.901245  
0.0241679  0.568133  5.95017  
0.1067  0.101517  6.00287  
0.87334  0.0618643  5.42312  
0.637924  3.82569  0.197199  
1.95056  0.118599  1.48958  
0.253101  0.0245908  5.96654  
2.02848  0.13602  0.187129  
1.34082  2.24597  3.18732  
1.78827  1.99232  0.081769  
1.99786  0.138166  0.659202  
0.249905  1.46495  5.55492  
0.125025  0.0174048  6.00077  
0.398838  4.10569  0.47138  1.22065  0.216401  5.1617  
1.04922  3.54709  0.229639  0.549907  3.94349  0.606151  
2.04448  0.153742  0.20505  2.04447  0.154235  0.203819  
0.115553  0.0164158  6.00269  0.115553  0.0164158  6.00269  
0.9577  1.70958  5.65681  0.477025  1.53423  5.55288  
1.77321  1.90378  0.168921  1.77321  1.90378  0.168921  
1.61466  0.212871  4.03032  1.59911  0.203727  4.05785  
0.206013  3.33633  3.68  1.66545  1.37606  3.37785  
0.0443166  0.539464  5.98218  0.0180674  0.497724  5.95937  
0.526352  2.33403  4.71444  0.313268  2.99539  4.11811  
0.114474  0.310644  6.09353  0.398838  4.10569  0.47138  
1.16798  3.38334  0.233746  1.04922  3.54709  0.229639  
2.04447  0.154223  0.203859  2.04448  0.153742  0.20505  
0.115553  0.0164158  6.00269  0.115553  0.0164158  6.00269  
0.868045  2.59715  4.21922  0.9577  1.70958  5.65681  
1.77321  1.90378  0.168921  1.77321  1.90378  0.168921  
1.69669  0.521491  4.45283  1.61466  0.212871  4.03032  
0.822236  3.95435  0.469715  0.206236  3.27445  3.80722  
0.0194026  0.513924  5.95741  0.0443166  0.539464  5.98218  
0.177184  4.00746  0.667153  0.526352  2.33403  4.71444  
1.22065  0.216401  5.1617  0.114474  0.310644  6.09353  
0.549907  3.94349  0.606151  1.16798  3.38334  0.233746  
2.04447  0.154235  0.203819  2.04447  0.154223  0.203859  
0.115553  0.0164158  6.00269  0.115553  0.0164158  6.00269  
0.477025  1.53423  5.55288  0.868045  2.59715  4.21922  
1.77321  1.90378  0.168921  1.77321  1.90378  0.168921  
1.59911  0.203727  4.05785  1.69669  0.521491  4.45283  
1.66545  1.37606  3.37785  0.822236  3.95435  0.469715  
0.0180674  0.497724  5.95937  0.0421558  0.523876  5.983  
0.313268  2.99539  4.11811  0.177184  4.00746  0.667153  
0.246349  0.150902  6.13355  0.246349  0.150902  6.13355  
2.04249  0.149852  0.201126  2.04249  0.149852  0.201126  
1.79767  0.172279  2.85117  1.79767  0.172279  2.85117  
0.114485  0.0153324  6.00161  0.114485  0.0153324  6.00161  
1.15373  3.31681  0.178427  1.27863  3.26189  0.512867  
0.228568  3.50998  2.82851  0.228568  3.50998  2.82851  
0.20454  4.08885  0.254253  0.20454  4.08885  0.254253  
1.39661  0.202528  4.44682  1.39661  0.202528  4.44682  
0.0189672  0.401427  5.9796  0.0189672  0.401427  5.9796  
0.258737  2.42486  4.78478  0.258737  2.42486  4.78478  
0.263763  2.44519  4.92604  0.263763  2.44519  4.92604  
0.115803  0.0166277  6.00292  0.115803  0.0166277  6.00292  
2.04669  0.16167  0.214319  2.04669  0.16167  0.214319  
1.75519  0.212387  3.54957  1.75519  0.212387  3.54957  
0.152237  4.04072  0.206405  0.152237  4.04072  0.206405  
1.35343  0.228191  4.76773  1.35343  0.228191  4.76773  
0.108566  0.112008  6.00742  0.108566  0.112008  6.00742  
0.252525  3.39868  3.44949  0.252525  3.39868  3.44949  
1.30677  3.06702  0.172324  1.30677  3.06702  0.172324  
0.0136111  0.217189  5.99991  0.0245903  0.228168  6.01089  
1.15028  0.237227  5.1893  1.15028  0.237227  5.1893  
0.268579  2.6281  4.7119  0.268579  2.6281  4.7119  
0.200077  4.08859  0.252671  0.200077  4.08859  0.252671  
2.02252  0.129947  0.181066  2.42029  0.643762  0.727425  
0.12141  0.0222238  6.0085  0.12141  0.0222238  6.0085  
1.67679  0.198092  3.76879  1.67679  0.198092  3.76879  
1.33016  3.24219  0.253272  1.33016  3.24219  0.253272  
1.78995  1.99356  0.0657215  1.78995  1.99356  0.0657215  
0.0141724  0.217751  6.00047  0.0141724  0.217751  6.00047  
0.243481  3.54699  3.09496  0.243481  3.54699  3.09496  
0.255845  2.87717  4.3888  0.255845  2.87717  4.3888  
0.224309  0.319764  6.05131  0.224309  0.319764  6.05131  
2.03623  0.144768  0.19858  2.03623  0.144768  0.19858  
0.115552  0.0164158  6.00269  0.115552  0.0164158  6.00269  
1.26337  3.2768  0.226947  1.26337  3.2768  0.226947  
1.77308  1.90426  0.168999  1.77308  1.90426  0.168999  
1.43082  0.220162  4.58283  1.43082  0.220162  4.58283  
0.204446  4.09018  0.256147  0.204446  4.09018  0.256147  
0.0180538  0.497737  5.95935  0.0180538  0.497737  5.95935  
0.873567  3.62326  0.583956  0.305022  3.96251  0.640377  
0.255845  2.87717  4.3888  0.255845  2.87717  4.3888  
1.55791  2.61817  0.359616  1.55791  2.61817  0.359616  
2.03623  0.144768  0.19858  2.03623  0.144768  0.19858  
0.115552  0.0164158  6.00269  0.0357005  0.231832  6.01561  
1.26337  3.2768  0.226947  1.26337  3.2768  0.226947  
1.77308  1.90426  0.168999  1.77308  1.90426  0.168999  
1.43082  0.220162  4.58283  1.43082  0.220162  4.58283  
0.204446  4.09018  0.256147  0.204446  4.09018  0.256147  
0.0180538  0.497737  5.95935  0.0180538  0.497737  5.95935  
0.873567  3.62326  0.583956  0.873567  3.62326  0.583956  
0.523281  3.07845  3.91313  0.523281  3.07845  3.91313  
2.04796  0.154402  0.206441  2.04796  0.154402  0.206441  
1.7884  0.165398  2.94987  1.7884  0.165398  2.94987  
0.11565  0.0165351  6.00278  0.11565  0.0165351  6.00278  
1.14258  3.33269  0.178753  1.14258  3.33269  0.178753  
1.64101  2.33855  0.183646  1.64101  2.33855  0.183646  
0.185282  2.31738  5.14588  0.185282  2.31738  5.14588  
1.39113  0.20944  4.45998  1.39113  0.20944  4.45998  
0.0214813  0.500883  5.96284  0.102693  0.628991  6.03335  
0.133175  4.00823  0.176065  0.133175  4.00823  0.176065  
1.77515  2.4315  0.347436  1.83937  2.20684  0.451214  
2.04249  0.149852  0.201126  2.04249  0.149852  0.201126  
1.79767  0.172279  2.85117  1.79767  0.172279  2.85117  
0.114455  0.0153079  6.00158  0.114455  0.0153079  6.00158  
1.15373  3.31681  0.178427  1.15373  3.31681  0.178427  
0.228253  3.50899  2.83053  0.228253  3.50899  2.83053  
0.204561  4.08901  0.256765  0.204561  4.08901  0.256765  
1.40056  0.204578  4.43622  1.40056  0.204578  4.43622  
0.0189672  0.401427  5.9796  0.0189672  0.401427  5.9796  
0.258737  2.42486  4.78478  0.258737  2.42486  4.78478  
0.934842  3.02221  2.83014  
0.857455  3.41812  1.96774  
0.94032  3.55491  0.179255  
1.42479  2.84311  0.192138  
1.13061  0.902737  4.80734  
1.26751  2.73235  2.36229  
1.37255  1.83354  3.47522  
0.636287  3.54609  2.1597  
0.86707  0.0569797  5.42787  
1.96159  0.124277  1.29283  
0.409013  0.0316112  5.88919  
0.235804  1.44593  5.56711  
0.983003  2.45932  3.76466  
0.669015  3.33565  2.73302  
0.732937  2.66954  3.94115  
0.934744  0.931884  5.16204  
1.37405  1.36867  3.94595  
1.61796  1.62363  2.6682  
0.626573  3.81554  0.201363  
0.566381  3.7402  1.40079  
1.47081  0.487592  4.0493  
1.93472  1.15376  0.181093  
1.17302  1.90259  3.98531  
1.0716  0.129911  5.09461  
0.100118  0.0951103  5.99727  
0.110093  0.0145309  5.99727  
0.0109427  0.218146  5.9968  
1.60867  2.40531  0.325087  
1.76076  1.23533  2.28318  
0.977023  1.46493  4.83151  
1.76494  0.102884  2.88132  
0.702236  2.89217  3.6629  
1.70402  2.13645  0.195491  
1.71244  1.89535  1.4303  
2.00974  0.11622  0.172274  
0.657523  0.104401  5.68564  
0.707753  1.20556  5.34971  
1.47013  2.52414  1.56802  
1.91462  0.116355  1.79117  
0.982738  3.37768  1.35829  
1.51038  1.70979  3.06022  
1.99483  0.114085  0.717996  
1.82271  0.164288  2.53057  
1.88281  1.41428  0.287791  
1.6196  1.23155  3.07694  
1.55208  2.55796  0.198472  
0.270516  0.0232397  5.95811  
0.223968  2.6872  4.43733  
0.495272  3.88172  0.491825  
1.21358  3.21001  0.183047  
0.816448  3.6672  0.391102  
1.37865  2.93527  0.181915  
0.748073  2.21316  4.54291  
0.946183  2.80499  3.30559  
0.114415  3.82782  1.77847  
1.24084  2.91121  1.91663  
1.17089  1.39532  4.43541  
1.37422  0.20828  4.38771  
1.26172  0.193483  4.68177  
0.728056  2.4448  4.2554  
0.745291  1.73435  4.97591  
1.49399  2.6899  0.310071  
1.51821  1.30406  3.47801  
0.971167  1.94187  4.44459  
1.88043  0.284143  2.09504  
1.83229  1.67192  0.171751  
0.0278079  0.865701  5.8644  
1.18488  2.3739  3.33537  
1.32804  2.21133  3.08399  
1.92167  1.03439  0.92106  
1.3017  3.05806  0.535908  
0.229331  3.2972  3.36415  
1.71875  0.100966  3.13277  
0.189309  2.96174  4.01899  
0.163175  2.46624  4.71817  
0.107407  3.90509  1.30331  
1.81745  1.35917  1.68403  
0.694463  3.19412  2.99521  
1.31557  2.39285  2.80369  
0.105376  3.69587  2.31693  
0.148986  2.2282  4.9847  
0.507075  1.72873  5.27156  
0.231044  3.54855  2.71719  
0.20588  3.14961  3.67311  
1.08384  3.3943  0.205596  
0.942942  2.19966  4.21307  
0.223628  3.43097  3.04298  
0.131958  1.9777  5.21624  
1.63229  0.158091  3.49914  
1.77181  1.89977  0.171185  
1.59555  1.9858  2.19216  
0.132183  4.00869  0.179325  
1.65545  2.19214  1.03856  
1.13875  2.67004  2.97727  
1.53738  0.0900518  3.88088  
1.9733  0.778435  0.239862  
0.019661  0.558528  5.9473  
1.48285  2.11416  2.61038  
1.05595  3.14592  2.12151  
1.78995  1.99356  0.0657215  
1.37774  0.410376  4.69319  1.37774  0.410376  4.69319  
1.29432  3.16418  0.0440584  1.29432  3.16418  0.0440584  
2.02855  0.138087  0.187033  2.02855  0.138087  0.187033  
0.115035  0.0158786  6.00218  0.115035  0.0158786  6.00218  
0.137671  4.02618  0.190165  0.137671  4.02618  0.190165  
1.74468  0.15658  3.01524  1.74468  0.15658  3.01524  
0.216011  2.4828  5.00206  0.216011  2.4828  5.00206  
0.235613  3.35364  3.63413  0.235613  3.35364  3.63413  
0.0100389  0.216541  5.99602  0.0100389  0.216541  5.99602  
1.65773  2.2289  0.882035  1.65773  2.2289  0.882035  
0.665124  3.72299  2.11862  0.665124  3.72299  2.11862  
1.29432  3.16418  0.0440775  1.29432  3.16418  0.0440775  
2.02855  0.138087  0.187033  2.02855  0.138087  0.187033  
0.115035  0.0158786  6.00218  0.115035  0.0158786  6.00218  
0.135976  4.02442  0.188339  0.135976  4.02442  0.188339  
0.194569  3.36692  3.26698  0.194569  3.36692  3.26698  
1.73611  2.43336  0.334923  1.73611  2.43336  0.334923  
1.63799  0.204028  3.93089  1.63799  0.204028  3.93089  
0.0100389  0.216541  5.99602  0.0734573  0.165525  5.99605  
0.775552  2.31057  4.37814  0.775552  2.31057  4.37814  
0.201386  2.89955  4.42007  0.201386  2.89955  4.42007  
1.29432  3.16418  0.0440775  1.29432  3.16418  0.0440775  
2.02855  0.138087  0.187033  2.02855  0.138087  0.187033  
0.115035  0.0158786  6.00218  0.115035  0.0158786  6.00218  
0.135976  4.02442  0.188339  0.152169  4.03996  0.23939  
0.194569  3.36692  3.26698  0.194569  3.36692  3.26698  
1.73611  2.43336  0.334923  1.73611  2.43336  0.334923  
1.63799  0.204028  3.93089  1.63799  0.204028  3.93089  
0.0100389  0.216541  5.99602  0.0100389  0.216541  5.99602  
0.775563  2.30892  4.38058  0.775563  2.30892  4.38058  
0.238667  3.25394  3.76736  0.238667  3.25394  3.76736  
1.29432  3.16418  0.0439569  1.29432  3.16418  0.0439569  
2.02855  0.138087  0.187033  2.02855  0.138087  0.187033  
0.115035  0.0158786  6.00218  0.115035  0.0158786  6.00218  
0.136411  4.02441  0.188374  0.136411  4.02441  0.188374  
1.73587  0.13573  3.06896  1.76016  0.217621  3.02498  
1.33279  0.189685  4.82259  1.33279  0.189685  4.82259  
0.220325  3.75781  2.49168  0.220325  3.75781  2.49168  
0.0100389  0.216541  5.99602  0.0100389  0.216541  5.99602  
0.260078  2.35771  4.82302  0.260078  2.35771  4.82302  
0.258428  3.03798  4.15054  0.258428  3.03798  4.15054  
1.29432  3.16418  0.0440686  1.29432  3.16418  0.0440686  
2.02855  0.138087  0.187033  2.02855  0.138087  0.187033  
0.115035  0.0158787  6.00218  0.115035  0.0158787  6.00218  
0.136555  4.02442  0.188398  0.136555  4.02442  0.188398  
1.49549  0.168601  4.06938  1.49549  0.168601  4.06938  
1.13469  0.234501  5.23733  0.98135  0.739932  5.40081  
1.85828  0.33192  2.92088  1.85828  0.33192  2.92088  
0.0100389  0.216541  5.99602  0.0100389  0.216541  5.99602  
1.67529  2.24798  0.312818  1.67529  2.24798  0.312818  
0.203664  2.55093  4.83662  0.203664  2.55093  4.83662  
1.29432  3.16418  0.0440491  1.29432  3.16418  0.0440491  
2.02855  0.138087  0.187033  2.02855  0.138087  0.187033  
0.115035  0.0158786  6.00218  0.115035  0.0158786  6.00218  
0.136507  4.02437  0.188348  0.136507  4.02437  0.188348  
1.76106  1.95313  0.285604  1.76106  1.95313  0.285604  
1.25395  0.220635  5.02077  1.25395  0.220635  5.02077  
1.70501  0.199837  3.67454  1.70501  0.199837  3.67454  
0.0100389  0.216541  5.99602  0.0100389  0.216541  5.99602  
0.24172  3.31008  3.34071  0.24172  3.31008  3.34071  
0.248779  2.28722  5.09957  0.248779  2.28722  5.09957  
1.29432  3.16418  0.0440736  1.29432  3.16418  0.0440736  
2.02855  0.138087  0.187033  2.02855  0.138087  0.187033  
0.115035  0.0158786  6.00218  0.120311  0.0432652  6.00828  
0.135994  4.02442  0.188339  0.135994  4.02442  0.188339  
1.69615  0.143792  3.25633  1.69615  0.143792  3.25633  
1.74025  2.44047  0.345253  1.74025  2.44047  0.345253  
1.32318  0.44423  4.85401  1.32318  0.44423  4.85401  
0.0100389  0.216541  5.99602  0.0100389  0.216541  5.99602  
0.241362  3.24087  3.51735  0.241362  3.24087  3.51735  
0.235321  3.41494  3.4321  0.235321  3.41494  3.4321  
1.29432  3.16418  0.0439516  1.2893  3.14206  0.662577  
2.02855  0.138087  0.187033  2.02855  0.138087  0.187033  
0.115035  0.0158787  6.00218  0.115035  0.0158787  6.00218  
0.136411  4.02441  0.188374  0.136411  4.02441  0.188374  
1.66881  0.186573  3.36991  1.66881  0.186573  3.36991  
1.32088  0.188824  4.85041  1.32088  0.188824  4.85041  
1.74872  2.34795  0.33532  1.74872  2.34795  0.33532  
0.0100389  0.216541  5.99602  0.0100389  0.216541  5.99602  
0.514352  2.40758  4.57376  0.514352  2.40758  4.57376  
0.25002  3.00654  4.20265  0.25002  3.00654  4.20265  
1.29432  3.16418  0.0440686  1.29432  3.16418  0.0440686  
2.02855  0.138087  0.187033  2.02855  0.138087  0.187033  
0.115035  0.0158787  6.00218  0.115035  0.0158787  6.00218  
0.136555  4.02442  0.188397  0.136555  4.02442  0.188397  
1.64592  0.18988  3.56231  1.64592  0.18988  3.56231  
1.13469  0.234501  5.23733  1.13469  0.234501  5.23733  
0.20312  0.106253  6.0891  0.20312  0.106253  6.0891  
0.0100389  0.216541  5.99602  0.0100389  0.216541  5.99602  
1.72036  2.1152  0.284011  1.72036  2.1152  0.284011  
0.193713  2.42945  4.97461  0.193713  2.42945  4.97461  
1.29432  3.16418  0.0440491  1.29432  3.16418  0.0440491  
2.02855  0.138087  0.187033  2.02855  0.138087  0.187033  
0.115035  0.0158786  6.00218  0.115035  0.0158786  6.00218  
0.136507  4.02437  0.188348  0.136507  4.02437  0.188348  
1.76198  1.95377  0.221796  1.76198  1.95377  0.221796  
0.450045  3.76963  2.23805  0.450045  3.76963  2.23805  
1.70501  0.199837  3.67454  1.70501  0.199837  3.67454  
0.0100389  0.216541  5.99602  0.0361331  0.241139  6.02144  
0.234169  3.31368  3.3397  0.234169  3.31368  3.3397  
0.934842  3.02221  2.83014  
0.94032  3.55491  0.179255  
1.42479  2.84311  0.192138  
1.13061  0.902737  4.80734  
1.37255  1.83354  3.47522  
1.96159  0.124277  1.29283  
0.235804  1.44593  5.56711  
0.983003  2.45932  3.76466  
0.732937  2.66954  3.94115  
0.626573  3.81554  0.201363  
1.76076  1.23533  2.28318  
0.702236  2.89217  3.6629  
2.00974  0.11622  0.172274  
0.707753  1.20556  5.34971  
1.91462  0.116355  1.79117  
0.982738  3.37768  1.35829  
1.99483  0.114085  0.717996  
0.495272  3.88172  0.491825  
1.21358  3.21001  0.183047  
0.816448  3.6672  0.391102  
1.37865  2.93527  0.181915  
1.17089  1.39532  4.43541  
0.745291  1.73435  4.97591  
0.971167  1.94187  4.44459  
1.83229  1.67192  0.171751  
1.18488  2.3739  3.33537  
1.32804  2.21133  3.08399  
0.694463  3.19412  2.99521  
1.31557  2.39285  2.80369  
1.08384  3.3943  0.205596  
1.63229  0.158091  3.49914  
1.59555  1.9858  2.19216  
0.128455  4.00794  0.182327  
1.86953  0.108648  2.22186  
1.24171  2.911  1.91239  
1.08675  3.05412  2.13926  
1.60517  2.4137  0.183746  
1.97761  0.685555  0.18853  
1.80572  1.40912  1.58123  
1.88889  1.35856  0.167437  
1.65623  2.1656  1.02629  
1.61493  1.60117  2.65681  
0.112162  0.0112878  5.99645  
0.948976  0.948546  5.10939  
1.62296  1.18599  3.10276  
1.7189  2.07124  0.180234  
0.249587  2.68371  4.41298  
1.43833  0.615901  4.0939  
1.49766  2.66426  0.302988  
1.30098  0.655888  4.49564  
1.93671  1.04481  0.196596  
1.66936  1.85366  1.85846  
0.135307  3.69386  2.29068  
0.0990507  0.100097  5.99631  
0.104732  3.82356  1.7642  
0.504098  1.74086  5.24683  
1.37049  1.35498  3.93217  
1.23985  0.183956  4.74762  
1.48536  2.13388  2.52219  
0.870182  0.0835209  5.42506  
1.42421  2.49202  2.04047  
0.750961  2.2056  4.5084  
1.38405  0.207025  4.36262  
1.77035  1.90575  0.175604  
0.0100085  0.216359  5.99601  
0.253774  1.9676  5.20129  
0.247316  2.45953  4.70474  
0.660668  0.0444743  5.68422  
1.85723  1.20398  1.43011  
0.647672  3.44965  2.41983  
0.107517  3.93596  1.06639  
1.52367  0.200313  3.93777  
0.0187837  0.550238  5.94822  
2.02321  0.197158  0.167776  
1.1812  3.33281  0.0473259  
0.0270416  0.8654  5.86347  
0.189971  2.23248  4.97348  
1.12889  2.69765  2.94734  
1.82181  0.162187  2.53976  
0.363546  0.0288944  5.91606  
1.4844  2.80698  0.0495709  
1.30132  3.15148  0.0448157  
0.943276  2.80901  3.30348  
0.976091  2.18924  4.17647  
1.51978  1.68285  3.07482  
1.29272  2.6304  2.44474  
0.985755  1.47876  4.77682  
0.0972796  3.50942  2.88236  
1.18977  1.88674  3.96316  
1.51735  1.31345  3.46951  
1.06241  0.211889  5.10417  
1.77734  0.166293  2.82423  
1.7281  0.168218  3.09263  
0.241646  2.94592  4.05985  
0.597626  3.71944  1.46  
0.767805  3.61174  1.33066  
0.738976  2.47279  4.22501  
0.226973  3.167  3.65768  
0.24172  3.31008  3.34071  
1.29432  3.16418  0.0440584  
0.259574  2.36336  5.01882  0.259574  2.36336  5.01882  
1.32207  3.10985  0.0406957  1.32207  3.10985  0.0406957  
2.0269  0.136364  0.185373  2.0269  0.136364  0.185373  
0.112989  0.0138432  6.00013  0.113965  0.0153092  6.00111  
0.128728  4.01724  0.181154  0.128728  4.01724  0.181154  
0.098192  0.0995457  5.99662  0.098192  0.0995457  5.99662  
1.47651  0.208649  4.44026  1.47651  0.208649  4.44026  
1.80643  2.16379  0.31821  1.80643  2.16379  0.31821  
0.0102691  0.216658  5.99601  0.0102691  0.216658  5.99601  
0.244263  3.32388  3.36052  0.244263  3.32388  3.36052  
0.246444  3.32771  3.61097  0.240889  3.10877  4.02442  
1.32207  3.10985  0.0406957  1.32207  3.10985  0.0406957  
2.0269  0.136364  0.185373  2.0269  0.136364  0.185373  
0.11299  0.0138445  6.00013  0.11299  0.0138445  6.00013  
0.128595  4.01711  0.18107  0.128595  4.01711  0.18107  
0.0981936  0.0995462  5.99662  0.0981936  0.0995462  5.99662  
0.269533  2.36662  5.01276  0.269533  2.36662  5.01276  
1.33339  0.226465  4.80445  1.33339  0.226465  4.80445  
0.0104178  0.216659  5.99601  0.0104178  0.216659  5.99601  
1.73201  0.179645  3.10215  1.73201  0.179645  3.10215  
0.248417  3.32962  3.61506  0.248417  3.32962  3.61506  
1.32207  3.10985  0.0406957  1.11368  2.77224  3.0514  
2.0269  0.136364  0.185373  2.0269  0.136364  0.185373  
0.112987  0.0138411  6.00013  0.112987  0.0138411  6.00013  
0.128728  4.01724  0.181154  0.128728  4.01724  0.181154  
0.0981768  0.0995303  5.9966  0.0981768  0.0995303  5.9966  
1.33438  0.22235  4.80848  1.33438  0.22235  4.80848  
0.271109  2.36665  5.01218  0.271109  2.36665  5.01218  
0.0104354  0.216659  5.99601  0.0104354  0.216659  5.99601  
1.74461  0.177007  3.0313  1.74461  0.177007  3.0313  
0.258406  2.95692  4.26573  0.258406  2.95692  4.26573  
1.32207  3.10985  0.0406957  1.32207  3.10985  0.0406957  
2.0269  0.136364  0.185373  2.0269  0.136364  0.185373  
0.112987  0.0138419  6.00013  0.112987  0.0138419  6.00013  
0.128728  4.01724  0.181154  0.128728  4.01724  0.181154  
0.0982001  0.0995538  5.99663  0.0982001  0.0995538  5.99663  
1.67807  0.196055  3.77285  1.67807  0.196055  3.77285  
1.7517  2.32507  0.502879  1.7517  2.32507  0.502879  
0.0100913  0.216658  5.99601  0.0100913  0.216658  5.99601  
1.16868  0.218243  4.91193  1.16868  0.218243  4.91193  
0.25821  2.96768  4.25832  0.25821  2.96768  4.25832  
1.32207  3.10985  0.0406957  1.32207  3.10985  0.0406957  
2.0269  0.136364  0.185373  2.06243  0.170095  0.225313  
0.112987  0.0138417  6.00013  0.112987  0.0138417  6.00013  
0.128335  4.01685  0.180785  0.128335  4.01685  0.180785  
0.0981696  0.0995198  5.9966  0.0981696  0.0995198  5.9966  
1.77239  2.29204  0.331011  1.77239  2.29204  0.331011  
1.80776  0.190385  3.20187  1.80776  0.190385  3.20187  
0.0101817  0.216658  5.99601  0.0101817  0.216658  5.99601  
1.36682  0.17716  4.43302  1.36682  0.17716  4.43302  
0.269907  2.35889  5.02736  0.269907  2.35889  5.02736  
1.32207  3.10985  0.0406957  1.32207  3.10985  0.0406957  
2.0269  0.136364  0.185373  2.0269  0.136364  0.185373  
0.112987  0.0138412  6.00013  0.112987  0.0138412  6.00013  
0.128335  4.01685  0.180785  0.128335  4.01685  0.180785  
0.098167  0.0995199  5.99659  0.098167  0.0995199  5.99659  
1.77242  2.29195  0.330817  1.77242  2.29195  0.330817  
0.205194  3.33359  3.6049  0.205194  3.33359  3.6049  
0.0101817  0.216658  5.99601  0.0101817  0.216658  5.99601  
1.51721  0.196526  3.96953  1.5237  0.216343  3.96714  
0.258809  2.95237  4.272  0.258809  2.95237  4.272  
1.32207  3.10985  0.0406957  1.32207  3.10985  0.0406957  
2.02669  0.136145  0.185187  1.62563  0.119901  3.64635  
0.112987  0.0138417  6.00013  0.112987  0.0138417  6.00013  
0.128728  4.01724  0.181154  0.128728  4.01724  0.181154  
0.0981852  0.0995388  5.99661  0.0981852  0.0995388  5.99661  
1.17236  0.232026  5.15545  1.17236  0.232026  5.15545  
1.80216  2.17057  0.657189  1.80216  2.17057  0.657189  
0.0100474  0.216659  5.99601  0.0100474  0.216659  5.99601  
1.6335  0.190063  3.50862  1.6335  0.190063  3.50862  
0.231639  3.33508  3.60147  0.231639  3.33508  3.60147  
1.32207  3.10985  0.0406957  1.32207  3.10985  0.0406957  
2.0269  0.136364  0.185373  2.0269  0.136364  0.185373  
0.112987  0.0138409  6.00013  0.112987  0.0138409  6.00013  
0.12854  4.01705  0.181047  0.12854  4.01705  0.181047  
0.0981709  0.0995229  5.9966  0.0981709  0.0995229  5.9966  
1.79114  2.23677  0.335868  1.79114  2.23677  0.335868  
0.269413  2.3549  5.02047  0.269413  2.3549  5.02047  
0.0102788  0.216658  5.99601  0.0102788  0.216658  5.99601  
1.51483  0.196567  3.97839  1.52994  0.224932  3.9825  
0.262627  2.35705  5.02388  0.262627  2.35705  5.02388  
1.32207  3.10985  0.0406957  1.32207  3.10985  0.0406957  
2.0269  0.136364  0.185373  2.0269  0.136364  0.185373  
0.112986  0.0138405  6.00013  0.112986  0.0138405  6.00013  
0.128728  4.01724  0.181154  0.128728  4.01724  0.181154  
0.0981767  0.0995298  5.9966  0.0981767  0.0995298  5.9966  
0.24582  3.33002  3.60198  0.24582  3.33002  3.60198  
1.77203  2.27228  0.328115  1.79261  2.20771  0.323649  
0.010262  0.216658  5.99601  0.010262  0.216658  5.99601  
1.51401  0.197883  3.98886  1.51401  0.197883  3.98886  
0.260455  2.54159  4.81949  0.260455  2.54159  4.81949  
1.32207  3.10985  0.0406957  1.32207  3.10985  0.0406957  
2.0269  0.136364  0.185373  2.0269  0.136364  0.185373  
0.112985  0.0138397  6.00013  0.112985  0.0138397  6.00013  
0.128728  4.01724  0.181154  0.128728  4.01724  0.181154  
0.0981805  0.0995334  5.99661  0.0981805  0.0995334  5.99661  
0.494143  3.35573  3.37434  0.494143  3.35573  3.37434  
1.76756  2.28876  0.328242  1.76756  2.28876  0.328242  
0.0103284  0.216659  5.99601  0.0103284  0.216659  5.99601  
1.51258  0.198236  3.9858  1.53027  0.22025  4.00044  
0.934842  3.02221  2.83014  
0.94032  3.55491  0.179255  
1.96159  0.124277  1.29283  
0.235804  1.44593  5.56711  
0.732937  2.66954  3.94115  
0.626573  3.81554  0.201363  
1.76076  1.23533  2.28318  
2.00974  0.11622  0.172274  
1.91462  0.116355  1.79117  
0.982738  3.37768  1.35829  
0.495272  3.88172  0.491825  
1.21358  3.21001  0.183047  
1.37865  2.93527  0.181915  
0.745291  1.73435  4.97591  
1.32804  2.21133  3.08399  
0.694463  3.19412  2.99521  
1.31557  2.39285  2.80369  
1.08675  3.05412  2.13926  
1.60517  2.4137  0.183746  
1.97761  0.685555  0.18853  
1.80572  1.40912  1.58123  
1.88889  1.35856  0.167437  
1.61493  1.60117  2.65681  
0.112162  0.0112878  5.99645  
0.948976  0.948546  5.10939  
0.249587  2.68371  4.41298  
1.93671  1.04481  0.196596  
0.135307  3.69386  2.29068  
0.104732  3.82356  1.7642  
1.48536  2.13388  2.52219  
1.42421  2.49202  2.04047  
0.750961  2.2056  4.5084  
0.253774  1.9676  5.20129  
0.647672  3.44965  2.41983  
0.107517  3.93596  1.06639  
0.0187837  0.550238  5.94822  
2.02321  0.197158  0.167776  
1.12889  2.69765  2.94734  
1.82181  0.162187  2.53976  
1.29272  2.6304  2.44474  
1.18977  1.88674  3.96316  
0.597626  3.71944  1.46  
0.767805  3.61174  1.33066  
0.738976  2.47279  4.22501  
0.0272511  0.873398  5.86081  
1.87206  0.147263  2.19089  
1.3736  1.82782  3.45425  
2.08399  0.659233  0.153464  
1.50966  2.63993  0.279421  
0.809846  3.67275  0.346782  
0.977907  2.18124  4.12228  
1.41767  2.82833  0.46673  
0.981812  1.91556  4.43391  
1.18257  2.37333  3.32469  
0.727496  2.86155  3.6169  
0.977569  1.45244  4.80478  
1.54321  2.3139  1.75196  
1.10005  3.40425  0.186666  
0.225864  2.22291  4.96274  
0.249187  2.46049  4.69406  
1.14517  0.879242  4.80278  
0.447144  3.49406  2.67216  
1.50966  1.28641  3.49002  
0.865369  0.112307  5.42346  
1.06198  0.150396  5.09909  
1.7179  0.157309  3.10407  
0.933739  2.80226  3.2747  
0.221508  3.37449  3.17905  
1.8501  1.57865  0.174656  
1.58829  1.9896  2.19919  
1.79625  1.79785  0.285846  
0.986908  2.48335  3.6936  
0.720459  0.952963  5.43716  
1.18321  1.41765  4.38471  
1.51086  1.71855  3.01528  
1.66942  2.23824  0.173604  
1.31942  0.854209  4.35256  
1.70125  1.88063  1.5764  
1.71136  2.10843  0.173273  
1.36155  1.35971  3.92493  
0.657951  0.0772128  5.67881  
1.63336  0.278079  3.48014  
1.7568  0.171318  2.91015  
1.41885  0.178556  4.27737  
2.02001  0.0841098  0.567889  
1.27546  3.18095  0.042188  
1.33765  3.08355  0.0410273  
1.452  2.88276  0.0436424  
0.860961  3.41714  2.07887  
1.60763  0.185481  3.61662  
1.27387  0.165901  4.67493  
0.239186  3.16655  3.68321  
0.0104354  0.216658  5.99601  
0.391872  0.0284773  5.89693  
1.62697  1.2087  3.10394  
0.222026  2.98682  4.01948  
0.098167  0.0995199  5.99659  
1.51365  0.188256  3.98318  
1.32207  3.10985  0.0406957  
0.128335  4.01685  0.180785  
0.256405  2.97306  4.2358  0.256405  2.97306  4.2358  
1.32167  3.10915  0.0401183  1.32167  3.10915  0.0401183  
2.02591  0.135518  0.184387  2.02591  0.135518  0.184387  
0.112233  0.0130765  5.99937  0.112233  0.0130765  5.99937  
0.12775  4.01626  0.180176  0.12775  4.01626  0.180176  
0.0981653  0.0995191  5.99659  0.0981653  0.0995191  5.99659  
1.75418  2.32621  0.330657  1.75418  2.32621  0.330657  
1.17113  0.233237  5.14919  1.17113  0.233237  5.14919  
0.0102807  0.216669  5.99601  0.0102807  0.216669  5.99601  
1.6375  0.191616  3.49842  1.6375  0.191616  3.49842  
0.256405  2.97306  4.2358  0.256405  2.97306  4.2358  
1.32167  3.10915  0.0401183  1.32167  3.10915  0.0401183  
2.02591  0.135518  0.184387  2.02591  0.135518  0.184387  
0.112233  0.0130765  5.99937  0.112233  0.0130765  5.99937  
0.12775  4.01626  0.180176  0.12775  4.01626  0.180176  
0.0981653  0.0995191  5.99659  0.0981653  0.0995191  5.99659  
1.75418  2.32621  0.330657  1.75418  2.32621  0.330657  
1.17113  0.233237  5.14919  1.17113  0.233237  5.14919  
0.0102807  0.216669  5.99601  0.0102807  0.216669  5.99601  
1.6375  0.191616  3.49842  1.6375  0.191616  3.49842  
0.256405  2.97306  4.2358  0.256405  2.97306  4.2358  
1.32167  3.10915  0.0401183  1.32167  3.10915  0.0401183  
2.02591  0.135518  0.184387  2.02591  0.135518  0.184387  
0.112233  0.0130765  5.99937  0.112233  0.0130765  5.99937  
0.12775  4.01626  0.180176  0.12775  4.01626  0.180176  
0.0981653  0.0995191  5.99659  0.0981653  0.0995191  5.99659  
1.75418  2.32621  0.330657  1.75418  2.32621  0.330657  
1.17113  0.233237  5.14919  1.17113  0.233237  5.14919  
0.0102807  0.216669  5.99601  0.0102807  0.216669  5.99601  
1.6375  0.191616  3.49842  1.6375  0.191616  3.49842  
0.256405  2.97306  4.2358  0.256405  2.97306  4.2358  
1.32167  3.10915  0.0401183  1.32167  3.10915  0.0401183  
2.02591  0.135518  0.184387  2.02607  0.134692  0.186944  
0.112233  0.0130765  5.99937  0.112233  0.0130765  5.99937  
0.12775  4.01626  0.180176  0.12775  4.01626  0.180176  
0.0981653  0.0995191  5.99659  0.0981653  0.0995191  5.99659  
1.75418  2.32621  0.330657  1.75418  2.32621  0.330657  
1.17113  0.233237  5.14919  1.17113  0.233237  5.14919  
0.0102807  0.216669  5.99601  0.0102807  0.216669  5.99601  
1.6375  0.191616  3.49842  1.6375  0.191616  3.49842  
0.256405  2.97306  4.2358  0.256405  2.97306  4.2358  
1.32167  3.10915  0.0401183  1.32167  3.10915  0.0401183  
2.02591  0.135518  0.184387  2.02591  0.135518  0.184387  
0.112233  0.0130765  5.99937  0.112233  0.0130765  5.99937  
0.12775  4.01626  0.180176  0.12775  4.01626  0.180176  
0.0981653  0.0995191  5.99659  0.0981653  0.0995191  5.99659  
1.75418  2.32621  0.330657  1.75418  2.32621  0.330657  
1.17113  0.233237  5.14919  1.17113  0.233237  5.14919  
0.0102807  0.216669  5.99601  0.0102807  0.216669  5.99601  
1.6375  0.191616  3.49842  1.6375  0.191616  3.49842  
0.256405  2.97306  4.2358  0.256405  2.97306  4.2358  
1.32167  3.10915  0.0401183  1.32167  3.10915  0.0401183  
2.02591  0.135518  0.184387  2.02591  0.135518  0.184387  
0.112233  0.0130765  5.99937  0.112233  0.0130765  5.99937  
0.12775  4.01626  0.180176  0.12775  4.01626  0.180176  
0.0981653  0.0995191  5.99659  0.0981653  0.0995191  5.99659  
1.75418  2.32621  0.330657  1.75418  2.32621  0.330657  
1.17113  0.233237  5.14919  1.17113  0.233237  5.14919  
0.0102807  0.216669  5.99601  0.0102807  0.216669  5.99601  
1.6375  0.191616  3.49842  1.6375  0.191616  3.49842  
0.256405  2.97306  4.2358  0.256405  2.97306  4.2358  
1.32167  3.10915  0.0401183  1.32167  3.10915  0.0401183  
2.02591  0.135518  0.184387  2.02591  0.135518  0.184387  
0.112233  0.0130765  5.99937  0.112233  0.0130765  5.99937  
0.12775  4.01626  0.180176  0.12775  4.01626  0.180176  
0.0981653  0.0995191  5.99659  0.0981653  0.0995191  5.99659  
1.75418  2.32621  0.330657  1.75418  2.32621  0.330657  
1.17113  0.233237  5.14919  1.16859  0.238515  5.15371  
0.0102807  0.216669  5.99601  0.0102807  0.216669  5.99601  
1.6375  0.191616  3.49842  1.6375  0.191616  3.49842  
0.256405  2.97306  4.2358  0.256405  2.97306  4.2358  
1.32167  3.10915  0.0401183  1.32167  3.10915  0.0401183  
2.02591  0.135518  0.184387  2.02591  0.135518  0.184387  
0.112233  0.0130765  5.99937  0.112233  0.0130765  5.99937  
0.12775  4.01626  0.180176  0.12775  4.01626  0.180176  
0.0981653  0.0995191  5.99659  0.0981653  0.0995191  5.99659  
1.75418  2.32621  0.330657  1.75418  2.32621  0.330657  
1.17113  0.233237  5.14919  1.17113  0.233237  5.14919  
0.0102807  0.216669  5.99601  0.0102807  0.216669  5.99601  
1.6375  0.191616  3.49842  1.6375  0.191616  3.49842  
0.256405  2.97306  4.2358  0.256405  2.97306  4.2358  
1.32167  3.10915  0.0401183  1.32167  3.10915  0.0401183  
2.02591  0.135518  0.184387  2.02591  0.135518  0.184387  
0.112233  0.0130765  5.99937  0.13055  0.0316028  6.01769  
0.12775  4.01626  0.180176  0.12775  4.01626  0.180176  
0.0981653  0.0995191  5.99659  0.0981653  0.0995191  5.99659  
1.75418  2.32621  0.330657  1.75418  2.32621  0.330657  
1.17113  0.233237  5.14919  1.17113  0.233237  5.14919  
0.0102807  0.216669  5.99601  0.0102807  0.216669  5.99601  
1.6375  0.191616  3.49842  1.6375  0.191616  3.49842  
0.256405  2.97306  4.2358  0.256405  2.97306  4.2358  
1.32167  3.10915  0.0401183  1.32167  3.10915  0.0401183  
2.02591  0.135518  0.184387  2.02591  0.135518  0.184387  
0.112233  0.0130765  5.99937  0.0694685  0.180473  6.00102  
0.12775  4.01626  0.180176  0.12775  4.01626  0.180176  
0.0981653  0.0995191  5.99659  0.0981653  0.0995191  5.99659  
1.75418  2.32621  0.330657  1.75418  2.32621  0.330657  
1.17113  0.233237  5.14919  1.17113  0.233237  5.14919  
0.0102807  0.216669  5.99601  0.0102807  0.216669  5.99601  
1.6375  0.191616  3.49842  1.6375  0.191616  3.49842  
0.934842  3.02221  2.83014  
0.94032  3.55491  0.179255  
1.96159  0.124277  1.29283  
0.235804  1.44593  5.56711  
0.732937  2.66954  3.94115  
1.76076  1.23533  2.28318  
2.00974  0.11622  0.172274  
1.91462  0.116355  1.79117  
0.982738  3.37768  1.35829  
0.495272  3.88172  0.491825  
1.21358  3.21001  0.183047  
1.37865  2.93527  0.181915  
0.745291  1.73435  4.97591  
1.32804  2.21133  3.08399  
0.694463  3.19412  2.99521  
1.31557  2.39285  2.80369  
1.08675  3.05412  2.13926  
1.60517  2.4137  0.183746  
1.97761  0.685555  0.18853  
1.80572  1.40912  1.58123  
1.88889  1.35856  0.167437  
1.61493  1.60117  2.65681  
0.112162  0.0112878  5.99645  
0.948976  0.948546  5.10939  
0.249587  2.68371  4.41298  
1.93671  1.04481  0.196596  
0.135307  3.69386  2.29068  
0.104732  3.82356  1.7642  
1.48536  2.13388  2.52219  
1.42421  2.49202  2.04047  
0.750961  2.2056  4.5084  
0.253774  1.9676  5.20129  
0.647672  3.44965  2.41983  
0.107517  3.93596  1.06639  
0.0187837  0.550238  5.94822  
2.02321  0.197158  0.167776  
1.12889  2.69765  2.94734  
1.82181  0.162187  2.53976  
1.29272  2.6304  2.44474  
0.597626  3.71944  1.46  
0.767805  3.61174  1.33066  
0.738976  2.47279  4.22501  
0.0272511  0.873398  5.86081  
1.87206  0.147263  2.19089  
1.3736  1.82782  3.45425  
2.08399  0.659233  0.153464  
1.50966  2.63993  0.279421  
0.809846  3.67275  0.346782  
0.977907  2.18124  4.12228  
0.981812  1.91556  4.43391  
1.18257  2.37333  3.32469  
0.727496  2.86155  3.6169  
0.977569  1.45244  4.80478  
1.54321  2.3139  1.75196  
1.10005  3.40425  0.186666  
0.225864  2.22291  4.96274  
0.249187  2.46049  4.69406  
1.14517  0.879242  4.80278  
0.447144  3.49406  2.67216  
1.50966  1.28641  3.49002  
0.865369  0.112307  5.42346  
1.06198  0.150396  5.09909  
1.7179  0.157309  3.10407  
0.933739  2.80226  3.2747  
0.221508  3.37449  3.17905  
1.8501  1.57865  0.174656  
1.58829  1.9896  2.19919  
1.79625  1.79785  0.285846  
0.986908  2.48335  3.6936  
0.720459  0.952963  5.43716  
1.18321  1.41765  4.38471  
1.51086  1.71855  3.01528  
1.66942  2.23824  0.173604  
1.31942  0.854209  4.35256  
1.70125  1.88063  1.5764  
1.71136  2.10843  0.173273  
1.36155  1.35971  3.92493  
0.657951  0.0772128  5.67881  
2.02001  0.0841098  0.567889  
1.33765  3.08355  0.0410273  
1.452  2.88276  0.0436424  
0.860961  3.41714  2.07887  
1.63223  1.22803  3.06206  
1.20458  1.91732  3.91078  
0.230594  3.23627  3.49712  
0.237912  2.9826  3.98282  
1.27284  0.150958  4.65921  
0.0105047  0.216664  5.99601  
0.127709  4.01622  0.180145  
0.631497  3.8407  0.194862  
1.76789  0.15299  2.87266  
1.20863  3.2859  0.0423746  
0.41137  0.0287496  5.88397  
0.0432187  0.0478222  6.0399  
1.52575  0.179926  3.93859  
0.247458  0.0201586  5.96426  
1.42242  0.168639  4.27137  
1.2567  2.96039  1.88882  
1.63732  0.191333  3.49921  
1.32167  3.10915  0.0401183  
0.255833  2.97382  4.23391  0.255833  2.97382  4.23391  
1.34436  3.06055  0.0363377  1.34436  3.06055  0.0363377  
2.0234  0.132556  0.181871  2.0234  0.132556  0.181871  
0.115442  0.0119041  5.99722  0.0309846  0.233414  6.0077  
0.127715  4.01614  0.180063  0.127715  4.01614  0.180063  
0.0979551  0.100344  5.99659  0.0979551  0.100344  5.99659  
1.81183  2.14308  0.320246  1.81183  2.14308  0.320246  
1.17099  0.233595  5.14923  1.17099  0.233595  5.14923  
0.00900939  0.216725  5.99486  0.00900939  0.216725  5.99486  
1.6362  0.192006  3.494  1.6362  0.192006  3.494  
0.255833  2.97382  4.23391  0.255833  2.97382  4.23391  
1.34436  3.06055  0.0363377  1.34436  3.06055  0.0363377  
2.0234  0.132556  0.181871  2.05121  0.19014  0.249358  
0.115442  0.0119041  5.99722  0.115442  0.0119041  5.99722  
0.127715  4.01614  0.180063  0.127715  4.01614  0.180063  
0.0979551  0.100344  5.99659  0.0979551  0.100344  5.99659  
1.81183  2.14308  0.320246  1.81183  2.14308  0.320246  
1.17099  0.233595  5.14923  1.17099  0.233595  5.14923  
0.00900939  0.216725  5.99486  0.00900939  0.216725  5.99486  
1.6362  0.192006  3.494  1.6362  0.192006  3.494  
0.255833  2.97382  4.23391  0.255833  2.97382  4.23391  
1.34436  3.06055  0.0363377  1.34436  3.06055  0.0363377  
2.0234  0.132556  0.181871  2.02162  0.223232  0.185823  
0.115442  0.0119041  5.99722  0.115442  0.0119041  5.99722  
0.127715  4.01614  0.180063  0.127715  4.01614  0.180063  
0.0979551  0.100344  5.99659  0.0979551  0.100344  5.99659  
1.81183  2.14308  0.320246  1.81183  2.14308  0.320246  
1.17099  0.233595  5.14923  1.17099  0.233595  5.14923  
0.00900939  0.216725  5.99486  0.00900939  0.216725  5.99486  
1.6362  0.192006  3.494  1.6362  0.192006  3.494  
0.255833  2.97382  4.23391  0.253346  2.94993  4.2719  
1.34436  3.06055  0.0363377  1.34436  3.06055  0.0363377  
2.0234  0.132556  0.181871  2.0234  0.132556  0.181871  
0.115442  0.0119041  5.99722  0.115442  0.0119041  5.99722  
0.127715  4.01614  0.180063  0.127715  4.01614  0.180063  
0.0979551  0.100344  5.99659  0.0979551  0.100344  5.99659  
1.81183  2.14308  0.320246  1.81183  2.14308  0.320246  
1.17099  0.233595  5.14923  1.17099  0.233595  5.14923  
0.00900939  0.216725  5.99486  0.00900939  0.216725  5.99486  
1.6362  0.192006  3.494  1.6362  0.192006  3.494  
0.255833  2.97382  4.23391  0.255833  2.97382  4.23391  
1.34436  3.06055  0.0363377  1.34436  3.06055  0.0363377  
2.0234  0.132556  0.181871  2.0234  0.132556  0.181871  
0.115442  0.0119041  5.99722  0.115442  0.0119041  5.99722  
0.127715  4.01614  0.180063  0.127715  4.01614  0.180063  
0.0979551  0.100344  5.99659  0.0979551  0.100344  5.99659  
1.81183  2.14308  0.320246  1.81183  2.14308  0.320246  
1.17099  0.233595  5.14923  1.17099  0.233595  5.14923  
0.00900939  0.216725  5.99486  0.00900939  0.216725  5.99486  
1.6362  0.192006  3.494  1.6362  0.192006  3.494  
0.255833  2.97382  4.23391  0.255833  2.97382  4.23391  
1.34436  3.06055  0.0363377  1.34436  3.06055  0.0363377  
2.0234  0.132556  0.181871  2.0234  0.132556  0.181871  
0.115442  0.0119041  5.99722  0.115442  0.0119041  5.99722  
0.127715  4.01614  0.180063  0.127715  4.01614  0.180063  
0.0979551  0.100344  5.99659  0.107891  0.110564  6.00659  
1.81183  2.14308  0.320246  1.81183  2.14308  0.320246  
1.17099  0.233595  5.14923  1.17099  0.233595  5.14923  
0.00900939  0.216725  5.99486  0.00900939  0.216725  5.99486  
1.6362  0.192006  3.494  1.6362  0.192006  3.494  
0.255833  2.97382  4.23391  0.255833  2.97382  4.23391  
1.34436  3.06055  0.0363377  1.34436  3.06055  0.0363377  
2.0234  0.132556  0.181871  2.0234  0.132556  0.181871  
0.115442  0.0119041  5.99722  0.115442  0.0119041  5.99722  
0.127715  4.01614  0.180063  0.127715  4.01614  0.180063  
0.0979551  0.100344  5.99659  0.0979551  0.100344  5.99659  
1.81183  2.14308  0.320246  1.81183  2.14308  0.320246  
1.17099  0.233595  5.14923  1.17099  0.233595  5.14923  
0.00900939  0.216725  5.99486  0.00900939  0.216725  5.99486  
1.6362  0.192006  3.494  1.6362  0.192006  3.494  
0.255833  2.97382  4.23391  0.258371  2.99742  4.19583  
1.34436  3.06055  0.0363377  1.34436  3.06055  0.0363377  
2.0234  0.132556  0.181871  2.0234  0.132556  0.181871  
0.115442  0.0119041  5.99722  0.115442  0.0119041  5.99722  
0.127715  4.01614  0.180063  0.127715  4.01614  0.180063  
0.0979551  0.100344  5.99659  0.0979551  0.100344  5.99659  
1.81183  2.14308  0.320246  1.81183  2.14308  0.320246  
1.17099  0.233595  5.14923  1.17099  0.233595  5.14923  
0.00900939  0.216725  5.99486  0.00900939  0.216725  5.99486  
1.6362  0.192006  3.494  1.6362  0.192006  3.494  
0.255833  2.97382  4.23391  0.255833  2.97382  4.23391  
1.34436  3.06055  0.0363377  1.34436  3.06055  0.0363377  
2.0234  0.132556  0.181871  2.0234  0.132556  0.181871  
0.115442  0.0119041  5.99722  0.115442  0.0119041  5.99722  
0.127715  4.01614  0.180063  0.127715  4.01614  0.180063  
0.0979551  0.100344  5.99659  0.0979551  0.100344  5.99659  
1.81183  2.14308  0.320246  1.81183  2.14308  0.320246  
1.17099  0.233595  5.14923  1.17099  0.233595  5.14923  
0.00900939  0.216725  5.99486  0.0112008  0.216433  5.99486  
1.6362  0.192006  3.494  1.6362  0.192006  3.494  
0.255833  2.97382  4.23391  0.255833  2.97382  4.23391  
1.34436  3.06055  0.0363377  1.34436  3.06055  0.0363377  
2.0234  0.132556  0.181871  2.0234  0.132556  0.181871  
0.115442  0.0119041  5.99722  0.117027  0.0135596  5.9988  
0.127715  4.01614  0.180063  0.127715  4.01614  0.180063  
0.0979551  0.100344  5.99659  0.0979551  0.100344  5.99659  
1.81183  2.14308  0.320246  1.81183  2.14308  0.320246  
1.17099  0.233595  5.14923  1.17099  0.233595  5.14923  
0.00900939  0.216725  5.99486  0.00900939  0.216725  5.99486  
1.6362  0.192006  3.494  1.6362  0.192006  3.494  
0.934842  3.02221  2.83014  
0.94032  3.55491  0.179255  
1.96159  0.124277  1.29283  
0.235804  1.44593  5.56711  
0.732937  2.66954  3.94115  
1.76076  1.23533  2.28318  
2.00974  0.11622  0.172274  
1.91462  0.116355  1.79117  
0.982738  3.37768  1.35829  
0.495272  3.88172  0.491825  
1.21358  3.21001  0.183047  
0.745291  1.73435  4.97591  
1.32804  2.21133  3.08399  
0.694463  3.19412  2.99521  
1.31557  2.39285  2.80369  
1.08675  3.05412  2.13926  
1.60517  2.4137  0.183746  
1.97761  0.685555  0.18853  
1.80572  1.40912  1.58123  
1.88889  1.35856  0.167437  
1.61493  1.60117  2.65681  
0.112162  0.0112878  5.99645  
0.948976  0.948546  5.10939  
0.249587  2.68371  4.41298  
1.93671  1.04481  0.196596  
0.135307  3.69386  2.29068  
0.104732  3.82356  1.7642  
1.48536  2.13388  2.52219  
1.42421  2.49202  2.04047  
0.750961  2.2056  4.5084  
0.253774  1.9676  5.20129  
0.647672  3.44965  2.41983  
0.107517  3.93596  1.06639  
2.02321  0.197158  0.167776  
1.12889  2.69765  2.94734  
1.82181  0.162187  2.53976  
0.597626  3.71944  1.46  
0.767805  3.61174  1.33066  
0.738976  2.47279  4.22501  
1.87206  0.147263  2.19089  
1.3736  1.82782  3.45425  
2.08399  0.659233  0.153464  
1.50966  2.63993  0.279421  
0.809846  3.67275  0.346782  
0.977907  2.18124  4.12228  
0.981812  1.91556  4.43391  
0.727496  2.86155  3.6169  
0.977569  1.45244  4.80478  
1.54321  2.3139  1.75196  
0.225864  2.22291  4.96274  
0.249187  2.46049  4.69406  
1.14517  0.879242  4.80278  
0.447144  3.49406  2.67216  
1.50966  1.28641  3.49002  
0.865369  0.112307  5.42346  
1.06198  0.150396  5.09909  
1.7179  0.157309  3.10407  
0.933739  2.80226  3.2747  
0.221508  3.37449  3.17905  
1.8501  1.57865  0.174656  
1.58829  1.9896  2.19919  
1.79625  1.79785  0.285846  
0.986908  2.48335  3.6936  
0.720459  0.952963  5.43716  
1.18321  1.41765  4.38471  
1.51086  1.71855  3.01528  
1.66942  2.23824  0.173604  
1.31942  0.854209  4.35256  
1.70125  1.88063  1.5764  
1.71136  2.10843  0.173273  
1.36155  1.35971  3.92493  
0.657951  0.0772128  5.67881  
2.02001  0.0841098  0.567889  
1.452  2.88276  0.0436424  
0.860961  3.41714  2.07887  
1.63223  1.22803  3.06206  
1.20458  1.91732  3.91078  
0.230594  3.23627  3.49712  
0.237912  2.9826  3.98282  
1.27284  0.150958  4.65921  
0.0432187  0.0478222  6.0399  
1.4234  2.91774  0.0383127  
1.28017  3.16823  0.0385579  
1.42274  0.168022  4.25195  
0.0258796  0.830125  5.87428  
0.615938  3.84878  0.19254  
1.26981  2.68457  2.38386  
1.31842  3.10591  0.0365388  
0.437154  0.0287588  5.86514  
1.37871  2.99675  0.0377918  
1.07993  3.42319  0.183179  
1.7617  0.141045  2.9012  
0.27299  0.0201562  5.95252  
1.60486  0.188504  3.6224  
1.51618  0.178597  3.95104  
0.0173664  0.535589  5.94994  
1.63585  0.370911  3.464  
0.00900939  0.216725  5.99486  
1.34436  3.06055  0.0363377  
0.127715  4.01614  0.180063  
0.260214  3.0269  4.14755  0.260214  3.0269  4.14755  
1.44528  2.87021  0.0353782  1.44528  2.87021  0.0353782  
2.02037  0.139066  0.178985  2.02037  0.139066  0.178985  
0.121636  0.0113163  5.99504  0.121636  0.0113163  5.99504  
0.127141  4.01565  0.179567  0.127141  4.01565  0.179567  
0.0980608  0.0999288  5.99659  0.0980608  0.0999288  5.99659  
1.81775  2.12301  0.31665  1.81775  2.12301  0.31665  
1.17111  0.232842  5.14902  1.17111  0.232842  5.14902  
0.00944903  0.216219  5.99483  0.00944903  0.216219  5.99483  
1.63988  0.191912  3.47845  1.63988  0.191912  3.47845  
0.260214  3.0269  4.14755  0.260214  3.0269  4.14755  
1.44528  2.87021  0.0353782  1.06357  2.0974  4.15813  
2.02037  0.139066  0.178985  2.02037  0.139066  0.178985  
0.121636  0.0113163  5.99504  0.121636  0.0113163  5.99504  
0.127141  4.01565  0.179567  0.127141  4.01565  0.179567  
0.0980608  0.0999288  5.99659  0.0980608  0.0999288  5.99659  
1.81775  2.12301  0.31665  1.81775  2.12301  0.31665  
1.17111  0.232842  5.14902  1.17111  0.232842  5.14902  
0.00944903  0.216219  5.99483  0.00944903  0.216219  5.99483  
1.63988  0.191912  3.47845  1.63988  0.191912  3.47845  
0.260214  3.0269  4.14755  0.258527  3.01142  4.17324  
1.44528  2.87021  0.0353782  1.44528  2.87021  0.0353782  
2.02037  0.139066  0.178985  2.02037  0.139066  0.178985  
0.121636  0.0113163  5.99504  0.121636  0.0113163  5.99504  
0.127141  4.01565  0.179567  0.127141  4.01565  0.179567  
0.0980608  0.0999288  5.99659  0.0980608  0.0999288  5.99659  
1.81775  2.12301  0.31665  1.81775  2.12301  0.31665  
1.17111  0.232842  5.14902  1.17111  0.232842  5.14902  
0.00944903  0.216219  5.99483  0.00944903  0.216219  5.99483  
1.63988  0.191912  3.47845  1.63988  0.191912  3.47845  
0.260214  3.0269  4.14755  0.260214  3.0269  4.14755  
1.44528  2.87021  0.0353782  1.44528  2.87021  0.0353782  
2.02037  0.139066  0.178985  2.02037  0.139066  0.178985  
0.121636  0.0113163  5.99504  0.121636  0.0113163  5.99504  
0.127141  4.01565  0.179567  0.127141  4.01565  0.179567  
0.0980608  0.0999288  5.99659  0.0980608  0.0999288  5.99659  
1.81775  2.12301  0.31665  1.81775  2.12301  0.31665  
1.17111  0.232842  5.14902  1.17111  0.232842  5.14902  
0.00944903  0.216219  5.99483  0.00944903  0.216219  5.99483  
1.63988  0.191912  3.47845  1.63594  0.184503  3.50698  
0.260214  3.0269  4.14755  0.260214  3.0269  4.14755  
1.44528  2.87021  0.0353782  1.44528  2.87021  0.0353782  
2.02037  0.139066  0.178985  2.02037  0.139066  0.178985  
0.121636  0.0113163  5.99504  0.121636  0.0113163  5.99504  
0.127141  4.01565  0.179567  0.0430209  0.253154  6.02861  
0.0980608  0.0999288  5.99659  0.0980608  0.0999288  5.99659  
1.81775  2.12301  0.31665  1.81775  2.12301  0.31665  
1.17111  0.232842  5.14902  1.17111  0.232842  5.14902  
0.00944903  0.216219  5.99483  0.00944903  0.216219  5.99483  
1.63988  0.191912  3.47845  1.63988  0.191912  3.47845  
0.260214  3.0269  4.14755  0.260214  3.0269  4.14755  
1.44528  2.87021  0.0353782  1.44528  2.87021  0.0353782  
2.02037  0.139066  0.178985  1.9975  0.137725  0.940245  
0.121636  0.0113163  5.99504  0.121636  0.0113163  5.99504  
0.127141  4.01565  0.179567  0.127141  4.01565  0.179567  
0.0980608  0.0999288  5.99659  0.0980608  0.0999288  5.99659  
1.81775  2.12301  0.31665  1.81775  2.12301  0.31665  
1.17111  0.232842  5.14902  1.17111  0.232842  5.14902  
0.00944903  0.216219  5.99483  0.00944903  0.216219  5.99483  
1.63988  0.191912  3.47845  1.63988  0.191912  3.47845  
0.260214  3.0269  4.14755  0.260214  3.0269  4.14755  
1.44528  2.87021  0.0353782  1.44528  2.87021  0.0353782  
2.02037  0.139066  0.178985  2.02037  0.139066  0.178985  
0.121636  0.0113163  5.99504  0.121636  0.0113163  5.99504  
0.127141  4.01565  0.179567  0.118287  3.5578  2.82807  
0.0980608  0.0999288  5.99659  0.0980608  0.0999288  5.99659  
1.81775  2.12301  0.31665  1.81775  2.12301  0.31665  
1.17111  0.232842  5.14902  1.17111  0.232842  5.14902  
0.00944903  0.216219  5.99483  0.00944903  0.216219  5.99483  
1.63988  0.191912  3.47845  1.63988  0.191912  3.47845  
0.260214  3.0269  4.14755  0.260214  3.0269  4.14755  
1.44528  2.87021  0.0353782  1.44528  2.87021  0.0353782  
2.02037  0.139066  0.178985  2.02037  0.139066  0.178985  
0.121636  0.0113163  5.99504  0.121636  0.0113163  5.99504  
0.127141  4.01565  0.179567  0.127141  4.01565  0.179567  
0.0980608  0.0999288  5.99659  0.0980608  0.0999288  5.99659  
1.81775  2.12301  0.31665  1.81775  2.12301  0.31665  
1.17111  0.232842  5.14902  1.17111  0.232842  5.14902  
0.00944903  0.216219  5.99483  0.00944903  0.216219  5.99483  
1.63988  0.191912  3.47845  1.63988  0.191912  3.47845  
0.260214  3.0269  4.14755  0.260214  3.0269  4.14755  
1.44528  2.87021  0.0353782  1.28499  2.54347  2.83865  
2.02037  0.139066  0.178985  2.02037  0.139066  0.178985  
0.121636  0.0113163  5.99504  0.121636  0.0113163  5.99504  
0.127141  4.01565  0.179567  0.127141  4.01565  0.179567  
0.0980608  0.0999288  5.99659  0.0980608  0.0999288  5.99659  
1.81775  2.12301  0.31665  1.81775  2.12301  0.31665  
1.17111  0.232842  5.14902  1.17111  0.232842  5.14902  
0.00944903  0.216219  5.99483  0.00944903  0.216219  5.99483  
1.63988  0.191912  3.47845  1.63988  0.191912  3.47845  
0.260214  3.0269  4.14755  0.260214  3.0269  4.14755  
1.44528  2.87021  0.0353782  1.44528  2.87021  0.0353782  
2.02037  0.139066  0.178985  2.02037  0.139066  0.178985  
0.121636  0.0113163  5.99504  0.121636  0.0113163  5.99504  
0.127141  4.01565  0.179567  0.127141  4.01565  0.179567  
0.0980608  0.0999288  5.99659  0.0980608  0.0999288  5.99659  
1.81775  2.12301  0.31665  1.81775  2.12301  0.31665  
1.17111  0.232842  5.14902  1.17111  0.232842  5.14902  
0.00944903  0.216219  5.99483  0.00944903  0.216219  5.99483  
1.63988  0.191912  3.47845  1.63988  0.191912  3.47845  
0.934842  3.02221  2.83014  
0.94032  3.55491  0.179255  
1.96159  0.124277  1.29283  
0.235804  1.44593  5.56711  
0.732937  2.66954  3.94115  
1.76076  1.23533  2.28318  
2.00974  0.11622  0.172274  
1.91462  0.116355  1.79117  
0.982738  3.37768  1.35829  
0.495272  3.88172  0.491825  
1.21358  3.21001  0.183047  
0.745291  1.73435  4.97591  
1.32804  2.21133  3.08399  
0.694463  3.19412  2.99521  
1.31557  2.39285  2.80369  
1.08675  3.05412  2.13926  
1.60517  2.4137  0.183746  
1.97761  0.685555  0.18853  
1.80572  1.40912  1.58123  
1.88889  1.35856  0.167437  
1.61493  1.60117  2.65681  
0.948976  0.948546  5.10939  
0.249587  2.68371  4.41298  
1.93671  1.04481  0.196596  
0.135307  3.69386  2.29068  
0.104732  3.82356  1.7642  
1.48536  2.13388  2.52219  
1.42421  2.49202  2.04047  
0.750961  2.2056  4.5084  
0.253774  1.9676  5.20129  
0.647672  3.44965  2.41983  
0.107517  3.93596  1.06639  
1.12889  2.69765  2.94734  
1.82181  0.162187  2.53976  
0.597626  3.71944  1.46  
0.767805  3.61174  1.33066  
0.738976  2.47279  4.22501  
1.87206  0.147263  2.19089  
1.3736  1.82782  3.45425  
2.08399  0.659233  0.153464  
1.50966  2.63993  0.279421  
0.809846  3.67275  0.346782  
0.977907  2.18124  4.12228  
0.981812  1.91556  4.43391  
0.727496  2.86155  3.6169  
0.977569  1.45244  4.80478  
1.54321  2.3139  1.75196  
0.225864  2.22291  4.96274  
0.249187  2.46049  4.69406  
1.14517  0.879242  4.80278  
0.447144  3.49406  2.67216  
0.865369  0.112307  5.42346  
1.06198  0.150396  5.09909  
1.7179  0.157309  3.10407  
0.933739  2.80226  3.2747  
0.221508  3.37449  3.17905  
1.8501  1.57865  0.174656  
1.58829  1.9896  2.19919  
1.79625  1.79785  0.285846  
0.986908  2.48335  3.6936  
0.720459  0.952963  5.43716  
1.18321  1.41765  4.38471  
1.51086  1.71855  3.01528  
1.66942  2.23824  0.173604  
1.31942  0.854209  4.35256  
1.70125  1.88063  1.5764  
1.36155  1.35971  3.92493  
0.657951  0.0772128  5.67881  
2.02001  0.0841098  0.567889  
0.860961  3.41714  2.07887  
1.63223  1.22803  3.06206  
1.20458  1.91732  3.91078  
0.230594  3.23627  3.49712  
0.237912  2.9826  3.98282  
1.27284  0.150958  4.65921  
0.0432187  0.0478222  6.0399  
1.26981  2.68457  2.38386  
1.31842  3.10591  0.0365388  
1.7617  0.141045  2.9012  
0.0254948  0.846395  5.86827  
1.08889  3.4087  0.182121  
0.622305  3.8395  0.1819  
1.28694  3.15789  0.0387937  
1.16568  2.31276  3.48306  
1.74897  2.04595  0.182142  
1.63601  0.370662  3.46333  
0.0176701  0.545548  5.94785  
1.34332  3.05945  0.0350796  
1.44528  2.87021  0.0353704  
1.51338  1.29483  3.46812  
0.412517  0.0265837  5.87943  
0.278283  0.019549  5.94902  
1.39918  2.95948  0.260739  
1.52226  0.178809  3.92998  
1.47922  2.801  0.0396444  
1.60684  0.188231  3.61451  
1.4406  0.172132  4.205  
0.127141  4.01565  0.179567  
0.00944903  0.216219  5.99483  
0.121636  0.0113163  5.99504  
0.262752  3.057  4.09699  0.262752  3.057  4.09699  
1.47378  2.81052  0.0347763  1.47378  2.81052  0.0347763  
2.02003  0.138577  0.178634  2.02003  0.138577  0.178634  
0.122025  0.0113154  5.99494  0.122025  0.0113154  5.99494  
0.127108  4.01562  0.179535  0.127108  4.01562  0.179535  
0.0980621  0.0999226  5.99659  0.0980621  0.0999226  5.99659  
1.04184  3.61411  0.377342  1.04184  3.61411  0.377342  
1.17113  0.233064  5.14895  1.17113  0.233064  5.14895  
0.00929927  0.216232  5.99482  0.00929927  0.216232  5.99482  
1.69893  0.179057  3.21616  1.7016  0.163692  3.22395  
0.262752  3.057  4.09699  0.262752  3.057  4.09699  
1.47378  2.81052  0.0347763  1.47378  2.81052  0.0347763  
2.02003  0.138577  0.178634  2.02003  0.138577  0.178634  
0.122025  0.0113154  5.99494  0.122025  0.0113154  5.99494  
0.127108  4.01562  0.179535  0.127108  4.01562  0.179535  
0.0980621  0.0999226  5.99659  0.0980621  0.0999226  5.99659  
1.04184  3.61411  0.377342  1.04184  3.61411  0.377342  
1.17113  0.233064  5.14895  1.17113  0.233064  5.14895  
0.00929927  0.216232  5.99482  0.00929927  0.216232  5.99482  
1.69893  0.179057  3.21616  1.69893  0.179057  3.21616  
0.262752  3.057  4.09699  0.262752  3.057  4.09699  
1.47378  2.81052  0.0347763  1.47378  2.81052  0.0347763  
2.02003  0.138577  0.178634  2.02003  0.138577  0.178634  
0.122025  0.0113154  5.99494  0.153838  0.0451538  6.02692  
0.127108  4.01562  0.179535  0.127108  4.01562  0.179535  
0.0980621  0.0999226  5.99659  0.0980621  0.0999226  5.99659  
1.04184  3.61411  0.377342  1.04184  3.61411  0.377342  
1.17113  0.233064  5.14895  1.17113  0.233064  5.14895  
0.00929927  0.216232  5.99482  0.00929927  0.216232  5.99482  
1.69893  0.179057  3.21616  1.69893  0.179057  3.21616  
0.262752  3.057  4.09699  0.262752  3.057  4.09699  
1.47378  2.81052  0.0347763  1.47378  2.81052  0.0347763  
2.02003  0.138577  0.178634  2.02003  0.138577  0.178634  
0.122025  0.0113154  5.99494  0.122025  0.0113154  5.99494  
0.127108  4.01562  0.179535  0.127108  4.01562  0.179535  
0.0980621  0.0999226  5.99659  0.0980621  0.0999226  5.99659  
1.04184  3.61411  0.377342  1.04184  3.61411  0.377342  
1.17113  0.233064  5.14895  1.17113  0.233064  5.14895  
0.00929927  0.216232  5.99482  0.00929927  0.216232  5.99482  
1.69893  0.179057  3.21616  1.69893  0.179057  3.21616  
0.262752  3.057  4.09699  0.262752  3.057  4.09699  
1.47378  2.81052  0.0347763  1.47378  2.81052  0.0347763  
2.02003  0.138577  0.178634  2.02003  0.138577  0.178634  
0.122025  0.0113154  5.99494  0.122025  0.0113154  5.99494  
0.127108  4.01562  0.179535  0.127108  4.01562  0.179535  
0.0980621  0.0999226  5.99659  0.0980621  0.0999226  5.99659  
1.04184  3.61411  0.377342  1.04184  3.61411  0.377342  
1.17113  0.233064  5.14895  1.17113  0.233064  5.14895  
0.00929927  0.216232  5.99482  0.00929927  0.216232  5.99482  
1.69893  0.179057  3.21616  1.69893  0.179057  3.21616  
0.262752  3.057  4.09699  0.262752  3.057  4.09699  
1.47378  2.81052  0.0347763  0.985462  1.86093  4.56214  
2.02003  0.138577  0.178634  2.02003  0.138577  0.178634  
0.122025  0.0113154  5.99494  0.122025  0.0113154  5.99494  
0.127108  4.01562  0.179535  0.127108  4.01562  0.179535  
0.0980621  0.0999226  5.99659  0.0980621  0.0999226  5.99659  
1.04184  3.61411  0.377342  1.04184  3.61411  0.377342  
1.17113  0.233064  5.14895  1.17113  0.233064  5.14895  
0.00929927  0.216232  5.99482  0.00929927  0.216232  5.99482  
1.69893  0.179057  3.21616  1.69893  0.179057  3.21616  
0.262752  3.057  4.09699  0.262752  3.057  4.09699  
1.47378  2.81052  0.0347763  1.47378  2.81052  0.0347763  
2.02003  0.138577  0.178634  2.02003  0.138577  0.178634  
0.122025  0.0113154  5.99494  0.122025  0.0113154  5.99494  
0.127108  4.01562  0.179535  0.127108  4.01562  0.179535  
0.0980621  0.0999226  5.99659  0.0980621  0.0999226  5.99659  
1.04184  3.61411  0.377342  1.04184  3.61411  0.377342  
1.17113  0.233064  5.14895  1.17113  0.233064  5.14895  
0.00929927  0.216232  5.99482  0.00929927  0.216232  5.99482  
1.69893  0.179057  3.21616  1.69893  0.179057  3.21616  
0.262752  3.057  4.09699  0.262752  3.057  4.09699  
1.47378  2.81052  0.0347763  1.03441  1.95805  4.35976  
2.02003  0.138577  0.178634  2.02003  0.138577  0.178634  
0.122025  0.0113154  5.99494  0.122025  0.0113154  5.99494  
0.127108  4.01562  0.179535  0.127108  4.01562  0.179535  
0.0980621  0.0999226  5.99659  0.0980621  0.0999226  5.99659  
1.04184  3.61411  0.377342  1.04184  3.61411  0.377342  
1.17113  0.233064  5.14895  1.17113  0.233064  5.14895  
0.00929927  0.216232  5.99482  0.00929927  0.216232  5.99482  
1.69893  0.179057  3.21616  1.69893  0.179057  3.21616  
0.262752  3.057  4.09699  0.262752  3.057  4.09699  
1.47378  2.81052  0.0347763  1.47378  2.81052  0.0347763  
2.02003  0.138577  0.178634  2.02003  0.138577  0.178634  
0.122025  0.0113154  5.99494  0.122025  0.0113154  5.99494  
0.127108  4.01562  0.179535  0.127108  4.01562  0.179535  
0.0980621  0.0999226  5.99659  0.0980621  0.0999226  5.99659  
1.04184  3.61411  0.377342  1.04184  3.61411  0.377342  
1.17113  0.233064  5.14895  1.17113  0.233064  5.14895  
0.00929927  0.216232  5.99482  0.0382774  0.24523  6.02379  
1.69893  0.179057  3.21616  1.69893  0.179057  3.21616  
0.262752  3.057  4.09699  0.262752  3.057  4.09699  
1.47378  2.81052  0.0347763  1.47378  2.81052  0.0347763  
2.02003  0.138577  0.178634  2.02003  0.138577  0.178634  
0.122025  0.0113154  5.99494  0.122025  0.0113154  5.99494  
0.127108  4.01562  0.179535  0.127108  4.01562  0.179535  
0.0980621  0.0999226  5.99659  0.0980621  0.0999226  5.99659  
1.04184  3.61411  0.377342  1.04184  3.61411  0.377342  
1.17113  0.233064  5.14895  1.17113  0.233064  5.14895  
0.00929927  0.216232  5.99482  0.00929927  0.216232  5.99482  
1.69893  0.179057  3.21616  1.69893  0.179057  3.21616  
0.934842  3.02221  2.83014  
0.94032  3.55491  0.179255  
1.96159  0.124277  1.29283  
0.235804  1.44593  5.56711  
0.732937  2.66954  3.94115  
1.76076  1.23533  2.28318  
2.00974  0.11622  0.172274  
1.91462  0.116355  1.79117  
0.982738  3.37768  1.35829  
0.495272  3.88172  0.491825  
1.21358  3.21001  0.183047  
0.745291  1.73435  4.97591  
1.32804  2.21133  3.08399  
0.694463  3.19412  2.99521  
1.31557  2.39285  2.80369  
1.08675  3.05412  2.13926  
1.60517  2.4137  0.183746  
1.97761  0.685555  0.18853  
1.80572  1.40912  1.58123  
1.88889  1.35856  0.167437  
1.61493  1.60117  2.65681  
0.948976  0.948546  5.10939  
0.249587  2.68371  4.41298  
1.93671  1.04481  0.196596  
0.135307  3.69386  2.29068  
0.104732  3.82356  1.7642  
1.48536  2.13388  2.52219  
1.42421  2.49202  2.04047  
0.750961  2.2056  4.5084  
0.253774  1.9676  5.20129  
0.647672  3.44965  2.41983  
0.107517  3.93596  1.06639  
1.12889  2.69765  2.94734  
0.597626  3.71944  1.46  
0.767805  3.61174  1.33066  
0.738976  2.47279  4.22501  
1.87206  0.147263  2.19089  
1.3736  1.82782  3.45425  
2.08399  0.659233  0.153464  
1.50966  2.63993  0.279421  
0.809846  3.67275  0.346782  
0.977907  2.18124  4.12228  
0.981812  1.91556  4.43391  
0.727496  2.86155  3.6169  
0.977569  1.45244  4.80478  
1.54321  2.3139  1.75196  
0.225864  2.22291  4.96274  
0.249187  2.46049  4.69406  
1.14517  0.879242  4.80278  
0.447144  3.49406  2.67216  
0.865369  0.112307  5.42346  
1.06198  0.150396  5.09909  
0.933739  2.80226  3.2747  
0.221508  3.37449  3.17905  
1.8501  1.57865  0.174656  
1.58829  1.9896  2.19919  
1.79625  1.79785  0.285846  
0.986908  2.48335  3.6936  
0.720459  0.952963  5.43716  
1.18321  1.41765  4.38471  
1.51086  1.71855  3.01528  
1.66942  2.23824  0.173604  
1.31942  0.854209  4.35256  
1.70125  1.88063  1.5764  
1.36155  1.35971  3.92493  
0.657951  0.0772128  5.67881  
2.02001  0.0841098  0.567889  
1.63223  1.22803  3.06206  
1.20458  1.91732  3.91078  
0.230594  3.23627  3.49712  
0.237912  2.9826  3.98282  
1.27284  0.150958  4.65921  
0.0432187  0.0478222  6.0399  
1.31842  3.10591  0.0365388  
0.0254948  0.846395  5.86827  
1.08889  3.4087  0.182121  
0.622305  3.8395  0.1819  
1.16568  2.31276  3.48306  
0.0176701  0.545548  5.94785  
1.34332  3.05945  0.0350796  
1.51338  1.29483  3.46812  
1.76458  0.162302  2.88299  
0.279291  0.0195647  5.94855  
1.82371  0.15073  2.53556  
1.29032  2.81623  2.13918  
1.75186  2.02371  0.210442  
1.30272  2.60071  2.62487  
1.39122  2.9521  0.226027  
0.439767  0.0279638  5.86174  
1.63652  0.349452  3.46599  
1.52366  0.178958  3.92509  
1.42159  2.83877  1.02968  
1.4815  2.79678  0.0362473  
1.60648  0.188185  3.61595  
1.42655  0.130009  4.24699  
0.00929927  0.216232  5.99482  
0.122025  0.0113154  5.99494  
0.127108  4.01562  0.179535  
1.47378  2.81052  0.0347763  
1.69893  0.179057  3.21616  
0.262258  3.05765  4.096  0.262258  3.05765  4.096  
1.47671  2.79971  0.0333471  1.4291  2.71048  1.63292  
2.01994  0.138472  0.17854  2.01994  0.138472  0.17854  
0.122487  0.0113162  5.99483  0.122487  0.0113162  5.99483  
0.127078  4.01559  0.179504  0.127078  4.01559  0.179504  
0.0979608  0.100317  5.99659  0.0979608  0.100317  5.99659  
1.03932  3.61675  0.376345  1.03932  3.61675  0.376345  
1.17109  0.23243  5.14905  1.17109  0.23243  5.14905  
0.00842383  0.216166  5.99427  0.00842383  0.216166  5.99427  
1.70084  0.179874  3.20651  1.70084  0.179874  3.20651  
0.262258  3.05765  4.096  0.262258  3.05765  4.096  
1.47671  2.79971  0.0333471  1.47671  2.79971  0.0333471  
2.01994  0.138472  0.17854  2.01994  0.138472  0.17854  
0.122487  0.0113162  5.99483  0.122487  0.0113162  5.99483  
0.127078  4.01559  0.179504  0.127078  4.01559  0.179504  
0.0979608  0.100317  5.99659  0.0979608  0.100317  5.99659  
1.03932  3.61675  0.376345  1.03932  3.61675  0.376345  
1.17109  0.23243  5.14905  1.15892  0.213409  5.17457  
0.00842383  0.216166  5.99427  0.00842383  0.216166  5.99427  
1.70084  0.179874  3.20651  1.70084  0.179874  3.20651  
0.262258  3.05765  4.096  0.262258  3.05765  4.096  
1.47671  2.79971  0.0333471  1.20828  2.28942  3.51799  
2.01994  0.138472  0.17854  2.01994  0.138472  0.17854  
0.122487  0.0113162  5.99483  0.122487  0.0113162  5.99483  
0.127078  4.01559  0.179504  0.127078  4.01559  0.179504  
0.0979608  0.100317  5.99659  0.0979608  0.100317  5.99659  
1.03932  3.61675  0.376345  1.03932  3.61675  0.376345  
1.17109  0.23243  5.14905  1.17109  0.23243  5.14905  
0.00842383  0.216166  5.99427  0.00842383  0.216166  5.99427  
1.70084  0.179874  3.20651  1.70084  0.179874  3.20651  
0.262258  3.05765  4.096  0.262258  3.05765  4.096  
1.47671  2.79971  0.0333471  1.47671  2.79971  0.0333471  
2.01994  0.138472  0.17854  2.01994  0.138472  0.17854  
0.122487  0.0113162  5.99483  0.122487  0.0113162  5.99483  
0.127078  4.01559  0.179504  0.127078  4.01559  0.179504  
0.0979608  0.100317  5.99659  0.0979608  0.100317  5.99659  
1.03932  3.61675  0.376345  1.03932  3.61675  0.376345  
1.17109  0.23243  5.14905  1.17109  0.23243  5.14905  
0.00842383  0.216166  5.99427  0.00842383  0.216166  5.99427  
1.70084  0.179874  3.20651  1.70084  0.179874  3.20651  
0.262258  3.05765  4.096  0.262258  3.05765  4.096  
1.47671  2.79971  0.0333471  1.47671  2.79971  0.0333471  
2.01994  0.138472  0.17854  2.01994  0.138472  0.17854  
0.122487  0.0113162  5.99483  0.122487  0.0113162  5.99483  
0.127078  4.01559  0.179504  0.127078  4.01559  0.179504  
0.0979608  0.100317  5.99659  0.0979608  0.100317  5.99659  
1.03932  3.61675  0.376345  1.03932  3.61675  0.376345  
1.17109  0.23243  5.14905  1.17109  0.23243  5.14905  
0.00842383  0.216166  5.99427  0.00842383  0.216166  5.99427  
1.70084  0.179874  3.20651  1.70084  0.179874  3.20651  
0.262258  3.05765  4.096  0.262258  3.05765  4.096  
1.47671  2.79971  0.0333471  1.47671  2.79971  0.0333471  
2.01994  0.138472  0.17854  2.01994  0.138472  0.17854  
0.122487  0.0113162  5.99483  0.122487  0.0113162  5.99483  
0.127078  4.01559  0.179504  0.127078  4.01559  0.179504  
0.0979608  0.100317  5.99659  0.0979608  0.100317  5.99659  
1.03932  3.61675  0.376345  1.03932  3.61675  0.376345  
1.17109  0.23243  5.14905  1.17109  0.23243  5.14905  
0.00842383  0.216166  5.99427  0.00842383  0.216166  5.99427  
1.70084  0.179874  3.20651  1.70084  0.179874  3.20651  
0.262258  3.05765  4.096  0.262258  3.05765  4.096  
1.47671  2.79971  0.0333471  1.47671  2.79971  0.0333471  
2.01994  0.138472  0.17854  2.01994  0.138472  0.17854  
0.122487  0.0113162  5.99483  0.123058  0.0119305  5.99541  
0.127078  4.01559  0.179504  0.127078  4.01559  0.179504  
0.0979608  0.100317  5.99659  0.0979608  0.100317  5.99659  
1.03932  3.61675  0.376345  1.03932  3.61675  0.376345  
1.17109  0.23243  5.14905  1.17109  0.23243  5.14905  
0.00842383  0.216166  5.99427  0.00842383  0.216166  5.99427  
1.70084  0.179874  3.20651  1.70084  0.179874  3.20651  
0.262258  3.05765  4.096  0.262258  3.05765  4.096  
1.47671  2.79971  0.0333471  1.47671  2.79971  0.0333471  
2.01994  0.138472  0.17854  2.01994  0.138472  0.17854  
0.122487  0.0113162  5.99483  0.122487  0.0113162  5.99483  
0.127078  4.01559  0.179504  0.127078  4.01559  0.179504  
0.0979608  0.100317  5.99659  0.102896  0.105389  6.00156  
1.03932  3.61675  0.376345  1.03932  3.61675  0.376345  
1.17109  0.23243  5.14905  1.17109  0.23243  5.14905  
0.00842383  0.216166  5.99427  0.00842383  0.216166  5.99427  
1.70084  0.179874  3.20651  1.70084  0.179874  3.20651  
0.262258  3.05765  4.096  0.262258  3.05765  4.096  
1.47671  2.79971  0.0333471  1.47671  2.79971  0.0333471  
2.01994  0.138472  0.17854  2.01994  0.138472  0.17854  
0.122487  0.0113162  5.99483  0.122487  0.0113162  5.99483  
0.127078  4.01559  0.179504  0.127078  4.01559  0.179504  
0.0979608  0.100317  5.99659  0.0979608  0.100317  5.99659  
1.03932  3.61675  0.376345  1.03932  3.61675  0.376345  
1.17109  0.23243  5.14905  1.17109  0.23243  5.14905  
0.00842383  0.216166  5.99427  0.00842383  0.216166  5.99427  
1.70084  0.179874  3.20651  1.70084  0.179874  3.20651  
0.262258  3.05765  4.096  0.262258  3.05765  4.096  
1.47671  2.79971  0.0333471  1.47671  2.79971  0.0333471  
2.01994  0.138472  0.17854  2.01994  0.138472  0.17854  
0.122487  0.0113162  5.99483  0.0603293  0.225053  6.00119  
0.127078  4.01559  0.179504  0.127078  4.01559  0.179504  
0.0979608  0.100317  5.99659  0.0979608  0.100317  5.99659  
1.03932  3.61675  0.376345  1.03932  3.61675  0.376345  
1.17109  0.23243  5.14905  1.17109  0.23243  5.14905  
0.00842383  0.216166  5.99427  0.00842383  0.216166  5.99427  
1.70084  0.179874  3.20651  1.70084  0.179874  3.20651  
0.934842  3.02221  2.83014  
0.94032  3.55491  0.179255  
1.96159  0.124277  1.29283  
0.235804  1.44593  5.56711  
0.732937  2.66954  3.94115  
1.76076  1.23533  2.28318  
2.00974  0.11622  0.172274  
1.91462  0.116355  1.79117  
0.982738  3.37768  1.35829  
0.495272  3.88172  0.491825  
1.21358  3.21001  0.183047  
0.745291  1.73435  4.97591  
1.32804  2.21133  3.08399  
0.694463  3.19412  2.99521  
1.31557  2.39285  2.80369  
1.08675  3.05412  2.13926  
1.60517  2.4137  0.183746  
1.97761  0.685555  0.18853  
1.80572  1.40912  1.58123  
1.88889  1.35856  0.167437  
1.61493  1.60117  2.65681  
0.948976  0.948546  5.10939  
0.249587  2.68371  4.41298  
1.93671  1.04481  0.196596  
0.135307  3.69386  2.29068  
0.104732  3.82356  1.7642  
1.48536  2.13388  2.52219  
1.42421  2.49202  2.04047  
0.750961  2.2056  4.5084  
0.253774  1.9676  5.20129  
0.647672  3.44965  2.41983  
0.107517  3.93596  1.06639  
1.12889  2.69765  2.94734  
0.597626  3.71944  1.46  
0.767805  3.61174  1.33066  
0.738976  2.47279  4.22501  
1.87206  0.147263  2.19089  
1.3736  1.82782  3.45425  
2.08399  0.659233  0.153464  
1.50966  2.63993  0.279421  
0.809846  3.67275  0.346782  
0.977907  2.18124  4.12228  
0.981812  1.91556  4.43391  
0.727496  2.86155  3.6169  
0.977569  1.45244  4.80478  
1.54321  2.3139  1.75196  
0.225864  2.22291  4.96274  
0.249187  2.46049  4.69406  
1.14517  0.879242  4.80278  
0.447144  3.49406  2.67216  
0.865369  0.112307  5.42346  
1.06198  0.150396  5.09909  
0.933739  2.80226  3.2747  
0.221508  3.37449  3.17905  
1.8501  1.57865  0.174656  
1.58829  1.9896  2.19919  
1.79625  1.79785  0.285846  
0.986908  2.48335  3.6936  
0.720459  0.952963  5.43716  
1.18321  1.41765  4.38471  
1.51086  1.71855  3.01528  
1.66942  2.23824  0.173604  
1.31942  0.854209  4.35256  
1.70125  1.88063  1.5764  
1.36155  1.35971  3.92493  
0.657951  0.0772128  5.67881  
2.02001  0.0841098  0.567889  
1.63223  1.22803  3.06206  
1.20458  1.91732  3.91078  
0.230594  3.23627  3.49712  
0.237912  2.9826  3.98282  
1.27284  0.150958  4.65921  
0.0432187  0.0478222  6.0399  
1.31842  3.10591  0.0365388  
0.0254948  0.846395  5.86827  
1.08889  3.4087  0.182121  
0.622305  3.8395  0.1819  
1.16568  2.31276  3.48306  
1.34332  3.05945  0.0350796  
1.51338  1.29483  3.46812  
1.82371  0.15073  2.53556  
1.75186  2.02371  0.210442  
0.443176  0.0281373  5.85944  
1.76726  0.167797  2.869  
1.56767  2.59913  0.0361385  
1.32523  2.64827  2.44508  
1.14505  2.52358  3.21682  
1.21695  3.00698  1.80602  
1.52281  0.162021  3.92958  
1.39159  2.95121  0.22591  
1.41912  0.151622  4.264  
1.43454  2.86563  0.202384  
1.63674  0.173445  3.49373  
0.0171504  0.54904  5.94648  
0.279806  0.0195595  5.94829  
1.71802  0.181597  3.12302  
0.122487  0.0113162  5.99483  
0.00842383  0.216166  5.99427  
0.127078  4.01559  0.179504  
1.47671  2.79971  0.0333471  
0.262186  3.05756  4.09609  0.262186  3.05756  4.09609  
1.47659  2.79958  0.0332234  1.47659  2.79958  0.0332234  
2.01994  0.138473  0.178539  2.01994  0.138473  0.178539  
0.12252  0.0106902  5.99404  0.12252  0.0106902  5.99404  
0.127078  4.01559  0.179504  0.127078  4.01559  0.179504  
0.098081  0.0998458  5.99659  0.098081  0.0998458  5.99659  
1.03932  3.61676  0.376259  1.03932  3.61676  0.376259  
1.1711  0.232513  5.14903  1.1711  0.232513  5.14903  
0.0089265  0.215643  5.99421  0.0089265  0.215643  5.99421  
1.699  0.179114  3.20305  1.699  0.179114  3.20305  
0.262186  3.05756  4.09609  0.262186  3.05756  4.09609  
1.47659  2.79958  0.0332234  1.47659  2.79958  0.0332234  
2.01994  0.138473  0.178539  2.01994  0.138473  0.178539  
0.12252  0.0106902  5.99404  0.12252  0.0106902  5.99404  
0.127078  4.01559  0.179504  0.127078  4.01559  0.179504  
0.098081  0.0998458  5.99659  0.098081  0.0998458  5.99659  
1.03932  3.61676  0.376259  1.03932  3.61676  0.376259  
1.1711  0.232513  5.14903  1.1711  0.232513  5.14903  
0.0089265  0.215643  5.99421  0.0089265  0.215643  5.99421  
1.699  0.179114  3.20305  1.69935  0.17964  3.20221  
0.262186  3.05756  4.09609  0.262186  3.05756  4.09609  
1.47659  2.79958  0.0332234  1.47659  2.79958  0.0332234  
2.01994  0.138473  0.178539  2.01994  0.138473  0.178539  
0.12252  0.0106902  5.99404  0.12252  0.0106902  5.99404  
0.127078  4.01559  0.179504  0.127078  4.01559  0.179504  
0.098081  0.0998458  5.99659  0.098081  0.0998458  5.99659  
1.03932  3.61676  0.376259  1.03932  3.61676  0.376259  
1.1711  0.232513  5.14903  1.1711  0.232513  5.14903  
0.0089265  0.215643  5.99421  0.0089265  0.215643  5.99421  
1.699  0.179114  3.20305  1.699  0.179114  3.20305  
0.262186  3.05756  4.09609  0.262186  3.05756  4.09609  
1.47659  2.79958  0.0332234  1.47659  2.79958  0.0332234  
2.01994  0.138473  0.178539  2.01994  0.138473  0.178539  
0.12252  0.0106902  5.99404  0.12252  0.0106902  5.99404  
0.127078  4.01559  0.179504  0.127078  4.01559  0.179504  
0.098081  0.0998458  5.99659  0.098081  0.0998458  5.99659  
1.03932  3.61676  0.376259  1.03932  3.61676  0.376259  
1.1711  0.232513  5.14903  1.1711  0.232513  5.14903  
0.0089265  0.215643  5.99421  0.0089265  0.215643  5.99421  
1.699  0.179114  3.20305  1.699  0.179114  3.20305  
0.262186  3.05756  4.09609  0.262186  3.05756  4.09609  
1.47659  2.79958  0.0332234  1.47659  2.79958  0.0332234  
2.01994  0.138473  0.178539  2.01994  0.138473  0.178539  
0.12252  0.0106902  5.99404  0.12252  0.0106902  5.99404  
0.127078  4.01559  0.179504  0.127078  4.01559  0.179504  
0.098081  0.0998458  5.99659  0.098081  0.0998458  5.99659  
1.03932  3.61676  0.376259  1.03932  3.61676  0.376259  
1.1711  0.232513  5.14903  1.1711  0.232513  5.14903  
0.0089265  0.215643  5.99421  0.0089265  0.215643  5.99421  
1.699  0.179114  3.20305  1.699  0.179114  3.20305  
0.262186  3.05756  4.09609  0.262186  3.05756  4.09609  
1.47659  2.79958  0.0332234  1.47659  2.79958  0.0332234  
2.01994  0.138473  0.178539  2.01994  0.138473  0.178539  
0.12252  0.0106902  5.99404  0.12252  0.0106902  5.99404  
0.127078  4.01559  0.179504  0.143008  4.03148  0.197725  
0.098081  0.0998458  5.99659  0.098081  0.0998458  5.99659  
1.03932  3.61676  0.376259  1.03932  3.61676  0.376259  
1.1711  0.232513  5.14903  1.1711  0.232513  5.14903  
0.0089265  0.215643  5.99421  0.0089265  0.215643  5.99421  
1.699  0.179114  3.20305  1.699  0.179114  3.20305  
0.262186  3.05756  4.09609  0.262186  3.05756  4.09609  
1.47659  2.79958  0.0332234  1.47659  2.79958  0.0332234  
2.01994  0.138473  0.178539  2.01994  0.138473  0.178539  
0.12252  0.0106902  5.99404  0.12252  0.0106902  5.99404  
0.127078  4.01559  0.179504  0.127078  4.01559  0.179504  
0.098081  0.0998458  5.99659  0.098081  0.0998458  5.99659  
1.03932  3.61676  0.376259  1.03932  3.61676  0.376259  
1.1711  0.232513  5.14903  1.1711  0.232513  5.14903  
0.0089265  0.215643  5.99421  0.0089265  0.215643  5.99421  
1.699  0.179114  3.20305  1.699  0.179114  3.20305  
0.262186  3.05756  4.09609  0.262186  3.05756  4.09609  
1.47659  2.79958  0.0332234  1.47659  2.79958  0.0332234  
2.01994  0.138473  0.178539  2.01994  0.138473  0.178539  
0.12252  0.0106902  5.99404  0.12252  0.0106902  5.99404  
0.127078  4.01559  0.179504  0.127078  4.01559  0.179504  
0.098081  0.0998458  5.99659  0.098081  0.0998458  5.99659  
1.03932  3.61676  0.376259  1.03932  3.61676  0.376259  
1.1711  0.232513  5.14903  1.1711  0.232513  5.14903  
0.0089265  0.215643  5.99421  0.0089265  0.215643  5.99421  
1.699  0.179114  3.20305  1.699  0.179114  3.20305  
0.262186  3.05756  4.09609  0.262186  3.05756  4.09609  
1.47659  2.79958  0.0332234  1.47659  2.79958  0.0332234  
2.01994  0.138473  0.178539  2.01994  0.138473  0.178539  
0.12252  0.0106902  5.99404  0.142651  0.0311465  6.01409  
0.127078  4.01559  0.179504  0.127078  4.01559  0.179504  
0.098081  0.0998458  5.99659  0.098081  0.0998458  5.99659  
1.03932  3.61676  0.376259  1.03932  3.61676  0.376259  
1.1711  0.232513  5.14903  1.1711  0.232513  5.14903  
0.0089265  0.215643  5.99421  0.0089265  0.215643  5.99421  
1.699  0.179114  3.20305  1.699  0.179114  3.20305  
0.262186  3.05756  4.09609  0.262186  3.05756  4.09609  
1.47659  2.79958  0.0332234  1.47659  2.79958  0.0332234  
2.01994  0.138473  0.178539  2.01994  0.138473  0.178539  
0.12252  0.0106902  5.99404  0.12252  0.0106902  5.99404  
0.127078  4.01559  0.179504  0.127078  4.01559  0.179504  
0.098081  0.0998458  5.99659  0.129723  0.123279  5.99765  
1.03932  3.61676  0.376259  1.03932  3.61676  0.376259  
1.1711  0.232513  5.14903  1.1711  0.232513  5.14903  
0.0089265  0.215643  5.99421  0.0089265  0.215643  5.99421  
1.699  0.179114  3.20305  1.699  0.179114  3.20305  
0.934842  3.02221  2.83014  
0.94032  3.55491  0.179255  
1.96159  0.124277  1.29283  
0.235804  1.44593  5.56711  
0.732937  2.66954  3.94115  
1.76076  1.23533  2.28318  
2.00974  0.11622  0.172274  
1.91462  0.116355  1.79117  
0.982738  3.37768  1.35829  
0.495272  3.88172  0.491825  
1.21358  3.21001  0.183047  
0.745291  1.73435  4.97591  
1.32804  2.21133  3.08399  
0.694463  3.19412  2.99521  
1.08675  3.05412  2.13926  
1.60517  2.4137  0.183746  
1.97761  0.685555  0.18853  
1.80572  1.40912  1.58123  
1.88889  1.35856  0.167437  
1.61493  1.60117  2.65681  
0.948976  0.948546  5.10939  
0.249587  2.68371  4.41298  
1.93671  1.04481  0.196596  
0.135307  3.69386  2.29068  
0.104732  3.82356  1.7642  
1.48536  2.13388  2.52219  
1.42421  2.49202  2.04047  
0.750961  2.2056  4.5084  
0.253774  1.9676  5.20129  
0.647672  3.44965  2.41983  
0.107517  3.93596  1.06639  
1.12889  2.69765  2.94734  
0.597626  3.71944  1.46  
0.767805  3.61174  1.33066  
0.738976  2.47279  4.22501  
1.87206  0.147263  2.19089  
1.3736  1.82782  3.45425  
2.08399  0.659233  0.153464  
1.50966  2.63993  0.279421  
0.809846  3.67275  0.346782  
0.977907  2.18124  4.12228  
0.981812  1.91556  4.43391  
0.727496  2.86155  3.6169  
0.977569  1.45244  4.80478  
1.54321  2.3139  1.75196  
0.225864  2.22291  4.96274  
0.249187  2.46049  4.69406  
1.14517  0.879242  4.80278  
0.447144  3.49406  2.67216  
0.865369  0.112307  5.42346  
1.06198  0.150396  5.09909  
0.933739  2.80226  3.2747  
0.221508  3.37449  3.17905  
1.8501  1.57865  0.174656  
1.58829  1.9896  2.19919  
1.79625  1.79785  0.285846  
0.986908  2.48335  3.6936  
0.720459  0.952963  5.43716  
1.18321  1.41765  4.38471  
1.51086  1.71855  3.01528  
1.66942  2.23824  0.173604  
1.31942  0.854209  4.35256  
1.70125  1.88063  1.5764  
1.36155  1.35971  3.92493  
0.657951  0.0772128  5.67881  
2.02001  0.0841098  0.567889  
1.63223  1.22803  3.06206  
1.20458  1.91732  3.91078  
0.230594  3.23627  3.49712  
0.237912  2.9826  3.98282  
1.31842  3.10591  0.0365388  
0.0254948  0.846395  5.86827  
1.08889  3.4087  0.182121  
0.622305  3.8395  0.1819  
1.16568  2.31276  3.48306  
1.51338  1.29483  3.46812  
1.75186  2.02371  0.210442  
1.14505  2.52358  3.21682  
1.21695  3.00698  1.80602  
1.81863  0.156848  2.56435  
1.57049  2.58918  0.0339863  
1.29147  2.76463  2.28742  
1.30494  2.60484  2.5852  
0.0366325  0.0405068  6.03238  
1.41985  0.151628  4.26038  
1.44206  2.86992  0.0336684  
0.0170726  0.548954  5.94639  
1.39387  2.95467  0.228604  
0.415185  0.0264203  5.87668  
1.76621  0.168048  2.87093  
1.32436  2.42297  2.88183  
1.27047  0.135269  4.6627  
0.279201  0.0189198  5.94761  
1.52018  0.161096  3.92949  
0.00891635  0.215644  5.99421  
1.63585  0.172779  3.48643  
1.72363  0.181605  3.08229  
0.12252  0.0106902  5.99404  
1.47659  2.79958  0.0332234  
0.127078  4.01559  0.179504  
