2.63757  2.65634  2.22176  2.47414  
2.11673  2.93194  2.64026  2.43649  
2.25822  3.25659  1.78905  4.19819  
2.30762  2.2135  2.13209  3.2609  
2.59362  2.45794  2.21077  2.83871  
1.92897  4.09099  1.87166  4.02598  
2.0336  3.24281  1.65102  4.50665  
2.27971  3.80626  2.61994  2.60127  
1.31985  4.63223  2.44429  2.47001  
2.48781  3.07884  1.5985  4.65747  
2.38014  3.21708  2.49939  2.84543  
2.73745  2.27477  2.61932  2.12951  
2.24927  3.63142  2.65983  2.38946  
2.2424  3.77139  2.23199  3.4679  
1.74464  3.89407  1.71161  4.42181  
1.34853  4.70916  2.64602  2.51129  
2.37708  2.47548  2.60236  2.23149  
2.06393  3.56018  2.06377  3.8654  
2.07296  3.70908  2.77227  2.43167  
2.6032  1.933  2.34156  3.15778  
1.58517  4.26136  2.48683  3.12126  
2.44636  2.62772  2.76769  1.75329  
2.43099  2.60059  1.82635  4.13722  
2.76669  1.69258  2.36693  2.97535  
2.0778  4.08377  2.31318  3.65022  
1.7172  3.99212  2.65051  2.69713  
2.1233  3.95151  2.56529  2.57287  
2.55342  2.93329  2.20648  3.36375  
1.5435  4.17145  2.43856  2.89562  
2.49371  3.1721  2.33984  2.81689  
2.74278  2.24304  2.7906  1.59071  
0.893274  4.26484  2.46551  2.69072  
2.45912  2.87235  2.33113  2.09963  
2.39209  3.26157  1.99606  3.96863  
1.70481  4.04442  2.5496  2.67539  
2.57378  2.28364  2.62586  2.49342  
2.52987  3.08328  2.2267  2.79023  
2.61402  2.20069  2.17852  3.22439  
2.40988  2.2763  2.41796  2.72095  
2.27879  3.44397  2.62277  2.33966  
2.36018  3.20269  2.17708  3.82735  
2.38468  3.11208  2.41471  3.02583  
0.805363  4.68552  2.52977  2.39989  
2.66138  1.88618  2.36632  2.8703  
2.58329  2.75199  2.09851  3.44795  
2.82414  1.83888  1.27368  4.2223  
2.6943  1.86209  2.16269  3.84296  
2.6442  2.9842  2.58483  2.45499  
1.05628  4.6693  1.91897  4.35028  
2.68244  2.22272  2.64757  2.53569  
2.30546  3.37868  1.60985  3.89837  
2.23044  3.33109  2.4194  2.37412  
2.63401  1.98895  2.57761  2.93309  
1.71165  3.97182  2.67763  2.27005  
2.52082  2.81034  2.5166  2.23656  
1.21475  4.47619  2.28426  3.24031  
1.1922  4.72399  2.44646  2.94671  
0.615055  4.51894  2.51513  2.11303  
1.47736  4.69319  2.56706  2.31518  
2.50732  2.63344  1.94651  4.11815  
2.57159  2.46742  2.4015  2.97847  
0.624591  4.5026  2.58675  2.87916  
2.44658  2.82375  2.4086  2.57431  
2.4257  2.92873  2.63564  2.8482  
2.08377  3.49988  2.25401  2.96161  
2.41381  3.15032  2.41392  3.13362  
2.4386  2.05102  2.39127  3.57532  
2.49308  2.70084  2.33863  3.13124  
1.6757  3.97795  2.36983  2.80717  
1.65268  4.27953  2.5454  2.88275  
2.1798  3.85551  1.40776  4.57699  
2.41207  2.06807  1.85884  3.91879  
2.36234  3.61591  2.71546  2.55775  
2.27822  3.49955  2.25166  3.09138  
1.87825  4.17415  2.36739  3.10775  
0.820985  4.71471  2.00915  4.06794  
2.48453  3.28741  2.31244  3.05913  
2.23126  3.23199  1.58978  4.33838  
2.22998  3.8734  2.04107  3.97599  
2.3117  3.45186  2.07786  3.82957  
2.1999  3.44403  1.71934  3.70552  
2.48268  1.87322  2.18202  3.58791  
2.13004  3.95559  2.54868  2.92052  
1.19489  4.44147  1.49008  4.71126  
2.27171  3.27789  2.5978  2.42603  
2.49046  2.55587  2.60352  2.36639  
2.60309  2.32063  2.25465  3.08803  
2.18456  2.66799  2.56509  3.12307  
2.48031  2.58186  2.51891  3.10073  
1.20178  4.84475  2.51031  2.19419  
2.32822  3.59527  2.01708  4.03333  
1.55495  4.46202  2.18366  3.92033  
2.37246  2.67742  2.51739  2.74901  
2.22192  2.3891  2.49583  3.21867  
2.52571  3.0167  1.57332  4.55661  
2.25952  3.30846  2.32764  3.22032  
1.06763  4.58771  2.3034  3.39686  
2.59474  1.92736  2.51752  2.75301  
2.61342  2.57667  2.50704  2.27211  
2.04561  3.97137  2.73012  2.27296  
2.11673  2.93194  
2.30762  2.2135  
2.0336  3.24281  
2.22176  2.47414  
2.48268  1.87322  
2.18456  2.66799  
2.7906  1.59071  
2.33113  2.09963  
1.27368  4.2223  
1.60985  3.89837  
0.615055  4.51894  
0.624591  4.5026  
2.4386  2.05102  
2.6943  1.86209  
2.41207  2.06807  
2.76669  1.69258  
1.5435  4.17145  
2.22192  2.3891  
1.71934  3.70552  
0.893274  4.26484  
2.49939  2.84543  
2.61932  2.12951  
2.65983  2.38946  
2.23199  3.4679  
1.71161  4.42181  
2.64602  2.51129  
2.60236  2.23149  
2.06377  3.8654  
2.77227  2.43167  
2.34156  3.15778  
2.48683  3.12126  
2.76769  1.75329  
1.82635  4.13722  
2.36693  2.97535  
2.31318  3.65022  
2.65051  2.69713  
2.56529  2.57287  
2.20648  3.36375  
2.43856  2.89562  
2.33984  2.81689  
2.1999  3.44403  
2.48268  1.87322  
2.13004  3.95559  
1.19489  4.44147  
2.27171  3.27789  
2.49046  2.55587  
2.60309  2.32063  
2.18456  2.66799  
2.48031  2.58186  
1.20178  4.84475  
2.7906  1.59071  
2.46551  2.69072  
2.33113  2.09963  
1.99606  3.96863  
2.5496  2.67539  
2.62586  2.49342  
2.2267  2.79023  
2.17852  3.22439  
2.41796  2.72095  
2.62277  2.33966  
2.17708  3.82735  
2.41471  3.02583  
2.52977  2.39989  
2.36632  2.8703  
2.09851  3.44795  
1.27368  4.2223  
2.16269  3.84296  
2.58483  2.45499  
1.91897  4.35028  
2.64757  2.53569  
1.60985  3.89837  
2.4194  2.37412  
2.57761  2.93309  
2.67763  2.27005  
2.5166  2.23656  
2.28426  3.24031  
2.44646  2.94671  
2.51513  2.11303  
2.56706  2.31518  
1.94651  4.11815  
2.30546  3.37868  
2.23044  3.33109  
2.63401  1.98895  
1.71165  3.97182  
2.52082  2.81034  
1.21475  4.47619  
1.1922  4.72399  
0.615055  4.51894  
1.47736  4.69319  
2.50732  2.63344  
2.57159  2.46742  
0.624591  4.5026  
2.44658  2.82375  
2.4257  2.92873  
2.08377  3.49988  
2.41381  3.15032  
2.4386  2.05102  
2.49308  2.70084  
1.6757  3.97795  
1.65268  4.27953  
0.931208  3.71402  0.931208  3.71402  
1.92707  1.34703  1.92707  1.34703  
1.71454  2.2988  1.71454  2.2988  
2.15515  0.360911  2.15515  0.360911  
1.44694  3.04503  1.44694  3.04503  
0.158063  4.09327  0.218659  4.15386  
2.05198  0.254112  2.05198  0.254112  
1.25263  3.35894  1.25263  3.35894  
1.87394  2.05615  1.87394  2.05615  
1.59977  2.78034  1.59977  2.78034  
0.754706  3.76557  0.822107  3.80865  
1.66817  2.26965  1.66817  2.26965  
1.91654  1.24644  1.91654  1.24644  
1.16125  3.5499  1.16125  3.5499  
0.158076  4.09328  0.158076  4.09328  
1.84586  2.03281  1.84586  2.03281  
2.0319  0.224784  2.0319  0.224784  
1.2838  3.26701  1.2838  3.26701  
1.50096  2.94268  1.50096  2.94268  
1.88628  1.88781  1.88628  1.88781  
0.989905  3.54222  0.989905  3.54222  
1.66855  2.26867  1.66855  2.26867  
1.91298  1.29087  1.91298  1.29087  
1.48153  3.12996  1.48153  3.12996  
0.158076  4.09328  0.158076  4.09328  
0.844234  4.04706  0.844234  4.04706  
2.03189  0.224543  2.03189  0.224543  
1.29564  3.24799  1.29564  3.24799  
1.54563  2.85164  1.54563  2.85164  
0.695591  3.91253  1.23098  3.43288  
1.35512  3.20226  1.35512  3.20226  
1.87033  1.56117  1.90389  1.5847  
1.02106  3.48068  1.02106  3.48068  
1.76501  2.29763  1.76501  2.29763  
2.01542  0.209542  2.01542  0.209542  
0.370726  4.30586  0.370726  4.30586  
1.52673  2.64041  1.52673  2.64041  
0.770097  3.86141  0.770097  3.86141  
2.66436  1.0193  2.66436  1.0193  
0.104159  4.03936  0.104159  4.03936  
1.90832  1.78605  1.90832  1.78605  
1.41244  2.96897  1.41244  2.96897  
0.109129  4.0065  0.20866  4.08873  
1.76119  1.98114  1.76119  1.98114  
1.30191  3.28539  1.30191  3.28539  
1.0236  3.45851  1.0236  3.45851  
0.704823  3.77715  0.704823  3.77715  
1.58112  2.50702  1.58112  2.50702  
2.03962  0.0803787  2.03962  0.0803787  
1.95048  1.08714  1.95048  1.08714  
1.81647  2.08738  1.81647  2.08738  
1.28303  3.10979  1.28303  3.10979  
1.90354  1.33622  1.81156  1.80708  
0.780932  3.70388  0.780932  3.70388  
1.63426  2.65374  1.63426  2.65374  
2.02309  0.214617  2.02309  0.214617  
1.53329  2.87782  1.53329  2.87782  
0.14001  3.99751  0.14001  3.99751  
1.13465  3.51907  1.13465  3.51907  
1.73272  2.39419  1.73272  2.39419  
1.9404  1.35974  1.9404  1.35974  
1.19846  3.22445  1.19846  3.22445  
0.825771  3.81917  0.825771  3.81917  
0.158049  4.09325  0.158049  4.09325  
0.583474  3.97482  0.583474  3.97482  
1.5938  2.46946  1.5938  2.46946  
1.79032  1.84785  1.79032  1.84785  
1.47561  2.99282  1.47561  2.99282  
2.01909  0.214129  2.00071  0.632228  
1.02606  3.63588  1.02606  3.63588  
1.86283  1.9235  1.86283  1.9235  
1.00237  3.50408  1.00237  3.50408  
1.92258  1.22826  1.92258  1.22826  
0.591604  3.8405  0.591604  3.8405  
1.44834  3.04327  1.44834  3.04327  
2.02453  0.217639  2.02453  0.217639  
1.30258  3.28733  1.30258  3.28733  
1.68832  2.18222  1.68832  2.18222  
0.158083  4.09329  0.158083  4.09329  
1.57571  2.78791  1.62977  2.66869  
1.29443  3.25876  1.29443  3.25876  
1.47161  2.77987  1.47161  2.77987  
1.97765  1.3607  1.97765  1.3607  
0.959103  3.54697  0.959103  3.54697  
1.885  1.88527  1.885  1.88527  
2.03869  0.230735  2.03869  0.230735  
1.69505  2.50296  1.69505  2.50296  
0.566074  3.87267  0.567301  3.87418  
0.158198  4.0934  0.158198  4.0934  
1.79138  2.22682  1.79138  2.22682  
0.99075  3.5424  0.99075  3.5424  
1.66853  2.26871  1.66853  2.26871  
1.92292  1.21644  1.92292  1.21644  
1.48153  3.12996  1.48153  3.12996  
0.158076  4.09328  0.158076  4.09328  
1.84993  2.01806  1.16866  3.80809  
2.03189  0.224543  2.03189  0.224543  
1.29564  3.24799  1.29564  3.24799  
1.53915  2.8652  1.53915  2.8652  
0.695591  3.91253  0.695591  3.91253  
1.78809  1.84066  
1.81332  1.73906  
1.77723  1.87984  
1.79737  1.80164  
1.84252  1.60782  
1.82218  1.69888  
1.40512  2.86802  
1.43501  2.80767  
0.11052  4.00165  
1.11738  3.3341  
2.00705  0.397671  
2.01136  0.293408  
1.22432  3.18094  
1.53403  2.59046  
1.30673  3.04723  
1.67168  2.22412  
0.873809  3.61183  
1.56661  2.51129  
1.62662  2.35374  
1.32501  3.01491  
0.825396  3.65691  
1.28658  3.08058  
1.38478  2.90579  
1.16609  3.26616  
1.6872  2.17575  
1.72681  2.04778  
1.73778  2.01035  
1.00373  3.4737  
1.14362  3.29709  
1.75058  1.96428  
1.48315  2.70513  
1.26503  3.11595  
1.75964  1.93163  
1.0707  3.39382  
1.34826  2.97431  
1.09134  3.36751  
0.961525  3.52153  
0.663035  3.78527  
0.804121  3.67511  
1.51405  2.63582  
1.64194  2.3099  
0.853671  3.6306  
0.725348  3.74188  
0.753442  3.7175  
0.97683  3.5047  
1.65701  2.2665  
0.0924252  4.02739  
1.24222  3.15228  
1.04246  3.4286  
1.20899  3.20318  
0.778008  3.69722  
0.599458  3.82693  
0.415649  3.92215  
0.512783  3.87648  
2.02904  0.13214  
1.88791  1.36448  
0.295682  3.96468  
1.37223  2.92915  
1.98641  0.652348  
1.6981  2.14117  
1.9832  0.690714  
1.58141  2.47256  
0.937997  3.54638  
1.91619  1.244  
1.92342  1.19063  
2.0359  0.0859514  
1.4628  2.74848  
1.94874  1.0032  
0.702297  3.75678  
0.557329  3.85171  
1.95833  0.916086  
1.61322  2.38826  
0.228801  3.98165  
1.85723  1.539  
1.44812  2.77885  
1.97301  0.767373  
1.59489  2.43696  
1.93858  1.06325  
1.7154  2.08439  
0.343936  3.94908  
1.96297  0.872852  
1.92921  1.12965  
1.86901  1.48077  
1.41578  2.8446  
0.468958  3.89802  
1.82868  1.6701  
1.89943  1.31638  
0.38755  3.93315  
1.99404  0.501358  
0.169892  3.99306  
2.00083  0.475907  
1.49462  2.67876  
0.639436  3.80082  
1.87674  1.44092  
1.18943  3.23773  
0.902896  3.58212  
2.01415  0.211135  
2.03962  0.0803787  
1.54751  2.55604  
1.80528  1.76877  
2.0962  0.376449  0.759437  3.87076  
1.91265  1.29025  1.54832  2.86961  
1.7656  1.94963  0.114948  4.01469  
1.67486  2.55243  1.80148  1.83062  
2.01101  0.203139  2.01005  1.25282  
1.1288  3.52134  1.25739  3.15451  
1.44983  2.80133  0.956127  3.54945  
1.29403  3.29886  1.95125  1.4779  
0.784862  3.74415  2.04389  0.25741  
0.0846829  4.01983  1.62923  2.57101  
1.40581  3.11709  2.0962  0.376449  
1.88908  1.4186  1.89927  1.39477  
0.688712  3.78038  1.7656  1.94963  
1.03304  3.6309  1.67486  2.55243  
2.01107  0.203171  2.01101  0.203139  
1.62154  2.68051  1.1288  3.52134  
1.71972  2.1068  1.44983  2.80133  
1.51993  2.90344  1.29403  3.29886  
1.17958  3.31296  0.784862  3.74415  
0.084366  4.01954  0.0846829  4.01983  
1.08579  3.57201  1.40581  3.11709  
1.91543  1.27131  1.88908  1.4186  
1.78404  1.88141  0.688712  3.78038  
1.71041  2.46043  1.03304  3.6309  
2.011  0.203159  2.03011  0.376264  
1.38632  3.15226  1.62154  2.68051  
1.50307  2.6876  1.71972  2.1068  
1.24668  3.36771  1.51993  2.90344  
0.75823  3.76347  1.17958  3.31296  
0.0844629  4.01964  0.084366  4.01954  
1.16304  3.47866  1.08579  3.57201  
1.5094  2.75639  1.91543  1.27131  
0.104636  4.00429  1.78404  1.88141  
1.82817  1.69946  1.71041  2.46043  
0.709686  3.90216  2.011  0.203159  
1.27743  3.09994  1.38632  3.15226  
0.864908  3.62508  1.50307  2.6876  
1.66941  2.25188  1.24668  3.36771  
2.03011  0.0635166  0.75823  3.76347  
1.9513  1.07055  0.0963074  4.03149  
1.38458  3.15929  1.77282  2.9212  
1.48102  2.81631  1.5094  2.75639  
0.104591  4.00427  0.104636  4.00429  
1.82548  1.71258  1.82817  1.69946  
1.78242  2.24802  0.709686  3.90216  
1.11185  3.34484  1.27743  3.09994  
0.761122  3.71647  0.864908  3.62508  
1.6252  2.38084  1.66941  2.25188  
2.03011  0.0635166  2.03011  0.0635166  
1.95078  1.07177  1.9513  1.07055  
1.41981  3.09746  1.38458  3.15929  
1.50868  2.75774  1.48102  2.81631  
0.104594  4.00427  0.104591  4.00427  
1.82423  1.7179  1.82548  1.71258  
1.05041  3.61252  1.78242  2.24802  
1.17418  3.25892  1.11185  3.34484  
0.718728  3.74872  0.761122  3.71647  
1.65821  2.28566  1.6252  2.38084  
2.03011  0.0635166  2.03011  0.0635166  
1.94774  1.09384  2.29639  1.17927  
1.1193  3.5329  1.42936  3.08395  
1.47995  2.81852  1.50868  2.75774  
0.104623  4.00429  0.104594  4.00427  
1.82811  1.69918  1.82423  1.7179  
1.62835  2.67735  1.05041  3.61252  
1.26672  3.11735  1.17418  3.25892  
0.771604  3.71005  0.718728  3.74872  
1.66972  2.25093  1.65821  2.28566  
2.03011  0.0635166  2.03011  0.0635166  
1.95128  1.07051  1.94774  1.09384  
2.14857  0.424931  1.1193  3.5329  
1.46595  2.85023  1.47995  2.81852  
0.104622  4.00429  0.104623  4.00429  
1.82811  1.69918  1.82811  1.69918  
1.63649  2.6578  1.62835  2.67735  
1.24286  3.15704  1.26672  3.11735  
0.882987  3.61065  0.771604  3.71005  
1.67818  2.22488  1.66972  2.25093  
2.03011  0.0635166  2.0232  0.579347  
1.9513  1.07055  1.95128  1.07051  
0.759437  3.87076  2.14857  0.424931  
1.54832  2.86961  1.46595  2.85023  
0.114948  4.01469  0.104622  4.00429  
1.80148  1.83062  1.82811  1.69918  
2.01005  1.25282  1.63649  2.6578  
1.25739  3.15451  1.24286  3.15704  
0.956127  3.54945  0.882987  3.61065  
1.95125  1.4779  1.67818  2.22488  
2.04389  0.25741  2.03011  0.0635166  
1.62923  2.57101  1.9513  1.07055  
1.16278  3.47815  1.16278  3.47815  
1.89876  1.36724  1.89876  1.36724  
1.74566  2.01912  1.74566  2.01912  
0.701894  3.90792  0.701894  3.90792  
2.011  0.203159  2.011  0.203159  
1.43436  3.06867  1.50532  2.93446  
1.54916  2.58044  1.54916  2.58044  
1.30138  3.28768  1.30138  3.28768  
0.888119  3.65426  0.888119  3.65426  
0.0846789  4.01982  0.0846789  4.01982  
1.14362  3.29709  
1.75058  1.96428  
1.99404  0.501358  
2.00585  0.326341  
0.424995  3.91763  
0.963487  3.51856  
1.56434  2.51413  
0.638966  3.80081  
1.04549  3.42382  
0.66199  3.78512  
1.41139  2.85243  
0.912935  3.57141  
0.824078  3.65636  
1.97881  0.704847  
1.97132  0.782162  
1.98522  0.62581  
0.735964  3.73037  
1.99976  0.396048  
0.987505  3.49143  
1.53407  2.58699  
1.48312  2.70302  
1.50025  2.66666  
1.51556  2.63012  
1.54774  2.55405  
1.33317  2.99848  
0.380622  3.93524  
0.69225  3.76321  
1.16413  3.26725  
1.68291  2.18607  
1.37331  2.92529  
1.72641  2.046  
0.762609  3.70877  
1.90994  1.23108  
1.93694  1.04842  
1.62571  2.3526  
1.3525  2.96372  
1.79603  1.79036  
1.71216  2.09333  
1.73829  2.00537  
1.64215  2.30663  
1.92322  1.14526  
1.77232  1.88251  
1.46535  2.74131  
1.44754  2.77883  
1.95964  0.862666  
1.42954  2.81578  
1.82898  1.65256  
1.91584  1.19517  
1.9023  1.30129  
1.94981  0.949656  
1.87852  1.41274  
1.8675  1.47003  
1.88995  1.35029  
1.83621  1.62018  
1.39238  2.88971  
1.85906  1.51225  
1.66951  2.22752  
1.76236  1.92042  
1.78247  1.8447  
1.69984  2.13385  
1.57862  2.47903  
1.84783  1.56635  
1.59258  2.44219  
1.22147  3.18262  
1.0936  3.3629  
0.340043  3.94983  
0.607094  3.82109  
0.563371  3.84753  
1.65403  2.27231  
1.28916  3.07425  
1.12765  3.31776  
0.517879  3.87278  
0.944913  3.53784  
1.26369  3.11614  
1.60868  2.39886  
1.00449  3.47186  
1.0699  3.39313  
2.0222  0.0782403  
1.20326  3.21011  
1.82088  1.70347  
0.139484  3.99708  
0.474582  3.89467  
1.24716  3.14258  
1.18861  3.23837  
1.8115  1.7403  
0.272793  3.97025  
0.303409  3.96161  
0.795126  3.68702  
1.31186  3.03568  
1.10964  3.34757  
2.01051  0.203423  
0.205126  3.98613  
2.00851  0.250091  
0.848067  3.64025  
0.885104  3.60115  
1.0278  3.44994  
0.084366  4.01954  
0.866202  3.62487  
0.107259  4.00404  
2.03011  0.0635166  
1.89886  1.83157  1.89886  1.83157  
1.78229  2.00465  1.78229  2.00465  
0.101776  4.00175  0.101776  4.00175  
1.39873  2.90133  1.39873  2.90133  
0.70978  3.90404  0.70978  3.90404  
1.60455  2.41589  1.60455  2.41589  
0.857072  3.62949  0.857072  3.62949  
1.15831  3.28946  1.15831  3.28946  
2.02808  0.0600395  2.02275  0.326855  
1.93611  1.16632  1.93611  1.16632  
1.78062  2.25488  1.84636  2.05157  
1.83068  1.8204  1.83068  1.8204  
0.101782  4.00175  0.101782  4.00175  
1.41076  2.87811  1.41076  2.87811  
0.709995  3.90411  0.709995  3.90411  
1.60871  2.40481  1.60871  2.40481  
0.866668  3.62051  0.866668  3.62051  
1.168  3.27519  1.168  3.27519  
2.02808  0.0600395  2.02808  0.0600395  
1.93741  1.15763  1.93741  1.15763  
1.10362  3.55094  1.31411  3.26813  
1.83327  1.80901  1.83327  1.80901  
0.101776  4.00175  0.101776  4.00175  
1.46808  2.76144  1.46808  2.76144  
0.695987  3.94643  0.695987  3.94643  
1.66182  2.25585  1.66182  2.25585  
0.798174  3.68198  0.798174  3.68198  
1.2301  3.18453  1.2301  3.18453  
2.02808  0.0600395  2.02808  0.0600395  
1.93875  1.14857  1.93875  1.14857  
1.03414  3.62863  0.442405  4.13644  
1.84034  1.77999  1.84034  1.77999  
0.101775  4.00175  0.101775  4.00175  
1.48392  2.72766  1.48392  2.72766  
1.39905  3.13267  1.39905  3.13267  
1.67406  2.21938  1.67406  2.21938  
0.697734  3.76186  0.697734  3.76186  
1.15987  3.28714  1.15987  3.28714  
2.02808  0.0600395  2.02808  0.0600395  
1.94117  1.13195  1.94117  1.13195  
1.13813  3.50946  1.13813  3.50946  
1.83601  1.7978  1.83601  1.7978  
0.101775  4.00174  0.101775  4.00174  
1.47765  2.74066  1.47765  2.74066  
1.01663  3.6478  1.02431  3.63981  
1.67015  2.23114  1.67015  2.23114  
0.679375  3.77516  0.679375  3.77516  
1.25172  3.15038  1.25172  3.15038  
2.02808  0.0600395  2.02808  0.0600395  
1.93991  1.14059  1.93991  1.14059  
0.832005  3.81694  0.832005  3.81694  
1.83368  1.80816  1.83368  1.80816  
0.101779  4.00175  0.101779  4.00175  
1.46601  2.76581  1.52124  2.7139  
0.691052  3.91536  0.691052  3.91536  
1.66537  2.24536  1.66537  2.24536  
0.956071  3.5291  0.956071  3.5291  
1.23478  3.17642  1.23478  3.17642  
2.02808  0.0600395  2.02808  0.0600395  
1.93855  1.14989  1.93855  1.14989  
1.31745  3.26262  1.31745  3.26262  
1.84104  1.77713  1.84104  1.77713  
0.101795  4.00176  0.101795  4.00176  
1.42324  2.85348  1.4315  2.87825  
1.79239  2.21657  1.79239  2.21657  
1.62185  2.36926  1.62185  2.36926  
0.723001  3.74316  0.723001  3.74316  
1.05559  3.42399  1.05559  3.42399  
2.02808  0.0600395  2.02808  0.0600395  
1.94129  1.13113  1.94129  1.13113  
1.38689  3.15698  1.38689  3.15698  
1.83337  1.80854  1.83337  1.80854  
0.101787  4.00176  0.101787  4.00176  
1.48333  2.72847  1.48333  2.72847  
1.29444  3.29917  1.44613  3.04798  
1.67016  2.23108  1.67016  2.23108  
0.70593  3.75596  0.70593  3.75596  
1.03879  3.44393  1.03879  3.44393  
2.02808  0.0600395  2.02808  0.0600395  
1.93871  1.14881  1.93871  1.14881  
1.37024  3.17809  1.37024  3.17809  
1.83613  1.79731  1.83613  1.79731  
0.101781  4.00175  0.101781  4.00175  
1.46633  2.76506  1.47946  2.75299  
0.690844  3.9169  0.690844  3.9169  
1.66579  2.24412  1.66579  2.24412  
0.822849  3.66045  0.822849  3.66045  
1.12016  3.34107  1.12016  3.34107  
2.02808  0.0600395  2.02808  0.0600395  
1.93994  1.14042  1.93994  1.14042  
1.34774  3.21463  1.34774  3.21463  
1.85186  1.73147  1.85186  1.73147  
0.101783  4.00175  0.101783  4.00175  
1.44157  2.81633  1.44157  2.81633  
1.63489  2.65364  1.63489  2.65364  
1.69748  2.14714  1.69748  2.14714  
0.741884  3.72837  0.741884  3.72837  
1.07962  3.39348  1.09747  3.40245  
2.02808  0.0600395  2.02808  0.0600395  
1.94688  1.09173  1.94688  1.09173  
1.99404  0.501358  
2.00585  0.326341  
0.424995  3.91763  
1.04549  3.42382  
1.41139  2.85243  
1.99976  0.396048  
1.48312  2.70302  
1.50025  2.66666  
1.51556  2.63012  
1.54774  2.55405  
1.33317  2.99848  
0.380622  3.93524  
1.72641  2.046  
1.90994  1.23108  
1.93694  1.04842  
1.62571  2.3526  
1.3525  2.96372  
1.79603  1.79036  
1.71216  2.09333  
1.73829  2.00537  
1.92322  1.14526  
1.77232  1.88251  
1.46535  2.74131  
1.44754  2.77883  
1.95964  0.862666  
1.42954  2.81578  
1.94981  0.949656  
1.88995  1.35029  
1.83621  1.62018  
1.39238  2.88971  
1.85906  1.51225  
1.76236  1.92042  
1.57862  2.47903  
1.84783  1.56635  
1.0936  3.3629  
0.607094  3.82109  
1.28916  3.07425  
0.517879  3.87278  
1.60868  2.39886  
2.0222  0.0782403  
1.20326  3.21011  
1.24716  3.14258  
0.272793  3.97025  
1.31186  3.03568  
2.01051  0.203423  
0.0842708  4.01937  
0.4716  3.89842  
1.99059  0.564899  
0.917492  3.56777  
1.82493  1.67207  
1.92918  1.10758  
1.7859  1.83213  
1.53315  2.59017  
1.59382  2.43952  
1.80523  1.75491  
1.89982  1.29455  
1.75028  1.96475  
0.969539  3.51436  
1.9648  0.814821  
1.97948  0.656516  
1.87956  1.40615  
1.56352  2.51538  
1.97283  0.73177  
0.803897  3.67395  
1.87004  1.45578  
1.07014  3.39612  
1.2698  3.11007  
0.642951  3.80018  
1.81714  1.71149  
1.18085  3.2467  
0.90065  3.5864  
1.22619  3.17905  
1.02813  3.44735  
2.02808  0.0600396  
0.669861  3.7817  
0.883233  3.60358  
1.37341  2.92982  
0.724076  3.74228  
0.571216  3.84577  
1.00349  3.47654  
1.1417  3.30233  
1.16529  3.26925  
1.68602  2.18295  
0.323853  3.95557  
0.94608  3.54001  
0.229728  3.98127  
1.64031  2.31788  
0.987357  3.49476  
0.696988  3.76257  
1.1224  3.32873  
0.107868  4.00114  
0.768006  3.70724  
1.65295  2.28173  
0.830468  3.65498  
0.172068  3.9926  
1.67406  2.21941  
0.741884  3.72837  
0.857072  3.62949  
1.66579  2.24412  
1.69748  2.14714  
1.81221  2.1542  1.81221  2.1542  
1.85201  1.7304  1.85201  1.7304  
0.101631  4.0016  0.101631  4.0016  
1.45986  2.7775  1.45986  2.7775  
1.08608  3.57022  1.08608  3.57022  
1.64906  2.29183  1.64906  2.29183  
0.741946  3.72794  0.951628  3.81517  
1.22095  3.19612  1.22095  3.19612  
2.02723  0.0590664  2.02723  0.0590664  
1.94611  1.09722  1.94611  1.09722  
1.4139  3.10314  1.4139  3.10314  
1.84943  1.7414  1.84943  1.7414  
0.101634  4.0016  0.101634  4.0016  
1.50644  2.67605  1.50644  2.67605  
1.31102  3.27285  1.31102  3.27285  
1.69367  2.1579  1.69367  2.1579  
0.723909  3.74198  0.723909  3.74198  
1.05525  3.42301  1.07994  3.46572  
2.02723  0.0590655  2.02723  0.0590655  
1.94494  1.10556  1.94494  1.10556  
1.30991  3.27374  1.30991  3.27374  
1.84943  1.74139  1.85198  1.74307  
0.10163  4.0016  0.10163  4.0016  
1.50617  2.67666  1.50617  2.67666  
1.41329  3.10575  1.41329  3.10575  
1.69367  2.15789  1.69367  2.15789  
0.72383  3.74204  0.72383  3.74204  
1.05526  3.42297  1.05526  3.42297  
2.02723  0.0590671  2.02723  0.0590671  
1.94494  1.10557  1.94494  1.10557  
1.03302  3.62842  1.03302  3.62842  
1.84942  1.74144  1.84942  1.74144  
0.101631  4.0016  0.101631  4.0016  
1.50054  2.68922  1.62859  2.91032  
1.15521  3.48786  1.15521  3.48786  
1.68977  2.17008  1.68977  2.17008  
0.697064  3.76214  0.697064  3.76214  
1.27259  3.11521  1.27259  3.11521  
2.02723  0.059058  2.02723  0.059058  
1.94494  1.10555  1.94494  1.10555  
1.05971  3.59972  1.05971  3.59972  
1.85459  1.71925  1.85459  1.71925  
0.10163  4.0016  0.10163  4.0016  
1.52226  2.64014  1.52226  2.64014  
1.43519  3.06631  1.43519  3.06631  
1.7013  2.13378  1.70337  2.13317  
0.724076  3.74185  0.724076  3.74185  
1.19829  3.23027  1.19829  3.23027  
2.02723  0.0590661  2.02723  0.0590661  
1.94727  1.08887  1.94727  1.08887  
1.1636  3.47747  1.1636  3.47747  
1.84944  1.74138  1.84944  1.74138  
0.10163  4.0016  0.10163  4.0016  
1.50621  2.67679  1.50621  2.67679  
1.04178  3.61926  1.04178  3.61926  
1.69367  2.15789  1.69367  2.15789  
0.706042  3.75549  0.706042  3.75549  
1.27985  3.10304  1.27985  3.10304  
2.02723  0.059061  2.02723  0.059061  
1.94494  1.10557  1.94494  1.10557  
1.15537  3.48761  1.15537  3.48761  
1.84684  1.75239  1.84684  1.75239  
0.10163  4.0016  0.10163  4.0016  
1.5004  2.68953  1.5004  2.68953  
0.700524  3.90879  0.700524  3.90879  
1.68975  2.17013  1.68975  2.17013  
0.857188  3.62866  0.857188  3.62866  
1.27284  3.11542  1.27284  3.11542  
2.02723  0.0590661  2.02723  0.0590661  
1.94375  1.11394  1.49028  2.73166  
1.64976  2.61334  1.64976  2.61334  
1.85957  1.69758  1.85957  1.69758  
0.10163  4.0016  0.10163  4.0016  
1.45992  2.7773  1.45992  2.7773  
1.08613  3.57026  1.08613  3.57026  
1.7124  2.09797  1.7124  2.09797  
0.741809  3.72804  0.741809  3.72804  
1.22111  3.19585  1.22111  3.19585  
2.02723  0.059067  2.02723  0.059067  
1.94957  1.07218  1.94957  1.07218  
1.40663  3.11595  1.40663  3.11595  
1.8468  1.75256  1.8468  1.75256  
0.10163  4.0016  0.10163  4.0016  
1.50372  2.68215  1.50372  2.68215  
0.710017  3.90286  0.710017  3.90286  
1.69041  2.16808  1.69041  2.16808  
0.865888  3.62035  0.865888  3.62035  
1.16722  3.27528  1.7199  2.12516  
2.02723  0.059063  2.02723  0.059063  
1.94379  1.11365  1.94379  1.11365  
1.43518  3.0688  1.4092  3.11515  
1.85704  1.70865  1.85704  1.70865  
0.101631  4.0016  0.101631  4.0016  
1.52255  2.63948  1.52255  2.63948  
1.05974  3.59981  1.05974  3.59981  
1.70129  2.1338  1.70129  2.1338  
0.72396  3.74194  0.72396  3.74194  
1.1983  3.23002  1.1983  3.23002  
2.02723  0.0590642  2.02723  0.0590642  
1.94843  1.08046  1.94843  1.08046  
1.99404  0.501358  
2.00585  0.326341  
0.424995  3.91763  
1.04549  3.42382  
1.41139  2.85243  
1.99976  0.396048  
1.48312  2.70302  
1.50025  2.66666  
1.51556  2.63012  
1.54774  2.55405  
1.33317  2.99848  
1.90994  1.23108  
1.93694  1.04842  
1.3525  2.96372  
1.79603  1.79036  
1.73829  2.00537  
1.92322  1.14526  
1.77232  1.88251  
1.46535  2.74131  
1.44754  2.77883  
1.95964  0.862666  
1.42954  2.81578  
1.94981  0.949656  
1.88995  1.35029  
1.83621  1.62018  
1.39238  2.88971  
1.85906  1.51225  
1.76236  1.92042  
1.57862  2.47903  
1.84783  1.56635  
0.607094  3.82109  
1.28916  3.07425  
0.517879  3.87278  
2.0222  0.0782403  
1.20326  3.21011  
1.24716  3.14258  
0.272793  3.97025  
1.31186  3.03568  
2.01051  0.203423  
0.0842708  4.01937  
1.99059  0.564899  
0.917492  3.56777  
1.82493  1.67207  
1.92918  1.10758  
1.7859  1.83213  
1.53315  2.59017  
1.59382  2.43952  
1.80523  1.75491  
1.89982  1.29455  
1.75028  1.96475  
1.9648  0.814821  
1.97948  0.656516  
1.87956  1.40615  
1.56352  2.51538  
1.97283  0.73177  
0.803897  3.67395  
1.87004  1.45578  
0.323853  3.95557  
0.373856  3.93818  
0.944026  3.54185  
1.81693  1.7109  
1.1184  3.33365  
1.18106  3.24644  
0.995103  3.4855  
1.0945  3.36505  
0.643162  3.80006  
1.27014  3.10916  
0.670134  3.78151  
1.06989  3.3964  
0.777487  3.6991  
1.60887  2.40325  
0.562411  3.85039  
0.969712  3.51407  
1.2264  3.1787  
0.473175  3.8975  
1.02862  3.44677  
1.3734  2.92888  
1.01184  3.46621  
1.636  2.32891  
0.90086  3.58619  
0.107954  4.00098  
0.230368  3.98095  
1.66563  2.24342  
1.13434  3.31206  
0.697073  3.76213  
1.6529  2.2807  
1.62346  2.36368  
0.72396  3.74194  
0.883375  3.60342  
0.857188  3.62866  
0.172109  3.99237  
0.830657  3.65289  
1.15874  3.27825  
1.71241  2.09795  
1.67756  2.20761  
1.72412  2.05927  
0.750708  3.72097  
1.70129  2.1338  
1.68564  2.18287  
2.02723  0.0590671  
1.16361  3.47701  1.16361  3.47701  
1.85201  1.73034  1.85201  1.73034  
0.101609  4.00158  0.101609  4.00158  
1.50613  2.67649  1.50613  2.67649  
1.04197  3.61888  1.04197  3.61888  
1.69492  2.14243  1.69492  2.14243  
0.706054  3.75548  0.737557  3.76676  
1.27978  3.10293  1.27978  3.10293  
2.02723  0.0590041  2.02723  0.0590041  
1.94613  1.09709  1.94613  1.09709  
1.16361  3.47701  1.16361  3.47701  
1.85201  1.73034  1.86291  1.68283  
0.101609  4.00158  0.101609  4.00158  
1.50613  2.67649  1.50613  2.67649  
1.04197  3.61888  1.04197  3.61888  
1.69492  2.14243  1.69492  2.14243  
0.706054  3.75548  0.706054  3.75548  
1.27978  3.10293  1.27978  3.10293  
2.02723  0.0590041  2.02723  0.0590041  
1.94613  1.09709  1.94613  1.09709  
1.16361  3.47701  1.16361  3.47701  
1.85201  1.73034  1.85201  1.73034  
0.101609  4.00158  0.101609  4.00158  
1.50613  2.67649  1.50613  2.67649  
1.04197  3.61888  1.04197  3.61888  
1.69492  2.14243  1.69492  2.14243  
0.706054  3.75548  0.706054  3.75548  
1.27978  3.10293  1.27978  3.10293  
2.02723  0.0590041  2.02723  0.0590041  
1.94613  1.09709  1.94613  1.09709  
1.16361  3.47701  1.16361  3.47701  
1.85201  1.73034  1.85201  1.73034  
0.101609  4.00158  0.101609  4.00158  
1.50613  2.67649  1.50613  2.67649  
1.04197  3.61888  1.04197  3.61888  
1.69492  2.14243  1.69492  2.14243  
0.706054  3.75548  0.706054  3.75548  
1.27978  3.10293  1.29331  3.10401  
2.02723  0.0590041  2.02723  0.0590041  
1.94613  1.09709  1.94613  1.09709  
1.16361  3.47701  1.16361  3.47701  
1.85201  1.73034  1.85201  1.73034  
0.101609  4.00158  0.101609  4.00158  
1.50613  2.67649  1.50613  2.67649  
1.04197  3.61888  1.04197  3.61888  
1.69492  2.14243  1.69492  2.14243  
0.706054  3.75548  0.706054  3.75548  
1.27978  3.10293  1.27978  3.10293  
2.02723  0.0590041  1.96465  1.07647  
1.94613  1.09709  1.94613  1.09709  
1.16361  3.47701  1.16361  3.47701  
1.85201  1.73034  1.85201  1.73034  
0.101609  4.00158  0.101609  4.00158  
1.50613  2.67649  1.50613  2.67649  
1.04197  3.61888  1.04197  3.61888  
1.69492  2.14243  1.68115  2.18737  
0.706054  3.75548  0.706054  3.75548  
1.27978  3.10293  1.27978  3.10293  
2.02723  0.0590041  2.02723  0.0590041  
1.94613  1.09709  1.94613  1.09709  
1.16361  3.47701  1.16361  3.47701  
1.85201  1.73034  1.85201  1.73034  
0.101609  4.00158  0.101609  4.00158  
1.50613  2.67649  1.50613  2.67649  
1.04197  3.61888  1.04197  3.61888  
1.69492  2.14243  1.69492  2.14243  
0.706054  3.75548  0.706054  3.75548  
1.27978  3.10293  1.27978  3.10293  
2.02723  0.0590041  2.02723  0.0590041  
1.94613  1.09709  1.94613  1.09709  
1.16361  3.47701  1.16361  3.47701  
1.85201  1.73034  1.85201  1.73034  
0.101609  4.00158  0.101609  4.00158  
1.50613  2.67649  1.50613  2.67649  
1.04197  3.61888  1.04197  3.61888  
1.69492  2.14243  1.69492  2.14243  
0.706054  3.75548  0.706054  3.75548  
1.27978  3.10293  1.29709  3.11315  
2.02723  0.0590041  2.02723  0.0590041  
1.94613  1.09709  1.94613  1.09709  
1.16361  3.47701  1.16361  3.47701  
1.85201  1.73034  1.85201  1.73034  
0.101609  4.00158  0.101609  4.00158  
1.50613  2.67649  1.50613  2.67649  
1.04197  3.61888  1.04197  3.61888  
1.69492  2.14243  1.69492  2.14243  
0.706054  3.75548  0.706054  3.75548  
1.27978  3.10293  1.27978  3.10293  
2.02723  0.0590041  2.02723  0.0590041  
1.94613  1.09709  1.94613  1.09709  
1.16361  3.47701  1.16361  3.47701  
1.85201  1.73034  1.85201  1.73034  
0.101609  4.00158  0.101609  4.00158  
1.50613  2.67649  1.50613  2.67649  
1.04197  3.61888  1.04197  3.61888  
1.69492  2.14243  1.69492  2.14243  
0.706054  3.75548  0.706054  3.75548  
1.27978  3.10293  1.27978  3.10293  
2.02723  0.0590041  2.02723  0.0590041  
1.94613  1.09709  1.94992  1.09852  
1.99404  0.501358  
2.00585  0.326341  
1.04549  3.42382  
1.99976  0.396048  
1.90994  1.23108  
1.93694  1.04842  
1.3525  2.96372  
1.92322  1.14526  
1.95964  0.862666  
1.94981  0.949656  
1.88995  1.35029  
0.607094  3.82109  
0.517879  3.87278  
2.0222  0.0782403  
1.20326  3.21011  
1.24716  3.14258  
1.31186  3.03568  
2.01051  0.203423  
0.0842708  4.01937  
1.99059  0.564899  
0.917492  3.56777  
1.92918  1.10758  
1.89982  1.29455  
1.9648  0.814821  
1.97948  0.656516  
1.87956  1.40615  
1.97283  0.73177  
0.803897  3.67395  
1.87004  1.45578  
1.18106  3.24644  
0.995103  3.4855  
1.06989  3.3964  
0.562411  3.85039  
0.969712  3.51407  
1.2264  3.1787  
1.02862  3.44677  
1.01184  3.46621  
0.900785  3.58602  
1.11032  3.34405  
1.13426  3.31216  
0.874555  3.61173  
1.15832  3.27883  
0.437723  3.91378  
1.28879  3.07254  
0.481852  3.89328  
0.393601  3.93218  
1.39037  2.88911  
1.78998  1.80721  
1.80343  1.75289  
0.340777  3.94976  
1.44803  2.77327  
0.22214  3.98275  
0.944663  3.54107  
1.81497  1.70444  
1.75713  1.9317  
1.46273  2.74227  
1.8456  1.5674  
1.57796  2.47397  
1.82853  1.64609  
1.49841  2.66416  
1.48357  2.69714  
1.53171  2.5874  
1.51551  2.62523  
0.857186  3.62846  
1.40984  2.8507  
0.786454  3.69154  
1.56346  2.51038  
1.42615  2.81812  
1.7785  1.85179  
1.59226  2.43698  
1.85656  1.51456  
1.76643  1.89746  
1.72753  2.03563  
0.107958  4.00095  
1.71704  2.0708  
1.60676  2.39865  
1.37277  2.92205  
1.33073  2.99931  
1.7376  2.00106  
1.62459  2.35015  
1.54734  2.54997  
0.642987  3.80011  
1.74779  1.96528  
1.83772  1.6039  
1.70611  2.10662  
0.732909  3.73502  
0.830791  3.65277  
1.67129  2.21539  
1.655  2.26376  
0.172387  3.9923  
0.289147  3.96589  
1.26349  3.12023  
0.759499  3.71388  
1.63897  2.30989  
1.09409  3.36554  
0.679218  3.77511  
1.68333  2.17866  
0.706054  3.75548  
1.69492  2.14243  
2.02723  0.0590041  
1.16358  3.4769  1.16358  3.4769  
1.85201  1.73034  1.85201  1.73034  
0.101609  4.00158  0.101609  4.00158  
1.50713  2.65548  1.50713  2.65548  
1.04196  3.61885  1.04196  3.61885  
1.6937  2.14086  1.6937  2.14086  
0.706052  3.75548  0.706052  3.75548  
1.27978  3.10293  1.28255  3.11061  
2.02723  0.0590041  2.02723  0.0590041  
1.94612  1.09709  1.94612  1.09709  
1.16358  3.4769  1.16358  3.4769  
1.85201  1.73034  1.86335  1.68087  
0.101609  4.00158  0.101609  4.00158  
1.50713  2.65548  1.50713  2.65548  
1.04196  3.61885  1.04196  3.61885  
1.6937  2.14086  1.6937  2.14086  
0.706052  3.75548  0.706052  3.75548  
1.27978  3.10293  1.27978  3.10293  
2.02723  0.0590041  2.02723  0.0590041  
1.94612  1.09709  1.94612  1.09709  
1.16358  3.4769  1.16358  3.4769  
1.85201  1.73034  1.85201  1.73034  
0.101609  4.00158  0.101609  4.00158  
1.50713  2.65548  1.50713  2.65548  
1.04196  3.61885  1.04196  3.61885  
1.6937  2.14086  1.6937  2.14086  
0.706052  3.75548  0.706052  3.75548  
1.27978  3.10293  1.27978  3.10293  
2.02723  0.0590041  2.02723  0.0590041  
1.94612  1.09709  1.94612  1.09709  
1.16358  3.4769  1.16358  3.4769  
1.85201  1.73034  1.85201  1.73034  
0.101609  4.00158  0.101609  4.00158  
1.50713  2.65548  1.50713  2.65548  
1.04196  3.61885  1.04196  3.61885  
1.6937  2.14086  1.6937  2.14086  
0.706052  3.75548  0.712954  3.75504  
1.27978  3.10293  1.27978  3.10293  
2.02723  0.0590041  2.02723  0.0590041  
1.94612  1.09709  1.94612  1.09709  
1.16358  3.4769  1.16358  3.4769  
1.85201  1.73034  1.85201  1.73034  
0.101609  4.00158  0.101609  4.00158  
1.50713  2.65548  1.50939  2.65823  
1.04196  3.61885  1.04196  3.61885  
1.6937  2.14086  1.6937  2.14086  
0.706052  3.75548  0.706052  3.75548  
1.27978  3.10293  1.27978  3.10293  
2.02723  0.0590041  2.02723  0.0590041  
1.94612  1.09709  1.94612  1.09709  
1.16358  3.4769  1.16358  3.4769  
1.85201  1.73034  1.85201  1.73034  
0.101609  4.00158  0.101609  4.00158  
1.50713  2.65548  1.50713  2.65548  
1.04196  3.61885  1.04196  3.61885  
1.6937  2.14086  1.6937  2.14086  
0.706052  3.75548  0.706052  3.75548  
1.27978  3.10293  1.27978  3.10293  
2.02723  0.0590041  1.99436  0.835359  
1.94612  1.09709  1.94612  1.09709  
1.16358  3.4769  1.16358  3.4769  
1.85201  1.73034  1.85201  1.73034  
0.101609  4.00158  0.101609  4.00158  
1.50713  2.65548  1.50713  2.65548  
1.04196  3.61885  1.04196  3.61885  
1.6937  2.14086  1.6937  2.14086  
0.706052  3.75548  0.706052  3.75548  
1.27978  3.10293  1.27978  3.10293  
2.02723  0.0590041  2.02723  0.0590041  
1.94612  1.09709  1.94612  1.09709  
1.16358  3.4769  1.16358  3.4769  
1.85201  1.73034  1.85201  1.73034  
0.101609  4.00158  0.101609  4.00158  
1.50713  2.65548  1.50713  2.65548  
1.04196  3.61885  1.04196  3.61885  
1.6937  2.14086  1.6937  2.14086  
0.706052  3.75548  0.706052  3.75548  
1.27978  3.10293  1.27978  3.10293  
2.02723  0.0590041  2.02723  0.0590041  
1.94612  1.09709  1.94612  1.09709  
1.16358  3.4769  1.16358  3.4769  
1.85201  1.73034  1.85201  1.73034  
0.101609  4.00158  0.101609  4.00158  
1.50713  2.65548  1.50713  2.65548  
1.04196  3.61885  1.04196  3.61885  
1.6937  2.14086  1.69519  2.14382  
0.706052  3.75548  0.706052  3.75548  
1.27978  3.10293  1.27978  3.10293  
2.02723  0.0590041  2.02723  0.0590041  
1.94612  1.09709  1.94612  1.09709  
1.16358  3.4769  1.16358  3.4769  
1.85201  1.73034  1.85201  1.73034  
0.101609  4.00158  0.101609  4.00158  
1.50713  2.65548  1.48854  2.697  
1.04196  3.61885  1.04196  3.61885  
1.6937  2.14086  1.6937  2.14086  
0.706052  3.75548  0.706052  3.75548  
1.27978  3.10293  1.27978  3.10293  
2.02723  0.0590041  2.02723  0.0590041  
1.94612  1.09709  1.94612  1.09709  
1.99404  0.501358  
2.00585  0.326341  
1.04549  3.42382  
1.99976  0.396048  
1.90994  1.23108  
1.93694  1.04842  
1.3525  2.96372  
1.92322  1.14526  
1.95964  0.862666  
1.94981  0.949656  
1.88995  1.35029  
0.607094  3.82109  
0.517879  3.87278  
2.0222  0.0782403  
1.20326  3.21011  
1.24716  3.14258  
1.31186  3.03568  
2.01051  0.203423  
0.0842708  4.01937  
1.99059  0.564899  
0.917492  3.56777  
1.92918  1.10758  
1.89982  1.29455  
1.9648  0.814821  
1.97948  0.656516  
1.87956  1.40615  
1.97283  0.73177  
0.803897  3.67395  
1.87004  1.45578  
1.18106  3.24644  
0.995103  3.4855  
1.06989  3.3964  
0.562411  3.85039  
1.2264  3.1787  
1.02862  3.44677  
1.01184  3.46621  
0.900785  3.58602  
1.11032  3.34405  
0.874555  3.61173  
1.28879  3.07254  
0.481852  3.89328  
1.39037  2.88911  
0.340777  3.94976  
1.49841  2.66416  
1.40984  2.8507  
0.786454  3.69154  
1.42615  2.81812  
1.37277  2.92205  
1.33073  2.99931  
1.09409  3.36554  
1.46543  2.73307  
1.13425  3.31218  
1.83446  1.61269  
0.433381  3.91381  
1.8448  1.56441  
1.15828  3.27888  
0.107974  4.00095  
1.77748  1.84965  
0.3838  3.93418  
1.51305  2.62667  
0.857166  3.62848  
1.63668  2.31141  
1.72635  2.03392  
1.81253  1.70793  
1.6236  2.34798  
0.94405  3.54172  
1.44743  2.77044  
1.53057  2.58571  
0.759736  3.71369  
1.59581  2.42295  
1.85629  1.5082  
1.7993  1.76302  
1.76533  1.8954  
1.82487  1.65451  
1.78888  1.80493  
0.830773  3.65279  
0.969707  3.51404  
1.26872  3.11176  
1.73658  1.99878  
0.289318  3.96584  
1.54674  2.54696  
1.6539  2.26187  
1.60983  2.38559  
0.238954  3.97895  
0.180453  3.99092  
1.57708  2.47148  
1.74657  1.96368  
0.732928  3.735  
1.71578  2.06937  
1.56187  2.50977  
0.679047  3.77518  
1.48001  2.70078  
1.75617  1.92913  
1.67018  2.21352  
1.68217  2.17691  
0.651995  3.79403  
1.70465  2.10584  
0.706052  3.75548  
1.6937  2.14086  
2.02723  0.0590041  
1.16357  3.47689  1.16357  3.47689  
1.85201  1.73034  1.85201  1.73034  
0.0994537  3.99942  0.0994537  3.99942  
1.5071  2.65544  1.5071  2.65544  
1.04196  3.61885  1.04196  3.61885  
1.6937  2.14085  1.6937  2.14085  
0.706052  3.75548  0.703202  3.78357  
1.27978  3.10293  1.27978  3.10293  
2.02723  0.0590041  2.02723  0.0590041  
1.94612  1.09709  1.94612  1.09709  
1.16357  3.47689  1.16357  3.47689  
1.85201  1.73034  1.85201  1.73034  
0.0994537  3.99942  0.0994537  3.99942  
1.5071  2.65544  1.5071  2.65544  
1.04196  3.61885  1.04196  3.61885  
1.6937  2.14085  1.6937  2.14085  
0.706052  3.75548  0.886947  3.61308  
1.27978  3.10293  1.27978  3.10293  
2.02723  0.0590041  2.02723  0.0590041  
1.94612  1.09709  1.94612  1.09709  
1.16357  3.47689  1.13034  3.51797  
1.85201  1.73034  1.85201  1.73034  
0.0994537  3.99942  0.0994537  3.99942  
1.5071  2.65544  1.5071  2.65544  
1.04196  3.61885  1.04196  3.61885  
1.6937  2.14085  1.6937  2.14085  
0.706052  3.75548  0.706052  3.75548  
1.27978  3.10293  1.27978  3.10293  
2.02723  0.0590041  2.02723  0.0590041  
1.94612  1.09709  1.94612  1.09709  
1.16357  3.47689  1.16357  3.47689  
1.85201  1.73034  1.85201  1.73034  
0.0994537  3.99942  0.0994537  3.99942  
1.5071  2.65544  1.5071  2.65544  
1.04196  3.61885  1.04196  3.61885  
1.6937  2.14085  1.6937  2.14085  
0.706052  3.75548  0.706052  3.75548  
1.27978  3.10293  1.27978  3.10293  
2.02723  0.0590041  2.02723  0.0590041  
1.94612  1.09709  1.95853  1.11942  
1.16357  3.47689  1.16357  3.47689  
1.85201  1.73034  1.85201  1.73034  
0.0994537  3.99942  0.0994537  3.99942  
1.5071  2.65544  1.50978  2.65883  
1.04196  3.61885  1.04196  3.61885  
1.6937  2.14085  1.6937  2.14085  
0.706052  3.75548  0.706052  3.75548  
1.27978  3.10293  1.27978  3.10293  
2.02723  0.0590041  2.02723  0.0590041  
1.94612  1.09709  1.94612  1.09709  
1.16357  3.47689  1.16357  3.47689  
1.85201  1.73034  1.85201  1.73034  
0.0994537  3.99942  0.0994537  3.99942  
1.5071  2.65544  1.5071  2.65544  
1.04196  3.61885  1.04196  3.61885  
1.6937  2.14085  1.6937  2.14085  
0.706052  3.75548  0.706052  3.75548  
1.27978  3.10293  1.27978  3.10293  
2.02723  0.0590041  2.02723  0.0590041  
1.94612  1.09709  1.94612  1.09709  
1.16357  3.47689  1.16357  3.47689  
1.85201  1.73034  1.85201  1.73034  
0.0994537  3.99942  0.11345  4.00715  
1.5071  2.65544  1.5071  2.65544  
1.04196  3.61885  1.04196  3.61885  
1.6937  2.14085  1.6937  2.14085  
0.706052  3.75548  0.706052  3.75548  
1.27978  3.10293  1.27978  3.10293  
2.02723  0.0590041  2.02723  0.0590041  
1.94612  1.09709  1.94612  1.09709  
1.16357  3.47689  1.16357  3.47689  
1.85201  1.73034  1.85201  1.73034  
0.0994537  3.99942  0.0994537  3.99942  
1.5071  2.65544  1.5071  2.65544  
1.04196  3.61885  1.04196  3.61885  
1.6937  2.14085  1.6937  2.14085  
0.706052  3.75548  0.706052  3.75548  
1.27978  3.10293  1.27978  3.10293  
2.02723  0.0590041  2.02723  0.0590041  
1.94612  1.09709  1.94612  1.09709  
1.16357  3.47689  1.16357  3.47689  
1.85201  1.73034  1.85201  1.73034  
0.0994537  3.99942  0.0994537  3.99942  
1.5071  2.65544  1.5071  2.65544  
1.04196  3.61885  1.04196  3.61885  
1.6937  2.14085  1.6937  2.14085  
0.706052  3.75548  0.706052  3.75548  
1.27978  3.10293  1.27978  3.10293  
2.02723  0.0590041  2.02723  0.0590041  
1.94612  1.09709  1.94612  1.09709  
1.16357  3.47689  1.16357  3.47689  
1.85201  1.73034  1.85201  1.73034  
0.0994537  3.99942  0.0994537  3.99942  
1.5071  2.65544  1.5071  2.65544  
1.04196  3.61885  1.04195  3.61885  
1.6937  2.14085  1.6937  2.14085  
0.706052  3.75548  0.706052  3.75548  
1.27978  3.10293  1.27978  3.10293  
2.02723  0.0590041  2.02723  0.0590041  
1.94612  1.09709  1.94612  1.09709  
1.99404  0.501358  
2.00585  0.326341  
1.04549  3.42382  
1.99976  0.396048  
1.90994  1.23108  
1.93694  1.04842  
1.3525  2.96372  
1.92322  1.14526  
1.95964  0.862666  
1.94981  0.949656  
1.88995  1.35029  
0.607094  3.82109  
0.517879  3.87278  
1.20326  3.21011  
1.24716  3.14258  
1.31186  3.03568  
2.01051  0.203423  
0.0842708  4.01937  
1.99059  0.564899  
0.917492  3.56777  
1.92918  1.10758  
1.89982  1.29455  
1.9648  0.814821  
1.97948  0.656516  
1.87956  1.40615  
1.97283  0.73177  
0.803897  3.67395  
1.87004  1.45578  
1.18106  3.24644  
0.995103  3.4855  
1.06989  3.3964  
0.562411  3.85039  
1.2264  3.1787  
1.02862  3.44677  
1.01184  3.46621  
0.900785  3.58602  
1.11032  3.34405  
0.874555  3.61173  
1.28879  3.07254  
0.481852  3.89328  
1.39037  2.88911  
1.40984  2.8507  
1.42615  2.81812  
1.37277  2.92205  
1.33073  2.99931  
1.09409  3.36554  
1.46543  2.73307  
1.13425  3.31218  
1.83446  1.61269  
0.433381  3.91381  
1.77748  1.84965  
0.3838  3.93418  
1.51305  2.62667  
0.857166  3.62848  
0.94405  3.54172  
1.44743  2.77044  
1.53057  2.58571  
1.76533  1.8954  
1.78888  1.80493  
0.969707  3.51404  
1.56187  2.50977  
1.48001  2.70078  
1.49766  2.66161  
0.83076  3.6528  
1.5764  2.4732  
1.79989  1.76058  
1.15819  3.27901  
1.73661  1.99867  
1.591  2.43555  
1.82259  1.66454  
1.65375  2.26229  
1.74656  1.96369  
1.75615  1.92918  
1.81009  1.71823  
0.786287  3.69168  
1.60527  2.39781  
1.72632  2.03398  
0.289746  3.96308  
1.71582  2.06923  
0.230314  3.97832  
0.759804  3.71363  
1.68209  2.17712  
1.63692  2.31068  
1.54614  2.54839  
0.348588  3.94417  
1.84528  1.5613  
0.643201  3.79997  
0.732929  3.735  
2.02195  0.0684172  
1.26827  3.11249  
1.70492  2.10494  
1.67017  2.21351  
0.679104  3.77514  
1.61993  2.35808  
0.0999287  3.99937  
0.164265  3.99111  
0.70605  3.75549  
1.85778  1.50078  
2.02723  0.0590041  
1.6937  2.14085  
1.16357  3.47687  1.16357  3.47687  
1.85201  1.73034  1.86492  1.75598  
0.0990348  3.999  0.0990348  3.999  
1.50707  2.65538  1.50707  2.65538  
1.04195  3.61882  1.04195  3.61882  
1.69369  2.14085  1.69369  2.14085  
0.705735  3.75358  0.705735  3.75358  
1.27923  3.10146  1.27923  3.10146  
2.02723  0.0590041  2.02723  0.0590041  
1.94612  1.09709  1.94612  1.09709  
1.16357  3.47687  1.16357  3.47687  
1.85201  1.73034  1.85201  1.73034  
0.0990348  3.999  0.0990348  3.999  
1.50707  2.65538  1.50707  2.65538  
1.04195  3.61882  1.04195  3.61882  
1.69369  2.14085  1.69369  2.14085  
0.705735  3.75358  0.709302  3.75599  
1.27923  3.10146  1.27923  3.10146  
2.02723  0.0590041  2.02723  0.0590041  
1.94612  1.09709  1.94612  1.09709  
1.16357  3.47687  1.16357  3.47687  
1.85201  1.73034  1.81546  1.87896  
0.0990348  3.999  0.0990348  3.999  
1.50707  2.65538  1.50707  2.65538  
1.04195  3.61882  1.04195  3.61882  
1.69369  2.14085  1.69369  2.14085  
0.705735  3.75358  0.705735  3.75358  
1.27923  3.10146  1.27923  3.10146  
2.02723  0.0590041  2.02723  0.0590041  
1.94612  1.09709  1.94612  1.09709  
1.16357  3.47687  1.16357  3.47687  
1.85201  1.73034  1.85201  1.73034  
0.0990348  3.999  0.0990348  3.999  
1.50707  2.65538  1.50829  2.65827  
1.04195  3.61882  1.04195  3.61882  
1.69369  2.14085  1.69369  2.14085  
0.705735  3.75358  0.705735  3.75358  
1.27923  3.10146  1.27923  3.10146  
2.02723  0.0590041  2.02723  0.0590041  
1.94612  1.09709  1.94612  1.09709  
1.16357  3.47687  1.16357  3.47687  
1.85201  1.73034  1.85201  1.73034  
0.0990348  3.999  0.0990348  3.999  
1.50707  2.65538  1.50707  2.65538  
1.04195  3.61882  1.04195  3.61882  
1.69369  2.14085  1.69369  2.14085  
0.705735  3.75358  0.706666  3.75487  
1.27923  3.10146  1.27923  3.10146  
2.02723  0.0590041  2.02723  0.0590041  
1.94612  1.09709  1.94612  1.09709  
1.16357  3.47687  1.16357  3.47687  
1.85201  1.73034  1.85201  1.73034  
0.0990348  3.999  0.0990348  3.999  
1.50707  2.65538  1.50707  2.65538  
1.04195  3.61882  1.04195  3.61882  
1.69369  2.14085  1.69369  2.14085  
0.705735  3.75358  0.705735  3.75358  
1.27923  3.10146  1.27923  3.10146  
2.02723  0.0590041  2.02723  0.0590041  
1.94612  1.09709  1.95629  1.11325  
1.16357  3.47687  1.16357  3.47687  
1.85201  1.73034  1.86222  1.73786  
0.0990348  3.999  0.0990348  3.999  
1.50707  2.65538  1.50707  2.65538  
1.04195  3.61882  1.04195  3.61882  
1.69369  2.14085  1.69369  2.14085  
0.705735  3.75358  0.705735  3.75358  
1.27923  3.10146  1.27923  3.10146  
2.02723  0.0590041  2.02723  0.0590041  
1.94612  1.09709  1.94612  1.09709  
1.16357  3.47687  1.16357  3.47687  
1.85201  1.73034  1.85201  1.73034  
0.0990348  3.999  0.0990348  3.999  
1.50707  2.65538  1.50707  2.65538  
1.04195  3.61882  1.04195  3.61882  
1.69369  2.14085  1.69376  2.14084  
0.705735  3.75358  0.705735  3.75358  
1.27923  3.10146  1.27923  3.10146  
2.02723  0.0590041  2.02723  0.0590041  
1.94612  1.09709  1.94612  1.09709  
1.16357  3.47687  1.16357  3.47687  
1.85201  1.73034  1.85201  1.73034  
0.0990348  3.999  0.0990348  3.999  
1.50707  2.65538  1.50707  2.65538  
1.04195  3.61882  1.04195  3.61882  
1.69369  2.14085  1.69369  2.14085  
0.705735  3.75358  0.705735  3.75358  
1.27923  3.10146  1.27923  3.10146  
2.02723  0.0590041  2.02723  0.0590041  
1.94612  1.09709  1.94612  1.09709  
1.16357  3.47687  1.16357  3.47687  
1.85201  1.73034  1.85201  1.73034  
0.0990348  3.999  0.0990348  3.999  
1.50707  2.65538  1.50707  2.65538  
1.04195  3.61882  1.04195  3.61882  
1.69369  2.14085  1.69369  2.14085  
0.705735  3.75358  0.705735  3.75358  
1.27923  3.10146  1.27923  3.10146  
2.02723  0.0590041  1.93083  1.29773  
1.94612  1.09709  1.94612  1.09709  
1.99404  0.501358  
2.00585  0.326341  
1.99976  0.396048  
1.90994  1.23108  
1.93694  1.04842  
1.3525  2.96372  
1.92322  1.14526  
1.95964  0.862666  
1.94981  0.949656  
1.88995  1.35029  
1.20326  3.21011  
1.24716  3.14258  
1.31186  3.03568  
2.01051  0.203423  
0.0842708  4.01937  
1.99059  0.564899  
1.92918  1.10758  
1.89982  1.29455  
1.9648  0.814821  
1.97948  0.656516  
1.87956  1.40615  
1.97283  0.73177  
0.803897  3.67395  
1.87004  1.45578  
1.28879  3.07254  
0.481852  3.89328  
1.39037  2.88911  
1.40984  2.8507  
1.42615  2.81812  
1.37277  2.92205  
1.33073  2.99931  
1.46543  2.73307  
0.433381  3.91381  
1.77748  1.84965  
0.3838  3.93418  
1.44743  2.77044  
1.53057  2.58571  
1.56187  2.50977  
1.48001  2.70078  
1.49766  2.66161  
1.591  2.43555  
1.54614  2.54839  
0.348588  3.94417  
2.02195  0.0684172  
1.82268  1.66414  
1.76542  1.89503  
1.85798  1.49978  
1.79969  1.76136  
1.57678  2.47221  
1.8101  1.71816  
0.30636  3.95748  
1.00286  3.47433  
0.517541  3.87339  
0.969062  3.51231  
1.75278  1.94135  
0.98636  3.49308  
1.84544  1.56053  
0.264004  3.96951  
0.943413  3.5399  
0.891657  3.59289  
1.60602  2.39578  
1.01992  3.45438  
0.917889  3.5665  
1.78888  1.80488  
0.213774  3.98142  
0.759425  3.71173  
1.134  3.30967  
1.11054  3.34119  
0.78619  3.68951  
1.63263  2.32277  
1.17348  3.25431  
1.61892  2.36083  
0.553045  3.85381  
1.83327  1.61687  
0.651774  3.79212  
1.04536  3.42393  
1.06961  3.39396  
1.09454  3.36215  
0.589078  3.83259  
1.15766  3.2768  
1.64988  2.27352  
1.26416  3.11594  
1.22514  3.17749  
1.72975  2.02229  
1.66617  2.22552  
0.831562  3.64974  
0.678361  3.77357  
1.51381  2.62479  
1.73986  1.98728  
0.0999128  3.99892  
0.624855  3.81005  
0.732469  3.73318  
0.868178  3.61566  
1.70494  2.10483  
1.68198  2.17745  
0.164316  3.99062  
1.71877  2.05936  
0.705735  3.75358  
1.69369  2.14085  
2.02723  0.0590041  
1.16356  3.47687  1.16356  3.47687  
1.85201  1.73034  1.85201  1.73034  
0.0990283  3.99899  0.0990283  3.99899  
1.50705  2.65535  1.50705  2.65535  
1.04195  3.61881  1.04195  3.61881  
1.69369  2.14084  1.69369  2.14084  
0.696483  3.75845  0.696483  3.75845  
1.27917  3.10137  1.30995  3.11992  
2.02723  0.0590041  2.02723  0.0590041  
1.94612  1.09709  1.94612  1.09709  
1.16356  3.47687  1.16356  3.47687  
1.85201  1.73034  1.85201  1.73034  
0.0990283  3.99899  0.0990283  3.99899  
1.50705  2.65535  1.50705  2.65535  
1.04195  3.61881  1.04195  3.61881  
1.69369  2.14084  1.69418  2.15119  
0.696483  3.75845  0.696483  3.75845  
1.27917  3.10137  1.27917  3.10137  
2.02723  0.0590041  2.02723  0.0590041  
1.94612  1.09709  1.94612  1.09709  
1.16356  3.47687  1.16356  3.47687  
1.85201  1.73034  1.85201  1.73034  
0.0990283  3.99899  0.0990283  3.99899  
1.50705  2.65535  1.50705  2.65535  
1.04195  3.61881  1.04195  3.61881  
1.69369  2.14084  1.69369  2.14084  
0.696483  3.75845  0.696483  3.75845  
1.27917  3.10137  1.27917  3.10137  
2.02723  0.0590041  2.02723  0.0590041  
1.94612  1.09709  1.94612  1.09709  
1.16356  3.47687  1.16356  3.47687  
1.85201  1.73034  1.85201  1.73034  
0.0990283  3.99899  0.0990283  3.99899  
1.50705  2.65535  1.50705  2.65535  
1.04195  3.61881  1.04195  3.61881  
1.69369  2.14084  1.69369  2.14084  
0.696483  3.75845  0.696483  3.75845  
1.27917  3.10137  1.27917  3.10137  
2.02723  0.0590041  2.02723  0.0590041  
1.94612  1.09709  1.94888  1.0969  
1.16356  3.47687  1.16356  3.47687  
1.85201  1.73034  1.85201  1.73034  
0.0990283  3.99899  0.112206  4.01197  
1.50705  2.65535  1.50705  2.65535  
1.04195  3.61881  1.04195  3.61881  
1.69369  2.14084  1.69369  2.14084  
0.696483  3.75845  0.696483  3.75845  
1.27917  3.10137  1.27917  3.10137  
2.02723  0.0590041  2.02723  0.0590041  
1.94612  1.09709  1.94612  1.09709  
1.16356  3.47687  1.16356  3.47687  
1.85201  1.73034  1.85201  1.73034  
0.0990283  3.99899  0.0990283  3.99899  
1.50705  2.65535  1.50705  2.65535  
1.04195  3.61881  1.04195  3.61881  
1.69369  2.14084  1.69369  2.14084  
0.696483  3.75845  0.696483  3.75845  
1.27917  3.10137  1.27917  3.10137  
2.02723  0.0590041  2.02723  0.0590041  
1.94612  1.09709  1.94612  1.09709  
1.16356  3.47687  1.16356  3.47687  
1.85201  1.73034  1.85201  1.73034  
0.0990283  3.99899  0.0990283  3.99899  
1.50705  2.65535  1.50705  2.65535  
1.04195  3.61881  1.04195  3.61881  
1.69369  2.14084  1.69369  2.14084  
0.696483  3.75845  0.696483  3.75845  
1.27917  3.10137  1.27917  3.10137  
2.02723  0.0590041  2.02723  0.0590041  
1.94612  1.09709  1.94612  1.09709  
1.16356  3.47687  1.16356  3.47687  
1.85201  1.73034  1.85201  1.73034  
0.0990283  3.99899  0.0990283  3.99899  
1.50705  2.65535  1.50705  2.65535  
1.04195  3.61881  1.04195  3.61881  
1.69369  2.14084  1.69369  2.14084  
0.696483  3.75845  0.696483  3.75845  
1.27917  3.10137  1.27922  3.10141  
2.02723  0.0590041  2.02723  0.0590041  
1.94612  1.09709  1.94612  1.09709  
1.16356  3.47687  1.16356  3.47687  
1.85201  1.73034  1.90297  1.78985  
0.0990283  3.99899  0.0990283  3.99899  
1.50705  2.65535  1.50705  2.65535  
1.04195  3.61881  1.04195  3.61881  
1.69369  2.14084  1.69369  2.14084  
0.696483  3.75845  0.696483  3.75845  
1.27917  3.10137  1.27917  3.10137  
2.02723  0.0590041  2.02723  0.0590041  
1.94612  1.09709  1.94612  1.09709  
1.16356  3.47687  1.16356  3.47687  
1.85201  1.73034  1.85201  1.73034  
0.0990283  3.99899  0.0990283  3.99899  
1.50705  2.65535  1.50705  2.65535  
1.04195  3.61881  1.04195  3.61881  
1.69369  2.14084  1.69369  2.14084  
0.696483  3.75845  0.696483  3.75845  
1.27917  3.10137  1.27917  3.10137  
2.02723  0.0590041  2.02723  0.0590041  
1.94612  1.09709  1.94612  1.09709  
1.99404  0.501358  
2.00585  0.326341  
1.99976  0.396048  
1.90994  1.23108  
1.93694  1.04842  
1.92322  1.14526  
1.95964  0.862666  
1.94981  0.949656  
1.88995  1.35029  
2.01051  0.203423  
0.0842708  4.01937  
1.99059  0.564899  
1.92918  1.10758  
1.89982  1.29455  
1.9648  0.814821  
1.97948  0.656516  
1.87956  1.40615  
1.97283  0.73177  
1.87004  1.45578  
1.39037  2.88911  
1.40984  2.8507  
1.37277  2.92205  
1.33073  2.99931  
1.46543  2.73307  
1.44743  2.77044  
1.53057  2.58571  
1.56187  2.50977  
1.48001  2.70078  
1.49766  2.66161  
1.591  2.43555  
1.54614  2.54839  
0.348588  3.94417  
2.02195  0.0684172  
1.82268  1.66414  
1.85798  1.49978  
1.8101  1.71816  
0.30636  3.95748  
1.75278  1.94135  
1.84544  1.56053  
1.78888  1.80488  
1.61892  2.36083  
1.83327  1.61687  
1.77726  1.85022  
0.433466  3.91006  
0.472079  3.89503  
1.35359  2.95956  
1.51412  2.62408  
1.57645  2.47305  
1.79983  1.76078  
1.24696  3.14071  
1.28988  3.07072  
1.60548  2.39722  
1.26647  3.10927  
1.09339  3.36107  
1.10869  3.34101  
1.31127  3.03422  
1.02802  3.44232  
1.07705  3.38203  
1.42796  2.81611  
0.381943  3.93132  
1.20185  3.20995  
0.917361  3.56473  
0.615752  3.81407  
1.00256  3.4721  
1.17243  3.25304  
0.90008  3.58221  
0.76796  3.70265  
0.943104  3.53784  
0.579887  3.83631  
1.05471  3.40994  
0.821129  3.65696  
0.0999918  3.9989  
1.76546  1.89485  
0.642879  3.79623  
0.741189  3.72429  
0.985157  3.49187  
1.22347  3.17715  
0.794638  3.68018  
0.504941  3.87813  
0.544089  3.85707  
1.72682  2.03228  
1.15253  3.28126  
1.63334  2.32078  
1.12512  3.31899  
1.64927  2.27528  
0.247094  3.97379  
0.968689  3.51019  
1.67816  2.18919  
0.669575  3.77784  
0.873866  3.60796  
0.723297  3.73825  
0.84745  3.63297  
1.71583  2.06916  
1.66203  2.23787  
1.74273  1.9772  
0.197211  3.98476  
1.70441  2.10657  
0.696478  3.75846  
2.02723  0.0590041  
1.69369  2.14084  
1.1637  3.47669  1.1637  3.47669  
1.85213  1.72984  1.85213  1.72984  
0.0990241  3.99899  0.0990241  3.99899  
1.50719  2.655  1.50719  2.655  
1.04207  3.61867  1.04207  3.61867  
1.69383  2.14041  1.69383  2.14041  
0.696565  3.75839  0.696565  3.75839  
1.27931  3.10112  1.28791  3.1066  
2.02637  0.0583827  2.02637  0.0583827  
1.9462  1.09653  1.9462  1.09653  
1.1637  3.47669  1.1637  3.47669  
1.85213  1.72984  1.85213  1.72984  
0.0990241  3.99899  0.0990241  3.99899  
1.50719  2.655  1.50719  2.655  
1.04207  3.61867  1.04207  3.61867  
1.69383  2.14041  1.69383  2.14041  
0.696565  3.75839  0.696565  3.75839  
1.27931  3.10112  1.27931  3.10112  
2.02637  0.0583827  1.74344  2.0825  
1.9462  1.09653  1.9462  1.09653  
1.1637  3.47669  1.1637  3.47669  
1.85213  1.72984  1.84775  1.78267  
0.0990241  3.99899  0.0990241  3.99899  
1.50719  2.655  1.50719  2.655  
1.04207  3.61867  1.04207  3.61867  
1.69383  2.14041  1.69383  2.14041  
0.696565  3.75839  0.696565  3.75839  
1.27931  3.10112  1.27931  3.10112  
2.02637  0.0583827  2.02637  0.0583827  
1.9462  1.09653  1.9462  1.09653  
1.1637  3.47669  1.1637  3.47669  
1.85213  1.72984  1.85213  1.72984  
0.0990241  3.99899  0.0990241  3.99899  
1.50719  2.655  1.50719  2.655  
1.04207  3.61867  1.04207  3.61867  
1.69383  2.14041  1.6931  2.14271  
0.696565  3.75839  0.696565  3.75839  
1.27931  3.10112  1.27931  3.10112  
2.02637  0.0583827  2.02637  0.0583827  
1.9462  1.09653  1.9462  1.09653  
1.1637  3.47669  1.1637  3.47669  
1.85213  1.72984  1.85213  1.72984  
0.0990241  3.99899  0.0990241  3.99899  
1.50719  2.655  1.52277  2.64374  
1.04207  3.61867  1.04207  3.61867  
1.69383  2.14041  1.69383  2.14041  
0.696565  3.75839  0.696565  3.75839  
1.27931  3.10112  1.27931  3.10112  
2.02637  0.0583827  2.02637  0.0583827  
1.9462  1.09653  1.9462  1.09653  
1.1637  3.47669  1.1637  3.47669  
1.85213  1.72984  1.85213  1.72984  
0.0990241  3.99899  0.0990241  3.99899  
1.50719  2.655  1.50719  2.655  
1.04207  3.61867  1.04207  3.61867  
1.69383  2.14041  1.69383  2.14041  
0.696565  3.75839  0.696565  3.75839  
1.27931  3.10112  1.27931  3.10112  
2.02637  0.0583827  2.02637  0.0583827  
1.9462  1.09653  1.9462  1.09653  
1.1637  3.47669  1.1637  3.47669  
1.85213  1.72984  1.85213  1.72984  
0.0990241  3.99899  0.0990241  3.99899  
1.50719  2.655  1.50719  2.655  
1.04207  3.61867  1.04207  3.61867  
1.69383  2.14041  1.69383  2.14041  
0.696565  3.75839  0.696565  3.75839  
1.27931  3.10112  1.27931  3.10112  
2.02637  0.0583827  2.02637  0.0583827  
1.9462  1.09653  1.9462  1.09653  
1.1637  3.47669  1.1637  3.47669  
1.85213  1.72984  1.85213  1.72984  
0.0990241  3.99899  0.0990241  3.99899  
1.50719  2.655  1.50719  2.655  
1.04207  3.61867  1.04207  3.61867  
1.69383  2.14041  1.69383  2.14041  
0.696565  3.75839  0.696565  3.75839  
1.27931  3.10112  1.27931  3.10112  
2.02637  0.0583827  1.9949  0.820353  
1.9462  1.09653  1.9462  1.09653  
1.1637  3.47669  1.1637  3.47669  
1.85213  1.72984  1.85213  1.72984  
0.0990241  3.99899  0.0990241  3.99899  
1.50719  2.655  1.50719  2.655  
1.04207  3.61867  1.04207  3.61867  
1.69383  2.14041  1.69383  2.14041  
0.696565  3.75839  0.696565  3.75839  
1.27931  3.10112  1.27931  3.10112  
2.02637  0.0583827  2.02637  0.0583827  
1.9462  1.09653  1.9462  1.09653  
1.1637  3.47669  1.1637  3.47669  
1.85213  1.72984  1.85213  1.72984  
0.0990241  3.99899  0.0990241  3.99899  
1.50719  2.655  1.50719  2.655  
1.04207  3.61867  1.04207  3.61867  
1.69383  2.14041  1.69383  2.14041  
0.696565  3.75839  0.696565  3.75839  
1.27931  3.10112  1.27931  3.10112  
2.02637  0.0583827  2.02637  0.0583827  
1.9462  1.09653  1.9462  1.09653  
1.99404  0.501358  
2.00585  0.326341  
1.99976  0.396048  
1.90994  1.23108  
1.93694  1.04842  
1.92322  1.14526  
1.95964  0.862666  
1.94981  0.949656  
1.88995  1.35029  
2.01051  0.203423  
0.0842708  4.01937  
1.99059  0.564899  
1.92918  1.10758  
1.89982  1.29455  
1.9648  0.814821  
1.97948  0.656516  
1.87956  1.40615  
1.97283  0.73177  
1.87004  1.45578  
1.39037  2.88911  
1.40984  2.8507  
1.37277  2.92205  
1.33073  2.99931  
1.46543  2.73307  
1.44743  2.77044  
1.53057  2.58571  
1.56187  2.50977  
1.48001  2.70078  
1.49766  2.66161  
0.348588  3.94417  
2.02195  0.0684172  
1.82268  1.66414  
1.85798  1.49978  
1.8101  1.71816  
1.78888  1.80488  
0.433466  3.91006  
0.472079  3.89503  
1.51412  2.62408  
1.57645  2.47305  
1.79983  1.76078  
1.28988  3.07072  
1.07705  3.38203  
0.943104  3.53784  
0.579887  3.83631  
1.76546  1.89485  
0.544089  3.85707  
1.12512  3.31899  
1.20219  3.2094  
1.75289  1.94096  
1.591  2.4355  
1.31137  3.03399  
1.54626  2.54808  
1.83464  1.61065  
0.506698  3.87722  
0.391032  3.92777  
1.05261  3.41252  
1.10194  3.34985  
1.60523  2.39788  
1.61914  2.36021  
1.26182  3.11673  
1.22464  3.17535  
0.968745  3.51012  
1.14871  3.2866  
1.7775  1.84929  
1.42923  2.81348  
0.856374  3.62462  
1.18047  3.24206  
1.35182  2.96231  
0.830114  3.64887  
1.23978  3.15181  
0.917416  3.56464  
1.65804  2.24966  
1.8458  1.5588  
1.01091  3.46241  
0.238549  3.97584  
0.669651  3.77778  
1.63242  2.32335  
1.72991  2.02171  
1.03578  3.43298  
0.0999929  3.9989  
0.296183  3.9605  
0.642691  3.79635  
0.985703  3.49125  
0.812392  3.66471  
1.74  1.98679  
0.891627  3.59061  
1.71937  2.05736  
0.785823  3.6877  
0.759179  3.70984  
0.731728  3.73172  
1.66904  2.2169  
1.6414  2.29792  
1.68204  2.17726  
1.16348  3.26581  
0.606702  3.8198  
0.168931  3.98985  
1.70647  2.09987  
2.02637  0.0583827  
0.696565  3.75839  
1.69383  2.14041  
