1.06626  4.34176  0.845649  4.24597  
1.73363  3.35075  1.79038  3.20339  
1.672  3.42109  1.73199  3.0672  
1.27331  3.99597  1.83732  3.03669  
1.20026  3.81197  1.52418  3.70322  
1.36038  3.81301  1.65641  3.18176  
1.22736  4.08821  0.944385  4.28298  
1.33232  3.96549  1.33451  3.87871  
1.30048  3.65796  0.943632  4.15906  
1.54416  3.72522  1.36555  3.80399  
1.04239  4.31791  1.67119  3.35094  
1.58062  3.37171  0.825955  4.2762  
1.46081  3.87261  0.850833  4.22986  
1.71454  3.38607  1.82293  3.14873  
1.97948  2.68028  1.60052  3.70703  
1.93254  2.87022  1.11722  3.94273  
1.12807  4.12341  1.40421  3.82823  
1.42754  3.53936  1.34473  3.77219  
1.32944  3.78546  1.90193  3.10907  
1.40291  3.777  1.92924  3.32241  
2.14195  2.47849  1.6315  3.30372  
1.44543  3.70396  1.4333  3.74472  
1.5717  3.50747  0.938635  4.17171  
1.39957  3.59291  1.44052  3.70679  
1.94109  3.07166  2.18405  2.0483  
1.26974  3.85178  1.42988  3.96612  
1.73676  3.36317  1.12528  4.1013  
1.58614  3.43614  1.23224  3.97213  
1.39145  3.84241  1.33411  3.81796  
1.43854  3.86384  1.6911  3.40453  
1.86777  3.2704  0.849331  4.19623  
1.1145  4.06802  0.80135  4.2686  
1.47447  3.5061  0.759911  4.29042  
0.89005  4.34997  1.48179  3.68266  
1.94873  2.71539  1.71453  3.23769  
1.88198  3.10811  1.2064  3.88025  
1.39652  3.79  1.13207  3.91172  
1.20128  4.07443  1.72647  3.19344  
1.4622  3.88163  1.34603  3.97058  
1.47431  3.59545  1.49382  3.70646  
1.20136  3.90058  1.28068  3.9256  
1.46002  3.73591  1.16332  4.07119  
1.41552  3.75056  1.9016  2.51642  
1.05913  3.85805  1.71319  3.12915  
1.21684  3.9273  0.939062  4.25113  
1.5672  3.70559  1.6705  3.25002  
1.66723  3.34791  1.54949  3.67904  
0.803266  4.26049  1.60785  3.88139  
1.84261  3.19016  1.95216  2.98391  
1.42847  3.76597  1.47511  3.7558  
0.967205  4.21619  2.32507  2.14505  
1.46126  3.77815  1.10202  3.78726  
0.950327  4.30706  1.04928  4.21319  
1.78177  2.89409  1.2232  3.76275  
1.55831  3.56068  1.43046  3.54883  
1.01239  4.15425  1.20484  4.0861  
0.787325  4.23554  1.37008  3.87712  
2.07517  2.52414  1.75716  3.17646  
1.34331  3.89948  1.81041  3.22336  
1.83199  3.30814  1.61561  3.65242  
1.34632  4.00933  1.11189  3.96658  
1.1842  4.12695  1.59051  3.53917  
1.71819  3.19985  1.84793  3.38982  
1.63895  3.71864  1.33329  3.99805  
1.69881  3.21856  0.937082  4.11146  
1.29772  4.11441  1.25661  4.06047  
1.06982  4.0077  1.69958  3.38688  
1.51058  3.85141  0.939277  4.16134  
1.46619  3.77588  1.38635  3.81457  
1.4861  3.63044  1.66279  3.46989  
0.942075  4.13584  1.77334  3.2817  
1.81934  2.88801  1.80684  3.25056  
1.64708  3.6967  1.12955  3.99436  
1.2142  4.01956  1.15422  4.06535  
1.56668  3.58105  1.10398  4.0583  
1.98678  2.71065  1.05718  4.03894  
2.07306  2.67952  1.22139  4.12889  
1.21922  4.08126  1.91226  2.96972  
1.36767  3.95453  1.39118  3.90505  
1.42923  3.78851  0.905764  4.12875  
0.654953  4.16842  1.04195  4.15145  
1.63053  3.3286  1.02218  4.14668  
1.07495  3.94081  1.34656  3.77892  
1.32536  3.97959  1.36282  3.66287  
1.9534  3.01081  1.50345  3.71041  
1.27053  3.93728  1.63163  3.32866  
1.66761  3.2761  1.96522  2.63063  
1.36945  3.88236  2.02084  2.47194  
1.15348  3.96019  0.773843  4.38047  
1.52219  3.6598  1.92528  2.98648  
1.71567  3.34014  1.54315  3.3673  
1.57336  3.43888  1.94921  2.73809  
1.33261  4.16557  1.46606  3.89228  
1.79102  3.13881  1.31407  3.92865  
1.34423  4.03064  1.18673  4.03771  
1.23047  3.90537  1.48854  3.63511  
1.2814  3.99213  1.54225  3.37427  
2.13956  2.51593  1.22845  4.14727  
0.861089  4.17087  1.42523  3.69894  
1.71569  2.94353  0.781574  4.1482  
0.781574  4.1482  
1.54225  3.37427  
2.02084  2.47194  
1.05718  4.03894  
1.54315  3.3673  
1.2232  3.76275  
0.937082  4.11146  
1.78177  2.89409  
1.10202  3.78726  
1.39957  3.59291  
1.30048  3.65796  
1.42754  3.53936  
1.81934  2.88801  
0.905764  4.12875  
1.9016  2.51642  
1.65641  3.18176  
1.05913  3.85805  
0.654953  4.16842  
1.63053  3.3286  
1.71569  2.94353  
1.6315  3.30372  
2.18405  2.0483  
1.47447  3.5061  
1.71319  3.12915  
0.939952  3.91119  0.939952  3.91119  
0.488566  4.29545  0.556528  4.28321  
2.15893  0.16183  2.15893  0.16183  
1.48921  3.62728  1.48921  3.62728  
1.54964  3.51308  1.54964  3.51308  
0.635075  4.11813  0.635075  4.11813  
1.47215  3.45472  1.47215  3.45472  
1.27886  3.53193  1.27886  3.53193  
1.8913  2.77651  1.8913  2.77651  
1.59639  2.96419  1.59639  2.96419  
1.83972  2.90715  1.83972  2.90715  
0.466641  4.23651  0.466641  4.23651  
1.9437  2.34746  1.9437  2.34746  
1.33884  3.57237  1.33884  3.57237  
1.15196  3.57094  1.14661  3.63631  
1.02901  3.88835  1.02901  3.88835  
1.90951  2.35491  1.90951  2.35491  
1.13576  3.66566  1.13576  3.66566  
1.65236  2.99943  1.65236  2.99943  
2.18025  0.182668  2.18025  0.182668  
0.930991  3.92486  0.930991  3.92486  
1.82051  2.86073  1.82051  2.86073  
1.04104  4.13995  1.04104  4.13995  
2.2116  0.213926  2.2116  0.213926  
0.368201  4.20502  0.368201  4.20502  
1.70048  2.98067  1.70048  2.98067  
1.97804  2.16845  1.40617  3.50577  
1.32559  3.45922  1.32559  3.45922  
1.79897  2.61936  1.79897  2.61936  
2.00156  1.98762  2.00156  1.98762  
2.23689  0.241222  2.23689  0.241222  
2.08492  1.77674  2.08492  1.77674  
1.91458  2.43376  1.91458  2.43376  
1.59675  2.91978  1.62681  2.94983  
1.27474  3.58624  1.27474  3.58624  
1.526  3.27649  1.526  3.27649  
0.943638  3.99921  0.943638  3.99921  
0.308566  4.19767  0.308566  4.19767  
1.78539  2.74931  1.78539  2.74931  
0.900929  4.06434  0.900929  4.06434  
1.82004  1.88154  1.82004  1.88154  
1.33367  3.41413  1.33367  3.41413  
0.211033  4.17934  0.211033  4.17934  
2.1808  0.421138  2.1808  0.421138  
1.45741  2.98813  1.45741  2.98813  
1.60748  2.80795  1.60748  2.80795  
1.09658  3.53035  1.09658  3.53035  
1.76132  2.64629  1.76132  2.64629  
2.01855  0.0186097  2.03402  0.0340738  
0.748792  3.91353  0.853808  3.83712  
1.92302  1.17089  1.92302  1.17089  
1.66816  2.22586  1.66816  2.22586  
1.80969  1.75892  1.80969  1.75892  
2.00501  0.00533166  2.00501  0.00533166  
0.886946  3.59861  0.886946  3.59861  
1.12372  3.32347  1.12372  3.32347  
1.51607  2.63392  1.51607  2.63392  
1.33248  2.99799  1.33248  2.99799  
0.0113406  4.00579  0.167827  4.16228  
0.589198  3.8439  0.589198  3.8439  
1.00928  4.01205  1.00928  4.01205  
0.360322  4.20841  0.512108  4.21153  
1.83825  2.8279  1.83825  2.8279  
1.84913  2.91248  1.84913  2.91248  
2.07181  2.02213  2.07181  2.02213  
1.77846  2.99342  1.77846  2.99342  
1.27676  3.50779  1.27676  3.50779  
1.03751  4.0461  1.03751  4.0461  
2.13037  0.131238  2.13037  0.131238  
1.64054  3.12507  1.64054  3.12507  
0.273233  4.18146  0.273233  4.18146  
1.88718  2.34279  1.88718  2.34279  
1.53927  3.21104  1.53927  3.21104  
0.914277  4.20012  0.914277  4.20012  
1.29516  3.57541  1.29516  3.57541  
1.66482  3.11265  1.66482  3.11265  
1.67658  2.81709  1.67658  2.81709  
1.78609  2.60877  1.78609  2.60877  
2.06571  0.0667943  2.18517  0.186252  
0.969199  3.76678  0.969199  3.76678  
1.56375  3.1748  1.45022  3.36663  
1.72483  3.40309  1.72483  3.40309  
1.34175  3.6471  1.34175  3.6471  
1.10347  3.66912  1.10347  3.66912  
0.998899  3.88672  0.998899  3.88672  
1.3921  3.54204  1.3921  3.54204  
2.12071  0.121216  2.12071  0.121216  
1.69366  2.74419  1.69366  2.74419  
1.99115  2.17293  1.99115  2.17293  
0.312633  4.22425  0.298523  4.21014  
2.08474  0.0879736  2.08474  0.0879736  
1.58948  3.49086  1.35314  3.62616  
0.276765  4.16554  0.276765  4.16554  
0.881572  4.05819  0.881572  4.05819  
0.940175  3.95108  0.940175  3.95108  
1.99763  2.44084  1.99763  2.44084  
1.76119  2.76544  1.76119  2.76544  
1.5623  3.02394  1.5623  3.02394  
1.1608  3.92989  1.1608  3.92989  
1.33436  3.51995  1.33436  3.51995  
1.98763  0.534689  
1.10468  3.34937  
1.66568  2.23326  
1.44318  2.78607  
1.22234  3.1812  
0.657951  3.78979  
1.61723  2.37375  
1.70533  2.11025  
0.850604  3.63201  
1.36567  2.93941  
1.42555  2.82562  
1.75495  1.94077  
1.57468  2.48438  
0.758773  3.71256  
0.602214  3.82632  
1.85095  1.5445  
1.88943  1.34615  
1.81379  1.71854  
1.99829  0.332721  
1.63608  2.31899  
1.49701  2.67196  
1.95482  0.909819  
1.59305  2.43861  
0.824903  3.65612  
1.12798  3.31448  
1.15846  3.27228  
1.28324  3.08519  
1.73586  2.00826  
1.68221  2.18462  
0.0113387  4.00579  
0.944072  3.53749  
1.26521  3.11499  
1.24482  3.14623  
1.53067  2.59073  
1.79364  1.79554  
0.896161  3.58771  
1.18489  3.23818  
1.31947  3.02086  
0.703117  3.75512  
1.4635  2.74137  
2.00247  0.206759  
0.630717  3.80718  
1.89977  1.28513  
1.72117  2.06044  
1.93783  1.0344  
0.482067  3.89189  
1.99359  0.438083  
1.64993  2.2795  
1.35059  2.96709  
1.48101  2.70548  
1.93065  1.0856  
0.51734  3.87276  
1.87872  1.40491  
1.03626  3.43442  
0.776873  3.69727  
1.01873  3.45612  
0.176599  3.99119  
0.877238  3.60729  
0.967111  3.51467  
1.40531  2.86038  
0.432837  3.9144  
1.07999  3.37763  
1.69436  2.14614  
1.76832  1.89924  
1.80489  1.76254  
1.91062  1.21936  
1.94615  0.967213  
1.97816  0.660351  
0.685664  3.76861  
1.62545  2.348  
0.916225  3.56532  
0.255581  3.97449  
1.14288  3.29686  
1.92165  1.14783  
1.20201  3.20899  
0.390557  3.93109  
1.865  1.47532  
2.00483  0.00515717  
1.74691  1.97051  
0.334601  3.95138  
0.984054  3.49297  
0.72279  3.73923  
0.556628  3.85263  
0.11643  3.99968  
1.54814  2.55116  
1.56223  2.51433  
1.98333  0.594717  
1.33248  2.99799  
1.38411  2.90137  
1.51413  2.63141  
1.97188  0.731998  
1.82215  1.68804  
1.60205  2.41213  
1.8365  1.62553  
1.30227  3.05152  
1.00145  3.47356  
1.06161  3.40434  
0.80541  3.67335  
1.96233  0.826991  
1.77974  1.84932  
0.942639  3.6543  
1.6985  2.90691  
1.86888  2.93223  
1.7354  2.87591  
1.12501  3.76874  
0.658462  4.10865  
1.748  2.75226  
0.556528  4.28321  
1.14661  3.63631  
1.40617  3.50577  
1.62681  2.94983  
2.03402  0.0340738  
0.853808  3.83712  
0.167827  4.16228  
0.512108  4.21153  
2.18517  0.186252  
1.45022  3.36663  
0.298523  4.21014  
1.35314  3.62616  
1.18882  3.50367  1.18864  3.50349  
1.58367  3.07594  1.69493  2.76736  
1.6601  2.7314  1.6601  2.7314  
0.0679888  4.06611  0.0679888  4.06611  
1.08008  3.71618  1.08008  3.71618  
1.34268  3.21678  1.34268  3.21678  
1.63088  2.59618  1.63088  2.59618  
1.3153  3.55364  1.3153  3.55364  
0.814454  3.94026  0.814454  3.94026  
2.04852  0.0497063  2.04852  0.0497063  
2.04682  0.0491616  2.04682  0.0491616  
1.14689  3.71898  1.14689  3.71898  
1.45061  3.09275  1.45061  3.09275  
0.0364434  4.03492  0.0364434  4.03492  
1.27217  3.48595  1.27217  3.48595  
1.82149  2.01924  1.82149  2.01924  
0.975513  3.91728  0.982036  3.9238  
1.61367  2.89542  1.61367  2.89542  
1.68031  2.64392  1.68031  2.64392  
0.889558  3.95297  0.889558  3.95297  
1.33128  3.07114  1.33128  3.07114  
0.830476  3.67697  0.830476  3.67697  
0.674828  3.86859  0.674828  3.86859  
0.00952853  4.00777  0.00952853  4.00777  
1.7072  2.20452  1.7072  2.20452  
1.45865  2.86515  1.45865  2.86515  
1.89132  1.4684  1.91232  1.4894  
1.54761  2.64596  1.54761  2.64596  
1.10699  3.41347  1.10699  3.41347  
2.01081  0.0108618  2.01081  0.0108618  
2.06371  0.0660617  1.95382  1.34054  
1.10043  3.64133  1.10043  3.64133  
1.77969  2.14486  1.77969  2.14486  
0.0751932  4.07353  0.0751932  4.07353  
1.38704  3.09812  1.38704  3.09812  
0.930075  3.78512  0.930075  3.78512  
1.65368  2.70556  1.65368  2.70556  
1.28026  3.40626  1.28026  3.40626  
0.975357  3.85179  0.975357  3.85179  
0.8493  3.96486  0.8493  3.96486  
1.70272  2.3751  1.5752  2.73492  
1.88092  1.68794  1.88092  1.68794  
1.1568  3.55638  1.1568  3.55638  
0.0382554  4.03651  0.0382554  4.03651  
0.835042  3.95019  0.835042  3.95019  
2.04636  0.0478885  2.04636  0.0478885  
1.59654  2.68389  1.59654  2.68389  
1.27262  3.339  1.27262  3.339  
1.42495  2.9928  1.42495  2.9928  
0.976024  3.69596  1.08261  3.56762  
1.92726  1.09316  1.92726  1.09316  
1.68291  2.17513  1.68291  2.17513  
1.82189  1.68108  1.82189  1.68108  
2.00248  0.00285227  2.00248  0.00285227  
0.897996  3.58162  0.897996  3.58162  
1.14163  3.29215  0.644241  3.7968  
1.51849  2.61564  1.51849  2.61564  
1.34157  2.98149  1.34157  2.98149  
0.00432396  4.00271  0.00432396  4.00271  
0.596064  3.8254  0.596064  3.8254  
1.2471  3.37411  2.02211  0.024091  
1.89518  1.62592  1.56462  3.1836  
0.903391  3.83576  1.32871  3.64271  
0.0292445  4.0276  0.0235084  4.02205  
1.55372  2.89653  1.7361  2.16179  
1.07311  3.64617  1.60687  2.61978  
1.74357  2.43604  1.19855  3.29053  
1.17276  3.72165  0.734044  3.81507  
1.4376  3.10889  1.89515  1.5427  
2.05633  0.0568558  1.04745  3.6546  
2.02211  0.024091  0.998727  3.80224  
1.39525  3.01424  2.06114  0.0640028  
1.14155  3.5965  1.71472  2.32748  
0.0235084  4.02205  0.0951024  4.09275  
1.7361  2.16179  0.779428  3.88453  
1.60687  2.61978  1.41242  3.17428  
1.19855  3.29053  1.00463  3.76598  
0.734044  3.81507  1.13214  3.54158  
1.89515  1.5427  1.3092  3.34518  
1.04745  3.6546  1.87448  1.69723  
0.998727  3.80224  1.2471  3.37411  
2.06114  0.0640028  1.89518  1.62592  
1.71472  2.32748  0.903391  3.83576  
0.0951024  4.09275  0.0292445  4.0276  
0.779428  3.88453  1.56111  2.90392  
1.45998  3.22184  1.07311  3.64617  
1.5417  2.82271  1.74357  2.43604  
1.13214  3.54158  1.17276  3.72165  
1.3092  3.34518  1.4376  3.10889  
1.87448  1.69723  2.05633  0.0568558  
1.44902  3.21413  1.44902  3.21413  
1.77679  2.44955  1.77679  2.44955  
1.17459  3.50103  1.17459  3.50103  
0.0324069  4.03079  0.0324069  4.03079  
0.867795  3.80596  0.867795  3.80596  
1.46128  3.0347  1.46128  3.0347  
1.66922  2.51818  1.66922  2.51818  
1.83548  1.88579  1.83548  1.88579  
1.58663  2.79067  1.58663  2.79067  
2.04891  0.0493804  2.02122  1.0293  
1.86918  1.44384  
0.734458  3.72668  
1.15379  3.27444  
1.85743  1.49827  
0.503032  3.87639  
0.444433  3.90541  
1.57647  2.47047  
0.780997  3.68878  
1.79764  1.7684  
1.52862  2.59073  
1.64778  2.2786  
1.33901  2.98004  
1.89688  1.28536  
2.00004  0.201838  
1.83412  1.61254  
1.97066  0.726406  
1.67543  2.19651  
0.474139  3.89188  
0.9522  3.52439  
1.13115  3.30656  
1.71641  2.06397  
1.44447  2.77704  
1.49845  2.66023  
1.76482  1.89787  
1.88711  1.34168  
1.20007  3.20835  
1.40672  2.85308  
0.650624  3.78865  
1.29859  3.05224  
1.98485  0.533089  
1.9446  0.957828  
1.01504  3.45384  
1.92315  1.12502  
0.994889  3.47701  
1.63504  2.31326  
0.136128  3.99386  
1.66196  2.23703  
1.97739  0.646151  
1.48141  2.69815  
1.35531  2.95083  
1.69067  2.14743  
1.2326  3.15651  
1.84419  1.56323  
0.410484  3.92015  
1.21679  3.18326  
0.614257  3.8132  
1.81129  1.71175  
1.51796  2.61443  
1.92726  1.09316  
1.82291  1.66169  
1.73868  1.99212  
1.32004  3.01535  
1.95204  0.900375  
0.538406  3.85816  
1.99709  0.295926  
1.95824  0.83955  
0.318655  3.95399  
1.60343  2.40093  
0.575722  3.83593  
1.91113  1.19788  
1.61971  2.35916  
0.808129  3.66478  
1.10875  3.33742  
1.0638  3.395  
1.9367  1.02418  
2.00243  0.00280033  
0.925173  3.55299  
1.25434  3.12436  
0.752868  3.71183  
0.853609  3.62407  
1.78714  1.81257  
1.42641  2.81404  
1.55951  2.51607  
0.880939  3.59827  
1.54101  2.55836  
0.364641  3.93823  
1.27548  3.08936  
1.03837  3.4259  
1.87654  1.40177  
1.08157  3.37308  
0.9694  3.50598  
1.9652  0.781328  
1.38721  2.89127  
1.9926  0.401133  
1.36994  2.92283  
0.826568  3.64923  
1.75255  1.9429  
1.46374  2.73635  
1.77641  1.85002  
0.707699  3.74749  
0.00433733  4.00271  
0.216878  3.98004  
1.1767  3.24246  
0.898893  3.5798  
1.58831  2.4398  
1.73178  2.01592  
1.90472  1.23805  
1.7062  2.09965  
0.679578  3.76765  
0.261823  3.971  
2.05607  0.0575958  
0.908474  3.5921  
2.04379  0.0457755  
1.56856  2.84958  
1.59256  2.7966  
2.0591  0.0595216  
1.07646  3.64951  
1.63902  3.00154  
1.82149  2.01924  
1.72798  2.25756  
0.953807  3.80885  
0.864895  3.95572  
0.0968288  4.00787  
0.0583877  4.05662  
0.0969153  4.09457  
1.85822  1.90854  
1.08879  3.77688  
1.18864  3.50349  
1.69493  2.76736  
0.975513  3.91728  
1.91232  1.4894  
1.95382  1.34054  
1.5752  2.73492  
1.08261  3.56762  
0.644241  3.7968  
1.56462  3.1836  
1.32871  3.64271  
1.41242  3.17428  
1.00463  3.76598  
2.02122  1.0293  
1.55372  2.89653  
1.60611  2.38361  1.60611  2.38361  
1.7726  1.85244  1.7726  1.85244  
0.497998  3.87402  0.497998  3.87402  
2  0.000214837  2  0.000214837  
1.00996  3.45253  1.00996  3.45253  
1.41879  2.81924  1.41879  2.81924  
1.90205  1.23644  1.90205  1.23644  
1.2342  3.14755  1.2342  3.14755  
0.000481683  4  0.000481683  4  
0.786829  3.67744  0.786829  3.67744  
1.11574  3.31971  1.11574  3.31971  
2  0.000216057  2  0.000216057  
1.79727  1.75479  1.79727  1.75479  
1.91368  1.16249  1.91368  1.16249  
0.880978  3.59103  0.880978  3.59103  
1.66189  2.22541  1.66189  2.22541  
1.30889  3.02445  1.30889  3.02445  
0.590583  3.82163  0.590583  3.82163  
0.000484564  4  0.0071243  4.00664  
1.49421  2.65882  1.49421  2.65882  
1.80548  1.72076  1.80548  1.72076  
1.91875  1.12856  1.91944  1.12926  
1.1186  3.31587  0.296082  3.96627  
0.00048372  4  0.00048372  4  
2  0.000217205  2  0.000217205  
1.67047  2.19958  1.67047  2.19958  
1.32551  2.99535  1.32551  2.99535  
0.879429  3.59255  0.879429  3.59255  
1.51261  2.61689  1.51261  2.61689  
0.581848  3.82698  0.581848  3.82698  
1.52767  2.58164  1.52767  2.58164  
1.81332  1.68744  1.81332  1.68744  
1.92251  1.10263  1.92251  1.10263  
2  0.000214524  1.89971  1.28624  
0.903007  3.56908  0.903007  3.56908  
1.14191  3.28392  1.14191  3.28392  
1.67958  2.17164  1.67958  2.17164  
1.34535  2.95975  1.34535  2.95975  
0.000484331  4  0.000484331  4  
0.600642  3.81535  0.600642  3.81535  
1.80779  1.71102  1.39195  2.87227  
1.1334  3.2957  1.1334  3.2957  
1.91995  1.12032  1.91995  1.12032  
2  0.000209892  2  0.000209892  
0.902544  3.56955  0.902544  3.56955  
1.33704  2.97477  1.33704  2.97477  
1.67702  2.17956  1.67702  2.17956  
1.51834  2.60358  1.51834  2.60358  
0.000483897  4  0.000483897  4  
0.603004  3.81386  0.603004  3.81386  
1.92547  1.08179  1.92547  1.08179  
1.68382  2.15847  1.68382  2.15847  
1.81591  1.67629  1.81591  1.67629  
2  0.000205636  2  0.000205636  
0.912136  3.55978  0.912136  3.55978  
1.1502  3.27233  1.1502  3.27233  
1.52751  2.58202  1.52751  2.58202  
1.3512  2.94907  1.3512  2.94907  
0.000481317  4  0.000481317  4  
0.609825  3.80955  0.609825  3.80955  
2  0.000209498  2.00007  0.000401078  
0.940643  3.52998  0.940643  3.52998  
1.7177  2.04891  1.7177  2.04891  
1.19686  3.20469  1.19686  3.20469  
1.83877  1.57346  1.83877  1.57346  
1.40421  2.8483  1.40421  2.8483  
0.637186  3.79157  0.637186  3.79157  
1.93231  1.03185  1.93231  1.03185  
0.000484695  4  0.000484695  4  
1.57453  2.46647  1.57453  2.48849  
2  0.000202722  2  0.000202722  
0.849287  3.62144  0.849287  3.62144  
1.87995  1.36496  1.87995  1.36496  
1.05638  3.3965  1.05638  3.3965  
1.24221  3.13491  1.24221  3.13491  
1.58322  2.4441  1.59136  2.45224  
0.571121  3.83344  0.51603  3.86456  
1.43197  2.79246  1.43197  2.79246  
0.000463948  4  0.000463948  4  
1.75268  1.92678  1.75268  1.92678  
2  0.000213791  2  0.000213791  
0.876551  3.59536  0.876551  3.59536  
1.80605  1.71834  1.80605  1.71834  
1.11738  3.31751  0.983198  3.49917  
1.32303  2.99973  1.32303  2.99973  
1.5061  2.63186  1.5061  2.63186  
0.591205  3.82124  0.591205  3.82124  
1.9189  1.12753  1.9189  1.12753  
0.000484522  4  0.000484522  4  
1.67129  2.19707  1.67129  2.19707  
2  0.000216687  2  0.000216687  
1.92051  1.11653  1.92051  1.11653  
1.66799  2.20708  1.66799  2.20708  
0.000484294  4  0.0026261  4.00214  
0.885424  3.58666  0.892085  3.59332  
1.32925  2.98872  1.32925  2.98872  
1.12612  3.30566  1.12612  3.30566  
0.591124  3.82129  0.591124  3.82129  
1.50998  2.62295  1.50998  2.62295  
1.80954  1.70361  1.80954  1.70361  
1.24221  3.13491  
1.3286  2.98987  
1.81591  1.67629  
0.655236  3.77924  
0.78571  3.6784  
1.36385  2.92569  
1.99418  0.304963  
1.95874  0.808325  
0.425034  3.9087  
1.30856  3.02502  
1.9189  1.12753  
2  0.000217349  
0.751204  3.70712  
0.497998  3.87402  
0.876551  3.59536  
1.5558  2.51355  
1.58907  2.42886  
1.05937  3.39278  
1.97227  0.664401  
1.10113  3.33916  
1.7177  2.04891  
1.65008  2.26029  
1.8946  1.28137  
1.92547  1.08179  
1.95144  0.876596  
0.461526  3.89204  
0.822224  3.64634  
1.28756  3.06085  
0.355136  3.93653  
0.000484695  4  
0.693271  3.752  
0.397322  3.92027  
0.306735  3.95268  
1.63583  2.30136  
1.74924  1.93925  
1.02583  3.43376  
0.572662  3.83331  
1.73599  1.9863  
1.1579  3.26145  
0.98278  3.48376  
0.200523  3.97997  
0.261622  3.96563  
1.57453  2.46647  
1.0084  3.45435  
1.67129  2.19707  
1.98343  0.51385  
1.91147  1.17694  
1.49421  2.65882  
1.52767  2.58164  
1.79727  1.75479  
1.08462  3.36071  
0.919793  3.55189  
1.47146  2.70911  
1.77363  1.8485  
1.17991  3.22974  
1.93677  0.997831  
1.4533  2.74804  
0.849287  3.62144  
0.536438  3.85346  
0.720923  3.7311  
1.78405  1.80794  
1.68382  2.15847  
1.20484  3.19272  
1.87698  1.38128  
0.637186  3.79157  
1.53922  2.55407  
1.22374  3.16383  
1.13796  3.2894  
0.903408  3.56867  
1.69875  2.11117  
1.97808  0.590658  
1.38321  2.88976  
1.8489  1.52522  
1.43197  2.79246  
1.04297  3.41304  
1.8595  1.4728  
1.9661  0.734016  
1.99712  0.214439  
1.66189  2.22541  
0.93891  3.53183  
1.90205  1.23644  
1.61899  2.3485  
1.94468  0.934302  
1.40416  2.8484  
1.76084  1.89677  
0.609809  3.80953  
1.82772  1.6241  
1.41879  2.81924  
1.1186  3.31587  
1.5061  2.63186  
1.60056  2.3985  
1.83877  1.57346  
1.98782  0.440846  
1.34496  2.96046  
1.88408  1.34202  
1.80548  1.72076  
0.956524  3.51287  
1.86945  1.42152  
0.131979  3.99128  
1.26464  3.09883  
0.0026261  4.00214  
0.892085  3.59332  
1.92278  1.10076  1.92278  1.10076  
1.68344  2.15965  1.68344  2.15965  
1.81595  1.67612  1.81595  1.67612  
2  0.000217534  2.00767  0.00788405  
0.903412  3.56867  0.903412  3.56867  
1.14195  3.28387  1.14195  3.28387  
1.52835  2.58003  1.52835  2.58003  
1.35051  2.95033  1.35051  2.95033  
0.000484718  4  0.000484718  4  
0.600642  3.81535  0.600642  3.81535  
1.92405  1.09185  1.92405  1.09185  
1.68344  2.15965  1.68344  2.15965  
1.81604  1.6757  1.81604  1.6757  
2  0.000217534  2  0.000217534  
0.903412  3.56867  0.903412  3.56867  
1.14195  3.28387  1.14195  3.28387  
1.52835  2.58003  1.52835  2.58003  
1.35051  2.95033  1.35051  2.95033  
0.000484718  4  0.000484718  4  
0.600642  3.81535  0.600642  3.81535  
1.92408  1.09166  1.92408  1.09166  
1.68338  2.15984  1.68338  2.15984  
1.81604  1.6757  1.81604  1.6757  
2  0.000217534  2  0.000217534  
0.903412  3.56867  0.903412  3.56867  
1.14195  3.28387  1.14195  3.28387  
1.52835  2.58003  1.52835  2.58003  
1.35051  2.95033  1.35051  2.95033  
0.000484718  4  0.000484718  4  
0.600642  3.81535  0.600642  3.81535  
1.92408  1.09166  1.92408  1.09166  
1.68338  2.15985  1.68617  2.16264  
1.81604  1.6757  1.81604  1.6757  
2  0.000217534  2  0.000217534  
0.903412  3.56867  0.903412  3.56867  
1.14195  3.28387  1.14195  3.28387  
1.52835  2.58003  1.52835  2.58003  
1.35051  2.95033  1.35051  2.95033  
0.000484718  4  0.000484718  4  
0.600642  3.81535  0.600642  3.81535  
1.92407  1.09169  1.92407  1.09169  
1.68338  2.15984  1.68338  2.15984  
1.81595  1.67612  1.81595  1.67612  
2  0.000217534  2  0.000217534  
0.903412  3.56867  0.903412  3.56867  
1.14195  3.28387  1.14523  3.28715  
1.52835  2.58003  1.52835  2.58003  
1.35051  2.95033  1.35051  2.95033  
0.000484718  4  0.000484718  4  
0.600642  3.81535  0.600642  3.81535  
1.92407  1.09169  1.92407  1.09169  
1.68338  2.15985  1.68338  2.15985  
1.81595  1.67612  1.7867  1.83584  
2  0.000217534  2  0.000217534  
0.903412  3.56867  0.903412  3.56867  
1.14195  3.28387  1.14195  3.28387  
1.52835  2.58003  1.52835  2.58003  
1.35051  2.95033  1.35051  2.95033  
0.000484718  4  0.000484718  4  
0.600642  3.81535  0.600642  3.81535  
1.92408  1.09166  1.92408  1.09166  
1.68338  2.15985  1.68338  2.15985  
1.81595  1.67612  1.81595  1.67612  
2  0.000217534  2.00067  0.000882781  
0.903412  3.56867  0.903412  3.56867  
1.14195  3.28387  1.14195  3.28387  
1.52835  2.58003  1.52835  2.58003  
1.35051  2.95033  1.35051  2.95033  
0.000484718  4  0.000484718  4  
0.600642  3.81535  0.600642  3.81535  
1.92407  1.09169  1.92407  1.09169  
1.68338  2.15984  1.68338  2.15984  
1.81604  1.6757  1.81604  1.6757  
2  0.000217534  2  0.000217534  
0.903412  3.56867  0.903412  3.56867  
1.14195  3.28387  1.14195  3.28387  
1.52835  2.58003  1.54754  2.59922  
1.35051  2.95033  1.35196  2.95177  
0.000484718  4  0.000484718  4  
0.600642  3.81535  0.600642  3.81535  
1.92408  1.09166  1.92408  1.09166  
1.68338  2.15984  1.68338  2.15984  
1.81595  1.67612  1.81595  1.67612  
2  0.000217534  2  0.000217534  
0.903412  3.56867  0.903412  3.56867  
1.14195  3.28387  1.14195  3.28387  
1.52835  2.58003  1.52835  2.58003  
1.35051  2.95033  1.35051  2.95033  
0.000484718  4  0.000484718  4  
0.600642  3.81535  0.600642  3.81535  
1.92407  1.09169  1.92407  1.09169  
1.68338  2.15985  1.68338  2.15985  
1.81604  1.6757  1.81604  1.6757  
2  0.000217534  2  0.000217534  
0.903412  3.56867  0.903412  3.56867  
1.14195  3.28387  1.14195  3.28387  
1.52835  2.58003  1.52835  2.58003  
1.35051  2.95033  1.35892  2.95873  
0.000484718  4  0.000484718  4  
0.600642  3.81535  0.600642  3.81535  
1.92598  1.07811  
1.72621  2.02008  
1.28678  3.06215  
1.22785  3.15745  
1.87898  1.37028  
0.571701  3.8331  
1.82649  1.62966  
1.96861  0.705887  
0.903412  3.56867  
1.60477  2.38724  
1.90801  1.19915  
1.98173  0.539381  
0.785782  3.67834  
1.89898  1.25516  
0.675039  3.76527  
1.12579  3.30612  
1.93896  0.98072  
1.50051  2.64461  
1.8713  1.41172  
1.78216  1.81537  
1.59102  2.42376  
1.56061  2.5016  
1.35051  2.95033  
1.54458  2.54108  
1.38414  2.88731  
1.62466  2.3328  
0.831369  3.63804  
1.86158  1.4622  
0.312327  3.95092  
1.5753  2.46515  
1.01764  3.44349  
1.68338  2.15984  
1.04607  3.40924  
1.44154  2.77269  
1.85266  1.50687  
0.415358  3.91279  
1.83527  1.58969  
1.3104  3.02182  
1.00002  3.46408  
1.93238  1.03132  
1.36446  2.92462  
0.849498  3.62124  
1.64145  2.2853  
0.730477  3.72366  
0.26205  3.96552  
1.51563  2.60988  
0.131733  3.99131  
1.52835  2.58003  
1.69846  2.11209  
1.24351  3.13285  
1.99525  0.275532  
0.965325  3.50323  
0.600642  3.81535  
1.97553  0.623816  
0.200555  3.97984  
1.65833  2.23603  
1.98639  0.465808  
2  0.000217534  
1.48339  2.68294  
0.804074  3.66249  
0.535522  3.85394  
1.73962  1.97353  
1.77104  1.85839  
0.638059  3.79098  
1.09314  3.34965  
1.10953  3.32802  
1.80502  1.72266  
1.66989  2.20133  
1.33001  2.98736  
1.26525  3.09783  
1.40364  2.84941  
1.99072  0.384834  
1.99817  0.170872  
0.876541  3.59537  
1.7105  2.07285  
1.91774  1.13537  
1.18034  3.22911  
0.758103  3.7015  
1.94679  0.916499  
1.20543  3.19183  
0.982642  3.48391  
1.06775  3.38225  
0.938915  3.53182  
1.15816  3.26108  
1.81595  1.67612  
1.4225  2.81176  
1.96109  0.785212  
1.95405  0.852481  
1.75857  1.9052  
1.8447  1.54542  
1.14195  3.28387  
1.88905  1.31436  
0.369557  3.93112  
0.498461  3.87378  
1.79451  1.76607  
0.000484718  4  
0.921242  3.55039  
0.702858  3.74486  
0.451332  3.89682  
1.46556  2.72187  
1.35051  2.95033  
0.110469  4.00345  
0.610782  3.82549  
1.14195  3.28387  
0.106519  3.99437  
0.600642  3.81535  
2.01182  0.0120329  
0.911618  3.57687  
1.14195  3.28387  
1.93995  1.10756  
2.00767  0.00788405  
0.903412  3.56867  
1.52835  2.58003  
1.35051  2.95033  
0.903412  3.56867  
1.68617  2.16264  
1.14523  3.28715  
1.7867  1.83584  
2.00067  0.000882781  
1.54754  2.59922  
1.35196  2.95177  
2  0.000217534  
1.52835  2.58003  
1.35892  2.95873  
1.92407  1.09168  1.92407  1.09168  
1.68338  2.15984  1.68338  2.15984  
1.81593  1.67617  1.81593  1.67617  
2  0.000217534  2  0.000217534  
0.903412  3.56867  0.903412  3.56867  
1.14192  3.28391  1.14192  3.28391  
1.52837  2.57999  1.52837  2.57999  
1.35051  2.95033  1.35051  2.95033  
0.000484718  4  0.0089185  4.00843  
0.600642  3.81535  0.600642  3.81535  
1.92407  1.09168  1.92407  1.09168  
1.68338  2.15984  1.68338  2.15984  
1.81593  1.67617  1.81593  1.67617  
2  0.000217534  2  0.000217534  
0.903412  3.56867  0.903412  3.56867  
1.14192  3.28391  1.14192  3.28391  
1.52837  2.57999  1.52837  2.57999  
1.35051  2.95033  1.35051  2.95033  
0.000484718  4  0.000484718  4  
0.600642  3.81535  0.600642  3.81535  
1.92407  1.09168  1.92407  1.09168  
1.68338  2.15984  1.68338  2.15984  
1.81593  1.67617  1.81593  1.67617  
2  0.000217534  2  0.000217534  
0.903412  3.56867  0.903412  3.56867  
1.14192  3.28391  1.14192  3.28391  
1.52837  2.57999  1.53702  2.58864  
1.35051  2.95033  1.35051  2.95033  
0.000484718  4  0.000484718  4  
0.600642  3.81535  0.600642  3.81535  
1.92407  1.09168  1.92407  1.09168  
1.68338  2.15985  1.68338  2.15985  
1.81593  1.67617  1.81593  1.67617  
2  0.000217534  2  0.000217534  
0.903412  3.56867  1.10378  3.33567  
1.14192  3.28391  1.15204  3.29403  
1.52837  2.57999  1.52837  2.57999  
1.35051  2.95033  1.35051  2.95033  
0.000484718  4  0.000484718  4  
0.600642  3.81535  0.600642  3.81535  
1.92407  1.09168  1.92407  1.09168  
1.68338  2.15985  1.68338  2.15985  
1.81593  1.67617  1.8243  1.68454  
2  0.000217534  2  0.000217534  
0.903412  3.56867  0.903412  3.56867  
1.14192  3.28391  1.14192  3.28391  
1.52837  2.57999  1.52837  2.57999  
1.35051  2.95033  1.35051  2.95033  
0.000484718  4  0.000484718  4  
0.600642  3.81535  0.600642  3.81535  
1.92407  1.09168  1.92407  1.09168  
1.68338  2.15984  1.69066  2.16712  
1.81593  1.67617  1.81593  1.67617  
2  0.000217534  2  0.000217534  
0.903412  3.56867  0.903412  3.56867  
1.14192  3.28391  1.14192  3.28391  
1.52837  2.57999  1.52837  2.57999  
1.35051  2.95033  1.35051  2.95033  
0.000484718  4  0.000484718  4  
0.600642  3.81535  0.600642  3.81535  
1.92407  1.09168  1.92407  1.09168  
1.68338  2.15985  1.68338  2.15985  
1.81593  1.67617  1.87277  1.50621  
2  0.000217534  2.00302  0.00324054  
0.903412  3.56867  0.903412  3.56867  
1.14192  3.28391  1.14192  3.28391  
1.52837  2.57999  1.52837  2.57999  
1.35051  2.95033  1.35051  2.95033  
0.000484718  4  0.000484718  4  
0.600642  3.81535  0.600642  3.81535  
1.92407  1.09168  1.92407  1.09168  
1.68338  2.15984  1.68338  2.15984  
1.81593  1.67617  1.81593  1.67617  
2  0.000217534  2  0.000217534  
0.903412  3.56867  0.903412  3.56867  
1.14192  3.28391  1.14192  3.28391  
1.52837  2.57999  1.52837  2.57999  
1.35051  2.95033  1.35051  2.95033  
0.000484718  4  0.000484718  4  
0.600642  3.81535  0.600642  3.81535  
1.92407  1.09168  1.92407  1.09168  
1.68338  2.15984  1.68338  2.15984  
1.81593  1.67617  1.81593  1.67617  
2  0.000217534  2  0.000217534  
0.903412  3.56867  0.903412  3.56867  
1.14192  3.28391  1.14192  3.28391  
1.52837  2.57999  1.52837  2.57999  
1.35051  2.95033  1.36052  2.9561  
0.000484718  4  0.000484718  4  
0.600642  3.81535  0.600642  3.81535  
1.92407  1.09168  1.92407  1.09168  
1.68338  2.15984  1.68338  2.15984  
1.81593  1.67617  1.81593  1.67617  
2  0.000217534  2  0.000217534  
0.903412  3.56867  0.909156  3.57441  
1.14192  3.28391  1.14192  3.28391  
1.52837  2.57999  1.52837  2.57999  
1.35051  2.95033  1.35051  2.95033  
0.000484718  4  0.000484718  4  
0.600642  3.81535  0.600642  3.81535  
1.87315  1.40188  
0.572033  3.8329  
1.31664  3.01096  
1.42266  2.81143  
0.63699  3.7917  
1.80546  1.72082  
1.99745  0.201772  
0.702747  3.74494  
1.11849  3.316  
1.35051  2.95033  
0.730581  3.72357  
1.57548  2.46404  
0.270275  3.96331  
1.9692  0.699344  
1.60506  2.38644  
1.27269  3.08563  
1.16584  3.25012  
0.1307  3.99145  
1.76799  1.86997  
0.849522  3.62122  
1.36412  2.92518  
0.600642  3.81535  
1.96249  0.771076  
1.93996  0.972726  
1.74218  1.96448  
1.83548  1.58874  
1.91502  1.15362  
1.97553  0.623761  
1.56054  2.50177  
1.92407  1.09168  
1.25695  3.11131  
0.794469  3.67087  
0.675069  3.76525  
1.84459  1.54595  
0.535629  3.85388  
1.93229  1.03198  
0.822317  3.64626  
0.929988  3.54126  
1.77985  1.82442  
0.868572  3.6031  
1.81593  1.67617  
1.95483  0.845299  
2  0.000217534  
1.89092  1.30293  
1.62076  2.34362  
0.767293  3.69392  
0.000484718  4  
1.65724  2.23924  
1.10124  3.33902  
1.44115  2.77351  
1.991  0.379033  
1.71347  2.06301  
1.69157  2.1341  
1.18174  3.22707  
1.54567  2.53844  
1.63612  2.30053  
1.68338  2.15985  
1.86353  1.45227  
0.45235  3.89635  
0.369557  3.93112  
1.01724  3.44397  
1.20485  3.19271  
1.07659  3.37103  
1.00005  3.46404  
0.415358  3.91279  
1.7919  1.77663  
0.947869  3.52224  
0.489025  3.87858  
1.90657  1.20827  
1.94758  0.909805  
1.99463  0.292795  
1.85527  1.49397  
1.70221  2.09999  
1.33695  2.97493  
0.209293  3.97804  
1.59217  2.42075  
0.323096  3.94746  
0.903412  3.56867  
1.40366  2.84937  
1.75491  1.91862  
1.98176  0.539004  
1.98639  0.465924  
1.67111  2.19762  
1.51148  2.61949  
1.47752  2.69588  
0.974113  3.49348  
1.49483  2.65742  
1.72977  2.00787  
1.89895  1.25538  
1.29482  3.04856  
1.64538  2.27395  
1.05963  3.39245  
1.14192  3.28391  
1.23459  3.14693  
1.88219  1.35257  
1.45963  2.73458  
1.52837  2.57999  
1.82611  1.63136  
1.37816  2.89874  
1.04281  3.41323  
1.82357  1.6838  
2.01097  0.0111889  
0.00806911  4.00758  
0.600642  3.81535  
1.92407  1.09168  
1.35051  2.95033  
0.00989175  4.00941  
1.52837  2.57999  
1.355  2.95482  
0.903412  3.56867  
1.68338  2.15985  
0.90383  3.56908  
1.54416  2.59578  
1.82376  1.68399  
2  0.000217534  
1.53768  2.5893  
1.68918  2.16566  
0.000484718  4  
1.68964  2.16611  
0.0116819  4.0112  
2  0.000217534  
0.903524  3.56878  
1.83093  1.69116  
2.00029  0.000509043  
1.81593  1.67617  
2  0.000217534  
1.9319  1.09952  
1.35064  2.95046  
0.00519447  4.00471  
0.81391  3.65379  
1.14192  3.28391  
1.82126  1.6815  
1.68746  2.16392  
0.000484718  4  
0.903412  3.56867  
1.14727  3.28925  
0.897572  3.57456  
0.600642  3.81535  
1.35765  2.95746  
0.903412  3.56867  
1.92407  1.09168  
0.0089185  4.00843  
1.14192  3.28391  
1.14192  3.28391  
1.53702  2.58864  
1.10378  3.33567  
1.15204  3.29403  
1.8243  1.68454  
1.69066  2.16712  
1.87277  1.50621  
2.00302  0.00324054  
0.000484718  4  
1.36052  2.9561  
0.909156  3.57441  
1.92407  1.09168  1.92407  1.09168  
1.68338  2.15985  1.68338  2.15985  
1.81593  1.67617  1.81593  1.67617  
2  0.000217534  2  0.000217534  
0.903428  3.56865  0.903428  3.56865  
1.14192  3.28391  1.14192  3.28391  
1.52836  2.58001  1.52836  2.58001  
1.35051  2.95033  1.35051  2.95033  
0.000484718  4  0.000484718  4  
0.600648  3.81535  0.600648  3.81535  
1.92407  1.09168  1.92407  1.09168  
1.68338  2.15985  1.68338  2.15985  
1.81593  1.67617  1.81593  1.67617  
2  0.000217534  2  0.000217534  
0.903428  3.56865  0.903428  3.56865  
1.14192  3.28391  1.14192  3.28391  
1.52836  2.58001  1.56537  2.48966  
1.35051  2.95033  1.35051  2.95033  
0.000484718  4  0.000484718  4  
0.600648  3.81535  0.600648  3.81535  
1.92407  1.09168  1.92407  1.09168  
1.68338  2.15985  1.68338  2.15985  
1.81593  1.67617  1.81593  1.67617  
2  0.000217534  2  0.000217534  
0.903428  3.56865  0.903428  3.56865  
1.14192  3.28391  1.14192  3.28391  
1.52836  2.58001  1.52836  2.58001  
1.35051  2.95033  1.35051  2.95033  
0.000484718  4  0.0433126  4.0076  
0.600648  3.81535  0.600648  3.81535  
1.92407  1.09168  1.92407  1.09168  
1.68338  2.15985  1.68338  2.15985  
1.81593  1.67617  1.81593  1.67617  
2  0.000217534  2  0.000217534  
0.903428  3.56865  0.903428  3.56865  
1.14192  3.28391  1.14192  3.28391  
1.52836  2.58001  1.52836  2.58001  
1.35051  2.95033  1.35051  2.95033  
0.000484718  4  0.000484718  4  
0.600648  3.81535  0.600648  3.81535  
1.92407  1.09168  1.92407  1.09168  
1.68338  2.15985  1.68338  2.15985  
1.81593  1.67617  1.82969  1.68993  
2  0.000217534  2.01864  0.018858  
0.903428  3.56865  0.903428  3.56865  
1.14192  3.28391  1.14192  3.28391  
1.52836  2.58001  1.52836  2.58001  
1.35051  2.95033  1.35051  2.95033  
0.000484718  4  0.000484718  4  
0.600648  3.81535  0.600648  3.81535  
1.92407  1.09168  1.92407  1.09168  
1.68338  2.15985  1.68338  2.15985  
1.81593  1.67617  1.81593  1.67617  
2  0.000217534  2  0.000217534  
0.903428  3.56865  0.903428  3.56865  
1.14192  3.28391  1.28897  3.05847  
1.52836  2.58001  1.52836  2.58001  
1.35051  2.95033  1.35051  2.95033  
0.000484718  4  0.000484718  4  
0.600648  3.81535  0.600648  3.81535  
1.92407  1.09168  1.92407  1.09168  
1.68338  2.15985  1.69179  2.16827  
1.81593  1.67617  1.82736  1.7138  
2  0.000217534  2  0.000217534  
0.903428  3.56865  0.903428  3.56865  
1.14192  3.28391  1.14192  3.28391  
1.52836  2.58001  1.52836  2.58001  
1.35051  2.95033  1.35051  2.95033  
0.000484718  4  0.000484718  4  
0.600648  3.81535  0.600648  3.81535  
1.92407  1.09168  1.92407  1.09168  
1.68338  2.15985  1.68338  2.15985  
1.81593  1.67617  1.81593  1.67617  
2  0.000217534  2  0.000217534  
0.903428  3.56865  0.903428  3.56865  
1.14192  3.28391  1.15557  3.28094  
1.52836  2.58001  1.52836  2.58001  
1.35051  2.95033  1.35051  2.95033  
0.000484718  4  0.000484718  4  
0.600648  3.81535  0.600648  3.81535  
1.92407  1.09168  1.92407  1.09168  
1.68338  2.15985  1.68338  2.15985  
1.81593  1.67617  1.81593  1.67617  
2  0.000217534  2  0.000217534  
0.903428  3.56865  0.903428  3.56865  
1.14192  3.28391  1.14192  3.28391  
1.52836  2.58001  1.52836  2.58001  
1.35051  2.95033  1.35051  2.95033  
0.000484718  4  0.0215069  4.02102  
0.600648  3.81535  0.600648  3.81535  
1.92407  1.09168  1.92407  1.09168  
1.68338  2.15985  1.68338  2.15985  
1.81593  1.67617  1.81593  1.67617  
2  0.000217534  2  0.000217534  
0.903428  3.56865  0.903428  3.56865  
1.14192  3.28391  1.14192  3.28391  
1.52836  2.58001  1.52989  2.58154  
1.35051  2.95033  1.35051  2.95033  
0.000484718  4  0.000484718  4  
0.600648  3.81535  0.600648  3.81535  
1.18221  3.22637  
1.35051  2.95033  
1.85538  1.49342  
1.62803  2.32338  
0.684173  3.75867  
1.76814  1.87033  
0.991081  3.47434  
0.822724  3.64589  
1.96323  0.763488  
0.628501  3.79736  
1.96925  0.698675  
0.200734  3.9798  
0.903428  3.56865  
1.95641  0.830543  
0.315123  3.95004  
1.79685  1.7565  
0.369557  3.93112  
1.73511  1.98937  
1.84676  1.53553  
1.69958  2.10847  
1.87137  1.41135  
1.78577  1.80114  
1.45964  2.73455  
1.86347  1.45256  
0.876659  3.59526  
0.656412  3.77842  
1.06313  3.38807  
1.00832  3.45444  
1.42274  2.81127  
1.67108  2.19771  
1.30863  3.02488  
1.89895  1.2554  
1.94013  0.971415  
1.12584  3.30605  
1.54449  2.54129  
0.930066  3.54117  
1.74545  1.95283  
1.58121  2.4508  
1.22063  3.16863  
1.91638  1.14455  
1.47773  2.6954  
2  0.000217534  
1.26553  3.09737  
1.65689  2.24028  
1.88045  1.36223  
1.99768  0.192561  
1.32976  2.98781  
1.08468  3.36063  
0.965837  3.50266  
0.415358  3.91279  
1.49492  2.65723  
1.61442  2.36107  
1.7773  1.83436  
1.97431  0.639029  
0.137252  3.99057  
1.6  2.39999  
1.92407  1.09168  
1.89092  1.30295  
1.80541  1.72104  
1.9313  1.03938  
1.83776  1.57815  
1.38413  2.88733  
1.99463  0.292809  
1.68338  2.15985  
1.20211  3.19683  
0.804096  3.66247  
1.56581  2.48856  
1.72481  2.02488  
1.44093  2.77397  
0.45235  3.89635  
0.600648  3.81535  
1.71387  2.06171  
1.14192  3.28391  
1.10945  3.32814  
0.253087  3.96784  
1.81593  1.67617  
1.51239  2.61738  
1.75857  1.90518  
0.56346  3.83797  
1.52836  2.58001  
1.36433  2.92479  
1.90798  1.19937  
1.9818  0.538461  
0.850188  3.6206  
1.98639  0.465784  
0.739702  3.71636  
0.712085  3.73788  
0.48912  3.87854  
0.000484718  4  
1.99073  0.384661  
1.6447  2.27594  
1.0344  3.42346  
0.776658  3.68608  
1.40377  2.84916  
1.82564  1.63347  
0.525675  3.85936  
1.1648  3.2516  
1.28069  3.07235  
1.94883  0.899058  
1.24933  3.12357  
0.0155627  4.01347  
1.99574  0.261065  
0.903428  3.56865  
1.35517  2.95498  
0.600648  3.81535  
1.92407  1.09168  
1.68387  2.16034  
1.67048  2.19955  
1.68338  2.15985  
1.82037  1.68061  
2.01019  0.0104033  
2.00656  0.00677857  
1.92407  1.09168  
1.35051  2.95033  
1.54909  2.60074  
0.603624  3.81833  
1.14939  3.29138  
1.5328  2.58445  
1.35051  2.95033  
2.00848  0.00869279  
0.813571  3.65409  
1.81859  1.67883  
1.58393  2.44226  
1.3506  2.95041  
0.903428  3.56865  
2  0.000217534  
2.00055  0.000768018  
0.912366  3.57759  
0.904169  3.56939  
0.000484718  4  
0.600648  3.81535  
1.69215  2.16862  
1.81593  1.67617  
2.00003  0.000243727  
0.000764119  4.00028  
1.8254  1.68564  
1.35056  2.95037  
2  0.000217534  
0.903428  3.56865  
1.14192  3.28391  
1.56537  2.48966  
1.35051  2.95033  
0.0433126  4.0076  
1.92407  1.09168  
1.82969  1.68993  
2.01864  0.018858  
1.28897  3.05847  
1.69179  2.16827  
1.82736  1.7138  
1.15557  3.28094  
0.0215069  4.02102  
1.52989  2.58154  
1.35051  2.95033  
1.92407  1.09168  1.92407  1.09168  
1.68338  2.15985  1.68338  2.15985  
1.81593  1.67617  1.81593  1.67617  
2  0.000217534  2  0.000217534  
0.903419  3.56866  0.903419  3.56866  
1.14192  3.28391  1.14192  3.28391  
1.52836  2.58001  1.52836  2.58001  
1.35051  2.95033  1.35051  2.95033  
0.000484718  4  0.000484718  4  
0.600648  3.81535  0.600648  3.81535  
1.92407  1.09168  1.92407  1.09168  
1.68338  2.15985  1.68338  2.15985  
1.81593  1.67617  1.81593  1.67617  
2  0.000217534  2  0.000217534  
0.903419  3.56866  0.903419  3.56866  
1.14192  3.28391  1.14192  3.28391  
1.52836  2.58001  1.52836  2.58001  
1.35051  2.95033  1.35051  2.95033  
0.000484718  4  0.000484718  4  
0.600648  3.81535  0.600648  3.81535  
1.92407  1.09168  1.93793  1.10554  
1.68338  2.15985  1.68338  2.15985  
1.81593  1.67617  1.81593  1.67617  
2  0.000217534  2  0.000217534  
0.903419  3.56866  0.903419  3.56866  
1.14192  3.28391  1.14192  3.28391  
1.52836  2.58001  1.52836  2.58001  
1.35051  2.95033  1.35051  2.95033  
0.000484718  4  0.000484718  4  
0.600648  3.81535  0.600648  3.81535  
1.92407  1.09168  1.92407  1.09168  
1.68338  2.15985  1.68338  2.15985  
1.81593  1.67617  1.81593  1.67617  
2  0.000217534  2  0.000217534  
0.903419  3.56866  0.903419  3.56866  
1.14192  3.28391  1.14192  3.28391  
1.52836  2.58001  1.52836  2.58001  
1.35051  2.95033  1.35051  2.95033  
0.000484718  4  0.000484718  4  
0.600648  3.81535  0.600648  3.81535  
1.92407  1.09168  1.92407  1.09168  
1.68338  2.15985  1.68338  2.15985  
1.81593  1.67617  1.81593  1.67617  
2  0.000217534  2  0.000217534  
0.903419  3.56866  0.903419  3.56866  
1.14192  3.28391  1.15013  3.29211  
1.52836  2.58001  1.52836  2.58001  
1.35051  2.95033  1.35051  2.95033  
0.000484718  4  0.000484718  4  
0.600648  3.81535  0.600648  3.81535  
1.92407  1.09168  1.92407  1.09168  
1.68338  2.15985  1.68338  2.15985  
1.81593  1.67617  1.81593  1.67617  
2  0.000217534  2  0.000217534  
0.903419  3.56866  0.903419  3.56866  
1.14192  3.28391  1.14192  3.28391  
1.52836  2.58001  1.52836  2.58001  
1.35051  2.95033  1.35051  2.95033  
0.000484718  4  0.0395917  4.00166  
0.600648  3.81535  0.600648  3.81535  
1.92407  1.09168  1.92407  1.09168  
1.68338  2.15985  1.68338  2.15985  
1.81593  1.67617  1.81593  1.67617  
2  0.000217534  2  0.000217534  
0.903419  3.56866  0.903419  3.56866  
1.14192  3.28391  1.14408  3.28606  
1.52836  2.58001  1.52977  2.58142  
1.35051  2.95033  1.35051  2.95033  
0.000484718  4  0.000484718  4  
0.600648  3.81535  0.600648  3.81535  
1.92407  1.09168  1.92407  1.09168  
1.68338  2.15985  1.68338  2.15985  
1.81593  1.67617  1.81593  1.67617  
2  0.000217534  2  0.000217534  
0.903419  3.56866  0.905145  3.57039  
1.14192  3.28391  1.15582  3.2978  
1.52836  2.58001  1.52836  2.58001  
1.35051  2.95033  1.35051  2.95033  
0.000484718  4  0.000484718  4  
0.600648  3.81535  0.600648  3.81535  
1.92407  1.09168  1.92407  1.09168  
1.68338  2.15985  1.68338  2.15985  
1.81593  1.67617  1.81593  1.67617  
2  0.000217534  2  0.000217534  
0.903419  3.56866  0.903419  3.56866  
1.14192  3.28391  1.14192  3.28391  
1.52836  2.58001  1.52836  2.58001  
1.35051  2.95033  1.35051  2.95033  
0.000484718  4  0.000484718  4  
0.600648  3.81535  0.600648  3.81535  
1.92407  1.09168  1.92407  1.09168  
1.68338  2.15985  1.68338  2.15985  
1.81593  1.67617  1.81593  1.67617  
2  0.000217534  2.00121  0.00142421  
0.903419  3.56866  0.903419  3.56866  
1.14192  3.28391  1.14192  3.28391  
1.52836  2.58001  1.52836  2.58001  
1.35051  2.95033  1.35051  2.95033  
0.000484718  4  0.000484718  4  
0.600648  3.81535  0.600648  3.81535  
1.78288  1.81255  
1.62606  2.32889  
0.000484718  4  
0.315123  3.95004  
1.99464  0.292814  
0.261111  3.96576  
1.59033  2.42558  
1.87699  1.38119  
1.06796  3.38199  
0.200467  3.97986  
0.803562  3.66294  
0.831305  3.63809  
1.73534  1.98856  
1.4227  2.81135  
1.6996  2.10841  
0.88536  3.58672  
0.930126  3.54111  
1.94255  0.951838  
0.912374  3.55954  
1.98677  0.459369  
1.1893  3.21593  
1.82841  1.62099  
1.56074  2.50128  
1.52836  2.58001  
1.83774  1.57824  
1.65846  2.23563  
1.80541  1.72105  
0.507523  3.86907  
1.79429  1.76695  
1.00006  3.46403  
1.97607  0.61698  
1.93682  0.997437  
1.40364  2.84942  
0.776548  3.68618  
1.47746  2.69601  
1.91072  1.1818  
0.131907  3.99129  
1.95801  0.815332  
1.96393  0.756203  
1.49488  2.65732  
1.0427  3.41337  
0.628697  3.79723  
1.92407  1.09168  
1.90203  1.23656  
1.75767  1.90851  
1.45967  2.7345  
1.71389  2.06164  
0.461165  3.89221  
1.95141  0.876321  
1.02575  3.43385  
1.99105  0.3779  
1.27245  3.08602  
1.88581  1.33226  
1.60522  2.38601  
1.67116  2.19747  
1.35051  2.95033  
1.22822  3.15689  
0.749215  3.70873  
1.85939  1.47334  
1.57684  2.46056  
0.415358  3.91279  
0.665721  3.7719  
0.544993  3.84863  
0.693092  3.75213  
1.86705  1.43651  
1.74542  1.95296  
1.30882  3.02456  
0.947851  3.52226  
1.44142  2.77294  
0.600648  3.81535  
1.3705  2.91324  
1.16505  3.25125  
1.84865  1.52644  
1.81593  1.67617  
1.54459  2.54105  
1.51234  2.6175  
1.77109  1.8582  
1.14192  3.28391  
1.99813  0.172789  
1.89386  1.28577  
1.91762  1.13616  
1.11036  3.32692  
1.97047  0.684805  
1.20895  3.18649  
1.28752  3.06091  
1.98174  0.539236  
0.974001  3.49361  
0.858534  3.61271  
1.68338  2.15985  
2  0.000217534  
1.72487  2.02467  
1.08544  3.35966  
1.25051  3.12168  
0.721376  3.73075  
1.38448  2.88667  
1.64146  2.28526  
0.572508  3.83261  
1.93008  1.04841  
0.369557  3.93112  
1.32998  2.98741  
2  0.000217534  
0.903419  3.56866  
1.49749  2.669  
1.35877  2.95858  
1.82237  1.68261  
1.68338  2.15985  
1.81662  1.67686  
2  0.000217534  
0.919513  3.58475  
1.14192  3.28391  
1.52836  2.58001  
1.54334  2.59499  
0.000484718  4  
1.14892  3.29091  
0.903419  3.56866  
1.14515  3.28713  
0.600648  3.81535  
1.81845  1.67869  
2  0.000217534  
0.903853  3.56909  
1.69832  2.1748  
1.92407  1.09168  
1.53381  2.58546  
1.68338  2.15985  
1.81593  1.67617  
2.00663  0.00675692  
0.903419  3.56866  
0.903419  3.56866  
1.35051  2.95033  
1.84579  1.54021  
1.73583  1.98882  
1.13927  3.30578  
1.68338  2.15985  
1.81593  1.67617  
1.63343  2.31503  
1.68338  2.15985  
1.81626  1.6765  
1.14417  3.28615  
1.53661  2.58826  
1.53621  2.58786  
1.15024  3.29223  
0.903419  3.56866  
1.14192  3.28391  
1.53675  2.5884  
1.54303  2.59468  
1.92407  1.09168  
1.69156  2.16804  
1.82981  1.69005  
0.0329233  4.01055  
0.600648  3.81535  
1.14192  3.28391  
0.000484718  4  
1.35051  2.95033  
0.903419  3.56866  
1.93793  1.10554  
0.903419  3.56866  
1.15013  3.29211  
0.0395917  4.00166  
1.14408  3.28606  
1.52977  2.58142  
0.905145  3.57039  
1.15582  3.2978  
2.00121  0.00142421  
1.92407  1.09168  1.92407  1.09168  
1.68338  2.15985  1.68338  2.15985  
1.81593  1.67618  1.81593  1.67618  
2  0.000217534  2  0.000217534  
0.903419  3.56866  0.903419  3.56866  
1.14192  3.28391  1.14532  3.2873  
1.52836  2.58001  1.52836  2.58001  
1.35051  2.95033  1.35051  2.95033  
0.000484718  4  0.000484718  4  
0.600648  3.81535  0.600648  3.81535  
1.92407  1.09168  1.92407  1.09168  
1.68338  2.15985  1.68338  2.15985  
1.81593  1.67618  1.81593  1.67618  
2  0.000217534  2  0.000217534  
0.903419  3.56866  0.903419  3.56866  
1.14192  3.28391  1.14192  3.28391  
1.52836  2.58001  1.52836  2.58001  
1.35051  2.95033  1.35051  2.95033  
0.000484718  4  0.000484718  4  
0.600648  3.81535  0.600648  3.81535  
1.92407  1.09168  1.92407  1.09168  
1.68338  2.15985  1.68338  2.15985  
1.81593  1.67618  1.81593  1.67618  
2  0.000217534  2  0.000217534  
0.903419  3.56866  0.904285  3.56953  
1.14192  3.28391  1.14192  3.28391  
1.52836  2.58001  1.52836  2.58001  
1.35051  2.95033  1.35051  2.95033  
0.000484718  4  0.000484718  4  
0.600648  3.81535  0.600648  3.81535  
1.92407  1.09168  1.92407  1.09168  
1.68338  2.15985  1.68338  2.15985  
1.81593  1.67618  1.82361  1.68386  
2  0.000217534  2  0.000217534  
0.903419  3.56866  0.903419  3.56866  
1.14192  3.28391  1.14192  3.28391  
1.52836  2.58001  1.52836  2.58001  
1.35051  2.95033  1.35051  2.95033  
0.000484718  4  0.000484718  4  
0.600648  3.81535  0.600648  3.81535  
1.92407  1.09168  1.92407  1.09168  
1.68338  2.15985  1.68338  2.15985  
1.81593  1.67618  1.81593  1.67618  
2  0.000217534  2  0.000217534  
0.903419  3.56866  0.903419  3.56866  
1.14192  3.28391  1.14675  3.28873  
1.52836  2.58001  1.52836  2.58001  
1.35051  2.95033  1.35051  2.95033  
0.000484718  4  0.000484718  4  
0.600648  3.81535  0.600648  3.81535  
1.92407  1.09168  1.92407  1.09168  
1.68338  2.15985  1.68338  2.15985  
1.81593  1.67618  1.81593  1.67618  
2  0.000217534  2.00028  0.000495092  
0.903419  3.56866  0.903419  3.56866  
1.14192  3.28391  1.14192  3.28391  
1.52836  2.58001  1.52836  2.58001  
1.35051  2.95033  1.35051  2.95033  
0.000484718  4  0.000484718  4  
0.600648  3.81535  0.600648  3.81535  
1.92407  1.09168  1.92407  1.09168  
1.68338  2.15985  1.68338  2.15985  
1.81593  1.67618  1.81593  1.67618  
2  0.000217534  2.0056  0.00582216  
0.903419  3.56866  0.906422  3.57971  
1.14192  3.28391  1.14192  3.28391  
1.52836  2.58001  1.52836  2.58001  
1.35051  2.95033  1.35051  2.95033  
0.000484718  4  0.000484718  4  
0.600648  3.81535  0.600648  3.81535  
1.92407  1.09168  1.92407  1.09168  
1.68338  2.15985  1.68338  2.15985  
1.81593  1.67618  1.81593  1.67618  
2  0.000217534  2  0.000217534  
0.903419  3.56866  0.903419  3.56866  
1.14192  3.28391  1.14192  3.28391  
1.52836  2.58001  1.53109  2.58274  
1.35051  2.95033  1.35051  2.95033  
0.000484718  4  0.000484718  4  
0.600648  3.81535  0.600648  3.81535  
1.92407  1.09168  1.92407  1.09168  
1.68338  2.15985  1.68338  2.15985  
1.81593  1.67618  1.81593  1.67618  
2  0.000217534  2  0.000217534  
0.903419  3.56866  0.903419  3.56866  
1.14192  3.28391  1.14192  3.28391  
1.52836  2.58001  1.52836  2.58001  
1.35051  2.95033  1.35051  2.95033  
0.000484718  4  0.000484718  4  
0.600648  3.81535  0.600648  3.81535  
1.92407  1.09168  1.92407  1.09168  
1.68338  2.15985  1.68338  2.15985  
1.81593  1.67618  1.81593  1.67618  
2  0.000217534  2.00554  0.00575376  
0.903419  3.56866  0.903419  3.56866  
1.14192  3.28391  1.14192  3.28391  
1.52836  2.58001  1.52836  2.58001  
1.35051  2.95033  1.35051  2.95033  
0.000484718  4  0.000484718  4  
0.600648  3.81535  0.600648  3.81535  
1.12588  3.30599  
1.36407  2.92528  
0.930168  3.54107  
1.55501  2.51636  
0.209141  3.97807  
1.69945  2.10891  
1.07739  3.37001  
1.92407  1.09168  
1.84022  1.56665  
1.91366  1.16258  
1.78297  1.81221  
0.665669  3.77194  
1.75849  1.90546  
0.804045  3.66252  
0.369557  3.93112  
0.461549  3.89203  
1.47748  2.69596  
1.49542  2.65609  
1.10214  3.33783  
1.45963  2.73457  
0.572568  3.83258  
1.28703  3.06174  
1.95892  0.806599  
1.35051  2.95033  
1.99046  0.390132  
0.415358  3.91279  
1.40354  2.84961  
1.7456  1.95232  
1.61866  2.3494  
0.748832  3.70904  
0.858418  3.61282  
1.88918  1.31298  
1.89809  1.26054  
1.16188  3.25578  
1.99424  0.303239  
1.98639  0.4658  
1.67111  2.19763  
1.90497  1.21836  
1.73493  1.99  
1.86163  1.46197  
1.93903  0.98013  
0.721242  3.73085  
0.544742  3.84877  
1.9813  0.545648  
1.85088  1.51557  
1.24337  3.13307  
1.26533  3.0977  
1.30856  3.02501  
1.14192  3.28391  
1.6008  2.39786  
1.32912  2.98894  
0.138912  3.99034  
1.52836  2.58001  
1.58558  2.43798  
1.5713  2.47469  
2  0.000217534  
1.05188  3.40208  
1.54364  2.54337  
1.80548  1.72076  
1.71032  2.07347  
1.38373  2.88811  
1.18886  3.21659  
0.776548  3.68618  
1.79482  1.76478  
1.87118  1.41235  
0.627518  3.79801  
1.93128  1.03953  
0.600648  3.81535  
0.507545  3.86944  
1.20519  3.19263  
1.62925  2.31995  
0.885548  3.58653  
1.44217  2.77139  
0.98265  3.48391  
1.94605  0.922835  
1.97044  0.685127  
0.315123  3.95004  
1.72123  2.03703  
1.64543  2.27382  
1.5119  2.61852  
1.00867  3.45403  
0.000484718  4  
0.693133  3.7521  
0.831567  3.63785  
0.956525  3.51287  
1.22757  3.1579  
1.88074  1.36061  
0.903419  3.56866  
1.77105  1.85838  
1.68338  2.15985  
0.2616  3.96564  
1.99768  0.192661  
1.82793  1.62316  
1.03419  3.42371  
1.96461  0.749119  
1.81593  1.67618  
1.4225  2.81176  
1.65833  2.23601  
1.97607  0.61698  
1.95224  0.86891  
0.604029  3.81873  
2  0.000217534  
0.60822  3.82292  
0.000484718  4  
2.007  0.00721979  
0.906955  3.5722  
1.14202  3.28401  
1.14654  3.28852  
1.68785  2.16433  
1.77463  1.87856  
2.0082  0.0084056  
1.14757  3.28956  
0.0156074  3.99988  
1.8175  1.67774  
1.79065  1.86489  
2  0.000217534  
0.911621  3.57686  
1.93729  1.10491  
0.656866  3.77811  
1.36036  2.96018  
1.68338  2.15985  
1.35715  2.95697  
0.115539  3.99353  
1.14262  3.28461  
1.14387  3.28586  
2.00678  0.00699774  
1.52836  2.58001  
1.35852  2.95833  
0.00064663  4.00016  
0.000494852  4.00001  
0.604898  3.8196  
1.69375  2.17023  
0.903419  3.56866  
1.92968  1.09729  
1.68485  2.16132  
1.69537  2.17185  
1.35656  2.95638  
2.00147  0.00169124  
0.763796  3.70113  
1.14192  3.28391  
2.0058  0.00602093  
0.903419  3.56866  
0.000484718  4  
1.35051  2.95033  
0.000484718  4  
0.600648  3.81535  
1.16142  3.29174  
1.52836  2.58001  
1.92407  1.09168  
1.69153  2.16801  
1.35051  2.95033  
1.35051  2.95033  
0.00771966  4.00723  
1.52836  2.58001  
1.52851  2.58016  
1.35051  2.95033  
1.92407  1.09168  
1.35051  2.95033  
1.18624  3.22483  
1.52836  2.58001  
0.000484718  4  
0.620045  3.83475  
1.14532  3.2873  
2  0.000217534  
2  0.000217534  
0.904285  3.56953  
1.82361  1.68386  
0.903419  3.56866  
1.14675  3.28873  
2.00028  0.000495092  
2.0056  0.00582216  
0.906422  3.57971  
1.53109  2.58274  
2  0.000217534  
2.00554  0.00575376  
1.92407  1.09168  1.92094  1.11356  
1.68338  2.15985  1.69056  2.16704  
1.81593  1.67618  1.81593  1.67618  
2  0.000217534  2  0.000217534  
0.903419  3.56866  0.903419  3.56866  
1.14192  3.28391  1.14192  3.28391  
1.52836  2.58001  1.52836  2.58001  
1.35051  2.95033  1.35051  2.95033  
0.000484718  4  0.000484718  4  
0.600647  3.81535  0.606543  3.82125  
1.92407  1.09168  1.92407  1.09168  
1.68338  2.15985  1.68338  2.15985  
1.81593  1.67618  1.81593  1.67618  
2  0.000217534  2  0.000217534  
0.903419  3.56866  0.903419  3.56866  
1.14192  3.28391  1.14192  3.28391  
1.52836  2.58001  1.52836  2.58001  
1.35051  2.95033  1.35051  2.95033  
0.000484718  4  0.013842  4.01336  
0.600647  3.81535  0.600647  3.81535  
1.92407  1.09168  1.92407  1.09168  
1.68338  2.15985  1.68338  2.15985  
1.81593  1.67618  1.81593  1.67618  
2  0.000217534  2  0.000217534  
0.903419  3.56866  0.903419  3.56866  
1.14192  3.28391  1.14192  3.28391  
1.52836  2.58001  1.52836  2.58001  
1.35051  2.95033  1.35697  2.95679  
0.000484718  4  0.000484718  4  
0.600647  3.81535  0.600647  3.81535  
1.92407  1.09168  1.92407  1.09168  
1.68338  2.15985  1.68338  2.15985  
1.81593  1.67618  1.81593  1.67618  
2  0.000217534  2  0.000217534  
0.903419  3.56866  0.87859  3.61591  
1.14192  3.28391  1.14192  3.28391  
1.52836  2.58001  1.52836  2.58001  
1.35051  2.95033  1.35051  2.95033  
0.000484718  4  0.000484718  4  
0.600647  3.81535  0.600647  3.81535  
1.92407  1.09168  1.92407  1.09168  
1.68338  2.15985  1.68338  2.15985  
1.81593  1.67618  1.81593  1.67618  
2  0.000217534  2  0.000217534  
0.903419  3.56866  0.903419  3.56866  
1.14192  3.28391  1.14192  3.28391  
1.52836  2.58001  1.52836  2.58001  
1.35051  2.95033  1.35051  2.95033  
0.000484718  4  0.000484718  4  
0.600647  3.81535  0.600647  3.81535  
1.92407  1.09168  1.92407  1.09168  
1.68338  2.15985  1.69172  2.1682  
1.81593  1.67618  1.81593  1.67618  
2  0.000217534  2  0.000217534  
0.903419  3.56866  0.903419  3.56866  
1.14192  3.28391  1.14192  3.28391  
1.52836  2.58001  1.52836  2.58001  
1.35051  2.95033  1.35051  2.95033  
0.000484718  4  0.000484718  4  
0.600647  3.81535  0.600647  3.81535  
1.92407  1.09168  1.92407  1.09168  
1.68338  2.15985  1.68338  2.15985  
1.81593  1.67618  1.81593  1.67618  
2  0.000217534  2.01022  0.0104405  
0.903419  3.56866  0.903419  3.56866  
1.14192  3.28391  1.14192  3.28391  
1.52836  2.58001  1.52836  2.58001  
1.35051  2.95033  1.35051  2.95033  
0.000484718  4  0.000484718  4  
0.600647  3.81535  0.600647  3.81535  
1.92407  1.09168  1.92407  1.09168  
1.68338  2.15985  1.68338  2.15985  
1.81593  1.67618  1.8208  1.68105  
2  0.000217534  2.00091  0.00113174  
0.903419  3.56866  0.903419  3.56866  
1.14192  3.28391  1.14192  3.28391  
1.52836  2.58001  1.52836  2.58001  
1.35051  2.95033  1.35051  2.95033  
0.000484718  4  0.000484718  4  
0.600647  3.81535  0.600647  3.81535  
1.92407  1.09168  1.92407  1.09168  
1.68338  2.15985  1.68338  2.15985  
1.81593  1.67618  1.81593  1.67618  
2  0.000217534  2  0.000217534  
0.903419  3.56866  0.903419  3.56866  
1.14192  3.28391  1.14192  3.28391  
1.52836  2.58001  1.52836  2.58001  
1.35051  2.95033  1.35051  2.95033  
0.000484718  4  0.000484718  4  
0.600647  3.81535  0.600647  3.81535  
1.92407  1.09168  1.92407  1.09168  
1.68338  2.15985  1.69109  2.16756  
1.81593  1.67618  1.81593  1.67618  
2  0.000217534  2  0.000217534  
0.903419  3.56866  0.903419  3.56866  
1.14192  3.28391  1.14192  3.28391  
1.52836  2.58001  1.52836  2.58001  
1.35051  2.95033  1.35051  2.95033  
0.000484718  4  0.000484718  4  
0.600647  3.81535  0.600647  3.81535  
1.91335  1.16466  
0.461549  3.89203  
1.44134  2.77311  
1.51201  2.61826  
1.08457  3.36077  
1.90485  1.21906  
1.27337  3.08449  
1.78015  1.82327  
1.10942  3.32817  
0.415358  3.91279  
1.93135  1.03902  
1.86728  1.43285  
0.973942  3.49367  
1.05997  3.39202  
0.693686  3.75169  
2  0.000217534  
1.96397  0.755818  
1.3171  3.01015  
1.57062  2.47642  
0.749044  3.70887  
1.84678  1.53544  
1.18233  3.22628  
1.36408  2.92526  
1.99049  0.389656  
1.94494  0.932106  
1.95725  0.822646  
1.2268  3.15909  
1.88575  1.33257  
0.77656  3.68617  
1.83537  1.58923  
1.93779  0.989904  
1.92407  1.09168  
1.99424  0.303235  
0.999962  3.46415  
1.66992  2.20125  
1.20453  3.19319  
1.49487  2.65734  
1.45965  2.73454  
1.80581  1.71936  
0.930344  3.54088  
0.665631  3.77197  
1.25015  3.12225  
1.97044  0.685127  
1.69902  2.11028  
1.54457  2.5411  
0.544668  3.84881  
1.0172  3.44401  
0.000484718  4  
1.42264  2.81147  
1.58591  2.43921  
0.858531  3.61271  
1.56023  2.50255  
1.14192  3.28391  
0.637871  3.79111  
1.82599  1.63187  
1.29441  3.04927  
1.52836  2.58001  
1.98183  0.537968  
1.87686  1.38189  
1.38412  2.88736  
0.507245  3.86921  
0.315123  3.95004  
1.7554  1.91684  
1.60156  2.39583  
1.74549  1.95272  
1.16027  3.25807  
1.64946  2.26212  
1.76806  1.86971  
1.61893  2.34867  
1.63643  2.29966  
1.03439  3.42347  
1.89575  1.27458  
1.33685  2.97512  
0.600647  3.81535  
1.72479  2.02496  
1.65861  2.23519  
1.7947  1.76595  
1.12598  3.30586  
0.721363  3.73076  
1.73532  1.98863  
0.122379  3.9925  
1.71057  2.07262  
1.47747  2.69599  
0.803808  3.66273  
0.903419  3.56866  
0.572522  3.83261  
0.200517  3.97985  
1.81593  1.67618  
1.9864  0.46576  
1.97613  0.616161  
0.262219  3.96547  
1.95126  0.87765  
1.40359  2.84951  
0.956405  3.513  
1.99757  0.197318  
0.369707  3.93106  
0.83133  3.63807  
0.885478  3.5866  
1.68338  2.15985  
1.85745  1.48306  
1.5291  2.58075  
1.91295  1.16728  
0.600647  3.81535  
1.82436  1.68461  
2.00879  0.00901211  
1.92693  1.09455  
0.630964  3.79573  
0.903419  3.56866  
0.000484718  4  
1.36677  2.96658  
0.00253512  4.00205  
0.601712  3.81642  
1.52964  2.58129  
0.000530533  4.00005  
1.20397  3.21649  
1.53506  2.58671  
1.68623  2.1627  
1.36769  2.96751  
1.82789  1.68814  
2  0.000217534  
0.905736  3.57098  
1.61985  2.38885  
1.81795  1.6782  
2  0.000217534  
1.5292  2.58085  
1.35913  2.95894  
1.92407  1.09168  
0.606162  3.82087  
1.81593  1.67618  
2  0.000217534  
1.53653  2.58818  
1.1509  3.29289  
1.53327  2.58492  
1.35051  2.95033  
0.940135  3.53052  
1.15036  3.29234  
0.000484718  4  
0.522291  3.8612  
0.903419  3.56866  
1.14197  3.28395  
1.92094  1.11356  
1.69056  2.16704  
0.606543  3.82125  
1.35051  2.95033  
0.013842  4.01336  
1.35697  2.95679  
0.87859  3.61591  
1.14192  3.28391  
1.14192  3.28391  
1.92407  1.09168  
1.69172  2.1682  
1.81593  1.67618  
2.01022  0.0104405  
1.8208  1.68105  
2.00091  0.00113174  
1.14192  3.28391  
1.69109  2.16756  
1.92407  1.09168  1.92407  1.09168  
1.68338  2.15985  1.68338  2.15985  
1.81593  1.67618  1.81593  1.67618  
2  0.000217534  2  0.000217534  
0.903423  3.56866  0.903423  3.56866  
1.14192  3.28391  1.14192  3.28391  
1.52836  2.58001  1.52836  2.58001  
1.35051  2.95033  1.35051  2.95033  
0.000484718  4  0.000484718  4  
0.600647  3.81535  0.600647  3.81535  
1.92407  1.09168  1.92407  1.09168  
1.68338  2.15985  1.68338  2.15985  
1.81593  1.67618  1.81593  1.67618  
2  0.000217534  2  0.000217534  
0.903423  3.56866  0.903423  3.56866  
1.14192  3.28391  1.15099  3.29298  
1.52836  2.58001  1.52836  2.58001  
1.35051  2.95033  1.35051  2.95033  
0.000484718  4  0.000484718  4  
0.600647  3.81535  0.600647  3.81535  
1.92407  1.09168  1.92407  1.09168  
1.68338  2.15985  1.68338  2.15985  
1.81593  1.67618  1.81593  1.67618  
2  0.000217534  2  0.000217534  
0.903423  3.56866  0.903423  3.56866  
1.14192  3.28391  1.14192  3.28391  
1.52836  2.58001  1.52836  2.58001  
1.35051  2.95033  1.35051  2.95033  
0.000484718  4  0.000484718  4  
0.600647  3.81535  0.600647  3.81535  
1.92407  1.09168  1.92407  1.09168  
1.68338  2.15985  1.68338  2.15985  
1.81593  1.67618  1.81593  1.67618  
2  0.000217534  2  0.000217534  
0.903423  3.56866  0.903423  3.56866  
1.14192  3.28391  1.14192  3.28391  
1.52836  2.58001  1.53283  2.58448  
1.35051  2.95033  1.35051  2.95033  
0.000484718  4  0.000484718  4  
0.600647  3.81535  0.600647  3.81535  
1.92407  1.09168  1.92407  1.09168  
1.68338  2.15985  1.68338  2.15985  
1.81593  1.67618  1.81593  1.67618  
2  0.000217534  2  0.000217534  
0.903423  3.56866  0.903423  3.56866  
1.14192  3.28391  1.14192  3.28391  
1.52836  2.58001  1.51365  2.6149  
1.35051  2.95033  1.35051  2.95033  
0.000484718  4  0.000484718  4  
0.600647  3.81535  0.600647  3.81535  
1.92407  1.09168  1.92516  1.09277  
1.68338  2.15985  1.68338  2.15985  
1.81593  1.67618  1.81593  1.67618  
2  0.000217534  2  0.000217534  
0.903423  3.56866  0.903423  3.56866  
1.14192  3.28391  1.14192  3.28391  
1.52836  2.58001  1.52836  2.58001  
1.35051  2.95033  1.35051  2.95033  
0.000484718  4  0.000484718  4  
0.600647  3.81535  0.600647  3.81535  
1.92407  1.09168  1.92407  1.09168  
1.68338  2.15985  1.68338  2.15985  
1.81593  1.67618  1.81593  1.67618  
2  0.000217534  2  0.000217534  
0.903423  3.56866  0.903423  3.56866  
1.14192  3.28391  1.14192  3.28391  
1.52836  2.58001  1.52836  2.58001  
1.35051  2.95033  1.35051  2.95033  
0.000484718  4  0.000484718  4  
0.600647  3.81535  0.600647  3.81535  
1.92407  1.09168  1.92407  1.09168  
1.68338  2.15985  1.68338  2.15985  
1.81593  1.67618  1.81593  1.67618  
2  0.000217534  2  0.000217534  
0.903423  3.56866  0.903423  3.56866  
1.14192  3.28391  1.14192  3.28391  
1.52836  2.58001  1.52836  2.58001  
1.35051  2.95033  1.35051  2.95033  
0.000484718  4  0.000484718  4  
0.600647  3.81535  0.600647  3.81535  
1.92407  1.09168  1.92407  1.09168  
1.68338  2.15985  1.68338  2.15985  
1.81593  1.67618  1.81593  1.67618  
2  0.000217534  2  0.000217534  
0.903423  3.56866  0.903423  3.56866  
1.14192  3.28391  1.15135  3.2905  
1.52836  2.58001  1.52836  2.58001  
1.35051  2.95033  1.35051  2.95033  
0.000484718  4  0.000484718  4  
0.600647  3.81535  0.600647  3.81535  
1.92407  1.09168  1.92407  1.09168  
1.68338  2.15985  1.68338  2.15985  
1.81593  1.67618  1.81593  1.67618  
2  0.000217534  2  0.000217534  
0.903423  3.56866  0.906499  3.57173  
1.14192  3.28391  1.15536  3.29735  
1.52836  2.58001  1.52836  2.58001  
1.35051  2.95033  1.35051  2.95033  
0.000484718  4  0.000484718  4  
0.600647  3.81535  0.600647  3.81535  
1.10178  3.33832  
0.702628  3.74503  
0.600647  3.81535  
1.69902  2.11029  
0.534702  3.8544  
1.54472  2.54074  
0.903423  3.56866  
1.61848  2.3499  
1.24391  3.13221  
1.99072  0.384848  
1.20431  3.19352  
1.72481  2.02489  
0.315123  3.95004  
1.85333  1.50354  
1.3014  3.03733  
1.40361  2.84947  
1.91634  1.14482  
0.637951  3.79105  
1.78228  1.81493  
1.45963  2.73458  
1.42233  2.8121  
0.45258  3.89624  
1.79388  1.76862  
1.81593  1.67618  
1.52836  2.58001  
1.899  1.25509  
0.794991  3.67042  
1.32302  2.99974  
0.991425  3.47395  
1.51204  2.61819  
0.956549  3.51284  
1.94099  0.964513  
0.488846  3.87868  
1.73854  1.97734  
0.415358  3.91279  
1.11824  3.31635  
1.03424  3.42365  
1.28009  3.07335  
1.07652  3.37112  
1.71053  2.07275  
1.93352  1.02276  
1.17948  3.23038  
1.67511  2.18541  
1.66267  2.22309  
1.83543  1.58895  
0.674982  3.76532  
1.33871  2.97177  
1.64684  2.26974  
1.84455  1.54613  
1.86153  1.46249  
1.47749  2.69594  
0.131139  3.99139  
1.22789  3.15739  
0.849563  3.62118  
0.930065  3.54117  
1.05136  3.40273  
1.76179  1.89325  
1.97658  0.610387  
1.87134  1.41153  
1.96393  0.756278  
1.92407  1.09168  
1.82592  1.63221  
1.38399  2.8876  
0.369707  3.93106  
1.97044  0.685127  
0.200715  3.97981  
1.95641  0.830598  
1.98173  0.539373  
0.767503  3.69386  
1.75198  1.92931  
1.68338  2.15985  
1.77136  1.85718  
1.80548  1.72075  
1.6053  2.3858  
1.56525  2.48998  
1.94871  0.900092  
1.26499  3.09826  
0.262192  3.96548  
1.36407  2.92528  
1.15806  3.26122  
1.88054  1.36172  
1.0086  3.45412  
0.000484718  4  
0.571757  3.83306  
1.59505  2.41315  
0.730428  3.72369  
1.99802  0.178165  
1.63093  2.31523  
1.98639  0.465906  
1.58077  2.45044  
1.90803  1.19902  
1.89091  1.30304  
0.974043  3.49356  
1.14192  3.28391  
2  0.000217534  
0.876839  3.59508  
1.49487  2.65734  
0.820054  3.64829  
1.44035  2.77566  
1.99466  0.292103  
