1.78793  3.10228  3.79029  0.793601  1.19086  6.30824  
1.7893  2.27227  4.17373  0.992472  2.74237  5.8846  
1.08127  2.31188  5.40436  2.13586  1.8689  5.05357  
2.58136  2.47208  2.75796  1.03627  2.27079  5.4044  
1.11002  3.45923  4.08125  1.13284  4.35596  2.875  
2.27921  3.45177  3.13372  1.63233  1.13904  6.17421  
2.08188  3.28651  2.35943  2.244  0.937311  5.23449  
2.44806  3.22168  2.05717  1.21852  3.1546  4.01198  
1.89754  1.30007  4.91792  1.6099  3.12621  4.2209  
2.65837  0.951231  3.18066  1.52885  2.30424  5.548  
1.06834  1.33617  6.56116  1.5502  1.31133  5.59779  
1.36271  1.54508  5.91907  2.36005  2.76786  3.33743  
2.47493  3.38142  1.50652  0.677471  0.92688  6.56493  
1.71379  2.51652  4.89272  1.59096  4.05369  2.99226  
1.18938  4.00813  2.4999  1.1169  1.53803  5.81674  
1.89518  2.64886  4.83757  2.1999  3.3237  2.68435  
1.50011  4.27221  2.01819  1.86421  0.88543  5.54442  
1.34214  3.07369  4.97882  0.882848  1.41582  6.19076  
2.10525  3.18587  3.65276  0.986876  2.25616  5.75416  
1.01625  2.02728  5.7494  1.9034  3.40897  3.47218  
1.4818  2.24441  5.18271  1.11871  1.13268  6.06004  
1.48229  4.10699  2.70644  0.879394  2.2602  6.16101  
1.50112  1.80357  5.48628  1.24206  1.52754  5.70441  
1.08758  0.799928  6.24919  0.865957  1.93932  6.16518  
1.34095  1.23136  6.04607  0.847402  1.1508  6.40663  
1.51906  3.97878  2.31281  0.858282  1.38848  6.14195  
1.43477  2.26625  5.23916  1.42925  2.00079  5.67836  
0.618017  0.840887  6.31389  1.95557  2.78833  3.17704  
1.1315  1.83555  5.77644  1.52428  2.86632  4.27593  
1.42121  3.13625  5.11083  1.41921  1.40588  5.8074  
2.83825  1.31196  1.86324  0.734509  3.48899  4.70797  
2.32175  2.15857  4.29561  0.979621  1.56418  5.89346  
1.74014  3.6056  4.17891  1.23603  1.61075  6.29355  
2.36196  2.45879  3.02931  1.0495  1.25162  6.05373  
1.22147  1.27633  5.90563  0.801235  3.89467  3.62626  
1.98752  2.70627  4.74743  1.08807  2.54901  5.74885  
0.615895  1.46864  6.25043  1.06195  1.50199  6.42244  
1.14805  2.47317  5.34759  1.25608  2.03233  4.88997  
0.68121  1.57535  6.24004  0.68327  0.900554  6.45936  
0.909864  1.39139  6.28757  0.700433  1.09179  6.4231  
2.03692  2.7972  3.94215  2.38888  2.26775  3.39711  
2.2924  1.87582  4.59603  1.03203  0.992958  6.28785  
2.25083  1.56912  4.90186  1.73884  1.42239  5.19766  
1.81047  4.02753  0.791679  1.38554  2.12025  5.55379  
2.3289  2.67098  3.41527  1.08454  1.62305  6.03009  
1.48109  2.65145  4.45913  1.10833  1.61967  6.35405  
1.17085  1.95906  5.5783  1.31978  2.19359  5.48796  
0.86864  1.04234  6.33008  0.913939  2.09436  5.86944  
1.21992  1.7258  6.40039  1.41813  3.87996  2.99861  
2.09885  2.30527  4.62443  0.988684  2.55378  5.4909  
0.738813  1.50826  6.20925  1.55003  2.5979  4.5594  
1.00409  2.11409  5.89239  1.9789  3.97563  1.8387  
1.46507  1.52098  6.01988  1.3597  1.07232  6.43646  
1.53123  2.8497  4.95714  1.74644  2.9148  4.87733  
2.15111  2.18641  4.57086  2.24426  3.3176  2.77612  
1.15705  3.76082  4.14827  2.58324  2.13859  3.42725  
1.10615  1.56331  6.15493  1.82445  2.32896  5.04996  
2.6144  1.75545  1.65775  2.0187  3.69972  3.64159  
2.3174  1.12709  3.6581  2.18826  2.39816  4.46022  
1.03396  1.47778  6.24322  1.27247  2.53768  5.20199  
0.934737  2.17443  5.68561  1.16576  2.72256  4.74283  
0.988667  3.20429  4.77942  1.61183  2.4573  5.34899  
2.624  2.56814  2.66814  1.60741  2.02425  5.46961  
1.59522  3.17286  3.49998  1.29639  4.02467  2.69697  
1.52321  2.87223  5.08426  1.51571  3.62941  2.47755  
0.561329  0.683901  6.45635  1.6371  2.66453  4.55852  
2.5403  3.13144  2.21381  1.81504  3.10668  4.19569  
1.05108  1.29364  6.0072  1.83788  3.79495  2.05187  
2.36599  1.94186  4.31944  1.21942  3.31672  4.31663  
2.45792  3.14903  1.2755  1.71375  3.08072  2.88114  
0.490294  0.634461  6.38993  1.63353  2.79789  4.50911  
1.24315  2.51561  5.76129  1.6834  2.69446  4.96961  
2.41652  3.40923  1.74292  1.64029  2.55947  4.62796  
1.91015  1.50241  5.75197  0.708686  1.99086  5.99954  
1.99986  3.54364  3.77457  1.23326  1.4723  5.85798  
1.10638  2.55824  5.35464  0.509365  0.749672  6.39685  
1.06051  1.95516  5.81235  1.16737  3.10687  4.84307  
1.83567  2.72747  4.45823  1.1459  2.39685  5.19757  
0.719356  3.19355  5.20392  0.696176  2.76048  5.33328  
1.43761  2.93585  4.69347  1.32751  2.40151  5.09285  
0.643813  2.88777  5.501  2.37994  1.76043  4.77621  
2.32672  1.9133  4.31491  2.22801  2.12567  4.54409  
0.905201  3.53164  4.15635  1.35713  3.28302  3.72746  
2.11163  1.82097  4.77713  1.56122  4.12953  1.86344  
1.60085  2.5444  4.47147  2.39217  1.93322  4.67773  
2.06213  2.16364  4.54415  0.834277  1.51414  6.30733  
0.828429  1.07854  6.17862  1.27347  1.97998  5.95208  
1.97242  2.99643  3.59191  1.24393  3.77357  2.861  
1.76655  3.97137  1.69309  1.45011  2.74856  5.41169  
1.66613  3.28912  3.70862  2.0651  2.95015  4.25487  
1.62759  3.09113  5.14678  1.12305  1.164  6.17091  
1.56017  2.59586  4.88924  0.622772  1.35529  6.33673  
1.63026  2.70108  4.93013  1.30964  1.51546  6.402  
1.32749  0.872973  6.32794  1.10385  2.73633  5.45488  
2.27666  2.64525  2.01531  2.67216  2.1117  2.88328  
0.79974  2.43926  5.57656  0.557263  0.750251  6.48227  
2.05872  3.15531  2.96589  1.55168  2.39192  4.97513  
1.79174  2.80533  4.55702  1.19193  2.45315  5.52924  
2.18692  3.23455  3.01227  1.17591  3.17031  4.85072  
2.06859  1.27185  5.75492  1.00044  1.29958  6.28769  
0.793601  1.19086  6.30824  
1.03627  2.27079  5.4044  
1.13284  4.35596  2.875  
2.244  0.937311  5.23449  
1.21852  3.1546  4.01198  
1.6099  3.12621  4.2209  
1.5502  1.31133  5.59779  
1.1169  1.53803  5.81674  
1.86421  0.88543  5.54442  
1.11871  1.13268  6.06004  
1.24206  1.52754  5.70441  
0.858282  1.38848  6.14195  
1.95557  2.78833  3.17704  
1.52428  2.86632  4.27593  
1.41921  1.40588  5.8074  
0.738813  1.50826  6.20925  
2.6144  1.75545  1.65775  
2.3174  1.12709  3.6581  
1.56017  2.59586  4.88924  
2.27666  2.64525  2.01531  
0.79974  2.43926  5.57656  
1.18938  4.00813  2.4999  
1.50011  4.27221  2.01819  
1.01625  2.02728  5.7494  
0.934737  2.17443  5.68561  
0.988667  3.20429  4.77942  
1.59522  3.17286  3.49998  
1.05108  1.29364  6.0072  
2.45792  3.14903  1.2755  
1.50112  1.80357  5.48628  
1.08758  0.799928  6.24919  
1.34095  1.23136  6.04607  
1.51906  3.97878  2.31281  
0.618017  0.840887  6.31389  
1.1315  1.83555  5.77644  
0.490294  0.634461  6.38993  
2.41652  3.40923  1.74292  
1.10638  2.55824  5.35464  
1.06051  1.95516  5.81235  
0.719356  3.19355  5.20392  
1.43761  2.93585  4.69347  
0.734509  3.48899  4.70797  
0.979621  1.56418  5.89346  
1.0495  1.25162  6.05373  
0.801235  3.89467  3.62626  
1.25608  2.03233  4.88997  
2.2924  1.87582  4.59603  
2.25083  1.56912  4.90186  
1.81047  4.02753  0.791679  
1.48109  2.65145  4.45913  
1.17085  1.95906  5.5783  
2.38888  2.26775  3.39711  
1.03203  0.992958  6.28785  
1.73884  1.42239  5.19766  
0.913939  2.09436  5.86944  
0.988684  2.55378  5.4909  
1.55003  2.5979  4.5594  
2.58324  2.13859  3.42725  
2.83825  1.31196  1.86324  
2.36196  2.45879  3.02931  
1.22147  1.27633  5.90563  
0.615895  1.46864  6.25043  
0.68121  1.57535  6.24004  
1.7893  2.27227  4.17373  
1.08127  2.31188  5.40436  
2.58136  2.47208  2.75796  
1.11002  3.45923  4.08125  
2.08188  3.28651  2.35943  
1.89754  1.30007  4.91792  
2.65837  0.951231  3.18066  
1.16576  2.72256  4.74283  
1.60741  2.02425  5.46961  
1.51571  3.62941  2.47755  
1.83788  3.79495  2.05187  
1.71375  3.08072  2.88114  
0.643813  2.88777  5.501  
0.905201  3.53164  4.15635  
2.11163  1.82097  4.77713  
1.60085  2.5444  4.47147  
2.06213  2.16364  4.54415  
0.828429  1.07854  6.17862  
1.76655  3.97137  1.69309  
0.708686  1.99086  5.99954  
1.23326  1.4723  5.85798  
1.1459  2.39685  5.19757  
0.696176  2.76048  5.33328  
2.22801  2.12567  4.54409  
1.35713  3.28302  3.72746  
1.56122  4.12953  1.86344  
1.24393  3.77357  2.861  
0.734509  3.48899  4.70797  
0.979621  1.56418  5.89346  
1.23603  1.61075  6.29355  
1.0495  1.25162  6.05373  
0.801235  3.89467  3.62626  
1.08807  2.54901  5.74885  
1.06195  1.50199  6.42244  
1.25608  2.03233  4.88997  
0.68327  0.900554  6.45936  
0.700433  1.09179  6.4231  
1.13976  3.19448  1.80966  1.13976  3.19448  1.80966  
0.043819  0.043819  6.04382  0.043819  0.043819  6.04382  
0.203101  4.2027  0.202701  0.203101  4.2027  0.202701  
0.556109  2.33737  5.27905  0.556109  2.33737  5.27905  
1.95785  1.54814  3.10594  2.08713  1.47554  3.08561  
1.88847  2.34495  0.200256  1.88847  2.34495  0.200256  
1.55179  0.191244  4.22709  1.55179  0.191244  4.22709  
0.501891  3.94718  0.050424  0.501891  3.94718  0.050424  
0.516795  3.34581  3.87221  0.516795  3.34581  3.87221  
2.25035  0.250354  0.250354  2.25035  0.250354  0.250354  
1.60952  2.88787  0.156234  1.60952  2.88787  0.156234  
2.20057  0.200572  0.200572  2.20057  0.200572  0.200572  
1.99847  1.68262  0.150911  1.99847  1.68262  0.150911  
0.00207662  4.00169  0.00168945  0.00207662  4.00169  0.00168945  
1.22343  3.39941  0.530962  1.22343  3.39941  0.530962  
0.989316  2.30514  3.90668  0.99201  2.30864  3.90552  
0.245383  2.93813  4.15605  0.245383  2.93813  4.15605  
0.0505721  0.0505721  6.05057  0.0505721  0.0505721  6.05057  
1.83087  0.173478  3.42515  1.83087  0.173478  3.42515  
1.44422  0.450521  4.89015  1.44422  0.450521  4.89015  
1.5621  3.46871  0.33274  1.5621  3.46871  0.33274  
2.15086  0.15086  0.15086  2.15086  0.15086  0.15086  
0.256398  2.15496  5.11827  0.256398  2.15496  5.11827  
1.88926  2.73178  0.317919  1.88926  2.73178  0.317919  
0.559933  3.08307  4.48228  0.559933  3.08307  4.48228  
1.76134  1.28914  3.26866  1.76134  1.28914  3.26866  
0.0467745  0.0467745  6.04677  0.0467745  0.0467745  6.04677  
0.00388387  4.00351  0.00350839  0.00388387  4.00351  0.00350839  
1.30725  1.84583  3.86277  1.30725  1.84583  3.86277  
0.231974  3.47907  3.01775  0.244761  3.49186  3.03054  
0.880418  3.32858  2.42612  0.880418  3.32858  2.42612  
0.25868  2.58305  4.64863  0.25868  2.58305  4.64863  
0.000585234  0.000585234  6.00059  0.000585234  0.000585234  6.00059  
1.82573  2.53079  0.20026  1.82573  2.53079  0.20026  
2.15268  0.152681  0.152681  2.15268  0.152681  0.152681  
1.75306  0.1848  3.73846  1.75306  0.1848  3.73846  
2.0739  0.620737  3.37088  2.0739  0.620737  3.37088  
1.38474  0.683742  4.98634  1.38474  0.683742  4.98634  
0.0158736  4.00531  0.00536104  0.0158736  4.00531  0.00536104  
1.59348  3.26286  1.2213  1.59348  3.26286  1.2213  
1.99664  0.150325  2.45676  1.99664  0.150325  2.45676  
0.253363  2.52905  4.80708  0.253363  2.52905  4.80708  
0.239617  3.5919  3.33574  0.239617  3.5919  3.33574  
1.70827  2.84691  3.11282  1.70827  2.84691  3.11282  
1.67485  3.3496  0.351193  1.67485  3.3496  0.351193  
0.000740866  4.00032  0.000319954  0.000740866  4.00032  0.000319954  
2.34461  0.344611  0.344611  2.34461  0.344611  0.344611  
1.14554  1.71915  4.40312  1.14554  1.71915  4.40312  
2.15282  1.80754  0.300252  2.15524  1.80996  0.322944  
0.0363348  0.0363348  6.03633  0.0363348  0.0363348  6.03633  
1.62072  2.43094  3.78089  1.62072  2.43094  3.78089  
1.95535  2.11897  0.200419  1.95535  2.11897  0.200419  
1.4376  3.0749  0.101054  1.57904  3.21634  0.242501  
1.4449  0.20695  4.54204  1.4449  0.20695  4.54204  
0.248385  2.91694  4.21506  0.248385  2.91694  4.21506  
0.000639739  0.000482203  6.00046  0.000639739  0.000482203  6.00046  
2.2562  0.256202  0.256202  2.2562  0.256202  0.256202  
2.06297  0.200558  2.38753  2.06297  0.200558  2.38753  
2.1962  1.59808  0.432817  2.1962  1.59808  0.432817  
0.0013667  4.00098  0.00097517  0.0013667  4.00098  0.00097517  
1.83036  2.32417  0.151205  1.83036  2.32417  0.151205  
2.13552  1.89905  0.301878  2.14256  1.90609  0.308917  
0.260832  2.34612  4.95241  0.260832  2.34612  4.95241  
2.29903  0.299033  0.299033  2.29903  0.299033  0.299033  
0.00286574  4.00076  0.000760008  0.00286574  4.00076  0.000760008  
0.2357  3.27655  3.53023  0.2357  3.27655  3.53023  
1.45428  2.17546  3.23651  1.45428  2.17546  3.23651  
0.000880719  0.000699164  6.0007  0.000880719  0.000699164  6.0007  
1.83438  0.395654  3.91078  1.83438  0.395654  3.91078  
0.630876  3.58062  1.90543  0.630876  3.58062  1.90543  
2.30057  0.422649  0.301485  2.30057  0.422649  0.301485  
2.40359  0.403587  0.403587  2.40359  0.403587  0.403587  
0.0015075  0.0015075  6.00151  0.0015075  0.0015075  6.00151  
1.62856  1.9023  3.61164  1.62856  1.9023  3.61164  
1.79597  2.43342  0.15287  1.79597  2.43342  0.15287  
1.12535  0.985204  4.92451  1.15264  1.01249  4.9518  
0.229769  3.49299  2.99057  0.229769  3.49299  2.99057  
0.0011216  4.00077  0.000767851  0.0011216  4.00077  0.000767851  
2.03096  0.160065  2.28088  2.03096  0.160065  2.28088  
0.530392  2.67615  4.26879  0.530392  2.67615  4.26879  
0.245621  2.95042  4.09872  0.245621  2.95042  4.09872  
1.7972  0.452926  4.87183  1.7972  0.452926  4.87183  
1.9746  0.200255  2.96886  1.9746  0.200255  2.96886  
1.25645  3.36771  0.102389  1.25645  3.36771  0.102389  
1.87645  2.57909  0.250337  1.87645  2.57909  0.250337  
0.0226591  4.02266  0.0226591  0.0226591  4.02266  0.0226591  
1.14092  0.438778  5.20105  1.14092  0.438778  5.20105  
0.0504443  0.0504443  6.05044  0.0752733  0.0752733  6.07527  
0.404042  2.21411  5.33896  0.404042  2.21411  5.33896  
2.20245  0.20245  0.20245  2.20245  0.20245  0.20245  
0.791119  2.51361  4.02098  0.791119  2.51361  4.02098  
2.49914  0.499139  0.499139  2.49914  0.499139  0.499139  
2.20032  0.200322  0.200322  2.20032  0.200322  0.200322  
1.67983  3.05252  0.275203  1.67983  3.05252  0.275203  
0.229913  3.4747  2.97644  0.229913  3.4747  2.97644  
0.00296126  4.00266  0.00266278  0.00296126  4.00266  0.00266278  
1.80817  0.761137  4.81935  1.80817  0.761137  4.81935  
1.09105  1.60129  4.93642  1.09105  1.60129  4.93642  
0.0393917  0.0393917  6.03939  0.0393917  0.0393917  6.03939  
1.87856  1.87726  2.29466  1.87856  1.87726  2.29466  
1.58349  1.58409  3.54948  
1.38941  2.80309  2.47916  
1.50021  2.99234  0.156616  
2.08925  0.190846  2.07888  
1.58176  2.85737  0.206308  
1.53231  2.91109  0.156356  
1.20675  2.4241  3.67286  
1.5917  1.1091  3.84606  
1.62412  2.02294  3.24168  
0.757826  2.04883  4.84649  
0.948356  2.70031  3.44277  
0.498455  2.9643  3.94168  
0.197016  3.73375  2.28688  
0.872842  3.18315  2.7405  
1.79664  1.19791  2.9861  
0.0104819  3.92521  1.24267  
1.72183  2.611  0.14652  
0.739679  2.99221  3.45383  
1.09112  2.99147  2.75819  
0.729501  2.70123  3.91964  
1.7786  2.38395  0.127284  
1.92128  1.9186  0.131897  
1.86519  2.09668  0.125037  
1.962  1.78473  0.139097  
2.13609  0.915529  0.171035  
1.83531  1.41386  2.71306  
1.91382  0.17177  3.06058  
0.96538  1.18216  5.05084  
2.00107  1.54701  0.130643  
2.06935  1.2664  0.148977  
1.59177  2.35703  2.7273  
1.69161  0.846776  3.59144  
2.02785  1.45645  0.139373  
0.978109  1.69035  4.63975  
0.248235  2.73688  4.4752  
0.734255  1.15528  5.42776  
1.75985  1.91849  2.66481  
1.19328  2.86991  3.07472  
0.66452  3.87429  0.278594  
0.428552  3.42693  2.97337  
1.42471  2.00848  3.57017  
1.44132  1.6817  3.90037  
0.530749  3.79085  1.5203  
1.15077  0.666432  5.06519  
0.906686  0.200449  5.69599  
0.228456  3.41192  3.18086  
1.43165  2.34484  3.11823  
0.715367  0.727918  5.556  
0.433043  0.439959  5.91419  
0.926747  0.942786  5.25691  
1.6807  2.72793  0.151157  
0.734736  2.25147  4.52012  
1.19034  1.15277  4.76066  
1.0432  3.3141  1.87078  
0.886421  3.32652  2.42812  
0.249557  1.75922  5.49012  
0.0387179  3.87369  1.74436  
0.249178  2.51729  4.75473  
0.00117876  3.98376  0.560465  
1.06598  3.6213  0.108964  
0.239358  3.13331  3.85515  
0.681782  3.37282  2.68298  
0.235347  3.275  3.51907  
1.6459  0.231753  4.07388  
0.984446  3.71804  0.115397  
0.745346  2.4874  4.19482  
1.21406  2.15272  3.88473  
1.1146  0.206423  5.34879  
0.243793  2.9258  4.14477  
1.32734  0.205709  4.86902  
0.25106  2.00752  5.27354  
0.761985  1.72027  5.08027  
1.16362  3.49116  0.101647  
1.86466  0.162724  3.31337  
0.229455  1.48436  5.70576  
0.965954  2.39023  3.85895  
0.950283  2.20157  4.16246  
1.44464  1.40155  4.3252  
1.55469  0.192789  4.22294  
1.82634  0.174692  3.45308  
0.232215  2.26502  5.02076  
2.01907  0.177168  2.33563  
1.96105  0.155632  2.73684  
0.497659  2.74367  4.22669  
1.34182  3.2583  0.109371  
0.180382  3.59113  2.69322  
0.496494  2.52597  4.56946  
1.76014  0.186613  3.71839  
0.513621  3.9423  0.120144  
1.13762  3.18283  1.89697  
1.40215  3.14576  0.104235  
1.23362  1.73281  4.25909  
1.4449  0.20695  4.54204  
1.4376  3.0749  0.101054  
2.15086  0.15086  0.15086  
1.25645  3.36771  0.102389  
0.630876  3.58062  1.90543  
1.99664  0.150325  2.45676  
0.000740866  4.00032  0.000319954  
0.000639739  0.000482203  6.00046  
1.82939  2.3232  0.150237  1.82939  2.3232  0.150237  
1.46387  3.33579  0.316185  1.46387  3.33579  0.316185  
0.260667  2.34515  4.95016  0.269727  2.35421  4.95922  
2.25002  0.250015  0.250015  2.25002  0.250015  0.250015  
0.0028153  4.00073  0.000730286  0.0028153  4.00073  0.000730286  
0.235319  3.27629  3.52794  0.235319  3.27629  3.52794  
1.45366  2.17484  3.23589  1.45366  2.17484  3.23589  
0.00078439  0.000663017  6.00066  0.00078439  0.000663017  6.00066  
1.8356  0.404544  3.90388  1.8356  0.404544  3.90388  
0.630364  3.58026  1.90401  0.630364  3.58026  1.90401  
1.70139  3.13107  2.41528  1.70139  3.13107  2.41528  
2.09423  1.8681  0.610787  2.09423  1.8681  0.610787  
0.99851  2.32016  3.86724  0.99851  2.32016  3.86724  
1.48372  0.211668  4.44779  1.48372  0.211668  4.44779  
0.247781  2.91914  4.21047  0.247781  2.91914  4.21047  
0.000650121  0.000201235  6.00013  0.000650121  0.000201235  6.00013  
2.25009  0.250088  0.250088  2.33298  0.33298  0.33298  
2.06207  0.200041  2.38992  2.06207  0.200041  2.38992  
2.08514  1.88457  0.257971  2.08514  1.88457  0.257971  
0.00102292  4.00099  0.000991051  0.00102292  4.00099  0.000991051  
1.66243  2.58064  3.41523  1.66243  2.58064  3.41523  
1.92959  2.2131  0.201037  2.02148  2.27284  0.285728  
0.998847  2.3205  3.86758  0.998847  2.3205  3.86758  
1.48372  0.211801  4.4478  1.48372  0.211801  4.4478  
0.247841  2.9191  4.21047  0.247841  2.9191  4.21047  
0.000620267  0.000189187  6.00012  0.000620267  0.000189187  6.00012  
2.25007  0.250067  0.250067  2.25007  0.250067  0.250067  
2.06212  0.200036  2.38948  2.06212  0.200036  2.38948  
2.08624  1.88317  0.258616  2.08624  1.88317  0.258616  
0.00101308  4.001  0.000996112  0.00101308  4.001  0.000996112  
1.68788  2.35073  3.65803  1.68788  2.35073  3.65803  
1.95177  2.13139  0.200282  1.95177  2.13139  0.200282  
0.998313  2.32013  3.86711  0.998313  2.32013  3.86711  
1.48362  0.211559  4.44769  1.48534  0.213286  4.44942  
0.247768  2.91913  4.21046  0.247768  2.91913  4.21046  
0.000678329  0.00020611  6.00014  0.000678329  0.00020611  6.00014  
2.25009  0.250088  0.250088  2.25009  0.250088  0.250088  
2.06241  0.200062  2.38751  2.06241  0.200062  2.38751  
1.55668  3.29006  0.346904  1.55668  3.29006  0.346904  
0.00102078  4.00099  0.000992985  0.00102078  4.00099  0.000992985  
2.25003  0.250026  0.250026  2.25003  0.250026  0.250026  
2.40037  0.400367  0.400367  2.40725  0.407248  0.407248  
0.000783172  0.000581373  6.00026  0.000783172  0.000581373  6.00026  
0.44542  3.41393  3.42589  0.44542  3.41393  3.42589  
1.84112  2.28659  0.150254  1.84112  2.28659  0.150254  
1.31336  0.949833  4.50177  1.31336  0.949833  4.50177  
0.249839  2.76295  4.42536  0.249839  2.76295  4.42536  
0.000585689  4.00029  0.000287935  0.000585689  4.00029  0.000287935  
2.01417  0.151678  2.32403  2.01417  0.151678  2.32403  
1.36975  3.19279  0.155431  1.36975  3.19279  0.155431  
1.61981  2.43002  3.77992  1.61981  2.43002  3.77992  
1.95511  2.11874  0.200176  1.95511  2.11874  0.200176  
1.43737  3.07467  0.100761  1.43737  3.07467  0.100761  
1.44435  0.206142  4.53997  1.45351  0.215302  4.54913  
0.248002  2.91656  4.21468  0.248002  2.91656  4.21468  
0.000618888  0.000188654  6.00012  0.000618888  0.000188654  6.00012  
2.25007  0.250066  0.250066  2.25007  0.250066  0.250066  
2.06238  0.20006  2.38769  2.06238  0.20006  2.38769  
1.03117  3.62045  2.04743  1.03117  3.62045  2.04743  
0.00102237  4.00099  0.000990682  0.00102237  4.00099  0.000990682  
2.25003  0.250028  0.250028  2.25003  0.250028  0.250028  
2.40058  0.400585  0.400585  2.40058  0.400585  0.400585  
0.000783858  0.000581617  6.00026  0.000783858  0.000581617  6.00026  
0.545485  2.17846  5.20669  0.704527  2.3375  5.36573  
1.8992  2.09544  0.151314  1.8992  2.09544  0.151314  
1.31336  0.949827  4.50176  1.31336  0.949827  4.50176  
0.248061  2.9865  4.05254  0.248061  2.9865  4.05254  
0.000570947  4.00029  0.000292025  0.000570947  4.00029  0.000292025  
2.01418  0.151693  2.32404  2.01418  0.151693  2.32404  
1.37115  3.19295  0.136758  1.37115  3.19295  0.136758  
2.25002  0.250017  0.250017  2.25002  0.250017  0.250017  
2.40026  0.400262  0.400262  2.40026  0.400262  0.400262  
0.000738568  0.000554299  6.00026  0.000738568  0.000554299  6.00026  
1.18224  3.03345  2.58058  1.18224  3.03345  2.58058  
1.89099  2.11975  0.150228  1.89099  2.11975  0.150228  
1.31335  0.949823  4.50175  1.36945  0.901377  4.5428  
0.245637  2.95074  4.12001  0.245637  2.95074  4.12001  
0.000582027  4.00029  0.000291097  0.000582027  4.00029  0.000291097  
2.01418  0.151688  2.32404  2.01418  0.151688  2.32404  
0.75965  1.51872  5.06444  0.75965  1.51872  5.06444  
1.61969  2.42949  3.77968  1.61969  2.42949  3.77968  
1.95509  2.11872  0.200163  1.95509  2.11872  0.200163  
1.44283  3.06513  0.126973  1.44283  3.06513  0.126973  
1.44434  0.206125  4.53996  1.44434  0.206125  4.53996  
0.248035  2.91659  4.21471  0.248035  2.91659  4.21471  
0.000607443  0.000202428  6.00014  0.0111894  0.0107844  6.01072  
2.25008  0.250084  0.250084  2.25008  0.250084  0.250084  
2.06238  0.200069  2.38778  2.06238  0.200069  2.38778  
2.19258  1.59445  0.426925  2.19258  1.59445  0.426925  
0.00102107  4.00099  0.000992373  0.00102107  4.00099  0.000992373  
1.61969  2.42965  3.77973  1.61969  2.42965  3.77973  
2.13559  1.59315  0.251457  2.13559  1.59315  0.251457  
1.48224  2.99262  0.101108  1.48224  2.99262  0.101108  
1.44437  0.206161  4.53999  1.44437  0.206161  4.53999  
0.248066  2.91655  4.21468  0.248066  2.91655  4.21468  
0.000668007  0.000206367  6.00014  0.000668007  0.000206367  6.00014  
2.25007  0.250071  0.250071  2.25007  0.250071  0.250071  
2.06212  0.200043  2.38959  2.06773  0.20566  2.39521  
1.94412  2.59046  0.303312  1.94412  2.59046  0.303312  
0.00101341  4.001  0.000995863  0.00101341  4.001  0.000995863  
1.58349  1.58409  3.54948  
1.53231  2.91109  0.156356  
1.20675  2.4241  3.67286  
1.5917  1.1091  3.84606  
1.62412  2.02294  3.24168  
0.948356  2.70031  3.44277  
0.872842  3.18315  2.7405  
1.79664  1.19791  2.9861  
0.0104819  3.92521  1.24267  
1.72183  2.611  0.14652  
1.09112  2.99147  2.75819  
1.7786  2.38395  0.127284  
1.92128  1.9186  0.131897  
1.86519  2.09668  0.125037  
1.962  1.78473  0.139097  
2.13609  0.915529  0.171035  
1.83531  1.41386  2.71306  
0.96538  1.18216  5.05084  
2.00107  1.54701  0.130643  
2.06935  1.2664  0.148977  
1.69161  0.846776  3.59144  
2.02785  1.45645  0.139373  
0.978109  1.69035  4.63975  
1.75985  1.91849  2.66481  
1.15077  0.666432  5.06519  
1.43165  2.34484  3.11823  
0.715367  0.727918  5.556  
1.6807  2.72793  0.151157  
0.734736  2.25147  4.52012  
1.0432  3.3141  1.87078  
0.681782  3.37282  2.68298  
0.984446  3.71804  0.115397  
0.745346  2.4874  4.19482  
1.1146  0.206423  5.34879  
1.16362  3.49116  0.101647  
0.229455  1.48436  5.70576  
0.965954  2.39023  3.85895  
0.232215  2.26502  5.02076  
0.180382  3.59113  2.69322  
0.496494  2.52597  4.56946  
1.24074  1.7443  4.21715  
0.514494  3.94278  0.0514589  
1.55375  0.191438  4.2212  
0.24996  2.00942  5.26942  
1.20381  2.17145  3.88358  
0.236439  3.10187  3.82538  
0.239938  1.74856  5.50714  
1.82389  0.164082  3.44627  
1.2096  1.22342  4.61617  
1.26237  3.36353  0.10396  
0.242165  2.91996  4.14718  
1.87615  0.272667  3.2054  
0.950555  2.20266  4.15917  
0.497212  2.72985  4.22895  
1.99651  0.150185  2.45663  
0.452822  3.2529  3.3038  
0.473948  2.93686  3.92212  
0.726215  2.86708  3.62468  
0.734714  2.69492  3.91911  
1.42454  2.11857  3.55223  
1.37232  2.7438  2.48256  
0.911536  0.224856  5.67789  
0.401019  3.81298  1.60531  
0.228958  3.46496  3.02368  
0.235054  3.27978  3.52061  
0.753634  3.77502  1.1084  
1.16669  2.81517  2.97947  
0.761218  1.77865  4.9034  
1.65316  0.413151  3.94155  
1.32697  0.182192  4.87  
0.93202  0.698025  5.35938  
0.987175  3.53083  1.18721  
0.677456  3.23413  3.00131  
1.95624  0.154392  2.7355  
1.38723  1.62836  3.86442  
0.725193  1.21465  5.32963  
1.14184  3.29563  1.34517  
0.880617  3.3247  2.43726  
1.11255  3.13117  2.39253  
2.15029  0.150291  0.150291  
1.49297  2.79147  1.9154  
1.36903  1.08384  4.34996  
0.844095  3.75079  0.284688  
0.481026  0.901758  5.78891  
0.248849  2.73331  4.45619  
0.249375  2.5091  4.7647  
1.25653  3.01824  1.83814  
0.179034  3.76358  2.00014  
1.75997  0.184129  3.72166  
1.12678  3.5646  0.155354  
1.36097  0.907169  4.53629  
2.03128  0.247191  2.18306  
1.60904  2.31307  2.72587  
2.05919  0.469163  1.95932  
0.000585689  4.00029  0.000287935  
1.44283  3.06513  0.126973  
0.630364  3.58026  1.90401  
1.44434  0.206125  4.53996  
1.37011  3.19314  0.155786  
0.000618888  0.000188654  6.00012  
2.25  0.250002  0.250002  2.25  0.250002  0.250002  
1.52109  3.46831  0.36522  1.52109  3.46831  0.36522  
0.000726639  0.000470904  6.00007  0.000726639  0.000470904  6.00007  
1.44201  0.414615  4.66895  1.44201  0.414615  4.66895  
1.93988  1.93476  0.150002  1.9477  1.94259  0.157828  
1.33169  2.78734  2.13955  1.33169  2.78734  2.13955  
0.256835  2.60136  4.62438  0.256835  2.60136  4.62438  
0.000529026  4.00025  0.000252441  0.000529026  4.00025  0.000252441  
2.0141  0.151612  2.32396  2.0141  0.151612  2.32396  
0.458914  3.44478  2.73185  0.458914  3.44478  2.73185  
2.25  0.250001  0.250001  2.25  0.250001  0.250001  
2.39997  0.399967  0.399967  2.39997  0.399967  0.399967  
0.000730629  0.000476577  6.00008  0.000730629  0.000476577  6.00008  
0.54563  2.18382  5.19338  0.54563  2.18382  5.19338  
1.97202  1.80006  0.150094  1.98221  1.81038  0.390246  
1.31324  0.949712  4.50164  1.31324  0.949712  4.50164  
0.248384  2.97931  4.06268  0.248384  2.97931  4.06268  
0.000529994  4.00022  0.00021971  0.000529994  4.00022  0.00021971  
2.0141  0.151612  2.32396  2.0141  0.151612  2.32396  
1.39819  3.14318  0.157191  1.39819  3.14318  0.157191  
2.25  0.25  0.25  2.25  0.25  0.25  
1.60365  0.292865  4.81952  1.60365  0.292865  4.81952  
0.000730836  0.000481823  6.00009  0.000730836  0.000481823  6.00009  
1.31133  2.63141  3.42147  1.31133  2.63141  3.42147  
1.97498  1.78669  0.150052  1.97498  1.78669  0.150052  
0.463824  3.47803  2.78112  0.46714  3.48135  2.78444  
0.256993  2.60152  4.62455  0.256993  2.60152  4.62455  
0.000529274  4.00022  0.00022175  0.000529274  4.00022  0.00022175  
2.0141  0.151612  2.32396  2.0141  0.151612  2.32396  
1.43696  3.07706  0.159309  1.43696  3.07706  0.159309  
2.25  0.25  0.25  2.25  0.25  0.25  
1.00958  1.25387  5.2784  1.00958  1.25387  5.2784  
0.000731084  0.000478018  6.00008  0.000731084  0.000478018  6.00008  
0.547377  2.22111  5.20242  0.547377  2.22111  5.20242  
1.97354  1.79288  0.150015  1.97354  1.79288  0.150015  
1.31324  0.949712  4.50164  1.31324  0.949712  4.50164  
0.247955  2.97798  4.06375  0.247955  2.97798  4.06375  
0.000530387  4.00023  0.000226271  0.0066326  4.00633  0.00632849  
2.0141  0.151612  2.32396  2.0141  0.151612  2.32396  
1.38468  3.16576  0.158375  1.38468  3.16576  0.158375  
2.25  0.25  0.25  2.25  0.25  0.25  
1.61929  0.4538  4.65649  1.61929  0.4538  4.65649  
0.000730836  0.000481823  6.00009  0.000730836  0.000481823  6.00009  
0.812867  1.90163  5.15307  0.812867  1.90163  5.15307  
1.97935  1.76684  0.150016  1.97935  1.76684  0.150016  
0.463657  3.48584  2.7811  0.541308  3.57976  2.86966  
0.247106  2.73421  4.45281  0.247106  2.73421  4.45281  
0.000530823  4.00022  0.000219797  0.000530823  4.00022  0.000219797  
2.0141  0.151612  2.32396  2.0141  0.151612  2.32396  
1.43639  3.07659  0.159179  1.43639  3.07659  0.159179  
2.25  0.25  0.25  2.25  0.25  0.25  
1.04441  1.30581  5.23005  1.04441  1.30581  5.23005  
0.000730909  0.000477852  6.00008  0.000730909  0.000477852  6.00008  
0.488024  3.43331  3.19806  0.488024  3.43331  3.19806  
1.97087  1.80485  0.150047  1.97087  1.80485  0.150047  
1.31324  0.949712  4.50164  1.31324  0.949712  4.50164  
0.251122  2.75891  4.41464  0.251122  2.75891  4.41464  
0.000530176  4.00023  0.000225505  0.000530176  4.00023  0.000225505  
2.0141  0.151612  2.32396  2.0141  0.151612  2.32396  
1.44454  3.06789  0.160446  1.44459  3.06781  0.196616  
2.25  0.25  0.25  2.2502  0.250198  0.250198  
1.61695  2.42642  3.5041  1.61695  2.42642  3.5041  
0.000731092  0.000478027  6.00008  0.000731092  0.000478027  6.00008  
0.424581  3.46446  3.19311  0.424581  3.46446  3.19311  
1.98828  1.72577  0.150006  1.98828  1.72577  0.150006  
1.31324  0.949712  4.50164  1.31324  0.949712  4.50164  
0.25037  2.75887  4.41426  0.25037  2.75887  4.41426  
0.000530308  4.00023  0.000227181  0.000530308  4.00023  0.000227181  
2.0141  0.151612  2.32396  2.0141  0.151612  2.32396  
1.38581  3.16407  0.158344  1.38581  3.16407  0.158344  
2.25  0.25  0.25  2.25  0.25  0.25  
1.58347  2.59857  3.37075  1.58347  2.59857  3.37075  
0.000728768  0.00047437  6.00007  0.000728768  0.00047437  6.00007  
0.53985  2.5601  4.82981  0.53985  2.5601  4.82981  
1.98308  1.74983  0.150009  1.9831  1.74985  0.150029  
1.31324  0.949712  4.50164  1.31324  0.949712  4.50164  
0.226802  3.40571  3.14482  0.226802  3.40571  3.14482  
0.000530821  4.00023  0.00023313  0.000530821  4.00023  0.00023313  
2.0141  0.151612  2.32396  2.0141  0.151612  2.32396  
1.38491  3.16535  0.158385  1.38491  3.16535  0.158385  
2.25  0.25  0.25  2.25  0.25  0.25  
1.6016  0.354428  4.82586  1.6016  0.354428  4.82586  
0.000730497  0.000481131  6.00009  0.000730497  0.000481131  6.00009  
0.82496  1.92586  5.22536  0.82496  1.92586  5.22536  
1.97936  1.76673  0.150007  1.97936  1.76673  0.150007  
1.31324  0.949713  4.50165  1.31324  0.949713  4.50165  
0.244943  2.94363  4.12444  0.244943  2.94363  4.12444  
0.000531181  4.00022  0.000220154  0.000531181  4.00022  0.000220154  
2.0141  0.151612  2.32396  2.0141  0.151612  2.32396  
1.40352  3.13383  0.15681  1.40448  3.13479  0.157771  
2.25  0.25  0.25  2.25  0.25  0.25  
1.60005  0.347448  4.83308  1.60005  0.347448  4.83308  
0.000730754  0.000481775  6.00009  0.000730799  0.000481821  6.00009  
0.754872  3.52585  3.02294  0.754872  3.52585  3.02294  
1.97858  1.77028  0.150006  1.97858  1.77028  0.150006  
1.31324  0.949713  4.50164  1.31324  0.949713  4.50164  
0.246913  2.89317  4.20812  0.246913  2.89317  4.20812  
0.000530163  4.00022  0.000220295  0.000530163  4.00022  0.000220295  
2.0141  0.151612  2.32396  2.0141  0.151612  2.32396  
1.4288  3.09263  0.158524  1.4288  3.09263  0.158524  
1.58349  1.58409  3.54948  
1.5917  1.1091  3.84606  
0.948356  2.70031  3.44277  
0.872842  3.18315  2.7405  
1.79664  1.19791  2.9861  
0.0104819  3.92521  1.24267  
1.72183  2.611  0.14652  
1.09112  2.99147  2.75819  
1.7786  2.38395  0.127284  
1.92128  1.9186  0.131897  
1.86519  2.09668  0.125037  
1.962  1.78473  0.139097  
2.13609  0.915529  0.171035  
1.83531  1.41386  2.71306  
0.96538  1.18216  5.05084  
2.00107  1.54701  0.130643  
2.06935  1.2664  0.148977  
1.69161  0.846776  3.59144  
2.02785  1.45645  0.139373  
0.978109  1.69035  4.63975  
1.75985  1.91849  2.66481  
1.15077  0.666432  5.06519  
0.715367  0.727918  5.556  
1.6807  2.72793  0.151157  
0.734736  2.25147  4.52012  
1.0432  3.3141  1.87078  
0.984446  3.71804  0.115397  
0.745346  2.4874  4.19482  
1.16362  3.49116  0.101647  
0.229455  1.48436  5.70576  
0.965954  2.39023  3.85895  
0.232215  2.26502  5.02076  
0.496494  2.52597  4.56946  
1.24074  1.7443  4.21715  
0.514494  3.94278  0.0514589  
1.55375  0.191438  4.2212  
0.24996  2.00942  5.26942  
1.20381  2.17145  3.88358  
0.236439  3.10187  3.82538  
0.239938  1.74856  5.50714  
1.82389  0.164082  3.44627  
1.2096  1.22342  4.61617  
0.242165  2.91996  4.14718  
1.87615  0.272667  3.2054  
0.950555  2.20266  4.15917  
0.497212  2.72985  4.22895  
0.473948  2.93686  3.92212  
0.726215  2.86708  3.62468  
0.734714  2.69492  3.91911  
1.42454  2.11857  3.55223  
0.401019  3.81298  1.60531  
0.753634  3.77502  1.1084  
1.16669  2.81517  2.97947  
0.761218  1.77865  4.9034  
1.65316  0.413151  3.94155  
1.32697  0.182192  4.87  
0.93202  0.698025  5.35938  
0.987175  3.53083  1.18721  
0.677456  3.23413  3.00131  
1.95624  0.154392  2.7355  
1.38723  1.62836  3.86442  
0.725193  1.21465  5.32963  
1.14184  3.29563  1.34517  
0.880617  3.3247  2.43726  
1.11255  3.13117  2.39253  
2.15029  0.150291  0.150291  
0.844095  3.75079  0.284688  
1.25653  3.01824  1.83814  
1.75997  0.184129  3.72166  
2.05919  0.469163  1.95932  
1.48947  2.98239  0.102358  
0.631104  3.58134  1.90274  
1.55573  2.83543  0.635082  
1.60817  2.29494  2.73178  
1.39861  2.31832  3.2652  
1.44452  0.206124  4.53939  
1.11307  0.178709  5.34884  
1.29298  3.3153  0.153628  
0.481931  0.907546  5.77869  
1.34856  1.13453  4.3192  
0.203863  3.70319  2.26572  
1.36766  2.63291  2.39396  
1.18316  2.44027  3.65446  
1.3605  0.907256  4.53589  
0.213737  3.61808  2.55379  
0.248801  2.50428  4.75631  
0.479564  3.11984  3.59913  
0.693068  0.347505  5.79359  
1.58648  1.92901  3.2059  
0.818002  0.160576  5.68043  
0.454182  3.27318  3.27144  
0.458825  3.43905  2.75227  
0.22667  3.39773  3.1678  
0.247093  2.72751  4.46343  
1.44366  3.06578  0.181317  
2.0141  0.151612  2.32396  
0.000529994  4.00022  0.00021971  
0.000726639  0.000470904  6.00007  
1.38491  3.16535  0.158385  
1.33169  2.78734  2.13955  
2.25  0.25  0.25  2.25  0.25  0.25  
1.57959  2.59407  3.37299  1.57959  2.59407  3.37299  
0.000731212  0.000474887  6.00007  0.000731212  0.000474887  6.00007  
0.536968  2.55673  4.82998  0.536968  2.55673  4.82998  
1.99339  1.70173  0.150009  1.99339  1.70173  0.150009  
1.31324  0.949705  4.50164  1.31324  0.949705  4.50164  
0.226963  3.40465  3.14401  0.226963  3.40465  3.14401  
0.000531298  4.00023  0.000231775  0.00422221  4.00392  0.00392269  
2.0141  0.151612  2.32396  2.0141  0.151612  2.32396  
1.3852  3.1648  0.15836  1.3852  3.1648  0.15836  
2.25  0.25  0.25  2.25  0.25  0.25  
1.61666  2.42484  3.50274  1.61666  2.42484  3.50274  
0.000730902  0.000477031  6.00008  0.000730902  0.000477031  6.00008  
0.424274  3.46412  3.19261  0.424274  3.46412  3.19261  
1.99614  1.68855  0.150001  2.00009  1.6925  0.153951  
1.31324  0.949705  4.50164  1.31324  0.949705  4.50164  
0.250875  2.75861  4.41418  0.250875  2.75861  4.41418  
0.000530923  4.00023  0.000225422  0.000530923  4.00023  0.000225422  
2.0141  0.151612  2.32396  2.0141  0.151612  2.32396  
1.3872  3.16151  0.158203  1.3872  3.16151  0.158203  
2.25  0.25  0.25  2.25407  0.254074  0.254074  
1.13219  1.98206  5.3774  1.13219  1.98206  5.3774  
0.000730988  0.00047471  6.00007  0.000730988  0.00047471  6.00007  
0.531024  2.55972  4.79848  0.531024  2.55972  4.79848  
1.99227  1.70696  0.150001  1.99227  1.70696  0.150001  
1.31324  0.949705  4.50164  1.31324  0.949705  4.50164  
0.226514  3.39984  3.15706  0.226514  3.39984  3.15706  
0.000530806  4.00023  0.000232092  0.000530806  4.00023  0.000232092  
2.0141  0.151612  2.32396  2.0141  0.151612  2.32396  
1.48939  2.97887  0.15633  1.48939  2.97887  0.15633  
2.25  0.25  0.25  2.25  0.25  0.25  
1.09494  2.47164  4.12651  1.17054  2.54725  4.20212  
0.000729637  0.000475086  6.00008  0.000729637  0.000475086  6.00008  
0.545555  2.18362  5.19324  0.545555  2.18362  5.19324  
1.9913  1.71157  0.150004  1.9913  1.71157  0.150004  
1.31324  0.949705  4.50164  1.31324  0.949705  4.50164  
0.234277  3.26162  3.51421  0.234277  3.26162  3.51421  
0.000531167  4.00022  0.000217195  0.000531167  4.00022  0.000217195  
2.0141  0.151612  2.32396  2.0141  0.151612  2.32396  
1.4208  3.10458  0.157354  1.4208  3.10458  0.157354  
2.25  0.25  0.25  2.25  0.25  0.25  
1.54881  0.455167  4.8142  1.54881  0.455167  4.8142  
0.000729431  0.000476694  6.00008  0.0024336  0.00218087  6.00178  
0.823525  1.92343  5.21861  0.823525  1.92343  5.21861  
1.99532  1.69249  0.150004  1.99532  1.69249  0.150004  
1.37563  1.22918  4.18125  1.37563  1.22918  4.18125  
0.245146  2.94557  4.12039  0.245146  2.94557  4.12039  
0.000531164  4.00022  0.000219396  0.000531164  4.00022  0.000219396  
2.01451  0.15409  2.32081  2.01451  0.15409  2.32081  
1.40396  3.13293  0.156759  1.40396  3.13293  0.156759  
2.25  0.25  0.25  2.25  0.25  0.25  
1.04392  1.30494  5.22937  1.04392  1.30494  5.22937  
0.000731164  0.000477131  6.00008  0.000731164  0.000477131  6.00008  
0.487965  3.43899  3.17502  0.487965  3.43899  3.17502  
1.99144  1.71095  0.150006  1.99144  1.71095  0.150006  
1.31366  0.951258  4.49986  1.39366  1.03126  4.57986  
0.251024  2.75882  4.41453  0.251024  2.75882  4.41453  
0.000530831  4.00022  0.000224251  0.000530831  4.00022  0.000224251  
2.01437  0.152955  2.32193  2.01437  0.152955  2.32193  
1.44741  3.05589  0.160954  1.44741  3.05589  0.160954  
2.25  0.25  0.25  2.25  0.25  0.25  
1.61458  0.444648  4.62889  1.61458  0.444648  4.62889  
0.000731233  0.000481266  6.00009  0.000731233  0.000481266  6.00009  
0.812821  1.89826  5.14958  0.812821  1.89826  5.14958  
1.99195  1.7085  0.150001  1.99195  1.7085  0.150001  
0.464455  3.48225  2.78557  0.464455  3.48225  2.78557  
0.250745  2.75747  4.41311  0.250745  2.75747  4.41311  
0.000531254  4.00022  0.000218678  0.000475978  4.00028  0.00027776  
2.0141  0.151612  2.32396  2.0141  0.151612  2.32396  
1.44279  3.06513  0.160085  1.44279  3.06513  0.160085  
2.25  0.25  0.25  2.25  0.25  0.25  
0.974578  3.40816  2.82532  1.0269  3.46049  2.87764  
0.000731101  0.000476091  6.00008  0.000731101  0.000476091  6.00008  
0.546021  2.18541  5.19132  0.546021  2.18541  5.19132  
1.98865  1.72401  0.150002  1.98865  1.72401  0.150002  
1.31324  0.949705  4.50164  1.31324  0.949705  4.50164  
0.248282  2.97921  4.06258  0.248282  2.97921  4.06258  
0.000531261  4.00022  0.000217118  0.000531261  4.00022  0.000217118  
2.0141  0.151612  2.32396  2.0141  0.151612  2.32396  
1.4447  3.07012  0.160571  1.4447  3.07012  0.160571  
2.25  0.25  0.25  2.25  0.25  0.25  
1.57229  0.454413  4.74861  1.65869  0.540814  4.83501  
0.000731275  0.000474219  6.00007  0.000731275  0.000474219  6.00007  
0.754695  3.52368  3.01811  0.754695  3.52368  3.01811  
1.99428  1.69745  0.150004  1.99428  1.69745  0.150004  
1.31324  0.949711  4.50164  1.31324  0.949711  4.50164  
0.247533  2.89264  4.20785  0.247533  2.89264  4.20785  
0.000531113  4.00022  0.000217908  0.000531113  4.00022  0.000217908  
2.0141  0.151612  2.32396  2.0141  0.151612  2.32396  
1.43636  3.07669  0.159667  1.43636  3.07669  0.159667  
2.25  0.25  0.25  2.25  0.25  0.25  
1.52917  0.39083  4.86065  1.52917  0.39083  4.86065  
0.000727969  0.000476158  6.00008  0.000727969  0.000476158  6.00008  
1.32091  2.60083  3.41328  1.32091  2.60083  3.41328  
1.99624  1.68804  0.150002  1.99624  1.68804  0.150002  
0.463283  3.47714  2.78015  0.478247  3.49211  2.79511  
0.258142  2.58236  4.64962  0.258142  2.58236  4.64962  
0.000529899  4.00022  0.000220709  0.000529899  4.00022  0.000220709  
2.0141  0.151612  2.32396  2.0141  0.151612  2.32396  
1.44751  3.05576  0.160967  1.44751  3.05576  0.160967  
1.58349  1.58409  3.54948  
1.5917  1.1091  3.84606  
0.948356  2.70031  3.44277  
0.872842  3.18315  2.7405  
1.79664  1.19791  2.9861  
0.0104819  3.92521  1.24267  
1.72183  2.611  0.14652  
1.09112  2.99147  2.75819  
1.7786  2.38395  0.127284  
1.92128  1.9186  0.131897  
1.86519  2.09668  0.125037  
1.962  1.78473  0.139097  
2.13609  0.915529  0.171035  
1.83531  1.41386  2.71306  
0.96538  1.18216  5.05084  
2.00107  1.54701  0.130643  
2.06935  1.2664  0.148977  
1.69161  0.846776  3.59144  
2.02785  1.45645  0.139373  
0.978109  1.69035  4.63975  
1.75985  1.91849  2.66481  
1.15077  0.666432  5.06519  
0.715367  0.727918  5.556  
1.6807  2.72793  0.151157  
0.734736  2.25147  4.52012  
1.0432  3.3141  1.87078  
0.984446  3.71804  0.115397  
0.745346  2.4874  4.19482  
1.16362  3.49116  0.101647  
0.229455  1.48436  5.70576  
0.965954  2.39023  3.85895  
0.232215  2.26502  5.02076  
0.496494  2.52597  4.56946  
1.24074  1.7443  4.21715  
0.514494  3.94278  0.0514589  
1.55375  0.191438  4.2212  
0.24996  2.00942  5.26942  
1.20381  2.17145  3.88358  
0.236439  3.10187  3.82538  
0.239938  1.74856  5.50714  
1.82389  0.164082  3.44627  
1.2096  1.22342  4.61617  
0.242165  2.91996  4.14718  
1.87615  0.272667  3.2054  
0.950555  2.20266  4.15917  
0.497212  2.72985  4.22895  
0.473948  2.93686  3.92212  
0.726215  2.86708  3.62468  
0.734714  2.69492  3.91911  
1.42454  2.11857  3.55223  
0.401019  3.81298  1.60531  
0.753634  3.77502  1.1084  
1.16669  2.81517  2.97947  
0.761218  1.77865  4.9034  
1.65316  0.413151  3.94155  
1.32697  0.182192  4.87  
0.93202  0.698025  5.35938  
0.987175  3.53083  1.18721  
0.677456  3.23413  3.00131  
1.95624  0.154392  2.7355  
1.38723  1.62836  3.86442  
0.725193  1.21465  5.32963  
1.14184  3.29563  1.34517  
0.880617  3.3247  2.43726  
1.11255  3.13117  2.39253  
2.15029  0.150291  0.150291  
0.844095  3.75079  0.284688  
1.25653  3.01824  1.83814  
1.75997  0.184129  3.72166  
2.05919  0.469163  1.95932  
0.631104  3.58134  1.90274  
1.55573  2.83543  0.635082  
1.60817  2.29494  2.73178  
1.39861  2.31832  3.2652  
1.44452  0.206124  4.53939  
1.11307  0.178709  5.34884  
1.29298  3.3153  0.153628  
0.481931  0.907546  5.77869  
0.203863  3.70319  2.26572  
1.36766  2.63291  2.39396  
1.18316  2.44027  3.65446  
1.3605  0.907256  4.53589  
0.213737  3.61808  2.55379  
0.248801  2.50428  4.75631  
0.479564  3.11984  3.59913  
0.693068  0.347505  5.79359  
1.58648  1.92901  3.2059  
0.818002  0.160576  5.68043  
0.247093  2.72751  4.46343  
1.32302  2.80979  2.15992  
1.35814  1.1313  4.2942  
0.458513  3.43901  2.75097  
0.000726638  0.000470903  6.00007  
0.233685  3.26942  3.49901  
0.22675  3.39537  3.17006  
2.0141  0.151612  2.32396  
1.44261  3.06491  0.174405  
1.3852  3.1648  0.15836  
1.48939  2.97887  0.15633  
0.000531261  4.00022  0.000217118  
2.25  0.25  0.25  2.25  0.25  0.25  
1.5444  0.451188  4.81535  1.5444  0.451188  4.81535  
0.000731164  0.000477659  6.00008  0.000731164  0.000477659  6.00008  
0.814518  1.88924  5.12939  0.814518  1.88924  5.12939  
1.99572  1.69053  0.150001  1.99572  1.69053  0.150001  
1.40184  1.40493  3.97733  1.40184  1.40493  3.97733  
0.24173  3.09175  3.86321  0.24173  3.09175  3.86321  
0.000531315  4.00022  0.000219179  0.000531315  4.00022  0.000219179  
2.01459  0.154106  2.32022  2.01459  0.154106  2.32022  
1.40403  3.13266  0.156705  1.40828  3.1369  0.160946  
2.25  0.25  0.25  2.25  0.25  0.25  
1.5444  0.451188  4.81535  1.5444  0.451188  4.81535  
0.000731164  0.000477659  6.00008  0.000731164  0.000477659  6.00008  
0.814518  1.88924  5.12939  0.814518  1.88924  5.12939  
1.99572  1.69053  0.150001  1.99572  1.69053  0.150001  
1.40184  1.40493  3.97733  1.40416  1.40725  3.97965  
0.24173  3.09175  3.86321  0.24173  3.09175  3.86321  
0.000531315  4.00022  0.000219179  0.000531315  4.00022  0.000219179  
2.01459  0.154106  2.32022  2.01459  0.154106  2.32022  
1.40403  3.13266  0.156705  1.40403  3.13266  0.156705  
2.25  0.25  0.25  2.25488  0.254876  0.254876  
1.5444  0.451188  4.81535  1.5444  0.451188  4.81535  
0.000731164  0.000477659  6.00008  0.000731164  0.000477659  6.00008  
0.814518  1.88924  5.12939  0.814518  1.88924  5.12939  
1.99572  1.69053  0.150001  1.99572  1.69053  0.150001  
1.40184  1.40493  3.97733  1.40184  1.40493  3.97733  
0.24173  3.09175  3.86321  0.24173  3.09175  3.86321  
0.000531315  4.00022  0.000219179  0.000531315  4.00022  0.000219179  
2.01459  0.154106  2.32022  2.01459  0.154106  2.32022  
1.40403  3.13266  0.156705  1.40403  3.13266  0.156705  
2.25  0.25  0.25  2.25  0.25  0.25  
1.5444  0.451188  4.81535  1.5444  0.451188  4.81535  
0.000731164  0.000477659  6.00008  0.000731164  0.000477659  6.00008  
0.814518  1.88924  5.12939  0.814518  1.88924  5.12939  
1.99572  1.69053  0.150001  1.99572  1.69053  0.150001  
1.40184  1.40493  3.97733  1.40184  1.40493  3.97733  
0.24173  3.09175  3.86321  0.24173  3.09175  3.86321  
0.000531315  4.00022  0.000219179  0.000531315  4.00022  0.000219179  
2.01459  0.154106  2.32022  2.01459  0.154106  2.32022  
1.40403  3.13266  0.156705  1.40552  3.13415  0.158195  
2.25  0.25  0.25  2.25  0.25  0.25  
1.5444  0.451188  4.81535  1.5444  0.451188  4.81535  
0.000731164  0.000477659  6.00008  0.000731164  0.000477659  6.00008  
0.814518  1.88924  5.12939  0.814518  1.88924  5.12939  
1.99572  1.69053  0.150001  2.00763  1.70244  0.161903  
1.40184  1.40493  3.97733  1.40184  1.40493  3.97733  
0.24173  3.09175  3.86321  0.24173  3.09175  3.86321  
0.000531315  4.00022  0.000219179  0.000531315  4.00022  0.000219179  
2.01459  0.154106  2.32022  2.01459  0.154106  2.32022  
1.40403  3.13266  0.156705  1.40403  3.13266  0.156705  
2.25  0.25  0.25  2.25077  0.250765  0.250765  
1.5444  0.451188  4.81535  1.5444  0.451188  4.81535  
0.000731164  0.000477659  6.00008  0.000731164  0.000477659  6.00008  
0.814518  1.88924  5.12939  0.814518  1.88924  5.12939  
1.99572  1.69053  0.150001  1.99572  1.69053  0.150001  
1.40184  1.40493  3.97733  1.40184  1.40493  3.97733  
0.24173  3.09175  3.86321  0.24173  3.09175  3.86321  
0.000531315  4.00022  0.000219179  0.000531315  4.00022  0.000219179  
2.01459  0.154106  2.32022  2.01459  0.154106  2.32022  
1.40403  3.13266  0.156705  1.40403  3.13266  0.156705  
2.25  0.25  0.25  2.25  0.25  0.25  
1.5444  0.451188  4.81535  1.54742  0.454207  4.81837  
0.000731164  0.000477659  6.00008  0.000731164  0.000477659  6.00008  
0.814518  1.88924  5.12939  0.814518  1.88924  5.12939  
1.99572  1.69053  0.150001  1.99572  1.69053  0.150001  
1.40184  1.40493  3.97733  1.40184  1.40493  3.97733  
0.24173  3.09175  3.86321  0.24173  3.09175  3.86321  
0.000531315  4.00022  0.000219179  0.000531315  4.00022  0.000219179  
2.01459  0.154106  2.32022  2.01459  0.154106  2.32022  
1.40403  3.13266  0.156705  1.40403  3.13266  0.156705  
2.25  0.25  0.25  2.25  0.25  0.25  
1.5444  0.451188  4.81535  1.5444  0.451188  4.81535  
0.000731164  0.000477659  6.00008  0.000731164  0.000477659  6.00008  
0.814518  1.88924  5.12939  0.814518  1.88924  5.12939  
1.99572  1.69053  0.150001  2.00453  1.69934  0.166632  
1.40184  1.40493  3.97733  1.40184  1.40493  3.97733  
0.24173  3.09175  3.86321  0.24173  3.09175  3.86321  
0.000531315  4.00022  0.000219179  0.000531315  4.00022  0.000219179  
2.01459  0.154106  2.32022  2.01459  0.154106  2.32022  
1.40403  3.13266  0.156705  1.40403  3.13266  0.156705  
2.25  0.25  0.25  2.25  0.25  0.25  
1.5444  0.451188  4.81535  1.5444  0.451188  4.81535  
0.000731164  0.000477659  6.00008  0.000731164  0.000477659  6.00008  
0.814518  1.88924  5.12939  0.814518  1.88924  5.12939  
1.99572  1.69053  0.150001  1.99572  1.69053  0.150001  
1.40184  1.40493  3.97733  1.40184  1.40493  3.97733  
0.24173  3.09175  3.86321  0.24173  3.09175  3.86321  
0.000531315  4.00022  0.000219179  0.000531315  4.00022  0.000219179  
2.01459  0.154106  2.32022  2.01459  0.154106  2.32022  
1.40403  3.13266  0.156705  1.40403  3.13266  0.156705  
2.25  0.25  0.25  2.25  0.25  0.25  
1.5444  0.451188  4.81535  1.5444  0.451188  4.81535  
0.000731164  0.000477659  6.00008  0.000731164  0.000477659  6.00008  
0.814518  1.88924  5.12939  0.814518  1.88924  5.12939  
1.99572  1.69053  0.150001  1.99572  1.69053  0.150001  
1.40184  1.40493  3.97733  1.40184  1.40493  3.97733  
0.24173  3.09175  3.86321  0.24173  3.09175  3.86321  
0.000531315  4.00022  0.000219179  0.00271212  4.0024  0.00239998  
2.01459  0.154106  2.32022  2.01459  0.154106  2.32022  
1.40403  3.13266  0.156705  1.40403  3.13266  0.156705  
1.5917  1.1091  3.84606  
0.948356  2.70031  3.44277  
0.872842  3.18315  2.7405  
1.79664  1.19791  2.9861  
0.0104819  3.92521  1.24267  
1.72183  2.611  0.14652  
1.09112  2.99147  2.75819  
1.7786  2.38395  0.127284  
1.92128  1.9186  0.131897  
1.86519  2.09668  0.125037  
1.962  1.78473  0.139097  
2.13609  0.915529  0.171035  
1.83531  1.41386  2.71306  
0.96538  1.18216  5.05084  
2.00107  1.54701  0.130643  
2.06935  1.2664  0.148977  
1.69161  0.846776  3.59144  
2.02785  1.45645  0.139373  
0.978109  1.69035  4.63975  
1.75985  1.91849  2.66481  
1.15077  0.666432  5.06519  
0.715367  0.727918  5.556  
1.6807  2.72793  0.151157  
0.734736  2.25147  4.52012  
1.0432  3.3141  1.87078  
0.984446  3.71804  0.115397  
0.745346  2.4874  4.19482  
1.16362  3.49116  0.101647  
0.229455  1.48436  5.70576  
0.965954  2.39023  3.85895  
0.232215  2.26502  5.02076  
0.496494  2.52597  4.56946  
1.24074  1.7443  4.21715  
0.514494  3.94278  0.0514589  
1.55375  0.191438  4.2212  
0.24996  2.00942  5.26942  
1.20381  2.17145  3.88358  
0.236439  3.10187  3.82538  
0.239938  1.74856  5.50714  
1.82389  0.164082  3.44627  
1.2096  1.22342  4.61617  
0.242165  2.91996  4.14718  
1.87615  0.272667  3.2054  
0.950555  2.20266  4.15917  
0.497212  2.72985  4.22895  
0.473948  2.93686  3.92212  
0.726215  2.86708  3.62468  
0.734714  2.69492  3.91911  
1.42454  2.11857  3.55223  
0.401019  3.81298  1.60531  
0.753634  3.77502  1.1084  
1.16669  2.81517  2.97947  
0.761218  1.77865  4.9034  
1.65316  0.413151  3.94155  
1.32697  0.182192  4.87  
0.93202  0.698025  5.35938  
0.987175  3.53083  1.18721  
0.677456  3.23413  3.00131  
1.95624  0.154392  2.7355  
0.725193  1.21465  5.32963  
1.14184  3.29563  1.34517  
0.880617  3.3247  2.43726  
1.11255  3.13117  2.39253  
2.15029  0.150291  0.150291  
0.844095  3.75079  0.284688  
1.25653  3.01824  1.83814  
1.75997  0.184129  3.72166  
0.631104  3.58134  1.90274  
1.55573  2.83543  0.635082  
1.60817  2.29494  2.73178  
1.39861  2.31832  3.2652  
1.44452  0.206124  4.53939  
1.11307  0.178709  5.34884  
1.29298  3.3153  0.153628  
0.481931  0.907546  5.77869  
0.203863  3.70319  2.26572  
1.36766  2.63291  2.39396  
1.18316  2.44027  3.65446  
1.3605  0.907256  4.53589  
0.213737  3.61808  2.55379  
0.248801  2.50428  4.75631  
0.479564  3.11984  3.59913  
0.693068  0.347505  5.79359  
1.58648  1.92901  3.2059  
0.818002  0.160576  5.68043  
0.247093  2.72751  4.46343  
1.32302  2.80979  2.15992  
1.35814  1.1313  4.2942  
0.458513  3.43901  2.75097  
0.226515  3.39588  3.16769  
1.4892  2.97869  0.156838  
2.07596  0.480796  1.81634  
1.41393  1.5929  3.78491  
1.57033  1.5722  3.56964  
1.37037  1.37205  4.11749  
2.01426  0.152888  2.32372  
0.000731271  0.000471855  6.00006  
0.000531276  4.00022  0.000217045  
1.44029  3.07052  0.161566  
1.39836  3.14368  0.157186  
2.25  0.25  0.25  2.25  0.25  0.25  
1.54669  0.457357  4.80782  1.55605  0.493688  4.81827  
0.000731127  0.000477621  6.00008  0.000731127  0.000477621  6.00008  
0.805866  1.87706  5.07774  0.805866  1.87706  5.07774  
1.99618  1.68833  0.150001  1.99618  1.68833  0.150001  
1.40188  1.40477  3.97712  1.40188  1.40477  3.97712  
0.241515  3.08995  3.86197  0.241515  3.08995  3.86197  
0.000531315  4.00022  0.000219179  0.000531315  4.00022  0.000219179  
2.01459  0.154106  2.32022  2.01459  0.154106  2.32022  
1.40399  3.13268  0.156775  1.40399  3.13268  0.156775  
2.25  0.25  0.25  2.25  0.25  0.25  
1.54669  0.457357  4.80782  1.54669  0.457357  4.80782  
0.000731127  0.000477621  6.00008  0.0211913  0.0209299  6.02054  
0.805866  1.87706  5.07774  0.805866  1.87706  5.07774  
1.99618  1.68833  0.150001  1.99618  1.68833  0.150001  
1.40188  1.40477  3.97712  1.40188  1.40477  3.97712  
0.241515  3.08995  3.86197  0.241515  3.08995  3.86197  
0.000531315  4.00022  0.000219179  0.000531315  4.00022  0.000219179  
2.01459  0.154106  2.32022  2.01459  0.154106  2.32022  
1.40399  3.13268  0.156775  1.40399  3.13268  0.156775  
2.25  0.25  0.25  2.25  0.25  0.25  
1.54669  0.457357  4.80782  1.54669  0.457357  4.80782  
0.000731127  0.000477621  6.00008  0.000731127  0.000477621  6.00008  
0.805866  1.87706  5.07774  0.851573  1.88873  5.11034  
1.99618  1.68833  0.150001  1.99618  1.68833  0.150001  
1.40188  1.40477  3.97712  1.40188  1.40477  3.97712  
0.241515  3.08995  3.86197  0.241515  3.08995  3.86197  
0.000531315  4.00022  0.000219179  0.000531315  4.00022  0.000219179  
2.01459  0.154106  2.32022  2.01459  0.154106  2.32022  
1.40399  3.13268  0.156775  1.40399  3.13268  0.156775  
2.25  0.25  0.25  2.25  0.25  0.25  
1.54669  0.457357  4.80782  1.54669  0.457357  4.80782  
0.000731127  0.000477621  6.00008  0.000731127  0.000477621  6.00008  
0.805866  1.87706  5.07774  0.805866  1.87706  5.07774  
1.99618  1.68833  0.150001  1.99618  1.68833  0.150001  
1.40188  1.40477  3.97712  1.40188  1.40477  3.97712  
0.241515  3.08995  3.86197  0.241515  3.08995  3.86197  
0.000531315  4.00022  0.000219179  0.000531315  4.00022  0.000219179  
2.01459  0.154106  2.32022  2.01459  0.154106  2.32022  
1.40399  3.13268  0.156775  1.40399  3.13268  0.156775  
2.25  0.25  0.25  2.25  0.25  0.25  
1.54669  0.457357  4.80782  1.54669  0.457357  4.80782  
0.000731127  0.000477621  6.00008  0.000731127  0.000477621  6.00008  
0.805866  1.87706  5.07774  0.805866  1.87706  5.07774  
1.99618  1.68833  0.150001  1.99618  1.68833  0.150001  
1.40188  1.40477  3.97712  1.40188  1.40477  3.97712  
0.241515  3.08995  3.86197  0.241515  3.08995  3.86197  
0.000531315  4.00022  0.000219179  0.000531315  4.00022  0.000219179  
2.01459  0.154106  2.32022  2.01459  0.154106  2.32022  
1.40399  3.13268  0.156775  1.40399  3.13268  0.156775  
2.25  0.25  0.25  2.25  0.25  0.25  
1.54669  0.457357  4.80782  1.54669  0.457357  4.80782  
0.000731127  0.000477621  6.00008  0.000731127  0.000477621  6.00008  
0.805866  1.87706  5.07774  0.805866  1.87706  5.07774  
1.99618  1.68833  0.150001  1.99618  1.68833  0.150002  
1.40188  1.40477  3.97712  1.40188  1.40477  3.97712  
0.241515  3.08995  3.86197  0.241515  3.08995  3.86197  
0.000531315  4.00022  0.000219179  0.000531315  4.00022  0.000219179  
2.01459  0.154106  2.32022  2.01459  0.154106  2.32022  
1.40399  3.13268  0.156775  1.40399  3.13268  0.156775  
2.25  0.25  0.25  2.25  0.25  0.25  
1.54669  0.457357  4.80782  1.54669  0.457357  4.80782  
0.000731127  0.000477621  6.00008  0.000731127  0.000477621  6.00008  
0.805866  1.87706  5.07774  0.805866  1.87706  5.07774  
1.99618  1.68833  0.150001  1.99618  1.68833  0.150001  
1.40188  1.40477  3.97712  1.40188  1.40477  3.97712  
0.241515  3.08995  3.86197  0.241515  3.08995  3.86197  
0.000531315  4.00022  0.000219179  0.000531315  4.00022  0.000219179  
2.01459  0.154106  2.32022  2.02847  0.162862  2.28875  
1.40399  3.13268  0.156775  1.40399  3.13268  0.156775  
2.25  0.25  0.25  2.25  0.25  0.25  
1.54669  0.457357  4.80782  1.54669  0.457357  4.80782  
0.000731127  0.000477621  6.00008  0.000731127  0.000477621  6.00008  
0.805866  1.87706  5.07774  0.805866  1.87706  5.07774  
1.99618  1.68833  0.150001  1.99618  1.68833  0.150001  
1.40188  1.40477  3.97712  1.40188  1.40477  3.97712  
0.241515  3.08995  3.86197  0.241515  3.08995  3.86197  
0.000531315  4.00022  0.000219179  0.000531315  4.00022  0.000219179  
2.01459  0.154106  2.32022  2.01459  0.154106  2.32022  
1.40399  3.13268  0.156775  1.40399  3.13268  0.156775  
2.25  0.25  0.25  2.25  0.25  0.25  
1.54669  0.457357  4.80782  1.55054  0.461207  4.81167  
0.000731127  0.000477621  6.00008  0.000731127  0.000477621  6.00008  
0.805866  1.87706  5.07774  0.805866  1.87706  5.07774  
1.99618  1.68833  0.150001  1.99618  1.68833  0.150001  
1.40188  1.40477  3.97712  1.40188  1.40477  3.97712  
0.241515  3.08995  3.86197  0.241515  3.08995  3.86197  
0.000531315  4.00022  0.000219179  0.000531315  4.00022  0.000219179  
2.01459  0.154106  2.32022  2.01459  0.154106  2.32022  
1.40399  3.13268  0.156775  1.40399  3.13268  0.156775  
2.25  0.25  0.25  2.25  0.25  0.25  
1.54669  0.457357  4.80782  1.54669  0.457357  4.80782  
0.000731127  0.000477621  6.00008  0.000731127  0.000477621  6.00008  
0.805866  1.87706  5.07774  0.805866  1.87706  5.07774  
1.99618  1.68833  0.150001  1.99618  1.68833  0.150001  
1.40188  1.40477  3.97712  1.40188  1.40477  3.97712  
0.241515  3.08995  3.86197  0.241515  3.08995  3.86197  
0.000531315  4.00022  0.000219179  0.000531315  4.00022  0.000219179  
2.01459  0.154106  2.32022  2.01459  0.154106  2.32022  
1.40399  3.13268  0.156775  1.40399  3.13268  0.156775  
1.5917  1.1091  3.84606  
0.948356  2.70031  3.44277  
0.872842  3.18315  2.7405  
1.79664  1.19791  2.9861  
0.0104819  3.92521  1.24267  
1.72183  2.611  0.14652  
1.09112  2.99147  2.75819  
1.7786  2.38395  0.127284  
1.92128  1.9186  0.131897  
1.86519  2.09668  0.125037  
1.962  1.78473  0.139097  
2.13609  0.915529  0.171035  
1.83531  1.41386  2.71306  
0.96538  1.18216  5.05084  
2.00107  1.54701  0.130643  
2.06935  1.2664  0.148977  
1.69161  0.846776  3.59144  
2.02785  1.45645  0.139373  
0.978109  1.69035  4.63975  
1.75985  1.91849  2.66481  
1.15077  0.666432  5.06519  
0.715367  0.727918  5.556  
1.6807  2.72793  0.151157  
0.734736  2.25147  4.52012  
1.0432  3.3141  1.87078  
0.984446  3.71804  0.115397  
0.745346  2.4874  4.19482  
1.16362  3.49116  0.101647  
0.229455  1.48436  5.70576  
0.965954  2.39023  3.85895  
0.232215  2.26502  5.02076  
0.496494  2.52597  4.56946  
1.24074  1.7443  4.21715  
0.514494  3.94278  0.0514589  
1.55375  0.191438  4.2212  
0.24996  2.00942  5.26942  
1.20381  2.17145  3.88358  
0.236439  3.10187  3.82538  
0.239938  1.74856  5.50714  
1.82389  0.164082  3.44627  
1.2096  1.22342  4.61617  
0.242165  2.91996  4.14718  
1.87615  0.272667  3.2054  
0.950555  2.20266  4.15917  
0.497212  2.72985  4.22895  
0.473948  2.93686  3.92212  
0.726215  2.86708  3.62468  
0.734714  2.69492  3.91911  
1.42454  2.11857  3.55223  
0.401019  3.81298  1.60531  
0.753634  3.77502  1.1084  
1.16669  2.81517  2.97947  
0.761218  1.77865  4.9034  
1.65316  0.413151  3.94155  
1.32697  0.182192  4.87  
0.93202  0.698025  5.35938  
0.987175  3.53083  1.18721  
0.677456  3.23413  3.00131  
1.95624  0.154392  2.7355  
0.725193  1.21465  5.32963  
1.14184  3.29563  1.34517  
0.880617  3.3247  2.43726  
1.11255  3.13117  2.39253  
2.15029  0.150291  0.150291  
0.844095  3.75079  0.284688  
1.25653  3.01824  1.83814  
1.75997  0.184129  3.72166  
0.631104  3.58134  1.90274  
1.55573  2.83543  0.635082  
1.60817  2.29494  2.73178  
1.39861  2.31832  3.2652  
1.44452  0.206124  4.53939  
1.11307  0.178709  5.34884  
1.29298  3.3153  0.153628  
0.481931  0.907546  5.77869  
0.203863  3.70319  2.26572  
1.36766  2.63291  2.39396  
1.18316  2.44027  3.65446  
1.3605  0.907256  4.53589  
0.213737  3.61808  2.55379  
0.248801  2.50428  4.75631  
0.479564  3.11984  3.59913  
1.58648  1.92901  3.2059  
0.818002  0.160576  5.68043  
0.247093  2.72751  4.46343  
1.32302  2.80979  2.15992  
1.35814  1.1313  4.2942  
0.458513  3.43901  2.75097  
0.226515  3.39588  3.16769  
1.4892  2.97869  0.156838  
2.07596  0.480796  1.81634  
1.57033  1.5722  3.56964  
0.000731271  0.000471855  6.00006  
0.000531276  4.00022  0.000217045  
1.41431  1.61333  3.76869  
1.36899  1.37181  4.10722  
2.04279  0.293826  2.10134  
1.9927  0.155186  2.49156  
1.44314  3.06255  0.299026  
1.38565  3.16721  0.137363  
2.25  0.25  0.25  2.25  0.25  0.25  
1.54668  0.457334  4.80777  1.54668  0.457334  4.80777  
0.000731127  0.000477621  6.00008  0.000731127  0.000477621  6.00008  
0.805828  1.87702  5.07769  0.805828  1.87702  5.07769  
1.99618  1.68833  0.150001  1.99618  1.68833  0.150001  
1.40188  1.40477  3.97712  1.40188  1.40477  3.97712  
0.241511  3.0898  3.86224  0.243251  3.08101  3.88529  
0.000531315  4.00022  0.000219179  0.000531315  4.00022  0.000219179  
2.01459  0.154106  2.32022  2.01459  0.154106  2.32022  
1.40399  3.13268  0.156772  1.40399  3.13268  0.156772  
2.25  0.25  0.25  2.25  0.25  0.25  
1.54668  0.457334  4.80777  1.54668  0.457334  4.80777  
0.000731127  0.000477621  6.00008  0.000731127  0.000477621  6.00008  
0.805828  1.87702  5.07769  0.805828  1.87702  5.07769  
1.99618  1.68833  0.150001  1.99618  1.68833  0.150001  
1.40188  1.40477  3.97712  1.40188  1.40477  3.97712  
0.241511  3.0898  3.86224  0.241511  3.0898  3.86224  
0.000531315  4.00022  0.000219179  0.000531315  4.00022  0.000219179  
2.01459  0.154106  2.32022  2.01459  0.154106  2.32022  
1.40399  3.13268  0.156772  1.40722  3.13591  0.160001  
2.25  0.25  0.25  2.25  0.25  0.25  
1.54668  0.457334  4.80777  1.54668  0.457334  4.80777  
0.000731127  0.000477621  6.00008  0.000731127  0.000477621  6.00008  
0.805828  1.87702  5.07769  0.805828  1.87702  5.07769  
1.99618  1.68833  0.150001  1.99618  1.68833  0.150001  
1.40188  1.40477  3.97712  1.40188  1.40477  3.97712  
0.241511  3.0898  3.86224  0.244719  3.09301  3.86544  
0.000531315  4.00022  0.000219179  0.000531315  4.00022  0.000219179  
2.01459  0.154106  2.32022  2.01459  0.154106  2.32022  
1.40399  3.13268  0.156772  1.40399  3.13268  0.156772  
2.25  0.25  0.25  2.25  0.25  0.25  
1.54668  0.457334  4.80777  1.54668  0.457334  4.80777  
0.000731127  0.000477621  6.00008  0.000731127  0.000477621  6.00008  
0.805828  1.87702  5.07769  0.805828  1.87702  5.07769  
1.99618  1.68833  0.150001  1.99618  1.68833  0.150001  
1.40188  1.40477  3.97712  1.40188  1.40477  3.97712  
0.241511  3.0898  3.86224  0.241511  3.0898  3.86224  
0.000531315  4.00022  0.000219179  0.000531315  4.00022  0.000219179  
2.01459  0.154106  2.32022  2.01459  0.154106  2.32022  
1.40399  3.13268  0.156772  1.40613  3.13482  0.158911  
2.25  0.25  0.25  2.25  0.25  0.25  
1.54668  0.457334  4.80777  1.54668  0.457334  4.80777  
0.000731127  0.000477621  6.00008  0.0122303  0.0119768  6.01158  
0.805828  1.87702  5.07769  0.805828  1.87702  5.07769  
1.99618  1.68833  0.150001  1.99618  1.68833  0.150001  
1.40188  1.40477  3.97712  1.40188  1.40477  3.97712  
0.241511  3.0898  3.86224  0.241511  3.0898  3.86224  
0.000531315  4.00022  0.000219179  0.000531315  4.00022  0.000219179  
2.01459  0.154106  2.32022  2.01459  0.154106  2.32022  
1.40399  3.13268  0.156772  1.40399  3.13268  0.156772  
2.25  0.25  0.25  2.25  0.25  0.25  
1.54668  0.457334  4.80777  1.54668  0.457334  4.80777  
0.000731127  0.000477621  6.00008  0.0071426  0.00688909  6.00649  
0.805828  1.87702  5.07769  0.805828  1.87702  5.07769  
1.99618  1.68833  0.150001  1.99618  1.68833  0.150001  
1.40188  1.40477  3.97712  1.40188  1.40477  3.97712  
0.241511  3.0898  3.86224  0.241511  3.0898  3.86224  
0.000531315  4.00022  0.000219179  0.000531315  4.00022  0.000219179  
2.01459  0.154106  2.32022  2.01459  0.154106  2.32022  
1.40399  3.13268  0.156772  1.40399  3.13268  0.156772  
2.25  0.25  0.25  2.25  0.25  0.25  
1.54668  0.457334  4.80777  1.56712  0.451694  4.84055  
0.000731127  0.000477621  6.00008  0.000731127  0.000477621  6.00008  
0.805828  1.87702  5.07769  0.805828  1.87702  5.07769  
1.99618  1.68833  0.150001  1.99618  1.68833  0.150001  
1.40188  1.40477  3.97712  1.40188  1.40477  3.97712  
0.241511  3.0898  3.86224  0.241511  3.0898  3.86224  
0.000531315  4.00022  0.000219179  0.000531315  4.00022  0.000219179  
2.01459  0.154106  2.32022  2.01459  0.154106  2.32022  
1.40399  3.13268  0.156772  1.40399  3.13268  0.156772  
2.25  0.25  0.25  2.25  0.25  0.25  
1.54668  0.457334  4.80777  1.54668  0.457334  4.80777  
0.000731127  0.000477621  6.00008  0.000731127  0.000477621  6.00008  
0.805828  1.87702  5.07769  0.805828  1.87702  5.07769  
1.99618  1.68833  0.150001  1.99618  1.68833  0.150001  
1.40188  1.40477  3.97712  1.40188  1.40477  3.97712  
0.241511  3.0898  3.86224  0.241511  3.0898  3.86224  
0.000531315  4.00022  0.000219179  0.000531315  4.00022  0.000219179  
2.01459  0.154106  2.32022  2.01459  0.154106  2.32022  
1.40399  3.13268  0.156772  1.40399  3.13268  0.156772  
2.25  0.25  0.25  2.25119  0.251189  0.251302  
1.54668  0.457334  4.80777  1.54668  0.457334  4.80777  
0.000731127  0.000477621  6.00008  0.000731127  0.000477621  6.00008  
0.805828  1.87702  5.07769  0.805828  1.87702  5.07769  
1.99618  1.68833  0.150001  1.99618  1.68833  0.150001  
1.40188  1.40477  3.97712  1.40188  1.40477  3.97712  
0.241511  3.0898  3.86224  0.241511  3.0898  3.86224  
0.000531315  4.00022  0.000219179  0.000531315  4.00022  0.000219179  
2.01459  0.154106  2.32022  2.01459  0.154106  2.32022  
1.40399  3.13268  0.156772  1.40399  3.13268  0.156772  
2.25  0.25  0.25  2.25  0.25  0.25  
1.54668  0.457334  4.80777  1.54668  0.457334  4.80777  
0.000731127  0.000477621  6.00008  0.000731127  0.000477621  6.00008  
0.805828  1.87702  5.07769  0.805828  1.87702  5.07769  
1.99618  1.68833  0.150001  1.99618  1.68833  0.150001  
1.40188  1.40477  3.97712  1.40188  1.40477  3.97712  
0.241511  3.0898  3.86224  0.241511  3.0898  3.86224  
0.000531315  4.00022  0.000219179  0.000531315  4.00022  0.000219179  
2.01459  0.154106  2.32022  2.01459  0.154106  2.32022  
1.40399  3.13268  0.156772  1.40399  3.13268  0.156772  
1.5917  1.1091  3.84606  
0.948356  2.70031  3.44277  
0.872842  3.18315  2.7405  
1.79664  1.19791  2.9861  
0.0104819  3.92521  1.24267  
1.72183  2.611  0.14652  
1.09112  2.99147  2.75819  
1.7786  2.38395  0.127284  
1.92128  1.9186  0.131897  
1.86519  2.09668  0.125037  
1.962  1.78473  0.139097  
2.13609  0.915529  0.171035  
1.83531  1.41386  2.71306  
0.96538  1.18216  5.05084  
2.00107  1.54701  0.130643  
2.06935  1.2664  0.148977  
1.69161  0.846776  3.59144  
2.02785  1.45645  0.139373  
0.978109  1.69035  4.63975  
1.75985  1.91849  2.66481  
1.15077  0.666432  5.06519  
0.715367  0.727918  5.556  
1.6807  2.72793  0.151157  
0.734736  2.25147  4.52012  
1.0432  3.3141  1.87078  
0.984446  3.71804  0.115397  
0.745346  2.4874  4.19482  
1.16362  3.49116  0.101647  
0.229455  1.48436  5.70576  
0.965954  2.39023  3.85895  
0.232215  2.26502  5.02076  
0.496494  2.52597  4.56946  
1.24074  1.7443  4.21715  
0.514494  3.94278  0.0514589  
1.55375  0.191438  4.2212  
0.24996  2.00942  5.26942  
1.20381  2.17145  3.88358  
0.236439  3.10187  3.82538  
0.239938  1.74856  5.50714  
1.82389  0.164082  3.44627  
1.2096  1.22342  4.61617  
0.242165  2.91996  4.14718  
1.87615  0.272667  3.2054  
0.950555  2.20266  4.15917  
0.497212  2.72985  4.22895  
0.473948  2.93686  3.92212  
0.726215  2.86708  3.62468  
0.734714  2.69492  3.91911  
1.42454  2.11857  3.55223  
0.401019  3.81298  1.60531  
0.753634  3.77502  1.1084  
1.16669  2.81517  2.97947  
0.761218  1.77865  4.9034  
1.65316  0.413151  3.94155  
1.32697  0.182192  4.87  
0.93202  0.698025  5.35938  
0.987175  3.53083  1.18721  
0.677456  3.23413  3.00131  
1.95624  0.154392  2.7355  
0.725193  1.21465  5.32963  
1.14184  3.29563  1.34517  
0.880617  3.3247  2.43726  
1.11255  3.13117  2.39253  
2.15029  0.150291  0.150291  
0.844095  3.75079  0.284688  
1.25653  3.01824  1.83814  
1.75997  0.184129  3.72166  
0.631104  3.58134  1.90274  
1.55573  2.83543  0.635082  
1.60817  2.29494  2.73178  
1.39861  2.31832  3.2652  
1.44452  0.206124  4.53939  
1.11307  0.178709  5.34884  
1.29298  3.3153  0.153628  
0.481931  0.907546  5.77869  
0.203863  3.70319  2.26572  
1.36766  2.63291  2.39396  
1.18316  2.44027  3.65446  
1.3605  0.907256  4.53589  
0.213737  3.61808  2.55379  
0.248801  2.50428  4.75631  
0.479564  3.11984  3.59913  
1.58648  1.92901  3.2059  
0.818002  0.160576  5.68043  
0.247093  2.72751  4.46343  
1.32302  2.80979  2.15992  
1.35814  1.1313  4.2942  
0.458513  3.43901  2.75097  
0.226515  3.39588  3.16769  
1.4892  2.97869  0.156838  
2.07596  0.480796  1.81634  
1.57033  1.5722  3.56964  
0.000731271  0.000471855  6.00006  
0.000531276  4.00022  0.000217045  
1.41431  1.61333  3.76869  
2.04279  0.293826  2.10134  
1.9927  0.155186  2.49156  
1.44314  3.06255  0.299026  
1.36799  1.37081  4.11487  
1.40399  3.13268  0.156772  
2.25  0.25  0.25  2.25  0.25  0.25  
1.54667  0.457329  4.80777  1.54667  0.457329  4.80777  
0.000731067  0.000477561  6.00008  0.000731067  0.000477561  6.00008  
0.805729  1.87685  5.0777  0.805729  1.87685  5.0777  
1.99618  1.68833  0.150001  1.99618  1.68833  0.150001  
1.40188  1.40477  3.97712  1.40188  1.40477  3.97712  
0.2415  3.08979  3.8622  0.2415  3.08979  3.8622  
0.000531314  4.00022  0.000219178  0.000531314  4.00022  0.000219178  
2.01459  0.154106  2.32022  2.01459  0.154106  2.32022  
1.40402  3.13263  0.156773  1.40402  3.13263  0.156773  
2.25  0.25  0.25  2.25  0.25  0.25  
1.54667  0.457329  4.80777  1.54667  0.457329  4.80777  
0.000731067  0.000477561  6.00008  0.000731067  0.000477561  6.00008  
0.805729  1.87685  5.0777  0.805729  1.87685  5.0777  
1.99618  1.68833  0.150001  1.99618  1.68833  0.150001  
1.40188  1.40477  3.97712  1.40188  1.40477  3.97712  
0.2415  3.08979  3.8622  0.2415  3.08979  3.8622  
0.000531314  4.00022  0.000219178  0.000531314  4.00022  0.000219178  
2.01459  0.154106  2.32022  2.01459  0.154106  2.32022  
1.40402  3.13263  0.156773  1.40402  3.13263  0.156773  
2.25  0.25  0.25  2.25  0.25  0.25  
1.54667  0.457329  4.80777  1.54667  0.457329  4.80777  
0.000731067  0.000477561  6.00008  0.000731067  0.000477561  6.00008  
0.805729  1.87685  5.0777  0.805729  1.87685  5.0777  
1.99618  1.68833  0.150001  1.99618  1.68833  0.150001  
1.40188  1.40477  3.97712  1.40188  1.40477  3.97712  
0.2415  3.08979  3.8622  0.2415  3.08979  3.8622  
0.000531314  4.00022  0.000219178  0.000531314  4.00022  0.000219178  
2.01459  0.154106  2.32022  2.01533  0.154854  2.32097  
1.40402  3.13263  0.156773  1.40402  3.13263  0.156773  
2.25  0.25  0.25  2.25  0.25  0.25  
1.54667  0.457329  4.80777  1.54667  0.457329  4.80777  
0.000731067  0.000477561  6.00008  0.000731067  0.000477561  6.00008  
0.805729  1.87685  5.0777  0.805729  1.87685  5.0777  
1.99618  1.68833  0.150001  1.99618  1.68833  0.150001  
1.40188  1.40477  3.97712  1.40188  1.40477  3.97712  
0.2415  3.08979  3.8622  0.243681  3.10431  3.83919  
0.000531314  4.00022  0.000219178  0.000531314  4.00022  0.000219178  
2.01459  0.154106  2.32022  2.01459  0.154106  2.32022  
1.40402  3.13263  0.156773  1.40402  3.13263  0.156773  
2.25  0.25  0.25  2.25  0.25  0.25  
1.54667  0.457329  4.80777  1.54667  0.457329  4.80777  
0.000731067  0.000477561  6.00008  0.000731067  0.000477561  6.00008  
0.805729  1.87685  5.0777  0.805729  1.87685  5.0777  
1.99618  1.68833  0.150001  1.99618  1.68833  0.150001  
1.40188  1.40477  3.97712  1.40188  1.40477  3.97712  
0.2415  3.08979  3.8622  0.2415  3.08979  3.8622  
0.000531314  4.00022  0.000219178  0.000531314  4.00022  0.000219178  
2.01459  0.154106  2.32022  2.01459  0.154106  2.32022  
1.40402  3.13263  0.156773  1.40402  3.13263  0.156773  
2.25  0.25  0.25  2.25  0.25  0.25  
1.54667  0.457329  4.80777  1.54667  0.457329  4.80777  
0.000731067  0.000477561  6.00008  0.000731067  0.000477561  6.00008  
0.805729  1.87685  5.0777  0.805729  1.87685  5.0777  
1.99618  1.68833  0.150001  1.99618  1.68833  0.150001  
1.40188  1.40477  3.97712  1.40188  1.40477  3.97712  
0.2415  3.08979  3.8622  0.24207  3.09036  3.86277  
0.000531314  4.00022  0.000219178  0.000531314  4.00022  0.000219178  
2.01459  0.154106  2.32022  2.01459  0.154106  2.32022  
1.40402  3.13263  0.156773  1.40402  3.13263  0.156773  
2.25  0.25  0.25  2.25306  0.253065  0.253065  
1.54667  0.457329  4.80777  1.54667  0.457329  4.80777  
0.000731067  0.000477561  6.00008  0.000731067  0.000477561  6.00008  
0.805729  1.87685  5.0777  0.805729  1.87685  5.0777  
1.99618  1.68833  0.150001  1.99618  1.68833  0.150001  
1.40188  1.40477  3.97712  1.40188  1.40477  3.97712  
0.2415  3.08979  3.8622  0.2415  3.08979  3.8622  
0.000531314  4.00022  0.000219178  0.000531314  4.00022  0.000219178  
2.01459  0.154106  2.32022  2.01459  0.154106  2.32022  
1.40402  3.13263  0.156773  1.40402  3.13263  0.156773  
2.25  0.25  0.25  2.25  0.25  0.25  
1.54667  0.457329  4.80777  1.54667  0.457329  4.80777  
0.000731067  0.000477561  6.00008  0.000731067  0.000477561  6.00008  
0.805729  1.87685  5.0777  0.805729  1.87685  5.0777  
1.99618  1.68833  0.150001  1.99618  1.68833  0.150001  
1.40188  1.40477  3.97712  1.40188  1.40477  3.97712  
0.2415  3.08979  3.8622  0.2415  3.08979  3.8622  
0.000531314  4.00022  0.000219178  0.000531314  4.00022  0.000219178  
2.01459  0.154106  2.32022  2.01459  0.154106  2.32022  
1.40402  3.13263  0.156773  1.40402  3.13263  0.156773  
2.25  0.25  0.25  2.25  0.25  0.25  
1.54667  0.457329  4.80777  1.54667  0.457329  4.80777  
0.000731067  0.000477561  6.00008  0.000731067  0.000477561  6.00008  
0.805729  1.87685  5.0777  0.805729  1.87685  5.0777  
1.99618  1.68833  0.150001  1.99618  1.68833  0.150001  
1.40188  1.40477  3.97712  1.40188  1.40477  3.97712  
0.2415  3.08979  3.8622  0.2415  3.08979  3.8622  
0.000531314  4.00022  0.000219178  0.000531314  4.00022  0.000219178  
2.01459  0.154106  2.32022  2.01503  0.15455  2.32067  
1.40402  3.13263  0.156773  1.40402  3.13263  0.156773  
2.25  0.25  0.25  2.25  0.25  0.25  
1.54667  0.457329  4.80777  1.54667  0.457329  4.80777  
0.000731067  0.000477561  6.00008  0.000731067  0.000477561  6.00008  
0.805729  1.87685  5.0777  0.805729  1.87685  5.0777  
1.99618  1.68833  0.150001  1.99618  1.68833  0.150001  
1.40188  1.40477  3.97712  1.40188  1.40477  3.97712  
0.2415  3.08979  3.8622  0.2415  3.08979  3.8622  
0.000531314  4.00022  0.000219178  0.000531314  4.00022  0.000219178  
2.01459  0.154106  2.32022  2.01459  0.154106  2.32022  
1.40402  3.13263  0.156773  1.40402  3.13263  0.156773  
1.5917  1.1091  3.84606  
0.948356  2.70031  3.44277  
0.872842  3.18315  2.7405  
1.79664  1.19791  2.9861  
0.0104819  3.92521  1.24267  
1.72183  2.611  0.14652  
1.09112  2.99147  2.75819  
1.7786  2.38395  0.127284  
1.92128  1.9186  0.131897  
1.86519  2.09668  0.125037  
1.962  1.78473  0.139097  
2.13609  0.915529  0.171035  
1.83531  1.41386  2.71306  
0.96538  1.18216  5.05084  
2.00107  1.54701  0.130643  
2.06935  1.2664  0.148977  
1.69161  0.846776  3.59144  
2.02785  1.45645  0.139373  
0.978109  1.69035  4.63975  
1.75985  1.91849  2.66481  
1.15077  0.666432  5.06519  
0.715367  0.727918  5.556  
1.6807  2.72793  0.151157  
0.734736  2.25147  4.52012  
1.0432  3.3141  1.87078  
0.984446  3.71804  0.115397  
0.745346  2.4874  4.19482  
1.16362  3.49116  0.101647  
0.229455  1.48436  5.70576  
0.965954  2.39023  3.85895  
0.232215  2.26502  5.02076  
0.496494  2.52597  4.56946  
1.24074  1.7443  4.21715  
0.514494  3.94278  0.0514589  
1.55375  0.191438  4.2212  
0.24996  2.00942  5.26942  
1.20381  2.17145  3.88358  
0.236439  3.10187  3.82538  
0.239938  1.74856  5.50714  
1.82389  0.164082  3.44627  
1.2096  1.22342  4.61617  
0.242165  2.91996  4.14718  
1.87615  0.272667  3.2054  
0.950555  2.20266  4.15917  
0.497212  2.72985  4.22895  
0.473948  2.93686  3.92212  
0.726215  2.86708  3.62468  
0.734714  2.69492  3.91911  
1.42454  2.11857  3.55223  
0.401019  3.81298  1.60531  
0.753634  3.77502  1.1084  
1.16669  2.81517  2.97947  
0.761218  1.77865  4.9034  
1.65316  0.413151  3.94155  
1.32697  0.182192  4.87  
0.93202  0.698025  5.35938  
0.987175  3.53083  1.18721  
0.677456  3.23413  3.00131  
1.95624  0.154392  2.7355  
0.725193  1.21465  5.32963  
1.14184  3.29563  1.34517  
0.880617  3.3247  2.43726  
1.11255  3.13117  2.39253  
2.15029  0.150291  0.150291  
0.844095  3.75079  0.284688  
1.25653  3.01824  1.83814  
1.75997  0.184129  3.72166  
0.631104  3.58134  1.90274  
1.55573  2.83543  0.635082  
1.60817  2.29494  2.73178  
1.39861  2.31832  3.2652  
1.44452  0.206124  4.53939  
1.11307  0.178709  5.34884  
1.29298  3.3153  0.153628  
0.481931  0.907546  5.77869  
0.203863  3.70319  2.26572  
1.36766  2.63291  2.39396  
1.18316  2.44027  3.65446  
1.3605  0.907256  4.53589  
0.213737  3.61808  2.55379  
0.248801  2.50428  4.75631  
0.479564  3.11984  3.59913  
1.58648  1.92901  3.2059  
0.818002  0.160576  5.68043  
0.247093  2.72751  4.46343  
1.32302  2.80979  2.15992  
1.35814  1.1313  4.2942  
0.458513  3.43901  2.75097  
0.226515  3.39588  3.16769  
1.4892  2.97869  0.156838  
2.07596  0.480796  1.81634  
1.57033  1.5722  3.56964  
0.000731271  0.000471855  6.00006  
0.000531276  4.00022  0.000217045  
1.41431  1.61333  3.76869  
2.04279  0.293826  2.10134  
1.44314  3.06255  0.299026  
1.36795  1.37077  4.11092  
1.99155  0.154119  2.49109  
1.383  3.17346  0.158713  
2.25  0.25  0.25  2.25  0.25  0.25  
1.54667  0.457327  4.80777  1.54667  0.457327  4.80777  
0.000731067  0.000477561  6.00008  0.000731067  0.000477561  6.00008  
0.804397  1.8794  5.07788  0.804397  1.8794  5.07788  
1.9962  1.68826  0.150001  1.9962  1.68826  0.150001  
1.40188  1.40477  3.97712  1.40188  1.40477  3.97712  
0.241507  3.08978  3.8622  0.241507  3.08978  3.8622  
0.000531314  4.00022  0.000219178  0.000531314  4.00022  0.000219178  
2.01459  0.154106  2.32022  2.01459  0.154106  2.32022  
1.40405  3.13257  0.156774  1.40405  3.13257  0.156774  
2.25  0.25  0.25  2.25  0.25  0.25  
1.54667  0.457327  4.80777  1.54667  0.457327  4.80777  
0.000731067  0.000477561  6.00008  0.000731067  0.000477561  6.00008  
0.804397  1.8794  5.07788  0.804397  1.8794  5.07788  
1.9962  1.68826  0.150001  1.9962  1.68826  0.150001  
1.40188  1.40477  3.97712  1.40188  1.40477  3.97712  
0.241507  3.08978  3.8622  0.241507  3.08978  3.8622  
0.000531314  4.00022  0.000219178  0.000531314  4.00022  0.000219178  
2.01459  0.154106  2.32022  2.01459  0.154106  2.32022  
1.40405  3.13257  0.156774  1.40405  3.13257  0.156774  
2.25  0.25  0.25  2.25  0.25  0.25  
1.54667  0.457327  4.80777  1.54667  0.457327  4.80777  
0.000731067  0.000477561  6.00008  0.000731067  0.000477561  6.00008  
0.804397  1.8794  5.07788  0.804397  1.8794  5.07788  
1.9962  1.68826  0.150001  1.9962  1.68826  0.150001  
1.40188  1.40477  3.97712  1.40188  1.40477  3.97712  
0.241507  3.08978  3.8622  0.241507  3.08978  3.8622  
0.000531314  4.00022  0.000219178  0.000531314  4.00022  0.000219178  
2.01459  0.154106  2.32022  2.01459  0.154106  2.32022  
1.40405  3.13257  0.156774  1.40405  3.13257  0.156774  
2.25  0.25  0.25  2.25  0.25  0.25  
1.54667  0.457327  4.80777  1.54667  0.457327  4.80777  
0.000731067  0.000477561  6.00008  0.000731067  0.000477561  6.00008  
0.804397  1.8794  5.07788  0.804397  1.8794  5.07788  
1.9962  1.68826  0.150001  1.99771  1.68978  0.151514  
1.40188  1.40477  3.97712  1.40188  1.40477  3.97712  
0.241507  3.08978  3.8622  0.241507  3.08978  3.8622  
0.000531314  4.00022  0.000219178  0.000531314  4.00022  0.000219178  
2.01459  0.154106  2.32022  2.01459  0.154106  2.32022  
1.40405  3.13257  0.156774  1.40405  3.13257  0.156774  
2.25  0.25  0.25  2.25  0.25  0.25  
1.54667  0.457327  4.80777  1.54667  0.457327  4.80777  
0.000731067  0.000477561  6.00008  0.000731067  0.000477561  6.00008  
0.804397  1.8794  5.07788  0.804397  1.8794  5.07788  
1.9962  1.68826  0.150001  1.9962  1.68826  0.150001  
1.40188  1.40477  3.97712  1.40188  1.40477  3.97712  
0.241507  3.08978  3.8622  0.241507  3.08978  3.8622  
0.000531314  4.00022  0.000219178  0.000531314  4.00022  0.000219178  
2.01459  0.154106  2.32022  2.01459  0.154106  2.32022  
1.40405  3.13257  0.156774  1.40405  3.13257  0.156774  
2.25  0.25  0.25  2.25  0.25  0.25  
1.54667  0.457327  4.80777  1.54667  0.457327  4.80777  
0.000731067  0.000477561  6.00008  0.000731067  0.000477561  6.00008  
0.804397  1.8794  5.07788  0.804397  1.8794  5.07788  
1.9962  1.68826  0.150001  1.9962  1.68826  0.150001  
1.40188  1.40477  3.97712  1.40713  1.41002  3.98237  
0.241507  3.08978  3.8622  0.241507  3.08978  3.8622  
0.000531314  4.00022  0.000219178  0.000531314  4.00022  0.000219178  
2.01459  0.154106  2.32022  2.01459  0.154106  2.32022  
1.40405  3.13257  0.156774  1.40405  3.13257  0.156774  
2.25  0.25  0.25  2.25  0.25  0.25  
1.54667  0.457327  4.80777  1.54667  0.457327  4.80777  
0.000731067  0.000477561  6.00008  0.000731067  0.000477561  6.00008  
0.804397  1.8794  5.07788  0.804397  1.8794  5.07788  
1.9962  1.68826  0.150001  1.9962  1.68826  0.150001  
1.40188  1.40477  3.97712  1.40188  1.40477  3.97712  
0.241507  3.08978  3.8622  0.241507  3.08978  3.8622  
0.000531314  4.00022  0.000219178  0.000531314  4.00022  0.000219178  
2.01459  0.154106  2.32022  2.01459  0.154106  2.32022  
1.40405  3.13257  0.156774  1.40405  3.13257  0.156774  
2.25  0.25  0.25  2.25  0.25  0.25  
1.54667  0.457327  4.80777  1.54667  0.457327  4.80777  
0.000731067  0.000477561  6.00008  0.000731067  0.000477561  6.00008  
0.804397  1.8794  5.07788  0.804397  1.8794  5.07788  
1.9962  1.68826  0.150001  1.9962  1.68826  0.150001  
1.40188  1.40477  3.97712  1.40188  1.40477  3.97712  
0.241507  3.08978  3.8622  0.241507  3.08978  3.8622  
0.000531314  4.00022  0.000219178  0.000531314  4.00022  0.000219178  
2.01459  0.154106  2.32022  2.01459  0.154106  2.32022  
1.40405  3.13257  0.156774  1.40405  3.13257  0.156774  
2.25  0.25  0.25  2.25  0.25  0.25  
1.54667  0.457327  4.80777  1.54667  0.457327  4.80777  
0.000731067  0.000477561  6.00008  0.000731067  0.000477561  6.00008  
0.804397  1.8794  5.07788  0.804397  1.8794  5.07788  
1.9962  1.68826  0.150001  1.9962  1.68826  0.150001  
1.40188  1.40477  3.97712  1.40188  1.40477  3.97712  
0.241507  3.08978  3.8622  0.241507  3.08978  3.8622  
0.000531314  4.00022  0.000219178  0.00436238  4.00405  0.00405025  
2.01459  0.154106  2.32022  2.01459  0.154106  2.32022  
1.40405  3.13257  0.156774  1.40405  3.13257  0.156774  
2.25  0.25  0.25  2.25  0.25  0.25  
1.54667  0.457327  4.80777  1.54667  0.457327  4.80777  
0.000731067  0.000477561  6.00008  0.000731067  0.000477561  6.00008  
0.804397  1.8794  5.07788  0.804397  1.8794  5.07788  
1.9962  1.68826  0.150001  1.9962  1.68826  0.150001  
1.40188  1.40477  3.97712  1.40188  1.40477  3.97712  
0.241507  3.08978  3.8622  0.241507  3.08978  3.8622  
0.000531314  4.00022  0.000219178  0.000531314  4.00022  0.000219178  
2.01459  0.154106  2.32022  2.01459  0.154106  2.32022  
1.40405  3.13257  0.156774  1.40405  3.13257  0.156774  
1.5917  1.1091  3.84606  
0.948356  2.70031  3.44277  
0.872842  3.18315  2.7405  
1.79664  1.19791  2.9861  
0.0104819  3.92521  1.24267  
1.72183  2.611  0.14652  
1.09112  2.99147  2.75819  
1.7786  2.38395  0.127284  
1.92128  1.9186  0.131897  
1.86519  2.09668  0.125037  
1.962  1.78473  0.139097  
2.13609  0.915529  0.171035  
1.83531  1.41386  2.71306  
0.96538  1.18216  5.05084  
2.00107  1.54701  0.130643  
2.06935  1.2664  0.148977  
1.69161  0.846776  3.59144  
2.02785  1.45645  0.139373  
0.978109  1.69035  4.63975  
1.75985  1.91849  2.66481  
1.15077  0.666432  5.06519  
0.715367  0.727918  5.556  
1.6807  2.72793  0.151157  
0.734736  2.25147  4.52012  
1.0432  3.3141  1.87078  
0.984446  3.71804  0.115397  
0.745346  2.4874  4.19482  
1.16362  3.49116  0.101647  
0.229455  1.48436  5.70576  
0.965954  2.39023  3.85895  
0.232215  2.26502  5.02076  
0.496494  2.52597  4.56946  
1.24074  1.7443  4.21715  
0.514494  3.94278  0.0514589  
1.55375  0.191438  4.2212  
0.24996  2.00942  5.26942  
1.20381  2.17145  3.88358  
0.236439  3.10187  3.82538  
0.239938  1.74856  5.50714  
1.82389  0.164082  3.44627  
1.2096  1.22342  4.61617  
0.242165  2.91996  4.14718  
1.87615  0.272667  3.2054  
0.950555  2.20266  4.15917  
0.497212  2.72985  4.22895  
0.473948  2.93686  3.92212  
0.726215  2.86708  3.62468  
0.734714  2.69492  3.91911  
1.42454  2.11857  3.55223  
0.401019  3.81298  1.60531  
0.753634  3.77502  1.1084  
1.16669  2.81517  2.97947  
0.761218  1.77865  4.9034  
1.65316  0.413151  3.94155  
1.32697  0.182192  4.87  
0.93202  0.698025  5.35938  
0.987175  3.53083  1.18721  
0.677456  3.23413  3.00131  
1.95624  0.154392  2.7355  
0.725193  1.21465  5.32963  
1.14184  3.29563  1.34517  
0.880617  3.3247  2.43726  
1.11255  3.13117  2.39253  
2.15029  0.150291  0.150291  
0.844095  3.75079  0.284688  
1.25653  3.01824  1.83814  
1.75997  0.184129  3.72166  
0.631104  3.58134  1.90274  
1.55573  2.83543  0.635082  
1.60817  2.29494  2.73178  
1.39861  2.31832  3.2652  
1.44452  0.206124  4.53939  
1.11307  0.178709  5.34884  
1.29298  3.3153  0.153628  
0.481931  0.907546  5.77869  
0.203863  3.70319  2.26572  
1.36766  2.63291  2.39396  
1.18316  2.44027  3.65446  
1.3605  0.907256  4.53589  
0.213737  3.61808  2.55379  
0.248801  2.50428  4.75631  
0.479564  3.11984  3.59913  
1.58648  1.92901  3.2059  
0.818002  0.160576  5.68043  
0.247093  2.72751  4.46343  
1.32302  2.80979  2.15992  
1.35814  1.1313  4.2942  
0.458513  3.43901  2.75097  
0.226515  3.39588  3.16769  
1.4892  2.97869  0.156838  
2.07596  0.480796  1.81634  
1.57033  1.5722  3.56964  
0.000731271  0.000471855  6.00006  
0.000531276  4.00022  0.000217045  
1.41431  1.61333  3.76869  
2.04279  0.293826  2.10134  
1.36795  1.37077  4.11092  
1.99155  0.154119  2.49109  
1.44216  3.06518  0.289008  
1.40405  3.13257  0.156774  
2.25  0.25  0.25  2.25  0.25  0.25  
1.54667  0.457322  4.80776  1.54667  0.457322  4.80776  
0.000731067  0.000477561  6.00008  0.000731067  0.000477561  6.00008  
0.803212  1.87544  5.08295  0.803212  1.87544  5.08295  
1.9962  1.68823  0.150001  1.9962  1.68823  0.150001  
1.40188  1.40477  3.97712  1.40188  1.40477  3.97712  
0.241505  3.08978  3.8622  0.241505  3.08978  3.8622  
0.000526833  4.00021  0.000214249  0.000526833  4.00021  0.000214249  
2.01459  0.154106  2.32022  2.01459  0.154106  2.32022  
1.40405  3.13257  0.156721  1.40405  3.13257  0.156721  
2.25  0.25  0.25  2.25  0.25  0.25  
1.54667  0.457322  4.80776  1.54667  0.457322  4.80776  
0.000731067  0.000477561  6.00008  0.000731067  0.000477561  6.00008  
0.803212  1.87544  5.08295  0.803212  1.87544  5.08295  
1.9962  1.68823  0.150001  1.9962  1.68823  0.150001  
1.40188  1.40477  3.97712  1.4172  1.4201  3.99244  
0.241505  3.08978  3.8622  0.241505  3.08978  3.8622  
0.000526833  4.00021  0.000214249  0.000526833  4.00021  0.000214249  
2.01459  0.154106  2.32022  2.01459  0.154106  2.32022  
1.40405  3.13257  0.156721  1.40405  3.13257  0.156721  
2.25  0.25  0.25  2.25  0.25  0.25  
1.54667  0.457322  4.80776  1.54667  0.457322  4.80776  
0.000731067  0.000477561  6.00008  0.000731067  0.000477561  6.00008  
0.803212  1.87544  5.08295  0.803212  1.87544  5.08295  
1.9962  1.68823  0.150001  1.9962  1.68823  0.150001  
1.40188  1.40477  3.97712  1.43679  1.38466  4.00119  
0.241505  3.08978  3.8622  0.241505  3.08978  3.8622  
0.000526833  4.00021  0.000214249  0.000526833  4.00021  0.000214249  
2.01459  0.154106  2.32022  2.01459  0.154106  2.32022  
1.40405  3.13257  0.156721  1.40405  3.13257  0.156721  
2.25  0.25  0.25  2.25  0.25  0.25  
1.54667  0.457322  4.80776  1.54667  0.457322  4.80776  
0.000731067  0.000477561  6.00008  0.000731067  0.000477561  6.00008  
0.803212  1.87544  5.08295  0.803212  1.87544  5.08295  
1.9962  1.68823  0.150001  1.9962  1.68823  0.150001  
1.40188  1.40477  3.97712  1.40188  1.40477  3.97712  
0.241505  3.08978  3.8622  0.241505  3.08978  3.8622  
0.000526833  4.00021  0.000214249  0.000526833  4.00021  0.000214249  
2.01459  0.154106  2.32022  2.01459  0.154106  2.32022  
1.40405  3.13257  0.156721  1.40405  3.13257  0.156721  
2.25  0.25  0.25  2.25  0.25  0.25  
1.54667  0.457322  4.80776  1.54667  0.457322  4.80776  
0.000731067  0.000477561  6.00008  0.000731067  0.000477561  6.00008  
0.803212  1.87544  5.08295  0.803212  1.87544  5.08295  
1.9962  1.68823  0.150001  1.9962  1.68823  0.150001  
1.40188  1.40477  3.97712  1.40188  1.40477  3.97712  
0.241505  3.08978  3.8622  0.241505  3.08978  3.8622  
0.000526833  4.00021  0.000214249  0.000526833  4.00021  0.000214249  
2.01459  0.154106  2.32022  2.01459  0.154106  2.32022  
1.40405  3.13257  0.156721  1.40405  3.13257  0.156721  
2.25  0.25  0.25  2.25  0.25  0.25  
1.54667  0.457322  4.80776  1.54667  0.457322  4.80776  
0.000731067  0.000477561  6.00008  0.000731067  0.000477561  6.00008  
0.803212  1.87544  5.08295  0.803212  1.87544  5.08295  
1.9962  1.68823  0.150001  1.9962  1.68823  0.150001  
1.40188  1.40477  3.97712  1.40188  1.40477  3.97712  
0.241505  3.08978  3.8622  0.241505  3.08978  3.8622  
0.000526833  4.00021  0.000214249  0.00134386  4.00103  0.00103127  
2.01459  0.154106  2.32022  2.01459  0.154106  2.32022  
1.40405  3.13257  0.156721  1.40405  3.13257  0.156721  
2.25  0.25  0.25  2.25  0.25  0.25  
1.54667  0.457322  4.80776  1.54667  0.457322  4.80776  
0.000731067  0.000477561  6.00008  0.000731067  0.000477561  6.00008  
0.803212  1.87544  5.08295  0.803212  1.87544  5.08295  
1.9962  1.68823  0.150001  1.9962  1.68823  0.150001  
1.40188  1.40477  3.97712  1.42178  1.42467  3.99702  
0.241505  3.08978  3.8622  0.241505  3.08978  3.8622  
0.000526833  4.00021  0.000214249  0.000526833  4.00021  0.000214249  
2.01459  0.154106  2.32022  2.01459  0.154106  2.32022  
1.40405  3.13257  0.156721  1.40405  3.13257  0.156721  
2.25  0.25  0.25  2.25  0.25  0.25  
1.54667  0.457322  4.80776  1.54667  0.457322  4.80776  
0.000731067  0.000477561  6.00008  0.000731067  0.000477561  6.00008  
0.803212  1.87544  5.08295  0.803212  1.87544  5.08295  
1.9962  1.68823  0.150001  1.9962  1.68823  0.150001  
1.40188  1.40477  3.97712  1.40188  1.40477  3.97712  
0.241505  3.08978  3.8622  0.241505  3.08978  3.8622  
0.000526833  4.00021  0.000214249  0.00594838  4.00564  0.0056358  
2.01459  0.154106  2.32022  2.01459  0.154106  2.32022  
1.40405  3.13257  0.156721  1.40405  3.13257  0.156721  
2.25  0.25  0.25  2.25  0.25  0.25  
1.54667  0.457322  4.80776  1.54667  0.457322  4.80776  
0.000731067  0.000477561  6.00008  0.000731067  0.000477561  6.00008  
0.803212  1.87544  5.08295  0.803212  1.87544  5.08295  
1.9962  1.68823  0.150001  2.00054  1.69257  0.154338  
1.40188  1.40477  3.97712  1.40188  1.40477  3.97712  
0.241505  3.08978  3.8622  0.241505  3.08978  3.8622  
0.000526833  4.00021  0.000214249  0.000526833  4.00021  0.000214249  
2.01459  0.154106  2.32022  2.01459  0.154106  2.32022  
1.40405  3.13257  0.156721  1.40405  3.13257  0.156721  
2.25  0.25  0.25  2.25  0.25  0.25  
1.54667  0.457322  4.80776  1.54667  0.457322  4.80776  
0.000731067  0.000477561  6.00008  0.000731067  0.000477561  6.00008  
0.803212  1.87544  5.08295  0.803212  1.87544  5.08295  
1.9962  1.68823  0.150001  1.9962  1.68823  0.150001  
1.40188  1.40477  3.97712  1.40188  1.40477  3.97712  
0.241505  3.08978  3.8622  0.241505  3.08978  3.8622  
0.000526833  4.00021  0.000214249  0.000526833  4.00021  0.000214249  
2.01459  0.154106  2.32022  2.01459  0.154106  2.32022  
1.40405  3.13257  0.156721  1.42768  3.15619  0.180347  
1.5917  1.1091  3.84606  
0.948356  2.70031  3.44277  
0.872842  3.18315  2.7405  
1.79664  1.19791  2.9861  
0.0104819  3.92521  1.24267  
1.72183  2.611  0.14652  
1.09112  2.99147  2.75819  
1.7786  2.38395  0.127284  
1.92128  1.9186  0.131897  
1.86519  2.09668  0.125037  
1.962  1.78473  0.139097  
2.13609  0.915529  0.171035  
1.83531  1.41386  2.71306  
0.96538  1.18216  5.05084  
2.00107  1.54701  0.130643  
2.06935  1.2664  0.148977  
1.69161  0.846776  3.59144  
2.02785  1.45645  0.139373  
0.978109  1.69035  4.63975  
1.75985  1.91849  2.66481  
1.15077  0.666432  5.06519  
0.715367  0.727918  5.556  
1.6807  2.72793  0.151157  
0.734736  2.25147  4.52012  
1.0432  3.3141  1.87078  
0.984446  3.71804  0.115397  
0.745346  2.4874  4.19482  
1.16362  3.49116  0.101647  
0.229455  1.48436  5.70576  
0.965954  2.39023  3.85895  
0.232215  2.26502  5.02076  
0.496494  2.52597  4.56946  
1.24074  1.7443  4.21715  
0.514494  3.94278  0.0514589  
1.55375  0.191438  4.2212  
0.24996  2.00942  5.26942  
1.20381  2.17145  3.88358  
0.236439  3.10187  3.82538  
0.239938  1.74856  5.50714  
1.82389  0.164082  3.44627  
1.2096  1.22342  4.61617  
0.242165  2.91996  4.14718  
1.87615  0.272667  3.2054  
0.950555  2.20266  4.15917  
0.497212  2.72985  4.22895  
0.473948  2.93686  3.92212  
0.726215  2.86708  3.62468  
0.734714  2.69492  3.91911  
1.42454  2.11857  3.55223  
0.401019  3.81298  1.60531  
0.753634  3.77502  1.1084  
1.16669  2.81517  2.97947  
0.761218  1.77865  4.9034  
1.65316  0.413151  3.94155  
1.32697  0.182192  4.87  
0.93202  0.698025  5.35938  
0.987175  3.53083  1.18721  
0.677456  3.23413  3.00131  
1.95624  0.154392  2.7355  
0.725193  1.21465  5.32963  
1.14184  3.29563  1.34517  
0.880617  3.3247  2.43726  
1.11255  3.13117  2.39253  
2.15029  0.150291  0.150291  
0.844095  3.75079  0.284688  
1.25653  3.01824  1.83814  
1.75997  0.184129  3.72166  
0.631104  3.58134  1.90274  
1.55573  2.83543  0.635082  
1.60817  2.29494  2.73178  
1.39861  2.31832  3.2652  
1.44452  0.206124  4.53939  
1.11307  0.178709  5.34884  
1.29298  3.3153  0.153628  
0.481931  0.907546  5.77869  
0.203863  3.70319  2.26572  
1.36766  2.63291  2.39396  
1.18316  2.44027  3.65446  
1.3605  0.907256  4.53589  
0.213737  3.61808  2.55379  
0.248801  2.50428  4.75631  
0.479564  3.11984  3.59913  
1.58648  1.92901  3.2059  
0.818002  0.160576  5.68043  
0.247093  2.72751  4.46343  
1.32302  2.80979  2.15992  
1.35814  1.1313  4.2942  
0.458513  3.43901  2.75097  
0.226515  3.39588  3.16769  
1.4892  2.97869  0.156838  
2.07596  0.480796  1.81634  
1.57033  1.5722  3.56964  
0.000731271  0.000471855  6.00006  
1.41431  1.61333  3.76869  
2.04279  0.293826  2.10134  
1.36795  1.37077  4.11092  
1.99155  0.154119  2.49109  
1.44167  3.06543  0.292271  
1.40405  3.13257  0.156721  
0.000526833  4.00021  0.000214249  
