2.00462  2.50701  1.44276  3.67421  
1.6295  3.74602  1.09961  4.0616  
1.87991  2.8324  1.57597  3.59527  
1.07258  3.92946  1.25321  3.93653  
1.68634  3.61334  1.07998  4.29003  
1.25007  4.01467  1.05852  4.05189  
1.6376  3.54667  1.58201  3.56979  
1.12888  4.01785  1.12384  3.94838  
1.69882  3.37665  1.74993  3.43664  
1.43816  3.90025  1.55772  3.87077  
2.16437  2.52997  0.95188  4.17822  
1.06308  4.13543  1.58449  3.40278  
1.0896  4.02578  1.25338  4.14862  
1.62274  3.45411  1.1224  4.06545  
1.91637  2.86103  1.44715  3.98257  
0.933881  4.10788  1.67054  3.22962  
1.90135  3.14486  1.65683  3.33411  
1.74813  3.09191  1.50457  3.71027  
1.05893  4.09643  1.69855  3.29524  
1.35676  3.83876  0.880262  4.30778  
1.62292  3.30082  1.10642  4.00012  
1.1802  3.80969  1.176  3.97196  
1.49245  3.44922  0.99159  4.10684  
0.8696  4.36422  1.24966  3.70396  
1.11179  3.8774  1.29575  3.86204  
1.46964  3.77776  1.47655  3.69484  
0.716152  4.14649  1.5348  3.40169  
1.38001  3.80276  1.52861  3.80783  
1.99914  2.78136  1.21282  4.16462  
1.50504  3.70477  1.17732  4.0361  
1.00483  3.98981  1.48659  3.77903  
1.30858  3.983  1.63777  3.42635  
1.51659  3.39871  1.18337  4.04605  
1.09515  4.16675  1.22985  4.03594  
1.06565  4.02734  1.75102  3.29184  
1.19488  4.02777  1.47913  3.70808  
2.0123  2.30843  1.49549  3.78155  
1.26276  3.86392  0.987037  4.25096  
1.58217  3.40665  0.982682  4.24931  
1.495  3.71789  1.40124  3.98704  
1.54014  3.86356  1.37465  3.88733  
0.85439  4.27617  1.72705  3.23847  
1.15044  3.97222  1.97971  2.76604  
1.99167  2.54403  1.18867  4.08693  
1.25303  3.95981  1.42958  3.78684  
1.07249  4.12666  1.5598  3.83563  
2.01667  2.61424  1.44893  3.79281  
1.51658  3.54193  1.08806  3.9589  
1.20462  3.86541  1.20332  4.0385  
1.52919  3.60468  1.75212  3.35312  
1.21554  3.9222  1.38941  3.55503  
1.1783  3.98032  1.15299  4.06479  
0.904176  4.08149  1.31424  3.85586  
1.68109  3.02449  1.19314  3.89237  
1.86982  2.93068  1.62853  3.31635  
1.06643  4.10364  1.46103  4.01758  
1.86315  3.39999  1.08755  4.12133  
1.67477  3.57793  0.912681  4.16407  
0.840042  4.34912  1.46584  3.67185  
2.24404  1.9162  1.09403  4.0275  
1.36375  3.72373  1.4278  3.85869  
1.27019  4.0006  1.43966  3.8332  
1.96212  2.42472  0.995371  4.1956  
1.84903  3.37604  1.91929  2.80304  
0.888499  4.1977  0.896429  4.20768  
1.67094  3.24366  1.20358  4.0005  
1.00286  4.21308  1.59632  3.46783  
1.58057  3.43731  1.5921  3.58576  
0.918804  4.21937  1.35046  3.94037  
1.28252  3.76891  1.07332  4.04361  
1.33283  3.94901  1.0607  4.11739  
1.26988  3.59321  1.14614  3.95538  
1.54899  3.73554  1.84226  3.07612  
0.972819  4.01497  1.86606  2.9895  
1.31615  4.01303  1.13954  4.05483  
1.28416  3.89045  1.08516  4.14393  
1.58469  3.50048  1.38036  3.86129  
1.21847  3.9262  1.59987  3.48828  
0.746977  4.26761  1.63956  3.44032  
1.97656  2.55551  1.51252  3.82395  
0.936889  4.0813  1.15428  4.06886  
1.41058  3.70549  1.1758  3.9114  
1.23256  4.14866  0.800211  4.25542  
1.34876  3.95255  1.40853  3.59251  
1.9227  3.19221  1.77349  3.12445  
1.36235  3.82317  1.54043  3.60597  
2.02823  2.67269  1.61171  3.54286  
1.71358  3.54455  1.4017  3.79621  
1.46759  3.73779  1.40793  3.98722  
1.28889  3.97766  1.67687  3.27001  
1.44189  3.71827  1.18585  4.03857  
0.849343  4.24236  0.979155  4.14597  
1.66292  3.48437  1.45634  3.86169  
0.800457  4.10965  1.89704  3.11482  
1.04091  4.05603  2.00998  2.80019  
1.50574  3.57116  1.69458  3.44977  
0.87175  4.09346  1.88927  2.79934  
1.31047  4.00047  1.36273  3.65741  
2.06495  2.6509  1.33478  3.83516  
1.07371  3.92807  1.27005  3.71594  
0.800457  4.10965  
0.87175  4.09346  
1.07371  3.92807  
0.904176  4.08149  
1.68109  3.02449  
1.86982  2.93068  
2.24404  1.9162  
1.62292  3.30082  
1.1802  3.80969  
1.49245  3.44922  
1.11179  3.8774  
0.716152  4.14649  
1.67054  3.22962  
1.24966  3.70396  
1.38941  3.55503  
1.26988  3.59321  
0.972819  4.01497  
1.87991  2.8324  
1.07258  3.92946  
1.96212  2.42472  
1.86606  2.9895  
0.936889  4.0813  
1.88927  2.79934  
1.00483  3.98981  
1.51659  3.39871  
2.0123  2.30843  
0.716152  4.14649  
1.38001  3.80276  
1.99914  2.78136  
1.50504  3.70477  
1.44276  3.67421  
1.09961  4.0616  
1.57597  3.59527  
1.25321  3.93653  
1.07998  4.29003  
1.05852  4.05189  
1.58201  3.56979  
1.12384  3.94838  
1.74993  3.43664  
1.55772  3.87077  
0.95188  4.17822  
1.58449  3.40278  
1.25338  4.14862  
1.1224  4.06545  
1.44715  3.98257  
1.67054  3.22962  
1.65683  3.33411  
1.50457  3.71027  
1.69855  3.29524  
0.880262  4.30778  
1.54014  3.86356  
0.85439  4.27617  
1.15044  3.97222  
1.99167  2.54403  
1.25303  3.95981  
1.07249  4.12666  
2.01667  2.61424  
1.51658  3.54193  
1.20462  3.86541  
1.52919  3.60468  
1.10642  4.00012  
1.176  3.97196  
0.99159  4.10684  
1.24966  3.70396  
1.29575  3.86204  
1.47655  3.69484  
1.5348  3.40169  
1.52861  3.80783  
1.21282  4.16462  
1.17732  4.0361  
1.48659  3.77903  
1.63777  3.42635  
1.18337  4.04605  
1.22985  4.03594  
1.75102  3.29184  
1.47913  3.70808  
1.49549  3.78155  
0.987037  4.25096  
0.982682  4.24931  
1.40124  3.98704  
2.16437  2.52997  
1.06308  4.13543  
1.0896  4.02578  
1.62274  3.45411  
1.91637  2.86103  
0.933881  4.10788  
1.90135  3.14486  
1.74813  3.09191  
1.05893  4.09643  
1.35676  3.83876  
1.37465  3.88733  
1.72705  3.23847  
1.97971  2.76604  
1.18867  4.08693  
1.42958  3.78684  
1.5598  3.83563  
1.44893  3.79281  
1.08806  3.9589  
1.20332  4.0385  
1.75212  3.35312  
0.880665  3.94034  0.880665  3.94034  
2.16367  0.952058  2.16367  0.952058  
1.89741  1.74801  1.89741  1.74801  
1.13963  3.61025  1.141  3.61162  
2.10061  1.58371  2.10061  1.58371  
1.53183  2.90412  1.53183  2.90412  
1.70574  2.81721  1.70574  2.81721  
0.162135  4.16213  0.162135  4.16213  
1.80155  2.64271  1.80155  2.64271  
1.41042  3.37603  1.41042  3.37603  
1.44575  3.14797  1.44575  3.14797  
1.93574  2.22631  1.93574  2.22631  
1.28978  3.51006  1.27748  3.49775  
0.960811  3.84491  0.960811  3.84491  
1.68301  2.46417  1.68301  2.46417  
1.90134  2.3952  1.90134  2.3952  
0.12523  4.12523  0.12523  4.12523  
2.13237  0.132371  2.13237  0.132371  
1.2481  3.72373  1.2481  3.72373  
2.0111  1.73469  2.0111  1.73469  
2.03418  1.76937  2.03418  1.76937  
1.2563  3.74177  1.2563  3.74177  
1.95833  1.9608  1.95833  1.9608  
1.69941  2.54477  1.69941  2.54477  
2.08484  0.0848619  2.08087  0.336985  
0.15105  4.15105  0.15105  4.15105  
1.34186  3.44887  1.34186  3.44887  
1.87094  2.24958  1.87094  2.24958  
1.487  3.13895  1.487  3.13895  
1.04498  3.7734  1.04498  3.7734  
2.13609  0.136105  2.13609  0.136105  
1.31503  3.375  1.31503  3.375  
2.18527  0.304697  2.18527  0.304697  
1.46475  3.33732  1.46475  3.33732  
1.89985  2.07904  1.89985  2.07904  
0.865825  3.74391  0.865825  3.74391  
1.72493  2.48411  1.72493  2.48411  
1.54062  2.92179  1.54062  2.92179  
2.006  1.26091  2.006  1.26091  
0.0565937  4.05658  0.0674622  4.06745  
0.0248848  4.02488  0.0248848  4.02488  
1.55448  2.56641  1.55448  2.56641  
1.86769  1.82327  1.87504  1.83062  
1.75692  2.07793  1.75692  2.07793  
0.898081  3.81884  0.898081  3.81884  
1.21712  3.38462  1.21712  3.38462  
2.00822  0.0082442  2.00822  0.0082442  
1.9392  1.37221  1.9392  1.37221  
1.13543  3.67609  1.13543  3.67609  
1.40357  3.09889  1.40357  3.09889  
0.895024  3.57828  0.908127  3.59138  
1.34392  2.96338  1.34392  2.96338  
1.68017  2.17274  1.68017  2.17274  
0.592456  3.82152  0.592456  3.82152  
1.13427  3.29573  1.13427  3.29573  
0.000906725  4.00052  0.000906725  4.00052  
2.0002  0.000442888  2.0002  0.000442888  
1.52359  2.59351  1.52359  2.59351  
1.81535  1.68122  1.81535  1.68122  
1.92317  1.10073  1.92317  1.10073  
2.01657  1.24139  2.01657  1.24139  
1.21382  3.41469  1.21382  3.41469  
0.0561559  4.05614  0.0561559  4.05614  
1.57118  2.66917  1.61771  2.7157  
1.84522  2.56219  1.84522  2.56219  
1.50157  3.38185  1.50157  3.38185  
1.88474  2.09257  1.88474  2.09257  
0.958986  3.81612  0.958986  3.81612  
2.18542  1.27373  2.18542  1.27373  
2.08692  0.086993  2.08692  0.086993  
1.7625  2.53182  1.7625  2.53182  
1.87141  2.20322  1.87141  2.20322  
1.61073  2.8782  1.61073  2.8782  
2.25674  0.864671  2.25674  0.864671  
1.96825  1.3626  1.96825  1.3626  
2.12077  0.120874  2.09896  0.0990626  
1.3676  3.23859  1.3676  3.23859  
1.08459  3.76045  1.08459  3.76045  
2.10458  0.818433  2.10458  0.818433  
0.0229642  4.02296  0.0229642  4.02296  
1.87977  1.65711  1.87977  1.65711  
1.82079  2.33441  1.82079  2.33441  
1.74024  2.61408  1.74024  2.61408  
0.0472939  4.04729  0.0472939  4.04729  
2.10705  0.107063  2.10705  0.107063  
2.02673  1.69764  2.02845  1.69936  
1.51632  2.84422  1.51632  2.84422  
2.04401  0.3026  2.04401  0.3026  
1.41543  3.33872  1.41543  3.33872  
0.977111  3.63236  0.977111  3.63236  
2.03882  0.0388269  2.03882  0.0388269  
1.8124  2.20716  1.8276  2.2132  
1.53059  2.94885  1.53059  2.94885  
0.143236  4.14323  0.143236  4.14323  
0.942451  3.91904  0.942451  3.91904  
1.44487  3.39878  1.44487  3.39878  
1.9619  1.63467  1.9619  1.63467  
1.72814  2.81012  1.72814  2.81012  
1.21081  3.5932  1.21081  3.5932  
1.38485  3.77154  1.38485  3.77154  
1.83855  1.5768  
1.98781  0.447831  
1.05217  3.40314  
1.9766  0.618469  
1.67205  2.19721  
0.443544  3.90141  
0.647924  3.78561  
1.90557  1.21675  
0.59175  3.82216  
0.480859  3.88371  
0.526964  3.85984  
0.296011  3.95676  
0.749688  3.70979  
1.95089  0.883396  
0.868689  3.60412  
0.181273  3.98428  
0.62013  3.80412  
1.77187  1.85869  
1.87902  1.37366  
0.397605  3.92123  
1.97091  0.683431  
0.563567  3.83891  
0.693848  3.75293  
0.343536  3.9414  
1.86968  1.42212  
1.14268  3.28428  
1.46075  2.73389  
1.80574  1.72338  
1.85775  1.48336  
1.36403  2.92691  
1.9218  1.1095  
1.8476  1.53563  
1.68466  2.15803  
0.832593  3.63795  
1.82886  1.62118  
1.73608  1.98919  
0.242236  3.97126  
1.7838  1.81246  
0.913286  3.56009  
0.722173  3.73139  
1.91276  1.17213  
1.22809  3.15856  
1.60092  2.40014  
1.71376  2.06373  
1.16591  3.25129  
1.65828  2.2375  
1.74717  1.94825  
1.40478  2.84937  
1.19007  3.21609  
1.95769  0.820949  
1.20618  3.19194  
1.72567  2.02498  
1.06892  3.38191  
1.44275  2.77178  
0.123966  3.99298  
0.776976  3.68693  
0.983543  3.48439  
1.08522  3.36113  
1.56225  2.49939  
1.63182  2.31404  
1.92818  1.06511  
1.93604  1.00651  
1.47831  2.69649  
1.9646  0.753189  
1.81587  1.67827  
1.99663  0.240396  
1.273  3.08607  
1.42357  2.8118  
1.61675  2.35667  
1.94426  0.939631  
1.53109  2.57535  
1.70019  2.10879  
1.75923  1.90527  
1.38408  2.8885  
0.931076  3.54131  
0.66648  3.77257  
1.02636  3.43427  
1.49647  2.65493  
0.804778  3.66319  
1.9817  0.543075  
0.850626  3.62132  
1.88791  1.32261  
1.12632  3.30625  
0.957578  3.51281  
1.25065  3.1224  
1.31656  3.01253  
1.29086  3.05726  
1.89612  1.27475  
1.58197  2.44866  
1.9932  0.334655  
1.10281  3.33816  
1.00896  3.45482  
2.0002  0.000442888  
1.54591  2.54013  
1.64468  2.27739  
1.51341  2.61624  
1.79483  1.76646  
1.34392  2.96338  
0.895024  3.57828  
0.000906725  4.00052  
1.53235  2.62143  1.53235  2.62143  
1.81638  1.87049  1.81638  1.87049  
0.392093  3.9702  0.392093  3.9702  
1.09233  3.40862  1.09233  3.40862  
1.71323  2.42259  1.71323  2.42259  
1.90981  1.38937  1.90981  1.38937  
1.60172  2.72438  1.60172  2.72438  
1.37158  3.26584  1.35823  3.25249  
0.894286  3.72584  0.894286  3.72584  
2.02295  0.0495594  2.02295  0.0495594  
1.37834  3.04916  1.37834  3.04916  
1.88953  1.5656  1.88953  1.5656  
1.74704  2.22441  1.74704  2.22441  
0.943331  3.62924  0.943331  3.62924  
2.05024  0.0502455  2.05024  0.0502455  
1.35159  3.24342  1.35159  3.24342  
1.98995  1.22726  1.98995  1.22726  
0.0280146  4.027  0.0280146  4.027  
1.83179  2.05619  1.50038  2.92628  
1.50855  2.76902  1.50855  2.76902  
1.63811  2.53168  1.63811  2.53168  
1.34841  2.99976  1.34841  2.99976  
0.999363  3.54332  0.999363  3.54332  
0.0383247  4.0376  0.0383247  4.0376  
1.91066  1.82935  1.91066  1.82935  
1.78386  1.93903  1.78386  1.93903  
1.23677  3.27647  1.23677  3.27647  
2.01061  0.0176812  2.01061  0.0176812  
1.41671  3.24831  1.41819  3.24979  
1.52172  3.08055  1.52172  3.08055  
1.84437  1.9954  1.84437  1.9954  
1.65198  2.65863  1.65198  2.65863  
0.825951  3.80674  0.825951  3.80674  
2.01215  0.0122595  2.01215  0.0122595  
1.72091  2.24543  1.72091  2.24543  
1.91284  1.24425  1.91284  1.24425  
1.34416  3.1321  1.34521  3.13315  
1.07545  3.45655  1.07545  3.45655  
1.47625  2.88112  1.47625  2.88112  
0.042325  4.0423  0.042325  4.0423  
2.00001  0.000202832  2.00001  0.000202832  
1.58305  2.44454  1.58305  2.44454  
1.72546  2.02713  1.72546  2.02713  
0.991606  3.4784  0.991606  3.4784  
0.000398339  4.00026  0.000398339  4.00026  
1.22783  3.16187  1.25204  3.18608  
1.93279  1.03626  1.93279  1.03626  
1.84046  1.56555  1.84046  1.56555  
0.662168  3.77574  0.662168  3.77574  
1.4237  2.80933  1.4237  2.80933  
0.894539  3.5776  0.894539  3.5776  
1.34364  2.96285  1.34364  2.96285  
1.67946  2.17203  1.67946  2.17203  
0.591433  3.8211  0.591433  3.8211  
1.13409  3.29475  1.13409  3.29475  
0.000388145  4  0.000388145  4  
2  0.000204426  2.00774  0.00794248  
1.52293  2.59282  1.52293  2.59282  
1.81353  1.68654  1.81353  1.68654  
1.92287  1.10015  1.92287  1.10015  
1.77492  2.05985  1.77492  2.05985  
0.679555  3.90731  0.679555  3.90731  
2.00249  0.00249308  2.00982  0.00982473  
1.88731  1.45868  1.88731  1.45868  
0.827092  3.66295  0.827092  3.66295  
1.43273  2.87819  1.43273  2.87819  
1.24863  3.20939  1.24863  3.20939  
1.61221  2.45346  1.61221  2.45346  
1.07634  3.49724  1.07634  3.49724  
0.00203042  4.00202  0.00203042  4.00202  
0.0473911  4.04736  0.0473911  4.04736  
0.732126  3.79052  0.738373  3.79676  
1.4383  2.9795  1.4383  2.9795  
1.90863  1.39591  1.90863  1.39591  
1.26505  3.1702  1.26505  3.1702  
1.08027  3.53233  1.08027  3.53233  
2.00558  0.00637206  2.00558  0.00637206  
1.79472  1.91868  1.79472  1.91868  
1.709  2.36774  1.709  2.36774  
1.54498  2.62066  1.54498  2.62066  
1.12935  3.47532  1.12935  3.47532  
0.683684  3.83517  0.683684  3.83517  
1.9081  1.20719  1.9081  1.20719  
1.26936  3.19018  1.26936  3.19018  
1.49634  2.66904  1.50517  2.67788  
0.00094506  4.00092  0.00094506  4.00092  
1.78314  1.84157  1.78314  1.84157  
1.67918  2.28933  1.67918  2.28933  
2.00658  0.00658147  2.00658  0.00658147  
0.943312  3.64757  0.943312  3.64757  
1.77252  2.26049  1.77252  2.26049  
1.44627  2.85758  1.44627  2.85758  
1.65598  2.44853  1.65598  2.44853  
0.72154  3.84209  0.727475  3.84802  
2.00704  0.00909578  2.00704  0.00909578  
1.90568  1.39141  1.90568  1.39141  
0.0425074  4.04249  0.0425074  4.04249  
0.988765  3.51588  0.988765  3.51588  
1.26219  3.23893  1.26219  3.23893  
1.83368  1.85359  1.83368  1.85359  
1.98811  0.436456  
0.758107  3.70175  
1.97607  0.617009  
0.730314  3.72396  
0.262009  3.96569  
1.96934  0.697925  
0.929952  3.54141  
1.98267  0.525677  
0.563516  3.83802  
1.03439  3.42351  
0.982767  3.48381  
0.432528  3.90541  
0.840698  3.62952  
1.95657  0.829029  
1.99296  0.335312  
0.397065  3.92044  
0.351658  3.93774  
1.85943  1.47312  
1.86918  1.42301  
0.785469  3.67866  
0.208941  3.97811  
0.305592  3.95314  
1.48329  2.68325  
1.91487  1.15462  
1.94973  0.891227  
1.96258  0.770232  
1.90637  1.20957  
1.79467  1.76617  
1.00879  3.45389  
1.37756  2.89989  
1.94298  0.948297  
1.87878  1.37139  
1.10139  3.33883  
0.526394  3.85897  
1.74553  1.95255  
0.479896  3.88314  
0.912246  3.55967  
1.88756  1.32232  
1.11775  3.31701  
1.1898  3.21519  
1.08472  3.3607  
0.665938  3.77177  
1.65261  2.25289  
1.8307  1.61064  
1.32281  3.0004  
1.35751  2.93745  
1.17416  3.23812  
1.77105  1.85837  
0.956498  3.5129  
0.867391  3.60424  
1.78303  1.81198  
0.894305  3.57783  
0.812689  3.65495  
1.73188  2.00061  
1.34364  2.96285  
1.84007  1.56742  
0.703043  3.74472  
1.50055  2.64451  
1.72116  2.03726  
1.39699  2.86246  
1.71031  2.07351  
1.66703  2.21  
1.46984  2.71263  
1.69523  2.12246  
1.5814  2.44882  
2  0.000204426  
1.99719  0.212079  
1.43557  2.78592  
1.8211  1.65362  
1.25879  3.10834  
1.93014  1.04795  
1.75833  1.90606  
1.89741  1.26467  
0.628714  3.79722  
1.27908  3.07504  
1.64092  2.28681  
1.51741  2.60574  
1.13409  3.29475  
1.93675  0.997997  
1.80255  1.73304  
1.68326  2.16022  
1.5337  2.56731  
1.6239  2.3349  
1.5954  2.41223  
1.5685  2.48178  
1.84902  1.52466  
1.23408  3.14773  
1.41559  2.826  
0.131454  3.99135  
1.55119  2.52491  
1.4537  2.74801  
1.60973  2.37382  
1.81353  1.68654  
1.06034  3.39157  
1.92287  1.10015  
0.600463  3.81547  
1.15361  3.26753  
0.000388145  4  
1.21184  3.1821  
1.30114  3.03779  
0.647075  3.78486  0.647075  3.78486  
1.21256  3.181  1.21256  3.181  
1.83793  1.57737  1.83793  1.57737  
1.71772  2.04886  1.71772  2.04886  
1.40961  2.8376  1.40961  2.8376  
0.00040029  4  0.00040029  4  
1.57528  2.46455  1.57528  2.46455  
2  0.000200806  2  0.000200806  
1.93348  1.02301  1.93348  1.02301  
0.965057  3.50352  0.965057  3.50352  
0.000401322  4  0.000401322  4  
0.965095  3.50348  0.965095  3.50348  
1.57532  2.46443  1.62415  2.36592  
2  0.000200922  2  0.000200922  
1.83768  1.57851  1.83768  1.57851  
1.40998  2.83688  1.40998  2.83688  
1.93334  1.02411  1.93334  1.02411  
0.646983  3.78492  0.646983  3.78492  
1.71769  2.04893  1.71769  2.04893  
1.21258  3.18097  1.21258  3.18097  
1.72126  2.03694  1.72126  2.03694  
1.18805  3.21779  1.18805  3.21779  
2  0.000200894  2  0.000200894  
1.93346  1.02321  1.93917  1.02892  
0.637628  3.79127  0.637628  3.79127  
1.39732  2.86182  1.39732  2.86182  
1.8402  1.56672  1.8402  1.56672  
1.57544  2.46414  1.57544  2.46414  
0.000401261  4  0.000401261  4  
0.938782  3.53196  0.938782  3.53196  
1.57039  2.477  1.57039  2.477  
1.83801  1.577  1.83801  1.577  
1.71754  2.04943  1.71754  2.04943  
0.000401601  4  0.000401601  4  
2  0.00020076  2  0.00020076  
1.18939  3.21581  1.18939  3.21581  
1.39712  2.86221  1.39712  2.86221  
0.637739  3.79119  0.637739  3.79119  
1.93344  1.02332  1.93344  1.02332  
0.939267  3.53145  1.02686  3.43252  
1.18156  3.22733  1.18156  3.22733  
1.56526  2.48995  1.52951  2.5773  
0.637758  3.79118  0.637758  3.79118  
0.000401163  4  0.000401163  4  
1.93012  1.04813  1.93012  1.04813  
1.3906  2.87488  1.3906  2.87488  
0.938889  3.53185  0.938889  3.53185  
2  0.000200822  2  0.000200822  
1.71025  2.07369  1.71025  2.07369  
1.8331  1.59967  1.8331  1.59967  
1.70656  2.08582  1.71563  2.0608  
1.384  2.88758  1.384  2.88758  
1.56014  2.50277  1.56014  2.50277  
0.93901  3.53172  0.93901  3.53172  
2  0.000200912  2  0.000200912  
1.92772  1.06565  1.92772  1.06565  
0.000401392  4  0.000401392  4  
0.637709  3.79121  0.637709  3.79121  
1.18159  3.22728  1.18159  3.22728  
1.82834  1.62134  1.82834  1.62134  
0.89425  3.57789  0.89425  3.57789  
1.34364  2.96286  1.34364  2.96286  
1.67946  2.17203  1.67946  2.17203  
0.591254  3.82121  0.591254  3.82121  
1.13382  3.29512  1.13382  3.29512  
0.00040132  4  0.00040132  4  
2  0.000200931  2  0.000200931  
1.52289  2.59291  1.52289  2.59291  
1.81335  1.6873  1.87677  1.43614  
1.92285  1.10026  1.92285  1.10026  
1.71397  2.06136  1.71397  2.06136  
1.56521  2.49008  1.56521  2.49008  
1.18174  3.22707  1.19724  3.24258  
1.39068  2.87472  1.39068  2.87472  
0.637695  3.79122  0.637695  3.79122  
1.83549  1.58868  1.83549  1.58868  
1.9323  1.03194  1.9323  1.03194  
0.938844  3.5319  0.938844  3.5319  
0.00040146  4  0.00040146  4  
2  0.000199901  2  0.000199901  
2  0.000200708  2.00283  0.00303148  
1.57034  2.47711  1.57034  2.47711  
1.71392  2.06154  1.71392  2.06154  
0.938831  3.53191  0.938831  3.53191  
0.000401472  4  0.000401472  4  
1.18941  3.21578  1.18941  3.21578  
1.93236  1.03148  1.93236  1.03148  
1.83536  1.58929  1.83536  1.58929  
0.637681  3.79123  0.637681  3.79123  
1.39708  2.86228  1.39708  2.86228  
1.71391  2.06156  1.71391  2.06156  
1.57021  2.47746  1.57021  2.47746  
0.637723  3.79121  0.637723  3.79121  
2  0.000200991  2  0.000200991  
1.83591  1.58673  1.83724  1.58807  
1.93237  1.03139  1.93237  1.03139  
0.939001  3.53173  0.939001  3.53173  
1.18945  3.21572  1.18945  3.21572  
1.39706  2.86232  1.39706  2.86232  
0.000401247  4  0.000401247  4  
0.351625  3.93769  
0.306654  3.9527  
1.9813  0.545648  
0.433757  3.90479  
0.479883  3.88315  
1.96984  0.692019  
0.000401601  4  
0.516993  3.86405  
0.253144  3.96783  
1.01713  3.4441  
0.973951  3.49366  
0.867578  3.60406  
0.920951  3.55069  
0.396837  3.92047  
1.96327  0.763046  
0.785645  3.67846  
0.938844  3.5319  
1.88572  1.33276  
0.999972  3.46413  
1.50617  2.63169  
1.97555  0.623555  
0.554121  3.84341  
1.87684  1.38199  
0.813224  3.6544  
1.42893  2.79869  
0.199485  3.98005  
1.9496  0.892357  
0.702824  3.74488  
0.730496  3.72364  
1.6669  2.21037  
1.0342  3.4237  
1.76311  1.88834  
1.91369  1.1624  
1.75174  1.93017  
0.591254  3.82121  
0.956416  3.51299  
1.29429  3.04947  
1.86732  1.43262  
0.841346  3.62885  
0.758132  3.70148  
0.674838  3.76542  
1.35833  2.93594  
1.31556  3.01283  
1.94203  0.956077  
1.99128  0.373143  
1.25711  3.11105  
1.73184  2.00072  
1.79988  1.74407  
0.131854  3.9913  
2  0.000200991  
1.77709  1.83514  
1.16548  3.25063  
1.59084  2.42424  
1.52289  2.59291  
1.05126  3.40286  
1.95796  0.815828  
1.10156  3.3386  
1.98654  0.4633  
0.618683  3.8038  
1.84821  1.52856  
1.55022  2.52729  
1.69508  2.12293  
1.74115  1.96813  
1.27272  3.08557  
1.44581  2.76378  
1.56526  2.48994  
1.40998  2.83688  
1.90337  1.22831  
1.85743  1.48317  
1.99573  0.261131  
0.89425  3.57789  
1.23424  3.14747  
1.63562  2.30194  
1.60596  2.38401  
1.46513  2.7228  
1.33449  2.97935  
1.07651  3.37113  
1.62149  2.3416  
1.57544  2.46414  
1.4833  2.68316  
1.8092  1.70505  
1.11776  3.31699  
1.81836  1.66563  
1.18941  3.21578  
1.53753  2.55812  
1.21258  3.18097  
1.72126  2.03694  
1.64921  2.26284  
1.89406  1.28458  
1.7889  1.78867  
1.67946  2.17203  
1.82834  1.62134  
1.71025  2.07369  
1.92285  1.10026  
1.13382  3.29512  
1.8402  1.56672  
1.39708  2.86228  
0.647075  3.78486  
1.384  2.88758  
1.93236  1.03148  
0.647072  3.78486  0.647072  3.78486  
1.21257  3.18099  1.21257  3.18099  
1.83788  1.57758  1.83788  1.57758  
1.71767  2.04901  1.72908  2.06041  
1.40992  2.83698  1.40992  2.83698  
0.000400625  4  0.000400625  4  
1.57545  2.4641  1.57545  2.4641  
2  0.000200806  2  0.000200806  
1.93349  1.02294  1.93349  1.02294  
0.965214  3.50335  0.965214  3.50335  
0.000401378  4  0.000401378  4  
0.965177  3.50339  0.965177  3.50339  
1.57549  2.464  1.57549  2.464  
2  0.000201004  2  0.000201004  
1.83781  1.57791  1.83781  1.57791  
1.40998  2.83688  1.40998  2.83688  
1.9335  1.02292  1.9335  1.02292  
0.647081  3.78486  0.647081  3.78486  
1.71767  2.049  1.73127  2.0626  
1.21258  3.18097  1.21258  3.18097  
1.72126  2.03694  1.72126  2.03694  
1.18937  3.21583  1.18937  3.21583  
2  0.000200985  2  0.000200985  
1.93348  1.02304  1.93348  1.02304  
0.637769  3.79117  0.652536  3.80594  
1.39704  2.86235  1.39704  2.86235  
1.84015  1.56696  1.84015  1.56696  
1.57544  2.46414  1.57544  2.46414  
0.000401542  4  0.000401542  4  
0.938845  3.53189  0.938845  3.53189  
1.57039  2.477  1.57039  2.477  
1.83544  1.5889  1.83544  1.5889  
1.71401  2.06122  1.71401  2.06122  
0.000401601  4  0.000401601  4  
2  0.000200902  2  0.000200902  
1.18939  3.21581  1.18939  3.21581  
1.39712  2.86221  1.40517  2.87027  
0.637739  3.79119  0.637739  3.79119  
1.93233  1.03172  1.93233  1.03172  
0.938958  3.53177  0.938958  3.53177  
1.18161  3.22725  1.18161  3.22725  
1.56527  2.48993  1.56527  2.48993  
0.637758  3.79118  0.637758  3.79118  
0.000401607  4  0.000401607  4  
1.93009  1.04832  1.93009  1.04832  
1.39057  2.87493  1.39057  2.87493  
0.938889  3.53185  0.938889  3.53185  
2  0.000200873  2  0.000200873  
1.71025  2.07369  1.71025  2.07369  
1.8331  1.59967  1.8331  1.59967  
1.70656  2.08582  1.70656  2.08582  
1.384  2.88758  1.384  2.88758  
1.56014  2.50277  1.56014  2.50277  
0.938875  3.53186  0.938875  3.53186  
2  0.000201032  2  0.000201032  
1.92772  1.06562  1.92772  1.06562  
0.000401392  4  0.000401392  4  
0.637744  3.79119  0.637744  3.79119  
1.18159  3.22728  1.18159  3.22728  
1.82834  1.62134  1.83013  1.62313  
1.71398  2.06132  1.71398  2.06132  
1.56526  2.48995  1.56526  2.48995  
1.18159  3.22729  1.18159  3.22729  
1.39051  2.87505  1.39051  2.87505  
0.637767  3.79118  0.637767  3.79118  
1.83544  1.58889  1.8378  1.59125  
1.93237  1.0314  1.93237  1.0314  
0.938844  3.5319  0.938844  3.5319  
0.00040146  4  0.00040146  4  
2  0.000200961  2  0.000200961  
0.894438  3.5777  0.894438  3.5777  
1.34363  2.96288  1.34363  2.96288  
1.67933  2.17242  1.67933  2.17242  
0.591254  3.82121  0.591254  3.82121  
1.13382  3.29512  1.13382  3.29512  
0.000401569  4  0.000401569  4  
2  0.000200965  2  0.000200965  
1.52289  2.59291  1.52289  2.59291  
1.81335  1.6873  1.81335  1.6873  
1.92282  1.10051  1.92282  1.10051  
1.71399  2.06131  1.71399  2.06131  
1.5704  2.47696  1.5704  2.47696  
0.637748  3.79119  0.637748  3.79119  
2  0.000201011  2  0.000201011  
1.83545  1.58885  1.83545  1.58885  
1.93237  1.03139  1.93237  1.03139  
0.938879  3.53186  0.938879  3.53186  
1.1894  3.21579  1.1894  3.21579  
1.39707  2.86231  1.39707  2.86231  
0.000401529  4  0.000401529  4  
2  0.000200708  2  0.000200708  
1.57034  2.47711  1.57034  2.47711  
1.714  2.06128  1.714  2.06128  
0.938831  3.53191  0.938831  3.53191  
0.000401546  4  0.000401546  4  
1.18941  3.21578  1.18941  3.21578  
1.93237  1.03139  1.93237  1.03139  
1.83543  1.58895  1.83543  1.58895  
0.637779  3.79117  0.637779  3.79117  
1.39708  2.86229  1.39708  2.86229  
0.306673  3.9527  
0.360677  3.93442  
0.253254  3.9678  
0.406256  3.91661  
0.921151  3.55048  
0.516963  3.86406  
0.000401607  4  
0.44287  3.9007  
1.98533  0.483522  
2  0.000201032  
1.87687  1.3818  
1.0843  3.36112  
1.05118  3.40295  
1.86714  1.43356  
1.88571  1.33284  
0.982659  3.4839  
1.97107  0.677888  
1.13382  3.29512  
1.02595  3.43362  
1.53926  2.55396  
1.99432  0.30126  
0.785517  3.67857  
1.99732  0.207179  
0.758142  3.70147  
0.488421  3.87889  
1.4835  2.6827  
0.674824  3.76543  
1.06821  3.38168  
0.553343  3.84386  
1.46566  2.72164  
1.91745  1.13737  
1.63718  2.2975  
1.74539  1.95308  
1.79415  1.76751  
1.9005  1.24593  
0.702081  3.74544  
1.25671  3.11171  
1.50055  2.6445  
1.66523  2.2154  
1.61948  2.34717  
1.11094  3.32615  
1.97907  0.57712  
0.591254  3.82121  
1.75858  1.90513  
0.965214  3.50335  
0.730104  3.72395  
0.19959  3.98003  
1.8489  1.52519  
1.95815  0.813996  
1.15078  3.27151  
0.618703  3.80387  
1.99019  0.395736  
1.96398  0.75571  
1.85752  1.48275  
0.812889  3.6547  
1.78315  1.81149  
1.23359  3.14849  
1.93776  0.990108  
1.7337  1.99428  
1.00847  3.45427  
1.95268  0.864948  
0.894438  3.5777  
1.3634  2.92652  
1.94476  0.933575  
0.866231  3.60535  
1.32137  3.00265  
1.27985  3.07375  
1.6545  2.24733  
1.60564  2.3849  
1.59048  2.42517  
1.90926  1.19119  
1.4294  2.79772  
1.76974  1.86336  
1.40998  2.83688  
1.72126  2.03694  
1.8026  1.73277  
1.39057  2.87493  
1.44764  2.75995  
0.647072  3.78486  
1.69517  2.12263  
1.16946  3.24491  
1.21258  3.18097  
1.52289  2.59291  
0.839215  3.63082  
1.1894  3.21579  
1.82563  1.63349  
1.34363  2.96288  
1.67933  2.17242  
1.30115  3.03778  
1.81335  1.6873  
0.938845  3.53189  
1.55043  2.52678  
1.57544  2.46414  
0.139183  3.9903  
1.56527  2.48993  
1.70656  2.08582  
1.89452  1.28187  
1.83543  1.58895  
1.92887  1.05731  
1.92282  1.10051  
1.70657  2.08579  1.70657  2.08579  
1.384  2.8876  1.384  2.8876  
1.56015  2.50274  1.56015  2.50274  
0.938859  3.53188  0.938859  3.53188  
2  0.000201037  2.00685  0.0070538  
1.92772  1.06563  1.92772  1.06563  
0.000401392  4  0.000401392  4  
0.637755  3.79118  0.637755  3.79118  
1.18158  3.2273  1.18158  3.2273  
1.82833  1.62135  1.82833  1.62135  
1.70657  2.08579  1.70657  2.08579  
1.384  2.8876  1.384  2.8876  
1.56015  2.50274  1.56015  2.50274  
0.938859  3.53188  0.946827  3.53985  
2  0.000201037  2  0.000201037  
1.92772  1.06563  1.92772  1.06563  
0.000401392  4  0.000401392  4  
0.637755  3.79118  0.637755  3.79118  
1.18158  3.2273  1.18158  3.2273  
1.82833  1.62135  1.82833  1.62135  
1.70657  2.08579  1.70657  2.08579  
1.384  2.8876  1.384  2.8876  
1.56015  2.50274  1.56015  2.50274  
0.938859  3.53188  0.938859  3.53188  
2  0.000201037  2  0.000201037  
1.92772  1.06563  1.92772  1.06563  
0.000401392  4  0.000401392  4  
0.637755  3.79118  0.637755  3.79118  
1.18158  3.2273  1.18158  3.2273  
1.82833  1.62135  1.82833  1.62135  
1.70657  2.08579  1.70657  2.08579  
1.384  2.8876  1.38647  2.89007  
1.56015  2.50274  1.56015  2.50274  
0.938859  3.53188  0.938859  3.53188  
2  0.000201037  2  0.000201037  
1.92772  1.06563  1.92772  1.06563  
0.000401392  4  0.000401392  4  
0.637755  3.79118  0.637755  3.79118  
1.18158  3.2273  1.18158  3.2273  
1.82833  1.62135  1.82833  1.62135  
1.70657  2.08579  1.70657  2.08579  
1.384  2.8876  1.384  2.8876  
1.56015  2.50274  1.56015  2.50274  
0.938859  3.53188  0.938859  3.53188  
2  0.000201037  2  0.000201037  
1.92772  1.06563  1.92772  1.06563  
0.000401392  4  0.000401392  4  
0.637755  3.79118  0.637755  3.79118  
1.18158  3.2273  1.18158  3.2273  
1.82833  1.62135  1.82833  1.62135  
1.70657  2.08579  1.70657  2.08579  
1.384  2.8876  1.384  2.8876  
1.56015  2.50274  1.56015  2.50274  
0.938859  3.53188  0.938859  3.53188  
2  0.000201037  1.99419  0.304629  
1.92772  1.06563  1.92772  1.06563  
0.000401392  4  0.000401392  4  
0.637755  3.79118  0.637755  3.79118  
1.18158  3.2273  1.18158  3.2273  
1.82833  1.62135  1.82833  1.62135  
1.70657  2.08579  1.70657  2.08579  
1.384  2.8876  1.384  2.8876  
1.56015  2.50274  1.56015  2.50274  
0.938859  3.53188  0.938859  3.53188  
2  0.000201037  2  0.000201037  
1.92772  1.06563  1.92772  1.06563  
0.000401392  4  0.000401392  4  
0.637755  3.79118  0.637755  3.79118  
1.18158  3.2273  1.18158  3.2273  
1.82833  1.62135  1.82833  1.62135  
1.70657  2.08579  1.70657  2.08579  
1.384  2.8876  1.384  2.8876  
1.56015  2.50274  1.56015  2.50274  
0.938859  3.53188  0.938859  3.53188  
2  0.000201037  2  0.000201037  
1.92772  1.06563  1.92772  1.06563  
0.000401392  4  0.000401392  4  
0.637755  3.79118  0.637755  3.79118  
1.18158  3.2273  1.11808  3.33685  
1.82833  1.62135  1.82833  1.62135  
1.70657  2.08579  1.70657  2.08579  
1.384  2.8876  1.384  2.8876  
1.56015  2.50274  1.56015  2.50274  
0.938859  3.53188  0.938859  3.53188  
2  0.000201037  2  0.000201037  
1.92772  1.06563  1.92772  1.06563  
0.000401392  4  0.000401392  4  
0.637755  3.79118  0.637755  3.79118  
1.18158  3.2273  1.18158  3.2273  
1.82833  1.62135  1.82833  1.62135  
1.70657  2.08579  1.70657  2.08579  
1.384  2.8876  1.384  2.8876  
1.56015  2.50274  1.56015  2.50274  
0.938859  3.53188  0.938859  3.53188  
2  0.000201037  2  0.000201037  
1.92772  1.06563  1.92772  1.06563  
0.000401392  4  0.000401392  4  
0.637755  3.79118  0.637755  3.79118  
1.18158  3.2273  1.18158  3.2273  
1.82833  1.62135  1.82833  1.62135  
0.306673  3.9527  
0.253254  3.9678  
0.406256  3.91661  
0.000401607  4  
0.360383  3.93453  
0.489191  3.87857  
0.451879  3.89657  
0.794857  3.67053  
1.97225  0.663977  
1.96602  0.734158  
0.581958  3.82692  
0.885466  3.58661  
0.200621  3.97982  
0.858471  3.61277  
1.86351  1.45237  
1.88751  1.32256  
1.76807  1.8697  
0.51681  3.86415  
1.74152  1.96682  
0.554079  3.84343  
0.831088  3.63829  
1.08471  3.3606  
1.95884  0.807303  
1.755  1.91831  
1.1097  3.32783  
2  0.000201037  
1.69506  2.12298  
1.87314  1.40194  
1.92028  1.11808  
0.95641  3.51299  
1.05117  3.40296  
1.40371  2.84927  
1.80808  1.70978  
1.91223  1.17196  
0.991326  3.47406  
1.45939  2.73509  
1.01719  3.44402  
1.72791  2.01428  
1.98382  0.507802  
1.06801  3.38193  
1.27985  3.07375  
0.973978  3.49363  
1.78296  1.81223  
1.90352  1.22738  
1.59041  2.42537  
1.51218  2.61786  
1.84684  1.53517  
1.21221  3.18153  
1.79447  1.76622  
1.64533  2.27411  
1.44133  2.77312  
1.6712  2.19737  
1.88055  1.36166  
1.85502  1.49519  
0.131264  3.99138  
1.65848  2.23556  
1.68318  2.16047  
1.61935  2.34752  
1.63281  2.30993  
1.71737  2.05001  
1.60595  2.38406  
1.30181  3.03663  
1.9781  0.590357  
1.81862  1.66446  
1.83766  1.57859  
1.42324  2.81027  
0.693152  3.75209  
1.89598  1.27322  
0.664366  3.77286  
0.916151  3.55565  
1.23463  3.14687  
1.49487  2.65733  
1.03425  3.42364  
1.82833  1.62135  
1.98814  0.435026  
1.12753  3.30374  
1.56015  2.50274  
1.94602  0.923024  
1.15093  3.2713  
1.54482  2.54049  
1.25611  3.11267  
1.9379  0.98901  
1.95231  0.868332  
0.728832  3.72494  
1.57949  2.45373  
0.758119  3.70149  
1.52787  2.58118  
0.609558  3.80969  
1.99671  0.229245  
1.99181  0.361527  
1.34426  2.96174  
1.92994  1.04947  
1.47854  2.69364  
1.3633  2.92672  
1.3164  3.01138  
1.70657  2.08579  
1.384  2.8876  
1.18158  3.2273  
0.637755  3.79118  
0.938859  3.53188  
1.70656  2.0858  1.70656  2.0858  
1.384  2.8876  1.384  2.8876  
1.56015  2.50274  1.57404  2.51663  
0.938859  3.53188  0.938859  3.53188  
2  0.000201037  2  0.000201037  
1.92772  1.06563  1.92772  1.06563  
0.000401392  4  0.000401392  4  
0.637767  3.79118  0.637767  3.79118  
1.18158  3.2273  1.18158  3.2273  
1.82833  1.62135  1.82833  1.62135  
1.70656  2.0858  1.70656  2.0858  
1.384  2.8876  1.384  2.8876  
1.56015  2.50274  1.57591  2.5185  
0.938859  3.53188  0.938859  3.53188  
2  0.000201037  2  0.000201037  
1.92772  1.06563  1.92772  1.06563  
0.000401392  4  0.000401392  4  
0.637767  3.79118  0.637767  3.79118  
1.18158  3.2273  1.18158  3.2273  
1.82833  1.62135  1.82833  1.62135  
1.70656  2.0858  1.70656  2.0858  
1.384  2.8876  1.384  2.8876  
1.56015  2.50274  1.56015  2.50274  
0.938859  3.53188  0.938859  3.53188  
2  0.000201037  2  0.000201037  
1.92772  1.06563  1.92772  1.06563  
0.000401392  4  0.000401392  4  
0.637767  3.79118  0.637767  3.79118  
1.18158  3.2273  1.18158  3.2273  
1.82833  1.62135  1.82833  1.62135  
1.70656  2.0858  1.70656  2.0858  
1.384  2.8876  1.384  2.8876  
1.56015  2.50274  1.56015  2.50274  
0.938859  3.53188  0.938859  3.53188  
2  0.000201037  2  0.000201037  
1.92772  1.06563  1.92772  1.06563  
0.000401392  4  0.000401392  4  
0.637767  3.79118  0.637767  3.79118  
1.18158  3.2273  1.18158  3.2273  
1.82833  1.62135  1.82833  1.62135  
1.70656  2.0858  1.70656  2.0858  
1.384  2.8876  1.384  2.8876  
1.56015  2.50274  1.56015  2.50274  
0.938859  3.53188  0.942981  3.536  
2  0.000201037  2  0.000201037  
1.92772  1.06563  1.92772  1.06563  
0.000401392  4  0.000401392  4  
0.637767  3.79118  0.637767  3.79118  
1.18158  3.2273  1.18158  3.2273  
1.82833  1.62135  1.82833  1.62135  
1.70656  2.0858  1.70656  2.0858  
1.384  2.8876  1.384  2.8876  
1.56015  2.50274  1.54171  2.60039  
0.938859  3.53188  0.938859  3.53188  
2  0.000201037  2  0.000201037  
1.92772  1.06563  1.92772  1.06563  
0.000401392  4  0.000401392  4  
0.637767  3.79118  0.637767  3.79118  
1.18158  3.2273  1.18158  3.2273  
1.82833  1.62135  1.82833  1.62135  
1.70656  2.0858  1.70656  2.0858  
1.384  2.8876  1.384  2.8876  
1.56015  2.50274  1.56015  2.50274  
0.938859  3.53188  0.938859  3.53188  
2  0.000201037  2  0.000201037  
1.92772  1.06563  1.92772  1.06563  
0.000401392  4  0.000401392  4  
0.637767  3.79118  0.637767  3.79118  
1.18158  3.2273  1.18158  3.2273  
1.82833  1.62135  1.82833  1.62135  
1.70656  2.0858  1.70656  2.0858  
1.384  2.8876  1.384  2.8876  
1.56015  2.50274  1.56015  2.50274  
0.938859  3.53188  0.938859  3.53188  
2  0.000201037  2  0.000201037  
1.92772  1.06563  1.92772  1.06563  
0.000401392  4  0.00667853  4.00628  
0.637767  3.79118  0.637767  3.79118  
1.18158  3.2273  1.18158  3.2273  
1.82833  1.62135  1.82833  1.62135  
1.70656  2.0858  1.70656  2.0858  
1.384  2.8876  1.384  2.8876  
1.56015  2.50274  1.56015  2.50274  
0.938859  3.53188  0.938859  3.53188  
2  0.000201037  2  0.000201037  
1.92772  1.06563  1.93292  1.07083  
0.000401392  4  0.000401392  4  
0.637767  3.79118  0.637767  3.79118  
1.18158  3.2273  1.18158  3.2273  
1.82833  1.62135  1.82833  1.62135  
1.70656  2.0858  1.70656  2.0858  
1.384  2.8876  1.384  2.8876  
1.56015  2.50274  1.56015  2.50274  
0.938859  3.53188  0.938859  3.53188  
2  0.000201037  2  0.000201037  
1.92772  1.06563  1.9343  1.07222  
0.000401392  4  0.000401392  4  
0.637767  3.79118  0.637767  3.79118  
1.18158  3.2273  1.18158  3.2273  
1.82833  1.62135  1.82833  1.62135  
0.306673  3.9527  
0.253254  3.9678  
0.406256  3.91661  
0.000401607  4  
0.360383  3.93453  
0.489191  3.87857  
0.451879  3.89657  
2  0.000201037  
0.526191  3.85908  
1.96108  0.78526  
0.804034  3.66253  
0.831313  3.63809  
1.97161  0.671544  
1.4596  2.73464  
0.88548  3.5866  
1.08468  3.36063  
1.73876  1.97659  
1.77704  1.83534  
1.88579  1.33238  
1.9771  0.60362  
1.06797  3.38198  
1.1012  3.33907  
1.966  0.734415  
0.912337  3.55957  
1.98217  0.532883  
1.79733  1.75454  
1.80811  1.70968  
0.858453  3.61279  
1.05113  3.40302  
1.7647  1.88237  
1.59046  2.42524  
1.47754  2.69582  
1.69508  2.12294  
0.965207  3.50336  
0.200613  3.97983  
1.89417  1.28392  
1.95566  0.837562  
1.75173  1.93023  
1.27981  3.07381  
1.16609  3.24975  
1.32327  2.9993  
1.90347  1.22769  
1.94198  0.956509  
0.730239  3.72384  
0.693319  3.75196  
1.49588  2.65506  
1.2575  3.11043  
1.98682  0.458414  
1.14242  3.28321  
1.60514  2.38623  
0.571495  3.83322  
1.85738  1.48345  
1.30165  3.03738  
1.63682  2.29855  
1.44246  2.77078  
1.91893  1.12731  
1.21267  3.18084  
0.664971  3.77243  
1.34394  2.96232  
1.78591  1.80057  
1.99047  0.390038  
1.83766  1.57862  
1.4038  2.84911  
0.600428  3.81549  
1.65234  2.25367  
1.62124  2.34229  
1.57545  2.46411  
1.94966  0.891839  
0.991328  3.47424  
1.36374  2.9259  
1.42273  2.81129  
1.23496  3.14634  
1.81788  1.66769  
1.53271  2.56967  
1.91043  1.18363  
1.54541  2.53906  
1.87325  1.40137  
1.03449  3.42335  
1.93462  1.01438  
1.01733  3.44395  
1.12556  3.30642  
1.5146  2.61226  
1.9943  0.301748  
0.75713  3.7023  
0.775574  3.687  
1.84792  1.52994  
0.131441  3.99135  
1.66705  2.20992  
1.86555  1.44185  
1.71469  2.05896  
1.73056  2.00514  
1.99734  0.206129  
1.6832  2.16042  
1.92772  1.06563  
1.384  2.8876  
0.637767  3.79118  
1.56015  2.50274  
0.938859  3.53188  
1.18158  3.2273  
1.82833  1.62135  
1.70656  2.0858  1.70656  2.0858  
1.384  2.8876  1.384  2.8876  
1.56015  2.50274  1.56015  2.50274  
0.938856  3.53188  0.938856  3.53188  
2  0.000201037  2  0.000201037  
1.92772  1.06563  1.92772  1.06563  
0.000401392  4  0.000401392  4  
0.637768  3.79118  0.637768  3.79118  
1.18158  3.2273  1.18158  3.2273  
1.82833  1.62135  1.82833  1.62135  
1.70656  2.0858  1.70656  2.0858  
1.384  2.8876  1.384  2.8876  
1.56015  2.50274  1.56015  2.50274  
0.938856  3.53188  0.938856  3.53188  
2  0.000201037  2  0.000201037  
1.92772  1.06563  1.92772  1.06563  
0.000401392  4  0.000401392  4  
0.637768  3.79118  0.637768  3.79118  
1.18158  3.2273  1.18158  3.2273  
1.82833  1.62135  1.82833  1.62135  
1.70656  2.0858  1.70656  2.0858  
1.384  2.8876  1.384  2.8876  
1.56015  2.50274  1.56015  2.50274  
0.938856  3.53188  0.938856  3.53188  
2  0.000201037  2  0.000201037  
1.92772  1.06563  1.92772  1.06563  
0.000401392  4  0.000401392  4  
0.637768  3.79118  0.637768  3.79118  
1.18158  3.2273  1.18158  3.2273  
1.82833  1.62135  1.82833  1.62135  
1.70656  2.0858  1.70656  2.0858  
1.384  2.8876  1.384  2.8876  
1.56015  2.50274  1.56015  2.50274  
0.938856  3.53188  0.938856  3.53188  
2  0.000201037  2  0.000201037  
1.92772  1.06563  1.92772  1.06563  
0.000401392  4  0.00653263  4.00613  
0.637768  3.79118  0.637768  3.79118  
1.18158  3.2273  1.18158  3.2273  
1.82833  1.62135  1.82833  1.62135  
1.70656  2.0858  1.70656  2.0858  
1.384  2.8876  1.38798  2.89158  
1.56015  2.50274  1.56015  2.50274  
0.938856  3.53188  0.938856  3.53188  
2  0.000201037  2  0.000201037  
1.92772  1.06563  1.92772  1.06563  
0.000401392  4  0.000401392  4  
0.637768  3.79118  0.637768  3.79118  
1.18158  3.2273  1.18158  3.2273  
1.82833  1.62135  1.82833  1.62135  
1.70656  2.0858  1.70656  2.0858  
1.384  2.8876  1.384  2.8876  
1.56015  2.50274  1.56015  2.50274  
0.938856  3.53188  0.938856  3.53188  
2  0.000201037  2  0.000201037  
1.92772  1.06563  1.92772  1.06563  
0.000401392  4  0.000401392  4  
0.637768  3.79118  0.637768  3.79118  
1.18158  3.2273  1.18158  3.2273  
1.82833  1.62135  1.82833  1.62135  
1.70656  2.0858  1.70656  2.0858  
1.384  2.8876  1.384  2.8876  
1.56015  2.50274  1.56015  2.50274  
0.938856  3.53188  0.956282  3.51828  
2  0.000201037  2  0.000201037  
1.92772  1.06563  1.92772  1.06563  
0.000401392  4  0.000401392  4  
0.637768  3.79118  0.637768  3.79118  
1.18158  3.2273  1.18158  3.2273  
1.82833  1.62135  1.82833  1.62135  
1.70656  2.0858  1.70656  2.0858  
1.384  2.8876  1.384  2.8876  
1.56015  2.50274  1.56015  2.50274  
0.938856  3.53188  0.938856  3.53188  
2  0.000201037  2  0.000201037  
1.92772  1.06563  1.93757  1.07549  
0.000401392  4  0.000401392  4  
0.637768  3.79118  0.637768  3.79118  
1.18158  3.2273  1.18158  3.2273  
1.82833  1.62135  1.82833  1.62135  
1.70656  2.0858  1.70656  2.0858  
1.384  2.8876  1.384  2.8876  
1.56015  2.50274  1.56015  2.50274  
0.938856  3.53188  0.938856  3.53188  
2  0.000201037  2  0.000201037  
1.92772  1.06563  1.92772  1.06563  
0.000401392  4  0.000401392  4  
0.637768  3.79118  0.637768  3.79118  
1.18158  3.2273  1.18158  3.2273  
1.82833  1.62135  1.82833  1.62135  
1.70656  2.0858  1.70656  2.0858  
1.384  2.8876  1.384  2.8876  
1.56015  2.50274  1.56015  2.50274  
0.938856  3.53188  0.939587  3.53261  
2  0.000201037  2  0.000201037  
1.92772  1.06563  1.92772  1.06563  
0.000401392  4  0.000401392  4  
0.637768  3.79118  0.637768  3.79118  
1.18158  3.2273  1.18158  3.2273  
1.82833  1.62135  1.82833  1.62135  
0.306673  3.9527  
0.406256  3.91661  
0.000401607  4  
0.360383  3.93453  
0.489191  3.87857  
0.451879  3.89657  
2  0.000201037  
0.526191  3.85908  
0.831313  3.63809  
1.96108  0.785276  
0.200496  3.97985  
0.803965  3.66259  
1.74864  1.94141  
1.47747  2.69597  
1.77408  1.84676  
0.25326  3.9678  
1.98339  0.514521  
1.761  1.89617  
0.776529  3.68619  
1.80811  1.70965  
1.13393  3.29497  
1.96732  0.720158  
1.97809  0.59052  
0.912167  3.55975  
1.9556  0.83814  
1.60483  2.38705  
0.748975  3.70893  
0.858498  3.61275  
1.7973  1.75466  
1.02574  3.43386  
1.45959  2.73466  
1.98774  0.442145  
1.04273  3.41334  
0.572652  3.83253  
1.89253  1.29355  
1.52842  2.57988  
1.94955  0.892751  
0.693479  3.75185  
1.11759  3.31723  
1.15023  3.27229  
1.97201  0.666833  
1.59078  2.4244  
1.07645  3.37121  
1.00844  3.45431  
1.42264  2.81147  
1.25783  3.10989  
1.05962  3.39246  
1.90041  1.24648  
1.85328  1.50381  
1.78592  1.80054  
1.64087  2.28695  
1.27964  3.0741  
1.4414  2.77299  
1.84674  1.53563  
0.885782  3.5863  
1.68336  2.1599  
1.67064  2.19906  
0.991235  3.47416  
1.88444  1.33997  
1.69468  2.12419  
0.131343  3.99137  
1.81871  1.66409  
1.34212  2.96561  
1.73487  1.99019  
1.30132  3.03748  
1.09846  3.34269  
1.72144  2.03631  
1.943  0.948127  
1.32286  3.00003  
1.62391  2.33487  
1.65503  2.24576  
1.92036  1.1175  
1.21198  3.18189  
0.599796  3.81589  
0.721766  3.73044  
1.93571  1.00607  
0.663421  3.77352  
1.91067  1.1821  
1.99773  0.190361  
1.99454  0.295362  
1.36346  2.92641  
1.99128  0.373202  
1.23253  3.15016  
1.87493  1.39234  
1.57601  2.46268  
0.964329  3.50432  
1.54474  2.54068  
1.83793  1.57734  
1.51345  2.61494  
1.40368  2.84933  
1.86574  1.44084  
1.49511  2.65681  
1.56015  2.50274  
1.92772  1.06563  
1.384  2.8876  
0.637768  3.79118  
1.18158  3.2273  
0.938856  3.53188  
1.82833  1.62135  
1.70656  2.0858  
1.70656  2.0858  1.70656  2.0858  
1.384  2.8876  1.384  2.8876  
1.56015  2.50274  1.56015  2.50274  
0.938856  3.53188  0.938856  3.53188  
2  0.000201037  2  0.000201037  
1.92772  1.06563  1.92821  1.06612  
0.000401572  4  0.000401572  4  
0.637768  3.79118  0.637768  3.79118  
1.18158  3.2273  1.18158  3.2273  
1.82833  1.62135  1.82833  1.62135  
1.70656  2.0858  1.70656  2.0858  
1.384  2.8876  1.384  2.8876  
1.56015  2.50274  1.56015  2.50274  
0.938856  3.53188  0.938856  3.53188  
2  0.000201037  2  0.000201037  
1.92772  1.06563  1.92772  1.06563  
0.000401572  4  0.000401572  4  
0.637768  3.79118  0.641266  3.79467  
1.18158  3.2273  1.18158  3.2273  
1.82833  1.62135  1.82833  1.62135  
1.70656  2.0858  1.70656  2.0858  
1.384  2.8876  1.384  2.8876  
1.56015  2.50274  1.56015  2.50274  
0.938856  3.53188  0.953174  3.5462  
2  0.000201037  2  0.000201037  
1.92772  1.06563  1.92772  1.06563  
0.000401572  4  0.000401572  4  
0.637768  3.79118  0.637768  3.79118  
1.18158  3.2273  1.18158  3.2273  
1.82833  1.62135  1.82833  1.62135  
1.70656  2.0858  1.71411  2.09335  
1.384  2.8876  1.384  2.8876  
1.56015  2.50274  1.56015  2.50274  
0.938856  3.53188  0.938856  3.53188  
2  0.000201037  2  0.000201037  
1.92772  1.06563  1.92772  1.06563  
0.000401572  4  0.000401572  4  
0.637768  3.79118  0.637768  3.79118  
1.18158  3.2273  1.18158  3.2273  
1.82833  1.62135  1.82833  1.62135  
1.70656  2.0858  1.70656  2.0858  
1.384  2.8876  1.384  2.8876  
1.56015  2.50274  1.56015  2.50274  
0.938856  3.53188  0.938856  3.53188  
2  0.000201037  2  0.000201037  
1.92772  1.06563  1.92772  1.06563  
0.000401572  4  0.000401572  4  
0.637768  3.79118  0.637768  3.79118  
1.18158  3.2273  1.18158  3.2273  
1.82833  1.62135  1.83071  1.62373  
1.70656  2.0858  1.70656  2.0858  
1.384  2.8876  1.384  2.8876  
1.56015  2.50274  1.56015  2.50274  
0.938856  3.53188  0.938856  3.53188  
2  0.000201037  2  0.000201037  
1.92772  1.06563  1.92772  1.06563  
0.000401572  4  0.000401572  4  
0.637768  3.79118  0.637768  3.79118  
1.18158  3.2273  1.18158  3.2273  
1.82833  1.62135  1.90164  1.29425  
1.70656  2.0858  1.70656  2.0858  
1.384  2.8876  1.384  2.8876  
1.56015  2.50274  1.56015  2.50274  
0.938856  3.53188  0.938856  3.53188  
2  0.000201037  2  0.000201037  
1.92772  1.06563  1.92772  1.06563  
0.000401572  4  0.000401572  4  
0.637768  3.79118  0.637768  3.79118  
1.18158  3.2273  1.18158  3.2273  
1.82833  1.62135  1.83235  1.60311  
1.70656  2.0858  1.70656  2.0858  
1.384  2.8876  1.384  2.8876  
1.56015  2.50274  1.56015  2.50274  
0.938856  3.53188  0.938856  3.53188  
2  0.000201037  2  0.000201037  
1.92772  1.06563  1.92772  1.06563  
0.000401572  4  0.000401572  4  
0.637768  3.79118  0.64596  3.79937  
1.18158  3.2273  1.18158  3.2273  
1.82833  1.62135  1.82833  1.62135  
1.70656  2.0858  1.70656  2.0858  
1.384  2.8876  1.384  2.8876  
1.56015  2.50274  1.56015  2.50274  
0.938856  3.53188  0.938856  3.53188  
2  0.000201037  2.00073  0.000931136  
1.92772  1.06563  1.92772  1.06563  
0.000401572  4  0.000401572  4  
0.637768  3.79118  0.637768  3.79118  
1.18158  3.2273  1.18158  3.2273  
1.82833  1.62135  1.82833  1.62135  
1.70656  2.0858  1.70656  2.0858  
1.384  2.8876  1.384  2.8876  
1.56015  2.50274  1.56015  2.50274  
0.938856  3.53188  0.938856  3.53188  
2  0.000201037  2  0.000201037  
1.92772  1.06563  1.92772  1.06563  
0.000401572  4  0.000401572  4  
0.637768  3.79118  0.637768  3.79118  
1.18158  3.2273  1.18158  3.2273  
1.82833  1.62135  1.82833  1.62135  
0.306673  3.9527  
0.406256  3.91661  
0.000401607  4  
0.360383  3.93453  
0.489191  3.87857  
0.451879  3.89657  
2  0.000201037  
0.526191  3.85908  
0.25326  3.9678  
0.572678  3.83251  
1.97282  0.657262  
0.831298  3.6381  
1.96666  0.727308  
1.97856  0.58418  
1.03424  3.42365  
1.95954  0.80048  
1.74868  1.94126  
0.912259  3.55965  
0.200177  3.97991  
1.77108  1.85826  
0.88546  3.58662  
0.982636  3.48392  
0.858359  3.61288  
1.78306  1.81186  
1.71765  2.04907  
1.1972  3.20419  
1.01716  3.44406  
1.15785  3.26152  
1.75854  1.90531  
0.803458  3.66303  
1.98493  0.490066  
0.96522  3.50334  
1.44139  2.773  
1.34368  2.96278  
1.98988  0.401819  
1.11767  3.31712  
1.47742  2.69609  
1.59031  2.42561  
1.17379  3.23866  
0.693314  3.75197  
1.45951  2.73483  
0.609863  3.8095  
1.73883  1.97634  
1.13457  3.29409  
1.79442  1.76641  
0.721064  3.73099  
1.88234  1.35173  
1.8731  1.40214  
1.99364  0.318708  
1.36412  2.92519  
0.749058  3.70886  
1.52829  2.58017  
1.21258  3.18098  
1.51247  2.6172  
1.89237  1.29448  
1.8633  1.45343  
1.54469  2.54082  
1.60472  2.38736  
0.999966  3.46414  
1.80774  1.71123  
1.72838  2.01268  
1.90932  1.19081  
1.99734  0.206426  
0.131842  3.9913  
1.0512  3.40292  
1.90207  1.23663  
1.81847  1.66513  
1.30281  3.03492  
1.84419  1.54785  
1.83551  1.58858  
1.40385  2.84901  
0.665389  3.77214  
1.57613  2.46236  
1.49456  2.65803  
1.95252  0.868369  
1.28001  3.07348  
1.23297  3.14947  
1.66833  2.20606  
1.91747  1.13724  
1.69512  2.1228  
1.07643  3.37124  
1.85338  1.50331  
1.63784  2.29562  
1.32225  3.00111  
1.42255  2.81165  
1.93686  0.997129  
0.776552  3.68617  
1.62011  2.34541  
1.65383  2.24932  
1.09797  3.34333  
1.6834  2.15979  
1.25206  3.11919  
1.94519  0.929997  
0.637768  3.79118  
1.82833  1.62135  
1.384  2.8876  
1.92772  1.06563  
1.70656  2.0858  
0.938856  3.53188  
1.56015  2.50274  
1.70656  2.0858  1.70656  2.0858  
1.384  2.8876  1.384  2.8876  
1.56015  2.50274  1.56015  2.50274  
0.938856  3.53188  0.938856  3.53188  
2  0.000201037  2  0.000201037  
1.92772  1.06563  1.92772  1.06563  
0.000401572  4  0.00183959  4.00144  
0.637768  3.79118  0.637768  3.79118  
1.18158  3.2273  1.18158  3.2273  
1.82833  1.62135  1.82833  1.62135  
1.70656  2.0858  1.71283  2.09206  
1.384  2.8876  1.384  2.8876  
1.56015  2.50274  1.56015  2.50274  
0.938856  3.53188  0.938856  3.53188  
2  0.000201037  2  0.000201037  
1.92772  1.06563  1.92772  1.06563  
0.000401572  4  0.000401572  4  
0.637768  3.79118  0.637768  3.79118  
1.18158  3.2273  1.18158  3.2273  
1.82833  1.62135  1.82833  1.62135  
1.70656  2.0858  1.70656  2.0858  
1.384  2.8876  1.42445  2.83027  
1.56015  2.50274  1.56015  2.50274  
0.938856  3.53188  0.938856  3.53188  
2  0.000201037  2  0.000201037  
1.92772  1.06563  1.92772  1.06563  
0.000401572  4  0.000401572  4  
0.637768  3.79118  0.637768  3.79118  
1.18158  3.2273  1.18158  3.2273  
1.82833  1.62135  1.82833  1.62135  
1.70656  2.0858  1.70656  2.0858  
1.384  2.8876  1.384  2.8876  
1.56015  2.50274  1.56015  2.50274  
0.938856  3.53188  0.938856  3.53188  
2  0.000201037  2  0.000201037  
1.92772  1.06563  1.92772  1.06563  
0.000401572  4  0.000401572  4  
0.637768  3.79118  0.637768  3.79118  
1.18158  3.2273  1.18785  3.23356  
1.82833  1.62135  1.82833  1.62135  
1.70656  2.0858  1.70656  2.0858  
1.384  2.8876  1.384  2.8876  
1.56015  2.50274  1.56015  2.50274  
0.938856  3.53188  0.938856  3.53188  
2  0.000201037  2  0.000201037  
1.92772  1.06563  1.92772  1.06563  
0.000401572  4  0.018695  4.01829  
0.637768  3.79118  0.637768  3.79118  
1.18158  3.2273  1.18158  3.2273  
1.82833  1.62135  1.82833  1.62135  
1.70656  2.0858  1.70656  2.0858  
1.384  2.8876  1.384  2.8876  
1.56015  2.50274  1.56015  2.50274  
0.938856  3.53188  0.938856  3.53188  
2  0.000201037  2  0.000201037  
1.92772  1.06563  1.92772  1.06563  
0.000401572  4  0.000401572  4  
0.637768  3.79118  0.637768  3.79118  
1.18158  3.2273  1.18158  3.2273  
1.82833  1.62135  1.82833  1.62135  
1.70656  2.0858  1.70656  2.0858  
1.384  2.8876  1.384  2.8876  
1.56015  2.50274  1.56015  2.50274  
0.938856  3.53188  0.938856  3.53188  
2  0.000201037  2  0.000201037  
1.92772  1.06563  1.92772  1.06563  
0.000401572  4  0.000401572  4  
0.637768  3.79118  0.637768  3.79118  
1.18158  3.2273  1.18158  3.2273  
1.82833  1.62135  1.82833  1.62135  
1.70656  2.0858  1.70656  2.0858  
1.384  2.8876  1.384  2.8876  
1.56015  2.50274  1.56015  2.50274  
0.938856  3.53188  0.938856  3.53188  
2  0.000201037  2  0.000201037  
1.92772  1.06563  1.92772  1.06563  
0.000401572  4  0.000401572  4  
0.637768  3.79118  0.637768  3.79118  
1.18158  3.2273  1.18158  3.2273  
1.82833  1.62135  1.82833  1.62135  
1.70656  2.0858  1.71289  2.09213  
1.384  2.8876  1.384  2.8876  
1.56015  2.50274  1.56015  2.50274  
0.938856  3.53188  0.938856  3.53188  
2  0.000201037  2  0.000201037  
1.92772  1.06563  1.92772  1.06563  
0.000401572  4  0.000401572  4  
0.637768  3.79118  0.637768  3.79118  
1.18158  3.2273  1.18158  3.2273  
1.82833  1.62135  1.82833  1.62135  
1.70656  2.0858  1.70656  2.0858  
1.384  2.8876  1.384  2.8876  
1.56015  2.50274  1.56015  2.50274  
0.938856  3.53188  0.939035  3.53206  
2  0.000201037  2  0.000201037  
1.92772  1.06563  1.92772  1.06563  
0.000401572  4  0.000401572  4  
0.637768  3.79118  0.637768  3.79118  
1.18158  3.2273  1.18158  3.2273  
1.82833  1.62135  1.82833  1.62135  
0.306673  3.9527  
0.406256  3.91661  
0.000401607  4  
0.360383  3.93453  
0.489191  3.87857  
2  0.000201037  
0.25326  3.9678  
0.803986  3.66257  
0.535371  3.85403  
1.97338  0.650438  
1.74877  1.94093  
1.77109  1.85821  
0.885475  3.58661  
0.999947  3.46416  
0.831342  3.63806  
0.451933  3.89654  
1.75852  1.90536  
0.982628  3.48393  
1.97947  0.571709  
1.46556  2.72187  
0.965189  3.50338  
1.96666  0.727362  
1.73526  1.98883  
1.783  1.81208  
0.200618  3.97983  
1.85739  1.48337  
1.96031  0.792936  
0.785667  3.67844  
1.80545  1.72085  
1.02573  3.43388  
1.86744  1.43203  
1.95481  0.845487  
0.674946  3.76534  
1.19727  3.20409  
1.32284  3.00007  
1.04271  3.41335  
1.30188  3.03651  
1.48352  2.68265  
0.858193  3.61304  
1.65441  2.24759  
1.50019  2.64531  
1.98996  0.400342  
0.730484  3.7251  
1.89576  1.2745  
1.08482  3.36045  
1.79434  1.76675  
1.67106  2.19778  
1.72145  2.03627  
1.26499  3.09826  
0.758149  3.70146  
0.912256  3.55966  
1.05965  3.39243  
1.10942  3.32818  
1.44954  2.75596  
1.52865  2.57933  
1.88715  1.32465  
1.81585  1.67653  
1.941  0.964434  
1.12523  3.30687  
1.91224  1.17192  
1.22024  3.16923  
1.51184  2.61866  
1.94781  0.907801  
0.608567  3.81033  
1.28707  3.06167  
1.68332  2.16004  
1.54447  2.54134  
1.98534  0.48346  
1.6948  2.12381  
1.99757  0.196919  
0.131929  3.99129  
1.60551  2.38522  
1.42878  2.79899  
1.41025  2.83632  
0.570791  3.83364  
1.36397  2.92546  
1.99427  0.302598  
1.59077  2.42443  
1.14208  3.28369  
0.703027  3.74473  
1.16668  3.24891  
1.93468  1.01389  
1.34163  2.9665  
1.84474  1.54524  
1.57584  2.4631  
1.87679  1.38227  
1.83543  1.58897  
1.90658  1.20825  
1.62097  2.34304  
1.24152  3.13601  
1.91803  1.1334  
1.63802  2.29512  
1.384  2.8876  
0.637768  3.79118  
1.18158  3.2273  
0.938856  3.53188  
1.82833  1.62135  
1.70656  2.0858  
1.56015  2.50274  
1.92772  1.06563  
1.70656  2.0858  1.70656  2.0858  
1.384  2.8876  1.384  2.8876  
1.56015  2.50274  1.56015  2.50274  
0.938856  3.53188  0.938856  3.53188  
2  0.000201037  2  0.000201037  
1.92772  1.06563  1.92772  1.06563  
0.000401572  4  0.000401572  4  
0.637768  3.79118  0.637768  3.79118  
1.18158  3.2273  1.18158  3.2273  
1.82833  1.62135  1.82833  1.62135  
1.70656  2.0858  1.70656  2.0858  
1.384  2.8876  1.384  2.8876  
1.56015  2.50274  1.56015  2.50274  
0.938856  3.53188  0.938856  3.53188  
2  0.000201037  2  0.000201037  
1.92772  1.06563  1.92772  1.06563  
0.000401572  4  0.000401572  4  
0.637768  3.79118  0.637768  3.79118  
1.18158  3.2273  1.18158  3.2273  
1.82833  1.62135  1.82833  1.62135  
1.70656  2.0858  1.70656  2.0858  
1.384  2.8876  1.384  2.8876  
1.56015  2.50274  1.56015  2.50274  
0.938856  3.53188  0.938856  3.53188  
2  0.000201037  2  0.000201037  
1.92772  1.06563  1.92772  1.06563  
0.000401572  4  0.000401572  4  
0.637768  3.79118  0.637768  3.79118  
1.18158  3.2273  1.18158  3.2273  
1.82833  1.62135  1.82833  1.62135  
1.70656  2.0858  1.70656  2.0858  
1.384  2.8876  1.384  2.8876  
1.56015  2.50274  1.56015  2.50274  
0.938856  3.53188  0.938856  3.53188  
2  0.000201037  2  0.000201037  
1.92772  1.06563  1.92772  1.06563  
0.000401572  4  0.000401572  4  
0.637768  3.79118  0.637768  3.79118  
1.18158  3.2273  1.18158  3.2273  
1.82833  1.62135  1.82833  1.62135  
1.70656  2.0858  1.71464  2.09387  
1.384  2.8876  1.384  2.8876  
1.56015  2.50274  1.56015  2.50274  
0.938856  3.53188  0.938856  3.53188  
2  0.000201037  2  0.000201037  
1.92772  1.06563  1.92772  1.06563  
0.000401572  4  0.000401572  4  
0.637768  3.79118  0.637768  3.79118  
1.18158  3.2273  1.18158  3.2273  
1.82833  1.62135  1.82833  1.62135  
1.70656  2.0858  1.70656  2.0858  
1.384  2.8876  1.384  2.8876  
1.56015  2.50274  1.56015  2.50274  
0.938856  3.53188  0.938856  3.53188  
2  0.000201037  2  0.000201037  
1.92772  1.06563  1.92772  1.06563  
0.000401572  4  0.000401572  4  
0.637768  3.79118  0.637768  3.79118  
1.18158  3.2273  1.18158  3.2273  
1.82833  1.62135  1.82833  1.62135  
1.70656  2.0858  1.70656  2.0858  
1.384  2.8876  1.384  2.8876  
1.56015  2.50274  1.56015  2.50274  
0.938856  3.53188  0.938856  3.53188  
2  0.000201037  2  0.000201037  
1.92772  1.06563  1.92772  1.06563  
0.000401572  4  0.000401572  4  
0.637768  3.79118  0.637768  3.79118  
1.18158  3.2273  1.18158  3.2273  
1.82833  1.62135  1.82833  1.62135  
1.70656  2.0858  1.70656  2.0858  
1.384  2.8876  1.384  2.8876  
1.56015  2.50274  1.56015  2.50274  
0.938856  3.53188  0.938856  3.53188  
2  0.000201037  2  0.000201037  
1.92772  1.06563  1.92772  1.06563  
0.000401572  4  0.000401572  4  
0.637768  3.79118  0.637768  3.79118  
1.18158  3.2273  1.18158  3.2273  
1.82833  1.62135  1.82833  1.62135  
1.70656  2.0858  1.7149  2.09414  
1.384  2.8876  1.384  2.8876  
1.56015  2.50274  1.56015  2.50274  
0.938856  3.53188  0.938856  3.53188  
2  0.000201037  2  0.000201037  
1.92772  1.06563  1.92772  1.06563  
0.000401572  4  0.000401572  4  
0.637768  3.79118  0.637768  3.79118  
1.18158  3.2273  1.18158  3.2273  
1.82833  1.62135  1.82833  1.62135  
1.70656  2.0858  1.70754  2.08678  
1.384  2.8876  1.384  2.8876  
1.56015  2.50274  1.56015  2.50274  
0.938856  3.53188  0.938856  3.53188  
2  0.000201037  2  0.000201037  
1.92772  1.06563  1.92772  1.06563  
0.000401572  4  0.000401572  4  
0.637768  3.79118  0.637768  3.79118  
1.18158  3.2273  1.18158  3.2273  
1.82833  1.62135  1.82833  1.62135  
0.306673  3.9527  
0.406256  3.91661  
0.000401607  4  
0.360383  3.93453  
2  0.000201037  
0.25326  3.9678  
0.535371  3.85403  
1.97338  0.650438  
0.451933  3.89654  
0.200618  3.97983  
1.97902  0.577813  
1.74547  1.95276  
0.498201  3.87391  
0.885485  3.58659  
1.75844  1.90565  
0.758111  3.7015  
0.812954  3.65464  
1.72126  2.03691  
1.96796  0.713122  
0.912257  3.55966  
0.858486  3.61276  
1.98455  0.4962  
0.840397  3.62973  
1.45954  2.73478  
1.14206  3.28372  
1.9603  0.793068  
1.8655  1.4421  
0.965053  3.50353  
0.609838  3.80951  
1.95483  0.845311  
1.40356  2.84958  
1.81591  1.67628  
1.10945  3.32814  
1.69499  2.12322  
1.364  2.92542  
0.702759  3.74493  
0.786373  3.67783  
1.08488  3.36038  
1.94878  0.899479  
1.51178  2.6188  
1.91903  1.12661  
1.42256  2.81163  
1.59054  2.42503  
1.79445  1.76628  
1.94196  0.956607  
1.2048  3.19278  
1.73238  1.99886  
0.674936  3.76535  
1.54485  2.54043  
1.89223  1.29533  
1.22053  3.16879  
1.84674  1.53565  
1.32277  3.00019  
0.730453  3.72367  
1.77106  1.85832  
1.15796  3.26137  
1.52926  2.57788  
1.26518  3.09795  
0.982598  3.48396  
1.78308  1.81177  
1.88207  1.35323  
1.90214  1.23591  
1.12577  3.30614  
1.06816  3.38173  
1.47743  2.69607  
1.49481  2.65747  
1.6049  2.38688  
1.85529  1.49384  
1.66717  2.20956  
0.57282  3.83243  
1.90924  1.19133  
1.93571  1.00607  
0.131897  3.99129  
1.24225  3.13485  
1.99698  0.219856  
1.28581  3.06378  
1.57707  2.45997  
1.98903  0.418465  
1.65436  2.24775  
1.44115  2.7735  
1.02527  3.43443  
1.04258  3.41352  
1.62068  2.34383  
1.87323  1.40142  
1.80498  1.72282  
1.68148  2.16574  
1.84025  1.5665  
1.34545  2.95973  
1.99249  0.346276  
1.6379  2.29547  
1.18158  3.2273  
1.30847  3.02516  
1.00868  3.45403  
1.82833  1.62135  
1.70656  2.0858  
0.637768  3.79118  
0.938856  3.53188  
1.56015  2.50274  
1.384  2.8876  
1.92772  1.06563  
