1.58742  4.23413  1.60997  4.49541  
0.64803  3.83193  0.688789  3.79577  
0.926219  2.92665  1.00333  3  
1.40267  2.74485  1.88314  2.87168  
1.74896  3.67871  1.56014  4.45919  
0.96306  3.12858  0.835081  3.30139  
0.595745  4.56184  1.20403  4.56355  
1.13017  4.27032  1.13435  4.55063  
1.85015  3.11911  1.21557  3.79244  
1.51169  2.33776  0.82491  4.49542  
1.39609  3.01244  1.04223  4.39815  
0.981014  4.13951  0.99807  3.37619  
2.26667  4.49599  1.34841  2.86913  
1.55704  3.20482  0.920198  2.92941  
0.741238  4.44354  1.05524  4.33341  
0.897456  3.54611  1.36065  3.48059  
1.54976  4.28609  0.925749  2.92773  
1.32558  2.18541  1.06787  3.58058  
1.10557  3.90753  0.982872  4.39959  
1.35532  2.2302  1.36602  2.18284  
0.799363  4.51554  0.931942  3.65519  
1.34998  2.1177  1.17893  4.58471  
1.11393  4.49056  0.705544  3.85224  
1.16687  4.22965  1.15382  4.54842  
1.07947  4.40998  1.09815  4.39088  
1.68885  4.58893  0.741529  4.50447  
0.989864  3.00073  1.31873  2.71822  
0.906476  2.91325  1.082  4.36298  
1.52253  4.27133  1.19017  3.84171  
1.02276  4.34363  0.835914  2.91949  
1.90243  2.9545  1.88431  2.66323  
1.04491  4.03177  1.52716  2.37355  
1.91524  1.40208  1.50212  2.38428  
0.58113  4.09442  0.748672  4.30315  
1.15619  4.57121  1.04854  4.16528  
1.24505  3.7598  1.33406  2.3048  
1.19845  4.10377  1.4275  2.37024  
1.12687  4.46547  1.2777  2.55268  
1.07564  3.65017  0.798976  3.20034  
1.0715  4.13399  1.16937  2.82252  
0.913006  2.90959  0.725169  3.9808  
1.16633  4.53875  0.955719  3.61571  
1.16071  4.51106  1.08382  3.75634  
1.33663  4.03997  0.898464  3.51059  
0.996495  3.44054  1.12424  4.44143  
0.651147  3.88289  1.52752  2.93629  
1.22488  2.69276  0.964649  3.19248  
1.22386  3.57465  1.07495  3.45737  
1.92166  1.94893  1.37897  2.59068  
0.78459  4.1807  0.989303  4.40428  
1.08102  3.93502  0.888301  3.16971  
1.85537  1.28316  1.29542  3.9082  
1.50593  3.18361  1.52278  3.30912  
0.896264  2.9717  1.49155  2.80927  
1.43192  2.36369  1.26194  3.20213  
0.56758  3.64881  1.44158  2.42387  
0.915166  4.40052  1.17284  4.05826  
1.51882  2.72094  1.43014  2.87147  
0.778486  4.55331  0.834726  4.61626  
1.27754  3.17925  0.922168  3.28624  
0.949466  3.75989  0.710423  4.20274  
1.14113  3.78482  1.51883  2.80009  
1.07314  3.29126  1.25806  4.05997  
2.0494  3.36079  1.77796  3.90794  
1.19015  3.91665  0.652877  4.22822  
1.37079  2.67536  0.944926  4.11813  
1.40686  2.16559  0.778574  4.06231  
1.83949  3.41792  0.923917  4.21768  
1.19475  4.54082  0.828072  4.17075  
1.83655  1.23921  0.945348  3.00547  
1.31452  2.08899  1.33261  3.33424  
1.30872  2.8308  1.12738  4.14042  
0.886865  3.08741  0.879363  2.87872  
1.47949  2.50205  1.15317  4.40445  
0.943674  3.10857  1.48064  2.29876  
0.773703  4.55351  1.33705  2.24746  
0.79109  4.50217  1.11235  4.05322  
1.45705  2.44683  0.789955  4.27848  
1.34574  2.23931  0.832669  3.96524  
1.63418  4.48019  0.835568  4.12031  
1.36495  2.12654  1.13389  4.48406  
1.287  3.1764  1.36802  2.30765  
1.44151  2.19928  0.904366  2.97668  
1.12782  4.48438  1.09078  4.30518  
1.04853  3.40653  1.13148  4.19091  
1.01888  4.33707  1.29373  3.0695  
0.78071  4.22104  1.24689  2.97898  
1.48753  3.36844  1.23156  4.25265  
1.59332  3.63921  1.46856  2.53953  
1.22509  2.27681  0.89351  2.89162  
1.17494  4.37356  1.25845  4.37  
1.56464  2.64206  1.12512  3.22925  
1.38373  2.15032  1.71401  4.42482  
0.952611  3.33016  1.05438  4.26094  
1.63316  4.48597  0.89069  4.64139  
1.27475  2.08411  0.848469  4.08939  
0.78685  4.56254  1.39637  3.64399  
1.44607  2.82445  0.998728  3.04599  
1.05699  3.05574  1.69743  4.54471  
1.78513  3.66826  0.821073  3.65252  
1.27475  2.08411  
0.835914  2.91949  
0.798976  3.20034  
1.16937  2.82252  
1.22488  2.69276  
0.879363  2.87872  
1.83655  1.23921  
0.56758  3.64881  
1.22509  2.27681  
0.82491  4.49542  
1.04223  4.39815  
0.99807  3.37619  
1.34841  2.86913  
0.920198  2.92941  
1.05524  4.33341  
1.36065  3.48059  
0.925749  2.92773  
1.06787  3.58058  
0.982872  4.39959  
1.36602  2.18284  
1.17494  4.37356  
1.56464  2.64206  
1.38373  2.15032  
0.952611  3.33016  
1.63316  4.48597  
1.27475  2.08411  
0.78685  4.56254  
1.44607  2.82445  
1.05699  3.05574  
1.78513  3.66826  
0.931942  3.65519  
1.17893  4.58471  
0.705544  3.85224  
1.15382  4.54842  
1.09815  4.39088  
0.741529  4.50447  
1.31873  2.71822  
1.082  4.36298  
1.19017  3.84171  
0.835914  2.91949  
0.799363  4.51554  
1.34998  2.1177  
1.11393  4.49056  
1.16687  4.22965  
1.07947  4.40998  
1.68885  4.58893  
0.989864  3.00073  
0.906476  2.91325  
1.52253  4.27133  
1.02276  4.34363  
1.90243  2.9545  
1.04491  4.03177  
1.91524  1.40208  
0.58113  4.09442  
1.15619  4.57121  
1.24505  3.7598  
1.19845  4.10377  
1.12687  4.46547  
1.07564  3.65017  
1.0715  4.13399  
1.58742  4.23413  
0.64803  3.83193  
0.926219  2.92665  
1.40267  2.74485  
1.74896  3.67871  
0.96306  3.12858  
0.595745  4.56184  
1.13017  4.27032  
1.85015  3.11911  
1.51169  2.33776  
1.39609  3.01244  
0.981014  4.13951  
2.26667  4.49599  
1.55704  3.20482  
0.741238  4.44354  
0.897456  3.54611  
1.54976  4.28609  
1.32558  2.18541  
1.10557  3.90753  
1.35532  2.2302  
1.88431  2.66323  
1.52716  2.37355  
1.50212  2.38428  
0.748672  4.30315  
1.04854  4.16528  
1.33406  2.3048  
1.4275  2.37024  
1.2777  2.55268  
0.798976  3.20034  
1.16937  2.82252  
0.725169  3.9808  
0.955719  3.61571  
1.08382  3.75634  
0.898464  3.51059  
1.12424  4.44143  
1.52752  2.93629  
0.964649  3.19248  
1.07495  3.45737  
1.37897  2.59068  
0.989303  4.40428  
0.718891  2.74186  0.718891  2.74186  
0.151692  4.11848  0.151692  4.11848  
1.03247  1.79535  1.03247  1.79535  
0.314806  3.39551  0.3273  3.408  
0.61474  2.82715  0.61474  2.82715  
0.507468  3.1643  0.507468  3.1643  
0.286011  3.81674  0.286011  3.81674  
1.09639  1.85555  1.09639  1.85555  
0.657885  2.66158  0.657885  2.66158  
0.462416  3.53865  0.462416  3.53865  
0.266216  4.25979  0.266216  4.25979  
0.371367  3.45843  0.371367  3.45843  
1.14401  1.91298  1.15619  1.92515  
0.613846  3.20047  0.613846  3.20047  
0.554463  2.55157  0.554463  2.55157  
0.709231  2.71992  0.709231  2.71992  
1.79785  1.20161  1.79785  1.20161  
0.482269  3.56278  0.482269  3.56278  
0.652824  2.6498  0.652824  2.6498  
0.154874  4.11016  0.154874  4.11016  
1.08814  1.84906  1.08814  1.84906  
0.194273  4.15662  0.194273  4.15662  
1.49818  0.918868  1.49818  0.918868  
0.334784  4.28584  0.334784  4.28584  
0.329696  3.45346  0.329696  3.45346  
0.54846  2.57686  0.54846  2.57686  
1.01185  1.80207  1.01185  1.80207  
2.3642  0.364439  2.39282  0.393053  
0.578176  3.64074  0.578176  3.64074  
0.614246  2.62989  0.614246  2.62989  
1.57414  0.980235  1.57414  0.980235  
0.161315  4.06085  0.161315  4.06085  
1.2952  3.12496  1.2952  3.12496  
0.642231  2.64411  0.642231  2.64411  
0.19046  4.16015  0.19046  4.16015  
0.735254  2.73476  0.735254  2.73476  
1.1595  1.93379  1.1595  1.93379  
0.516896  2.527  0.516896  2.527  
0.378007  3.47196  0.378007  3.47196  
0.901583  4.12217  0.906163  4.12674  
0.885207  4.22795  0.885207  4.22795  
0.487239  4.20656  0.487239  4.20656  
0.648207  2.83311  0.648207  2.83311  
0.504941  3.52692  0.504941  3.52692  
0.201452  4.14893  0.201452  4.14893  
0.830583  3.83283  0.830583  3.83283  
1.12822  2.55811  1.12822  2.55811  
0.986477  1.74411  0.986477  1.74411  
0.400141  3.47292  0.433455  3.66425  
0.743814  2.75184  0.743814  2.75184  
0.591256  2.59051  0.591256  2.59051  
0.495816  4.15129  0.495816  4.15129  
0.383627  4.35456  0.383627  4.35456  
0.242692  4.21685  0.242692  4.21685  
0.515526  2.52334  0.515526  2.52334  
0.349702  3.43768  0.43328  3.51637  
1.80078  1.20347  1.80078  1.20347  
0.637621  3.79456  0.637621  3.79456  
0.790229  2.797  0.790229  2.797  
1.59535  0.999172  1.59535  0.999172  
0.126271  3.20305  0.126271  3.20305  
0.381537  2.64739  0.181645  3.47146  
2.13136  0.131421  2.13136  0.131421  
0.823848  2.18863  0.823848  2.18863  
0.101612  3.52855  0.101612  3.52855  
0.0110738  3.95712  0.0110738  3.95712  
1.5204  0.934283  1.5204  0.934283  
0.842161  1.61051  0.842161  1.61051  
0.433536  2.43594  0.433536  2.43594  
1.40479  0.81922  1.40479  0.81922  
1.5802  0.985646  1.5802  0.985646  
0.341728  3.41634  0.341728  3.41634  
0.623109  2.6356  0.623109  2.6356  
0.284861  3.50716  0.284861  3.50716  
0.188758  4.14508  0.188758  4.14508  
0.832727  3.76858  0.832727  3.76858  
1.15532  2.2293  1.15532  2.2293  
0.955084  1.72492  0.955084  1.72492  
0.386118  3.71038  0.392731  3.71699  
0.712752  2.70947  0.712752  2.70947  
1.72115  1.12782  1.72265  1.12931  
1.06616  1.85378  1.06616  1.85378  
0.329273  3.40994  0.329273  3.40994  
0.83535  3.71613  0.83535  3.71613  
0.247589  4.18733  0.247589  4.18733  
0.735281  2.78439  0.735281  2.78439  
1.06191  2.16676  1.06191  2.16676  
0.659589  3.13691  0.659589  3.13691  
0.334696  4.2787  0.334696  4.2787  
0.838465  2.94482  0.838465  2.94482  
0.201749  4.1516  0.201749  4.1516  
0.373467  3.57562  0.373467  3.57562  
1.61844  1.0245  1.61844  1.0245  
0.583035  2.80902  0.592538  2.81852  
0.301908  4.25398  0.301908  4.25398  
0.596677  2.60216  0.596677  2.60216  
0.77189  2.77407  0.77189  2.77407  
0.513342  2.54462  0.513342  2.54462  
0.628268  3.90268  0.628268  3.90268  
0.932884  3.11287  0.932884  3.11287  
2.06226  0.543104  
2.09876  0.220173  
2.09524  0.243311  
2.04874  0.701713  
2.08913  0.297824  
2.10762  0.168516  
2.08073  0.363607  
2.05694  0.625632  
2.11063  0.15618  
2.11874  0.131501  
2.06896  0.462116  
2.10115  0.193247  
2.11574  0.135764  
2.12208  0.122331  
0.819755  1.77615  
1.37827  0.946395  
0.344299  2.99267  
0.366967  2.70796  
0.383345  2.55334  
1.35178  1.19572  
1.33199  1.39092  
0.35005  2.91316  
0.810773  1.80782  
1.38915  0.865072  
0.816712  1.78292  
0.785659  2.04525  
1.3828  0.893268  
0.803541  1.8593  
1.3789  0.912043  
0.766312  2.28127  
1.35691  1.07759  
0.372372  2.65021  
0.767366  2.27119  
0.341011  3.00193  
0.780953  2.09273  
1.36209  1.02918  
1.39352  0.845572  
0.348216  2.93641  
1.36327  1.01935  
1.32661  1.41692  
0.771402  2.21323  
0.0787032  3.59802  
0.0940626  3.47703  
1.31347  1.59945  
0.106753  3.22551  
0.0657275  3.73178  
0.807057  1.82254  
0.374757  2.62553  
1.39039  0.854031  
0.79221  1.95855  
0.330514  3.12562  
1.4002  0.82616  
1.31586  1.55457  
1.34216  1.21781  
0.088489  3.57618  
0.0148219  3.90569  
0.360037  2.72484  
0.332883  3.07904  
1.38503  0.874805  
1.35246  1.12742  
1.39398  0.829586  
0.820505  1.69993  
0.409293  2.41719  
0.128168  3.20234  
0.773518  2.13055  
0.374972  2.57464  
0.118646  3.22396  
0.835607  1.63286  
1.36993  0.962141  
0.801434  1.8649  
1.33302  1.32764  
0.125091  3.20456  
0.797559  1.90112  
0.836376  1.62702  
1.38068  0.895619  
1.40443  0.819637  
0.399175  2.41962  
0.350124  2.79587  
0.384175  2.4808  
0.788843  1.99362  
0.38797  2.44422  
1.31961  1.43199  
0.840978  1.62463  
0.409676  2.41052  
1.31847  1.51584  
0.830771  1.6452  
0.842161  1.61051  
0.334171  3.05671  
0.842161  1.61051  
1.40479  0.81922  
0.842161  1.61051  
0.842161  1.61051  
1.40479  0.81922  
0.0962264  3.29358  
1.40604  0.809858  
0.0112023  3.95125  
0.0110738  3.95712  
0.842161  1.61051  
0.842161  1.61051  
0.0109676  3.9628  
1.47697  0.882837  1.47697  0.882837  
0.204086  3.28792  0.204086  3.28792  
0.124753  4.11404  0.124753  4.11404  
0.0736943  3.96782  0.0736943  3.96782  
0.438166  2.44662  0.438166  2.44662  
1.02812  1.79373  1.02812  1.79373  
0.941457  1.90509  0.953384  1.91702  
0.628866  2.66877  0.628866  2.66877  
0.265954  3.33853  0.265954  3.33853  
0.322626  3.45077  0.322626  3.45077  
0.695092  3.76231  0.695273  3.76249  
0.5049  2.51326  0.5049  2.51326  
0.102152  4.09015  0.102152  4.09015  
0.981444  1.91965  0.981444  1.91965  
0.39245  3.46466  0.39245  3.46466  
0.688191  3.50006  0.688191  3.50006  
1.44141  0.845017  1.44141  0.845017  
0.951462  1.75113  0.951462  1.75113  
0.243937  3.32833  0.243937  3.32833  
0.208597  4.19936  0.208597  4.19936  
0.152165  4.08292  0.152165  4.08292  
0.758689  3.62052  0.758689  3.62052  
0.286172  3.36225  0.286172  3.36225  
0.466929  2.69119  0.466929  2.69119  
1.4487  0.86091  1.45088  0.86309  
0.508542  2.51871  0.508542  2.51871  
1.0116  1.83682  1.0116  1.83682  
0.662448  2.93761  0.662448  2.93761  
0.0322443  3.96095  0.0322443  3.96095  
0.18384  3.264  0.18384  3.264  
0.900654  1.66368  0.900654  1.66368  
0.174055  3.25218  0.174055  3.25218  
0.0554432  4.05271  0.0554432  4.05271  
0.132752  3.48642  0.132752  3.48642  
0.408469  2.42339  0.647602  3.99556  
0.515855  2.515  0.515855  2.515  
2.09601  0.0960262  2.09601  0.0960262  
0.211794  4.18139  0.211794  4.18139  
0.866458  1.96345  0.866458  1.96345  
0.249897  3.34952  0.249897  3.34952  
0.162778  3.24646  0.162778  3.24646  
0.291472  3.3653  0.291472  3.3653  
0.181941  4.1215  0.181941  4.1215  
1.43142  0.837112  1.43142  0.837112  
0.0603673  4.00187  0.0603673  4.00187  
0.0691413  4.05551  0.0691413  4.05551  
0.529719  2.54136  0.468338  3.1291  
0.925426  1.86025  0.925426  1.86025  
0.225988  3.2996  0.225988  3.2996  
0.996829  1.75581  0.996829  1.75581  
0.10317  3.19315  0.10317  3.19315  
1.32654  1.163  1.32654  1.163  
2.00205  0.00235298  2.00205  0.00235298  
0.345107  2.66478  0.345107  2.66478  
0.392247  2.39464  0.392247  2.39464  
0.00453278  3.96546  0.0170706  3.90778  
1.35816  0.925565  1.35816  0.925565  
0.833562  1.59781  0.833562  1.59781  
0.784363  1.89185  0.784363  1.89185  
1.39405  0.801042  1.39405  0.801042  
0.399133  2.55992  0.399133  2.55992  
0.511879  2.51578  0.511879  2.51578  
0.0474352  4.03025  0.0474352  4.03025  
0.885117  1.65323  0.885117  1.65323  
0.502819  2.50214  0.502819  2.50214  
0.835192  1.94872  0.835192  1.94872  
1.40713  0.812169  1.40713  0.812169  
1.37874  1.2536  1.37874  1.2536  
0.199142  3.30207  0.199142  3.30207  
0.490742  2.51932  0.496266  2.52485  
0.449676  2.45545  0.449676  2.45545  
0.427978  2.78431  0.427978  2.78431  
0.0403422  4.00827  0.0403422  4.00827  
1.41518  0.82231  1.41518  0.82231  
0.535223  2.53448  0.535223  2.53448  
0.395971  2.69839  0.395971  2.69839  
0.856621  1.64294  0.856621  1.64294  
0.642923  3.3866  0.647923  3.3916  
0.205016  3.30994  0.205016  3.30994  
0.212726  4.1308  0.212726  4.1308  
1.47697  0.882837  1.47697  0.882837  
0.204086  3.28792  0.204086  3.28792  
0.126199  4.11549  0.126199  4.11549  
0.0748488  3.96897  0.0748488  3.96897  
0.438166  2.44662  0.438166  2.44662  
0.809717  4.1869  0.809717  4.1869  
0.941457  1.90509  0.941457  1.90509  
0.628866  2.66877  0.696906  2.7368  
0.26289  3.33546  0.26289  3.33546  
0.348789  3.42084  0.348789  3.42084  
0.412775  2.68728  0.412775  2.68728  
0.932234  1.70971  1.40686  1.70731  
0.0495393  3.99695  0.0495393  3.99695  
0.48191  2.49648  0.48191  2.49648  
0.243925  4.23512  0.243925  4.23512  
0.484516  2.48667  0.484516  2.48667  
1.4425  0.847703  1.4425  0.847703  
1.07081  1.86819  1.07081  1.86819  
0.226539  3.39997  0.226539  3.39997  
0.292153  3.36723  0.292153  3.36723  
0.332755  2.82817  
0.75034  2.24008  
0.31485  3.06758  
0.317758  3.02609  
0.32953  2.86885  
0.0505036  3.84273  
1.38242  0.808973  
0.00893666  3.89962  
0.352328  2.6051  
1.92146  0.731938  
0.797779  1.73703  
1.3123  1.34008  
0.778819  1.89906  
0.32101  2.98522  
0.806856  1.67611  
0.810725  1.65672  
0.773523  1.94641  
1.93008  0.60271  
0.793348  1.76798  
0.0913091  3.26169  
0.834658  1.59681  
0.826507  1.60674  
1.39192  0.798893  
0.34626  2.65283  
0.370993  2.46101  
0.324647  2.91447  
0.785519  1.82557  
1.29938  1.51033  
1.33175  1.11534  
0.056943  3.72094  
1.37151  0.836439  
1.9538  0.297457  
0.745494  2.29235  
0.363816  2.50313  
0.308995  3.15364  
1.36309  0.869925  
0.337942  2.75723  
0.340208  2.71624  
1.33818  1.05136  
1.97638  0.101273  
0.769219  1.98684  
0.10912  3.18332  
0.75565  2.16235  
0.367896  2.47616  
0.760264  2.10413  
1.96103  0.219708  
1.93814  0.473656  
0.0690953  3.5277  
1.29543  1.56358  
1.97207  0.129988  
1.32066  1.23336  
0.355328  2.56823  
0.0632958  3.62554  
0.375122  2.43616  
0.343322  2.68719  
0.360437  2.52466  
0.781191  1.87332  
1.9343  0.536043  
1.91734  0.770584  
0.382713  2.40824  
1.34678  0.97368  
1.32397  1.19044  
1.34926  0.956119  
0.815565  1.63652  
1.96554  0.18077  
0.103117  3.19334  
1.9413  0.432218  
0.741507  2.33333  
1.95799  0.247976  
0.334467  2.78853  
0.310859  3.10978  
1.35889  0.893053  
1.36799  0.847652  
1.30874  1.38023  
1.30445  1.43086  
1.335  1.07635  
0.0969292  3.22008  
1.98146  0.0710851  
1.34238  1.01261  
0.800755  1.70829  
0.820513  1.61764  
0.753215  2.19486  
1.92475  0.657252  
0.392836  2.39298  
1.32844  1.14319  
1.95069  0.323308  
1.98961  0.0338938  
0.0747437  3.44508  
1.94716  0.367114  
1.94372  0.402745  
1.31608  1.28311  
0.0856418  3.31391  
1.99681  0.0118973  
2.00205  0.00235298  
0.764389  2.05328  
0.348717  2.63267  
0.0801973  3.37346  
0.790861  1.78658  
0.00453278  3.96546  
1.35421  0.922123  
0.109391  3.18595  0.109391  3.18595  
0.340098  2.89919  0.340098  2.89919  
1.92483  1.02618  1.92483  1.02618  
0.84433  1.61508  0.851594  1.61127  
0.0628502  3.75604  0.0628502  3.75604  
0.0398721  3.98939  0.0398721  3.98939  
0.662821  3.6099  0.662821  3.6099  
1.06044  3.73915  1.06044  3.73915  
1.08602  3.95074  1.08602  3.95074  
0.0777772  3.39938  0.0777772  3.39938  
0.106591  3.1819  0.105676  3.20872  
0.592568  4.00873  0.592568  4.00873  
2.00086  0.00108375  2.00086  0.00108375  
0.390562  2.39168  0.390562  2.39168  
0.518137  3.5207  0.518137  3.5207  
0.00171571  3.94857  0.00171571  3.94857  
0.835568  1.59901  0.835568  1.59901  
0.343733  2.66339  0.343733  2.66339  
1.07295  3.93556  1.07295  3.93556  
0.0772205  3.39367  0.0772205  3.39367  
0.105929  3.18294  0.105929  3.18294  
0.344386  2.68594  0.354545  2.69458  
2.00093  0.00098902  2.00093  0.00098902  
0.83014  1.59587  0.83014  1.59587  
0.390575  2.39124  0.390575  2.39124  
0.00171429  3.94862  0.00171429  3.94862  
1.03701  3.63867  1.03701  3.63867  
0.777994  1.87824  0.777994  1.87824  
1.02838  3.6218  1.02838  3.6218  
0.0715383  3.46472  0.0715383  3.46472  
0.101285  3.19214  0.101285  3.19214  
1.389  0.797677  1.389  0.797677  
2.00091  0.00112639  2.00091  0.00112639  
0.34348  2.65888  0.34348  2.65888  
0.389811  2.39258  0.394755  2.39752  
0.00171706  3.94853  0.00171706  3.94853  
1.33514  1.06671  1.33514  1.06671  
0.831807  1.59491  0.831807  1.59491  
0.762947  2.03397  0.762947  2.03397  
0.79403  1.74105  0.79403  1.74105  
0.106604  3.18191  0.106604  3.18191  
0.761214  2.16802  0.761214  2.16802  
2.00087  0.00106705  2.00087  0.00106705  
0.39087  2.39171  0.39087  2.39171  
0.793191  1.76681  0.793191  1.76681  
0.00171432  3.94866  0.00171432  3.94866  
0.840085  1.59924  0.840085  1.59924  
0.343209  2.66512  0.349916  2.67183  
1.38657  0.804054  1.38657  0.804054  
0.0769638  3.39856  0.0769638  3.39856  
0.105943  3.18295  0.105943  3.18295  
0.344359  2.68591  0.344359  2.68591  
2.00085  0.00110563  2.00085  0.00110563  
0.830107  1.59583  0.830107  1.59583  
0.390566  2.39124  0.390566  2.39124  
0.00171465  3.94862  0.00171465  3.94862  
1.33617  1.06101  1.33617  1.06101  
0.777881  1.87813  0.784237  1.88449  
1.3879  0.798265  1.3879  0.798265  
0.0716056  3.46478  0.0716056  3.46478  
0.105943  3.18295  0.105943  3.18295  
0.344369  2.68592  0.356084  2.69763  
2.00084  0.00110957  2.00084  0.00110957  
0.831301  1.59507  0.831301  1.59507  
0.390566  2.39124  0.390566  2.39124  
0.00171465  3.94862  0.00171465  3.94862  
1.65461  3.89443  1.65461  3.89443  
0.777911  1.87816  0.777911  1.87816  
1.3879  0.798265  1.3879  0.798265  
0.0714523  3.46463  0.0714523  3.46463  
0.101285  3.19214  0.101285  3.19214  
1.389  0.797677  1.389  0.797677  
1.75811  3.57268  1.75811  3.57268  
0.34348  2.65888  0.34348  2.65888  
0.38981  2.39258  0.38981  2.39258  
0.00171708  3.94853  0.00171708  3.94853  
1.33514  1.06671  1.33514  1.06671  
0.831807  1.59491  1.40529  0.814891  
0.762972  2.03399  0.762972  2.03399  
0.79403  1.74105  0.79403  1.74105  
0.106591  3.1819  0.106591  3.1819  
0.781272  1.85778  0.781272  1.85778  
2.00086  0.00108375  2.00086  0.00108375  
0.390562  2.39168  0.390562  2.39168  
0.518996  3.48354  0.518996  3.48354  
0.00171571  3.94857  0.00171571  3.94857  
0.835568  1.59901  0.835568  1.59901  
0.343518  2.66317  0.343701  2.66335  
1.38963  0.807925  1.38963  0.807925  
0.0772205  3.39367  0.0772205  3.39367  
0.106591  3.1819  0.106591  3.1819  
0.79304  1.76299  0.789369  1.79249  
2.00086  0.00108375  2.00086  0.00108375  
0.390562  2.39168  0.390562  2.39168  
0.518996  3.48354  0.518996  3.48354  
0.00171571  3.94857  0.00171571  3.94857  
0.639871  3.7726  0.639871  3.7726  
0.343518  2.66317  0.343518  2.66317  
1.38963  0.807925  1.38963  0.807925  
0.0772205  3.39367  0.0772205  3.39367  
0.320774  2.94164  
0.054086  3.73629  
0.0604328  3.63659  
1.2978  1.51062  
0.791349  1.75963  
0.0477254  3.82854  
0.314785  3.02456  
0.00167063  3.94135  
0.0660959  3.54487  
0.337739  2.72272  
1.37435  0.820987  
0.391428  2.39088  
0.33493  2.75598  
1.33008  1.11498  
0.783097  1.82596  
0.349312  2.60207  
0.340605  2.69058  
0.343381  2.66018  
0.743795  2.27906  
1.32102  1.20831  
1.30507  1.40498  
1.3507  0.935749  
0.355277  2.5475  
1.35475  0.909165  
0.741122  2.31606  
0.375829  2.42171  
0.821352  1.60847  
1.30184  1.45199  
0.305711  3.15276  
1.30842  1.36149  
0.807355  1.65841  
0.747975  2.22243  
0.752707  2.16164  
0.813499  1.63212  
1.91819  0.739035  
1.33816  1.03461  
1.29323  1.56899  
1.31301  1.30241  
0.00551708  3.89635  
0.317672  2.98082  
0.0719877  3.45996  
0.100112  3.19638  
0.346285  2.62977  
1.94092  0.421142  
1.92147  0.688338  
1.3607  0.875259  
1.36806  0.840717  
1.93464  0.501341  
0.0883638  3.26654  
0.832617  1.59424  
0.0941273  3.22441  
1.95932  0.223229  
1.96479  0.175026  
1.93039  0.55813  
0.80068  1.69445  
0.364801  2.47779  
0.361527  2.49879  
0.352093  2.57395  
1.33362  1.08243  
1.9772  0.087448  
1.32648  1.14669  
0.76935  1.96147  
1.34507  0.976628  
0.323628  2.90147  
0.368218  2.45716  
0.329357  2.82632  
0.786495  1.79805  
1.98825  0.0332535  
0.30868  3.11059  
1.92491  0.63721  
0.778591  1.86827  
0.358182  2.52283  
1.92767  0.596106  
1.34152  1.01056  
1.3815  0.804385  
1.95526  0.261462  
0.380134  2.40815  
1.93824  0.454018  
1.97303  0.113361  
0.372081  2.43951  
1.98191  0.0611723  
1.3912  0.796217  
0.311851  3.06313  
1.95089  0.306893  
0.765294  2.00713  
1.9443  0.381498  
1.96993  0.135234  
1.94646  0.355104  
0.326444  2.86329  
0.332097  2.79017  
1.99316  0.0169556  
0.0828605  3.32037  
0.774072  1.91375  
0.106472  3.18189  
0.0773425  3.38649  
0.75973  2.07466  
0.796534  1.72183  
2.00083  0.00111637  
0.755539  2.12596  
1.31658  1.26543  
0.100683  3.19159  0.100683  3.19159  
0.763395  2.02303  0.763395  2.02303  
2.00082  0.00110906  2.00082  0.00110906  
1.33475  1.05856  1.33475  1.05856  
0.38851  2.39137  0.38851  2.39137  
0.000697655  3.9481  0.000697655  3.9481  
1.38742  0.796029  1.41114  0.819747  
0.831534  1.59388  0.831534  1.59388  
0.79232  1.74698  0.79232  1.74698  
0.342533  2.66082  0.342533  2.66082  
0.100655  3.19147  0.113216  3.20403  
0.34253  2.66201  0.34253  2.66201  
2.00082  0.00111127  2.00082  0.00111127  
0.388484  2.39133  0.388484  2.39133  
1.33449  1.05806  1.33449  1.05806  
0.00070391  3.9498  0.00070391  3.9498  
0.831677  1.59394  0.831677  1.59394  
0.763168  2.0227  0.763168  2.0227  
1.38753  0.796127  1.38753  0.796127  
0.792093  1.74668  0.792093  1.74668  
0.100605  3.19153  0.100605  3.19153  
0.342684  2.66191  0.342684  2.66191  
2.00082  0.00111335  2.00082  0.00111335  
0.388771  2.39137  0.388771  2.39137  
1.35009  0.932061  1.35024  0.932207  
0.000693793  3.95396  0.000693793  3.95396  
0.830269  1.59455  0.830269  1.59455  
1.31989  1.21003  1.31989  1.21003  
1.38882  0.795742  1.38882  0.795742  
0.778822  1.85805  0.778822  1.85805  
0.105415  3.18197  0.105415  3.18197  
0.0710254  3.46355  0.0787091  3.47124  
2.00062  0.00110139  2.00062  0.00110139  
1.33482  1.05801  1.33482  1.05801  
0.388502  2.39133  0.388502  2.39133  
0.000703743  3.95232  0.000703743  3.95232  
1.38757  0.796178  1.38757  0.796178  
0.830426  1.59459  0.830426  1.59459  
0.779123  1.85529  0.779123  1.85529  
0.34268  2.66262  0.34268  2.66262  
0.100746  3.19161  0.100746  3.19161  
0.764841  2.00655  0.764841  2.00655  
2.00055  0.00111398  2.00055  0.00111398  
0.342739  2.66271  0.342739  2.66271  
0.388513  2.39124  0.388513  2.39124  
0.000705531  3.95927  0.000705531  3.95927  
1.38748  0.796083  1.38748  0.796083  
0.831748  1.59379  0.831748  1.59379  
0.794016  1.73419  0.794016  1.73419  
1.33481  1.05806  1.33932  1.06256  
0.10538  3.18241  0.10538  3.18241  
0.777781  1.86814  0.777781  1.86814  
2.00082  0.0011086  2.00384  0.0042258  
0.0709884  3.46371  0.0709884  3.46371  
0.388604  2.3913  0.388604  2.3913  
0.000702934  3.9643  0.000702934  3.9643  
1.38753  0.796142  1.38753  0.796142  
0.830236  1.59474  0.830236  1.59474  
0.342565  2.66065  0.342565  2.66065  
1.33472  1.05834  1.33472  1.05834  
0.10542  3.18219  0.10542  3.18219  
0.342577  2.66107  0.342577  2.66107  
2.00062  0.00111475  2.00062  0.00111475  
1.33482  1.05808  1.33482  1.05808  
0.388991  2.39115  0.388991  2.39115  
0.000702999  3.94787  0.00123315  3.96464  
1.3875  0.796093  1.3875  0.796093  
0.830416  1.59462  0.830416  1.59462  
0.779263  1.85491  0.779263  1.85491  
0.0709769  3.46494  0.0709769  3.46494  
0.105329  3.1818  0.105329  3.1818  
0.0709246  3.46272  0.0709246  3.46272  
2.00066  0.00110598  2.00066  0.00110598  
0.38858  2.39126  0.38858  2.39126  
1.33452  1.05781  1.33452  1.05781  
0.000693834  3.95956  0.000693834  3.95956  
0.830314  1.59446  0.830314  1.59446  
0.779315  1.85527  0.779315  1.85527  
1.38795  0.796558  1.38795  0.796558  
0.342558  2.66018  0.346689  2.66431  
0.105452  3.18199  0.105452  3.18199  
0.779208  1.8544  0.779208  1.8544  
2.00067  0.00110767  2.00067  0.00110767  
0.388659  2.39136  0.388659  2.39136  
0.34252  2.66078  0.34252  2.66078  
0.00070311  3.95239  0.00070311  3.95239  
0.830751  1.59494  0.830751  1.59494  
1.33443  1.05898  1.33443  1.05898  
1.3879  0.796538  1.39237  0.801014  
0.0709584  3.46348  0.0709584  3.46348  
0.100814  3.19169  0.100814  3.19169  
0.342524  2.66108  0.342524  2.66108  
2.00066  0.00111185  2.00066  0.00111185  
1.34956  0.938352  1.34956  0.938352  
0.388582  2.39134  0.388582  2.39134  
0.000698488  3.94833  0.000698488  3.94833  
1.3887  0.795717  1.3887  0.795717  
0.830012  1.59454  0.830012  1.59454  
0.777831  1.86781  0.777831  1.86781  
1.3191  1.21977  1.31988  1.22055  
1.92767  0.596106  
1.94645  0.355181  
1.9354  0.490397  
1.918  0.739293  
1.92126  0.689586  
0.00450997  3.89536  
1.96405  0.180985  
0.325553  2.86379  
0.0991043  3.196  
0.360634  2.49989  
0.354315  2.54866  
0.316883  2.98133  
0.322637  2.9025  
1.94276  0.398187  
0.334102  2.75712  
1.92444  0.642507  
0.0652911  3.54778  
1.30109  1.44421  
0.33969  2.6916  
0.833172  1.59341  
1.32303  1.174  
0.805097  1.66562  
0.107682  3.18066  
1.29712  1.49892  
0.311002  3.06491  
1.29397  1.54416  
0.0931997  3.22645  
0.314036  3.02164  
1.93177  0.539289  
1.34626  0.959682  
0.304768  3.15529  
1.34251  0.989  
0.747477  2.21889  
0.809667  1.64422  
0.0764002  3.38727  
0.319777  2.94142  
0.307981  3.10849  
0.351305  2.57464  
0.0595009  3.64057  
0.348328  2.60214  
0.801127  1.68738  
0.758988  2.07304  
0.738744  2.33914  
1.33117  1.08964  
0.743145  2.2774  
0.3312  2.79138  
1.38949  0.795074  
0.788733  1.77229  
1.95079  0.307331  
0.0875526  3.26857  
1.31513  1.26431  
0.367372  2.45738  
0.774744  1.89742  
0.328375  2.82695  
1.36038  0.870525  
1.37254  0.821022  
0.383714  2.39693  
1.32713  1.13094  
0.345424  2.63075  
1.37956  0.804095  
0.770464  1.94205  
1.31124  1.31189  
0.336869  2.72374  
1.30511  1.39051  
0.797342  1.71052  
0.0531284  3.73533  
0.391058  2.39009  
1.30817  1.35115  
1.97374  0.108552  
1.98424  0.049423  
0.36395  2.47795  
0.767525  1.97384  
0.751809  2.16195  
0.375103  2.42091  
0.0819961  3.32276  
1.95972  0.217941  
1.95461  0.2667  
0.784006  1.81117  
0.793794  1.73433  
1.99168  0.0208832  
1.35567  0.896508  
0.756106  2.10756  
1.93953  0.437674  
1.33837  1.02613  
1.97862  0.0787002  
0.357392  2.52368  
2.00055  0.00111398  
0.0466701  3.82954  
0.823525  1.60195  
1.96919  0.139596  
1.33452  1.05781  
1.35009  0.932061  
0.815684  1.62226  
0.763168  2.0227  
1.3191  1.21977  
1.36639  0.844541  
0.0709246  3.46272  
0.000702999  3.94787  
0.34252  2.66078  
0.779209  1.8544  
0.105321  3.18171  0.105321  3.18171  
0.0708676  3.46139  0.0708676  3.46139  
2.00013  0.000680634  2.00013  0.000680634  
0.388515  2.39119  0.388515  2.39119  
1.33452  1.05771  1.33452  1.05771  
0.000654186  3.94938  0.000654186  3.94938  
0.829916  1.5944  0.829916  1.5944  
0.777915  1.86792  0.777915  1.86792  
1.38734  0.795942  1.38734  0.795942  
0.342502  2.66048  0.342502  2.66048  
0.105321  3.18171  0.105321  3.18171  
0.0708676  3.46139  0.0708676  3.46139  
2.00013  0.000680634  2.00013  0.000680634  
0.388515  2.39119  0.388515  2.39119  
1.33452  1.05771  1.33452  1.05771  
0.000654186  3.94938  0.000654186  3.94938  
0.829916  1.5944  0.829916  1.5944  
0.777915  1.86792  0.777915  1.86792  
1.38734  0.795942  1.44234  1.0329  
0.342502  2.66048  0.342502  2.66048  
0.105321  3.18171  0.105321  3.18171  
0.0708676  3.46139  0.0708676  3.46139  
2.00013  0.000680634  2.00013  0.000680634  
0.388515  2.39119  0.388515  2.39119  
1.33452  1.05771  1.33452  1.05771  
0.000654186  3.94938  0.000654186  3.94938  
0.829916  1.5944  0.829916  1.5944  
0.777915  1.86792  0.777915  1.86792  
1.38734  0.795942  1.39693  0.805531  
0.342502  2.66048  0.342502  2.66048  
0.105321  3.18171  0.105321  3.18171  
0.0708676  3.46139  0.0708676  3.46139  
2.00013  0.000680634  2.00705  0.00760031  
0.388515  2.39119  0.388515  2.39119  
1.33452  1.05771  1.33452  1.05771  
0.000654186  3.94938  0.000654186  3.94938  
0.829916  1.5944  0.829916  1.5944  
0.777915  1.86792  0.777915  1.86792  
1.38734  0.795942  1.38734  0.795942  
0.342502  2.66048  0.342502  2.66048  
0.105321  3.18171  0.105321  3.18171  
0.0708676  3.46139  0.0708676  3.46139  
2.00013  0.000680634  2.00013  0.000680634  
0.388515  2.39119  0.388515  2.39119  
1.33452  1.05771  1.33452  1.05771  
0.000654186  3.94938  0.000654186  3.94938  
0.829916  1.5944  0.829916  1.5944  
0.777915  1.86792  0.779583  1.86959  
1.38734  0.795942  1.38734  0.795942  
0.342502  2.66048  0.342502  2.66048  
0.105321  3.18171  0.105321  3.18171  
0.0708676  3.46139  0.0708676  3.46139  
2.00013  0.000680634  2.00013  0.000680634  
0.388515  2.39119  0.414568  2.41725  
1.33452  1.05771  1.33452  1.05771  
0.000654186  3.94938  0.000654186  3.94938  
0.829916  1.5944  0.829916  1.5944  
0.777915  1.86792  0.777915  1.86792  
1.38734  0.795942  1.38734  0.795942  
0.342502  2.66048  0.342502  2.66048  
0.105321  3.18171  0.108109  3.1845  
0.0708676  3.46139  0.0708676  3.46139  
2.00013  0.000680634  2.00013  0.000680634  
0.388515  2.39119  0.388515  2.39119  
1.33452  1.05771  1.33452  1.05771  
0.000654186  3.94938  0.000654186  3.94938  
0.829916  1.5944  0.829916  1.5944  
0.777915  1.86792  0.777915  1.86792  
1.38734  0.795942  1.38734  0.795942  
0.342502  2.66048  0.342502  2.66048  
0.105321  3.18171  0.105321  3.18171  
0.0708676  3.46139  0.0708676  3.46139  
2.00013  0.000680634  2.00013  0.000680634  
0.388515  2.39119  0.388515  2.39119  
1.33452  1.05771  1.33452  1.05771  
0.000654186  3.94938  0.000654186  3.94938  
0.829916  1.5944  0.829916  1.5944  
0.777915  1.86792  0.777915  1.86792  
1.38734  0.795942  1.38734  0.795942  
0.342502  2.66048  0.349855  2.66784  
0.105321  3.18171  0.105321  3.18171  
0.0708676  3.46139  0.0708676  3.46139  
2.00013  0.000680634  2.00013  0.000680634  
0.388515  2.39119  0.388515  2.39119  
1.33452  1.05771  1.33452  1.05771  
0.000654186  3.94938  0.000654186  3.94938  
0.829916  1.5944  0.829916  1.5944  
0.777915  1.86792  0.777915  1.86792  
1.38734  0.795942  1.38734  0.795942  
0.342502  2.66048  0.342502  2.66048  
0.105321  3.18171  0.105321  3.18171  
0.0708676  3.46139  0.0708676  3.46139  
2.00013  0.000680634  2.00013  0.000680634  
0.388515  2.39119  0.388515  2.39119  
1.33452  1.05771  1.33452  1.05771  
0.000654186  3.94938  0.000654186  3.94938  
0.829916  1.5944  0.834121  1.5986  
0.777915  1.86792  0.777915  1.86792  
1.38734  0.795942  1.38734  0.795942  
0.342502  2.66048  0.342502  2.66048  
0.319777  2.94142  
0.360552  2.49991  
0.304724  3.15512  
0.313841  3.02378  
0.351279  2.57427  
0.740148  2.31815  
0.0764318  3.38706  
0.357389  2.52333  
0.0652504  3.54606  
0.336831  2.72319  
0.328319  2.82689  
0.0466958  3.82814  
0.333956  2.75707  
0.7474  2.21906  
1.92544  0.621528  
1.30024  1.45493  
0.316817  2.9808  
0.801102  1.6868  
1.38942  0.795003  
0.758897  2.07248  
0.099088  3.19582  
1.94739  0.338082  
1.9651  0.166749  
0.367334  2.45703  
0.00466551  3.89535  
0.354319  2.54771  
0.743107  2.27708  
1.91631  0.758673  
0.770364  1.94191  
0.797268  1.71  
0.322686  2.9023  
1.92029  0.695784  
0.805143  1.66476  
1.9597  0.213204  
0.832376  1.59336  
0.348317  2.60154  
1.93627  0.470716  
0.761779  2.03804  
0.765985  1.98951  
1.95506  0.256755  
0.370987  2.43821  
0.383812  2.3967  
0.0819181  3.32214  
0.751751  2.16153  
0.809624  1.64363  
0.310903  3.06558  
1.94305  0.386877  
1.93254  0.519705  
0.814649  1.62451  
1.95065  0.302229  
0.093115  3.22546  
1.32304  1.17347  
0.774759  1.89639  
1.36587  0.844903  
0.756075  2.10761  
0.331158  2.79105  
0.363851  2.47758  
1.30335  1.41296  
1.92899  0.568882  
1.35342  0.910193  
0.792045  1.74621  
1.3105  1.32159  
1.34924  0.937923  
0.339633  2.69121  
0.787126  1.78502  
1.98658  0.0368403  
0.30785  3.10959  
0.782208  1.82583  
1.97507  0.0955603  
1.29397  1.54342  
0.342485  2.66025  
0.0531413  3.73422  
1.96987  0.13063  
0.0874494  3.26747  
0.77781  1.86741  
0.391313  2.39002  
2.00008  0.000680354  
0.374926  2.4218  
1.3398  1.01083  
1.33046  1.09658  
1.35929  0.876168  
0.345402  2.63073  
1.98052  0.0646377  
1.31437  1.27336  
1.29719  1.49781  
1.32629  1.1389  
0.820885  1.60726  
1.34428  0.974477  
1.37907  0.804947  
0.0593562  3.63681  
1.3191  1.21774  
0.32546  2.86403  
1.37109  0.826718  
1.93907  0.435533  
0.107193  3.1806  
0.000654287  3.94938  
1.30657  1.37112  
1.99252  0.0165083  
1.33453  1.05758  
0.0708676  3.46139  
0.10532  3.18171  0.10532  3.18171  
0.0708857  3.46108  0.0708857  3.46108  
2.00018  0.000609332  2.00018  0.000609332  
0.3885  2.3912  0.3885  2.3912  
1.33455  1.05735  1.33455  1.05735  
0.000654305  3.94938  0.000654305  3.94938  
0.829915  1.59439  0.829915  1.59439  
0.777806  1.8676  0.777806  1.8676  
1.38733  0.795938  1.38733  0.795938  
0.342506  2.66032  0.342506  2.66032  
0.10532  3.18171  0.10532  3.18171  
0.0708857  3.46108  0.0749244  3.48155  
2.00018  0.000609332  2.00018  0.000609332  
0.3885  2.3912  0.3885  2.3912  
1.33455  1.05735  1.33455  1.05735  
0.000654305  3.94938  0.000654305  3.94938  
0.829915  1.59439  0.829915  1.59439  
0.777806  1.8676  0.777806  1.8676  
1.38733  0.795938  1.38733  0.795938  
0.342506  2.66032  0.342506  2.66032  
0.10532  3.18171  0.10532  3.18171  
0.0708857  3.46108  0.0708857  3.46108  
2.00018  0.000609332  2.00018  0.000609332  
0.3885  2.3912  0.3885  2.3912  
1.33455  1.05735  1.33455  1.05735  
0.000654305  3.94938  0.000654305  3.94938  
0.829915  1.59439  0.829915  1.59439  
0.777806  1.8676  0.779752  1.86954  
1.38733  0.795938  1.38733  0.795938  
0.342506  2.66032  0.342506  2.66032  
0.10532  3.18171  0.10532  3.18171  
0.0708857  3.46108  0.0708857  3.46108  
2.00018  0.000609332  2.00018  0.000609332  
0.3885  2.3912  0.3885  2.3912  
1.33455  1.05735  1.33455  1.05735  
0.000654305  3.94938  0.000654305  3.94938  
0.829915  1.59439  0.829915  1.59439  
0.777806  1.8676  0.777806  1.8676  
1.38733  0.795938  1.38733  0.795938  
0.342506  2.66032  0.342506  2.66032  
0.10532  3.18171  0.10532  3.18171  
0.0708857  3.46108  0.0708857  3.46108  
2.00018  0.000609332  2.00018  0.000609332  
0.3885  2.3912  0.3885  2.3912  
1.33455  1.05735  1.33455  1.05735  
0.000654305  3.94938  0.000654305  3.94938  
0.829915  1.59439  0.829915  1.59439  
0.777806  1.8676  0.777806  1.8676  
1.38733  0.795938  1.38733  0.795938  
0.342506  2.66032  0.342506  2.66032  
0.10532  3.18171  0.10532  3.18171  
0.0708857  3.46108  0.0708857  3.46108  
2.00018  0.000609332  2.01324  0.0136721  
0.3885  2.3912  0.3885  2.3912  
1.33455  1.05735  1.33455  1.05735  
0.000654305  3.94938  0.000654305  3.94938  
0.829915  1.59439  0.829915  1.59439  
0.777806  1.8676  0.777806  1.8676  
1.38733  0.795938  1.38733  0.795938  
0.342506  2.66032  0.342506  2.66032  
0.10532  3.18171  0.10532  3.18171  
0.0708857  3.46108  0.0708857  3.46108  
2.00018  0.000609332  2.00018  0.000609332  
0.3885  2.3912  0.3885  2.3912  
1.33455  1.05735  1.33455  1.05735  
0.000654305  3.94938  0.000654305  3.94938  
0.829915  1.59439  0.829915  1.59439  
0.777806  1.8676  0.777806  1.8676  
1.38733  0.795938  1.38733  0.795938  
0.342506  2.66032  0.343604  2.66142  
0.10532  3.18171  0.10532  3.18171  
0.0708857  3.46108  0.0708857  3.46108  
2.00018  0.000609332  2.00018  0.000609332  
0.3885  2.3912  0.3885  2.3912  
1.33455  1.05735  1.33455  1.05735  
0.000654305  3.94938  0.000654305  3.94938  
0.829915  1.59439  0.829915  1.59439  
0.777806  1.8676  0.777917  1.86771  
1.38733  0.795938  1.38733  0.795938  
0.342506  2.66032  0.342506  2.66032  
0.10532  3.18171  0.10532  3.18171  
0.0708857  3.46108  0.0708857  3.46108  
2.00018  0.000609332  2.00018  0.000609332  
0.3885  2.3912  0.3885  2.3912  
1.33455  1.05735  1.33455  1.05735  
0.000654305  3.94938  0.000654305  3.94938  
0.829915  1.59439  0.829915  1.59439  
0.777806  1.8676  0.777806  1.8676  
1.38733  0.795938  1.38733  0.795938  
0.342506  2.66032  0.342506  2.66032  
0.10532  3.18171  0.10532  3.18171  
0.0708857  3.46108  0.0708857  3.46108  
2.00018  0.000609332  2.00018  0.000609332  
0.3885  2.3912  0.3885  2.3912  
1.33455  1.05735  1.33455  1.05735  
0.000654305  3.94938  0.0048727  3.95359  
0.829915  1.59439  0.829915  1.59439  
0.777806  1.8676  0.777806  1.8676  
1.38733  0.795938  1.38733  0.795938  
0.342506  2.66032  0.342506  2.66032  
0.304724  3.15512  
0.740148  2.31815  
0.328319  2.82689  
0.0466958  3.82814  
0.7474  2.21906  
1.38942  0.795003  
0.367334  2.45703  
0.743107  2.27708  
0.805143  1.66476  
1.9597  0.213204  
0.832376  1.59336  
0.761779  2.03804  
1.95506  0.256755  
0.370987  2.43821  
0.751751  2.16153  
0.310903  3.06558  
1.94305  0.386877  
0.774759  1.89639  
0.756075  2.10761  
0.331158  2.79105  
0.363851  2.47758  
0.339633  2.69121  
0.342485  2.66025  
0.391313  2.39002  
0.107193  3.1806  
0.32263  2.90159  
0.093158  3.22538  
1.91654  0.752333  
0.0593712  3.63649  
1.9239  0.64124  
0.336815  2.72343  
0.383859  2.39652  
0.0531779  3.7332  
0.00450815  3.89532  
1.96458  0.171204  
0.316813  2.98119  
1.93526  0.484074  
1.31439  1.27307  
0.351261  2.57446  
0.345386  2.63051  
0.319731  2.94079  
0.348302  2.60187  
0.357384  2.52328  
0.0874343  3.26744  
0.325493  2.86346  
0.0990655  3.19573  
0.360573  2.4997  
1.91976  0.702812  
1.96925  0.135057  
0.0652316  3.54503  
1.93131  0.536586  
1.35131  0.923776  
0.313877  3.02251  
0.307824  3.10942  
0.0764209  3.38615  
1.30658  1.37089  
1.92797  0.582865  
1.95116  0.296664  
1.3389  1.01851  
0.374944  2.42132  
1.94686  0.343367  
0.0819216  3.32122  
0.333982  2.75677  
0.782376  1.82538  
1.93936  0.431962  
0.777809  1.86757  
0.801162  1.6869  
1.33119  1.08938  
1.35565  0.896534  
1.98201  0.057145  
0.810946  1.63864  
1.97306  0.108589  
1.36611  0.843934  
0.817613  1.61559  
1.32306  1.17344  
0.766123  1.98928  
1.31048  1.32114  
0.787115  1.78501  
1.30266  1.42262  
1.32709  1.13059  
1.99264  0.0161456  
1.98666  0.0365137  
1.31904  1.21839  
1.34622  0.959641  
1.34251  0.98844  
0.354283  2.54823  
0.770453  1.94196  
0.822412  1.60403  
1.37273  0.820342  
0.792089  1.74651  
1.29476  1.5321  
1.36048  0.869973  
1.29929  1.46851  
1.97724  0.0826712  
0.797179  1.71134  
1.37898  0.805955  
1.33455  1.05735  
2.00018  0.000609332  
0.000654305  3.94938  
0.0708857  3.46108  
0.10532  3.18171  0.10532  3.18171  
0.0708851  3.46108  0.0708851  3.46108  
2.00018  0.000609191  2.00018  0.000609191  
0.388502  2.3912  0.388502  2.3912  
1.33455  1.05732  1.33455  1.05732  
0.000654305  3.94938  0.000654305  3.94938  
0.829915  1.59439  0.829915  1.59439  
0.777806  1.8676  0.777806  1.8676  
1.38733  0.795934  1.38733  0.795934  
0.342505  2.66032  0.342505  2.66032  
0.10532  3.18171  0.10532  3.18171  
0.0708851  3.46108  0.0708851  3.46108  
2.00018  0.000609191  2.00018  0.000609191  
0.388502  2.3912  0.388502  2.3912  
1.33455  1.05732  1.33455  1.05732  
0.000654305  3.94938  0.000654305  3.94938  
0.829915  1.59439  0.829915  1.59439  
0.777806  1.8676  0.777806  1.8676  
1.38733  0.795934  1.38733  0.795934  
0.342505  2.66032  0.347721  2.66554  
0.10532  3.18171  0.10532  3.18171  
0.0708851  3.46108  0.0708851  3.46108  
2.00018  0.000609191  2.00018  0.000609191  
0.388502  2.3912  0.389477  2.39218  
1.33455  1.05732  1.33455  1.05732  
0.000654305  3.94938  0.000654305  3.94938  
0.829915  1.59439  0.829915  1.59439  
0.777806  1.8676  0.777806  1.8676  
1.38733  0.795934  1.38733  0.795934  
0.342505  2.66032  0.342505  2.66032  
0.10532  3.18171  0.10532  3.18171  
0.0708851  3.46108  0.0708851  3.46108  
2.00018  0.000609191  2.00018  0.000609191  
0.388502  2.3912  0.388502  2.3912  
1.33455  1.05732  1.33455  1.05732  
0.000654305  3.94938  0.000654305  3.94938  
0.829915  1.59439  0.870972  1.69652  
0.777806  1.8676  0.777806  1.8676  
1.38733  0.795934  1.38733  0.795934  
0.342505  2.66032  0.342505  2.66032  
0.10532  3.18171  0.10532  3.18171  
0.0708851  3.46108  0.0708851  3.46108  
2.00018  0.000609191  2.00018  0.000609191  
0.388502  2.3912  0.388502  2.3912  
1.33455  1.05732  1.33455  1.05732  
0.000654305  3.94938  0.000654305  3.94938  
0.829915  1.59439  0.829915  1.59439  
0.777806  1.8676  0.777806  1.8676  
1.38733  0.795934  1.38733  0.795934  
0.342505  2.66032  0.350899  2.66872  
0.10532  3.18171  0.10532  3.18171  
0.0708851  3.46108  0.0708851  3.46108  
2.00018  0.000609191  2.00018  0.000609191  
0.388502  2.3912  0.388502  2.3912  
1.33455  1.05732  1.33455  1.05732  
0.000654305  3.94938  0.000654305  3.94938  
0.829915  1.59439  0.829915  1.59439  
0.777806  1.8676  0.777806  1.8676  
1.38733  0.795934  1.3944  0.803009  
0.342505  2.66032  0.342505  2.66032  
0.10532  3.18171  0.10532  3.18171  
0.0708851  3.46108  0.0708851  3.46108  
2.00018  0.000609191  2.00018  0.000609191  
0.388502  2.3912  0.388502  2.3912  
1.33455  1.05732  1.33455  1.05732  
0.000654305  3.94938  0.000654305  3.94938  
0.829915  1.59439  0.829915  1.59439  
0.777806  1.8676  0.777806  1.8676  
1.38733  0.795934  1.38733  0.795934  
0.342505  2.66032  0.342505  2.66032  
0.10532  3.18171  0.10532  3.18171  
0.0708851  3.46108  0.0804965  3.47069  
2.00018  0.000609191  2.00018  0.000609191  
0.388502  2.3912  0.388502  2.3912  
1.33455  1.05732  1.33455  1.05732  
0.000654305  3.94938  0.000654305  3.94938  
0.829915  1.59439  0.829915  1.59439  
0.777806  1.8676  0.777806  1.8676  
1.38733  0.795934  1.38733  0.795934  
0.342505  2.66032  0.342505  2.66032  
0.10532  3.18171  0.10532  3.18171  
0.0708851  3.46108  0.0708851  3.46108  
2.00018  0.000609191  2.00018  0.000609191  
0.388502  2.3912  0.388502  2.3912  
1.33455  1.05732  1.33455  1.05732  
0.000654305  3.94938  0.000654305  3.94938  
0.829915  1.59439  0.829915  1.59439  
0.777806  1.8676  0.777806  1.8676  
1.38733  0.795934  1.38733  0.795934  
0.342505  2.66032  0.342505  2.66032  
0.10532  3.18171  0.10532  3.18171  
0.0708851  3.46108  0.0708851  3.46108  
2.00018  0.000609191  2.00018  0.000609191  
0.388502  2.3912  0.388502  2.3912  
1.33455  1.05732  1.33455  1.05732  
0.000654305  3.94938  0.000654305  3.94938  
0.829915  1.59439  0.829915  1.59439  
0.777806  1.8676  0.777806  1.8676  
1.38733  0.795934  1.38733  0.795934  
0.342505  2.66032  0.342505  2.66032  
0.740148  2.31815  
0.0466958  3.82814  
0.7474  2.21906  
1.38942  0.795003  
0.367334  2.45703  
0.743107  2.27708  
0.805143  1.66476  
0.832376  1.59336  
1.95506  0.256755  
0.751751  2.16153  
0.310903  3.06558  
0.331158  2.79105  
0.363851  2.47758  
0.339633  2.69121  
0.342485  2.66025  
0.391313  2.39002  
0.32263  2.90159  
1.91654  0.752333  
1.9239  0.64124  
0.336815  2.72343  
0.383859  2.39652  
0.00450815  3.89532  
0.316813  2.98119  
1.93526  0.484074  
0.319731  2.94079  
0.357384  2.52328  
0.325493  2.86346  
0.0990655  3.19573  
0.360573  2.4997  
1.91976  0.702812  
0.0764209  3.38615  
1.30658  1.37089  
1.95065  0.302047  
1.29872  1.47643  
0.0593753  3.63641  
0.333986  2.75672  
1.29474  1.53235  
0.354284  2.54822  
0.0874359  3.26742  
1.97722  0.0827771  
0.345385  2.63051  
0.081921  3.32122  
1.92801  0.582285  
0.351264  2.57442  
0.107425  3.18058  
0.374892  2.42152  
1.93893  0.437298  
1.94264  0.392143  
1.30268  1.42246  
0.801178  1.68681  
1.93162  0.532488  
0.3483  2.60188  
0.0931019  3.22518  
0.328333  2.82671  
0.307785  3.10999  
1.95918  0.217889  
0.814745  1.62455  
0.304676  3.15525  
0.809707  1.64381  
1.36745  0.838531  
1.36176  0.863562  
1.35681  0.889793  
1.94682  0.343775  
0.760405  2.05556  
1.35242  0.916548  
0.371051  2.43876  
0.313868  3.02263  
0.756109  2.10778  
1.32227  1.1821  
0.0532239  3.73248  
0.773368  1.91156  
0.0652317  3.54502  
1.31834  1.22642  
0.764649  2.00593  
0.79026  1.76019  
1.32626  1.13916  
1.31439  1.27308  
1.30969  1.33099  
0.768988  1.95769  
1.96358  0.179483  
0.795594  1.72183  
1.3425  0.9885  
0.785511  1.79828  
0.820871  1.60729  
1.99406  0.0123546  
1.33891  1.01836  
1.98196  0.0574934  
1.96747  0.148412  
1.9901  0.0239192  
1.37263  0.820656  
1.37969  0.804603  
1.32975  1.10353  
1.97182  0.116944  
0.780854  1.83909  
1.34725  0.952054  
0.777806  1.8676  
1.33455  1.05732  
2.00018  0.000609191  
0.000654305  3.94938  
0.0708851  3.46108  
0.105301  3.18169  0.105301  3.18169  
0.0708849  3.46108  0.0708849  3.46108  
2.00018  0.000610928  2.00018  0.000610928  
0.388444  2.39114  0.388444  2.39114  
1.33455  1.05734  1.33455  1.05734  
0.00065428  3.94938  0.0175461  3.96627  
0.829915  1.59439  0.829915  1.59439  
0.777807  1.86758  0.777807  1.86758  
1.38733  0.795933  1.38733  0.795933  
0.342499  2.6603  0.342499  2.6603  
0.105301  3.18169  0.105301  3.18169  
0.0708849  3.46108  0.0708849  3.46108  
2.00018  0.000610928  2.00018  0.000610928  
0.388444  2.39114  0.388444  2.39114  
1.33455  1.05734  1.33455  1.05734  
0.00065428  3.94938  0.00065428  3.94938  
0.829915  1.59439  0.829915  1.59439  
0.777807  1.86758  0.777807  1.86758  
1.38733  0.795933  1.38733  0.795933  
0.342499  2.6603  0.342499  2.6603  
0.105301  3.18169  0.105301  3.18169  
0.0708849  3.46108  0.0708849  3.46108  
2.00018  0.000610928  2.00018  0.000610928  
0.388444  2.39114  0.388444  2.39114  
1.33455  1.05734  1.33455  1.05734  
0.00065428  3.94938  0.00065428  3.94938  
0.829915  1.59439  0.829915  1.59439  
0.777807  1.86758  0.777807  1.86758  
1.38733  0.795933  1.38733  0.795933  
0.342499  2.6603  0.342499  2.6603  
0.105301  3.18169  0.105301  3.18169  
0.0708849  3.46108  0.0708849  3.46108  
2.00018  0.000610928  2.00018  0.000610928  
0.388444  2.39114  0.388444  2.39114  
1.33455  1.05734  1.33505  1.05783  
0.00065428  3.94938  0.00065428  3.94938  
0.829915  1.59439  0.829915  1.59439  
0.777807  1.86758  0.777807  1.86758  
1.38733  0.795933  1.38733  0.795933  
0.342499  2.6603  0.342499  2.6603  
0.105301  3.18169  0.105301  3.18169  
0.0708849  3.46108  0.0708849  3.46108  
2.00018  0.000610928  2.00018  0.000610928  
0.388444  2.39114  0.388444  2.39114  
1.33455  1.05734  1.33455  1.05734  
0.00065428  3.94938  0.00065428  3.94938  
0.829915  1.59439  0.829915  1.59439  
0.777807  1.86758  0.777807  1.86758  
1.38733  0.795933  1.38733  0.795933  
0.342499  2.6603  0.342499  2.6603  
0.105301  3.18169  0.105301  3.18169  
0.0708849  3.46108  0.0708849  3.46108  
2.00018  0.000610928  2.00018  0.000610928  
0.388444  2.39114  0.388444  2.39114  
1.33455  1.05734  1.33455  1.05734  
0.00065428  3.94938  0.00118795  3.94991  
0.829915  1.59439  0.829915  1.59439  
0.777807  1.86758  0.777807  1.86758  
1.38733  0.795933  1.38733  0.795933  
0.342499  2.6603  0.342499  2.6603  
0.105301  3.18169  0.105301  3.18169  
0.0708849  3.46108  0.0744889  3.46468  
2.00018  0.000610928  2.00018  0.000610928  
0.388444  2.39114  0.388444  2.39114  
1.33455  1.05734  1.33455  1.05734  
0.00065428  3.94938  0.00065428  3.94938  
0.829915  1.59439  0.829915  1.59439  
0.777807  1.86758  0.777807  1.86758  
1.38733  0.795933  1.38733  0.795933  
0.342499  2.6603  0.342499  2.6603  
0.105301  3.18169  0.105301  3.18169  
0.0708849  3.46108  0.0708849  3.46108  
2.00018  0.000610928  2.00018  0.000610928  
0.388444  2.39114  0.390312  2.39301  
1.33455  1.05734  1.33455  1.05734  
0.00065428  3.94938  0.00065428  3.94938  
0.829915  1.59439  0.829915  1.59439  
0.777807  1.86758  0.777807  1.86758  
1.38733  0.795933  1.38733  0.795933  
0.342499  2.6603  0.342499  2.6603  
0.105301  3.18169  0.105301  3.18169  
0.0708849  3.46108  0.0708849  3.46108  
2.00018  0.000610928  2.00018  0.000610928  
0.388444  2.39114  0.388444  2.39114  
1.33455  1.05734  1.33455  1.05734  
0.00065428  3.94938  0.00065428  3.94938  
0.829915  1.59439  0.829915  1.59439  
0.777807  1.86758  0.777807  1.86758  
1.38733  0.795933  1.38733  0.795933  
0.342499  2.6603  0.342499  2.6603  
0.105301  3.18169  0.105301  3.18169  
0.0708849  3.46108  0.0708849  3.46108  
2.00018  0.000610928  2.00018  0.000610928  
0.388444  2.39114  0.388444  2.39114  
1.33455  1.05734  1.33455  1.05734  
0.00065428  3.94938  0.000567139  3.95435  
0.829915  1.59439  0.829915  1.59439  
0.777807  1.86758  0.777807  1.86758  
1.38733  0.795933  1.38733  0.795933  
0.342499  2.6603  0.342499  2.6603  
0.740148  2.31815  
0.7474  2.21906  
1.38942  0.795003  
0.743107  2.27708  
0.805143  1.66476  
0.832376  1.59336  
1.95506  0.256755  
0.751751  2.16153  
0.310903  3.06558  
0.363851  2.47758  
0.339633  2.69121  
0.342485  2.66025  
0.391313  2.39002  
0.32263  2.90159  
1.91654  0.752333  
1.9239  0.64124  
0.383859  2.39652  
0.00450815  3.89532  
0.316813  2.98119  
1.93526  0.484074  
0.319731  2.94079  
0.0990655  3.19573  
1.91976  0.702812  
0.0764209  3.38615  
1.29474  1.53235  
0.354284  2.54822  
0.0874359  3.26742  
0.081921  3.32122  
1.92801  0.582285  
0.107425  3.18058  
0.374892  2.42152  
1.93893  0.437298  
0.801178  1.68681  
1.93162  0.532488  
0.0931019  3.22518  
0.307785  3.10999  
1.95918  0.217889  
0.304676  3.15525  
1.94682  0.343775  
0.313868  3.02263  
0.360571  2.49971  
1.96807  0.143803  
0.328326  2.8268  
1.94261  0.392477  
1.9724  0.112978  
0.0593806  3.63632  
0.0467277  3.82757  
0.357376  2.52327  
0.351258  2.5744  
0.33398  2.7567  
0.325479  2.86354  
1.95068  0.301672  
1.30266  1.42262  
0.348297  2.60183  
0.797392  1.70997  
0.760393  2.05558  
1.36749  0.838386  
0.0532493  3.73209  
0.336809  2.7234  
1.31047  1.32118  
1.98196  0.0574071  
0.809696  1.64386  
0.0652316  3.54502  
0.756121  2.10763  
1.37268  0.820499  
0.764677  2.0056  
1.32225  1.1823  
0.371019  2.43805  
1.96349  0.180182  
1.31446  1.27222  
0.814746  1.62455  
1.29871  1.47651  
1.37968  0.803827  
0.345381  2.63047  
1.97725  0.0826165  
1.30655  1.37131  
1.35567  0.896464  
1.31833  1.2265  
1.3513  0.923822  
1.98659  0.0367683  
0.820733  1.6076  
0.36734  2.45696  
1.33046  1.09644  
0.782385  1.8253  
1.36188  0.862952  
0.331151  2.79117  
1.3389  1.01858  
1.34725  0.952057  
0.773399  1.91124  
0.793813  1.73411  
1.99255  0.0164005  
1.32645  1.13723  
0.768812  1.95959  
0.788722  1.77213  
1.34262  0.987502  
1.33455  1.05734  
0.0708849  3.46108  
0.777807  1.86758  
0.00065428  3.94938  
2.00018  0.000610928  
0.105301  3.18169  0.105301  3.18169  
0.070885  3.46108  0.070885  3.46108  
2.00018  0.000610794  2.00018  0.000610794  
0.388392  2.39109  0.388392  2.39109  
1.33455  1.05734  1.33455  1.05734  
0.00065428  3.94938  0.00065428  3.94938  
0.829915  1.59439  0.829915  1.59439  
0.777807  1.86758  0.777807  1.86758  
1.38733  0.795933  1.39473  0.804028  
0.342493  2.66021  0.342493  2.66021  
0.105301  3.18169  0.105301  3.18169  
0.070885  3.46108  0.070885  3.46108  
2.00018  0.000610794  2.00018  0.000610794  
0.388392  2.39109  0.388392  2.39109  
1.33455  1.05734  1.33455  1.05734  
0.00065428  3.94938  0.00065428  3.94938  
0.829915  1.59439  0.829915  1.59439  
0.777807  1.86758  0.777807  1.86758  
1.38733  0.795933  1.38733  0.795933  
0.342493  2.66021  0.342493  2.66021  
0.105301  3.18169  0.105301  3.18169  
0.070885  3.46108  0.070885  3.46108  
2.00018  0.000610794  2.00018  0.000610794  
0.388392  2.39109  0.388392  2.39109  
1.33455  1.05734  1.33455  1.05734  
0.00065428  3.94938  0.00053443  3.95641  
0.829915  1.59439  0.829915  1.59439  
0.777807  1.86758  0.777807  1.86758  
1.38733  0.795933  1.38733  0.795933  
0.342493  2.66021  0.342493  2.66021  
0.105301  3.18169  0.105301  3.18169  
0.070885  3.46108  0.070885  3.46108  
2.00018  0.000610794  2.00018  0.000610794  
0.388392  2.39109  0.388392  2.39109  
1.33455  1.05734  1.33455  1.05734  
0.00065428  3.94938  0.00246311  3.90469  
0.829915  1.59439  0.829915  1.59439  
0.777807  1.86758  0.777807  1.86758  
1.38733  0.795933  1.38733  0.795933  
0.342493  2.66021  0.342493  2.66021  
0.105301  3.18169  0.105301  3.18169  
0.070885  3.46108  0.070885  3.46108  
2.00018  0.000610794  2.00018  0.000610794  
0.388392  2.39109  0.388392  2.39109  
1.33455  1.05734  1.33455  1.05734  
0.00065428  3.94938  0.00065428  3.94938  
0.829915  1.59439  0.829915  1.59439  
0.777807  1.86758  0.777807  1.86758  
1.38733  0.795933  1.38733  0.795933  
0.342493  2.66021  0.342493  2.66021  
0.105301  3.18169  0.110284  3.18667  
0.070885  3.46108  0.070885  3.46108  
2.00018  0.000610794  2.00018  0.000610794  
0.388392  2.39109  0.388392  2.39109  
1.33455  1.05734  1.33455  1.05734  
0.00065428  3.94938  0.00065428  3.94938  
0.829915  1.59439  0.829915  1.59439  
0.777807  1.86758  0.777807  1.86758  
1.38733  0.795933  1.38733  0.795933  
0.342493  2.66021  0.342493  2.66021  
0.105301  3.18169  0.105301  3.18169  
0.070885  3.46108  0.070885  3.46108  
2.00018  0.000610794  2.00018  0.000610794  
0.388392  2.39109  0.388392  2.39109  
1.33455  1.05734  1.33455  1.05734  
0.00065428  3.94938  0.00743427  3.95616  
0.829915  1.59439  0.829915  1.59439  
0.777807  1.86758  0.777807  1.86758  
1.38733  0.795933  1.38733  0.795933  
0.342493  2.66021  0.342493  2.66021  
0.105301  3.18169  0.105301  3.18169  
0.070885  3.46108  0.070885  3.46108  
2.00018  0.000610794  2.00018  0.000610794  
0.388392  2.39109  0.388392  2.39109  
1.33455  1.05734  1.33455  1.05734  
0.00065428  3.94938  0.00065428  3.94938  
0.829915  1.59439  0.829915  1.59439  
0.777807  1.86758  0.777807  1.86758  
1.38733  0.795933  1.39832  0.806928  
0.342493  2.66021  0.342493  2.66021  
0.105301  3.18169  0.105301  3.18169  
0.070885  3.46108  0.070885  3.46108  
2.00018  0.000610794  2.00018  0.000610794  
0.388392  2.39109  0.388392  2.39109  
1.33455  1.05734  1.33455  1.05734  
0.00065428  3.94938  0.00065428  3.94938  
0.829915  1.59439  0.835138  1.59962  
0.777807  1.86758  0.777807  1.86758  
1.38733  0.795933  1.38733  0.795933  
0.342493  2.66021  0.342493  2.66021  
0.105301  3.18169  0.105301  3.18169  
0.070885  3.46108  0.070885  3.46108  
2.00018  0.000610794  2.00018  0.000610794  
0.388392  2.39109  0.388392  2.39109  
1.33455  1.05734  1.33455  1.05734  
0.00065428  3.94938  0.00065428  3.94938  
0.829915  1.59439  0.829915  1.59439  
0.777807  1.86758  0.777807  1.86758  
1.38733  0.795933  1.38733  0.795933  
0.342493  2.66021  0.342493  2.66021  
0.740148  2.31815  
0.7474  2.21906  
1.38942  0.795003  
0.743107  2.27708  
0.805143  1.66476  
0.832376  1.59336  
0.751751  2.16153  
0.363851  2.47758  
0.339633  2.69121  
0.391313  2.39002  
1.9239  0.64124  
1.93526  0.484074  
0.0990655  3.19573  
0.0764209  3.38615  
1.92801  0.582285  
0.107425  3.18058  
0.374892  2.42152  
0.801178  1.68681  
1.93162  0.532488  
0.0931019  3.22518  
0.307785  3.10999  
1.95918  0.217889  
0.304676  3.15525  
1.94261  0.392477  
1.9724  0.112978  
0.0593806  3.63632  
0.0467277  3.82757  
0.357376  2.52327  
0.325479  2.86354  
0.0532493  3.73209  
0.0652316  3.54502  
0.331151  2.79117  
0.0819132  3.3213  
0.383854  2.39651  
1.93892  0.437448  
0.0874638  3.26718  
1.94634  0.349188  
1.29873  1.47633  
0.322607  2.90145  
0.336807  2.72324  
0.360559  2.49962  
0.79739  1.70997  
1.35681  0.889798  
1.9635  0.180158  
1.917  0.745224  
0.367327  2.45694  
1.30973  1.33047  
1.96806  0.143904  
0.760371  2.05585  
0.319708  2.94079  
1.30266  1.42267  
1.30656  1.37108  
0.00448323  3.89532  
0.333971  2.75662  
0.345372  2.6304  
1.35234  0.917046  
0.814756  1.62448  
0.756033  2.10873  
0.809713  1.64378  
0.787121  1.78496  
0.354271  2.54813  
1.92075  0.687981  
1.34824  0.944925  
0.316809  2.98091  
1.31281  1.29219  
0.348289  2.60176  
1.36178  0.863447  
0.764699  2.00535  
0.351249  2.57434  
0.328309  2.82672  
0.310882  3.06494  
0.782386  1.82529  
1.97725  0.0825903  
1.37284  0.820012  
1.37942  0.804296  
0.370918  2.43845  
1.95067  0.301812  
1.366  0.844396  
0.313824  3.02293  
1.32633  1.13847  
0.771875  1.92698  
1.33034  1.09767  
1.33892  1.01832  
1.98283  0.0532076  
0.767547  1.97343  
1.31758  1.23521  
1.34344  0.981026  
1.29465  1.53358  
0.792098  1.7469  
1.98777  0.0321989  
1.32125  1.19341  
1.99404  0.0124233  
1.95511  0.256509  
0.820961  1.60709  
0.00065428  3.94938  
0.777807  1.86758  
0.070885  3.46108  
2.00018  0.000610794  
0.342493  2.66021  
1.33455  1.05734  
0.105301  3.18169  0.105301  3.18169  
0.0708849  3.46108  0.0708849  3.46108  
2.00018  0.000609998  2.00018  0.000609998  
0.388392  2.39109  0.388392  2.39109  
1.33455  1.05734  1.33455  1.05734  
0.000654028  3.94753  0.000654028  3.94753  
0.829914  1.59439  0.829914  1.59439  
0.777807  1.86758  0.777807  1.86758  
1.38733  0.795933  1.38733  0.795933  
0.342492  2.66022  0.34922  2.66695  
0.105301  3.18169  0.105301  3.18169  
0.0708849  3.46108  0.0708849  3.46108  
2.00018  0.000609998  2.00018  0.000609998  
0.388392  2.39109  0.388392  2.39109  
1.33455  1.05734  1.33455  1.05734  
0.000654028  3.94753  0.000654028  3.94753  
0.829914  1.59439  0.829914  1.59439  
0.777807  1.86758  0.777807  1.86758  
1.38733  0.795933  1.38733  0.795933  
0.342492  2.66022  0.342492  2.66022  
0.105301  3.18169  0.105301  3.18169  
0.0708849  3.46108  0.0708849  3.46108  
2.00018  0.000609998  2.00018  0.000609998  
0.388392  2.39109  0.388392  2.39109  
1.33455  1.05734  1.33455  1.05734  
0.000654028  3.94753  0.000654028  3.94753  
0.829914  1.59439  0.829914  1.59439  
0.777807  1.86758  0.777807  1.86758  
1.38733  0.795933  1.38733  0.795933  
0.342492  2.66022  0.342492  2.66022  
0.105301  3.18169  0.105301  3.18169  
0.0708849  3.46108  0.0708849  3.46108  
2.00018  0.000609998  2.00018  0.000609998  
0.388392  2.39109  0.388392  2.39109  
1.33455  1.05734  1.33455  1.05734  
0.000654028  3.94753  0.000654028  3.94753  
0.829914  1.59439  0.846981  1.61146  
0.777807  1.86758  0.777807  1.86758  
1.38733  0.795933  1.38733  0.795933  
0.342492  2.66022  0.342492  2.66022  
0.105301  3.18169  0.105301  3.18169  
0.0708849  3.46108  0.0708849  3.46108  
2.00018  0.000609998  2.00018  0.000609998  
0.388392  2.39109  0.388392  2.39109  
1.33455  1.05734  1.33455  1.05734  
0.000654028  3.94753  0.000654028  3.94753  
0.829914  1.59439  0.829914  1.59439  
0.777807  1.86758  0.777807  1.86758  
1.38733  0.795933  1.38733  0.795933  
0.342492  2.66022  0.342492  2.66022  
0.105301  3.18169  0.105301  3.18169  
0.0708849  3.46108  0.0708849  3.46108  
2.00018  0.000609998  2.00018  0.000609998  
0.388392  2.39109  0.388392  2.39109  
1.33455  1.05734  1.33455  1.05734  
0.000654028  3.94753  0.000654028  3.94753  
0.829914  1.59439  0.829914  1.59439  
0.777807  1.86758  0.777807  1.86758  
1.38733  0.795933  1.38733  0.795933  
0.342492  2.66022  0.342492  2.66022  
0.105301  3.18169  0.105301  3.18169  
0.0708849  3.46108  0.0708849  3.46108  
2.00018  0.000609998  2.00018  0.000609998  
0.388392  2.39109  0.388392  2.39109  
1.33455  1.05734  1.33455  1.05734  
0.000654028  3.94753  0.00267011  3.92843  
0.829914  1.59439  0.829914  1.59439  
0.777807  1.86758  0.777807  1.86758  
1.38733  0.795933  1.38733  0.795933  
0.342492  2.66022  0.342492  2.66022  
0.105301  3.18169  0.105301  3.18169  
0.0708849  3.46108  0.0708849  3.46108  
2.00018  0.000609998  2.00018  0.000609998  
0.388392  2.39109  0.391853  2.39455  
1.33455  1.05734  1.33455  1.05734  
0.000654028  3.94753  0.000654028  3.94753  
0.829914  1.59439  0.829914  1.59439  
0.777807  1.86758  0.777807  1.86758  
1.38733  0.795933  1.38733  0.795933  
0.342492  2.66022  0.342492  2.66022  
0.105301  3.18169  0.105301  3.18169  
0.0708849  3.46108  0.0708849  3.46108  
2.00018  0.000609998  2.00018  0.000609998  
0.388392  2.39109  0.388392  2.39109  
1.33455  1.05734  1.33455  1.05734  
0.000654028  3.94753  0.000654028  3.94753  
0.829914  1.59439  0.829914  1.59439  
0.777807  1.86758  0.777807  1.86758  
1.38733  0.795933  1.38733  0.795933  
0.342492  2.66022  0.344542  2.66227  
0.105301  3.18169  0.105301  3.18169  
0.0708849  3.46108  0.0708849  3.46108  
2.00018  0.000609998  2.00018  0.000609998  
0.388392  2.39109  0.388392  2.39109  
1.33455  1.05734  1.33455  1.05734  
0.000654028  3.94753  0.000654028  3.94753  
0.829914  1.59439  0.829914  1.59439  
0.777807  1.86758  0.777807  1.86758  
1.38733  0.795933  1.38733  0.795933  
0.342492  2.66022  0.342492  2.66022  
0.740148  2.31815  
0.7474  2.21906  
1.38942  0.795003  
0.743107  2.27708  
0.805143  1.66476  
0.832376  1.59336  
0.751751  2.16153  
0.391313  2.39002  
1.93526  0.484074  
0.0990655  3.19573  
0.0764209  3.38615  
0.107425  3.18058  
1.93162  0.532488  
0.0931019  3.22518  
0.307785  3.10999  
0.0467277  3.82757  
1.93892  0.437448  
0.0874638  3.26718  
0.322607  2.90145  
0.360559  2.49962  
0.79739  1.70997  
1.9635  0.180158  
1.917  0.745224  
0.367327  2.45694  
0.319708  2.94079  
0.333971  2.75662  
0.345372  2.6304  
0.354271  2.54813  
0.348289  2.60176  
0.351249  2.57434  
0.328309  2.82672  
0.313824  3.02293  
0.325465  2.86352  
0.0532444  3.73216  
0.316786  2.98124  
0.814729  1.62457  
0.3108  3.06611  
1.2947  1.5329  
0.357368  2.52321  
1.92027  0.695654  
0.363871  2.47747  
1.30657  1.37097  
0.809709  1.64385  
0.339637  2.6912  
1.29872  1.47646  
0.3368  2.72332  
0.0593794  3.63634  
1.92797  0.582774  
0.793818  1.73407  
1.95163  0.291757  
1.35679  0.889899  
0.331144  2.79107  
0.383843  2.39649  
1.35235  0.916982  
1.95559  0.251762  
0.78712  1.78497  
0.764676  2.00561  
1.94682  0.343823  
1.31832  1.22669  
1.31441  1.27284  
0.790405  1.75908  
1.31047  1.32118  
0.0652316  3.54502  
0.00446897  3.89528  
1.30265  1.42279  
1.97722  0.0827586  
1.96809  0.14369  
1.95969  0.213248  
1.92389  0.64132  
1.36739  0.838773  
1.36175  0.863581  
0.773332  1.91192  
1.34724  0.952106  
1.33801  1.02616  
1.97242  0.112884  
1.98199  0.0572507  
0.756138  2.10741  
1.94261  0.392473  
1.32225  1.18226  
1.98658  0.0367966  
1.3425  0.988493  
0.760383  2.0557  
1.99271  0.0159694  
0.801174  1.68682  
0.374908  2.42135  
1.37472  0.814747  
0.769054  1.95697  
0.0819177  3.32125  
0.820756  1.60755  
1.38005  0.803201  
1.32719  1.12955  
0.782385  1.8253  
0.304657  3.1552  
1.3312  1.0892  
0.0708849  3.46108  
2.00018  0.000609998  
0.000654028  3.94753  
0.342492  2.66022  
0.777807  1.86758  
1.33455  1.05734  
